7519.71197 154.46143 5.04593 5.00038 1410.50987
7520.72939 154.47115 5.04637 5.00069 1410.56347
7521.75923 154.47406 5.04637 5.00079 1410.54454
7522.78391 154.47185 5.04623 5.00072 1410.54229
7523.74907 154.46502 5.04592 5.00050 1410.59911
7524.77051 154.47703 5.04624 5.00088 1410.74765
7525.80894 154.46158 5.04575 5.00038 1410.69080
7526.77384 154.45859 5.04559 5.00029 1409.83817
7528.85318 154.33751 5.04175 4.99637 1400.96159
7531.45277 153.22769 5.00626 4.96044 1430.95822
7534.07854 148.61925 4.85517 4.81125 1466.66064
7524.83809 151.14208 4.93854 4.89292 1403.16037
7525.44274 151.72743 4.95774 4.91187 1404.88315
7524.71390 151.31634 4.94427 4.89856 1403.52741
7522.42045 148.65775 4.85721 4.81250 1397.10778
7531.97908 145.68741 4.76260 4.71634 1465.21858
7522.06583 145.31569 4.75115 4.70430 1388.80863
7522.59569 146.86772 4.79820 4.75455 1392.55030
7523.25169 147.52334 4.82009 4.77577 1394.27792
7522.85938 147.38644 4.81557 4.77134 1393.91734
7520.38143 144.64533 4.72902 4.68260 1386.98949
7529.98531 141.69994 4.63178 4.58725 1463.83650
7529.98549 140.59921 4.59568 4.55162 1463.59116
7520.05267 140.35865 4.58857 4.54383 1374.74431
7520.89942 142.34200 4.65352 4.60804 1380.50208
7521.04487 142.48307 4.65813 4.61260 1380.90766
7520.53477 142.18691 4.64849 4.60302 1380.06463
7518.37315 139.52072 4.56118 4.51670 1372.21188
7518.05134 137.27536 4.48804 4.44402 1365.27320
7518.53974 138.73229 4.53540 4.49118 1369.82810
7519.19865 139.43539 4.55838 4.51394 1371.95800
7518.74016 139.21934 4.55131 4.50695 1371.30842
7516.44859 136.54173 4.46698 4.42027 1363.19622
7526.03649 133.58447 4.36903 4.32453 1461.58072
7516.13362 133.45950 4.36586 4.32048 1352.83189
7517.02296 135.38093 4.42880 4.38269 1359.36745
7517.22581 135.59793 4.43591 4.38971 1360.09142
7516.59582 135.20661 4.42311 4.37704 1358.77870
7514.33996 132.52787 4.33537 4.29032 1349.55853
7523.97590 129.82086 4.24529 4.20269 1460.45868
7514.10133 129.29961 4.22939 4.18582 1337.70116
7515.01976 131.40725 4.29869 4.25405 1345.57076
7515.08157 131.47805 4.30102 4.25634 1345.82439
7514.51859 131.11808 4.28921 4.24469 1344.52314
7512.33959 128.41067 4.20262 4.15704 1334.49228
7512.08671 126.25966 4.13333 4.08740 1326.14043
7513.15625 128.56557 4.20707 4.16205 1335.02331
7513.06469 128.51825 4.20570 4.16052 1334.85980
7512.37838 128.03220 4.19158 4.14479 1333.18075
7510.33418 125.38667 4.10483 4.05914 1322.64185
7520.01133 122.73197 4.01650 3.97320 1458.35241
7510.14031 122.40120 4.00698 3.96249 1309.92878
7511.50992 124.88939 4.08850 4.04304 1320.60767
7511.13649 124.67959 4.08163 4.03625 1319.71610
7510.01933 123.75079 4.05119 4.00618 1315.75175
7508.27710 121.16324 3.96646 3.92242 1304.51721
7508.13363 119.26947 3.90627 3.86111 1296.07845
7509.15540 121.46893 3.97644 3.93231 1305.88074
7509.24786 121.59229 3.98049 3.93631 1306.42873
7508.47798 121.07877 3.96371 3.91968 1304.13275
7506.32847 118.39585 3.87938 3.83283 1292.22602
7506.05189 116.18191 3.80668 3.76116 1281.44610
7507.46738 118.88371 3.89525 3.84862 1294.50573
7507.00812 118.58937 3.88583 3.83909 1293.15767
7506.01154 117.73969 3.85768 3.81159 1289.00406
7504.30912 115.30098 3.77799 3.73264 1277.11778
7504.04392 113.22514 3.70996 3.66544 1266.49690
7505.63855 116.02085 3.80141 3.75594 1280.64379
7505.11729 115.73493 3.79215 3.74669 1279.26097
7503.64378 114.36911 3.74738 3.70247 1272.34201
7502.26968 112.01640 3.67048 3.62631 1260.10125
7502.14127 110.37659 3.62000 3.57322 1251.70147
7503.45338 112.78588 3.69563 3.65122 1264.16674
7503.11416 112.59529 3.68939 3.64505 1263.15766
7502.01546 111.67519 3.65905 3.61526 1258.22892
7500.30243 109.10336 3.57832 3.53200 1244.56961
7500.16651 107.35619 3.52111 3.47544 1234.57602
7501.62312 109.90402 3.60475 3.55792 1249.09692
7501.22058 109.70375 3.59803 3.55144 1247.93224
7499.88241 108.55843 3.56047 3.51436 1241.55486
7498.30007 106.11535 3.48060 3.43527 1227.35447
7498.13591 104.34176 3.42264 3.37786 1216.63640
7499.74033 107.03457 3.51062 3.46503 1232.75790
7499.21392 106.75788 3.50168 3.45607 1231.15006
7497.73493 105.46623 3.45929 3.41426 1223.44670
7496.89700 104.32994 3.42223 3.37747 1216.56358
7497.44799 104.84528 3.43908 3.39416 1219.71371
7496.92442 104.49231 3.42755 3.38273 1217.56445
7495.98254 103.66655 3.40045 3.35600 1212.38972
7494.28576 101.22332 3.32389 3.27690 1197.49887
7494.04045 99.14830 3.25595 3.20973 1183.86341
7495.72610 102.07287 3.34842 3.30441 1202.34217
7495.14078 101.73704 3.33854 3.29353 1200.38311
7493.52319 100.25837 3.29223 3.24566 1191.26042
7492.21142 97.82020 3.21253 3.16673 1174.83569
7492.12159 96.32153 3.16360 3.11822 1164.44047
7493.85212 99.10753 3.25458 3.20841 1183.58605
7493.32992 98.85899 3.24644 3.20036 1181.91309
7491.38720 97.09764 3.18889 3.14334 1169.87574
7490.75349 95.95523 3.15148 3.10636 1161.87717
7491.64575 96.90133 3.18252 3.13699 1168.51510
7491.16334 96.64860 3.17417 3.12881 1166.74271
7489.82318 95.46588 3.13527 3.09052 1158.42866
7488.30160 93.13991 3.06079 3.01522 1141.83164
7488.07921 91.26941 3.00150 2.95466 1128.26057
7489.86503 94.16921 3.09325 3.04854 1149.03187
7489.20768 93.80092 3.08099 3.03662 1146.29295
7487.42603 92.21340 3.03228 2.98522 1135.36575
7486.72658 91.01406 2.99279 2.94640 1126.29872
7487.85783 92.17938 3.03122 2.98412 1135.10090
7487.22368 91.81997 3.01919 2.97249 1132.34425
7485.32935 90.13800 2.96404 2.91804 1119.50100
7484.63606 88.83024 2.92139 2.87570 1109.29416
7485.96769 90.21136 2.96660 2.92041 1120.07215
7485.38957 89.94332 2.95781 2.91174 1118.00195
7483.17737 87.97333 2.89229 2.84796 1102.50944
7482.12323 85.37049 2.80652 2.76370 1081.31298
7482.12092 84.35025 2.77297 2.73067 1072.68722
7483.87446 87.10386 2.86487 2.81981 1095.46849
7483.27362 86.80078 2.85456 2.81000 1093.00717
7481.31494 84.96690 2.79265 2.75063 1077.91115
7480.77048 83.91454 2.76011 2.71657 1069.42862
7482.07469 85.19290 2.80070 2.75795 1079.83909
7481.55232 85.00499 2.79411 2.75187 1078.24533
7479.22827 83.01299 2.73256 2.68738 1062.23111
7478.60271 81.72190 2.69178 2.64558 1050.93925
7479.91167 83.15492 2.73731 2.69197 1063.47075
7479.28673 82.82677 2.72631 2.68135 1060.57706
7477.26716 81.00741 2.67241 2.62245 1044.64132
7476.66773 79.79857 2.62833 2.58332 1033.89622
7478.00116 81.19863 2.67734 2.62864 1046.34257
7477.38567 80.90060 2.66913 2.61900 1043.69365
7475.12179 78.85042 2.59440 2.55262 1025.27699
7474.57316 77.54192 2.55118 2.51026 1013.23451
7475.91191 79.04826 2.60094 2.55903 1027.09211
7475.45551 78.86351 2.59481 2.55305 1025.40010
7473.31713 76.98436 2.53297 2.49221 1008.07345
7472.73323 75.85202 2.49561 2.45556 997.39513
7474.00239 77.13751 2.53797 2.49717 1009.48652
7473.49744 76.92665 2.53107 2.49035 1007.53421
7471.28587 75.08531 2.47349 2.43074 991.04029
7470.60618 73.75464 2.42987 2.38766 978.16703
7472.08187 75.29453 2.47951 2.43751 992.79891
7471.31574 74.90479 2.46797 2.42489 989.43038
7469.09183 72.90554 2.40205 2.36017 969.92363
7468.48708 71.49070 2.35524 2.31437 955.85469
7470.13337 73.30089 2.41496 2.37297 973.78525
7469.41311 72.96022 2.40381 2.36194 970.45953
7466.97929 70.78053 2.33195 2.29138 948.74344
7466.43848 69.29536 2.28273 2.24330 933.65191
7468.01841 71.17308 2.34482 2.30409 952.68278
7467.36526 70.85489 2.33442 2.29379 949.49452
7465.09232 68.75320 2.26487 2.22575 928.06185
7464.61069 67.54951 2.22487 2.18678 915.52536
7465.98286 69.08048 2.27561 2.23634 931.44832
7465.44399 68.84156 2.26778 2.22861 928.98435
7465.08670 68.64891 2.26140 2.22237 926.97580
7464.82527 68.46808 2.25536 2.21652 925.08449
7463.88903 68.18737 2.24611 2.20743 922.15138
7460.98740 65.85387 2.17224 2.13189 898.56449
7460.34458 64.18863 2.11718 2.07798 880.63763
7462.07140 66.22523 2.18271 2.14391 902.02121
7461.40934 65.91688 2.17398 2.13393 899.15950
7459.00083 63.76118 2.10331 2.06414 875.97851
7458.45805 62.30912 2.05503 2.01713 859.89116
7460.09254 64.18224 2.11703 2.07777 880.56438
7459.45757 63.90658 2.10802 2.06885 877.56547
7457.02743 61.70270 2.03512 1.99750 853.12194
7456.53918 60.40327 1.99162 1.95544 838.54655
7458.01479 62.08363 2.04765 2.00983 857.38736
7457.45727 61.84358 2.03972 2.00206 854.69703
7456.97796 61.57739 2.03097 1.99344 851.72688
7456.67281 61.37442 2.02429 1.98687 849.47053
7455.79550 61.06718 2.01414 1.97693 846.04317
7453.07919 58.85106 1.94046 1.90519 820.83849
7452.46847 57.39417 1.89456 1.85802 804.88560
7454.00430 59.15361 1.95041 1.91498 824.31742
7453.34261 58.81365 1.93913 1.90397 820.39933
7452.88563 58.56248 1.93056 1.89584 817.42611
7452.74536 58.43544 1.92624 1.89173 815.92984
7451.78153 58.12059 1.91606 1.88154 812.35707
7448.93062 55.73762 1.84020 1.80439 785.54226
7448.35828 54.14534 1.78665 1.75285 766.35747
7450.32752 56.35189 1.86028 1.82428 792.75508
7449.44996 55.98833 1.84842 1.81251 788.50691
7448.32324 55.26275 1.82430 1.78902 779.81616
7448.48944 55.28386 1.82499 1.78970 780.06961
7447.78867 55.05765 1.81747 1.78238 777.35137
7444.95844 52.70501 1.73904 1.70622 748.93348
7444.43530 51.22528 1.68914 1.65832 730.70444
7446.23434 53.26229 1.75742 1.72426 755.70826
7445.44728 52.91865 1.74612 1.71314 751.52400
7444.54337 52.36861 1.72776 1.69533 744.83604
7444.42964 52.24676 1.72368 1.69138 743.34453
7443.66930 51.94256 1.71362 1.68154 739.60287
7441.04742 49.70062 1.63838 1.60896 711.74141
7440.54819 48.40174 1.59646 1.56691 696.07569
7442.20918 50.19359 1.65492 1.62492 717.91421
7441.61343 49.96349 1.64730 1.61747 715.06387
7440.67058 49.46910 1.63041 1.60146 708.76399
7440.55554 49.33254 1.62572 1.59704 707.01693
7439.68772 49.01938 1.61521 1.58690 703.06550
7436.86373 46.52999 1.53443 1.50632 672.65004
7436.43719 45.12027 1.48629 1.46068 654.41605
7438.34823 47.25828 1.55926 1.52989 681.97075
7437.69377 47.03667 1.55171 1.52272 679.12702
7436.69591 46.51284 1.53380 1.50576 672.42942
7436.68776 46.46031 1.53201 1.50406 671.75423
7435.61531 46.06028 1.51815 1.49111 666.59109
7434.31617 45.27950 1.49115 1.46583 656.45314
7434.43522 45.27837 1.49116 1.46580 656.43848
7433.64717 44.97905 1.48100 1.45611 652.54117
7430.85690 42.53313 1.39624 1.37693 620.35071
7430.41871 41.07548 1.34608 1.32974 600.89834
7432.25311 43.20265 1.42003 1.39860 629.22752
7431.55780 42.92436 1.41020 1.38959 625.54124
7430.59381 42.38271 1.39091 1.37206 618.35063
7430.58257 42.30252 1.38814 1.36946 617.28344
7429.77588 42.03408 1.37849 1.36077 613.70059
7428.65290 41.43973 1.35696 1.34153 605.79923
7428.73651 41.41588 1.35621 1.34076 605.47805
7427.72669 41.08974 1.34387 1.33020 601.08070
7426.26673 40.22761 1.31384 1.30229 589.70625
7426.46402 40.25667 1.31493 1.30323 590.07090
7425.76324 40.02496 1.30740 1.29573 587.32966
7424.68330 39.47186 1.28968 1.27782 580.65557
7424.67297 39.40574 1.28743 1.27568 579.76952
7423.63739 39.03442 1.27407 1.26366 574.67083
7420.80198 36.55396 1.18801 1.18336 540.57252
7420.29357 34.90512 1.13104 1.12998 517.62434
7422.34309 37.30241 1.21439 1.20759 550.90589
7421.47941 36.93453 1.20131 1.19568 545.82699
7420.51014 36.36250 1.18135 1.17716 537.92229
7420.74827 36.42781 1.18367 1.17928 538.82838
7419.76623 36.11381 1.17250 1.16911 534.48202
7418.27029 35.28300 1.14318 1.14222 522.91911
7418.27461 35.20343 1.14045 1.13964 521.80935
7417.52692 34.87813 1.12895 1.12911 517.26341
7416.78507 34.47878 1.11511 1.11618 511.66874
7416.76935 34.42285 1.11320 1.11437 510.88388
7415.62638 34.02471 1.09922 1.10148 505.30748
7414.19359 33.11939 1.06829 1.07217 492.55055
7414.49238 33.20976 1.07134 1.07510 493.82567
7413.82957 33.01930 1.06490 1.06893 491.13574
7412.62925 32.40428 1.04420 1.04902 482.45089
7412.59913 32.31884 1.04136 1.04626 481.25054
7411.69731 32.00018 1.03091 1.03594 476.71361
7410.58002 31.38614 1.01039 1.01606 467.85467
7410.66634 31.37883 1.01013 1.01583 467.75708
7409.69786 31.03498 0.99983 1.00470 463.17577
7408.40853 30.32364 0.97952 0.98167 454.20874
7408.47832 30.29405 0.97854 0.98071 453.80553
7407.61179 29.95639 0.96779 0.96978 448.98072
7406.60470 29.40295 0.94949 0.95186 440.88934
7406.80398 29.44580 0.95082 0.95325 441.51163
7405.67485 29.07649 0.93918 0.94129 436.20932
7404.13194 28.13785 0.90849 0.91091 422.62791
7404.45647 28.24251 0.91185 0.91429 424.14723
7403.78009 28.02250 0.90477 0.90717 420.95433
7402.65177 27.47140 0.88676 0.88933 412.95121
7402.67758 27.42520 0.88520 0.88784 412.27955
7401.54350 26.99952 0.87136 0.87406 406.08186
7400.20830 26.16307 0.84354 0.84698 393.86977
7400.46007 26.24547 0.84625 0.84964 395.07551
7399.67113 25.95431 0.83670 0.84022 390.80834
7398.53523 25.34827 0.81666 0.82060 381.92203
7398.80783 25.39824 0.81822 0.82222 382.65150
7399.05065 25.45160 0.81996 0.82394 383.43272
7398.42851 25.50087 0.82187 0.82554 384.15328
7396.34336 25.19813 0.81328 0.81574 379.71213
7394.57885 24.34646 0.78633 0.78817 367.17049
7394.78297 24.39063 0.78762 0.78960 367.82090
7393.74018 24.06485 0.77759 0.77905 363.02300
7392.20378 23.17589 0.74848 0.75027 349.77833
7392.45917 23.23488 0.75041 0.75218 350.68179
7391.71623 22.98272 0.74213 0.74402 346.87505
7390.60954 22.41009 0.72447 0.72548 339.01085
7390.74239 22.41897 0.72462 0.72577 339.08223
7389.56651 22.00248 0.71254 0.71229 333.73678
7388.12144 21.07775 0.68139 0.68235 320.07904
7388.79161 21.35502 0.69108 0.69133 324.27820
7389.09177 21.45085 0.69449 0.69443 325.77085
7388.42002 21.48097 0.69545 0.69540 326.22696
7386.44712 21.21948 0.68633 0.68694 322.21721
7384.67355 20.46225 0.66116 0.66242 310.88947
7384.71093 20.42505 0.65991 0.66122 310.33537
7383.60590 20.02139 0.64641 0.64815 304.28782
7382.26875 19.24276 0.62002 0.62295 292.58648
7382.58388 19.35474 0.62384 0.62657 294.27030
7381.63442 19.00570 0.61193 0.61527 289.02089
7380.29256 18.25986 0.58635 0.59113 277.79300
7380.78655 18.42598 0.59212 0.59650 280.29106
7380.98840 18.46813 0.59361 0.59787 280.92530
7380.35073 18.50754 0.59477 0.59914 281.51821
7378.26003 18.17270 0.58330 0.58830 276.47225
7376.58162 17.35434 0.55536 0.56181 264.11019
7376.80402 17.41874 0.55758 0.56390 265.08148
7375.62145 17.01895 0.54371 0.55095 259.03733
7374.12779 16.09647 0.51165 0.52109 245.05282
7374.63689 16.29986 0.51879 0.52768 248.12762
7374.98799 16.38136 0.52174 0.53031 249.36142
7374.53208 16.45481 0.52401 0.53269 250.47590
7372.44179 16.21092 0.51487 0.52480 246.77885
7370.52544 15.33941 0.48439 0.49658 233.53648
7370.98434 15.47265 0.48913 0.50090 235.56268
7371.12863 15.50726 0.49036 0.50202 236.08941
7370.36565 15.53662 0.49108 0.50297 236.53647
7368.21193 15.18833 0.47847 0.49169 231.23475
7366.42760 14.30075 0.44767 0.46296 217.72472
7366.55730 14.31984 0.44839 0.46358 218.02127
7365.60889 13.95015 0.43506 0.45161 212.26138
7364.41331 13.30177 0.41312 0.43062 202.76253
7364.86004 13.44410 0.41772 0.43523 204.69613
7364.99545 13.46482 0.41847 0.43590 204.99208
7364.39295 13.50229 0.41919 0.43711 205.49706
7362.25703 13.18898 0.40861 0.42697 201.29285
7360.44546 12.28483 0.37919 0.39770 188.49156
7361.03149 12.49691 0.38676 0.40456 191.75867
7361.14563 12.51666 0.38748 0.40520 192.05676
7360.47437 12.55728 0.38851 0.40652 192.67302
7358.19161 12.23627 0.37626 0.39612 187.72726
7356.15514 11.15946 0.33824 0.36127 171.13285
7356.75140 11.39358 0.34654 0.36884 174.70947
7356.97652 11.43878 0.34820 0.37031 175.39715
7356.40743 11.48899 0.34957 0.37193 176.16442
7354.31467 11.19036 0.33829 0.36227 171.60241
7352.57072 10.38673 0.30978 0.33625 159.24153
7353.10550 10.56551 0.31623 0.34204 161.99035
7353.07627 10.54564 0.31553 0.34139 161.68482
7352.70238 10.57684 0.31637 0.34240 162.16360
7351.69026 10.59224 0.31633 0.34290 162.39971
7350.45047 10.57762 0.31524 0.34243 162.17569
7348.11531 10.25275 0.30305 0.33191 157.18178
7346.16060 9.16099 0.26504 0.29657 140.36872
0.00000 0.00000 0.00000 0.00000 0.00000
