6655.35774 238.99582 7.88711 7.73701 860.06630
6655.32766 238.95969 7.88592 7.73584 860.01185
6654.57599 237.99163 7.85387 7.70450 859.24578
6654.32716 237.66496 7.84288 7.69393 858.96143
6653.74117 236.98745 7.82031 7.67199 857.93267
6653.32666 236.49629 7.80404 7.65609 857.83058
6652.92753 235.98326 7.78692 7.63949 857.74577
6652.32616 235.23412 7.76213 7.61523 856.74720
6652.11517 234.97908 7.75342 7.60698 856.41744
6651.39627 233.97490 7.72177 7.57447 855.73081
6651.32566 233.88104 7.71898 7.57143 855.60136
6650.66324 232.97071 7.68986 7.54196 855.12895
6650.32516 232.53496 7.67528 7.52785 854.79957
6649.86781 231.96653 7.65653 7.50945 854.12904
6649.32466 231.30299 7.63411 7.48797 853.24871
6649.05366 230.96234 7.62277 7.47694 852.89861
6648.32416 229.98522 7.59044 7.44531 852.44577
6648.30175 229.95816 7.58951 7.44444 852.40974
6647.50395 228.95397 7.55610 7.41193 851.41686
6647.32366 228.72765 7.54854 7.40460 851.18723
6646.72033 227.94979 7.52246 7.37942 850.57640
6646.32316 227.45215 7.50611 7.36331 850.04626
6645.90328 226.94561 7.48924 7.34691 849.36168
6645.32266 226.22717 7.46466 7.32365 848.60139
6645.08470 225.94142 7.45539 7.31440 848.06674
6644.38633 224.93724 7.42569 7.28189 847.81728
6644.32216 224.86161 7.42320 7.27944 847.79343
6643.52485 223.93305 7.39197 7.24938 847.06491
6643.32166 223.68399 7.38371 7.24132 846.65865
6642.72637 222.92887 7.35838 7.21688 845.94081
6642.32116 222.43261 7.34163 7.20081 845.36298
6641.90399 221.92469 7.32491 7.18437 844.70914
6641.32066 221.18995 7.30031 7.16058 844.10208
6641.10345 220.92050 7.29126 7.15186 843.83387
6640.32585 219.91632 7.25789 7.11935 843.15546
6640.32016 219.90944 7.25766 7.11913 843.14679
6639.52462 218.91213 7.22411 7.08684 842.18927
6639.31966 218.66410 7.21577 7.07881 841.86407
6638.71258 217.90795 7.19074 7.05433 841.08317
6638.31916 217.43838 7.17491 7.03913 840.50455
6637.87859 216.90377 7.15663 7.02183 839.89968
6637.31866 216.08237 7.13238 6.99523 839.53918
6637.18609 215.89958 7.12692 6.98932 839.35530
6636.42303 214.89540 7.09319 6.95681 838.84085
6636.31816 214.76525 7.08893 6.95260 838.74580
6635.48704 213.89121 7.05968 6.92430 837.49695
6635.31766 213.71050 7.05360 6.91845 837.19024
6634.68039 212.88703 7.02628 6.89179 836.72088
6634.31716 212.43157 7.01094 6.87705 836.29393
6633.86393 211.88285 6.99250 6.85928 835.70366
6633.31666 211.19934 6.96971 6.83716 835.08516
6633.05048 210.87866 6.95898 6.82677 834.66048
6632.31616 210.00746 6.92961 6.79857 833.52444
6632.20533 209.87448 6.92515 6.79427 833.36546
6631.44478 208.87029 6.89170 6.76176 833.05984
6631.31566 208.71248 6.88619 6.75665 832.94855
6630.65063 207.86611 6.85937 6.72925 832.00830
6630.31516 207.42690 6.84667 6.71503 831.32963
6629.87128 206.86192 6.82780 6.69674 830.94922
6629.31466 206.18941 6.80514 6.67497 830.16855
6629.03428 205.85774 6.79414 6.66423 829.70181
6628.31416 204.97164 6.76433 6.63555 828.91819
6628.21512 204.85356 6.76033 6.63172 828.78140
6627.40326 203.84937 6.72677 6.59922 827.83705
6627.31366 203.74365 6.72322 6.59579 827.67684
6626.51017 202.84519 6.69290 6.56671 826.89604
6626.31316 202.62341 6.68550 6.55953 826.85299
6625.64232 201.84100 6.65938 6.53420 825.93785
6625.31266 201.47501 6.64691 6.52235 825.12654
6624.76839 200.83682 6.62560 6.50169 824.26448
6624.31216 200.28765 6.60719 6.48391 823.67919
6623.93439 199.83264 6.59181 6.46918 823.21769
6623.31166 199.05407 6.56575 6.44398 822.74290
6623.12630 198.82845 6.55883 6.43667 822.31394
6622.39175 197.82427 6.52809 6.40417 821.74357
6622.31116 197.73122 6.52492 6.40115 821.61130
6621.53311 196.82008 6.49412 6.37166 820.42545
6621.31066 196.56173 6.48545 6.36329 820.07642
6620.70015 195.81590 6.46030 6.33915 819.52926
6620.31016 195.33342 6.44417 6.32353 819.23803
6619.87189 194.81172 6.42649 6.30664 818.61353
6619.30965 194.13909 6.40381 6.28486 817.96271
6619.01381 193.80753 6.39277 6.27413 817.32955
6618.30915 193.02335 6.36610 6.24874 816.26278
6618.10816 192.80335 6.35866 6.24162 816.13560
6617.30865 191.89989 6.32859 6.21238 815.48621
6617.22391 191.79916 6.32515 6.20911 815.36105
6616.41110 190.79498 6.29112 6.17661 814.79804
6616.30815 190.66578 6.28691 6.17242 814.73298
6615.61751 189.79079 6.26018 6.14410 813.38073
6615.30765 189.42640 6.24870 6.13230 812.83469
6614.75972 188.78661 6.22719 6.11159 812.26250
6614.30715 188.26268 6.20925 6.09463 811.54773
6613.91289 187.78243 6.19346 6.07908 811.19193
6613.30665 187.03400 6.16828 6.05485 810.88912
6613.08178 186.77824 6.15947 6.04657 810.52164
6612.30615 185.87799 6.12916 6.01743 809.43146
6612.21396 185.77406 6.12569 6.01406 809.27803
6611.34537 184.76987 6.09173 5.98156 808.10858
6611.30565 184.72776 6.09030 5.98019 808.01233
6610.50492 183.76569 6.05794 5.94905 807.33367
6610.30515 183.53600 6.05021 5.94161 807.05478
6609.61827 182.76151 6.02399 5.91654 805.77162
6609.30465 182.38988 6.01121 5.90451 805.63552
6608.68197 181.75732 5.99107 5.88403 804.65110
6608.30415 181.34873 5.97911 5.87080 803.58517
6607.84061 180.75314 5.95980 5.85152 803.32267
6607.30365 180.13655 5.93874 5.83156 802.66845
6606.96245 179.74895 5.92572 5.81901 802.16630
6606.30315 178.97089 5.89936 5.79382 801.50231
6606.10433 178.74477 5.89175 5.78650 801.23286
6605.30265 177.81741 5.86036 5.75648 800.29744
6605.23470 177.74059 5.85776 5.75400 800.19102
6604.36345 176.73640 5.82397 5.72149 799.20714
6604.30215 176.66940 5.82167 5.71932 799.09207
6603.48639 175.73222 5.78987 5.68898 798.11223
6603.30165 175.52227 5.78287 5.68218 797.86401
6602.58414 174.72803 5.75576 5.65647 796.69959
6602.30115 174.40890 5.74497 5.64614 796.30455
6601.69913 173.72385 5.72201 5.62396 795.52741
6601.30065 173.28540 5.70673 5.60977 794.87617
6600.76936 172.71967 5.68814 5.59145 793.78669
6600.30015 172.17989 5.67230 5.57398 793.31076
6599.89949 171.71548 5.65749 5.55895 793.16130
6599.29965 171.06998 5.63536 5.53805 792.05663
6598.97122 170.71130 5.62329 5.52644 791.47583
6598.29915 169.98152 5.59831 5.50281 790.36198
6598.04998 169.70711 5.58913 5.49393 789.98787
6597.29865 168.88532 5.56124 5.46732 788.71517
6597.13455 168.70293 5.55499 5.46142 788.50568
6596.29815 167.73513 5.52242 5.43009 787.81556
6596.26452 167.69874 5.52117 5.42891 787.75610
6595.35334 166.69456 5.48710 5.39640 786.46443
6595.29765 166.63532 5.48511 5.39449 786.36491
6594.41954 165.69038 5.45292 5.36389 784.82186
6594.29715 165.56000 5.44853 5.35967 784.60105
6593.50157 164.68619 5.41870 5.33139 783.63154
6593.29665 164.43933 5.41033 5.32339 783.61328
6592.68014 163.68201 5.38753 5.29888 782.69378
6592.29615 163.25505 5.37412 5.28506 781.81782
6591.74898 162.67782 5.35399 5.26637 780.82105
6591.29565 162.21962 5.33854 5.25154 780.38345
6590.76350 161.67364 5.32014 5.23386 780.29640
6590.29515 161.18272 5.30334 5.21797 779.37994
6589.83186 160.66946 5.28591 5.20135 778.76270
6589.29465 160.08199 5.26602 5.18233 778.11740
6588.90010 159.66527 5.25181 5.16884 777.45431
6588.29415 159.03417 5.23031 5.14841 776.27289
6587.95404 158.66109 5.21762 5.13634 775.86721
6587.29365 157.93488 5.19293 5.11283 775.21096
6587.03492 157.65690 5.18349 5.10383 774.84100
6586.29315 156.83482 5.15549 5.07721 774.14720
6586.12600 156.65272 5.14930 5.07132 773.95306
6585.29265 155.74364 5.11837 5.04189 773.04715
6585.20289 155.64854 5.11505 5.03881 772.94923
6584.29215 154.64887 5.08315 5.00645 771.21245
6584.28810 154.64435 5.08301 5.00630 771.20124
6583.44116 153.64017 5.05018 4.97379 770.78260
6583.29165 153.48344 5.04480 4.96872 770.55780
6582.41526 152.63598 5.01594 4.94128 769.71187
6582.29115 152.51676 5.01187 4.93743 769.59044
6581.43718 151.63180 4.98176 4.90878 768.15259
6581.29065 151.47527 4.97641 4.90371 767.96572
6580.48087 150.62762 4.94735 4.87627 766.80262
6580.29015 150.43657 4.94090 4.87008 766.39562
6579.52299 149.62343 4.91308 4.84376 765.44071
6579.28964 149.38555 4.90493 4.83606 765.02384
6578.51157 148.61925 4.87881 4.81125 763.26540
6578.28914 148.39236 4.87099 4.80391 762.88282
6577.50398 147.61506 4.84443 4.77874 761.15923
6577.28864 147.40586 4.83726 4.77197 760.63509
6576.50854 146.61088 4.80994 4.74623 759.36450
6576.28814 146.36928 4.80259 4.73841 758.82587
6575.61448 145.60669 4.77918 4.71373 757.62444
6575.28764 145.27135 4.76759 4.70287 757.15633
6574.62526 144.60251 4.74450 4.68122 756.08597
6574.28714 144.25364 4.73261 4.66992 755.41043
6573.58954 143.59833 4.71007 4.64871 754.27015
6573.28664 143.31888 4.70057 4.63966 754.06362
6572.55887 142.59414 4.67570 4.61620 753.14658
6572.28614 142.32376 4.66642 4.60745 752.51346
6571.54856 141.58996 4.64123 4.58369 751.18085
6571.28564 141.32659 4.63212 4.57517 750.72312
6570.52774 140.58577 4.60671 4.55118 749.14600
6570.28514 140.34232 4.59836 4.54330 748.73973
6569.55016 139.58159 4.57222 4.51867 747.89361
6569.28464 139.31448 4.56304 4.51003 747.48439
6568.55721 138.57741 4.53778 4.48617 746.39367
6568.28414 138.30993 4.52859 4.47751 745.85965
6567.50647 137.57322 4.50289 4.45366 744.09732
6567.28364 137.32548 4.49485 4.44564 743.92371
6566.61804 136.56904 4.47203 4.42115 742.82213
6566.28314 136.24018 4.46089 4.41050 742.11668
6565.59679 135.56485 4.43730 4.38864 740.90850
6565.28264 135.26584 4.42709 4.37896 740.48940
6564.46789 134.56067 4.40272 4.35613 739.18555
6564.28214 134.38680 4.39672 4.35050 738.74586
6563.44641 133.55649 4.36805 4.32362 737.27167
6563.28164 133.39492 4.36246 4.31839 736.99624
6562.44266 132.55230 4.33336 4.29112 735.90722
6562.28114 132.39479 4.32791 4.28602 735.61669
6561.40818 131.54812 4.29863 4.25861 733.99972
6561.28064 131.42294 4.29432 4.25455 733.79361
6560.35555 130.54393 4.26379 4.22610 731.83100
6560.28014 130.47039 4.26123 4.22372 731.70184
6559.35532 129.53975 4.22900 4.19359 730.69059
6559.27964 129.46342 4.22627 4.19112 730.65718
6558.36769 128.53556 4.19574 4.16108 728.98856
6558.27914 128.44730 4.19310 4.15822 728.65033
6557.32807 127.53138 4.16273 4.12857 726.14841
6557.27864 127.48347 4.16102 4.12702 726.09536
6556.29032 126.52720 4.12773 4.09606 724.36583
6556.27814 126.51580 4.12733 4.09570 724.34361
6555.27764 125.66068 4.09744 4.06801 722.77187
6555.13335 125.52301 4.09264 4.06356 722.56125
6554.27714 124.72789 4.06481 4.03782 720.39290
6554.06482 124.51883 4.05752 4.03105 720.16177
6553.27664 123.77096 4.03126 4.00684 718.69222
6552.99631 123.51464 4.02226 3.99854 717.98748
6552.27614 122.84191 3.99856 3.97676 716.46518
6551.92172 122.51046 3.98689 3.96603 715.72427
6551.27564 121.90794 3.96564 3.94653 714.35940
6550.85144 121.50628 3.95142 3.93352 713.60507
6550.27514 120.98355 3.93292 3.91660 712.09828
6549.75240 120.50209 3.91586 3.90101 710.89101
6549.27464 120.05295 3.89957 3.88647 710.18527
6548.67628 119.49791 3.88090 3.86851 708.27501
6548.27414 119.07982 3.86788 3.85497 707.09333
6547.66133 118.49372 3.84783 3.83600 705.77150
6547.27364 118.16880 3.83592 3.82548 705.49549
6546.47880 117.48954 3.81146 3.80349 703.74168
6546.27314 117.30963 3.80496 3.79766 702.99115
6545.37133 116.48536 3.77510 3.77098 700.85803
6545.27264 116.38927 3.77163 3.76787 700.75483
6544.27214 115.50482 3.73918 3.73924 697.78355
6544.24626 115.48117 3.73831 3.73847 697.72327
6543.27164 114.62963 3.70697 3.71090 694.62626
6543.10587 114.47699 3.70129 3.70596 694.26731
6542.27114 113.73725 3.67390 3.68202 691.83442
6541.97319 113.47280 3.66420 3.67346 690.96216
6541.27064 112.85298 3.64067 3.65339 688.85665
6540.85159 112.46862 3.62631 3.64095 687.89830
6540.27014 111.93950 3.60657 3.62382 686.47918
6539.70625 111.46444 3.58781 3.60844 684.52617
6539.26963 111.07868 3.57382 3.59595 682.66394
6538.61820 110.46025 3.55300 3.57593 679.57640
6538.26913 110.12855 3.54081 3.56519 679.43354
6537.43428 109.45607 3.51426 3.54342 677.61892
6537.26863 109.32125 3.50899 3.53906 676.79014
6536.26813 108.47934 3.47536 3.51180 672.37818
6536.23840 108.45188 3.47424 3.51091 672.31470
6535.26763 107.56561 3.43918 3.48222 669.87075
6535.13496 107.44770 3.43449 3.47840 669.45824
6534.26713 106.74866 3.40554 3.45577 664.92374
6533.89880 106.44351 3.39359 3.44590 663.17789
6533.26663 105.89721 3.37123 3.42821 660.71665
6532.74870 105.43933 3.35171 3.41339 658.92101
6532.26613 105.02651 3.33487 3.40002 656.86988
6531.62045 104.43515 3.31030 3.38088 655.07962
6531.26563 104.12373 3.29698 3.37080 653.76946
6530.44005 103.43096 3.26714 3.34837 649.53914
6530.26513 103.26981 3.26099 3.34315 648.89784
6529.26463 102.57122 3.23208 3.32054 643.02282
6529.10179 102.42678 3.22577 3.31586 642.86302
6528.26413 101.63962 3.19623 3.29038 638.95609
6528.03471 101.42259 3.18979 3.28335 637.57662
6527.26363 100.72286 3.16791 3.26070 634.04009
6526.90125 100.41841 3.15272 3.25085 632.11209
6526.26313 99.92822 3.12287 3.23498 627.09469
6525.65471 99.41423 3.10611 3.21834 623.46212
6525.26263 99.07356 3.10111 3.20731 621.35142
6524.46603 98.41004 3.06007 3.18583 616.07753
6524.26213 98.25272 3.04874 3.18074 614.31816
6523.26163 97.44052 3.00081 3.15444 606.62676
6523.22258 97.40586 2.99859 3.15332 606.40573
6522.26113 96.62967 2.92968 3.12819 598.31778
6521.98832 96.40167 2.91192 3.12081 596.18745
6521.26063 95.78121 2.88837 3.10072 590.33274
6520.77945 95.39749 2.86258 3.08830 585.97685
6520.26013 94.96911 2.83026 3.07443 583.45783
6519.55499 94.39331 2.79704 3.05579 577.72506
6519.25963 94.16466 2.78640 3.04839 574.15793
6518.28245 93.38912 2.71988 3.02329 562.63401
6518.25913 93.36804 2.71828 3.02260 562.35797
6517.25863 92.52146 2.68903 2.99520 548.91154
6517.12370 92.38494 2.67738 2.99078 548.06210
6516.25813 91.64697 2.62078 2.96689 538.30804
6515.97469 91.38075 2.61741 2.95827 535.53007
6515.25763 90.78435 2.54842 2.93896 525.89001
6514.83623 90.37657 2.52938 2.92576 521.46269
6514.25713 89.84429 2.51464 2.90853 514.09236
6513.78419 89.37238 2.44849 2.89325 508.60160
6513.25663 88.82000 2.44756 2.87537 502.75323
6512.80142 88.36820 2.43628 2.86074 496.51640
6512.25613 87.81520 2.38395 2.84284 489.58456
6511.78627 87.36402 2.39203 2.82824 484.76322
6511.25563 86.69280 2.38053 2.80651 481.24573
6510.95718 86.35983 2.36622 2.79573 477.53364
6510.25513 85.44833 2.33484 2.76622 470.75230
6510.16790 85.35565 2.33615 2.76322 469.62316
6509.28168 84.35146 2.30501 2.73071 459.15888
6509.25463 84.31955 2.30271 2.72968 458.82656
6508.38808 83.34728 2.30156 2.69820 447.36761
6508.25413 83.22978 2.30017 2.69440 445.46237
6507.25363 82.48771 2.28255 2.67037 430.50370
6507.06574 82.34310 2.28952 2.66569 427.86376
6506.25313 81.71080 2.30422 2.64522 417.01249
6505.77891 81.33891 2.28871 2.63318 411.09659
6505.25263 80.95632 2.26201 2.62080 404.47976
6504.25294 80.33473 2.30899 2.60068 391.64505
6504.25213 80.33426 2.30896 2.60066 391.63480
6503.25163 79.78880 2.23112 2.58300 378.92820
6502.37289 79.33054 2.29619 2.56817 370.11892
6502.25113 79.26152 2.29982 2.56593 368.91295
6501.25063 78.65341 2.31764 2.54625 358.45592
6500.74290 78.32636 2.33081 2.53566 353.65580
6500.25013 77.96984 2.31847 2.52412 349.42610
6499.35782 77.32218 2.32772 2.50315 341.98853
6499.24962 77.22990 2.32700 2.50016 341.21844
6498.24912 76.38322 2.34092 2.47275 334.13913
6498.17564 76.31799 2.34124 2.47064 333.65924
6497.24862 75.46048 2.34339 2.44288 327.42448
6497.09047 75.31381 2.34969 2.43813 326.27970
6496.24812 74.55485 2.35014 2.41356 320.55773
6495.96307 74.30962 2.34615 2.40563 318.74054
6495.24762 73.65993 2.37169 2.38459 314.31225
6494.83835 73.30544 2.35733 2.37312 311.63167
6494.24712 72.77207 2.34585 2.35585 308.63134
6493.68901 72.30126 2.36257 2.34061 305.75506
6493.24662 71.90536 2.34084 2.32779 303.02635
6492.56235 71.29707 2.33804 2.30810 298.85230
6492.24612 71.00825 2.34643 2.29875 297.01346
6491.50479 70.29289 2.31264 2.27559 292.84816
6491.24562 70.03366 2.31411 2.26720 291.43259
6490.48963 69.28870 2.30676 2.24308 287.25847
6490.24512 69.04048 2.29289 2.23505 285.93932
6489.44771 68.28452 2.29373 2.21057 281.44615
6489.24462 68.08073 2.28704 2.20398 280.33989
6488.48011 67.28033 2.25618 2.17807 276.29078
6488.24412 67.02926 2.25877 2.16994 275.07431
6487.57685 66.27615 2.23332 2.14556 271.54365
6487.24362 65.89742 2.22110 2.13330 269.68970
6486.68367 65.27197 2.22075 2.11305 266.78068
6486.24312 64.77638 2.19596 2.09701 264.53364
6485.78438 64.26778 2.17853 2.08054 262.06161
6485.24262 63.66996 2.17401 2.06119 259.41770
6484.84150 63.26360 2.15078 2.04803 257.65956
6484.24212 62.66359 2.13696 2.02861 254.66978
6483.88431 62.25941 2.13112 2.01552 252.76119
6483.24162 61.49422 2.09511 1.99075 249.46961
6483.03316 61.25523 2.08951 1.98302 248.39335
6482.24112 60.33220 2.06470 1.95313 244.27759
6482.16865 60.25105 2.06090 1.95051 243.89930
6481.32926 59.24686 2.02947 1.91800 239.56234
6481.24062 59.14622 2.02669 1.91474 239.09828
6480.43527 58.24268 1.99497 1.88549 234.90030
6480.24012 58.00436 1.98769 1.87778 233.88120
6479.57720 57.23849 1.96871 1.85298 230.37791
6479.23962 56.88340 1.95707 1.84149 228.62758
6478.62900 56.23431 1.93414 1.82047 225.48086
6478.23912 55.83514 1.92268 1.80755 223.47969
6477.65011 55.23013 1.90208 1.78796 220.47622
6477.23862 54.81469 1.88796 1.77452 218.35094
6476.56992 54.22594 1.87105 1.75546 215.24426
6476.23812 53.90802 1.85945 1.74516 213.81393
6475.57497 53.22176 1.83573 1.72295 210.60329
6475.23762 52.88312 1.82557 1.71199 208.91268
6474.60667 52.21757 1.80162 1.69044 205.80994
6474.23712 51.84357 1.78927 1.67833 204.01640
6473.61511 51.21339 1.76982 1.65793 201.00088
6473.23662 50.77459 1.75241 1.64373 199.13368
6472.73805 50.20921 1.73415 1.62542 196.69051
6472.23612 49.65036 1.71664 1.60733 194.24347
6471.84105 49.20502 1.69734 1.59291 192.31015
6471.23562 48.46539 1.67728 1.56897 189.35701
6471.02066 48.20084 1.66991 1.56041 188.31893
6470.23512 47.23796 1.63306 1.52923 184.41676
6470.19840 47.19665 1.63198 1.52790 184.23938
6469.32391 46.19247 1.59740 1.49539 179.99318
6469.23462 46.09576 1.59339 1.49226 179.56818
6468.41061 45.18828 1.56449 1.46288 175.65260
6468.23412 44.98869 1.55678 1.45642 174.79781
6467.46337 44.18410 1.52746 1.43037 171.33315
6467.23362 43.94880 1.52011 1.42275 170.37040
6466.42875 43.17992 1.49214 1.39786 166.93842
6466.23312 42.99122 1.48554 1.39175 166.06186
6465.41245 42.17573 1.45864 1.36535 162.42778
6465.23262 42.00267 1.45207 1.35975 161.65004
6464.40107 41.17155 1.42322 1.33285 158.01508
6464.23212 41.00551 1.41744 1.32747 157.27897
6463.29323 40.16736 1.38812 1.30034 153.50002
6463.23162 40.10238 1.38630 1.29823 153.24474
6462.31636 39.16318 1.35627 1.26783 149.43035
6462.23112 39.09125 1.35339 1.26550 149.09560
6461.23062 38.20611 1.32344 1.23685 145.14293
6461.17776 38.15900 1.32170 1.23532 144.93650
6460.23012 37.40215 1.29387 1.21082 141.47485
6459.91559 37.15481 1.28624 1.20281 140.34278
6459.22961 36.53322 1.26327 1.18269 137.70215
6458.73813 36.15063 1.24951 1.17030 136.07219
6458.22911 35.78184 1.23751 1.15837 134.44958
6457.50369 35.14644 1.21435 1.13780 131.75820
6457.22861 34.93425 1.20685 1.13093 130.82638
6456.22811 34.23791 1.18275 1.10838 127.68798
6456.09787 34.14226 1.17945 1.10529 127.27025
6455.22761 33.48788 1.15607 1.08410 124.46406
6454.76563 33.13808 1.14352 1.07278 122.97958
6454.22711 32.73507 1.12994 1.05973 121.28102
6453.44658 32.13389 1.10790 1.04027 118.80719
6453.22661 31.97766 1.10231 1.03521 118.14523
6452.22611 31.25642 1.07698 1.01186 115.13939
6452.06747 31.12971 1.07280 1.00776 114.66562
6451.22561 30.23110 1.04437 0.97867 111.59330
6451.11877 30.12552 1.04069 0.97525 111.19939
6450.22511 29.30636 1.01087 0.94873 108.03224
6449.97446 29.12134 1.00449 0.94275 107.30565
6449.22461 28.61051 0.98654 0.92621 105.31189
6448.56096 28.11715 0.96912 0.91024 103.37632
6448.22411 27.93662 0.96265 0.90439 102.61758
6447.22361 27.45702 0.94572 0.88887 100.58076
6446.59132 27.11297 0.93360 0.87773 99.18494
6446.22311 26.91256 0.92638 0.87124 98.38185
6445.22261 26.41426 0.90828 0.85511 96.37426
6444.64083 26.10879 0.89728 0.84522 95.17438
6444.22211 25.88983 0.88955 0.83813 94.32029
6443.22161 25.28189 0.86760 0.81845 92.02772
6442.96043 25.10460 0.86123 0.81271 91.37617
6442.22111 24.50258 0.83971 0.79322 89.20121
6441.71514 24.10042 0.82542 0.78020 87.74697
6441.22061 23.80735 0.81498 0.77072 86.68032
6440.22011 23.35388 0.79852 0.75604 84.97952
6439.67953 23.09623 0.78907 0.74769 83.99997
6439.21961 22.83287 0.77966 0.73917 83.04584
6438.21911 22.21822 0.76000 0.71927 81.05981
6438.02074 22.09205 0.75608 0.71519 80.66678
6437.21861 21.68579 0.74246 0.70203 79.30450
6436.25729 21.08787 0.72059 0.68268 77.15589
6436.21811 21.06292 0.71969 0.68187 77.06747
6435.21761 20.53547 0.70067 0.66479 75.21459
6434.32711 20.08368 0.68449 0.65017 73.64295
6434.21711 20.02124 0.68224 0.64815 73.42646
6433.21661 19.48002 0.66268 0.63063 71.54519
6432.48032 19.07950 0.64824 0.61766 70.15907
6432.21611 18.95761 0.64383 0.61371 69.73864
6431.21561 18.50463 0.62754 0.59905 68.18130
6430.46245 18.07531 0.61203 0.58515 66.70376
6430.21511 17.95340 0.60763 0.58121 66.28931
6429.21461 17.52421 0.59206 0.56731 64.83672
6428.21411 17.08353 0.57612 0.55305 63.35005
6428.18615 17.07113 0.57567 0.55264 63.30795
6427.21361 16.67523 0.56120 0.53983 61.98876
6426.21311 16.28346 0.54689 0.52714 60.69394
6425.68616 16.06695 0.53905 0.52014 59.97151
6425.21261 15.87453 0.53207 0.51391 59.33119
6424.21211 15.44326 0.51634 0.49994 57.89344
6423.28527 15.06276 0.50243 0.48763 56.61363
6423.21161 15.04043 0.50161 0.48690 56.54097
6422.21111 14.71401 0.48964 0.47634 55.49542
6421.21061 14.29382 0.47438 0.46273 54.09296
6420.71824 14.05858 0.46567 0.45512 53.27487
6420.21011 13.77424 0.45516 0.44591 52.26445
6419.20960 13.23788 0.43730 0.42855 50.55186
6418.85424 13.05439 0.43167 0.42261 50.01713
6418.20910 12.68834 0.41997 0.41076 48.87569
6417.20860 12.17890 0.40183 0.39427 47.12078
6416.91819 12.05021 0.39705 0.39010 46.66130
6416.20810 11.80049 0.38787 0.38202 45.80884
6415.20760 11.43588 0.37468 0.37021 44.58551
6414.20710 11.08178 0.36186 0.35875 43.37702
6414.07750 11.04603 0.36055 0.35759 43.25766
6413.20660 10.91780 0.35557 0.35344 42.90588
6412.20610 10.77175 0.34981 0.34871 42.50615
6411.20560 10.61036 0.34352 0.34349 42.05350
6410.20510 10.46901 0.33790 0.33891 41.67386
6409.20460 10.30215 0.33134 0.33351 41.19513
6408.20410 10.15089 0.32533 0.32861 40.76313
6407.66948 10.04184 0.32113 0.32508 40.42259
6407.20360 9.92598 0.31679 0.32133 40.04155
6406.20310 9.59307 0.30444 0.31056 38.85972
6405.20260 9.26729 0.29238 0.30001 37.68185
6404.70124 9.03766 0.28399 0.29258 36.82487
6404.20210 8.77803 0.27469 0.28417 35.83855
6403.20160 8.17512 0.25299 0.26465 33.50366
6402.99752 8.03347 0.24786 0.26007 32.94680
6402.20110 7.44342 0.22674 0.24097 30.60978
6401.70418 7.02929 0.21203 0.22756 28.94672
6401.20060 6.54036 0.19453 0.21173 26.96380
6400.68383 6.02510 0.17634 0.19505 24.87944
6400.20010 5.44225 0.15544 0.17618 22.45461
6399.86259 5.02092 0.14072 0.16254 20.72857
0.00000 0.00000 0.00000 0.00000 0.00000
