6647.32366 239.38600 7.89835 7.74964 859.82055
6647.01591 238.99582 7.88532 7.73701 859.41836
6646.32316 238.10677 7.85565 7.70823 858.55993
6646.22911 237.99163 7.85183 7.70450 858.40593
6645.45397 236.98745 7.81826 7.67199 857.61099
6645.32266 236.82798 7.81290 7.66683 857.35850
6644.63197 235.98326 7.78491 7.63949 856.35928
6644.32216 235.60939 7.77264 7.62738 856.26150
6643.80271 234.97908 7.75146 7.60698 856.08219
6643.32166 234.34800 7.73069 7.58655 855.55229
6643.03917 233.97490 7.71979 7.57447 854.84873
6642.32116 233.00155 7.68890 7.54296 854.02313
6642.29704 232.97071 7.68784 7.54196 854.00020
6641.52252 231.96653 7.65450 7.50945 853.21679
6641.32066 231.71434 7.64609 7.50129 852.94717
6640.74015 230.96234 7.62085 7.47694 852.38419
6640.32016 230.40458 7.60249 7.45889 852.07956
6639.95611 229.95816 7.58761 7.44444 851.49488
6639.31966 229.14278 7.56031 7.41804 850.79623
6639.17053 228.95397 7.55411 7.41193 850.60735
6638.39189 227.94979 7.52057 7.37942 849.80635
6638.31916 227.86078 7.51758 7.37654 849.69435
6637.60119 226.94561 7.48738 7.34691 848.85692
6637.31866 226.58547 7.47524 7.33525 848.59173
6636.81500 225.94142 7.45353 7.31440 847.99994
6636.31816 225.20149 7.43202 7.29045 847.50251
6636.10132 224.93724 7.42374 7.28189 847.19460
6635.31766 224.12219 7.39599 7.25551 845.97232
6635.16452 223.93305 7.38965 7.24938 845.81367
6634.44606 222.92887 7.35651 7.21688 845.63006
6634.31716 222.76823 7.35102 7.21168 845.45938
6633.62984 221.92469 7.32290 7.18437 844.48557
6633.31666 221.53922 7.31011 7.17189 844.10524
6632.82471 220.92050 7.28924 7.15186 843.48456
6632.31616 220.28224 7.26799 7.13120 842.88986
6632.01032 219.91632 7.25575 7.11935 842.35908
6631.31566 219.04639 7.22657 7.09119 841.49595
6631.20793 218.91213 7.22204 7.08684 841.35602
6630.44759 217.90795 7.18873 7.05433 840.89157
6630.31516 217.74184 7.18324 7.04896 840.75282
6629.61064 216.90377 7.15466 7.02183 839.65627
6629.31466 216.50883 7.14253 7.00904 839.23439
6628.86668 215.89958 7.12482 6.98932 838.39023
6628.31416 215.22806 7.10217 6.96758 837.65189
6628.03965 214.89540 7.09098 6.95681 837.28148
6627.31366 213.95374 7.05969 6.92632 836.51395
6627.25926 213.89121 7.05757 6.92430 836.38446
6626.38885 212.88703 7.02404 6.89179 835.85232
6626.31316 212.80272 7.02122 6.88906 835.78376
6625.56318 211.88285 6.99033 6.85928 834.94177
6625.31266 211.59799 6.98069 6.85006 834.38165
6624.71940 210.87866 6.95670 6.82677 833.50947
6624.31216 210.37274 6.93973 6.81040 833.09906
6623.91336 209.87448 6.92271 6.79427 832.59915
6623.31166 209.09538 6.89714 6.76904 832.21794
6623.12256 208.87029 6.88954 6.76176 831.95562
6622.34787 207.86611 6.85706 6.72925 831.05588
6622.31116 207.82046 6.85576 6.72777 830.95042
6621.57221 206.86192 6.82559 6.69674 830.00397
6621.31066 206.55141 6.81480 6.68669 829.65391
6620.75301 205.85774 6.79181 6.66423 829.08334
6620.31016 205.30425 6.77333 6.64631 828.65263
6619.93467 204.85356 6.75808 6.63172 828.12982
6619.30965 204.06998 6.73181 6.60636 827.56748
6619.12330 203.84937 6.72447 6.59922 827.25016
6618.30915 202.89399 6.69227 6.56829 826.20336
6618.26467 202.84519 6.69062 6.56671 826.18342
6617.39465 201.84100 6.65717 6.53420 825.66060
6617.30865 201.74772 6.65401 6.53118 825.43288
6616.57420 200.83682 6.62326 6.50169 824.58066
6616.30815 200.51569 6.61252 6.49129 824.21491
6615.72790 199.83264 6.58966 6.46918 823.36255
6615.30765 199.32213 6.57218 6.45266 822.94556
6614.90277 198.82845 6.55648 6.43667 822.22313
6614.30715 198.05212 6.53335 6.41154 821.13717
6614.12594 197.82427 6.52571 6.40417 820.98452
6613.30665 196.83612 6.49223 6.37218 820.14825
6613.29293 196.82008 6.49170 6.37166 820.12710
6612.45858 195.81590 6.45778 6.33915 819.08363
6612.30615 195.63348 6.45163 6.33324 818.91015
6611.62784 194.81172 6.42414 6.30664 818.10649
6611.30565 194.43759 6.41130 6.29453 817.60598
6610.78611 193.80753 6.39036 6.27413 817.08718
6610.30515 193.23146 6.37093 6.25548 816.50040
6609.94142 192.80335 6.35609 6.24162 815.98422
6609.30465 192.02961 6.33057 6.21657 815.38759
6609.08108 191.79916 6.32286 6.20911 815.03543
6608.30415 191.00986 6.29579 6.18356 813.91169
6608.11688 190.79498 6.28878 6.17661 813.63297
6607.36531 189.79079 6.25815 6.14410 812.61293
6607.30365 189.71933 6.25594 6.14178 812.44596
6606.53267 188.78661 6.22456 6.11159 811.75580
6606.30315 188.51159 6.21542 6.10269 811.55212
6605.67375 187.78243 6.19079 6.07908 810.61663
6605.30265 187.36426 6.17660 6.06554 809.94380
6604.79070 186.77824 6.15695 6.04657 809.11158
6604.30215 186.23909 6.13867 6.02912 808.17334
6603.90932 185.77406 6.12300 6.01406 807.70614
6603.30165 185.03111 6.09798 5.99001 807.25674
6603.07184 184.76987 6.08919 5.98156 806.91665
6602.30115 183.85732 6.05836 5.95201 806.04752
6602.22032 183.76569 6.05526 5.94905 805.92304
6601.31343 182.76151 6.02151 5.91654 804.16723
6601.30065 182.74675 6.02101 5.91606 804.14667
6600.46070 181.75732 5.98844 5.88403 803.58637
6600.30015 181.57268 5.98299 5.87805 803.41922
6599.61472 180.75314 5.95718 5.85152 802.83979
6599.29965 180.40714 5.94524 5.84032 802.17811
6598.70661 179.74895 5.92311 5.81901 801.09861
6598.29915 179.29568 5.90763 5.80434 800.41033
6597.82162 178.74477 5.88896 5.78650 799.87236
6597.29865 178.13409 5.86848 5.76673 799.29355
6596.95209 177.74059 5.85505 5.75400 798.85006
6596.29815 176.98323 5.82952 5.72948 798.02418
6596.08184 176.73640 5.82122 5.72149 797.73481
6595.29765 175.84556 5.79078 5.69265 796.73806
6595.19697 175.73222 5.78698 5.68898 796.57263
6594.30373 174.72803 5.75308 5.65647 795.26866
6594.29715 174.72090 5.75284 5.65624 795.25651
6593.44814 173.72385 5.71938 5.62396 794.56421
6593.29665 173.55623 5.71358 5.61854 794.29539
6592.59195 172.71967 5.68535 5.59145 793.83166
6592.29615 172.34173 5.67444 5.57922 793.32517
6591.75962 171.71548 5.65496 5.55895 792.15166
6591.29565 171.22476 5.63794 5.54306 791.92947
6590.81443 170.71130 5.62079 5.52644 791.86513
6590.29515 170.17238 5.60238 5.50899 790.77200
6589.88860 169.70711 5.58650 5.49393 790.24203
6589.29465 169.02354 5.56351 5.47180 789.74473
6589.00262 168.70293 5.55259 5.46142 789.31398
6588.29415 167.90041 5.52553 5.43544 788.53784
6588.11230 167.69874 5.51871 5.42891 788.31840
6587.29365 166.78694 5.48764 5.39939 787.26016
6587.20801 166.69456 5.48451 5.39640 787.11492
6586.30942 165.69038 5.45054 5.36389 785.98998
6586.29315 165.67177 5.44991 5.36329 785.97618
6585.38400 164.68619 5.41619 5.33139 784.67577
6585.29265 164.58026 5.41256 5.32796 784.61659
6584.53218 163.68201 5.38497 5.29888 783.31826
6584.29215 163.43435 5.37737 5.29086 782.49937
6583.59010 162.67782 5.35144 5.26637 781.35903
6583.29165 162.36830 5.34085 5.25635 780.68756
6582.56502 161.67364 5.31743 5.23386 779.57294
6582.29115 161.39932 5.30806 5.22498 779.40348
6581.59647 160.66946 5.28320 5.20135 778.14486
6581.29065 160.35928 5.27265 5.19131 777.37619
6580.65372 159.66527 5.24901 5.16884 776.55726
6580.29015 159.28237 5.23597 5.15645 775.92590
6579.71590 158.66109 5.21485 5.13634 775.15483
6579.28964 158.18725 5.19869 5.12100 774.73942
6578.78418 157.65690 5.18067 5.10383 773.85934
6578.28914 157.13356 5.16282 5.08688 773.03986
6577.83617 156.65272 5.14642 5.07132 772.31720
6577.28864 156.08822 5.12732 5.05304 771.21922
6576.87709 155.64854 5.11206 5.03881 770.73732
6576.28814 154.99027 5.09017 5.01750 770.07039
6575.97732 154.64435 5.07991 5.00630 769.19670
6575.28764 153.86701 5.05505 4.98114 768.14242
6575.07831 153.64017 5.04713 4.97379 768.00745
6574.28714 152.79554 5.01835 4.94645 766.81541
6574.12256 152.63598 5.01288 4.94128 766.35284
6573.28664 151.86772 4.98657 4.91641 764.95008
6573.05832 151.63180 4.97856 4.90878 764.93936
6572.28614 150.80714 4.95037 4.88208 763.90360
6572.10981 150.62762 4.94423 4.87627 763.56525
6571.28564 149.77340 4.91509 4.84861 762.26370
6571.14459 149.62343 4.90996 4.84376 762.08522
6570.28514 148.74406 4.87983 4.81529 760.53409
6570.16603 148.61925 4.87555 4.81125 760.36423
6569.28464 147.69463 4.84399 4.78132 759.12529
6569.20747 147.61506 4.84128 4.77874 759.00002
6568.28414 146.63092 4.80756 4.74688 758.04984
6568.26427 146.61088 4.80692 4.74623 757.98951
6567.38127 145.60669 4.77632 4.71373 756.33208
6567.28364 145.50847 4.77294 4.71055 756.15191
6566.41079 144.60251 4.74156 4.68122 755.12986
6566.28314 144.47208 4.73712 4.67699 754.90478
6565.42972 143.59833 4.70709 4.64871 753.51067
6565.28264 143.44647 4.70191 4.64379 753.53065
6564.33705 142.59414 4.67270 4.61620 751.98302
6564.28214 142.54481 4.67101 4.61460 751.81915
6563.34935 141.58996 4.63818 4.58369 750.24072
6563.28164 141.52177 4.63584 4.58148 750.12927
6562.36655 140.58577 4.60374 4.55118 748.80869
6562.28114 140.49450 4.60060 4.54823 748.75227
6561.38820 139.58159 4.56931 4.51867 747.48397
6561.28064 139.47425 4.56562 4.51520 747.29672
6560.37747 138.57741 4.53470 4.48617 745.61851
6560.28014 138.48521 4.53155 4.48318 745.36673
6559.36335 137.57322 4.49993 4.45366 743.89475
6559.27964 137.47761 4.49674 4.45056 743.90865
6558.47163 136.56904 4.46906 4.42115 742.50424
6558.27914 136.38042 4.46281 4.41504 742.00471
6557.43814 135.56485 4.43427 4.38864 740.46518
6557.27864 135.41269 4.42905 4.38372 740.09705
6556.39690 134.56067 4.39967 4.35613 738.06579
6556.27814 134.44295 4.39562 4.35232 737.93155
6555.27764 133.56931 4.36540 4.32404 736.31374
6555.26462 133.55649 4.36496 4.32362 736.29795
6554.27714 132.57846 4.33118 4.29196 734.57490
6554.25093 132.55230 4.33028 4.29112 734.53877
6553.27664 131.61485 4.29785 4.26077 732.56302
6553.20872 131.54812 4.29554 4.25861 732.44717
6552.27614 130.65096 4.26442 4.22956 730.58346
6552.16503 130.54393 4.26069 4.22610 730.36495
6551.27564 129.66224 4.23022 4.19756 729.02969
6551.14502 129.53975 4.22587 4.19359 728.76547
6550.27514 128.70023 4.19740 4.16641 726.75394
6550.11477 128.53556 4.19248 4.16108 726.20455
6549.27464 127.70836 4.16576 4.13430 723.81805
6549.09882 127.53138 4.15944 4.12857 723.69632
6548.27414 126.72398 4.13128 4.10244 722.38951
6548.05572 126.52720 4.12436 4.09606 721.61675
6547.27364 125.83120 4.10004 4.07353 720.36457
6546.93060 125.52301 4.08926 4.06356 720.23272
6546.27314 124.95635 4.06928 4.04521 717.90011
6545.81269 124.51883 4.05393 4.03105 716.90895
6545.27264 123.99978 4.03573 4.01424 715.99914
6544.76182 123.51464 4.01865 3.99854 714.98223
6544.27214 123.04233 4.00205 3.98325 714.18067
6543.68902 122.51046 3.98318 3.96603 712.62758
6543.27164 122.14287 3.97012 3.95413 711.27133
6542.60519 121.50628 3.94758 3.93352 710.08554
6542.27114 121.19461 3.93651 3.92343 709.34582
6541.52063 120.50209 3.91181 3.90101 707.51658
6541.27064 120.25662 3.90294 3.89307 707.29369
6540.42388 119.49791 3.87661 3.86851 704.34090
6540.27014 119.34173 3.87181 3.86345 703.80476
6539.46121 118.49372 3.84369 3.83600 702.68735
6539.26963 118.32470 3.83739 3.83053 702.17535
6538.32784 117.48954 3.80698 3.80349 699.76699
6538.26913 117.43333 3.80496 3.80167 699.84121
6537.26863 116.63295 3.77575 3.77576 696.77021
6537.10941 116.48536 3.77035 3.77098 696.30324
6536.26813 115.69003 3.74110 3.74523 694.71830
6536.04101 115.48117 3.73336 3.73847 694.19739
6535.26763 114.76630 3.70698 3.71533 692.48274
6534.96176 114.47699 3.69625 3.70596 691.97055
6534.26713 113.86755 3.67337 3.68623 689.75620
6533.81390 113.47280 3.65878 3.67346 688.24329
6533.26663 112.98106 3.64008 3.65754 686.78463
6532.69785 112.46862 3.62045 3.64095 685.22654
6532.26613 112.08304 3.60626 3.62846 683.97791
6531.56610 111.46444 3.58172 3.60844 682.13684
6531.26563 111.17982 3.57111 3.59922 681.39170
6530.51415 110.46025 3.54711 3.57593 678.04795
6530.26513 110.22311 3.53826 3.56825 677.23138
6529.28513 109.45607 3.50761 3.54342 674.58766
6529.26463 109.44013 3.50699 3.54291 674.52074
6528.26413 108.50844 3.46983 3.51274 672.55162
6528.19817 108.45188 3.46745 3.51091 672.30439
6527.26363 107.67529 3.43568 3.48577 668.24124
6527.00688 107.44770 3.42671 3.47840 667.42821
6526.26313 106.84405 3.40127 3.45886 663.69799
6525.78286 106.44351 3.38490 3.44590 661.52139
6525.26263 105.99501 3.36701 3.43138 659.49313
6524.60889 105.43933 3.34279 3.41339 656.70901
6524.26213 105.13383 3.32998 3.40350 655.49662
6523.42528 104.43515 3.30129 3.38088 651.49728
6523.26163 104.30057 3.29575 3.37652 650.64491
6522.26113 103.52497 3.26138 3.35141 644.05399
6522.15742 103.43096 3.25743 3.34837 643.71682
6521.26063 102.61902 3.22504 3.32209 640.56900
6521.01208 102.42678 3.21666 3.31586 638.94591
6520.26013 101.82130 3.19326 3.29626 635.66345
6519.82465 101.42259 3.18025 3.28335 633.71813
6519.25963 100.97492 3.16710 3.26886 628.58036
6518.64003 100.41841 3.14739 3.25085 626.29727
6518.25913 100.06316 3.12928 3.23934 625.05565
6517.44418 99.41423 3.09691 3.21834 618.91900
6517.25863 99.27015 3.09056 3.21367 617.40015
6516.25813 98.45471 3.04163 3.18727 609.98381
6516.20585 98.41004 3.03797 3.18583 609.64149
6515.25763 97.69648 2.97331 3.16273 600.37537
6514.90594 97.40586 2.96268 3.15332 597.60887
6514.25713 96.93103 2.93438 3.13795 590.42751
6513.66566 96.40167 2.87373 3.12081 586.48284
6513.25663 96.01262 2.86542 3.10822 584.45493
6512.40871 95.39749 2.83422 3.08830 573.65965
6512.25613 95.27420 2.82401 3.08431 572.39659
6511.25563 94.49968 2.77719 3.05924 564.21062
6511.14099 94.39331 2.77141 3.05579 563.35961
6510.25513 93.66676 2.72094 3.03227 553.48039
6509.94024 93.38912 2.69538 3.02329 549.90778
6509.25463 92.72727 2.66937 3.00186 541.88190
6508.89897 92.38494 2.65371 2.99078 538.68834
6508.25413 91.88256 2.59429 2.97451 529.56959
6507.74169 91.38075 2.57905 2.95827 524.67360
6507.25363 90.92560 2.55163 2.94353 518.98492
6506.68550 90.37657 2.49371 2.92576 512.33637
6506.25313 89.91069 2.48577 2.91068 508.02099
6505.71336 89.37238 2.46009 2.89325 501.14956
6505.25263 88.93618 2.42612 2.87913 494.49984
6504.70954 88.36820 2.42008 2.86074 487.62403
6504.25213 87.77930 2.42156 2.84168 483.77860
6503.84456 87.36402 2.40198 2.82824 478.20979
6503.25163 86.60026 2.37326 2.80351 472.52315
6503.01190 86.35983 2.38893 2.79573 469.64211
6502.25113 85.56614 2.34387 2.77003 462.45421
6502.05352 85.35565 2.32405 2.76322 460.07299
6501.25063 84.47367 2.33784 2.73467 450.44456
6501.12921 84.35146 2.32923 2.73071 448.86839
6500.25013 83.35076 2.30131 2.69831 438.20098
6500.24688 83.34728 2.30160 2.69820 438.16310
6499.24962 82.54404 2.26819 2.67220 424.75438
6499.00244 82.34310 2.26861 2.66569 421.58430
6498.24912 81.76373 2.31633 2.64694 411.99294
6497.60902 81.33891 2.30645 2.63318 403.64109
6497.24862 81.10204 2.31756 2.62552 399.11046
6496.24812 80.45961 2.33755 2.60472 387.06339
6496.07108 80.33473 2.32663 2.60068 385.14796
6495.24762 79.91710 2.26346 2.58716 375.00071
6494.24712 79.38261 2.30877 2.56985 364.45472
6494.16592 79.33054 2.31730 2.56817 363.84135
6493.24662 78.80607 2.32797 2.55119 355.22766
6492.51594 78.32636 2.35345 2.53566 348.55588
6492.24612 78.12654 2.35982 2.52919 346.39875
6491.24562 77.44425 2.34294 2.50710 338.04305
6491.09420 77.32218 2.34592 2.50315 336.95636
6490.24512 76.58086 2.35110 2.47915 331.33606
6489.94156 76.31799 2.34915 2.47064 329.37138
6489.24462 75.68316 2.35702 2.45009 324.89863
6488.85047 75.31381 2.36190 2.43813 322.18327
6488.24412 74.76637 2.36562 2.42041 318.14285
6487.71699 74.30962 2.35973 2.40563 314.87689
6487.24362 73.86748 2.36593 2.39131 312.12505
6486.61434 73.30544 2.36601 2.37312 308.34602
6486.24312 72.96081 2.35164 2.36196 306.21276
6485.48829 72.30126 2.36522 2.34061 301.61278
6485.24262 72.07550 2.36169 2.33330 300.41805
6484.30488 71.29707 2.33742 2.30810 295.63546
6484.24212 71.24073 2.33924 2.30628 295.26968
6483.26965 70.29289 2.31640 2.27559 289.89761
6483.24162 70.26466 2.31531 2.27468 289.75146
6482.24364 69.28870 2.31450 2.24308 284.36102
6482.24112 69.28624 2.31437 2.24300 284.34741
6481.24062 68.31277 2.29066 2.21149 278.94180
6481.21176 68.28452 2.29145 2.21057 278.78683
6480.27873 67.28033 2.25261 2.17807 274.03577
6480.24012 67.23793 2.25188 2.17669 273.84395
6479.38772 66.27615 2.23876 2.14556 269.45440
6479.23962 66.10773 2.23043 2.14011 268.64845
6478.51918 65.27197 2.21515 2.11305 264.96129
6478.23912 64.96291 2.20918 2.10304 263.55589
6477.62660 64.26778 2.17599 2.08054 260.44770
6477.23862 63.82325 2.17008 2.06615 258.41653
6476.68457 63.26360 2.15623 2.04803 255.70662
6476.23812 62.81614 2.13675 2.03355 253.75416
6475.73930 62.25941 2.12382 2.01552 251.35041
6475.23762 61.68773 2.10633 1.99702 248.71056
6474.86515 61.25523 2.09138 1.98302 246.81143
6474.23712 60.49868 2.06691 1.95852 243.63089
6474.01806 60.25105 2.06081 1.95051 242.49799
6473.23662 59.34408 2.02920 1.92115 238.48779
6473.14948 59.24686 2.02590 1.91800 238.03833
6472.23612 58.25636 1.99821 1.88593 233.32997
6472.22319 58.24268 1.99773 1.88549 233.26313
6471.38171 57.23849 1.96593 1.85298 228.91282
6471.23562 57.08560 1.96342 1.84803 228.16347
6470.42880 56.23431 1.93131 1.82047 224.06025
6470.23512 56.03095 1.92457 1.81389 223.08001
6469.45601 55.23013 1.90369 1.78796 219.15797
6469.23462 55.00726 1.89338 1.78075 218.05152
6468.44424 54.22594 1.86960 1.75546 214.14216
6468.23412 54.00178 1.86332 1.74820 213.07888
6467.45404 53.22176 1.83235 1.72295 209.40724
6467.23362 53.00720 1.82634 1.71600 208.47624
6466.45646 52.21757 1.80098 1.69044 204.90199
6466.23312 51.99344 1.79155 1.68318 203.80019
6465.48450 51.21339 1.76878 1.65793 200.19692
6465.23262 50.92531 1.75838 1.64861 198.96565
6464.61314 50.20921 1.73031 1.62542 195.92769
6464.23212 49.77645 1.71860 1.61141 194.07493
6463.72611 49.20502 1.69707 1.59291 191.61542
6463.23162 48.58607 1.67590 1.57288 189.19497
6462.92507 48.20084 1.66661 1.56041 187.71500
6462.23112 47.36541 1.63590 1.53336 184.31768
6462.08475 47.19665 1.62962 1.52790 183.60688
6461.23062 46.20690 1.59715 1.49586 179.47067
6461.21736 46.19247 1.59664 1.49539 179.40794
6460.30603 45.18828 1.56072 1.46288 175.10088
6460.23012 45.10030 1.55763 1.46003 174.73598
6459.40626 44.18410 1.52596 1.43037 170.82854
6459.22961 43.99483 1.51890 1.42424 170.02976
6458.32183 43.17992 1.49114 1.39786 166.42888
6458.22911 43.09653 1.48839 1.39516 166.04468
6457.32387 42.17573 1.45536 1.36535 161.98651
6457.22861 42.08249 1.45215 1.36234 161.57547
6456.29743 41.17155 1.42063 1.33285 157.57294
6456.22811 41.10241 1.41807 1.33061 157.27064
6455.22761 40.20205 1.38821 1.30146 153.23511
6455.18839 40.16736 1.38720 1.30034 153.08823
6454.23654 39.16318 1.35435 1.26783 149.09010
6454.22711 39.15514 1.35405 1.26757 149.05291
6453.22661 38.27915 1.32316 1.23921 145.13738
6453.09365 38.15900 1.31895 1.23532 144.61568
6452.22611 37.45111 1.29355 1.21240 141.42910
6451.84677 37.15481 1.28359 1.20281 140.07820
6451.22561 36.59747 1.26440 1.18477 137.70977
6450.72624 36.15063 1.24739 1.17030 135.82029
6450.22511 35.72502 1.23313 1.15653 133.99262
6449.47787 35.14644 1.21258 1.13780 131.54544
6449.22461 34.97499 1.20601 1.13225 130.79531
6448.22411 34.27559 1.18252 1.10960 127.65736
6448.04108 34.14226 1.17779 1.10529 127.07809
6447.22361 33.51995 1.15532 1.08514 124.43020
6446.72139 33.13808 1.14192 1.07278 122.82217
6446.22311 32.76759 1.12886 1.06079 121.26125
6445.40523 32.13389 1.10639 1.04027 118.66256
6445.22261 32.00134 1.10139 1.03598 118.10906
6444.22211 31.27924 1.07628 1.01260 115.10699
6444.03617 31.12971 1.07122 1.00776 114.53861
6443.22161 30.24625 1.04299 0.97916 111.54047
6443.09879 30.12552 1.03889 0.97525 111.08839
6442.22111 29.32613 1.00979 0.94937 108.00449
6441.96745 29.12134 1.00255 0.94275 107.20499
6441.22061 28.56436 0.98350 0.92471 105.04362
6440.56014 28.11715 0.96736 0.91024 103.30071
6440.22011 27.95347 0.96158 0.90494 102.59755
6439.21961 27.46958 0.94446 0.88927 100.54814
6438.56724 27.11297 0.93216 0.87773 99.10655
6438.21911 26.91851 0.92513 0.87143 98.33306
6437.21861 26.41618 0.90686 0.85517 96.31467
6436.63630 26.10879 0.89573 0.84522 95.11176
6436.21811 25.88981 0.88793 0.83813 94.26131
6435.21761 25.27425 0.86584 0.81820 91.94495
6434.96840 25.10460 0.85970 0.81271 91.31747
6434.21711 24.50079 0.83828 0.79316 89.13308
6433.72070 24.10042 0.82398 0.78020 87.69592
6433.21661 23.78755 0.81278 0.77007 86.54718
6432.21611 23.30776 0.79537 0.75454 84.75139
6431.74107 23.09623 0.78773 0.74769 83.96067
6431.21561 22.82288 0.77801 0.73885 82.96979
6430.21511 22.20321 0.75817 0.71878 80.96379
6430.04177 22.09205 0.75478 0.71519 80.62015
6429.21461 21.67725 0.74079 0.70176 79.22535
6428.26172 21.08787 0.71927 0.68268 77.10639
6428.21411 21.05777 0.71818 0.68170 77.00041
6427.21361 20.53521 0.69937 0.66479 75.17123
6426.33270 20.08368 0.68317 0.65017 73.59467
6426.21311 20.01420 0.68069 0.64792 73.35048
6425.21261 19.47123 0.66109 0.63034 71.46422
6424.49975 19.07950 0.64701 0.61766 70.10755
6424.21211 18.94550 0.64217 0.61332 69.64715
6423.21161 18.48434 0.62557 0.59839 68.06525
6422.46854 18.07531 0.61081 0.58515 66.66492
6422.21111 17.95408 0.60640 0.58123 66.24968
6421.21061 17.52807 0.59100 0.56744 64.80638
6420.21011 17.08383 0.57496 0.55305 63.31288
6420.18113 17.07113 0.57450 0.55264 63.27013
6419.20960 16.68047 0.56021 0.54000 61.96483
6418.20910 16.28181 0.54566 0.52709 60.63797
6417.69250 16.06695 0.53790 0.52014 59.92587
6417.20860 15.87400 0.53090 0.51389 59.28946
6416.20810 15.44763 0.51534 0.50009 57.86028
6415.35523 15.06276 0.50129 0.48763 56.57427
6415.20760 15.01404 0.49949 0.48605 56.41846
6414.20710 14.69292 0.48778 0.47565 55.38218
6413.20660 14.30719 0.47377 0.46317 54.10080
6412.68749 14.05858 0.46452 0.45512 53.23634
6412.20610 13.78868 0.45469 0.44638 52.29153
6411.20560 13.24802 0.43651 0.42888 50.54136
6410.82978 13.05439 0.43054 0.42261 49.97286
6410.20510 12.69697 0.41928 0.41104 48.87904
6409.20460 12.18651 0.40107 0.39451 47.11252
6408.89859 12.05021 0.39601 0.39010 46.62841
6408.20410 11.80835 0.38711 0.38227 45.80830
6407.20360 11.44527 0.37399 0.37052 44.58319
6406.20310 11.08846 0.36107 0.35897 43.37546
6406.04659 11.04603 0.35951 0.35759 43.23729
6405.20260 10.92243 0.35473 0.35359 42.89121
6404.20210 10.76769 0.34870 0.34858 42.46447
6403.20160 10.62400 0.34304 0.34393 42.07523
6402.20110 10.47372 0.33710 0.33907 41.66449
6401.20060 10.31164 0.33074 0.33382 41.20349
6400.20010 10.15320 0.32448 0.32869 40.74822
6399.63996 10.04184 0.32023 0.32508 40.40540
6399.19960 9.93416 0.31618 0.32160 40.05258
6398.19910 9.59937 0.30379 0.31076 38.86343
6397.19860 9.23465 0.29026 0.29895 37.55247
6396.73492 9.03766 0.28314 0.29258 36.81814
6396.19810 8.78065 0.27391 0.28426 35.83570
6395.19760 8.17379 0.25210 0.26461 33.48454
6394.99321 8.03347 0.24702 0.26007 32.93549
6394.19710 7.45687 0.22633 0.24140 30.65149
6393.68471 7.02929 0.21120 0.22756 28.94018
6393.19660 6.55722 0.19432 0.21228 27.02889
6392.66470 6.02510 0.17545 0.19505 24.87646
6392.19610 5.45047 0.15490 0.17645 22.47904
6391.84789 5.02092 0.13999 0.16254 20.72976
0.00000 0.00000 0.00000 0.00000 0.00000
