7395.30085 246.44161 8.03616 7.97805 1310.96016
7394.76980 245.85480 8.01697 7.95906 1309.99865
7394.27614 245.35340 8.00051 7.94283 1309.14388
7393.32913 244.23489 7.96335 7.90662 1307.32635
7392.98082 243.75957 7.94788 7.89123 1306.61924
7392.85263 243.64553 7.94422 7.88754 1306.41779
7392.14071 242.82831 7.91918 7.86108 1305.06345
7392.05458 242.72077 7.91594 7.85760 1304.90720
7391.28041 241.88944 7.89018 7.83069 1303.61657
7390.18846 240.48442 7.84376 7.78520 1301.36499
7389.45665 239.33020 7.80589 7.74784 1299.61894
7389.60335 239.52849 7.81239 7.75426 1299.95164
7389.24446 239.06403 7.79716 7.73922 1299.17499
7389.00077 238.73940 7.78648 7.72871 1298.66144
7389.11842 238.88288 7.79120 7.73336 1298.89458
7388.24022 237.97338 7.76131 7.70391 1297.34186
7386.97876 236.28614 7.70579 7.64929 1294.76678
7386.29841 235.14700 7.66847 7.61241 1293.07297
7386.59408 235.59235 7.68288 7.62683 1293.75160
7386.01147 234.80551 7.65776 7.60136 1292.53660
7385.55238 234.14842 7.63784 7.58009 1291.48960
7385.32323 233.83880 7.62817 7.57006 1290.99761
7384.60175 232.84471 7.59582 7.53788 1289.40891
7384.04150 231.98849 7.56787 7.51016 1288.10150
7383.40232 230.88668 7.53166 7.47449 1286.39942
7383.04049 230.22989 7.51003 7.45323 1285.33402
7382.98537 230.16042 7.50775 7.45098 1285.21386
7382.34234 229.09555 7.47283 7.41651 1283.50240
7382.21304 228.87726 7.46567 7.40944 1283.16695
7381.74873 228.14637 7.44157 7.38578 1282.01700
7381.10139 227.05906 7.40553 7.35058 1280.20895
7380.96050 226.81684 7.39765 7.34274 1279.80427
7380.44835 225.90049 7.36914 7.31308 1278.39605
7380.13187 225.37031 7.35296 7.29591 1277.60672
7379.70024 224.63990 7.32984 7.27227 1276.45623
7379.16003 223.58389 7.29481 7.23808 1274.69768
7379.14118 223.54541 7.29354 7.23684 1274.63359
7378.81728 223.05116 7.27733 7.22084 1273.76375
7378.07366 221.75450 7.23474 7.17886 1271.57245
7377.65658 220.92832 7.20744 7.15211 1270.12116
7377.34779 220.26928 7.18570 7.13078 1268.96676
7376.92465 219.41938 7.15775 7.10326 1267.46750
7376.79988 219.19212 7.15030 7.09591 1267.06650
7376.35339 218.30541 7.12111 7.06720 1265.51055
7375.90684 217.37951 7.09033 7.03723 1263.86279
7375.89599 217.38677 7.09057 7.03746 1263.86839
7375.22737 216.09297 7.04963 6.99558 1261.56758
7374.67512 214.78796 7.00894 6.95333 1259.22433
7374.71041 214.85292 7.01106 6.95543 1259.34415
7374.29076 214.02725 6.98363 6.92870 1257.83838
7373.77551 212.80702 6.94336 6.88920 1255.57427
7373.52440 212.24434 6.92492 6.87099 1254.51785
7373.14418 211.31589 6.89448 6.84093 1252.74529
7372.80139 210.32733 6.86206 6.80893 1250.83357
7372.50513 209.57554 6.83713 6.78459 1249.28034
7372.46808 209.50148 6.83465 6.78219 1249.12556
7371.95561 208.23245 6.79282 6.74111 1246.61177
7371.47848 206.74728 6.74721 6.69303 1243.74131
7371.16436 205.66223 6.71181 6.65790 1241.59610
7371.26592 205.97017 6.72201 6.66787 1242.23513
7370.88383 204.90427 6.68660 6.63337 1239.95575
7370.47580 203.50079 6.64046 6.58793 1237.00812
7370.19093 202.42892 6.60516 6.55323 1234.80787
7370.04283 201.89098 6.58753 6.53582 1233.65904
7369.81375 201.00553 6.55831 6.50715 1231.75698
7369.56321 199.77975 6.51786 6.46747 1229.20059
7369.33748 198.62400 6.48232 6.43005 1226.84718
7369.14667 197.51179 6.44693 6.39405 1224.55962
7368.95756 196.41731 6.41056 6.35862 1222.16842
7368.80201 195.39187 6.37692 6.32542 1219.95183
7368.73665 194.90906 6.36106 6.30979 1218.88456
7368.60284 193.63301 6.31909 6.26848 1216.04721
7368.52013 192.27929 6.27438 6.22466 1213.21658
7368.47657 191.10319 6.23627 6.18658 1210.77563
7368.44789 189.94750 6.20090 6.14917 1208.36221
7388.43991 188.87952 6.17088 6.11460 1327.12820
7388.45590 188.21661 6.14917 6.09314 1326.70902
7388.49409 187.59657 6.12867 6.07306 1326.41907
7388.56848 186.88363 6.10503 6.04998 1326.23081
7388.60229 186.64641 6.09717 6.04230 1326.22248
7388.66754 186.15266 6.08079 6.02632 1326.12977
7388.79364 185.27191 6.05177 5.99781 1325.93475
7388.93663 184.38683 6.02309 5.96915 1325.72201
7389.09219 183.46194 5.99378 5.93921 1325.42167
7389.20454 182.80371 5.97308 5.91790 1325.19521
7389.36743 182.14740 5.95246 5.89666 1325.32425
7389.32723 182.31738 5.95781 5.90216 1325.31084
7389.59491 181.33937 5.92679 5.87050 1325.60400
7389.84966 180.37363 5.89531 5.83924 1325.61918
7390.03053 179.71847 5.87379 5.81803 1325.61703
7390.10388 179.55342 5.86839 5.81268 1325.83321
7390.36485 178.79510 5.84363 5.78813 1326.18292
7390.68286 177.77154 5.81017 5.75500 1326.18784
7390.89982 177.10049 5.78819 5.73327 1326.21290
7390.91302 177.10734 5.78842 5.73350 1326.33703
7391.35927 175.98726 5.75182 5.69724 1327.04490
7391.69539 174.90638 5.71654 5.66224 1326.85157
7391.94463 174.23067 5.69434 5.64037 1326.97868
7391.95511 174.22293 5.69408 5.64012 1327.04263
7392.38815 173.13117 5.65811 5.60478 1327.49062
7392.75449 172.04802 5.62457 5.56971 1327.52131
7393.05602 171.24610 5.59935 5.54375 1327.71069
7393.09004 171.15645 5.59652 5.54085 1327.73368
7393.48704 170.07593 5.56178 5.50587 1327.84966
7393.78760 169.21266 5.53383 5.47792 1327.75557
7393.93222 168.88128 5.52311 5.46719 1327.97530
7394.27623 168.00799 5.49460 5.43892 1328.22320
7394.70722 166.70975 5.45147 5.39689 1327.83596
7394.93296 165.94604 5.42610 5.37217 1327.41415
7394.90084 166.08953 5.43084 5.37682 1327.57848
7395.29595 165.11694 5.39896 5.34533 1328.03806
7395.72060 163.88062 5.36011 5.30531 1328.09529
7396.03720 162.93956 5.33154 5.27484 1328.09274
7396.03057 162.97066 5.33250 5.27585 1328.12522
7396.35006 162.13663 5.30579 5.24885 1328.28354
7396.70471 161.15361 5.27334 5.21703 1328.26384
7397.03237 160.30755 5.24571 5.18964 1328.51268
7397.31761 159.46289 5.21813 5.16229 1328.48120
7397.68254 158.18967 5.17655 5.12107 1327.96914
7397.95673 157.04135 5.13893 5.08390 1327.07675
7398.16744 156.22268 5.11199 5.05740 1326.76668
7398.33041 155.64884 5.09369 5.03882 1326.77646
7398.48207 155.07966 5.07641 5.02039 1326.81337
7398.78466 153.84651 5.03766 4.98047 1326.49473
7399.01420 152.74699 5.00177 4.94488 1325.92810
7399.19736 151.93644 4.97542 4.91864 1325.69776
7399.39783 151.13932 4.94930 4.89283 1325.81411
7399.50192 150.69109 4.93455 4.87832 1325.82304
7399.75584 149.46739 4.89423 4.83871 1325.58515
7399.99314 148.05154 4.84769 4.79287 1324.97782
7400.15277 146.77522 4.80671 4.75155 1324.12980
7400.26277 145.79205 4.77580 4.71973 1323.43311
7400.38622 144.82625 4.74533 4.68846 1323.00155
7400.50117 143.86506 4.71442 4.65734 1322.59792
7400.60653 143.10611 4.68967 4.63277 1322.50669
7400.66666 142.59202 4.67278 4.61613 1322.35811
7400.78024 141.42179 4.63416 4.57825 1321.86201
7400.87037 140.13128 4.59167 4.53647 1321.14251
7400.91972 138.92641 4.55246 4.49746 1320.37716
7400.95418 137.74303 4.51487 4.45916 1319.59131
7380.95994 136.58407 4.47254 4.42164 1081.77162
7380.95373 135.71509 4.44569 4.39350 1079.13788
7380.93328 134.82651 4.41653 4.36474 1076.18542
7380.90628 133.93280 4.38697 4.33581 1073.31386
7380.87060 133.12619 4.36053 4.30969 1070.76053
7380.81499 132.33803 4.33458 4.28418 1068.14159
7380.73437 131.43118 4.30480 4.25482 1064.97911
7380.85395 132.32104 4.33405 4.28363 1068.49944
7380.66023 131.24852 4.29879 4.24891 1063.74977
7380.47793 130.15171 4.26260 4.21340 1059.23140
7380.31598 129.14918 4.22938 4.18095 1055.34660
7380.17077 128.27289 4.20203 4.15258 1052.06218
7380.02746 127.50942 4.17871 4.12786 1049.10154
7379.99057 127.35057 4.17371 4.12272 1048.40838
7379.90969 127.07149 4.16470 4.11369 1047.05009
7379.60075 125.86995 4.12472 4.07479 1041.67844
7379.38565 124.91733 4.09322 4.04395 1037.86097
7379.19012 124.19676 4.06947 4.02062 1034.74566
7379.15199 124.07869 4.06557 4.01680 1034.16970
7378.95430 123.46048 4.04516 3.99679 1031.22958
7378.60052 122.29333 4.00669 3.95900 1026.16252
7378.37519 121.47021 3.97925 3.93236 1023.06474
7378.38353 121.51792 3.98085 3.93390 1023.18167
7378.15261 120.96744 3.96256 3.91608 1020.37007
7377.82906 120.02734 3.93245 3.88565 1016.27540
7377.54423 119.34491 3.91147 3.86355 1012.89133
7377.59630 119.47437 3.91544 3.86774 1013.50533
7377.22819 118.66433 3.89008 3.84152 1009.18021
7376.76991 117.68229 3.85726 3.80973 1003.57445
7376.55143 117.20261 3.84113 3.79420 1000.89416
7376.21658 116.43707 3.81567 3.76942 996.90070
7375.80614 115.47957 3.78394 3.73842 992.06990
7375.64788 115.13076 3.77237 3.72713 990.24374
7375.44202 114.71644 3.75861 3.71372 987.89502
7374.94690 113.63966 3.72286 3.67886 982.44111
7374.74564 113.19342 3.70791 3.66441 980.28117
7374.83594 113.39610 3.71472 3.67097 981.24211
7374.24914 112.34973 3.67942 3.63710 974.83339
7374.04433 111.98684 3.66746 3.62535 972.62359
7373.86670 111.68672 3.65786 3.61563 970.71669
7373.31008 110.79887 3.62989 3.58689 964.61790
7373.17017 110.58925 3.62329 3.58011 963.09096
7372.37746 109.26150 3.57921 3.53712 954.90429
7371.80698 108.13130 3.54134 3.50053 949.21571
7372.40741 109.14142 3.57534 3.53324 955.40517
7371.58758 107.96127 3.53535 3.49503 946.68345
7371.11558 107.18236 3.50904 3.46981 941.80452
7371.00539 106.98781 3.50250 3.46352 940.72891
7370.56876 106.37842 3.48166 3.44379 936.27786
7370.60442 106.43483 3.48358 3.44561 936.62076
7369.81190 105.37739 3.44770 3.41138 929.14306
7369.57173 105.04308 3.43630 3.40056 926.89056
7368.99584 104.24521 3.40901 3.37473 921.52428
7368.66841 103.78340 3.39283 3.35978 918.33491
7368.64086 103.75228 3.39170 3.35877 918.04514
7367.96341 102.94259 3.36265 3.33256 910.98488
7367.30605 102.07156 3.33139 3.30436 904.39930
7366.64798 101.09549 3.30055 3.27276 897.85441
7366.80993 101.32724 3.30738 3.28027 899.50260
7366.14359 100.47646 3.27906 3.25272 892.75621
7365.79323 100.00107 3.26229 3.23733 889.30678
7365.31843 99.41422 3.24135 3.21834 884.53647
7364.57001 98.37815 3.20480 3.18480 877.42850
7364.53698 98.33149 3.20314 3.18329 877.11615
7363.86652 97.42714 3.17005 3.15401 870.60440
7364.01460 97.62627 3.17716 3.16046 872.02763
7363.33822 96.81263 3.14799 3.13412 865.28544
7362.95782 96.36860 3.13324 3.11974 861.47537
7362.22645 95.45086 3.10364 3.09003 854.21663
7361.86033 94.94165 3.08637 3.07355 850.83472
7362.10362 95.24072 3.09666 3.08323 853.15993
7361.36218 94.46773 3.06915 3.05820 845.95627
7360.86124 93.89523 3.04844 3.03967 841.47276
7360.13116 93.05115 3.02042 3.01234 834.61374
7359.69113 92.52781 3.00515 2.99540 830.23997
7358.88853 91.48550 2.97459 2.96166 822.20165
7359.28940 91.95959 2.98899 2.97701 826.31843
7358.44858 91.04826 2.96107 2.94751 817.56259
7357.87030 90.35947 2.93900 2.92521 811.92812
7357.53794 89.92198 2.92472 2.91104 808.78459
7357.53660 89.96632 2.92619 2.91248 808.63296
7356.67371 89.05157 2.89610 2.88287 799.78847
7356.27293 88.58097 2.88064 2.86763 795.84325
7355.90067 88.19607 2.86815 2.85517 792.01800
7355.19046 87.42741 2.84366 2.83029 784.69556
7354.95987 87.13547 2.83418 2.82084 782.49910
7354.48189 86.66497 2.81835 2.80560 777.59835
7353.91020 86.04237 2.79656 2.78545 771.85870
7353.46214 85.53994 2.77874 2.76918 767.36089
7353.19868 85.30570 2.77034 2.76160 764.49532
7352.31691 84.35912 2.73780 2.73096 755.20884
7352.04155 84.05275 2.72731 2.72104 752.41764
7351.24052 83.17621 2.69688 2.69266 744.90343
7350.67418 82.49886 2.67164 2.67074 739.94140
7349.90584 81.51348 2.63182 2.63884 732.98932
7349.85147 81.45761 2.62950 2.63703 732.43609
7349.16393 80.58016 2.59491 2.60862 725.83841
7349.29797 80.73879 2.60107 2.61376 727.16086
7348.76499 80.17117 2.57938 2.59538 721.70198
7348.77404 80.16615 2.57919 2.59522 721.84229
7348.06183 79.51880 2.55526 2.57426 714.30668
7346.85195 78.19824 2.50998 2.53151 702.29563
7346.31813 77.47140 2.48518 2.50798 697.54575
7346.21051 77.34992 2.48095 2.50405 696.51794
7346.02449 77.16437 2.47450 2.49804 694.67533
7345.29625 76.38765 2.44901 2.47290 687.34365
7345.21827 76.27665 2.44559 2.46930 686.63201
7344.70699 75.78740 2.43133 2.45347 681.27089
7343.96940 75.04490 2.40863 2.42943 673.64087
7343.15841 74.12018 2.37788 2.39949 666.36932
7342.65390 73.53424 2.35851 2.38052 662.17282
7341.78744 72.42398 2.32350 2.34458 655.16246
7342.28667 73.01572 2.34217 2.36374 659.43237
7341.34492 71.98335 2.30809 2.33032 650.92535
7340.92012 71.48595 2.29027 2.31421 647.03067
7340.29778 70.71670 2.26490 2.28931 641.48194
7340.08557 70.49873 2.25853 2.28226 639.46361
7339.47945 69.76379 2.23786 2.25846 634.21415
7339.30462 69.57647 2.23238 2.25240 632.63523
7338.56305 68.76529 2.20561 2.22614 626.00174
7337.97644 68.03304 2.18040 2.20243 621.09991
7337.86592 67.91650 2.17658 2.19866 620.10262
7337.18582 67.15768 2.15408 2.17410 614.27018
7336.95354 66.88632 2.14608 2.16531 612.32014
7336.31286 66.17086 2.12380 2.14215 606.62811
7336.63775 66.51025 2.13474 2.15314 609.63567
7335.76557 65.68575 2.10743 2.12644 601.32150
7334.88606 64.77295 2.07930 2.09689 593.58365
7333.98823 63.69422 2.05022 2.06197 587.40626
7334.63930 64.39617 2.06972 2.08470 592.11948
7333.73070 63.51680 2.04420 2.05623 585.08313
7333.94211 63.71278 2.05056 2.06257 586.77181
7333.04435 62.91874 2.02207 2.03687 579.09416
7332.70531 62.61720 2.01074 2.02711 575.94734
7332.04207 62.00427 1.99081 2.00726 570.20549
7331.88857 61.89105 1.98795 2.00360 568.77206
7331.11862 61.23348 1.97174 1.98231 561.90831
7330.70821 60.86841 1.96207 1.97049 558.33693
7330.45526 60.66986 1.95579 1.96407 556.02581
7329.60560 59.99934 1.93213 1.94236 548.41067
7329.66072 60.02138 1.93319 1.94307 548.99247
7328.80792 59.40537 1.91332 1.92313 541.15864
7328.36220 59.07453 1.90392 1.91242 537.15680
7327.40831 58.31461 1.87936 1.88782 528.92445
7327.06501 58.03415 1.87234 1.87874 525.93091
7326.51254 57.60137 1.86162 1.86473 520.95395
7325.85176 57.08750 1.84380 1.84809 515.26526
7325.67082 56.94175 1.83859 1.84338 513.82059
7324.73577 56.25366 1.81787 1.82110 506.85386
7324.09913 55.74356 1.80345 1.80459 501.45919
7323.12748 54.89766 1.77934 1.77720 493.88089
7323.34666 55.07746 1.78425 1.78302 495.59224
7322.64286 54.53278 1.76862 1.76539 489.86627
7322.51108 54.43662 1.76522 1.76228 488.75746
7322.39424 54.36097 1.76212 1.75983 487.72647
7321.44271 53.78679 1.73891 1.74124 479.45685
7320.78497 53.35000 1.72519 1.72710 473.98719
7319.97881 52.77692 1.70895 1.70855 467.47788
7319.34114 52.35268 1.69327 1.69481 462.26218
7318.38697 51.62876 1.67297 1.67138 454.83444
7317.48280 50.87959 1.64784 1.64713 448.03919
7317.18008 50.62867 1.63874 1.63900 445.76126
7316.16799 49.76144 1.61629 1.61093 438.81704
7315.86273 49.48778 1.60655 1.60207 437.09180
7314.86440 48.56271 1.57692 1.57212 429.96711
7315.35329 48.97996 1.58858 1.58563 433.72231
7314.64087 48.41218 1.57236 1.56725 428.20331
7314.47421 48.31763 1.56951 1.56419 426.85982
7313.80455 47.82205 1.55330 1.54814 421.81951
7313.23057 47.41573 1.53657 1.53499 417.56988
7313.53722 47.61944 1.54483 1.54158 419.86953
7312.37654 46.92700 1.52005 1.51917 411.03996
7311.87940 46.58941 1.50935 1.50824 407.37486
7312.43235 46.86085 1.51853 1.51703 411.69547
7311.82272 46.64828 1.51103 1.51014 406.74809
7310.36415 45.95679 1.48342 1.48776 395.71865
7309.35362 45.35110 1.46479 1.46815 388.50045
7308.26663 44.66848 1.43935 1.44605 380.84632
7307.55200 44.16870 1.42108 1.42987 376.57519
7306.55823 43.42536 1.39546 1.40581 370.13668
7305.88401 42.88083 1.37345 1.38818 365.71482
7305.39250 42.47548 1.35926 1.37506 362.52072
7304.75509 41.97418 1.34072 1.35883 358.37080
7304.77146 41.97142 1.34066 1.35874 358.49523
7303.91963 41.37506 1.31799 1.33943 352.91576
7304.31704 41.63640 1.32776 1.34790 355.52894
7303.71407 41.25712 1.31359 1.33562 351.55395
7303.34261 41.07539 1.30666 1.32973 349.07394
7304.07986 41.40115 1.31913 1.34028 354.05852
7303.05627 41.01799 1.30417 1.32788 347.10849
7301.75445 40.49905 1.28455 1.31108 338.64262
7300.12350 39.66369 1.25703 1.28403 328.47163
7299.14842 39.02818 1.23502 1.26346 322.48532
7298.35056 38.50191 1.21584 1.24642 318.10610
7298.74992 38.74283 1.22470 1.25422 320.19255
7297.95548 38.30118 1.20865 1.23992 315.99269
7297.52995 38.09163 1.20132 1.23314 313.44501
7297.62686 38.13402 1.20280 1.23451 314.02312
7296.48084 37.63952 1.18578 1.21850 307.44831
7295.29721 37.06048 1.16557 1.19976 300.78955
7295.07393 36.94133 1.16142 1.19590 299.54604
7294.12974 36.46017 1.14498 1.18033 294.33714
7293.25954 36.02225 1.13045 1.16615 289.61384
7292.99975 35.88337 1.12577 1.16165 288.20898
7292.15058 35.43912 1.11071 1.14727 283.66860
7291.42341 35.09046 1.09914 1.13598 279.91451
7291.15145 34.95006 1.09446 1.13144 278.49264
7290.09343 34.42141 1.07692 1.11432 273.24014
7289.22814 33.96605 1.06145 1.09958 269.06455
7289.38166 34.04008 1.06399 1.10198 269.83116
7288.26654 33.52109 1.04611 1.08518 264.35531
7287.16402 32.95561 1.02623 1.06687 258.93745
7287.18637 32.95691 1.02628 1.06691 259.01492
7286.44601 32.59568 1.01355 1.05522 255.48351
7285.61752 32.23432 1.00051 1.04352 251.73758
7284.08979 31.39059 0.97089 1.01621 244.31100
7283.30210 30.85847 0.95422 0.99898 240.34361
7283.45124 30.95172 0.95696 1.00200 241.05261
7284.32114 31.31317 0.96846 1.01370 244.67413
7284.21349 31.28316 0.96743 1.01273 244.26413
7283.38876 31.12274 0.96203 1.00754 241.47037
7282.04187 30.77587 0.95145 0.99631 236.96579
7280.89204 30.39178 0.93988 0.98387 233.08467
7279.91202 30.00411 0.92714 0.97132 229.56382
7278.68356 29.50096 0.90994 0.95503 224.89862
7277.54861 28.96108 0.89198 0.93756 220.37212
7277.21153 28.76424 0.88542 0.93118 218.84808
7276.29330 28.34258 0.87144 0.91753 215.30678
7275.45932 27.91064 0.85709 0.90355 211.86866
7274.64961 27.47121 0.84245 0.88933 208.44163
7273.61878 26.85743 0.82205 0.86946 203.79022
7274.15667 27.13863 0.83134 0.87856 205.99926
7274.46455 27.22542 0.83419 0.88137 206.84911
7274.60873 27.28340 0.83611 0.88325 207.34812
7273.66665 27.13164 0.83127 0.87833 205.41683
7272.26195 26.80299 0.82069 0.86769 202.21249
7270.65593 26.26562 0.80315 0.85030 197.77788
7269.55814 25.79174 0.78761 0.83496 194.13892
7268.39723 25.25632 0.77010 0.81762 190.09105
7267.66839 24.89441 0.75829 0.80591 187.40739
7266.76530 24.40048 0.74202 0.78992 183.77555
7265.76201 23.83348 0.72348 0.77156 179.65508
7266.61352 24.25384 0.73715 0.78517 182.74021
7266.63041 24.21041 0.73568 0.78376 182.45370
7266.76994 24.28287 0.73805 0.78611 182.98526
7265.56836 24.07706 0.73171 0.77945 181.26601
7264.08787 23.70014 0.71980 0.76724 178.47241
7262.10089 22.93122 0.69448 0.74235 172.88406
7260.82403 22.26286 0.67472 0.72072 168.52277
7259.91660 21.73707 0.65939 0.70369 165.14957
7260.67482 22.10693 0.67041 0.71567 167.56776
7260.32926 21.95648 0.66607 0.71080 166.61476
7259.65455 21.76989 0.66066 0.70476 165.44283
7258.89429 21.51123 0.65241 0.69638 163.65655
7258.90678 21.50256 0.65211 0.69610 163.58629
7258.56517 21.40923 0.64905 0.69308 162.94178
7258.12777 21.34494 0.64711 0.69100 162.56868
7256.89345 21.16897 0.64176 0.68530 161.59366
7255.32847 20.83751 0.63154 0.67457 159.67086
7253.60522 20.27030 0.61361 0.65621 155.94785
7252.47512 19.78359 0.59796 0.64045 152.61331
7251.29046 19.21677 0.57966 0.62210 148.63720
7251.16087 19.15027 0.57751 0.61995 148.16692
7251.35232 19.20150 0.57911 0.62161 148.47351
7250.89713 19.08614 0.57553 0.61788 147.80037
7249.83439 18.78756 0.56619 0.60821 145.98536
7248.98747 18.52310 0.55784 0.59965 144.32523
7248.64697 18.39724 0.55383 0.59557 143.49499
7247.98518 18.20584 0.54783 0.58938 142.32503
7247.06101 17.96926 0.54048 0.58172 140.96323
7245.99854 17.67890 0.53142 0.57232 139.24659
7246.10987 17.70845 0.53234 0.57328 139.41922
7245.34410 17.50673 0.52604 0.56675 138.19129
7244.56997 17.34814 0.52121 0.56161 137.35417
7243.15282 17.04039 0.51190 0.55165 135.74154
7241.74165 16.62728 0.49908 0.53827 133.18923
7241.20696 16.45184 0.49359 0.53260 132.04507
7240.92600 16.32536 0.48957 0.52850 131.13141
7241.15509 16.37963 0.49120 0.53026 131.44267
7240.81408 16.36639 0.49105 0.52983 131.57972
7239.34638 16.24427 0.48821 0.52588 131.64838
7237.46253 15.90651 0.47858 0.51494 130.12241
7236.13211 15.52350 0.46686 0.50254 127.59193
7235.75604 15.39388 0.46286 0.49835 126.70962
7235.32982 15.26931 0.45908 0.49431 125.90226
7234.36949 15.08590 0.45390 0.48838 124.98150
7232.95987 14.71328 0.44296 0.47631 122.65917
7232.43067 14.55306 0.43821 0.47113 121.58284
0.00000 0.00000 0.00000 0.00000 0.00000
