6586.19304 245.72292 8.07302 7.95479 739.77385
6585.59085 244.88976 8.04525 7.92782 738.83083
6585.32772 244.53420 8.03343 7.91631 738.36736
6584.93173 244.02310 8.01610 7.89976 737.60906
6584.31653 243.19695 7.99058 7.87301 736.17989
6584.24252 243.10943 7.98800 7.87018 735.92548
6583.47711 242.11393 7.95584 7.83795 734.14141
6583.47014 242.11291 7.95580 7.83792 734.08457
6582.69525 241.13166 7.92305 7.80616 732.89006
6582.25642 240.55312 7.90379 7.78743 732.56199
6581.71325 239.80835 7.87896 7.76332 731.69701
6581.16487 239.03500 7.85321 7.73828 730.84957
6581.03884 238.86609 7.84755 7.73281 730.62920
6580.32171 237.88041 7.81473 7.70090 729.54082
6580.36401 237.94178 7.81677 7.70289 729.59074
6579.70975 237.08773 7.78825 7.67524 728.32412
6579.34495 236.62646 7.77278 7.66031 727.53996
6578.76792 235.85043 7.74688 7.63519 726.54186
6578.23043 235.10219 7.72194 7.61096 725.75969
6578.12842 234.97734 7.71765 7.60692 725.53995
6577.35382 233.94184 7.68505 7.57340 723.82706
6577.42050 234.02758 7.68757 7.57617 724.02224
6576.74045 233.16245 7.66057 7.54817 722.25686
6576.29256 232.60080 7.64145 7.52999 721.32583
6575.54461 231.55568 7.60665 7.49615 720.25906
6575.01700 230.74072 7.57951 7.46977 719.97233
6575.56818 231.47109 7.60394 7.49341 720.93672
6574.74397 230.52683 7.57223 7.46285 718.66593
6574.15188 229.77845 7.54719 7.43862 717.34267
6573.47801 228.84025 7.51595 7.40825 716.92107
6573.33089 228.65616 7.50984 7.40229 716.79404
6572.81258 227.96782 7.48691 7.38000 716.33806
6572.38395 227.40686 7.46826 7.36184 715.54187
6572.09855 227.04669 7.45628 7.35018 714.69712
6571.36518 226.09239 7.42384 7.31929 713.41085
6571.10256 225.74333 7.41294 7.30799 712.81178
6570.41939 224.78293 7.38384 7.27690 711.39339
6570.32782 224.67098 7.38001 7.27327 711.18856
6569.91069 224.11464 7.36121 7.25526 710.52017
6569.56597 223.70883 7.34765 7.24213 709.63509
6568.70576 222.59925 7.31047 7.20621 707.98809
6567.87841 221.32272 7.26797 7.16488 707.61471
6568.20255 221.79592 7.28376 7.18020 707.91216
6567.51941 220.85976 7.25242 7.14989 706.93517
6567.49246 220.82890 7.25138 7.14889 706.86156
6566.96094 220.17613 7.22953 7.12776 705.66554
6566.53072 219.63862 7.21156 7.11036 704.77382
6566.23894 219.28791 7.19980 7.09901 704.07817
6565.62599 218.55362 7.17508 7.07524 702.51031
6565.25309 218.10770 7.16017 7.06080 701.81655
6564.41603 217.03731 7.12418 7.02615 701.14960
6564.44998 217.08051 7.12564 7.02755 701.20638
6563.69699 216.13047 7.09639 6.99679 699.08296
6563.52112 215.92216 7.09014 6.99005 698.51729
6562.87759 215.12080 7.06338 6.96411 697.17858
6562.46896 214.60851 7.04617 6.94752 696.33044
6561.96973 213.98126 7.02514 6.92722 695.31804
6561.31394 213.11527 6.99613 6.89918 694.26062
6561.14037 212.88732 6.98847 6.89180 693.96841
6560.39504 211.89814 6.95543 6.85978 692.79207
6560.47335 212.00178 6.95889 6.86313 692.91543
6559.81971 211.18287 6.93142 6.83662 691.60120
6559.64085 210.98249 6.92465 6.83014 691.09813
6558.99976 210.21201 6.89874 6.80519 689.62233
6558.53349 209.64057 6.87961 6.78669 688.61502
6558.05697 209.05461 6.85997 6.76772 687.58613
6557.50127 208.33848 6.83562 6.74454 686.66627
6557.64581 208.52372 6.84180 6.75054 686.93463
6556.79988 207.57822 6.81285 6.71993 683.98705
6556.34572 207.03323 6.79541 6.70229 682.74378
6555.55889 206.03261 6.76175 6.66989 682.17742
6555.36939 205.79675 6.75383 6.66226 681.96563
6554.61004 204.80333 6.72051 6.63010 680.72677
6554.23228 204.27304 6.70275 6.61293 680.35121
6554.13146 204.13531 6.69813 6.60847 680.23410
6553.61384 203.52932 6.67772 6.58885 678.99331
6553.30585 203.14989 6.66497 6.57657 678.35183
6552.56244 202.24438 6.63452 6.54726 676.77201
6552.40156 202.05049 6.62803 6.54098 676.41633
6551.61320 201.05601 6.59463 6.50879 674.95788
6551.54998 200.98394 6.59220 6.50645 674.79842
6550.91300 200.20389 6.56604 6.48120 673.46487
6550.70579 199.96740 6.55807 6.47354 672.92715
6550.10599 199.26979 6.53435 6.45096 671.52202
6549.59520 198.65730 6.51638 6.43113 669.83204
6549.24971 198.24221 6.50324 6.41769 668.90910
6548.75233 197.65436 6.48349 6.39866 667.75163
6548.44603 197.32596 6.47234 6.38803 666.83589
6547.58163 196.29453 6.43762 6.35464 664.93091
6547.42405 196.09622 6.43095 6.34822 664.76512
6546.63267 195.12711 6.39849 6.31685 664.11094
6546.54622 195.02577 6.39508 6.31357 663.89892
6545.87724 194.20551 6.36744 6.28702 662.44074
6545.69609 194.01087 6.36087 6.28071 661.91415
6545.00313 193.18919 6.33322 6.25411 660.37269
6544.60097 192.70154 6.31679 6.23833 659.52941
6544.19921 192.22640 6.30077 6.22295 658.62802
6543.67481 191.60488 6.27992 6.20282 657.43701
6543.45890 191.35964 6.27164 6.19489 656.88377
6542.74391 190.54344 6.24399 6.16846 655.11364
6542.42065 190.16695 6.23266 6.15627 654.05614
6541.56937 189.13793 6.19996 6.12296 651.86697
6541.48141 189.03021 6.19629 6.11947 651.70455
6540.64467 187.98994 6.16132 6.08580 650.17462
6540.54449 187.85315 6.15672 6.08137 650.07554
6540.15819 187.38744 6.14105 6.06629 649.27935
6539.95553 187.19534 6.13453 6.06007 648.50981
6539.32218 186.49343 6.11073 6.03735 646.81168
6538.85244 185.98823 6.09367 6.02100 645.33135
6538.15678 185.19512 6.06699 5.99532 644.09000
6537.55778 184.46221 6.04235 5.97160 643.63847
6537.30855 184.16707 6.03236 5.96204 643.09671
6536.62203 183.34713 6.00475 5.93550 641.53714
6536.64191 183.37013 6.00552 5.93624 641.58317
6535.80333 182.42853 5.97345 5.90576 639.52687
6535.50546 182.08217 5.96292 5.89455 638.57738
6534.69739 181.09533 5.93209 5.86260 636.49440
6534.68491 181.08557 5.93176 5.86228 636.43215
6533.99151 180.27610 5.90428 5.83608 634.87526
6533.76970 180.03008 5.89595 5.82811 634.28152
6533.02509 179.17728 5.86720 5.80051 632.51520
6532.45812 178.47656 5.84351 5.77782 631.48015
6532.22347 178.17409 5.83332 5.76803 631.16774
6531.78581 177.68379 5.81675 5.75216 630.04412
6531.42735 177.27925 5.80310 5.73906 629.13966
6530.77323 176.52145 5.77746 5.71453 627.64822
6530.91282 176.67938 5.78282 5.71964 627.98548
6530.05458 175.79890 5.75290 5.69114 625.24867
6529.60244 175.30035 5.73611 5.67500 624.52680
6528.74927 174.32707 5.70323 5.64349 623.10300
6528.60042 174.15515 5.69744 5.63792 622.70183
6527.77222 173.17389 5.66398 5.60616 621.04516
6527.79123 173.20040 5.66489 5.60702 621.05017
6527.01341 172.32307 5.63757 5.57861 618.56594
6526.89421 172.18622 5.63350 5.57418 618.15998
6526.14330 171.37489 5.60664 5.54792 615.90101
6525.50023 170.61797 5.58097 5.52342 614.56761
6525.08683 170.09159 5.56320 5.50638 613.99064
6524.80650 169.78026 5.55264 5.49630 613.27357
6524.46829 169.40634 5.53997 5.48419 612.39743
6523.84570 168.72445 5.51686 5.46212 610.72333
6523.43613 168.26227 5.50117 5.44715 609.72542
6522.82850 167.56358 5.47744 5.42454 608.35378
6523.07716 167.83157 5.48654 5.43321 609.04869
6522.22295 167.00347 5.45834 5.40640 605.96527
6521.64452 166.39252 5.43760 5.38662 604.26928
6520.85454 165.51825 5.40800 5.35832 602.16122
6520.75239 165.40807 5.40429 5.35476 601.94436
6519.88118 164.45356 5.37160 5.32386 600.84411
6519.85130 164.42182 5.37056 5.32283 600.75970
6518.93296 163.42135 5.34027 5.29044 597.30035
6518.90465 163.39231 5.33931 5.28950 597.20424
6517.99636 162.40352 5.30546 5.25749 594.83242
6517.72434 162.09942 5.29518 5.24764 594.14198
6516.94196 161.19846 5.26456 5.21848 592.43168
6516.84847 161.08678 5.26076 5.21486 592.26312
6516.31428 160.50507 5.24098 5.19603 590.81564
6516.03663 160.22973 5.23157 5.18712 589.85975
6515.37731 159.52616 5.20761 5.16434 587.97804
6515.03237 159.17342 5.19554 5.15292 586.87349
6514.30494 158.40167 5.16925 5.12794 584.77175
6514.01712 158.07025 5.15800 5.11721 584.14228
6513.67269 157.73316 5.14644 5.10630 582.91501
6513.19723 157.26441 5.13043 5.09112 581.27606
6512.71442 156.77643 5.11376 5.07532 579.62069
6512.18771 156.27794 5.09679 5.05919 577.79011
6511.37025 155.42324 5.06731 5.03152 576.47942
6510.93235 154.93587 5.05156 5.01574 575.11970
6510.52999 154.51736 5.03925 5.00219 573.29588
6510.01249 153.97281 5.02141 4.98456 571.56244
6509.45887 153.38941 5.00155 4.96568 569.96820
6508.77605 152.63077 4.97549 4.94112 568.28150
6508.60273 152.42225 4.96838 4.93437 567.98191
6508.07344 151.87801 4.94977 4.91675 566.28704
6507.69533 151.48709 4.93636 4.90409 565.11521
6507.01066 150.75911 4.91136 4.88052 563.13430
6506.87002 150.61695 4.90649 4.87592 562.66694
6506.12997 149.86755 4.88072 4.85166 560.22056
6505.94666 149.67823 4.87421 4.84553 559.64038
6505.29649 149.03646 4.85216 4.82476 557.34240
6505.09905 148.85696 4.84594 4.81895 556.51156
6504.28623 148.08121 4.81939 4.79383 553.36253
6503.74860 147.53927 4.80069 4.77629 551.54802
6503.02560 146.78483 4.77422 4.75187 549.51331
6502.89593 146.64399 4.76957 4.74731 549.25418
6502.23715 145.99715 4.75003 4.72637 547.18618
6501.90527 145.66856 4.73954 4.71573 546.01953
6501.19717 144.96322 4.71517 4.69289 543.22215
6500.54108 144.29167 4.69175 4.67115 541.13161
6499.72336 143.35495 4.65940 4.64083 539.23599
6500.01774 143.65832 4.66989 4.65065 540.19156
6499.28305 142.95033 4.64527 4.62773 537.39136
6499.08963 142.75704 4.63857 4.62147 536.70892
6498.30910 142.00953 4.61263 4.59727 533.67384
6497.80947 141.51361 4.59536 4.58122 531.87588
6497.05929 140.72613 4.56790 4.55573 529.52674
6496.97520 140.64693 4.56512 4.55316 529.18912
6496.27494 139.94815 4.54069 4.53054 526.62904
6496.52141 140.17359 4.54859 4.53784 527.69149
6495.63215 139.42996 4.52239 4.51377 523.30706
6494.74270 138.57424 4.49247 4.48606 519.73107
6494.12360 137.93542 4.46993 4.46538 518.45527
6493.83029 137.64614 4.45966 4.45602 517.84091
6493.20809 137.02904 4.43980 4.43604 515.39352
6492.79141 136.61565 4.42583 4.42266 513.41918
6492.12995 135.95205 4.40372 4.40118 510.64449
6491.75645 135.56672 4.39032 4.38870 509.33568
6491.16113 134.97219 4.36910 4.36945 507.11838
6490.80657 134.61225 4.35637 4.35780 505.82408
6490.29354 134.10554 4.33843 4.34140 503.84439
6489.91535 133.75090 4.32581 4.32992 502.23759
6489.26875 133.12420 4.30350 4.30963 499.59057
6488.92567 132.78547 4.29144 4.29866 498.25862
6488.48791 132.38486 4.27715 4.28569 496.27580
6487.93440 131.87784 4.25898 4.26928 493.72680
6487.58567 131.55325 4.24733 4.25877 492.18239
6486.92372 130.97660 4.22663 4.24011 488.89871
6486.30964 130.40509 4.20606 4.22160 486.17187
6485.61669 129.72785 4.18177 4.19968 483.14674
6485.45036 129.57898 4.17631 4.19486 482.41924
6484.63134 128.81701 4.14925 4.17019 479.85423
6484.47199 128.66566 4.14443 4.16529 479.11319
6483.57710 127.84659 4.11757 4.13878 474.07994
6483.34901 127.62647 4.10955 4.13165 473.11094
6482.41786 126.74424 4.07737 4.10309 468.92954
6482.07890 126.40831 4.06526 4.09222 467.50377
6481.20376 125.50742 4.03255 4.06305 464.06063
6481.56982 125.86310 4.04552 4.07457 465.68413
6480.56169 124.95836 4.01253 4.04528 460.61792
6480.47684 124.88113 4.00973 4.04278 460.19663
6479.48615 123.97860 3.97687 4.01356 455.24931
6479.42352 123.91521 3.97457 4.01151 454.98193
6478.65542 123.22941 3.94960 3.98931 451.00896
6478.55572 123.15333 3.94680 3.98684 450.39433
6477.68031 122.41514 3.91989 3.96295 445.53086
6477.17703 121.95628 3.90322 3.94809 442.85169
6476.65895 121.50902 3.88696 3.93361 440.45056
6475.94348 120.87562 3.86404 3.91311 437.53082
6475.44015 120.40378 3.84684 3.89783 434.94485
6474.88571 119.89381 3.82808 3.88132 432.11792
6474.59019 119.63806 3.81937 3.87304 430.38964
6473.72435 118.85906 3.79508 3.84782 425.03576
6473.35050 118.50714 3.78249 3.83643 423.13645
6472.53356 117.73028 3.75451 3.81128 419.00595
6472.57020 117.76531 3.75576 3.81242 419.19420
6471.62110 116.91832 3.72586 3.78500 414.01137
6471.78988 117.06416 3.73099 3.78972 414.97380
6470.82097 116.24795 3.70244 3.76329 409.27952
6470.98518 116.37972 3.70701 3.76756 410.27863
6470.02240 115.64331 3.68153 3.74372 404.23741
6469.26222 115.00188 3.65929 3.72296 399.78256
6468.57092 114.39545 3.63842 3.70332 395.90127
6468.02627 113.89796 3.62135 3.68722 392.98949
6467.74172 113.65055 3.61282 3.67921 391.39863
6467.01713 113.03922 3.59188 3.65942 387.95106
6466.68251 112.74438 3.58175 3.64987 386.29075
6465.85649 112.03209 3.55759 3.62681 381.41933
6465.79248 111.98244 3.55589 3.62521 381.03807
6464.76097 111.10927 3.52631 3.59694 375.07648
6464.84964 111.17894 3.52845 3.59920 375.64317
6463.83863 110.35862 3.50393 3.57264 369.28961
6462.95585 109.55923 3.47584 3.54676 364.55299
6462.21208 108.80800 3.44943 3.52244 360.82965
6462.63475 109.17861 3.46240 3.53444 363.15877
6462.00360 108.69629 3.44556 3.51883 359.45297
6461.24476 108.06735 3.42289 3.49846 355.28626
6460.91644 107.78389 3.41264 3.48929 353.51978
6460.20348 107.22001 3.39304 3.47103 349.62175
6459.60169 106.71567 3.37634 3.45471 346.39786
6458.65468 105.86424 3.34330 3.42714 342.18964
6458.42463 105.66075 3.33480 3.42056 341.25876
6457.40203 104.70236 3.29562 3.38953 336.33317
6457.35394 104.65722 3.29345 3.38807 336.10624
6456.32371 103.68068 3.24691 3.35645 331.34375
6455.88810 103.23535 3.22643 3.34204 329.40032
6454.95346 102.23958 3.18330 3.30980 325.43176
6455.18917 102.48091 3.19143 3.31761 326.45105
6454.19494 101.49639 3.16799 3.28574 322.03006
6453.42059 100.63466 3.14652 3.25785 318.82428
6452.62808 99.64346 3.12346 3.22576 315.81473
6452.67186 99.68891 3.12441 3.22723 315.99283
6452.04618 98.98256 3.10895 3.20436 313.53411
6452.05716 98.96980 3.10834 3.20395 313.60649
6451.44583 98.38271 3.09884 3.18494 311.14212
6450.47991 97.30203 3.07824 3.14996 307.44860
6449.87639 96.52065 3.06266 3.12466 305.40936
6449.48570 96.02495 3.05202 3.10862 304.26805
6449.50258 96.05087 3.05262 3.10945 304.31073
6448.88298 95.36757 3.03975 3.08733 302.30983
6448.83519 95.32591 3.03922 3.08599 302.12060
6448.07976 94.54222 3.02586 3.06062 299.23448
6448.23847 94.69904 3.02878 3.06569 299.82692
6447.48017 94.00266 3.01715 3.04315 297.02388
6447.32281 93.86019 3.01505 3.03854 296.44060
6446.78404 93.38752 3.00877 3.02323 294.40284
6446.58236 93.23128 3.00716 3.01818 293.63158
6446.21278 92.94656 3.00478 3.00896 292.20908
6445.38111 92.32939 2.99819 2.98898 289.19996
6445.21467 92.19223 2.99645 2.98454 288.61510
6444.31189 91.52429 2.98952 2.96292 285.48406
6444.89715 91.91020 2.99267 2.97541 287.51551
6443.99578 91.38051 2.98934 2.95826 284.39886
6443.00863 90.74919 2.98489 2.93782 281.17856
6442.82485 90.62892 2.98395 2.93393 280.59070
6441.76736 89.95272 2.97875 2.91204 277.32005
6441.26830 89.61359 2.97550 2.90106 275.92628
6440.47751 89.07811 2.97009 2.88373 273.82968
6439.60527 88.44672 2.96366 2.86329 271.30113
6439.38923 88.29455 2.96205 2.85836 270.70038
6438.31826 87.52195 2.95537 2.83335 267.75303
6438.29924 87.49611 2.95494 2.83251 267.68985
6437.47090 86.92446 2.94891 2.81401 265.50828
6436.65485 86.33498 2.94144 2.79492 263.38395
6436.13874 85.93285 2.93523 2.78190 262.02906
6435.24722 85.25722 2.92399 2.76003 259.75119
6435.00793 85.06396 2.92087 2.75378 259.12019
6433.96569 84.24265 2.91011 2.72719 256.47864
6433.25535 83.62218 2.90403 2.70710 254.71557
6432.36511 82.78559 2.88319 2.68002 252.29800
6432.26866 82.69198 2.88013 2.67699 252.03415
6431.47725 81.97469 2.86623 2.65377 250.04491
6431.08189 81.60753 2.87295 2.64188 248.99323
6430.33756 80.90792 2.90117 2.61923 246.98341
6429.79664 80.38453 2.85545 2.60229 245.49779
6429.16426 79.74182 2.72071 2.58148 243.70934
6428.91940 79.50949 2.67860 2.57396 243.05056
6428.25881 78.87311 2.62988 2.55336 241.27017
6427.71823 78.34309 2.62211 2.53620 239.78306
6427.03133 77.63839 2.59797 2.51339 237.86429
6426.62652 77.21612 2.58754 2.49972 236.70286
6425.97065 76.53288 2.56880 2.47760 234.85191
6425.60611 76.14321 2.55739 2.46498 233.78096
6425.09446 75.59848 2.54375 2.44735 232.35798
6424.91290 75.44107 2.54022 2.44225 231.94170
6423.98766 74.51253 2.51572 2.41219 229.51289
6423.28273 73.71516 2.49199 2.38638 227.43634
6422.54481 72.82786 2.46511 2.35766 225.17062
6422.41224 72.67451 2.46046 2.35269 224.76825
6421.56829 71.65498 2.42920 2.31969 222.12369
6421.60307 71.69729 2.43051 2.32106 222.23232
6420.83235 70.79246 2.40237 2.29176 219.88491
6420.68523 70.63101 2.39734 2.28654 219.45794
6420.03236 69.87761 2.37357 2.26215 217.48946
6419.87385 69.70671 2.36811 2.25662 217.03161
6419.22024 69.00388 2.34573 2.23386 215.15494
6418.74540 68.47052 2.32852 2.21660 213.75904
6418.29077 67.96104 2.31206 2.20010 212.41519
6417.86006 67.49079 2.29681 2.18488 211.17727
6417.44226 67.04127 2.28188 2.17033 209.95501
6416.95917 66.51560 2.26512 2.15331 208.58302
6416.74300 66.30168 2.25885 2.14638 208.03067
6416.08200 65.63814 2.23946 2.12490 206.35114
6415.35038 64.86581 2.21342 2.09990 204.26416
6414.57425 63.95019 2.18285 2.07026 201.87390
6414.56727 63.93531 2.18235 2.06978 201.84034
6413.83355 63.13601 2.15541 2.04390 199.79144
6413.57229 62.84589 2.14558 2.03451 199.03245
6412.69837 61.85052 2.11185 2.00229 196.40358
6412.80856 61.97401 2.11606 2.00628 196.73317
6411.87374 60.95033 2.08115 1.97315 193.97995
6411.53570 60.56025 2.06786 1.96052 192.94405
6410.78363 59.65896 2.03695 1.93134 190.58174
6410.55086 59.38954 2.02775 1.92262 189.87138
6409.97427 58.69478 2.00376 1.90013 188.04052
6409.70925 58.39732 1.99335 1.89050 187.23511
6409.05777 57.65430 1.96995 1.86644 185.34929
6408.42594 56.87394 1.94465 1.84118 183.38277
6408.12133 56.49730 1.93129 1.82899 182.36827
6407.47941 55.70307 1.90378 1.80328 180.26606
6407.45303 55.68165 1.90303 1.80258 180.20164
6406.58613 54.65435 1.86734 1.76933 177.43301
6406.59281 54.66338 1.86766 1.76962 177.45672
6405.77796 53.70509 1.83428 1.73859 174.89211
6405.62348 53.53274 1.82830 1.73302 174.43852
6404.94112 52.73159 1.80037 1.70708 172.28839
6404.87316 52.65536 1.79769 1.70461 172.07712
6404.27598 52.02301 1.77554 1.68414 170.29001
6403.79968 51.50723 1.75752 1.66744 168.84602
6403.24910 50.89306 1.73605 1.64756 167.14238
6402.91439 50.52619 1.72318 1.63568 166.11546
6402.50204 50.09898 1.70822 1.62185 164.89960
6402.04769 49.62198 1.69143 1.60641 163.53739
6401.69627 49.27208 1.67885 1.59509 162.51666
6401.12751 48.71000 1.66010 1.57689 160.94395
6400.58557 48.15892 1.64324 1.55905 159.50824
6400.13780 47.69646 1.62747 1.54408 158.21135
6399.57198 47.14664 1.60782 1.52628 156.60161
6399.10419 46.63660 1.59001 1.50977 155.14763
6399.20789 46.73720 1.59353 1.51302 155.44109
6398.55072 46.19771 1.57443 1.49556 153.81793
6397.69178 45.37950 1.54560 1.46907 151.42591
6397.65926 45.33480 1.54404 1.46762 151.30141
6397.00048 44.79746 1.52507 1.45023 149.69265
6396.48607 44.33764 1.50886 1.43534 148.35797
6395.68312 43.61156 1.48327 1.41184 146.22822
6395.57670 43.52634 1.48026 1.40908 145.97217
6394.54502 42.60512 1.44780 1.37926 143.24746
6395.27021 43.19343 1.46859 1.39830 145.00813
6394.27730 42.46291 1.44265 1.37465 142.79611
6393.85181 42.15037 1.43153 1.36453 141.84927
6393.08402 41.56932 1.41103 1.34572 140.11157
6392.31853 40.96563 1.38945 1.32618 138.29885
6391.81452 40.55845 1.37496 1.31300 137.07589
6390.90049 39.79189 1.35081 1.28818 135.01083
6391.19058 40.01569 1.35771 1.29543 135.59878
6390.16112 39.25436 1.33277 1.27078 133.48840
6388.89864 38.14945 1.29348 1.23501 130.19506
6387.99124 37.20029 1.26012 1.20428 127.38224
6388.17795 37.38585 1.26663 1.21029 127.93463
6387.43259 36.68441 1.24201 1.18758 125.84359
6387.64650 36.87531 1.24872 1.19376 126.41370
6387.01043 36.36166 1.23061 1.17714 124.87811
6387.36226 36.58234 1.23845 1.18428 125.54019
6387.98736 36.94673 1.25139 1.19608 126.63767
6386.82839 36.42170 1.23252 1.17908 125.05435
6385.66654 35.79691 1.21008 1.15885 123.20195
6385.26933 35.55711 1.20154 1.15109 122.49290
6384.36976 35.06224 1.18388 1.13507 121.04823
6384.01474 34.86679 1.17688 1.12874 120.47675
6383.21147 34.42205 1.16089 1.11435 119.18402
6382.06035 33.74373 1.13672 1.09239 117.21756
6381.10991 33.10296 1.11397 1.07164 115.34252
6380.09846 32.33912 1.08702 1.04691 113.07648
6379.99074 32.23583 1.08340 1.04357 112.76281
6380.27171 32.40129 1.08927 1.04893 113.24296
6379.71206 32.12855 1.07953 1.04010 112.47590
6379.30600 31.92819 1.07227 1.03361 111.91019
6378.06759 31.24441 1.04772 1.01148 109.91622
6377.04251 30.59034 1.02735 0.99030 108.26420
6377.75947 31.00085 1.03985 1.00359 109.25456
6376.34488 30.28465 1.01720 0.98040 107.51478
6375.06614 29.49642 0.98886 0.95489 105.19446
6375.37789 29.65911 0.99474 0.96015 105.65672
6374.82715 29.37846 0.98465 0.95107 104.86781
6374.34983 29.17243 0.97726 0.94440 104.32170
6373.48092 28.74337 0.96193 0.93051 103.13961
6372.34838 28.12344 0.93976 0.91044 101.37181
6372.15551 28.00366 0.93550 0.90656 101.02031
6371.77984 27.84295 0.92971 0.90136 100.59384
6370.48573 27.17829 0.90595 0.87984 98.71987
6370.03712 26.92058 0.89680 0.87150 97.94506
6370.12579 26.96312 0.89832 0.87288 98.06757
6369.25588 26.59689 0.88513 0.86102 97.08334
6368.46498 26.25421 0.87279 0.84993 96.17256
6368.48331 26.25972 0.87299 0.85011 96.18496
6367.67356 25.94062 0.86145 0.83978 95.36112
6366.71240 25.59759 0.84898 0.82867 94.51177
6366.22739 25.40448 0.84201 0.82242 94.01279
6365.41937 25.10051 0.83100 0.81258 93.24734
6364.15388 24.55943 0.81149 0.79506 91.79307
6363.49540 24.25716 0.80064 0.78528 90.95853
6364.00788 24.46197 0.80804 0.79191 91.49218
6362.64717 23.99993 0.79125 0.77695 90.38148
6361.19276 23.39280 0.76944 0.75730 88.68849
6360.41496 23.02959 0.75616 0.74554 87.63458
6359.54712 22.59146 0.74118 0.73135 86.40599
6358.50417 22.03330 0.72384 0.71328 84.98740
6358.02820 21.78487 0.71571 0.70524 84.31046
6357.64389 21.54727 0.70731 0.69755 83.55395
6357.02134 21.27064 0.69719 0.68859 82.72931
6357.38725 21.41269 0.70249 0.69319 83.13696
6356.87908 21.24066 0.69604 0.68762 82.67643
6355.94615 20.91116 0.68398 0.67696 81.79689
6355.11723 20.63718 0.67408 0.66809 81.10059
6355.99842 20.85795 0.68221 0.67523 81.55688
6355.61566 20.79774 0.67990 0.67329 81.50494
6354.70805 20.66037 0.67459 0.66884 81.40136
6353.74559 20.52018 0.66921 0.66430 81.31925
6352.61824 20.35723 0.66293 0.65902 81.22461
6351.53573 20.17192 0.65592 0.65303 81.00046
6350.44497 19.99566 0.64918 0.64732 80.85412
6349.45846 19.79528 0.64166 0.64083 80.55499
6348.25280 19.48358 0.63021 0.63074 79.88248
6346.87468 19.02604 0.61366 0.61593 78.65884
6345.51301 18.52616 0.59567 0.59975 77.21113
6344.26811 17.96164 0.57551 0.58147 75.37919
6343.12143 17.34437 0.55368 0.56149 73.15306
6341.87744 16.57914 0.52665 0.53672 70.32443
6341.13039 16.06881 0.50869 0.52020 68.37470
6340.05318 15.26424 0.48038 0.49415 65.21707
6339.03553 14.40769 0.45043 0.46642 61.77499
6338.17496 13.58409 0.42138 0.43976 58.35570
6337.28999 12.67318 0.39320 0.41027 55.00160
6336.58024 11.82487 0.36350 0.38281 51.37458
6336.55598 11.80891 0.36293 0.38229 51.31026
0.00000 0.00000 0.00000 0.00000 0.00000
