6590.24509 242.79361 7.98723 7.85996 794.31458
6589.63008 241.94279 7.95881 7.83241 793.51625
6589.31219 241.51359 7.94453 7.81852 793.03751
6588.91988 241.00736 7.92766 7.80213 792.30727
6588.30634 240.18341 7.90016 7.77546 791.36907
6588.19604 240.04844 7.89564 7.77109 791.11761
6587.42727 239.04860 7.86223 7.73872 789.74607
6587.38289 238.99998 7.86059 7.73715 789.60848
6586.63688 238.05537 7.82899 7.70657 788.10931
6586.27578 237.57911 7.81306 7.69115 787.50942
6585.77437 236.89162 7.79018 7.66889 786.84668
6585.22976 236.12353 7.76452 7.64403 786.27843
6585.07754 235.91840 7.75765 7.63739 786.05576
6584.35365 234.92347 7.72436 7.60518 785.17059
6584.32908 234.89576 7.72341 7.60428 785.10617
6583.66195 234.02504 7.69588 7.57609 783.57535
6583.31930 233.59256 7.68310 7.56209 782.48665
6582.80775 232.90429 7.66029 7.53981 782.18726
6582.26179 232.14446 7.63506 7.51521 782.25727
6582.11963 231.96566 7.62908 7.50942 782.03084
6581.35680 230.94582 7.59496 7.47641 780.78526
6581.35657 230.94418 7.59490 7.47636 780.79395
6580.65679 230.05403 7.56506 7.44754 779.50089
6580.29235 229.60052 7.54991 7.43286 778.73809
6579.68224 228.74855 7.52143 7.40528 778.09053
6579.15433 227.93312 7.49435 7.37888 778.08855
6579.35331 228.20417 7.50339 7.38765 778.33156
6578.51756 227.24658 7.47117 7.35665 776.05465
6578.20871 226.85575 7.45820 7.34400 775.44676
6577.51086 225.88456 7.42570 7.31256 774.72975
6577.31077 225.62952 7.41812 7.30430 774.14676
6576.79632 224.94625 7.39771 7.28218 772.85297
6576.33705 224.34532 7.37739 7.26273 772.18608
6576.05045 223.98359 7.36521 7.25102 771.64989
6575.32741 223.04268 7.33372 7.22056 770.46432
6575.16599 222.82982 7.32662 7.21367 770.23271
6574.46703 221.84753 7.29383 7.18187 769.58066
6574.30848 221.64537 7.28704 7.17533 769.24763
6573.83106 221.01129 7.26582 7.15480 768.73636
6573.42731 220.53234 7.24978 7.13929 768.35125
6572.81555 219.75151 7.22370 7.11402 767.82119
6572.08328 218.61734 7.18592 7.07730 767.86440
6572.24090 218.84775 7.19363 7.08476 767.92808
6571.53271 217.87758 7.16120 7.05335 767.20483
6571.39005 217.69701 7.15516 7.04751 766.94722
6570.85002 217.03367 7.13254 7.02603 765.91848
6570.40893 216.48276 7.11507 7.00820 764.84997
6570.08045 216.08747 7.10361 6.99540 763.69709
6569.45632 215.33981 7.07927 6.97120 762.11786
6569.16625 214.99527 7.06754 6.96004 761.49532
6568.35529 213.95799 7.03284 6.92646 760.14794
6568.36806 213.97428 7.03338 6.92699 760.16881
6567.59771 213.00247 7.00076 6.89553 758.83546
6567.40338 212.77128 6.99296 6.88804 758.38929
6566.78051 211.99554 6.96690 6.86293 757.23430
6566.37705 211.48972 6.94991 6.84656 756.53973
6565.92590 210.92369 6.93088 6.82823 755.67139
6565.29929 210.09583 6.90313 6.80143 755.05665
6565.13081 209.87462 6.89574 6.79427 755.08058
6564.37981 208.87794 6.86251 6.76201 755.07247
6564.37875 208.87962 6.86257 6.76206 755.04784
6563.69075 208.01822 6.83420 6.73417 753.58195
6563.46225 207.75807 6.82653 6.72575 752.72001
6562.85712 207.03069 6.80386 6.70220 751.05126
6562.40832 206.48055 6.78506 6.68439 750.26771
6561.97625 205.94990 6.76731 6.66722 749.43135
6561.39196 205.19801 6.74206 6.64288 748.61708
6561.36539 205.18236 6.74152 6.64237 748.43664
6560.54101 204.26100 6.71045 6.61254 746.21260
6560.27015 203.93502 6.69946 6.60199 745.66217
6559.48191 202.93262 6.66579 6.56954 744.48721
6559.32551 202.73912 6.65925 6.56327 744.21279
6558.61942 201.81589 6.62827 6.53339 743.37395
6558.25671 201.30589 6.61115 6.51688 743.22951
6558.00996 200.97979 6.60019 6.50632 742.97141
6557.44724 200.31917 6.57799 6.48493 741.74021
6557.17669 199.98499 6.56682 6.47411 741.28039
6556.42129 199.06487 6.53565 6.44433 739.81933
6556.31084 198.93319 6.53156 6.44006 739.53685
6555.51860 197.93386 6.50140 6.40771 738.61312
6555.41481 197.81171 6.49727 6.40376 738.52447
6554.75639 197.00571 6.46985 6.37767 737.47413
6554.49247 196.70226 6.45965 6.36784 736.79891
6553.91994 196.03657 6.43712 6.34629 735.56637
6553.43692 195.45711 6.41763 6.32753 734.63568
6553.07356 195.02068 6.40297 6.31340 733.94829
6552.51523 194.36186 6.38073 6.29208 732.79070
6552.23239 194.06047 6.37050 6.28232 731.94836
6551.42964 193.10190 6.33822 6.25129 730.40752
6551.30483 192.94351 6.33288 6.24616 730.24357
6550.49913 191.95686 6.29965 6.21422 728.90738
6550.41168 191.85430 6.29620 6.21090 728.72423
6549.70947 190.99397 6.26700 6.18305 727.62307
6549.48637 190.74992 6.25872 6.17515 727.02775
6548.84044 189.98372 6.23523 6.15034 725.17180
6548.43855 189.49640 6.22019 6.13457 724.09393
6548.01913 189.00023 6.20315 6.11850 723.21988
6547.47522 188.35575 6.18146 6.09764 722.57141
6547.21972 188.06476 6.17169 6.08822 722.48143
6546.50953 187.25404 6.14428 6.06197 721.38325
6546.26200 186.96632 6.13455 6.05266 720.80472
6545.42200 185.95089 6.10035 6.01979 719.38861
6545.37703 185.89586 6.09849 6.01801 719.32045
6544.55474 184.87363 6.06399 5.98491 718.20327
6544.40931 184.68091 6.05749 5.97868 718.11364
6543.89938 184.07029 6.03689 5.95891 717.24026
6543.61458 183.78780 6.02730 5.94976 716.24225
6543.01379 183.12119 6.00482 5.92818 714.71921
6542.56279 182.63662 5.98828 5.91250 713.50684
6541.97755 181.96994 5.96587 5.89091 712.16758
6541.41521 181.28098 5.94549 5.86861 710.55131
6541.13935 180.95383 5.93504 5.85802 709.91428
6540.44708 180.12704 5.90673 5.83125 708.82914
6540.38335 180.05326 5.90425 5.82886 708.69778
6539.53749 179.10346 5.87215 5.79812 706.75960
6539.36804 178.90719 5.86548 5.79176 706.43667
6538.55283 177.91168 5.83189 5.75953 705.22187
6538.47802 177.82792 5.82907 5.75682 705.11367
6537.76867 176.99998 5.80117 5.73002 704.94960
6537.52017 176.72341 5.79183 5.72107 704.54128
6536.84279 175.94847 5.76556 5.69598 703.02656
6536.36413 175.35517 5.74554 5.67677 702.50514
6536.04074 174.94479 5.73169 5.66349 702.24322
6535.52772 174.36745 5.71210 5.64480 701.11316
6535.19769 173.99527 5.69959 5.63275 700.37457
6534.52118 173.21194 5.67272 5.60739 699.22349
6534.49707 173.19325 5.67208 5.60678 699.09087
6533.66161 172.33634 5.64504 5.57904 695.86155
6533.35990 172.00164 5.63511 5.56821 694.75810
6532.50870 171.03060 5.60214 5.53677 693.09606
6532.41863 170.92695 5.59863 5.53342 692.92980
6531.58071 169.93422 5.56503 5.50128 691.59703
6531.52943 169.87988 5.56318 5.49952 691.45920
6530.75531 169.00672 5.53362 5.47125 689.87887
6530.58067 168.80835 5.52690 5.46483 689.47567
6529.86020 168.03054 5.50046 5.43965 687.90440
6529.38343 167.46825 5.48148 5.42145 688.03104
6528.92471 166.88680 5.46186 5.40263 688.11408
6528.53632 166.45032 5.44700 5.38850 687.24019
6528.16718 166.04208 5.43314 5.37528 686.40248
6527.55567 165.37241 5.41050 5.35360 684.98958
6527.19745 164.96796 5.39663 5.34051 684.32253
6526.54682 164.22081 5.37145 5.31632 683.11702
6526.56658 164.25051 5.37236 5.31728 683.10826
6525.74379 163.45331 5.34851 5.29147 679.17267
6525.34398 163.02889 5.33413 5.27773 678.10560
6524.55934 162.16050 5.30438 5.24962 676.50081
6524.44286 162.03458 5.30011 5.24555 676.21957
6523.57241 161.08090 5.26764 5.21467 674.28271
6523.53356 161.03936 5.26623 5.21333 674.18894
6522.61351 160.03704 5.23220 5.18088 672.10823
6522.58389 160.00657 5.23116 5.17989 672.02082
6521.68317 159.02603 5.19776 5.14815 670.02923
6521.49349 158.81406 5.19057 5.14129 669.62808
6520.71832 157.92141 5.16013 5.11239 668.52048
6520.55530 157.73127 5.15371 5.10623 668.59164
6519.94998 157.07262 5.13132 5.08491 668.28357
6519.64913 156.77288 5.12108 5.07521 667.40087
6519.00103 156.08107 5.09761 5.05281 665.66319
6518.64675 155.71854 5.08511 5.04108 664.72722
6517.98491 155.01674 5.06143 5.01836 662.99004
6517.63887 154.62310 5.04979 5.00561 661.85183
6517.19090 154.18039 5.03611 4.99128 659.90409
6516.72868 153.72479 5.02040 4.97653 658.42915
6516.20851 153.19993 5.00229 4.95954 656.91451
6515.72367 152.74284 4.98673 4.94474 655.08084
6515.03446 152.02124 4.96199 4.92138 653.31259
6514.59574 151.53299 4.94532 4.90558 652.50529
6514.14794 151.06621 4.92934 4.89047 651.33300
6513.63556 150.52703 4.91088 4.87301 650.07184
6513.13486 150.00014 4.89285 4.85595 648.84561
6512.51709 149.31344 4.86937 4.83372 647.56819
6512.26156 149.01447 4.85913 4.82405 647.45178
6511.66553 148.39996 4.83810 4.80415 647.00310
6511.32171 148.04480 4.82599 4.79265 646.44991
6510.63389 147.31350 4.80086 4.76898 644.70415
6510.43158 147.10764 4.79365 4.76232 644.20327
6509.69330 146.36003 4.76894 4.73811 641.71566
6509.47567 146.13619 4.76221 4.73087 640.78110
6508.77631 145.44608 4.74022 4.70853 637.91606
6508.53382 145.22346 4.73231 4.70132 637.02988
6507.77093 144.49556 4.70699 4.67775 634.34120
6507.34196 144.06252 4.69213 4.66374 633.05479
6506.64036 143.33034 4.66686 4.64003 631.28731
6506.43580 143.11279 4.65935 4.63299 630.81586
6505.74589 142.43502 4.63581 4.61105 628.60084
6505.43073 142.12298 4.62499 4.60095 627.58832
6504.72565 141.42065 4.60069 4.57821 625.40871
6504.24454 140.93244 4.58376 4.56241 624.06102
6503.48849 140.06500 4.55373 4.53432 622.97554
6503.54415 140.11368 4.55544 4.53590 623.25141
6502.76809 139.36501 4.52940 4.51166 621.27270
6502.56355 139.16095 4.52233 4.50506 621.08021
6501.78086 138.41136 4.49629 4.48079 618.81477
6501.40310 138.03714 4.48305 4.46868 617.57378
6500.65571 137.25255 4.45624 4.44328 615.59087
6500.50102 137.10171 4.45166 4.43839 614.79785
6499.76328 136.36605 4.42826 4.41458 611.59650
6499.75854 136.36294 4.42815 4.41448 611.56129
6498.94164 135.68199 4.40367 4.39243 607.46485
6498.30057 135.06118 4.38192 4.37234 605.19870
6497.68711 134.42809 4.35958 4.35184 603.54879
6497.35019 134.09504 4.34780 4.34106 602.45501
6496.72911 133.47905 4.32598 4.32112 600.46646
6496.32452 133.07770 4.31180 4.30812 599.15515
6495.68979 132.44099 4.28921 4.28751 597.22654
6495.31183 132.05114 4.27535 4.27489 596.17136
6494.70513 131.44514 4.25377 4.25527 594.19884
6494.33720 131.07181 4.24047 4.24319 593.66246
6493.77108 130.51295 4.22061 4.22510 592.96418
6493.37289 130.13905 4.20722 4.21299 591.44837
6492.75844 129.54341 4.18572 4.19371 589.14176
6492.36284 129.15424 4.17146 4.18111 587.93414
6491.86777 128.70022 4.15607 4.16641 585.35202
6491.31984 128.19834 4.14023 4.15016 582.00898
6490.91640 127.82415 4.12725 4.13805 580.05132
6490.25236 127.24562 4.10570 4.11932 576.87749
6489.77813 126.80376 4.08962 4.10502 574.84840
6489.07752 126.11915 4.06465 4.08286 572.29634
6488.84824 125.91095 4.05701 4.07612 571.23216
6488.04283 125.16164 4.02940 4.05186 567.75890
6487.85881 124.98742 4.02300 4.04622 567.01718
6486.97042 124.17434 3.99293 4.01990 562.87372
6486.79707 124.00557 3.98671 4.01443 562.21909
6485.86354 123.12107 3.95389 3.98580 558.18091
6485.66176 122.92075 3.94644 3.97931 557.40690
6484.76775 122.00057 3.91231 3.94952 556.15074
6484.90697 122.13974 3.91747 3.95403 556.28718
6483.90266 121.23842 3.88356 3.92485 551.94947
6483.84449 121.18534 3.88156 3.92313 551.64220
6482.86464 120.29271 3.84785 3.89424 546.86423
6482.77006 120.20028 3.84422 3.89124 546.53473
6481.94902 119.46746 3.81763 3.86752 541.67545
6481.76267 119.31725 3.81288 3.86266 540.05901
6480.96121 118.64213 3.78940 3.84080 534.25593
6480.49592 118.21663 3.77292 3.82703 531.99526
6479.95028 117.74510 3.75493 3.81176 528.76823
6479.30496 117.17421 3.73338 3.79328 525.06761
6478.84064 116.73817 3.71691 3.77916 522.72336
6478.23484 116.18121 3.69590 3.76113 519.47038
6477.91540 115.90404 3.68549 3.75216 517.55714
6477.09034 115.16175 3.65759 3.72813 512.59815
6476.79531 114.88315 3.64720 3.71911 511.28177
6475.96674 114.09526 3.61787 3.69361 508.82586
6475.90491 114.03977 3.61582 3.69181 508.46726
6474.94957 113.18719 3.58471 3.66421 502.31312
6475.01450 113.24292 3.58673 3.66601 502.74502
6474.02980 112.41344 3.55701 3.63916 495.77266
6474.03269 112.41580 3.55710 3.63924 495.79493
6473.13026 111.72652 3.53304 3.61692 488.37042
6472.53843 111.22479 3.51603 3.60068 484.00436
6471.90427 110.66868 3.49996 3.58268 478.52621
6471.35911 110.17074 3.48497 3.56656 474.42472
6470.98942 109.84891 3.47426 3.55614 471.79294
6470.26681 109.23928 3.45405 3.53640 466.30303
6469.95956 108.96802 3.44549 3.52762 464.03446
6469.10790 108.23362 3.42295 3.50385 457.53090
6469.01430 108.15885 3.42068 3.50143 456.74829
6467.99829 107.29879 3.39096 3.47358 448.41793
6468.01068 107.30495 3.39119 3.47378 448.57286
6467.03688 106.51528 3.36367 3.44822 441.93038
6466.46042 105.99300 3.34211 3.43131 437.98473
6465.72335 105.24837 3.30279 3.40721 433.03633
6465.79087 105.30060 3.30552 3.40890 433.65554
6465.11886 104.78539 3.27911 3.39222 427.40100
6464.46554 104.24288 3.25163 3.37465 421.70342
6464.07503 103.90790 3.23494 3.36381 418.44956
6463.32877 103.31712 3.20863 3.34469 411.62305
6462.91740 102.97321 3.19224 3.33355 408.08932
6461.98766 102.13714 3.14896 3.30649 400.69415
6461.82862 101.99840 3.14282 3.30199 399.28622
6460.82113 101.05411 3.09923 3.27142 390.57307
6460.79303 101.02780 3.09792 3.27057 390.35255
6459.77766 100.06541 3.04990 3.23942 382.87042
6459.53848 99.81851 3.03723 3.23142 381.21081
6458.59989 98.81853 2.98917 3.19905 376.47854
6458.71014 98.93087 2.99304 3.20269 377.02040
6457.71439 97.94485 2.96045 3.17077 370.70146
6457.32560 97.51202 2.94421 3.15676 368.45227
6456.52946 96.51629 2.95890 3.12452 364.70298
6456.45099 96.41504 2.95558 3.12124 364.36477
6455.80355 95.68375 2.94175 3.09757 360.80759
6455.64339 95.48570 2.95325 3.09116 360.09232
6455.01558 94.88173 2.95052 3.07161 355.97161
6454.35451 94.14174 2.92267 3.04765 352.51794
6453.82134 93.44861 2.93193 3.02521 350.41499
6453.35716 92.86080 2.89557 3.00618 347.97955
6453.22407 92.71163 2.88536 3.00135 347.21263
6452.55555 91.97460 2.86339 2.97749 343.84718
6452.42650 91.84706 2.86606 2.97336 343.11793
6451.65369 91.04550 2.83821 2.94742 339.03701
6451.63690 91.03153 2.83707 2.94696 338.92736
6450.85364 90.31217 2.83134 2.92368 334.41396
6450.62980 90.11001 2.84084 2.91713 333.08043
6450.00533 89.56348 2.81073 2.89944 329.41243
6449.66353 89.29347 2.80103 2.89070 327.68772
6449.21945 88.95157 2.81716 2.87963 325.58367
6448.39577 88.34043 2.80750 2.85984 320.47376
6448.22014 88.19634 2.80145 2.85518 319.47789
6447.26850 87.49212 2.80955 2.83238 313.95893
6447.47961 87.62874 2.80516 2.83681 315.27138
6446.61020 87.11849 2.80566 2.82029 309.71129
6445.71684 86.54614 2.77539 2.80176 304.50074
6445.52448 86.42036 2.77932 2.79769 303.43354
6444.49549 85.76257 2.82397 2.77639 297.84559
6444.07587 85.47625 2.80536 2.76712 295.72251
6443.35031 84.98580 2.81482 2.75125 292.10888
6442.52912 84.39072 2.81615 2.73198 288.35871
6442.30592 84.23340 2.81881 2.72689 287.29396
6441.27019 83.48634 2.86650 2.70270 282.56373
6441.18557 83.41333 2.86567 2.70034 282.29832
6440.34625 82.83394 2.80467 2.68158 279.10754
6439.64909 82.33067 2.71615 2.66529 276.16393
6439.17993 81.96408 2.75483 2.65342 274.31442
6438.29004 81.28970 2.77928 2.63159 270.84042
6438.11427 81.14597 2.78085 2.62694 270.19265
6437.09290 80.34130 2.77396 2.60089 266.39176
6436.67035 79.97008 2.68313 2.58887 264.92550
6435.79236 79.14499 2.55282 2.56216 261.98832
6435.64366 79.00290 2.55189 2.55756 261.50453
6434.84818 78.28188 2.55747 2.53422 258.81761
6434.50024 77.95858 2.55186 2.52375 257.66853
6433.77808 77.27986 2.54097 2.50178 255.30457
6433.32815 76.84499 2.53361 2.48770 253.86070
6432.69118 76.19770 2.52026 2.46675 251.86892
6432.38499 75.90537 2.51434 2.45728 250.88834
6431.73821 75.28232 2.50249 2.43711 249.04330
6431.26624 74.82008 2.49301 2.42215 247.66164
6430.62422 74.16116 2.47725 2.40082 245.63294
6430.23446 73.75450 2.46730 2.38765 244.43592
6429.59363 73.08701 2.45046 2.36605 242.44328
6429.24671 72.71595 2.44082 2.35403 241.37055
6428.65528 72.08841 2.42409 2.33372 239.51410
6428.40517 71.86280 2.41814 2.32641 238.68704
6427.60163 71.05722 2.39603 2.30034 236.11079
6427.11003 70.49775 2.38006 2.28222 234.56347
6426.37996 69.61981 2.35439 2.25380 232.28800
6426.25479 69.47533 2.35014 2.24912 231.89076
6425.41723 68.46347 2.31977 2.21637 229.24644
6425.40884 68.45443 2.31950 2.21608 229.21880
6424.62143 67.53012 2.29126 2.18615 226.66715
6424.44967 67.34027 2.28536 2.18001 226.08390
6423.78252 66.57060 2.26135 2.15509 223.89975
6423.54373 66.31083 2.25429 2.14668 223.19060
6422.91186 65.63165 2.23504 2.12469 221.30028
6422.47926 65.14511 2.21931 2.10894 219.85128
6421.99996 64.60813 2.20204 2.09156 218.21795
6421.53633 64.10183 2.18580 2.07517 216.65482
6421.11285 63.64616 2.17097 2.06042 215.22048
6420.58564 63.07340 2.15226 2.04188 213.42483
6420.28664 62.77427 2.14244 2.03219 212.40797
6419.64680 62.13212 2.12133 2.01140 210.23543
6419.09652 61.55424 2.10218 1.99270 208.37920
6418.39268 60.72225 2.07452 1.96576 205.95554
6418.28051 60.58690 2.07000 1.96138 205.56498
6417.52208 59.76040 2.04228 1.93462 202.95476
6417.32353 59.54010 2.03491 1.92749 202.27111
6416.45424 58.55000 2.00120 1.89544 199.24156
6416.50044 58.60207 2.00302 1.89712 199.40192
6415.57451 57.58814 1.97097 1.86430 196.22557
6415.37265 57.35435 1.96398 1.85673 195.53052
6414.60994 56.44036 1.93295 1.82714 192.81184
6414.37998 56.17430 1.92388 1.81853 192.06310
6413.78366 55.45618 1.89935 1.79528 190.09521
6413.45893 55.08977 1.88671 1.78342 188.96882
6412.88252 54.43384 1.86401 1.76219 186.87895
6412.31702 53.73396 1.83989 1.73953 184.79482
6412.00912 53.35325 1.82667 1.72720 183.65146
6411.34351 52.52994 1.79812 1.70055 181.17131
6411.26266 52.44333 1.79510 1.69775 180.88514
6410.40556 51.42759 1.75979 1.66487 177.71721
6410.39995 51.42215 1.75960 1.66469 177.69805
6409.57402 50.45087 1.72563 1.63325 174.64097
6409.41504 50.27328 1.71942 1.62750 174.06650
6408.72397 49.46203 1.69103 1.60123 171.49831
6408.53963 49.25581 1.68368 1.59456 170.82436
6407.92586 48.60565 1.66229 1.57351 168.71343
6407.50264 48.14746 1.64831 1.55868 167.28070
6406.95686 47.53858 1.62721 1.53897 165.31409
6406.55975 47.10400 1.61174 1.52490 163.86796
6406.11198 46.63945 1.59543 1.50986 162.31660
6405.62615 46.12990 1.57760 1.49336 160.70769
6405.21912 45.72391 1.56332 1.48022 159.38846
6404.66581 45.17723 1.54412 1.46252 157.50204
6404.16246 44.66523 1.52603 1.44595 155.76555
6403.67070 44.15830 1.50824 1.42954 154.06610
6403.15283 43.65700 1.49056 1.41331 152.33881
6402.65365 43.11504 1.47149 1.39576 150.55435
6402.47263 42.95019 1.46569 1.39043 149.97428
6401.87666 42.46434 1.44853 1.37470 148.19897
6401.15098 41.76925 1.42399 1.35220 145.81605
6400.93068 41.55356 1.41638 1.34521 145.08788
6400.22499 40.97614 1.39577 1.32652 143.00257
6399.84383 40.63286 1.38348 1.31541 141.80162
6399.01233 39.88109 1.35952 1.29107 139.37210
6398.88890 39.78076 1.35653 1.28782 139.05058
6397.87549 38.87578 1.32515 1.25853 135.98335
6398.23540 39.16757 1.33577 1.26797 137.02658
6397.23870 38.43425 1.30945 1.24423 134.34985
6396.84639 38.14632 1.29931 1.23491 133.32712
6396.14181 37.61332 1.28043 1.21766 131.51190
6395.43018 37.05186 1.26060 1.19948 129.55894
6395.00681 36.71016 1.24846 1.18842 128.37680
6394.11589 35.96289 1.22207 1.16423 125.84442
6394.19459 36.01870 1.22404 1.16603 126.04082
6393.17961 35.26829 1.19737 1.14174 123.43407
6392.45965 34.63958 1.17521 1.12139 121.33496
6391.59442 33.73372 1.14332 1.09206 118.38208
6391.61625 33.75569 1.14409 1.09277 118.45382
6390.81485 33.00197 1.11750 1.06837 115.95378
6390.80387 32.99832 1.11737 1.06825 115.93899
6390.10351 32.43320 1.09741 1.04996 114.03376
6390.02405 32.34975 1.09448 1.04726 113.76162
6390.09173 32.41113 1.09664 1.04925 113.96526
6389.01199 31.92371 1.07907 1.03347 112.17529
6388.14592 31.45494 1.06190 1.01829 110.51590
6387.73222 31.20576 1.05337 1.01022 109.70480
6386.78218 30.68271 1.03707 0.99329 108.10383
6386.42811 30.48779 1.03090 0.98698 107.50569
6385.70278 30.08692 1.01717 0.97400 106.20050
6384.62698 29.45276 0.99416 0.95347 104.06163
6384.11101 29.10378 0.98183 0.94218 102.91642
6383.14578 28.37505 0.95607 0.91859 100.54130
6382.89828 28.16812 0.94876 0.91189 99.86899
6382.73215 28.04856 0.94452 0.90802 99.47856
6381.95208 27.65839 0.93053 0.89539 98.19681
6381.65102 27.51221 0.92528 0.89065 97.71925
6380.62960 26.95067 0.90521 0.87247 95.90446
6379.67780 26.34119 0.88354 0.85274 93.93174
6379.97528 26.51864 0.88986 0.85849 94.50662
6378.76774 25.91089 0.86812 0.83881 92.55633
6377.77244 25.29214 0.84615 0.81878 90.56778
6377.78399 25.27611 0.84561 0.81826 90.51301
6377.00837 24.87932 0.83141 0.80542 89.24690
6376.43517 24.62806 0.82234 0.79728 88.46196
6375.83501 24.33222 0.81172 0.78771 87.52929
6374.76849 23.74816 0.79097 0.76880 85.69140
6374.41158 23.54158 0.78358 0.76211 85.03114
6373.98397 23.35498 0.77677 0.75607 84.44393
6372.83666 22.76545 0.75560 0.73699 82.59029
6372.36957 22.49795 0.74703 0.72833 81.83094
6372.15644 22.39404 0.74381 0.72496 81.55588
6371.22123 21.99935 0.73132 0.71218 80.51285
6370.44432 21.66267 0.71980 0.70129 79.53103
6370.33470 21.61511 0.71806 0.69975 79.37971
6369.42958 21.25912 0.70508 0.68822 78.28432
6368.44874 20.90877 0.69220 0.67688 77.24934
6368.01697 20.73571 0.68599 0.67128 76.73548
6367.30198 20.46848 0.67637 0.66263 75.95349
6366.16899 19.98348 0.65892 0.64693 74.47917
6365.46155 19.65996 0.64729 0.63645 73.48084
6365.59574 19.72080 0.64947 0.63842 73.66787
6364.41513 19.32293 0.63500 0.62554 72.52189
6363.18768 18.80801 0.61646 0.60887 70.95575
6362.62409 18.54408 0.60699 0.60033 70.12988
6361.86461 18.16096 0.59335 0.58792 68.89858
6360.84288 17.61398 0.57390 0.57022 67.11203
6360.46637 17.41963 0.56696 0.56393 66.48193
6359.91249 17.09155 0.55531 0.55330 65.39318
6359.10097 16.72365 0.54212 0.54139 64.21772
6359.14396 16.73145 0.54242 0.54165 64.23580
6358.52959 16.52093 0.53477 0.53483 63.59905
6357.56287 16.17975 0.52239 0.52379 62.56147
6356.64816 15.87732 0.51138 0.51400 61.64816
6356.96357 15.95199 0.51416 0.51641 61.84887
6356.39713 15.85919 0.51060 0.51341 61.64970
6355.44307 15.71469 0.50501 0.50873 61.36287
6354.46159 15.57172 0.49947 0.50410 61.08985
6353.39766 15.41836 0.49354 0.49914 60.80158
6352.35616 15.23969 0.48682 0.49335 60.37832
6351.31053 15.07114 0.48045 0.48790 60.01682
6350.56192 14.91856 0.47479 0.48296 59.62500
6349.71420 14.70192 0.46696 0.47595 59.00918
6348.52488 14.30621 0.45272 0.46313 57.74530
6347.34380 13.87340 0.43694 0.44912 56.28313
6346.52434 13.49965 0.42395 0.43702 55.00017
6345.64776 13.02955 0.40934 0.42181 53.51353
6344.52551 12.33795 0.38671 0.39942 51.11591
6344.10668 12.05114 0.37639 0.39013 49.99800
6343.11313 11.30991 0.35042 0.36614 47.09627
6342.41041 10.71849 0.32970 0.34699 44.76632
6341.67377 10.01221 0.30499 0.32413 41.93071
6341.02506 9.34914 0.28178 0.30266 39.24974
6340.37616 8.57049 0.25459 0.27745 36.05765
6340.22759 8.41492 0.24913 0.27242 35.42273
0.00000 0.00000 0.00000 0.00000 0.00000
