6000.00000 10.17042 0.32917 0.32925 110.59172
6001.00050 10.17063 0.32936 0.32925 110.59321
6002.00100 10.17156 0.32958 0.32928 110.61072
6003.00150 10.18025 0.33025 0.32957 110.71059
6004.00200 10.18444 0.33059 0.32970 110.75676
6005.00250 10.17315 0.33038 0.32934 110.63111
6006.00300 10.16487 0.33029 0.32907 110.54774
6007.00350 10.16735 0.33069 0.32915 110.57852
6008.00400 10.16097 0.33062 0.32894 110.50617
6009.00450 10.14675 0.33031 0.32848 110.36255
6010.00500 10.15236 0.33087 0.32866 110.42858
6011.00550 10.15732 0.33120 0.32882 110.48768
6012.00600 10.15976 0.33165 0.32890 110.52150
6013.00650 10.16408 0.33197 0.32904 110.58167
6014.00700 10.18021 0.33282 0.32956 110.76230
6015.00750 10.19127 0.33351 0.32992 110.89711
6016.00800 10.19369 0.33379 0.33000 110.92861
6017.00850 10.19813 0.33422 0.33014 110.99141
6018.00900 10.20661 0.33480 0.33042 111.10004
6019.00950 10.21016 0.33507 0.33053 111.14738
6020.01001 10.21298 0.33540 0.33062 111.18672
6021.01051 10.21335 0.33575 0.33064 111.20522
6022.01101 10.21268 0.33596 0.33062 111.21147
6023.01151 10.20904 0.33605 0.33050 111.19136
6024.01201 10.20503 0.33620 0.33037 111.16804
6025.01251 10.20082 0.33623 0.33023 111.13496
6026.01301 10.20137 0.33647 0.33025 111.15416
6027.01351 10.20305 0.33684 0.33030 111.19316
6028.01401 10.19840 0.33689 0.33015 111.16365
6029.01451 10.19736 0.33709 0.33012 111.17727
6030.01501 10.19615 0.33729 0.33008 111.18438
6031.01551 10.19672 0.33757 0.33010 111.21150
6032.01601 10.20019 0.33795 0.33021 111.27033
6033.01651 10.20340 0.33833 0.33031 111.33327
6034.01701 10.20528 0.33860 0.33038 111.38001
6035.01751 10.20251 0.33876 0.33029 111.37838
6036.01801 10.20220 0.33898 0.33028 111.39155
6037.01851 10.20053 0.33909 0.33022 111.40618
6038.01901 10.19544 0.33920 0.33006 111.38020
6039.01951 10.18625 0.33908 0.32976 111.31336
6040.02001 10.17867 0.33903 0.32951 111.25758
6041.02051 10.17318 0.33909 0.32934 111.22914
6042.02101 10.16416 0.33896 0.32904 111.16799
6043.02151 10.15523 0.33888 0.32876 111.10126
6044.02201 10.14591 0.33875 0.32845 111.03193
6045.02251 10.13970 0.33877 0.32825 111.00232
6046.02301 10.13270 0.33874 0.32803 110.95998
6047.02351 10.12175 0.33853 0.32767 110.88392
6048.02401 10.11808 0.33870 0.32755 110.88224
6049.02451 10.11253 0.33868 0.32737 110.86851
6050.02501 10.10284 0.33854 0.32706 110.80411
6051.02551 10.09326 0.33845 0.32675 110.74149
6052.02601 10.08627 0.33840 0.32652 110.70276
6053.02651 10.08184 0.33845 0.32638 110.69865
6054.02701 10.07210 0.33831 0.32606 110.64187
6055.02751 10.06663 0.33836 0.32589 110.62725
6056.02801 10.05818 0.33830 0.32561 110.58695
6057.02851 10.04500 0.33799 0.32519 110.49589
6057.49391 10.04184 0.33799 0.32508 110.48745
6058.02901 10.03835 0.33801 0.32497 110.47464
6059.02951 10.02350 0.33764 0.32449 110.36201
6060.03002 10.02561 0.33794 0.32456 110.44315
6061.03052 10.02533 0.33809 0.32455 110.49441
6062.03102 10.02392 0.33823 0.32450 110.53418
6063.03152 10.02135 0.33831 0.32442 110.56777
6064.03202 10.02034 0.33845 0.32439 110.61964
6065.03252 10.01359 0.33837 0.32417 110.60546
6066.03302 10.00172 0.33813 0.32379 110.53845
6255.10539 10.04184 0.22504 0.32508 105.02359
6255.12756 10.04450 0.22514 0.32517 105.03652
6256.12806 10.14234 0.22903 0.32834 105.43623
6257.12856 10.24715 0.23330 0.33173 105.80459
6258.12906 10.34255 0.23745 0.33482 106.04878
6259.12956 10.43263 0.24155 0.33774 106.21521
6260.13007 10.52991 0.24597 0.34088 106.43740
6261.13057 10.64536 0.25105 0.34462 106.84557
6262.13107 10.75410 0.25592 0.34814 107.14833
6263.13157 10.88968 0.26158 0.35253 107.71877
6264.13207 11.03309 0.26741 0.35717 108.40369
6264.22651 11.04603 0.26791 0.35759 108.46805
6265.13257 11.15891 0.27245 0.36125 108.87255
6266.13307 11.28124 0.27737 0.36521 109.21662
6267.13357 11.39486 0.28211 0.36889 109.45349
6268.13407 11.50802 0.28704 0.37255 109.65389
6269.13457 11.63663 0.29250 0.37671 110.00151
6270.13507 11.77689 0.29850 0.38125 110.44458
6271.13557 11.94072 0.30544 0.38656 111.12653
6271.74772 12.05021 0.31003 0.39010 111.64309
6272.13607 12.11353 0.31275 0.39215 111.90641
6273.13657 12.26079 0.31909 0.39692 112.41636
6274.13707 12.38965 0.32445 0.40109 112.76383
6275.13757 12.53388 0.33025 0.40576 113.08980
6276.13807 12.68042 0.33606 0.41050 113.38940
6277.13857 12.84320 0.34219 0.41577 113.72833
6278.13907 13.03826 0.34922 0.42209 114.28305
6278.21422 13.05439 0.34971 0.42261 114.31529
6279.13957 13.23876 0.35620 0.42858 114.78351
6280.14007 13.40786 0.36265 0.43405 115.07871
6281.14057 13.57136 0.36907 0.43935 115.32780
6282.14107 13.73090 0.37553 0.44451 115.76687
6283.14157 13.92534 0.38338 0.45080 116.43949
6283.72246 14.05858 0.38857 0.45512 117.03542
6284.14207 14.14902 0.39213 0.45805 117.39771
6285.14257 14.32970 0.39945 0.46390 117.88075
6286.14307 14.50627 0.40664 0.46961 118.26669
6287.14357 14.69483 0.41437 0.47572 118.73848
6288.14407 14.90428 0.42277 0.48250 119.36963
6288.84319 15.06276 0.42909 0.48763 119.91544
6289.14457 15.12711 0.43158 0.48971 120.10953
6290.14507 15.31683 0.43910 0.49585 120.50472
6291.14557 15.49143 0.44590 0.50150 120.84729
6292.14607 15.67253 0.45321 0.50737 121.15281
6293.14657 15.88202 0.46163 0.51415 121.65920
6293.89584 16.06695 0.46898 0.52014 122.28259
6294.14707 16.12771 0.47142 0.52210 122.47623
6295.14757 16.35448 0.48047 0.52944 123.07092
6296.14807 16.56262 0.48868 0.53618 123.47749
6297.14857 16.78714 0.49726 0.54345 124.00431
6298.14907 17.00990 0.50579 0.55066 124.48670
6298.39026 17.07113 0.50814 0.55264 124.66182
6299.14957 17.26484 0.51562 0.55891 125.22413
6300.15008 17.47809 0.52401 0.56582 125.72650
6301.15058 17.70823 0.53313 0.57327 126.16485
6302.15108 17.94719 0.54237 0.58100 126.67841
6302.62305 18.07531 0.54718 0.58515 127.04291
6303.15158 18.22502 0.55274 0.59000 127.50217
6304.15208 18.48331 0.56234 0.59836 128.12034
6305.15258 18.73232 0.57187 0.60642 128.62598
6306.15308 18.98934 0.58184 0.61474 129.17924
6306.47989 19.07950 0.58536 0.61766 129.40506
6307.15358 19.26346 0.59253 0.62362 129.85317
6308.15408 19.52141 0.60228 0.63197 130.33606
6309.15458 19.75110 0.61080 0.63940 130.75602
6310.15508 20.04246 0.62160 0.64883 131.48002
6310.28627 20.08368 0.62313 0.65017 131.60033
6311.15558 20.33116 0.63251 0.65818 132.16601
6312.15608 20.59212 0.64251 0.66663 132.56730
6313.15658 20.85929 0.65259 0.67528 132.99072
6313.90578 21.08787 0.66089 0.68268 133.54333
6314.15708 21.17210 0.66399 0.68540 133.80024
6315.15758 21.48739 0.67585 0.69561 134.64812
6316.15808 21.77291 0.68656 0.70485 135.13894
6317.15858 22.05312 0.69642 0.71393 135.47723
6317.28701 22.09205 0.69767 0.71519 135.55436
6318.15908 22.37574 0.70679 0.72437 136.01851
6319.15958 22.69830 0.71709 0.73481 136.41351
6320.16008 23.04097 0.72927 0.74591 137.21692
6320.30443 23.09623 0.73126 0.74769 137.38593
6321.16058 23.37866 0.74194 0.75684 138.07297
6322.16108 23.67766 0.75303 0.76652 138.55791
6323.16158 23.98597 0.76432 0.77650 139.03854
6323.48937 24.10042 0.76849 0.78020 139.30153
6324.16208 24.34797 0.77742 0.78822 139.94073
6325.16258 24.68703 0.78998 0.79919 140.64690
6326.16308 24.99095 0.80121 0.80903 141.07283
6326.52384 25.10460 0.80534 0.81271 141.33955
6327.16358 25.31567 0.81296 0.81954 141.78562
6328.16408 25.66008 0.82535 0.83069 142.42453
6329.16458 26.00632 0.83788 0.84190 143.07872
6329.43519 26.10879 0.84152 0.84522 143.31940
6330.16508 26.36989 0.85100 0.85367 143.82949
6331.16558 26.70729 0.86367 0.86460 144.35810
6332.16608 27.05064 0.87581 0.87571 144.90735
6332.32773 27.11297 0.87802 0.87773 145.04509
6333.16658 27.41368 0.88901 0.88746 145.58355
6334.16708 27.76094 0.90146 0.89870 146.10178
6335.16758 28.07646 0.91308 0.90892 146.56640
6335.27355 28.11715 0.91458 0.91024 146.67263
6336.16808 28.47503 0.92758 0.92182 147.46693
6337.16858 28.85639 0.94120 0.93417 148.19113
6337.84026 29.12134 0.95045 0.94275 148.70699
6338.16908 29.25332 0.95511 0.94702 148.97415
6339.16958 29.62129 0.96866 0.95893 149.55005
6340.17009 29.98929 0.98241 0.97084 150.16240
6340.49706 30.12552 0.98718 0.97525 150.44008
6341.17059 30.42277 0.99750 0.98488 151.09609
6342.17109 30.81274 1.00964 0.99750 151.38262
6342.88216 31.12971 1.01990 1.00776 151.84092
6343.17159 31.26137 1.02431 1.01202 152.11930
6344.17209 31.64673 1.03806 1.02450 152.88318
6345.17259 32.06852 1.05312 1.03815 153.73830
6345.32275 32.13389 1.05545 1.04027 153.87542
6346.17309 32.49011 1.06837 1.05180 154.51927
6347.17359 32.88997 1.08301 1.06475 155.12328
6347.72948 33.13808 1.09183 1.07278 155.63264
6348.17409 33.34336 1.09890 1.07942 156.08439
6349.17459 33.73655 1.11311 1.09215 156.59506
6350.13918 34.14226 1.12809 1.10529 157.25695
6350.17509 34.15922 1.12873 1.10584 157.29358
6351.17559 34.59468 1.14413 1.11993 158.06872
6352.17609 34.99926 1.15828 1.13303 158.57990
6352.54084 35.14644 1.16363 1.13780 158.86488
6353.17659 35.41787 1.17377 1.14658 159.43160
6354.17709 35.85510 1.18973 1.16074 160.11508
6354.78091 36.15063 1.20014 1.17030 160.75115
6355.17759 36.34938 1.20711 1.17674 161.18693
6356.17809 36.79515 1.22307 1.19117 161.90468
6356.97606 37.15481 1.23643 1.20281 162.48184
6357.17859 37.24690 1.23990 1.20579 162.63109
6358.17909 37.67548 1.25425 1.21967 163.19553
6359.16589 38.15900 1.27255 1.23532 164.11818
6359.17959 38.16652 1.27283 1.23556 164.13605
6360.18009 38.64902 1.29014 1.25118 164.98640
6361.18059 39.10466 1.30624 1.26594 165.68585
6361.31571 39.16318 1.30837 1.26783 165.76582
6362.18109 39.57930 1.32350 1.28130 166.66901
6363.18159 40.12455 1.34088 1.29895 167.44626
6363.25666 40.16736 1.34210 1.30034 167.51202
6364.18209 40.60486 1.35546 1.31450 167.96052
6365.18259 41.09436 1.37410 1.33035 168.80346
6365.31733 41.17155 1.37705 1.33285 168.98818
6366.18309 41.62250 1.39357 1.34745 169.82541
6367.18359 42.09357 1.40947 1.36270 170.45369
6367.33517 42.17573 1.41255 1.36535 170.61567
6368.18409 42.63178 1.42961 1.38012 171.48395
6369.18459 43.12376 1.44685 1.39605 172.20661
6369.29339 43.17992 1.44874 1.39786 172.29609
6370.18509 43.60501 1.46372 1.41163 172.92667
6371.18559 44.07045 1.48129 1.42669 173.61703
6371.38310 44.18410 1.48555 1.43037 173.83542
6372.18609 44.61998 1.50065 1.44448 174.62435
6373.18659 45.09092 1.51744 1.45973 175.15137
6373.35883 45.18828 1.52099 1.46288 175.33795
6374.18709 45.65058 1.53835 1.47785 176.18318
6375.18759 46.17515 1.55594 1.49483 176.99694
6375.21776 46.19247 1.55654 1.49539 177.03006
6376.18809 46.71740 1.57615 1.51238 177.88720
6377.06390 47.19665 1.59373 1.52790 178.67046
6377.18859 47.26674 1.59622 1.53017 178.79710
6378.18909 47.79990 1.61480 1.54743 179.65174
6378.99308 48.20084 1.62904 1.56041 180.21633
6379.18959 48.32021 1.63296 1.56427 180.43771
6380.19010 48.94063 1.65206 1.58436 181.27765
6380.61605 49.20502 1.66029 1.59291 181.79269
6381.19060 49.53608 1.67287 1.60363 182.38888
6382.19110 50.06102 1.69238 1.62063 183.10573
6382.44105 50.20921 1.69760 1.62542 183.36819
6383.19160 50.63521 1.71230 1.63921 184.04975
6384.19210 51.19470 1.73352 1.65733 184.92560
6384.22275 51.21339 1.73424 1.65793 184.96021
6385.19260 51.75872 1.75281 1.67558 185.79421
6386.01574 52.21757 1.76885 1.69044 186.48551
6386.19310 52.32974 1.77305 1.69407 186.70552
6387.19360 52.94581 1.79660 1.71401 187.81968
6387.70779 53.22176 1.80488 1.72295 188.21947
6388.19410 53.49288 1.81409 1.73172 188.74935
6389.19460 54.04311 1.83532 1.74954 189.55285
6389.49031 54.22594 1.84197 1.75546 189.87925
6390.19510 54.65737 1.85682 1.76942 190.64729
6391.15888 55.23013 1.87745 1.78796 191.58210
6391.19560 55.25474 1.87842 1.78876 191.63216
6392.19610 55.84765 1.89947 1.80796 192.58695
6392.82914 56.23431 1.91212 1.82047 193.23355
6393.19660 56.46009 1.92049 1.82778 193.62456
6394.19710 57.06361 1.94388 1.84732 194.67430
6394.47869 57.23849 1.94950 1.85298 194.95940
6395.19760 57.72353 1.96319 1.86868 195.64924
6395.92562 58.24268 1.98157 1.88549 196.50588
6396.19810 58.42195 1.98765 1.89129 196.86576
6397.19860 58.94653 2.00642 1.90828 197.70904
6397.67977 59.24686 2.01642 1.91800 198.20332
6398.19910 59.59477 2.02962 1.92926 198.87762
6399.19960 60.20599 2.05072 1.94905 199.89602
6399.26349 60.25105 2.05214 1.95051 199.98895
6400.20010 60.83701 2.07246 1.96948 201.00399
6400.85343 61.25523 2.08871 1.98302 201.76153
6401.20060 61.48651 2.09753 1.99050 202.20954
6402.20110 62.08610 2.11615 2.00991 203.17876
6402.46580 62.25941 2.12295 2.01552 203.49586
6403.20160 62.75468 2.14158 2.03156 204.46455
6403.97761 63.26360 2.15822 2.04803 205.41908
6404.20210 63.42110 2.16385 2.05313 205.74182
6405.20260 64.08418 2.18893 2.07460 207.00831
6405.50630 64.26778 2.19539 2.08054 207.35948
6406.20310 64.67819 2.20682 2.09383 208.14533
6407.08408 65.27197 2.22938 2.11305 209.34040
6407.20360 65.36053 2.23297 2.11592 209.54772
6408.20410 66.02510 2.25359 2.13743 210.71083
6408.55326 66.27615 2.26036 2.14556 211.11755
6409.20460 66.74605 2.27555 2.16077 211.95360
6409.94644 67.28033 2.29508 2.17807 213.11856
6410.20510 67.46874 2.30001 2.18417 213.53699
6411.20560 68.11951 2.32244 2.20523 214.81390
6411.44128 68.28452 2.32869 2.21057 215.16557
6412.20610 68.79507 2.34558 2.22710 216.22035
6412.93621 69.28870 2.36071 2.24308 217.25363
6413.20660 69.49173 2.36783 2.24966 217.71779
6414.20710 70.13195 2.39048 2.27038 219.08286
6414.44075 70.29289 2.39461 2.27559 219.47313
6415.20760 70.80204 2.41041 2.29207 220.58065
6415.94142 71.29707 2.42845 2.30810 221.66562
6416.20810 71.47164 2.43381 2.31375 222.04407
6417.20860 72.11063 2.45168 2.33444 223.43387
6417.47041 72.30126 2.45801 2.34061 223.88350
6418.20910 72.85788 2.47911 2.35863 225.23156
6418.84749 73.30544 2.48936 2.37312 226.28681
6419.20960 73.58184 2.49819 2.38207 226.96516
6420.21011 74.29643 2.52337 2.40520 228.70251
6420.22801 74.30962 2.52377 2.40563 228.73586
6421.21061 75.07435 2.54489 2.43038 230.64621
6421.53112 75.31381 2.55094 2.43813 231.17875
6422.21111 75.81578 2.56536 2.45438 232.27017
6422.88466 76.31799 2.57631 2.47064 233.55876
6423.21161 76.55880 2.58319 2.47844 234.20588
6424.21211 77.19676 2.60296 2.49909 235.86827
6424.38471 77.32218 2.60552 2.50315 236.19957
6425.21261 77.90940 2.62071 2.52216 237.77557
6425.79287 78.32636 2.63825 2.53566 238.90375
6426.21311 78.61734 2.64711 2.54508 239.70575
6427.21361 79.30559 2.66452 2.56736 241.64091
6427.24747 79.33054 2.66682 2.56817 241.71045
6428.21411 80.06294 2.80338 2.59188 243.78460
6428.56761 80.33473 2.85938 2.60068 244.56437
6429.21461 80.83430 2.91566 2.61685 246.00992
6429.89726 81.33891 2.89462 2.63318 247.50296
6430.21511 81.57645 2.88096 2.64087 248.20669
6431.21561 82.32691 2.87584 2.66517 250.48557
6431.23824 82.34310 2.87608 2.66569 250.53560
6432.21611 82.96942 2.89197 2.68597 252.50453
6432.71718 83.34728 2.90093 2.69820 253.68191
6433.21661 83.78962 2.90788 2.71252 254.93890
6433.86944 84.35146 2.91280 2.73071 256.53223
6434.21711 84.62718 2.91580 2.73964 257.39670
6435.18225 85.35565 2.92690 2.76322 259.80485
6435.21761 85.38389 2.92737 2.76413 259.89710
6436.21811 86.10098 2.93880 2.78735 262.37941
6436.54638 86.35983 2.94274 2.79573 263.23966
6437.21861 86.87030 2.94970 2.81225 264.99605
6437.89446 87.36402 2.95524 2.82824 266.77442
6438.21911 87.62018 2.95838 2.83653 267.65712
6439.21568 88.36820 2.96586 2.86074 270.39286
6439.21961 88.37116 2.96589 2.86084 270.40375
6440.22011 89.09433 2.97344 2.88425 273.21794
6440.58599 89.37238 2.97617 2.89325 274.27331
6441.22061 89.85180 2.98193 2.90877 275.93638
6441.95513 90.37657 2.98724 2.92576 278.01670
6442.22111 90.59125 2.98964 2.93271 278.84217
6443.22161 91.35714 2.99826 2.95750 281.94632
6443.25205 91.38075 2.99850 2.95827 282.04197
6444.22211 92.10089 3.00669 2.98158 285.13194
6444.59786 92.38494 3.00996 2.99078 286.36503
6445.22261 92.89265 3.01559 3.00721 288.45321
6445.80284 93.38912 3.02086 3.02329 290.45280
6446.22311 93.73069 3.02499 3.03434 291.94690
6447.08199 94.39331 3.03412 3.05579 294.98876
6447.22361 94.50568 3.03564 3.05943 295.50760
6448.22411 95.26747 3.04586 3.08409 299.25244
6448.38695 95.39749 3.04765 3.08830 299.88016
6449.22461 96.01350 3.05457 3.10825 303.17819
6449.79473 96.40167 3.05994 3.12081 305.18956
6450.22511 96.70116 3.06326 3.13051 306.86092
6451.15962 97.40586 3.07132 3.15332 310.90964
6451.22561 97.46213 3.07215 3.15514 311.18855
6452.22611 98.25253 3.08180 3.18073 315.67886
6452.41903 98.41004 3.08403 3.18583 316.54628
6453.22661 99.05029 3.09205 3.20655 320.33879
6453.68154 99.41423 3.09728 3.21834 322.55254
6454.22711 99.83667 3.10340 3.23201 325.28173
6454.96714 100.41841 3.10753 3.25085 329.09269
6455.22761 100.64369 3.11058 3.25814 330.40544
6456.20994 101.42259 3.13425 3.28335 335.82254
6456.22811 101.43840 3.13486 3.28387 335.92898
6457.22861 102.26916 3.16977 3.31076 341.82411
6457.40431 102.42678 3.17728 3.31586 342.78841
6458.22911 103.09399 3.20878 3.33746 347.71761
6458.69002 103.43096 3.22484 3.34837 350.30114
6459.22961 103.83101 3.24499 3.36132 353.13422
6459.97728 104.43515 3.27473 3.38088 357.85230
6460.23012 104.64737 3.28516 3.38775 359.45527
6461.23062 105.43470 3.32003 3.41324 366.09543
6461.23621 105.43933 3.32023 3.41339 366.13219
6462.23112 106.23399 3.35530 3.43911 372.84499
6462.48451 106.44351 3.36304 3.44590 374.53912
6463.23162 107.05198 3.38489 3.46559 379.67617
6463.70655 107.44770 3.39939 3.47840 382.85369
6464.23212 107.89441 3.41542 3.49287 386.37557
6464.88933 108.45188 3.43475 3.51091 390.77694
6465.23262 108.74751 3.44481 3.52048 393.06885
6466.09873 109.45607 3.46886 3.54342 399.09832
6466.23312 109.56809 3.47272 3.54705 400.06316
6467.23362 110.31950 3.49838 3.57137 406.94049
6467.41695 110.46025 3.50279 3.57593 407.96522
6468.23412 111.15327 3.52301 3.59836 413.82671
6468.56820 111.46444 3.53312 3.60844 416.01472
6469.23462 112.02573 3.55223 3.62661 420.42309
6469.76294 112.46862 3.56725 3.64095 424.02359
6470.23512 112.86449 3.58063 3.65376 427.22815
6470.93714 113.47280 3.60147 3.67346 431.76555
6471.23562 113.73285 3.61045 3.68187 433.67695
6472.11770 114.47699 3.63634 3.70596 439.50744
6472.23612 114.58404 3.64010 3.70943 440.21668
6473.23662 115.45065 3.67072 3.73748 446.53197
6473.27022 115.48117 3.67181 3.73847 446.72846
6474.23712 116.33292 3.70231 3.76605 452.64577
6474.40822 116.48536 3.70781 3.77098 453.67387
6475.23762 117.20678 3.73399 3.79434 458.63275
6475.55732 117.48954 3.74429 3.80349 460.60659
6476.23812 118.09619 3.76643 3.82313 464.29269
6476.75651 118.49372 3.78128 3.83600 466.79095
6477.23862 118.90572 3.79625 3.84933 469.43212
6477.82665 119.49791 3.81512 3.86851 473.03935
6478.23912 119.87450 3.82793 3.88070 475.58571
6478.95403 120.50209 3.85153 3.90101 479.52506
6479.23962 120.75931 3.86106 3.90934 481.07184
6480.09974 121.50628 3.88860 3.93352 486.02670
6480.24012 121.63488 3.89338 3.93769 486.75050
6481.23959 122.51046 3.92582 3.96603 492.29894
6481.24062 122.51138 3.92586 3.96606 492.30440
6482.24112 123.46426 3.96104 3.99691 497.00123
6482.29536 123.51464 3.96289 3.99854 497.26563
6483.24162 124.34174 3.99348 4.02532 502.38726
6483.43659 124.51883 4.00000 4.03105 503.35972
6484.24212 125.26542 4.02737 4.05522 507.34520
6484.55135 125.52301 4.03691 4.06356 509.06292
6485.24262 126.11105 4.05841 4.08259 511.55138
6485.69239 126.52720 4.07357 4.09606 513.34225
6486.24312 127.01631 4.09140 4.11190 516.33945
6486.79000 127.53138 4.11036 4.12857 518.70061
6487.24362 127.98924 4.12700 4.14340 520.34610
6487.80251 128.53556 4.14475 4.16108 523.25574
6488.24412 128.96242 4.15848 4.17490 525.64696
6488.84271 129.53975 4.17938 4.19359 528.08595
6489.24462 129.91758 4.19314 4.20582 529.80893
6489.92004 130.54393 4.21563 4.22610 532.84736
6490.24512 130.85030 4.22666 4.23602 534.23435
6491.00415 131.54812 4.25170 4.25861 537.63166
6491.24562 131.77393 4.25980 4.26592 538.68675
6492.04700 132.55230 4.28760 4.29112 541.82872
6492.24612 132.74366 4.29442 4.29731 542.62129
6493.10326 133.55649 4.32339 4.32362 546.13978
6493.24662 133.69326 4.32828 4.32805 546.77416
6494.24712 134.55700 4.35899 4.35601 550.84680
6494.25096 134.56067 4.35912 4.35613 550.85394
6495.24762 135.49666 4.39215 4.38643 554.42001
6495.31877 135.56485 4.39456 4.38864 554.72393
6496.24812 136.49388 4.42752 4.41872 557.88137
6496.32465 136.56904 4.43007 4.42115 558.19278
6497.24862 137.54402 4.46063 4.45271 561.99676
6497.27508 137.57322 4.46161 4.45366 562.07042
6498.24912 138.51814 4.49504 4.48425 565.60033
6498.31110 138.57741 4.49711 4.48617 565.84326
6499.24962 139.53063 4.53041 4.51702 568.89304
6499.30169 139.58159 4.53219 4.51867 569.08069
6500.25013 140.50507 4.56440 4.54857 572.55403
6500.33043 140.58577 4.56722 4.55118 572.82356
6501.25063 141.46266 4.59775 4.57957 576.32628
6501.38037 141.58996 4.60218 4.58369 576.78248
6502.25113 142.45121 4.63212 4.61157 579.84439
6502.41330 142.59414 4.63709 4.61620 580.37043
6503.25163 143.35112 4.66332 4.64071 582.74050
6503.50128 143.59833 4.67191 4.64871 583.59641
6504.25213 144.33920 4.69757 4.67269 586.26884
6504.50935 144.60251 4.70664 4.68122 587.04930
6505.25263 145.32286 4.73175 4.70454 589.69155
6505.53869 145.60669 4.74154 4.71373 590.66092
6506.25313 146.45642 4.76771 4.74123 592.57311
6506.39189 146.61088 4.77244 4.74623 593.05256
6507.25363 147.47633 4.80238 4.77425 595.80259
6507.39248 147.61506 4.80717 4.77874 596.25909
6508.25413 148.44854 4.83580 4.80572 599.39317
6508.41657 148.61925 4.84168 4.81125 599.84186
6509.25463 149.52221 4.87269 4.84048 601.94892
6509.35648 149.62343 4.87616 4.84376 602.29137
6510.25513 150.57329 4.90871 4.87451 604.72465
6510.30659 150.62762 4.91057 4.87627 604.86363
6511.25563 151.60620 4.94416 4.90795 607.84925
6511.28170 151.63180 4.94504 4.90878 607.93117
6512.25613 152.52988 4.97581 4.93785 610.46619
6512.36304 152.63598 4.97944 4.94128 610.72617
6513.25663 153.57772 5.01162 4.97177 613.28083
6513.31761 153.64017 5.01379 4.97379 613.45215
6514.25302 154.64435 5.04671 5.00630 616.24530
6514.25713 154.64884 5.04684 5.00645 616.26114
6515.14606 155.64854 5.07882 5.03881 618.73503
6515.25763 155.76587 5.08291 5.04261 619.02222
6516.07684 156.65272 5.11323 5.07132 621.07797
6516.25813 156.84438 5.11975 5.07752 621.57459
6517.03566 157.65690 5.14748 5.10383 623.80206
6517.25863 157.88678 5.15533 5.11127 624.46223
6517.98122 158.66109 5.18171 5.13634 626.36566
6518.25913 158.96605 5.19214 5.14621 627.04269
6518.90490 159.66527 5.21591 5.16884 628.63568
6519.25963 160.03841 5.22862 5.18092 629.66095
6519.85862 160.66946 5.25013 5.20135 631.42749
6520.26013 161.08690 5.26432 5.21487 632.13411
6520.85372 161.67364 5.28430 5.23386 633.28524
6521.26063 162.07608 5.29804 5.24689 634.63348
6521.81913 162.67782 5.31845 5.26637 636.22853
6522.26113 163.17266 5.33555 5.28239 637.09241
6522.72461 163.68201 5.35197 5.29888 638.46676
6523.26163 164.29694 5.37020 5.31878 640.29973
6523.59189 164.68619 5.38305 5.33139 640.96069
6524.26213 165.41061 5.40806 5.35484 642.62114
6524.52402 165.69038 5.41752 5.36389 643.35169
6525.26263 166.51206 5.44539 5.39050 645.08988
6525.42802 166.69456 5.45162 5.39640 645.49533
6526.26313 167.63180 5.48340 5.42674 647.39231
6526.32370 167.69874 5.48567 5.42891 647.54050
6527.18917 168.70293 5.51969 5.46142 649.24644
6527.26363 168.78877 5.52261 5.46420 649.40294
6528.12399 169.70711 5.55380 5.49393 651.76432
6528.26413 169.86011 5.55902 5.49888 652.11419
6529.01999 170.71130 5.58785 5.52644 653.99854
6529.26463 170.96984 5.59654 5.53481 654.55143
6529.98913 171.71548 5.62213 5.55895 655.58779
6530.26513 172.02619 5.63227 5.56900 656.21580
6530.82246 172.71967 5.65278 5.59145 657.86170
6531.26563 173.23083 5.66963 5.60800 658.91264
6531.70632 173.72385 5.68658 5.62396 659.89115
6532.26613 174.34200 5.70743 5.64397 661.32882
6532.59577 174.72803 5.72050 5.65647 661.97525
6533.26663 175.49106 5.74636 5.68117 663.48568
6533.49112 175.73222 5.75453 5.68898 664.11023
6534.26713 176.61364 5.78438 5.71751 665.88585
6534.37564 176.73640 5.78854 5.72149 666.13782
6535.23964 177.74059 5.82252 5.75400 667.94416
6535.26763 177.77111 5.82356 5.75498 668.01940
6536.09232 178.74477 5.85643 5.78650 669.64331
6536.26813 178.93311 5.86280 5.79260 670.13990
6536.97665 179.74895 5.89041 5.81901 671.68941
6537.26863 180.10252 5.90228 5.83046 672.31958
6537.88921 180.75314 5.92455 5.85152 673.80198
6538.26913 181.19436 5.93928 5.86581 674.05680
6538.72359 181.75732 5.95579 5.88403 675.00531
6539.26963 182.36035 5.97501 5.90355 676.82936
6539.60789 182.76151 5.98893 5.91654 677.40718
6540.27014 183.54601 6.01535 5.94193 678.72555
6540.46575 183.76569 6.02280 5.94905 679.21330
6541.27064 184.71222 6.05469 5.97969 680.87850
6541.32120 184.76987 6.05664 5.98156 680.99758
6542.19760 185.77406 6.09061 6.01406 683.03700
6542.27114 185.85692 6.09342 6.01675 683.22026
6543.02982 186.77824 6.12449 6.04657 684.59172
6543.27164 187.05902 6.13395 6.05566 685.13193
6543.89287 187.78243 6.15842 6.07908 686.50743
6544.27214 188.22630 6.17340 6.09345 687.32392
6544.74270 188.78661 6.19217 6.11159 688.30381
6545.27264 189.41232 6.21366 6.13184 689.33818
6545.59104 189.79079 6.22581 6.14410 690.11702
6546.27314 190.67792 6.25244 6.17282 691.77195
6546.36743 190.79498 6.25638 6.17661 691.97237
6547.21814 191.79916 6.29045 6.20911 693.23997
6547.27364 191.86184 6.29255 6.21114 693.30237
6548.10299 192.80335 6.32426 6.24162 694.70687
6548.27414 192.99433 6.33069 6.24781 695.17735
6548.95773 193.80753 6.35812 6.27413 696.65203
6549.27464 194.18041 6.37071 6.28620 697.33822
6549.78812 194.81172 6.39193 6.30664 698.27631
6550.27514 195.39126 6.41146 6.32540 699.30341
6550.63199 195.81590 6.42577 6.33915 700.06352
6551.27564 196.60226 6.45227 6.36461 701.28885
6551.45517 196.82008 6.45958 6.37166 701.64553
6552.27614 197.81864 6.49339 6.40398 703.19463
6552.28103 197.82427 6.49358 6.40417 703.20717
6553.00708 198.82845 6.52433 6.43667 704.43510
6553.27664 199.13973 6.53403 6.44675 705.26791
6553.82890 199.83264 6.55766 6.46918 706.15284
6554.27714 200.39708 6.57656 6.48745 706.90059
6554.64404 200.83682 6.59134 6.50169 707.69045
6555.27764 201.62600 6.61789 6.52724 708.91375
6555.46999 201.84100 6.62512 6.53420 709.29925
6556.27814 202.71717 6.65457 6.56256 710.64557
6556.38415 202.84519 6.65887 6.56671 710.83505
6557.17100 203.84937 6.69260 6.59922 712.21197
6557.27864 203.98195 6.69706 6.60351 712.41534
6557.95858 204.85356 6.72631 6.63172 713.47429
6558.27914 205.25126 6.73968 6.64460 714.09107
6558.77972 205.85774 6.76010 6.66423 715.13931
6559.27964 206.45333 6.78007 6.68351 716.28297
6559.60969 206.86192 6.79395 6.69674 716.88200
6560.28014 207.73566 6.82178 6.72503 718.20713
6560.38251 207.86611 6.82550 6.72925 718.51949
6561.11498 208.87029 6.85783 6.76176 719.56424
6561.28064 209.07248 6.86469 6.76830 719.89909
6561.94464 209.87448 6.89161 6.79427 721.36335
6562.28114 210.28692 6.90549 6.80762 722.05289
6562.73898 210.87866 6.92537 6.82677 722.80226
6563.28164 211.54491 6.94767 6.84834 723.91279
6563.55265 211.88285 6.95903 6.85928 724.41929
6564.28214 212.86084 6.99182 6.89094 725.47297
6564.30521 212.88703 6.99270 6.89179 725.53753
6565.16698 213.89121 7.02638 6.92430 726.84982
6565.28264 214.02466 7.03087 6.92862 727.02457
6565.95355 214.89540 7.05989 6.95681 727.97981
6566.28314 215.30696 7.07390 6.97013 728.66077
6566.73700 215.89958 7.09359 6.98932 729.39372
6567.28364 216.68388 7.11659 7.01471 730.49258
6567.44218 216.90377 7.12368 7.02183 730.72100
6568.21740 217.90795 7.15764 7.05433 731.98047
6568.28414 217.99390 7.16050 7.05712 732.10293
6568.99063 218.91213 7.19126 7.08684 733.29824
6569.28464 219.27319 7.20333 7.09853 733.93059
6569.77872 219.91632 7.22489 7.11935 734.76395
6570.28514 220.54424 7.24594 7.13968 735.82817
6570.58370 220.92050 7.25856 7.15186 736.41398
6571.28564 221.83814 7.28929 7.18157 737.60560
6571.35679 221.92469 7.29219 7.18437 737.76726
6572.11887 222.92887 7.32578 7.21688 738.97414
6572.28614 223.13175 7.33262 7.22344 739.36441
6572.94506 223.93305 7.35943 7.24938 740.96987
6573.28664 224.32779 7.37266 7.26216 741.60859
6573.78462 224.93724 7.39338 7.28189 741.95354
6574.28714 225.64335 7.41435 7.30475 742.87909
6574.49938 225.94142 7.42322 7.31440 743.36865
6575.25631 226.94561 7.45702 7.34691 744.58644
6575.28764 226.98543 7.45836 7.34820 744.64671
6576.03443 227.94979 7.49052 7.37942 746.03477
6576.28814 228.27540 7.50142 7.38996 746.51665
6576.77664 228.95397 7.52404 7.41193 747.12849
6577.28864 229.62530 7.54652 7.43366 748.01814
6577.54574 229.95816 7.55762 7.44444 748.50034
6578.28090 230.96234 7.59117 7.47694 749.53890
6578.28914 230.97313 7.59153 7.47729 749.55372
6579.03914 231.96653 7.62478 7.50945 750.81208
6579.28964 232.29671 7.63574 7.52014 751.25709
6579.78486 232.97071 7.65834 7.54196 751.96777
6580.29015 233.64643 7.68072 7.56384 752.82892
6580.52863 233.97490 7.69029 7.57447 753.44317
6581.22009 234.97908 7.72195 7.60698 754.41476
6581.29065 235.07091 7.72509 7.60995 754.53032
6581.96638 235.98326 7.75556 7.63949 755.70284
6582.29115 236.40807 7.76981 7.65324 756.20362
6582.78551 236.98745 7.78914 7.67199 756.90710
6583.29165 237.57430 7.80875 7.69099 757.85548
6583.59340 237.99163 7.82266 7.70450 758.29297
6584.29215 238.95212 7.85469 7.73560 759.35602
6584.32660 238.99582 7.85614 7.73701 759.42530
6585.05635 240.00000 7.88970 7.76952 760.46545
