6580.68773 245.19005 8.05357 7.93754 739.15073
6580.28043 244.66803 8.03621 7.92064 738.26506
6579.70293 243.87546 8.00941 7.89498 737.35091
6579.28137 243.29503 7.99160 7.87619 736.40758
6578.98770 242.91866 7.98063 7.86401 735.50546
6578.20799 241.83760 7.94504 7.82901 734.19351
6578.19697 241.82439 7.94460 7.82858 734.16434
6577.46909 240.81831 7.91104 7.79601 733.00548
6577.13554 240.34846 7.89532 7.78080 732.53001
6576.69673 239.72945 7.87473 7.76076 731.89046
6576.12849 238.91730 7.84766 7.73447 731.13365
6576.00499 238.75170 7.84213 7.72911 730.91077
6575.32352 237.78097 7.80977 7.69768 729.99135
6575.51061 238.03052 7.81810 7.70576 730.32806
6574.87145 237.24834 7.79193 7.68044 728.81497
6574.38572 236.63536 7.77142 7.66060 727.67784
6573.88506 235.97708 7.74941 7.63929 726.77401
6573.28761 235.17980 7.72295 7.61348 726.38001
6573.01088 234.80775 7.71026 7.60143 726.18524
6572.30367 233.81966 7.67997 7.56944 724.62623
6572.31871 233.84939 7.68081 7.57041 724.62692
6571.61535 232.91390 7.65044 7.54012 723.19234
6571.28984 232.46670 7.63544 7.52564 722.69328
6570.75080 231.75701 7.61182 7.50267 721.66787
6570.03227 230.70818 7.57689 7.46872 720.89132
6570.20532 230.94464 7.58477 7.47637 721.16261
6569.48822 230.00059 7.55324 7.44581 719.83561
6569.35826 229.83533 7.54770 7.44046 719.55753
6568.71861 228.99870 7.51964 7.41337 718.33517
6568.34879 228.51370 7.50345 7.39767 717.64351
6567.98289 228.03787 7.48756 7.38227 716.94742
6567.40080 227.28645 7.46244 7.35794 715.79022
6567.25972 227.11008 7.45657 7.35223 715.46633
6566.46436 226.09838 7.42238 7.31948 713.89296
6566.60280 226.26854 7.42805 7.32499 714.21023
6565.85280 225.36966 7.40039 7.29589 711.83353
6565.42447 224.86575 7.38482 7.27958 710.50110
6564.74036 223.96271 7.35433 7.25034 710.12950
6564.49091 223.63488 7.34347 7.23973 709.90252
6563.88009 222.88772 7.31842 7.21554 708.40809
6563.07418 221.73875 7.28004 7.17835 707.48062
6563.20596 221.91526 7.28594 7.18406 707.68742
6562.51534 221.00748 7.25552 7.15468 706.44905
6562.42182 220.90050 7.25192 7.15121 706.18961
6561.68676 219.95167 7.22017 7.12050 704.78019
6561.37564 219.52876 7.20598 7.10680 704.30946
6561.03509 219.10849 7.19192 7.09320 703.55306
6560.41424 218.31995 7.16546 7.06767 702.30489
6560.17428 218.01059 7.15512 7.05766 701.84551
6559.39921 217.01116 7.12146 7.02530 700.41451
6559.34613 216.94358 7.11920 7.02311 700.30901
6558.61770 215.99146 7.09025 6.99229 698.45650
6558.43068 215.75907 7.08262 6.98477 698.01977
6557.82515 214.98634 7.05706 6.95975 696.76347
6557.48094 214.52867 7.04168 6.94494 696.21122
6557.35038 214.38723 7.03690 6.94036 695.81822
6556.62151 213.53751 7.00840 6.91285 693.90850
6556.15076 212.94335 6.98844 6.89362 693.00686
6555.38952 211.94554 6.95516 6.86131 692.63445
6555.41494 211.98349 6.95642 6.86254 692.63395
6554.68212 211.04508 6.92494 6.83216 691.24457
6554.53922 210.87033 6.91907 6.82651 690.90350
6554.00152 210.21490 6.89703 6.80529 689.71997
6553.61879 209.75484 6.88154 6.79039 688.83433
6553.12841 209.17312 6.86207 6.77156 687.61161
6552.47191 208.35190 6.83427 6.74498 686.32899
6552.19907 208.01171 6.82369 6.73396 685.59670
6551.39766 206.98268 6.79202 6.70065 683.57216
6551.45531 207.05628 6.79454 6.70303 683.67329
6550.68041 206.08229 6.76149 6.67150 682.19082
6550.55646 205.93215 6.75646 6.66664 681.90381
6549.84997 205.07265 6.72758 6.63882 680.35784
6549.28747 204.33941 6.70302 6.61508 679.40092
6549.07926 204.04933 6.69335 6.60569 679.15033
6548.67299 203.56303 6.67698 6.58995 678.21250
6548.63838 203.53551 6.67604 6.58906 678.04609
6547.80945 202.61617 6.64502 6.55929 675.65161
6547.33601 202.05141 6.62598 6.54101 674.72289
6546.53852 201.04633 6.59233 6.50847 674.09304
6546.49893 201.00133 6.59081 6.50702 673.98149
6545.83275 200.17234 6.56299 6.48018 672.51995
6545.65911 199.98273 6.55661 6.47404 672.01376
6544.96144 199.14718 6.52812 6.44699 670.50953
6544.50957 198.58414 6.51129 6.42876 669.19275
6544.20642 198.21475 6.50036 6.41681 668.24428
6543.66539 197.57590 6.47886 6.39612 666.94476
6543.17835 196.99904 6.45938 6.37745 665.80050
6542.34475 195.91561 6.42304 6.34238 664.45296
6542.25756 195.80113 6.41920 6.33867 664.31910
6541.57405 194.89049 6.38865 6.30919 663.37245
6541.49668 194.81051 6.38595 6.30660 663.11774
6540.90562 194.06754 6.36090 6.28255 662.00677
6540.70441 193.82165 6.35259 6.27459 661.58831
6540.42702 193.51557 6.34224 6.26468 660.80419
6539.88748 192.93106 6.32252 6.24576 659.18816
6539.40822 192.39745 6.30450 6.22848 657.88435
6538.71375 191.60451 6.27784 6.20281 655.96516
6538.25561 191.05867 6.25929 6.18514 655.32703
6537.47147 190.07747 6.22821 6.15338 654.32158
6537.56274 190.19103 6.23152 6.15705 654.58998
6536.71496 189.17900 6.19961 6.12429 652.11728
6536.49770 188.91614 6.19053 6.11578 651.70465
6535.78062 188.02619 6.16064 6.08697 650.37280
6535.40679 187.55927 6.14483 6.07186 649.69304
6535.02406 187.06158 6.12811 6.05574 649.10620
6534.64947 186.62641 6.11350 6.04166 648.19538
6534.27474 186.18276 6.09852 6.02729 647.35112
6533.64283 185.42870 6.07310 6.00288 645.96342
6533.43000 185.18639 6.06493 5.99504 645.42269
6532.59123 184.17993 6.03100 5.96246 643.62254
6532.52805 184.10512 6.02847 5.96004 643.48367
6531.74636 183.15586 5.99653 5.92930 641.90567
6531.84033 183.27383 6.00044 5.93312 642.07344
6531.04238 182.38413 5.97005 5.90432 639.97774
6530.95341 182.27473 5.96634 5.90078 639.81630
6530.30274 181.59383 5.94547 5.87874 637.24261
6529.70109 180.93459 5.92468 5.85740 635.61180
6529.15910 180.28483 5.90267 5.83636 635.22164
6528.77366 179.86742 5.88860 5.82285 634.14330
6527.96820 178.91391 5.85638 5.79198 632.29684
6527.31175 178.03712 5.82686 5.76360 631.58405
6527.46210 178.22408 5.83318 5.76965 631.84501
6526.73093 177.38481 5.80478 5.74248 630.06325
6526.69718 177.34710 5.80350 5.74126 629.97412
6525.80688 176.34359 5.76955 5.70877 627.70150
6525.70025 176.22211 5.76544 5.70484 627.43512
6524.88413 175.27688 5.73347 5.67424 625.53736
6524.74743 175.13006 5.72850 5.66949 625.13407
6523.98021 174.24583 5.69858 5.64086 623.32519
6523.74198 173.96930 5.68929 5.63191 622.75968
6523.20869 173.36398 5.66861 5.61231 621.49310
6523.01619 173.15267 5.66128 5.60547 620.99933
6522.63865 172.76562 5.64852 5.59294 619.66104
6522.11701 172.25843 5.63356 5.57652 617.23644
6521.18577 171.25814 5.60048 5.54414 614.27388
6520.53748 170.46544 5.57373 5.51848 613.47578
6520.35975 170.25282 5.56656 5.51159 613.39717
6519.77739 169.59946 5.54446 5.49044 612.47140
6519.68510 169.48708 5.54066 5.48681 612.29918
6519.00344 168.77071 5.51634 5.46361 610.10606
6518.54914 168.27871 5.49965 5.44769 608.84141
6517.71756 167.31906 5.46715 5.41662 606.93274
6517.66464 167.26197 5.46521 5.41477 606.78139
6516.78291 166.25314 5.43091 5.38211 604.71098
6516.92921 166.41597 5.43644 5.38738 605.08672
6516.04005 165.45791 5.40398 5.35637 602.54204
6515.94036 165.34879 5.40027 5.35284 602.27603
6515.15805 164.50972 5.37113 5.32567 600.15981
6514.79759 164.12932 5.35950 5.31336 598.75353
6514.06077 163.28453 5.33359 5.28601 596.38970
6514.12754 163.35318 5.33592 5.28823 596.60603
6513.42849 162.65994 5.31207 5.26579 594.18251
6512.94337 162.14375 5.29467 5.24908 592.71307
6512.32625 161.48209 5.27206 5.22766 590.94304
6511.82917 160.95194 5.25403 5.21050 590.17667
6511.28841 160.33271 5.23303 5.19045 589.46286
6510.93931 159.96198 5.22038 5.17845 588.37967
6510.45329 159.43744 5.20251 5.16147 586.88871
6509.98695 158.93496 5.18540 5.14520 585.64184
6509.56997 158.50227 5.17062 5.13119 584.32280
6508.96051 157.84926 5.14827 5.11005 582.56192
6508.61031 157.47809 5.13563 5.09804 581.51898
6507.93704 156.76070 5.11117 5.07481 579.53870
6507.62073 156.41483 5.09945 5.06362 578.65698
6506.98419 155.73023 5.07590 5.04145 576.86777
6506.81778 155.56374 5.07000 5.03607 576.33739
6506.02896 154.74123 5.04360 5.00944 573.44046
6505.84202 154.54338 5.03789 5.00303 572.61894
6505.11855 153.79292 5.01318 4.97874 570.09017
6504.87297 153.55614 5.00490 4.97107 569.19643
6503.94936 152.58034 4.97142 4.93948 566.42256
6503.89757 152.51344 4.96913 4.93732 566.35996
6503.06824 151.65832 4.93984 4.90963 563.69569
6502.99066 151.57631 4.93704 4.90698 563.55140
6502.10244 150.66578 4.90582 4.87750 561.79030
6501.95642 150.51728 4.90071 4.87270 561.29796
6501.02263 149.53966 4.86709 4.84105 558.21050
6500.92651 149.43845 4.86361 4.83777 557.92448
6499.98162 148.43128 4.82895 4.80517 555.11023
6500.17117 148.62644 4.83570 4.81148 555.73084
6499.19662 147.65028 4.80207 4.77988 552.28145
6499.03930 147.48979 4.79655 4.77469 551.74902
6498.10825 146.51929 4.76330 4.74327 548.70963
6498.05723 146.47032 4.76179 4.74168 548.46057
6497.12643 145.50195 4.73144 4.71033 544.65227
6497.21345 145.58671 4.73436 4.71308 544.98360
6496.26660 144.65430 4.70170 4.68289 541.56320
6496.02368 144.39636 4.69280 4.67454 540.80555
6495.23399 143.57707 4.66438 4.64802 538.18875
6495.18915 143.54746 4.66333 4.64706 537.88875
6494.25242 142.59844 4.63032 4.61634 535.10118
6494.26096 142.60772 4.63064 4.61664 535.11228
6493.33064 141.69946 4.59904 4.58724 532.36005
6493.24840 141.61448 4.59608 4.58449 532.05135
6492.31894 140.70729 4.56439 4.55512 528.42798
6492.09099 140.47909 4.55640 4.54773 527.59155
6491.19388 139.55782 4.52411 4.51791 524.49263
6491.21672 139.58707 4.52513 4.51885 524.52477
6490.25584 138.63137 4.49165 4.48791 520.90944
6490.41845 138.78452 4.49700 4.49287 521.60029
6489.43928 137.87464 4.46473 4.46342 517.43654
6489.24745 137.69147 4.45815 4.45749 516.67419
6488.25630 136.72169 4.42714 4.42609 511.93284
6488.13531 136.60294 4.42328 4.42225 511.37360
6487.16554 135.62957 4.38901 4.39074 507.70221
6487.28498 135.74680 4.39312 4.39453 508.17916
6486.30761 134.80852 4.35972 4.36416 504.12590
6486.22005 134.72057 4.35660 4.36131 503.79169
6485.31399 133.84780 4.32554 4.33305 500.05594
6485.22662 133.76498 4.32260 4.33037 499.76430
6484.32089 132.90106 4.29193 4.30241 497.08762
6484.09854 132.68183 4.28410 4.29531 496.13737
6483.28780 131.89382 4.25581 4.26980 492.66726
6483.18230 131.79325 4.25220 4.26654 492.22179
6482.37885 131.03764 4.22496 4.24208 488.63558
6482.08070 130.75283 4.21471 4.23286 487.33196
6481.33189 130.03975 4.18922 4.20978 483.99471
6481.02660 129.74457 4.17856 4.20022 482.67722
6480.39240 129.14275 4.15640 4.18074 479.91726
6480.22812 128.98804 4.15086 4.17573 479.15155
6479.58478 128.43219 4.13309 4.15774 475.20062
6478.82803 127.73079 4.10869 4.13503 471.45815
6478.51070 127.40950 4.09742 4.12463 470.05656
6478.01011 126.98877 4.08213 4.11101 467.29133
6477.21374 126.24351 4.05480 4.08688 463.50177
6476.64684 125.66283 4.03371 4.06808 461.34703
6476.52657 125.56707 4.03021 4.06498 460.76842
6475.72956 124.83941 4.00399 4.04143 457.80337
6475.43933 124.56449 3.99395 4.03253 456.32379
6474.65776 123.84484 3.96760 4.00923 452.39361
6474.44470 123.64952 3.96050 4.00291 451.32875
6473.54851 122.81731 3.93023 3.97596 446.83387
6473.70496 122.95595 3.93529 3.98045 447.66919
6472.70425 122.09645 3.90401 3.95263 442.08595
6472.66354 122.05673 3.90257 3.95134 441.89359
6471.70885 121.23986 3.87298 3.92490 436.50672
6471.24556 120.82688 3.85816 3.91153 433.99333
6470.57148 120.19776 3.83524 3.89116 430.59528
6470.46200 120.12119 3.83245 3.88868 429.85663
6469.55384 119.34079 3.80642 3.86342 424.29261
6468.93995 118.75747 3.78781 3.84454 420.78158
6468.31449 118.18038 3.76704 3.82585 417.45566
6467.77395 117.63946 3.74788 3.80834 414.78725
6467.59000 117.46527 3.74174 3.80270 413.99225
6467.02715 116.98677 3.72493 3.78721 411.56043
6466.59246 116.59379 3.71117 3.77449 409.41038
6465.96277 116.03903 3.69190 3.75653 405.68109
6466.00211 116.08017 3.69334 3.75786 405.86353
6464.98418 115.26724 3.66533 3.73155 399.62126
6464.85363 115.15891 3.66160 3.72804 398.84754
6463.82400 114.31054 3.63256 3.70058 392.65612
6463.34738 113.89314 3.61835 3.68706 389.94578
6462.53848 113.16723 3.59348 3.66356 385.42106
6462.26839 112.91998 3.58503 3.65556 383.94540
6461.74262 112.45917 3.56918 3.64064 380.96651
6461.33664 112.12612 3.55776 3.62986 378.52568
6460.76060 111.64347 3.54098 3.61423 375.23396
6460.07074 111.05184 3.52149 3.59508 371.18180
6459.88929 110.90129 3.51696 3.59021 370.04811
6458.96119 110.14314 3.49289 3.56566 364.71336
6458.05725 109.31159 3.46262 3.53874 360.64329
6457.19630 108.41305 3.43067 3.50966 356.37622
6458.29201 109.36751 3.46442 3.54055 362.42125
6457.17009 108.55243 3.43579 3.51417 355.74505
6456.24146 107.74700 3.40679 3.48809 350.81166
6455.42546 106.99697 3.37875 3.46381 346.65861
6455.05351 106.64214 3.36600 3.45233 344.82958
6454.39340 106.01094 3.34076 3.43189 341.64733
6454.27136 105.90417 3.33614 3.42844 341.02069
6453.35783 105.09398 3.30250 3.40221 336.53210
6452.72849 104.44543 3.27200 3.38121 333.70420
6452.28306 104.01356 3.25044 3.36723 331.66619
6452.04147 103.78024 3.23997 3.35968 330.57180
6451.20700 103.02461 3.21167 3.33522 326.77677
6450.25882 101.99587 3.18345 3.30191 322.73964
6449.93497 101.60684 3.17579 3.28932 321.43202
6449.39532 101.07991 3.16450 3.27226 319.48993
6448.61330 100.13486 3.14207 3.24167 316.59224
6448.32895 99.83266 3.13654 3.23188 315.42751
6447.47576 98.78292 3.11411 3.19790 312.23796
6447.39122 98.68408 3.11234 3.19470 311.91615
6446.57191 97.66853 3.09241 3.16182 308.91294
6446.33370 97.37346 3.08662 3.15227 308.05171
6445.82250 96.70329 3.07385 3.13058 306.25161
6445.98436 96.90488 3.07755 3.13710 306.83437
6445.29430 96.18944 3.06540 3.11394 304.19868
6444.90100 95.74303 3.05702 3.09949 302.75871
6444.44182 95.27090 3.04916 3.08420 301.04507
6444.02757 94.82851 3.04151 3.06988 299.54028
6443.86349 94.65375 3.03825 3.06423 298.95033
6443.96973 94.74916 3.03984 3.06731 299.35157
6443.31386 94.25087 3.03325 3.05118 296.79251
6443.11882 94.08796 3.03080 3.04591 296.06285
6442.17584 93.37329 3.02260 3.02277 292.53618
6442.31469 93.47333 3.02326 3.02601 293.06932
6441.46749 92.86720 3.01916 3.00639 289.91993
6440.90390 92.48047 3.01482 2.99387 288.23417
6440.02181 91.81816 3.00772 2.97243 285.30618
6439.21507 91.15952 2.99926 2.95111 282.64610
6439.70288 91.51232 3.00304 2.96253 284.24092
6438.76320 90.90803 2.99820 2.94297 281.19206
6438.42959 90.68274 2.99617 2.93567 280.13045
6437.73117 90.22539 2.99209 2.92087 277.98302
6436.89941 89.67754 2.98750 2.90313 275.49981
6436.69112 89.53700 2.98628 2.89858 274.89121
6435.60705 88.81917 2.98047 2.87534 271.82874
6435.20517 88.52840 2.97717 2.86593 270.69812
6434.27597 87.88502 2.97115 2.84510 268.18081
6433.35426 87.15668 2.96280 2.82152 265.66963
6433.36032 87.15124 2.96263 2.82135 265.67458
6432.47194 86.53056 2.95504 2.80125 263.37656
6432.00311 86.18067 2.94986 2.78993 262.24869
6431.01677 85.40317 2.93551 2.76476 259.79813
6430.48152 84.97166 2.92841 2.75079 258.37673
6429.67288 84.27660 2.91783 2.72829 256.25116
6429.03706 83.71857 2.91193 2.71022 254.66578
6428.33632 83.06283 2.89667 2.68899 252.80722
6427.83808 82.58457 2.88119 2.67351 251.41573
6427.40244 82.18070 2.87173 2.66044 250.24750
6426.76705 81.58736 2.87668 2.64123 248.54939
6426.28928 81.13133 2.89723 2.62646 247.25991
6425.60957 80.47594 2.87065 2.60525 245.39636
6425.55359 80.40410 2.85870 2.60292 245.21451
6424.92811 79.87681 2.74834 2.58585 243.64894
6424.20294 79.21371 2.64271 2.56439 241.76097
6423.32799 78.33204 2.62147 2.53584 239.38267
6423.01663 78.01530 2.61007 2.52559 238.54989
6422.22922 77.19357 2.58672 2.49899 236.31784
6421.91868 76.86348 2.57789 2.48830 235.44385
6421.21498 76.11204 2.55607 2.46397 233.39581
6420.95813 75.83393 2.54857 2.45497 232.65897
6420.33866 75.18837 2.53296 2.43407 231.03947
6419.72790 74.53488 2.51476 2.41292 229.33755
6419.01266 73.69568 2.48963 2.38575 227.13391
6418.51316 73.08851 2.47134 2.36609 225.56119
6418.19913 72.71364 2.45996 2.35396 224.59786
6417.59135 71.99299 2.43778 2.33063 222.72797
6417.49844 71.88634 2.43449 2.32718 222.44948
6416.74975 71.04106 2.40822 2.29981 220.23170
6416.80851 71.10850 2.41033 2.30200 220.40784
6415.91921 70.16001 2.38059 2.27129 217.88239
6415.89431 70.13410 2.37977 2.27045 217.81232
6414.94399 69.12874 2.34773 2.23790 215.12000
6414.76747 68.93705 2.34153 2.23170 214.61143
6413.87718 67.94464 2.30931 2.19957 212.07693
6413.78580 67.84624 2.30613 2.19639 211.82688
6412.98755 66.95857 2.27680 2.16765 209.47197
6412.84855 66.80940 2.27192 2.16282 209.07337
6412.11757 66.01281 2.24838 2.13703 207.09948
6411.84864 65.72117 2.23977 2.12759 206.36480
6411.05884 64.85831 2.21077 2.09966 204.06474
6410.50051 64.18838 2.18841 2.07797 202.33565
6410.18823 63.80760 2.17556 2.06564 201.35156
6409.79455 63.38057 2.16115 2.05182 200.20847
6409.29423 62.82048 2.14226 2.03369 198.73058
6408.67274 62.10098 2.11785 2.01039 196.84142
6408.51959 61.93041 2.11207 2.00487 196.38845
6407.83139 61.17060 2.08621 1.98028 194.35925
6407.62367 60.95197 2.07879 1.97320 193.76909
6406.76189 59.99367 2.04593 1.94218 191.21042
6406.48344 59.67411 2.03492 1.93183 190.35146
6405.64341 58.67616 2.00056 1.89952 187.77328
6405.68940 58.73300 2.00259 1.90136 187.91951
6404.81524 57.73387 1.96979 1.86902 185.36330
6404.37286 57.19096 1.95307 1.85144 184.03010
6403.80930 56.47840 1.92812 1.82838 182.15097
6403.49861 56.10348 1.91516 1.81624 181.14867
6403.02208 55.52731 1.89523 1.79759 179.62225
6402.41949 54.78108 1.86927 1.77343 177.62865
6402.16156 54.46000 1.85813 1.76303 176.77684
6401.41740 53.53249 1.82585 1.73301 174.28893
6401.52109 53.66022 1.83030 1.73714 174.63286
6400.68029 52.66700 1.79572 1.70499 171.93007
6400.89842 52.90995 1.80417 1.71285 172.60207
6400.08707 52.04862 1.77408 1.68497 170.18725
6399.67909 51.60695 1.75859 1.67067 168.95548
6398.93477 50.74250 1.72841 1.64269 166.55941
6399.21401 51.02096 1.73817 1.65170 167.36109
6398.63277 50.49027 1.71955 1.63452 165.80230
6398.13963 50.01416 1.70292 1.61911 164.43758
6397.40779 49.27586 1.67661 1.59521 162.30720
6397.07840 48.96075 1.66571 1.58501 161.39611
6396.22766 48.07718 1.63838 1.55640 159.14416
6396.15030 47.98560 1.63530 1.55344 158.89821
6395.36103 47.21990 1.60811 1.52865 156.65768
6394.92654 46.75061 1.59171 1.51346 155.32035
6394.46191 46.26369 1.57461 1.49769 153.93203
6394.34553 46.17754 1.57156 1.49491 153.66666
6393.47664 45.33918 1.54207 1.46777 151.21201
6393.62478 45.46130 1.54638 1.47172 151.57804
6392.79504 44.76166 1.52171 1.44907 149.49666
6392.49021 44.48839 1.51208 1.44022 148.68648
6391.50110 43.59655 1.48068 1.41135 146.05791
6391.57370 43.66059 1.48293 1.41342 146.24627
6390.65563 42.85383 1.45442 1.38731 143.85283
6391.16698 43.25739 1.46875 1.40037 145.06657
6390.39595 42.71459 1.44941 1.38280 143.41082
6389.69569 42.20836 1.43147 1.36641 141.88178
6389.11252 41.77227 1.41606 1.35229 140.57802
6388.16299 41.03580 1.38997 1.32845 138.38094
6387.81952 40.76209 1.38010 1.31959 137.56557
6386.79922 39.91289 1.35257 1.29210 135.22375
6386.66707 39.80284 1.34918 1.28854 134.93418
6385.73730 39.02409 1.32259 1.26333 132.69533
6384.86388 38.23770 1.29474 1.23787 130.35321
6384.02813 37.37295 1.26436 1.20987 127.79519
6383.94782 37.29330 1.26155 1.20730 127.55877
6383.38728 36.75116 1.24241 1.18975 125.94557
6383.40816 36.77812 1.24335 1.19062 126.02576
6383.00189 36.43759 1.23134 1.17959 125.00584
6383.11911 36.50277 1.23366 1.18170 125.20269
6384.33514 37.16122 1.25732 1.20302 127.19795
6383.03161 36.63533 1.23816 1.18600 125.59241
6381.51365 35.83983 1.20969 1.16024 123.23431
6381.17882 35.63479 1.20240 1.15361 122.63165
6380.26923 35.11931 1.18400 1.13692 121.11723
6379.75650 34.83082 1.17370 1.12758 120.28486
6379.00107 34.40129 1.15839 1.11367 119.03337
6377.80591 33.65011 1.13174 1.08936 116.82837
6377.10580 33.16867 1.11465 1.07377 115.41545
6376.12094 32.43750 1.08882 1.05010 113.25413
6375.73975 32.12655 1.07788 1.04003 112.32672
6376.22554 32.42737 1.08854 1.04977 113.19979
6375.66724 32.15279 1.07873 1.04088 112.42769
6375.17280 31.90445 1.06976 1.03284 111.72018
6374.36175 31.45367 1.05335 1.01825 110.39897
6373.33504 30.89192 1.03484 1.00006 108.93652
6373.64749 31.04546 1.03963 1.00503 109.29963
6372.30934 30.38019 1.01865 0.98350 107.70666
6370.87619 29.48607 0.98685 0.95455 105.09838
6371.36587 29.76509 0.99691 0.96359 105.90695
6370.60054 29.35876 0.98226 0.95043 104.74231
6369.86267 28.99296 0.96931 0.93859 103.70764
6369.37317 28.72793 0.95987 0.93001 102.95352
6368.38352 28.18600 0.94051 0.91247 101.41238
6368.08767 28.01670 0.93448 0.90698 100.92681
6367.82469 27.91156 0.93068 0.90358 100.65223
6366.57339 27.27948 0.90808 0.88312 98.87865
6365.99336 26.96398 0.89683 0.87291 97.97941
6366.27559 27.09503 0.90154 0.87715 98.33498
6365.30516 26.70156 0.88733 0.86441 97.31339
6364.23480 26.23513 0.87055 0.84931 96.05647
6364.46067 26.32868 0.87393 0.85234 96.30317
6363.60763 25.98710 0.86159 0.84128 95.42396
6362.61051 25.62157 0.84834 0.82945 94.51076
6361.95946 25.35561 0.83877 0.82084 93.79973
6361.36477 25.12505 0.83050 0.81337 93.17345
6360.15842 24.60976 0.81195 0.79669 91.79122
6359.30475 24.22237 0.79805 0.78415 90.72298
6359.97926 24.49006 0.80771 0.79282 91.42222
6358.89731 24.12411 0.79441 0.78097 90.53982
6357.48349 23.61248 0.77597 0.76441 89.26306
6356.22667 23.04047 0.75513 0.74589 87.62522
6355.67920 22.76116 0.74531 0.73685 86.81603
6354.64818 22.24557 0.72909 0.72016 85.52047
6353.70225 21.74364 0.71288 0.70391 84.17226
6353.28074 21.47944 0.70349 0.69535 83.32406
6352.62238 21.12847 0.69075 0.68399 82.18125
6353.18534 21.37801 0.69985 0.69207 82.95299
6352.87503 21.27885 0.69616 0.68886 82.68749
6351.95208 20.95154 0.68424 0.67826 81.76192
6351.14334 20.68695 0.67467 0.66970 81.09782
6351.64228 20.81143 0.67924 0.67373 81.34845
6351.68810 20.82622 0.67978 0.67421 81.38573
6350.75103 20.70018 0.67489 0.67013 81.34814
6349.72256 20.54340 0.66889 0.66505 81.23180
6348.71762 20.40159 0.66340 0.66046 81.17737
6347.47388 20.20906 0.65603 0.65423 81.04359
6346.27240 19.98055 0.64744 0.64683 80.73384
6345.46799 19.82074 0.64145 0.64166 80.50261
6344.30211 19.52794 0.63068 0.63218 79.90002
6342.93990 19.08922 0.61486 0.61798 78.68485
6341.51599 18.57288 0.59628 0.60126 77.21259
6340.26887 18.01477 0.57638 0.58319 75.40664
6339.41324 17.56944 0.56057 0.56878 73.87047
6338.16748 16.88223 0.53623 0.54653 71.42752
6337.09963 16.18632 0.51171 0.52400 68.80999
6336.09372 15.45512 0.48599 0.50033 65.96807
6334.98042 14.54403 0.45413 0.47083 62.30347
6334.19466 13.80029 0.42789 0.44676 59.18035
6333.30756 12.92405 0.40002 0.41839 55.90186
6332.52323 12.02955 0.36972 0.38943 52.23084
6332.01265 11.41608 0.34831 0.36957 49.62115
0.00000 0.00000 0.00000 0.00000 0.00000
