7335.62211 238.99582 7.80028 7.73701 1213.82664
7335.66783 238.89437 7.79694 7.73373 1213.88063
7335.78427 237.99163 7.76736 7.70450 1211.89812
7335.89059 236.98745 7.73446 7.67199 1209.64322
7335.98782 235.98326 7.70155 7.63949 1207.20574
7336.07875 234.97908 7.66857 7.60698 1204.79268
7336.14929 233.97490 7.63767 7.57447 1202.43569
7336.19581 232.97071 7.60627 7.54196 1199.78896
7336.23457 231.96653 7.57336 7.50945 1197.06210
7336.26397 230.96234 7.54040 7.47694 1194.22045
7336.30371 229.95816 7.50751 7.44444 1191.55934
7336.36423 228.95397 7.47462 7.41193 1189.18368
7336.43974 227.94979 7.44174 7.37942 1187.05467
7336.50099 226.94561 7.40894 7.34691 1184.79809
7336.58117 225.94142 7.37589 7.31440 1182.82682
7336.60922 224.93724 7.34666 7.28189 1180.69787
7336.61692 223.93305 7.31339 7.24938 1178.19456
7336.60615 222.92887 7.28057 7.21688 1175.52499
7336.53912 221.92469 7.24776 7.18437 1172.35893
7336.46605 220.92050 7.21494 7.15186 1169.23519
7336.38523 219.91632 7.18202 7.11935 1166.03967
7336.30080 218.91213 7.14922 7.08684 1162.87163
7336.20460 217.90795 7.11641 7.05433 1159.72778
7336.11430 216.90377 7.08328 7.02183 1156.68064
7336.03796 215.89958 7.05394 6.98932 1154.02073
7335.94763 214.89540 7.02098 6.95681 1151.19072
7335.84837 213.89121 6.98822 6.92430 1148.32835
7335.75827 212.88703 6.95530 6.89179 1145.56580
7335.66783 212.02726 6.92717 6.86396 1143.18754
7335.62634 211.88285 6.92245 6.85928 1142.49214
7335.36201 210.87866 6.88972 6.82677 1137.95525
7335.18923 209.87448 6.85694 6.79427 1134.55061
7335.06370 208.87029 6.82417 6.76176 1131.73532
7334.94680 207.86611 6.79275 6.72925 1129.27271
7334.83322 206.86192 6.76198 6.69674 1126.82949
7334.69171 205.85774 6.72912 6.66423 1124.18063
7334.66733 205.71632 6.72451 6.65965 1123.75680
7334.43336 204.85356 6.69639 6.63172 1120.16565
7334.21046 203.84937 6.66370 6.59922 1116.78459
7334.02106 202.84519 6.63090 6.56671 1114.20969
7333.83620 201.84100 6.59803 6.53420 1111.72078
7333.66683 200.98953 6.57024 6.50663 1109.49524
7333.60413 200.83682 6.56526 6.50169 1108.71484
7333.29139 199.83264 6.53257 6.46918 1104.66686
7333.08355 198.82845 6.50029 6.43667 1101.76717
7332.91500 197.82427 6.47040 6.40417 1099.50830
7332.74267 196.82008 6.43731 6.37166 1097.33130
7332.66633 196.39601 6.42346 6.35793 1096.37664
7332.43568 195.81590 6.40462 6.33915 1093.38228
7332.16460 194.81172 6.37182 6.30664 1090.14473
7331.93895 193.80753 6.33906 6.27413 1087.57404
7331.73773 192.80335 6.30622 6.24162 1085.40601
7331.66583 192.49755 6.29621 6.23172 1084.61696
7331.39841 191.79916 6.27360 6.20911 1081.42982
7331.12471 190.79498 6.24051 6.17661 1078.41145
7330.92318 189.79079 6.21091 6.14410 1076.45771
7330.67712 188.78661 6.17834 6.11159 1074.13197
7330.66533 188.74694 6.17705 6.11030 1074.00789
7330.24966 187.78243 6.14589 6.07908 1069.13008
7329.99428 186.77824 6.11309 6.04657 1066.87494
7329.79472 185.77406 6.08022 6.01406 1065.46905
7329.66483 185.22404 6.06222 5.99626 1064.47010
7329.44979 184.76987 6.04749 5.98156 1062.06502
7329.08997 183.76569 6.01489 5.94905 1058.45687
7328.82790 182.76151 5.98215 5.91654 1056.48061
7328.66433 182.14302 5.96169 5.89652 1055.31172
7328.47359 181.75732 5.95033 5.88403 1053.11092
7328.13133 180.75314 5.92028 5.85152 1049.90207
7327.85179 179.74895 5.88720 5.81901 1048.00813
7327.66383 179.14910 5.86764 5.79959 1046.61724
7327.43553 178.74477 5.85466 5.78650 1044.03646
7327.09314 177.74059 5.82202 5.75400 1041.27606
7326.84107 176.73640 5.78910 5.72149 1040.19050
7326.66333 176.11495 5.76875 5.70137 1039.25633
7326.43295 175.73222 5.75644 5.68898 1036.63562
7326.02482 174.72803 5.72389 5.65647 1033.04070
7325.72790 173.72385 5.69115 5.62396 1031.85778
7325.66283 173.53076 5.68479 5.61771 1031.54438
7325.20245 172.71967 5.65868 5.59145 1027.73971
7324.83317 171.71548 5.62937 5.55895 1025.40430
7324.66233 171.29737 5.61552 5.54541 1024.16010
7324.32316 170.71130 5.59684 5.52644 1020.53941
7323.99681 169.70711 5.56395 5.49393 1018.98400
7323.72116 168.70293 5.53083 5.46142 1018.47103
7323.66183 168.53259 5.52524 5.45591 1018.18413
7323.18193 167.69874 5.49867 5.42891 1013.55115
7322.84327 166.69456 5.46583 5.39640 1012.20772
7322.66133 166.16913 5.44861 5.37939 1011.48021
7322.36769 165.69038 5.43324 5.36389 1008.56305
7321.95351 164.68619 5.40035 5.33139 1006.21546
7321.66083 163.79192 5.37365 5.30244 1005.21326
7321.58067 163.68201 5.37067 5.29888 1004.25853
7321.05669 162.67782 5.33867 5.26637 999.94234
7320.69449 161.67364 5.30581 5.23386 998.89128
7320.66033 161.59458 5.30324 5.23130 998.70963
7320.10260 160.66946 5.27376 5.20135 993.63672
7319.76585 159.66527 5.24071 5.16884 993.35354
7319.65983 159.40806 5.23228 5.16052 992.94001
7319.15130 158.66109 5.20854 5.13634 988.00210
7318.78725 157.65690 5.17561 5.10383 987.50761
7318.65933 157.34054 5.16523 5.09359 987.14558
7318.17833 156.65272 5.14328 5.07132 982.43917
7317.77439 155.64854 5.11035 5.03881 981.54950
7317.65883 155.36304 5.10088 5.02957 981.30770
7317.21266 154.64435 5.08009 5.00630 977.06732
7316.82017 153.64017 5.04843 4.97379 976.21022
7316.65833 153.29208 5.03688 4.96252 975.72335
7316.15143 152.63598 5.01641 4.94128 971.70108
7315.70421 151.63180 4.98333 4.90878 971.56673
7315.65783 151.53444 4.98009 4.90562 971.41322
7315.04453 150.62762 4.95105 4.87627 966.19535
7314.65733 149.70237 4.92095 4.84631 965.87307
7314.59231 149.62343 4.91858 4.84376 965.19252
7314.01497 148.61925 4.88604 4.81125 961.88366
7313.65683 147.86099 4.86094 4.78670 961.02892
7313.43175 147.61506 4.85351 4.77874 958.53855
7312.92344 146.61088 4.82131 4.74623 956.98567
7312.65633 145.86603 4.79966 4.72212 957.35540
7312.45045 145.60669 4.79191 4.71373 955.28984
7311.88262 144.60251 4.75857 4.68122 952.88512
7311.65583 144.15477 4.74443 4.66672 952.36511
7311.23115 143.59833 4.72731 4.64871 948.76340
7310.69520 142.59414 4.69363 4.61620 947.27386
7310.65533 142.53426 4.69166 4.61426 947.02151
7309.97981 141.58996 4.66242 4.58369 942.07884
7309.65483 140.87319 4.63870 4.56049 942.51912
7309.38341 140.58577 4.62927 4.55118 939.64730
7308.83832 139.58159 4.59536 4.51867 938.61389
7308.65433 139.20529 4.58341 4.50649 938.57919
7308.16590 138.57741 4.56441 4.48617 934.74062
7307.65383 137.71100 4.53384 4.45812 934.66643
7307.45581 137.57322 4.52927 4.45366 932.36416
7306.85900 136.56904 4.50073 4.42115 929.91682
7306.65333 136.25177 4.49111 4.41088 928.81402
7306.10454 135.56485 4.46689 4.38864 924.68163
7305.66455 134.56067 4.43341 4.35613 926.98656
7305.65283 134.54060 4.43279 4.35548 926.96975
7304.88536 133.55649 4.40080 4.32362 921.66245
7304.65233 133.17202 4.38754 4.31118 921.23305
7304.10526 132.55230 4.36618 4.29112 916.57405
7303.65183 131.83061 4.34351 4.26775 915.46657
7303.39753 131.54812 4.33357 4.25861 913.25618
7302.82042 130.54393 4.29890 4.22610 913.23050
7302.65133 130.27866 4.29014 4.21751 912.88108
7302.02159 129.53975 4.26570 4.19359 908.16552
7301.65083 128.74521 4.23947 4.16787 910.39118
7301.44967 128.53556 4.23295 4.16108 908.17361
7300.71242 127.53138 4.20169 4.12857 903.97950
7300.65033 127.44813 4.19878 4.12588 903.73122
7299.95278 126.52720 4.16707 4.09606 900.48836
7299.64982 126.10898 4.15279 4.08253 899.38180
7299.16144 125.52301 4.13328 4.06356 896.05546
7298.64932 124.64446 4.10404 4.03511 897.96553
7298.54030 124.51883 4.09967 4.03105 897.66797
7297.74014 123.51464 4.06591 3.99854 895.26122
7297.64882 123.39562 4.06190 3.99469 894.84118
7296.92410 122.51046 4.03179 3.96603 890.87260
7296.64832 122.19344 4.02089 3.95577 889.15246
7296.09889 121.50628 3.99786 3.93352 886.63287
7295.64782 120.79610 3.97420 3.91053 887.18834
7295.42257 120.50209 3.96411 3.90101 886.42554
7294.74644 119.49791 3.93108 3.86851 886.14303
7294.64732 119.35578 3.92700 3.86390 885.69100
7293.91585 118.49372 3.89991 3.83600 880.79961
7293.64682 118.19965 3.88954 3.82648 879.19762
7293.12888 117.48954 3.86567 3.80349 878.52367
7292.64632 116.79121 3.84227 3.78088 878.78655
7292.39687 116.48536 3.83183 3.77098 877.89861
7291.72470 115.48117 3.79813 3.73847 879.14450
7291.64582 115.38001 3.79474 3.73520 878.99418
7290.88468 114.47699 3.76416 3.70596 875.78925
7290.64532 114.17029 3.75378 3.69603 875.29473
7290.00555 113.47280 3.73025 3.67346 873.38292
7289.64482 113.11285 3.71804 3.66180 872.06820
7289.10612 112.46862 3.69617 3.64095 870.60620
7288.64432 111.89659 3.67679 3.62243 869.52937
7288.26622 111.46444 3.66188 3.60844 868.29024
7287.66283 110.46025 3.63165 3.57593 870.64855
7287.64382 110.43567 3.63090 3.57513 870.59109
7286.68481 109.45607 3.59754 3.54342 864.64404
7286.64332 109.41098 3.59602 3.54196 864.45348
7285.82456 108.45188 3.56356 3.51091 862.42672
7285.64282 108.26150 3.55706 3.50475 861.48280
7285.01139 107.44770 3.52959 3.47840 861.87953
7284.64232 106.98597 3.51399 3.46346 861.90227
7284.08233 106.44351 3.49543 3.44590 858.03931
7283.64182 105.96528 3.47918 3.43041 856.40446
7283.16022 105.43933 3.46127 3.41339 854.72315
7282.64132 104.90414 3.44294 3.39606 852.14385
7282.24569 104.43515 3.42704 3.38088 851.93282
7281.64082 103.72384 3.40276 3.35785 851.16175
7281.34699 103.43096 3.39267 3.34837 849.57759
7280.64032 102.73704 3.36904 3.32591 848.12513
7280.32625 102.42678 3.35817 3.31586 847.66990
7279.63982 101.65702 3.33326 3.29094 844.92316
7279.44792 101.42259 3.32641 3.28335 844.19574
7278.63932 100.48266 3.29499 3.25293 843.41147
7278.58302 100.41841 3.29274 3.25085 843.40376
7277.64327 99.41423 3.25806 3.21834 840.96449
7277.63882 99.40941 3.25789 3.21818 840.95711
7276.68015 98.41004 3.22299 3.18583 838.07005
7276.63832 98.36886 3.22154 3.18450 837.87280
7275.70933 97.40586 3.18809 3.15332 835.10260
7275.63782 97.33487 3.18551 3.15102 834.79358
7274.71544 96.40167 3.15254 3.12081 831.64142
7274.63732 96.32004 3.14979 3.11817 831.45358
7273.79862 95.39749 3.11640 3.08830 831.25038
7273.63682 95.22751 3.11034 3.08280 830.95748
7272.76000 94.39331 3.08151 3.05579 826.19165
7272.63632 94.27815 3.07699 3.05207 825.95034
7271.68147 93.38912 3.04616 3.02329 824.25872
7271.63582 93.34207 3.04477 3.02176 823.97161
7270.83200 92.38494 3.01105 2.99078 823.47574
7270.63532 92.17544 3.00418 2.98400 823.50583
7269.80144 91.38075 2.97619 2.95827 820.02894
7269.63482 91.22485 2.96959 2.95322 819.17859
7268.77405 90.37657 2.94011 2.92576 816.58376
7268.63432 90.24860 2.93552 2.92162 815.81520
7267.81245 89.37238 2.90091 2.89325 816.21602
7267.63382 89.17999 2.89494 2.88702 816.37498
7266.72564 88.36820 2.86397 2.86074 810.67681
7266.63332 88.28094 2.86037 2.85792 810.30071
7265.68316 87.36402 2.82698 2.82824 807.30162
7265.63282 87.32062 2.82530 2.82683 806.91602
7264.66409 86.35983 2.78560 2.79573 805.20839
7264.63232 86.32764 2.78443 2.79468 805.20114
7263.63182 85.43127 2.74991 2.76567 798.74090
7263.54395 85.35565 2.74599 2.76322 798.24503
7262.63132 84.60674 2.71402 2.73897 794.98509
7262.38665 84.35146 2.71029 2.73071 795.16682
7261.63082 83.49583 2.66398 2.70301 793.61336
7261.48857 83.34728 2.65759 2.69820 793.46710
7260.63032 82.61461 2.65056 2.67448 786.88975
7260.31065 82.34310 2.63698 2.66569 784.07465
7259.62981 81.72285 2.61259 2.64561 780.24272
7259.24586 81.33891 2.60701 2.63318 779.76508
7258.62931 80.79263 2.59347 2.61550 775.27096
7258.16315 80.33473 2.57861 2.60068 774.22666
7257.62881 79.87582 2.55187 2.58582 769.18576
7257.04654 79.33054 2.50476 2.56817 766.00818
7256.62831 78.89712 2.49128 2.55414 765.83774
7256.06291 78.32636 2.46704 2.53566 763.84185
7255.62781 77.85965 2.43980 2.52055 762.66321
7255.11878 77.32218 2.42981 2.50315 758.84401
7254.62731 76.81999 2.40995 2.48689 756.49013
7254.16758 76.31799 2.38765 2.47064 755.70083
7253.62681 75.61766 2.36581 2.44797 752.28194
7253.40161 75.31381 2.35851 2.43813 749.10877
7252.65640 74.30962 2.31778 2.40563 742.08134
7252.62631 74.27439 2.31603 2.40448 741.59659
7252.01219 73.30544 2.28918 2.37312 740.87394
7251.62581 72.75485 2.26763 2.35529 736.85258
7251.30757 72.30126 2.24245 2.34061 732.94865
7250.70116 71.29707 2.21463 2.30810 729.49892
7250.62531 71.17528 2.21124 2.30416 728.81484
7250.07666 70.29289 2.17811 2.27559 723.04335
7249.62481 69.58615 2.14618 2.25271 716.88125
7249.44233 69.28870 2.14188 2.24308 714.56891
7248.85003 68.28452 2.11362 2.21057 707.77705
7248.62431 67.93341 2.09971 2.19921 704.10321
7248.23646 67.28033 2.07566 2.17807 699.08254
7247.71681 66.27615 2.05358 2.14556 694.14702
7247.62381 66.11137 2.05102 2.14022 692.48093
7247.14215 65.27197 2.02212 2.11305 685.59458
7246.62331 64.39709 1.99511 2.08473 678.83047
7246.53668 64.26778 1.99285 2.08054 677.32201
7245.91925 63.26360 1.97316 2.04803 668.63334
7245.62281 62.81459 1.95667 2.03350 665.21953
7245.21335 62.25941 1.93918 2.01552 660.66473
7244.62231 61.45693 1.92397 1.98955 652.47006
7244.46399 61.25523 1.92014 1.98302 649.85092
7243.69805 60.25105 1.89372 1.95051 638.47970
7243.62181 60.15536 1.89071 1.94741 637.39678
7242.80224 59.24686 1.86694 1.91800 624.49019
7242.62131 59.06353 1.86215 1.91206 621.57446
7241.81427 58.24268 1.83392 1.88549 609.47084
7241.62081 58.01884 1.82701 1.87824 606.85794
7240.88251 57.23849 1.80845 1.85298 595.80090
7240.62031 56.99696 1.79987 1.84516 591.95820
7239.71624 56.23431 1.77370 1.82047 578.90712
7239.61981 56.15607 1.77163 1.81794 577.50588
7238.61931 55.32419 1.74043 1.79101 563.80148
7238.51293 55.23013 1.73740 1.78796 562.49154
7237.61881 54.47059 1.71491 1.76338 551.07723
7237.27547 54.22594 1.70485 1.75546 546.60722
7236.61831 53.72928 1.68931 1.73938 540.01307
7235.98868 53.22176 1.67272 1.72295 532.86377
7235.61781 52.95083 1.66215 1.71418 528.11349
7234.72011 52.21757 1.63974 1.69044 518.11099
7234.61731 52.13054 1.63705 1.68762 517.01542
7233.61681 51.39719 1.61249 1.66388 505.39021
7233.37618 51.21339 1.60642 1.65793 502.73581
7232.61631 50.58885 1.58577 1.63771 494.96271
7232.15511 50.20921 1.57295 1.62542 490.32895
7231.61581 49.76744 1.55721 1.61112 484.94858
7230.94021 49.20502 1.53974 1.59291 478.52713
7230.61531 48.91892 1.53064 1.58365 475.53392
7229.69626 48.20084 1.50889 1.56041 465.49894
7229.61481 48.14166 1.50737 1.55849 464.60187
7228.61431 47.47896 1.48717 1.53704 453.75779
7228.17793 47.19665 1.47777 1.52790 449.12053
7227.61381 46.80563 1.46535 1.51524 444.43485
7226.76706 46.19247 1.44587 1.49539 436.85589
7226.61331 46.08861 1.44250 1.49203 435.24187
7225.61281 45.39647 1.41966 1.46962 425.39244
7225.35019 45.18828 1.41334 1.46288 423.04665
7224.61231 44.55213 1.39137 1.44229 416.88626
7224.19697 44.18410 1.37869 1.43037 413.49153
7223.61181 43.61342 1.36073 1.41190 409.07745
7223.13316 43.17992 1.34586 1.39786 405.21336
7222.61131 42.70956 1.32914 1.38264 400.95687
7221.99331 42.17573 1.31305 1.36535 395.77318
7221.61081 41.89943 1.30393 1.35641 392.24605
7220.61031 41.20849 1.28030 1.33404 382.93140
7220.55975 41.17155 1.27909 1.33285 382.47703
7219.60980 40.45362 1.25501 1.30961 374.05707
7219.17042 40.16736 1.24479 1.30034 370.49101
7218.60930 39.80392 1.23302 1.28857 365.72668
7217.61139 39.16318 1.21679 1.26783 356.28125
7217.60880 39.16196 1.21675 1.26779 356.25620
7216.60830 38.73558 1.20210 1.25399 346.36121
7215.60780 38.22349 1.18448 1.23741 337.02239
7215.50710 38.15900 1.18264 1.23532 336.15119
7214.60730 37.53493 1.16118 1.21512 328.66534
7214.08679 37.15481 1.14820 1.20281 324.44914
7213.60680 36.74543 1.13605 1.18956 320.79858
7212.89470 36.15063 1.11475 1.17030 315.31352
7212.60630 35.91522 1.10633 1.16268 313.06611
7211.68302 35.14644 1.08200 1.13780 305.92916
7211.60580 35.08256 1.07989 1.13573 305.33243
7210.60530 34.30128 1.05102 1.11044 297.39416
7210.37038 34.14226 1.04531 1.10529 295.58206
7209.60480 33.73433 1.03426 1.09208 290.12275
7208.60430 33.26910 1.02054 1.07702 281.80733
7208.33303 33.13808 1.01561 1.07278 279.62260
7207.60380 32.78049 1.00188 1.06120 273.79362
7206.60330 32.26399 0.98624 1.04448 266.00168
7206.37690 32.13389 0.98150 1.04027 264.28910
7205.60280 31.70227 0.96431 1.02630 258.47950
7204.68422 31.12971 0.94495 1.00776 251.76816
7204.60230 31.07426 0.94355 1.00597 251.17611
7203.60180 30.50841 0.92956 0.98765 243.89166
7202.86032 30.12552 0.91596 0.97525 238.63143
7202.60130 29.98652 0.91110 0.97075 236.82870
7201.60080 29.48629 0.89543 0.95456 230.21880
7200.88926 29.12134 0.88434 0.94275 225.89044
7200.60030 28.98039 0.87846 0.93818 223.94739
7199.59980 28.45072 0.85936 0.92104 217.37514
7199.02783 28.11715 0.84970 0.91024 213.68362
7198.59930 27.88417 0.84323 0.90269 210.95192
7197.59880 27.40188 0.82555 0.88708 204.72179
7197.06040 27.11297 0.81532 0.87773 201.42677
7196.59830 26.83978 0.80738 0.86888 198.60591
7195.59780 26.31699 0.79237 0.85196 192.64790
7195.20359 26.10879 0.78471 0.84522 190.33738
7194.59730 25.78875 0.77206 0.83486 186.82107
7193.59680 25.28295 0.75763 0.81848 181.19473
7193.26231 25.10460 0.75248 0.81271 179.28738
7192.59630 24.78681 0.74178 0.80242 175.74141
7191.59580 24.32054 0.72379 0.78733 170.87272
7191.23876 24.10042 0.71701 0.78020 168.87978
7190.59530 23.64057 0.70282 0.76532 165.23149
7189.65046 23.09623 0.68200 0.74769 160.19594
7189.59480 23.06452 0.68079 0.74667 159.90316
7188.59430 22.65306 0.66676 0.73335 155.14393
7187.59380 22.34802 0.66119 0.72347 150.88288
7186.83537 22.09205 0.65569 0.71519 147.70510
7186.59330 22.02207 0.65313 0.71292 146.73993
7185.59280 21.70213 0.64147 0.70256 142.70360
7184.59230 21.34471 0.62864 0.69099 138.66323
7183.99295 21.08787 0.62266 0.68268 136.26661
7183.59180 20.89570 0.61727 0.67646 134.73414
7182.59130 20.41797 0.60071 0.66099 130.65797
7181.97574 20.08368 0.58784 0.65017 128.03504
7181.59080 19.81296 0.57929 0.64140 126.20139
7180.59030 19.15747 0.55956 0.62018 121.62047
7180.44813 19.07950 0.55650 0.61766 121.02546
7179.58979 18.67193 0.54033 0.60447 117.69032
7178.58929 18.34738 0.53147 0.59396 114.45218
7177.60988 18.07531 0.52657 0.58515 111.56375
7177.58879 18.07046 0.52647 0.58499 111.50663
7176.58829 17.82947 0.51891 0.57719 108.81432
7175.58779 17.51576 0.50751 0.56704 105.94212
7174.58729 17.11220 0.49356 0.55397 102.90498
7174.51073 17.07113 0.49252 0.55264 102.64650
7173.58679 16.42078 0.47211 0.53159 98.75290
7173.00547 16.06695 0.45737 0.52014 96.48465
7172.58629 15.84137 0.45005 0.51283 94.99222
7171.58579 15.47411 0.44192 0.50094 92.21093
7170.58529 15.19318 0.43517 0.49185 89.88651
7170.16964 15.06276 0.43196 0.48763 88.88124
7169.58479 14.89233 0.42449 0.48211 87.55439
7168.58429 14.52526 0.40919 0.47023 85.00421
7167.58379 14.06755 0.39544 0.45541 82.06176
7167.56629 14.05858 0.39525 0.45512 82.00539
7166.58329 13.58317 0.38281 0.43973 79.03795
7165.58279 13.20516 0.36885 0.42749 76.83061
7165.24266 13.05439 0.36368 0.42261 75.98675
7164.58229 12.76045 0.35576 0.41309 74.34802
7163.58179 12.46371 0.35097 0.40349 72.44331
7162.58129 12.27544 0.34747 0.39739 71.03597
7161.58079 12.05746 0.33987 0.39034 69.49227
7161.55617 12.05021 0.33956 0.39010 69.44527
7160.58029 11.79451 0.32606 0.38182 67.79558
7159.57979 11.44584 0.31553 0.37054 65.71359
7158.67154 11.04603 0.30717 0.35759 63.43368
7158.57929 10.99945 0.30622 0.35609 63.17078
7157.57879 10.55424 0.29127 0.34167 60.62715
7156.57829 10.20979 0.27721 0.33052 58.65734
7156.11872 10.04184 0.27283 0.32508 57.69923
7155.57779 9.84600 0.26867 0.31874 56.57718
7154.57729 9.52381 0.26307 0.30831 54.72691
7153.57679 9.18258 0.25174 0.29727 52.79332
7153.13136 9.03766 0.24570 0.29258 51.96793
7152.57629 8.86287 0.23772 0.28692 50.97979
7151.57579 8.62271 0.23069 0.27914 49.60209
7150.57529 8.40419 0.22669 0.27207 48.35102
7149.57479 8.14298 0.22335 0.26361 46.87204
7149.21306 8.03347 0.22056 0.26007 46.25852
7148.57429 7.85023 0.21579 0.25414 45.22854
7147.57379 7.60995 0.20577 0.24636 43.86298
7146.57329 7.39433 0.19732 0.23938 42.63833
7145.57279 7.21222 0.19125 0.23348 41.59218
7144.92656 7.02929 0.18778 0.22756 40.54601
7144.57229 6.92671 0.18720 0.22424 39.96201
7143.57179 6.66864 0.18389 0.21588 38.48181
7142.57129 6.45855 0.18001 0.20908 37.26396
7141.57079 6.26137 0.17195 0.20270 36.11766
7140.57029 6.03014 0.16151 0.19521 34.76648
7140.55162 6.02510 0.16126 0.19505 34.73720
7139.56978 5.75084 0.15381 0.18617 33.11279
7138.56928 5.55429 0.15469 0.17981 31.91056
7137.56878 5.37570 0.15584 0.17403 30.80010
7136.56828 5.20624 0.15530 0.16854 29.76227
7135.68905 5.02092 0.15144 0.16254 28.65414
0.00000 0.00000 0.00000 0.00000 0.00000
