7295.37675 145.12842 4.78351 4.69824 789.41372
7295.13170 144.34775 4.75775 4.67297 791.56759
7295.66404 145.31669 4.79012 4.70434 793.62040
7294.72149 144.08666 4.74846 4.66452 785.42160
7294.00924 142.41374 4.69340 4.61036 786.53763
7294.76605 143.71055 4.73653 4.65234 789.88454
7293.91987 142.67428 4.70154 4.61879 782.07955
7293.56938 142.18098 4.68495 4.60282 779.50298
7292.88417 141.20677 4.65220 4.57129 774.55669
7292.33319 140.19748 4.61865 4.53861 772.99044
7292.35836 140.30027 4.62199 4.54194 772.47707
7291.62170 139.10510 4.58206 4.50325 769.03196
7291.40480 138.68679 4.56825 4.48971 768.79282
7291.04270 138.17916 4.55126 4.47327 766.24500
7290.39519 137.03609 4.51458 4.43627 764.12741
7290.70626 137.48805 4.52817 4.45090 766.41950
7290.06123 136.69265 4.50449 4.42515 760.80631
7289.64162 136.16177 4.48707 4.40797 758.66205
7288.91053 135.11311 4.45186 4.37402 755.22916
7288.26334 133.89102 4.41108 4.33445 754.40622
7288.53611 134.34621 4.42629 4.34919 755.43973
7287.80009 133.28033 4.39053 4.31468 751.24959
7287.50877 132.77700 4.37373 4.29839 750.75802
7287.16748 132.34960 4.35927 4.28455 748.21895
7286.44149 131.20077 4.32086 4.24736 745.97203
7286.65871 131.51318 4.33131 4.25748 747.00224
7285.98523 130.62687 4.30141 4.22878 742.74757
7285.75581 130.36884 4.29266 4.22043 740.72570
7285.06499 129.47946 4.26252 4.19164 736.24525
7284.60367 128.80376 4.24015 4.16976 734.24428
7284.20441 128.29081 4.22517 4.15316 730.72386
7283.50350 127.15242 4.18773 4.11631 729.34313
7283.76999 127.51481 4.20002 4.12804 730.67034
7283.09594 126.71893 4.17290 4.10227 725.66102
7282.77315 126.32083 4.15940 4.08938 723.51503
7282.25272 125.68844 4.13798 4.06891 719.97452
7281.68603 124.99662 4.11450 4.04652 716.14053
7281.13575 124.21717 4.08827 4.02128 714.17017
7280.47557 123.15283 4.05266 3.98683 714.78440
7280.85125 123.65515 4.06960 4.00309 715.88068
7280.04827 122.74365 4.03874 3.97358 711.60881
7279.69874 122.29717 4.02364 3.95913 709.93861
7279.23834 121.70759 4.00360 3.94004 707.52944
7278.80475 121.23671 3.98750 3.92480 704.11730
7278.14897 120.37921 3.95850 3.89704 701.11969
7277.56055 119.50746 3.93091 3.86881 699.33275
7277.76176 119.78526 3.93894 3.87781 700.67274
7276.87413 118.76739 3.90712 3.84486 693.08011
7276.97408 118.87851 3.91088 3.84845 693.83495
7276.04840 117.88038 3.87670 3.81614 686.57945
7275.71252 117.49647 3.86361 3.80371 684.32794
7274.97576 116.54568 3.83134 3.77293 681.23565
7274.76571 116.27920 3.82233 3.76431 680.29627
7274.26415 115.67528 3.80176 3.74476 677.58837
7273.87485 115.21201 3.78595 3.72976 675.43722
7273.37350 114.65598 3.76692 3.71176 671.94169
7272.70757 113.80434 3.73798 3.68419 669.38348
7272.55957 113.62205 3.73179 3.67829 668.98623
7271.76757 112.65412 3.69899 3.64695 667.79968
7271.74532 112.62655 3.69805 3.64606 667.71467
7270.94338 111.64888 3.66448 3.61441 664.01171
7270.80472 111.49562 3.65920 3.60945 663.11919
7270.11009 110.65436 3.63313 3.58221 658.52508
7269.98060 110.49813 3.62845 3.57716 657.55590
7269.37977 109.88206 3.60765 3.55721 652.49090
7268.94949 109.40883 3.59123 3.54189 649.84932
7268.45790 108.87582 3.57298 3.52464 646.48088
7267.91067 108.30914 3.55342 3.50629 642.31138
7267.34315 107.62830 3.53010 3.48425 639.82593
7266.89338 107.08475 3.51158 3.46665 637.95794
7266.73023 106.93115 3.50627 3.46168 636.44474
7266.00149 106.18278 3.48044 3.43746 630.86004
7265.48291 105.59455 3.46015 3.41841 628.03478
7264.72362 104.64154 3.42758 3.38756 625.85444
7264.66428 104.56747 3.42504 3.38516 625.68065
7263.85672 103.57025 3.39080 3.35288 623.04492
7264.11413 103.84390 3.40026 3.36174 624.85201
7263.24328 103.00277 3.37112 3.33451 618.20056
7262.94684 102.69972 3.36063 3.32470 617.22884
7262.13394 101.80476 3.33039 3.29573 612.98923
7261.93307 101.60327 3.32436 3.28920 610.55269
7261.15224 100.72460 3.29562 3.26076 605.34990
7261.00091 100.54952 3.28933 3.25509 604.84900
7260.35145 99.88174 3.26591 3.23347 600.13562
7260.14039 99.65948 3.25812 3.22628 598.71177
7259.50790 99.05956 3.23697 3.20686 593.04994
7259.11604 98.70599 3.22441 3.19541 589.08882
7258.28156 97.84764 3.19411 3.16762 583.10779
7258.02741 97.56963 3.18428 3.15862 581.67104
7257.34951 96.87863 3.15973 3.13625 576.65384
7256.97836 96.49173 3.14601 3.12373 574.10943
7256.35494 95.81657 3.12195 3.10187 570.42050
7256.06474 95.52211 3.11137 3.09234 568.30221
7255.44181 94.88949 3.08874 3.07186 563.42989
7255.03669 94.47814 3.07398 3.05854 560.49892
7254.47104 93.88656 3.05249 3.03939 558.98632
7254.09706 93.52493 3.03968 3.02768 556.83723
7253.45289 92.87035 3.01871 3.00649 549.71357
7253.09340 92.49990 3.00615 2.99450 546.63140
7252.50412 91.92223 2.98481 2.97580 541.83820
7252.19931 91.61310 2.97351 2.96579 539.51435
7251.67081 91.13408 2.95588 2.95028 534.12667
7251.22934 90.77004 2.94256 2.93850 528.72687
7250.37133 89.93074 2.91189 2.91133 521.41358
7250.22908 89.78968 2.90673 2.90676 520.23952
7249.39754 89.03143 2.87932 2.88221 511.75560
7249.10293 88.74658 2.86906 2.87299 509.07195
7248.25295 87.89951 2.83913 2.84557 501.97226
7247.99920 87.64756 2.83055 2.83741 499.84453
7247.19403 86.78701 2.80139 2.80956 494.28888
7247.23251 86.82274 2.80257 2.81071 494.67909
7246.37608 86.04609 2.77821 2.78557 485.48355
7246.21917 85.90308 2.77429 2.78094 483.68244
7245.25310 85.00192 2.74898 2.75177 476.15187
7245.02229 84.78046 2.74198 2.74460 475.00061
7244.07670 83.79113 2.71637 2.71257 465.90463
7244.42801 84.11225 2.72341 2.72297 470.87437
7243.41344 83.28217 2.70344 2.69609 455.91741
7243.22242 83.10166 2.69537 2.69025 454.10459
7242.33848 82.34755 2.65081 2.66584 443.60007
7241.71865 81.76042 2.64265 2.64683 437.45235
7240.89513 80.85159 2.65465 2.61741 431.53734
7240.51312 80.39831 2.62058 2.60273 429.44599
7239.70504 79.34417 2.49421 2.56861 426.58023
7239.50884 79.06962 2.48267 2.55972 426.22881
7238.89901 78.18690 2.47167 2.53114 425.55138
7238.51787 77.65836 2.45768 2.51403 424.81494
7238.11302 77.05484 2.43890 2.49450 424.43555
7237.45100 76.03755 2.40650 2.46156 424.52981
7237.26281 75.73198 2.39694 2.45167 424.71947
7236.73984 74.79467 2.36965 2.42133 427.23765
7236.36685 74.17020 2.34835 2.40111 429.63395
7236.13723 73.82136 2.33682 2.38982 429.55490
7235.57770 72.82383 2.30375 2.35753 431.78618
7235.32870 72.44349 2.29118 2.34521 431.86259
7234.90849 71.69889 2.26648 2.32111 433.95579
7234.37693 70.72012 2.23437 2.28942 437.17419
7234.24376 70.50722 2.22749 2.28253 437.38693
7233.72189 69.52779 2.19570 2.25082 441.15118
7233.21199 68.46422 2.16127 2.21639 447.05847
7233.29555 68.62204 2.16638 2.22150 446.40674
7232.86590 67.89217 2.14296 2.19787 448.11032
7232.41107 67.18582 2.12038 2.17501 448.77922
7232.18109 66.82189 2.10853 2.16323 449.34166
7231.59788 65.82315 2.08001 2.13089 449.95814
7231.37808 65.47214 2.06904 2.11953 450.34798
7231.07202 64.98268 2.05303 2.10368 451.31742
7230.45712 64.05475 2.02318 2.07364 451.92058
7230.65929 64.33802 2.03232 2.08281 452.12443
7229.87833 63.33927 2.00002 2.05048 449.66532
7229.85410 63.30135 1.99879 2.04925 449.72011
7229.26122 62.64193 1.97747 2.02791 446.33085
7229.03077 62.41172 1.97000 2.02045 444.59340
7228.29141 61.64439 1.94490 1.99561 439.47560
7227.97550 61.27669 1.93292 1.98371 438.67498
7227.54916 60.84681 1.91888 1.96979 437.15905
7227.32866 60.65744 1.91266 1.96366 435.79431
7226.59285 60.02000 1.89183 1.94303 429.54045
7226.33373 59.79906 1.88458 1.93588 427.27331
7225.40605 58.98788 1.85820 1.90961 419.95893
7225.58634 59.12687 1.86272 1.91411 421.66784
7224.61824 58.40348 1.83881 1.89070 412.57062
7224.28678 58.15268 1.83077 1.88258 409.50863
7223.47181 57.50137 1.81225 1.86149 401.67115
7223.02888 57.13702 1.80150 1.84970 397.86883
7222.46315 56.70009 1.78709 1.83555 393.38706
7221.71290 56.06968 1.76639 1.81514 388.28575
7221.66683 56.02923 1.76507 1.81383 387.99635
7220.70582 55.34685 1.74290 1.79174 379.92327
7220.32990 55.05812 1.73350 1.78240 377.10906
7219.38567 54.26657 1.70767 1.75677 371.50184
7219.08549 54.00747 1.69920 1.74838 370.44587
7218.39198 53.41580 1.67984 1.72923 367.00837
7218.00563 53.09782 1.66946 1.71894 364.38087
7217.57984 52.76018 1.65839 1.70801 361.55444
7216.85184 52.22033 1.64076 1.69053 356.38484
7216.96935 52.28893 1.64299 1.69275 357.44665
7215.94777 51.67717 1.62317 1.67294 348.56372
7215.29145 51.21721 1.60820 1.65805 343.81173
7214.59107 50.69138 1.59116 1.64103 339.22873
7213.96640 50.21418 1.57574 1.62558 335.25542
7213.71647 50.04455 1.57033 1.62009 333.44339
7212.67849 49.30198 1.54605 1.59605 326.55595
7212.20085 48.91616 1.53370 1.58356 323.78146
7211.25774 48.06784 1.50929 1.55610 318.27493
7210.95141 47.78528 1.50026 1.54695 316.72162
7210.16198 47.01594 1.47438 1.52205 314.06515
7210.07951 46.95012 1.47218 1.51992 313.71944
7209.35376 46.31795 1.45105 1.49945 310.91699
7209.17880 46.16638 1.44594 1.49454 310.00227
7208.69863 45.83317 1.43469 1.48376 306.63901
7207.80532 45.18590 1.41283 1.46280 301.01365
7207.79897 45.16048 1.41197 1.46198 301.15225
7206.84183 44.53771 1.39090 1.44182 294.63017
7206.50304 44.30115 1.38294 1.43416 292.50261
7205.95919 43.93271 1.37051 1.42223 289.02065
7205.22236 43.50327 1.35613 1.40833 283.85835
7205.51879 43.66188 1.36141 1.41347 286.03138
7204.33831 43.11527 1.34329 1.39577 276.88820
7203.20681 42.48280 1.32256 1.37530 269.29923
7202.73450 42.17217 1.31236 1.36524 266.54045
7201.70367 41.45186 1.28882 1.34192 261.02597
7201.10806 40.99751 1.27361 1.32721 258.79008
7200.34733 40.34074 1.25210 1.30595 255.33349
7199.92422 39.98280 1.24174 1.29436 253.07302
7199.42912 39.57128 1.22945 1.28104 250.47281
7198.77496 39.03960 1.21151 1.26383 247.32674
7198.66677 38.94876 1.20832 1.26089 246.83438
7197.71822 38.28137 1.18548 1.23928 241.76686
7198.10664 38.51773 1.19353 1.24693 244.03096
7197.38774 38.12634 1.18014 1.23426 239.64082
7196.53416 37.74517 1.16700 1.22192 234.17637
7196.24566 37.60705 1.16225 1.21745 232.41092
7195.25021 37.10365 1.14514 1.20116 226.60401
7194.16841 36.50241 1.12487 1.18169 220.71650
7194.10997 36.46935 1.12376 1.18062 220.40827
7193.03335 35.85073 1.10299 1.16060 214.81259
7192.23989 35.35082 1.08620 1.14441 211.42505
7192.16017 35.28907 1.08412 1.14241 211.15174
7191.26545 34.81436 1.06816 1.12705 206.81198
7190.76511 34.55538 1.05952 1.11866 204.28062
7190.40657 34.36247 1.05311 1.11242 202.54198
7189.35600 33.87091 1.03676 1.09650 197.33954
7188.67543 33.49016 1.02406 1.08418 194.20638
7188.22653 33.24704 1.01598 1.07631 192.14895
7187.19221 32.69268 0.99760 1.05836 187.50796
7186.88642 32.51288 0.99165 1.05254 186.18611
7186.34786 32.23235 0.98240 1.04346 183.82684
7185.34272 31.73919 0.96584 1.02749 179.48528
7184.80719 31.44707 0.95600 1.01804 177.24366
7184.19547 31.08661 0.94472 1.00637 174.74535
7183.28242 30.61401 0.93113 0.99107 171.43894
7183.14311 30.53940 0.92898 0.98865 170.87942
7182.38977 30.14528 0.91668 0.97589 167.84123
7181.44867 29.70933 0.90198 0.96178 164.19650
7181.20214 29.58138 0.89767 0.95764 163.25869
7180.20552 29.08836 0.88131 0.94168 159.53151
7179.05673 28.41688 0.85888 0.91994 155.34406
7178.82601 28.27282 0.85405 0.91528 154.50495
7178.01179 27.72978 0.83572 0.89770 151.56730
7177.65099 27.55537 0.82985 0.89205 150.30176
7177.82169 27.61538 0.83186 0.89399 150.88857
7177.06162 27.35676 0.82320 0.88562 148.31329
7176.04415 27.05178 0.81309 0.87575 145.05058
7175.40796 26.81880 0.80552 0.86821 143.02390
7175.04559 26.70733 0.80191 0.86460 141.94370
7173.91845 26.33467 0.78992 0.85253 138.91724
7172.73125 25.88528 0.77565 0.83798 135.47765
7172.06964 25.58608 0.76615 0.82830 133.55511
7171.32698 25.21715 0.75428 0.81635 131.38066
7170.24003 24.65885 0.73626 0.79828 128.21469
7169.49556 24.20968 0.72154 0.78374 125.95022
7168.84701 23.74188 0.70611 0.76860 123.81163
7168.25123 23.38937 0.69433 0.75718 122.00445
7168.65735 23.58362 0.70083 0.76347 123.13592
7167.99058 23.31655 0.69190 0.75483 121.40128
7167.26492 23.11991 0.68542 0.74846 119.77734
7166.49363 22.91513 0.67879 0.74183 118.13700
7166.23405 22.85197 0.67693 0.73979 117.66254
7165.11872 22.52917 0.66754 0.72934 115.49514
7163.73699 22.07142 0.65533 0.71452 112.78029
7162.37989 21.40231 0.63470 0.69286 109.47410
7161.73332 20.95645 0.61990 0.67842 107.46532
7160.85104 20.36078 0.60053 0.65914 104.77893
7161.26887 20.59704 0.60814 0.66679 105.90063
7160.85044 20.39583 0.60168 0.66027 104.89249
7160.16686 20.19712 0.59538 0.65384 103.68641
7159.15980 19.90901 0.58612 0.64451 101.97748
7158.81373 19.79138 0.58233 0.64071 101.34007
7157.80489 19.44561 0.57128 0.62951 99.49973
7156.54666 18.92496 0.55462 0.61266 96.96794
7155.72166 18.52045 0.54142 0.59956 95.06418
7155.60160 18.44325 0.53887 0.59706 94.71483
7154.65622 18.07171 0.52689 0.58504 92.88691
7153.63342 17.62250 0.51238 0.57049 90.73628
7153.80011 17.68399 0.51435 0.57248 91.04045
7153.16776 17.43737 0.50647 0.56450 89.83961
7152.59321 17.32504 0.50303 0.56086 89.21472
7151.51070 17.12382 0.49703 0.55435 88.11143
7150.60228 16.88711 0.48992 0.54669 86.93524
7150.13114 16.76344 0.48636 0.54268 86.32876
7148.91122 16.37475 0.47483 0.53010 84.48258
7147.66312 15.89059 0.45962 0.51443 82.23689
7146.96487 15.57101 0.44959 0.50408 80.75114
7146.68922 15.43119 0.44524 0.49955 80.10384
7145.83864 15.11733 0.43574 0.48939 78.64927
7144.84901 14.75302 0.42427 0.47760 76.97025
7144.89231 14.76861 0.42477 0.47810 77.04235
7143.94807 14.44333 0.41440 0.46757 75.55058
7142.98025 14.11152 0.40397 0.45683 73.99536
7142.01192 13.79301 0.39409 0.44652 72.50590
7142.23709 13.86089 0.39606 0.44872 72.80833
7141.37526 13.62405 0.38900 0.44105 71.73246
7140.45227 13.42216 0.38350 0.43452 70.87129
7139.28026 13.14066 0.37637 0.42540 69.72739
7138.21479 12.82581 0.36858 0.41521 68.44790
7138.29648 12.84739 0.36909 0.41591 68.53490
7137.35939 12.60271 0.36308 0.40799 67.46531
7136.54299 12.40685 0.35777 0.40165 66.53743
7135.48459 12.21300 0.35295 0.39537 65.61786
7134.27011 11.89762 0.34395 0.38516 64.01748
7134.10235 11.84636 0.34248 0.38350 63.75858
7133.38026 11.64768 0.33711 0.37707 62.75234
7132.56760 11.47004 0.33282 0.37132 61.86239
7131.62203 11.29254 0.32879 0.36557 60.95785
7130.51564 11.07456 0.32344 0.35852 59.82619
7129.65590 10.86721 0.31795 0.35180 58.71561
7129.33427 10.77459 0.31545 0.34881 58.21329
7128.51443 10.57372 0.31039 0.34230 57.11288
7127.69134 10.42176 0.30726 0.33738 56.25588
7126.68314 10.25233 0.30417 0.33190 55.27914
7125.52633 10.03182 0.29979 0.32476 53.97925
7124.84459 9.85983 0.29576 0.31919 52.96365
0.00000 0.00000 0.00000 0.00000 0.00000
