7292.14057 156.66382 5.17293 5.07168 792.26822
7292.01581 156.00131 5.15168 5.05023 795.07959
7292.64128 157.26285 5.19330 5.09107 797.65360
7291.63994 155.94177 5.14866 5.04830 787.78870
7291.03152 154.14024 5.09340 4.98998 789.73226
7291.42725 154.95515 5.11853 5.01636 791.30600
7290.81338 154.09943 5.09156 4.98866 785.60993
7290.15789 152.68854 5.04497 4.94299 784.77937
7290.47374 153.24745 5.06358 4.96108 785.89784
7289.84071 152.32049 5.03258 4.93107 782.36110
7289.44401 151.64082 5.01014 4.90907 781.16820
7289.08229 151.13420 4.99316 4.89267 778.39767
7288.45172 149.93627 4.95349 4.85389 775.67325
7288.33548 149.70728 4.94591 4.84647 775.41022
7287.79924 148.80890 4.91598 4.81739 772.69167
7287.30905 147.63506 4.87772 4.77939 773.77895
7287.45708 147.88933 4.88612 4.78762 774.47018
7286.99271 147.26542 4.86503 4.76742 770.67227
7286.30162 146.04208 4.82672 4.72782 767.46648
7286.55883 146.44957 4.83852 4.74101 769.44430
7285.88914 145.50318 4.80959 4.71037 763.67734
7285.58383 145.08677 4.79573 4.69689 761.31372
7284.98120 144.21856 4.76635 4.66879 757.32475
7284.31929 143.05714 4.72777 4.63119 755.33826
7284.50157 143.35158 4.73759 4.64072 756.15744
7283.75539 142.24460 4.70056 4.60488 751.78393
7283.41348 141.62745 4.68008 4.58491 751.08420
7283.26816 141.45865 4.67434 4.57944 749.72473
7282.54165 140.40193 4.63891 4.54523 745.48939
7282.42827 140.23029 4.63319 4.53968 744.92779
7281.85479 139.32932 4.60307 4.51051 742.51430
7281.52580 138.86697 4.58754 4.49554 740.45619
7280.98995 138.04448 4.56004 4.46891 738.38744
7280.41255 136.95156 4.52573 4.43353 738.90097
7280.77516 137.46793 4.54117 4.45025 740.95428
7280.12667 136.74163 4.51848 4.42674 735.76499
7279.60266 136.03494 4.49597 4.40386 732.12224
7279.20764 135.49746 4.47804 4.38646 729.63285
7278.59065 134.64649 4.44931 4.35891 726.21935
7278.30874 134.24115 4.43573 4.34579 724.83244
7277.65328 133.19509 4.40075 4.31192 723.18798
7277.64703 133.14811 4.39925 4.31040 723.68219
7277.21677 132.64432 4.38212 4.29409 720.19117
7276.65174 131.89193 4.35671 4.26974 716.86202
7276.37767 131.53639 4.34471 4.25823 715.16786
7275.62613 130.52499 4.31048 4.22549 711.06840
7275.56288 130.43824 4.30755 4.22268 710.75360
7274.84530 129.43368 4.27360 4.19016 707.60165
7274.59765 129.08676 4.26178 4.17893 706.61012
7274.13643 128.46073 4.24266 4.15866 703.32385
7273.62413 127.74553 4.22024 4.13551 700.44017
7273.43048 127.51021 4.21209 4.12789 699.15679
7272.67220 126.47028 4.17686 4.09422 695.88210
7272.70433 126.51520 4.17837 4.09568 695.95076
7271.98290 125.59592 4.14739 4.06592 694.22842
7271.66310 125.18676 4.13354 4.05267 692.83547
7271.16729 124.52789 4.11122 4.03134 690.30143
7270.68269 123.89384 4.08971 4.01082 687.90331
7270.26686 123.35353 4.07133 3.99332 685.88996
7269.55204 122.27553 4.03497 3.95843 684.92961
7269.71294 122.49746 4.04247 3.96561 685.48834
7269.03840 121.64975 4.01364 3.93817 681.81480
7268.85470 121.44016 4.00646 3.93138 680.51599
7268.25334 120.74551 3.98271 3.90889 676.24643
7267.72733 120.12145 3.96110 3.88869 673.04307
7267.21181 119.43821 3.93897 3.86657 670.42273
7266.63302 118.63297 3.91406 3.84051 667.56287
7266.70737 118.74544 3.91790 3.84415 667.57237
7265.83595 117.72612 3.88278 3.81115 662.06361
7265.69482 117.55366 3.87687 3.80556 661.28428
7264.91960 116.56116 3.84300 3.77343 657.95271
7264.72051 116.31302 3.83454 3.76540 656.99690
7264.13402 115.57318 3.80926 3.74145 654.32943
7263.81659 115.16767 3.79540 3.72832 652.92066
7263.38318 114.68968 3.77899 3.71285 650.23529
7262.69481 113.83339 3.74984 3.68513 649.63276
7262.49124 113.55484 3.74038 3.67611 649.41842
7261.73968 112.62082 3.70836 3.64587 645.88209
7261.68307 112.55204 3.70600 3.64365 645.59906
7260.89865 111.55470 3.67160 3.61136 642.99718
7260.83934 111.47940 3.66901 3.60892 642.78747
7260.20857 110.75675 3.64598 3.58553 637.75082
7260.03589 110.56235 3.64025 3.57923 636.00393
7259.45514 109.98295 3.62086 3.56048 630.37228
7258.92976 109.45128 3.60201 3.54327 625.98885
7258.26146 108.67318 3.57519 3.51808 622.26024
7257.84953 108.18152 3.55828 3.50216 620.29567
7257.50836 107.80064 3.54505 3.48983 618.14199
7256.92394 107.16689 3.52302 3.46931 614.03040
7256.50387 106.68876 3.50651 3.45384 611.58155
7255.83986 105.90734 3.47948 3.42854 608.40984
7255.54060 105.56545 3.46762 3.41747 606.57814
7254.71598 104.51721 3.43157 3.38354 605.54869
7254.89287 104.72968 3.43887 3.39041 605.53519
7254.02101 103.74893 3.40503 3.35866 603.55643
7253.90724 103.62604 3.40076 3.35469 602.85558
7253.12916 102.75496 3.37045 3.32649 597.99784
7253.02027 102.63427 3.36616 3.32258 597.40799
7252.30769 101.90238 3.34089 3.29889 591.59127
7251.97777 101.56484 3.33050 3.28796 587.87380
7251.30879 100.83694 3.30680 3.26439 582.49430
7251.01419 100.54331 3.29627 3.25489 580.13213
7250.32749 99.81064 3.27048 3.23117 575.44327
7250.09229 99.55015 3.26137 3.22274 574.08155
7249.50866 98.99563 3.24170 3.20479 568.49278
7248.95092 98.43815 3.22195 3.18674 563.85350
7248.36070 97.76340 3.19828 3.16489 560.93516
7247.99641 97.39081 3.18506 3.15283 558.10143
7247.34361 96.68594 3.15997 3.13001 553.90488
7246.88266 96.12641 3.14021 3.11190 552.51106
7246.68398 95.92681 3.13306 3.10544 550.87331
7246.06953 95.32967 3.11156 3.08611 545.24777
7245.68924 94.92090 3.09693 3.07287 543.17933
7245.08966 94.35251 3.07659 3.05447 540.05629
7244.55338 93.78084 3.05563 3.03597 537.39955
7244.04171 93.22816 3.03696 3.01808 532.56879
7243.76079 92.96571 3.02859 3.00958 528.86090
7243.09089 92.31041 3.00584 2.98837 522.06483
7242.73594 91.94314 2.99212 2.97648 519.57962
7242.22023 91.45712 2.97414 2.96074 514.48827
7241.76416 91.04280 2.95889 2.94733 509.55115
7241.17872 90.49766 2.93872 2.92968 503.59971
7240.63203 89.96814 2.91922 2.91254 498.50904
7240.12694 89.48854 2.90154 2.89701 493.55793
7239.57066 88.93107 2.88139 2.87897 488.79675
7239.15758 88.54066 2.86731 2.86633 484.64135
7238.49038 87.89246 2.84439 2.84534 478.40285
7237.98483 87.36949 2.82640 2.82841 474.23081
7237.51637 86.86204 2.80927 2.81198 470.90903
7237.14801 86.52271 2.79820 2.80100 467.56892
7236.51484 85.89680 2.77916 2.78074 464.45537
7236.11911 85.50484 2.76917 2.76805 461.15895
7235.58764 84.98594 2.75597 2.75125 455.59198
7235.21065 84.65450 2.74532 2.74052 451.43786
7234.47776 83.95126 2.72520 2.71775 442.74260
7234.31960 83.79834 2.72184 2.71280 440.61950
7233.51534 83.11170 2.70488 2.69058 429.72481
7233.19583 82.82076 2.69162 2.68116 426.36225
7232.26513 81.94328 2.65095 2.65275 416.80535
7231.86233 81.52169 2.65166 2.63910 413.45340
7231.07343 80.61652 2.65446 2.60980 408.37157
7230.66633 80.14270 2.59332 2.59446 405.79446
7229.93930 79.15588 2.47472 2.56251 403.88642
7229.42644 78.35489 2.46548 2.53658 404.58949
7229.13392 77.91798 2.45534 2.52244 404.41779
7228.55682 76.93356 2.42677 2.49057 405.99184
7228.36780 76.67535 2.41920 2.48221 405.15917
7227.94567 75.94870 2.39635 2.45869 407.32416
7227.45505 75.20531 2.37549 2.43462 407.10604
7227.05229 74.54483 2.35508 2.41324 408.02681
7226.57769 73.54143 2.32198 2.38076 412.72090
7226.23672 72.91302 2.30140 2.36041 414.39209
7226.03872 72.56625 2.29011 2.34919 415.22163
7225.55177 71.57679 2.25793 2.31716 419.83432
7225.25176 71.03056 2.24018 2.29947 421.43772
7224.96876 70.53143 2.22411 2.28331 422.59746
7224.51444 69.57506 2.19340 2.25235 427.79334
7224.28714 69.19999 2.18154 2.24021 428.29102
7223.89531 68.49620 2.15922 2.21743 430.42672
7223.45509 67.54370 2.12896 2.18659 436.05850
7223.35449 67.40170 2.12449 2.18200 435.87041
7222.98639 66.81013 2.10550 2.16284 436.84386
7222.38281 65.75712 2.07570 2.12876 437.57901
7222.33839 65.68182 2.07339 2.12632 437.70843
7221.90139 64.96286 2.05026 2.10304 439.18651
7221.51925 64.40296 2.03251 2.08492 439.07057
7221.41112 64.26575 2.02813 2.08048 438.64664
7220.65753 63.26521 1.99597 2.04808 436.85747
7220.84706 63.49826 2.00349 2.05563 437.61626
7220.02129 62.55611 1.97316 2.02513 432.81361
7219.98690 62.51908 1.97196 2.02393 432.58983
7219.17471 61.66977 1.94444 1.99644 428.56460
7218.99717 61.46751 1.93788 1.98989 428.35440
7218.33908 60.79309 1.91598 1.96805 424.59927
7218.31488 60.78254 1.91564 1.96771 424.18604
7217.41477 59.99491 1.89003 1.94222 416.22600
7217.26659 59.86343 1.88577 1.93796 415.03684
7216.26685 58.96297 1.85657 1.90881 407.36699
7216.70989 59.31612 1.86806 1.92024 411.42879
7215.67836 58.59006 1.84421 1.89674 400.78799
7215.03499 58.09360 1.82833 1.88066 395.00292
7214.38375 57.54034 1.81277 1.86275 389.06413
7213.84676 57.09062 1.79934 1.84819 384.61849
7213.43996 56.76842 1.78881 1.83776 381.51013
7212.61248 56.07959 1.76617 1.81546 375.80454
7212.72459 56.16268 1.76885 1.81815 376.73550
7211.72609 55.47052 1.74648 1.79575 368.02232
7211.12436 55.00655 1.73138 1.78073 363.61889
7210.29818 54.27363 1.70744 1.75700 359.11628
7210.00547 54.01849 1.69910 1.74874 358.12825
7209.41636 53.52448 1.68291 1.73275 355.43855
7208.92544 53.12271 1.66975 1.71974 352.19838
7208.64090 52.90694 1.66269 1.71276 350.15142
7207.72388 52.24174 1.64103 1.69122 343.51678
7207.91426 52.36582 1.64509 1.69524 345.06298
7206.87113 51.70806 1.62372 1.67395 336.48154
7206.21569 51.25046 1.60894 1.65913 331.75707
7205.57915 50.78018 1.59370 1.64391 327.54818
7204.80211 50.17816 1.57426 1.62442 322.78680
7204.69868 50.11076 1.57212 1.62224 322.01371
7203.64990 49.35763 1.54752 1.59785 315.17636
7203.10012 48.91056 1.53319 1.58338 312.07950
7202.21507 48.10319 1.50995 1.55724 306.91080
7201.86893 47.77478 1.49940 1.54661 305.52728
7201.16525 47.08761 1.47621 1.52437 304.03886
7200.98612 46.93505 1.47113 1.51943 303.27829
7200.36052 46.38378 1.45264 1.50158 300.09025
7200.09579 46.16654 1.44529 1.49455 298.62785
7199.75202 45.93022 1.43728 1.48690 296.36461
7198.80115 45.27366 1.41507 1.46564 290.16163
7198.74273 45.22685 1.41348 1.46413 289.84099
7197.77626 44.55946 1.39084 1.44252 283.70691
7197.45878 44.34715 1.38364 1.43565 281.67823
7197.02050 44.05990 1.37398 1.42635 278.86426
7196.10140 43.53316 1.35636 1.40930 272.49373
7196.39280 43.68044 1.36132 1.41407 274.64290
7195.27230 43.15285 1.34382 1.39699 266.22620
7194.08997 42.46814 1.32123 1.37482 258.64779
7193.66915 42.19044 1.31207 1.36583 256.27562
7192.65217 41.45599 1.28791 1.34205 250.96959
7192.08214 41.02373 1.27347 1.32806 248.91098
7191.33503 40.38588 1.25231 1.30741 245.80877
7190.82701 39.94515 1.23933 1.29314 243.21332
7190.39151 39.57569 1.22837 1.28118 241.04669
7189.70548 39.00876 1.20919 1.26283 237.89482
7189.74339 39.02189 1.20966 1.26326 238.16392
7188.81840 38.41132 1.18851 1.24349 233.15590
7188.97207 38.49159 1.19126 1.24609 234.09379
7188.41455 38.18567 1.18082 1.23618 230.78609
7187.56043 37.81607 1.16801 1.22422 225.39183
7187.08895 37.59027 1.16028 1.21691 222.59711
7186.21180 37.13317 1.14473 1.20211 217.68354
7185.14182 36.53590 1.12450 1.18278 212.09417
7184.96956 36.43333 1.12102 1.17946 211.22121
7183.98712 35.85150 1.10141 1.16062 206.53289
7183.19498 35.34899 1.08441 1.14435 203.39906
7183.22372 35.35139 1.08449 1.14443 203.58225
7182.36811 34.91609 1.06989 1.13034 199.22260
7181.75317 34.62373 1.06009 1.12087 196.18016
7181.28507 34.38855 1.05226 1.11326 193.92924
7180.21001 33.82265 1.03329 1.09494 188.96288
7179.61615 33.48490 1.02207 1.08401 186.35014
7179.22216 33.26975 1.01497 1.07704 184.61870
7178.18629 32.71635 0.99646 1.05913 180.12805
7177.81941 32.50075 0.98931 1.05215 178.59260
7177.35606 32.25659 0.98125 1.04424 176.64262
7176.36394 31.77814 0.96515 1.02875 172.48090
7175.77502 31.46251 0.95438 1.01854 170.12798
7175.16921 31.10897 0.94329 1.00709 167.70306
7174.23499 30.61058 0.92907 0.99096 164.44004
7174.10194 30.54009 0.92701 0.98867 163.95190
7173.35363 30.14920 0.91477 0.97602 161.04465
7172.39431 29.68789 0.89908 0.96109 157.48571
7172.22131 29.59682 0.89601 0.95814 156.85209
7171.17018 29.08271 0.87887 0.94149 153.07401
7169.98142 28.36118 0.85467 0.91814 148.91501
7169.85806 28.28119 0.85197 0.91555 148.48697
7169.05640 27.75445 0.83412 0.89849 145.71593
7168.70963 27.59586 0.82877 0.89336 144.54388
7168.91045 27.66779 0.83119 0.89569 145.21375
7168.07802 27.39983 0.82215 0.88701 142.50069
7167.00841 27.06940 0.81131 0.87632 139.18471
7166.31284 26.81360 0.80291 0.86804 137.14410
7166.01160 26.72199 0.79994 0.86507 136.37998
7164.92864 26.35493 0.78815 0.85319 133.40540
7163.72991 25.91788 0.77436 0.83904 130.11457
7162.87591 25.51078 0.76124 0.82586 127.72773
7162.18899 25.13638 0.74915 0.81374 125.76065
7161.15070 24.57059 0.73073 0.79542 122.80491
7160.55912 24.20422 0.71875 0.78356 121.05425
7159.89935 23.73358 0.70313 0.76833 118.99588
7159.39680 23.45789 0.69391 0.75940 117.57699
7159.74902 23.61437 0.69913 0.76447 118.49648
7159.09336 23.36861 0.69095 0.75651 116.88995
7158.29615 23.17115 0.68440 0.75012 115.21968
7157.30010 22.89671 0.67564 0.74124 113.16776
7157.08489 22.83535 0.67375 0.73925 112.76778
7155.97976 22.48521 0.66369 0.72791 110.68350
7154.62342 21.99050 0.65029 0.71190 108.01732
7153.33368 21.30977 0.62875 0.68986 104.84724
7152.79639 20.91745 0.61568 0.67716 103.18305
7151.94634 20.38007 0.59833 0.65976 100.81933
7152.49521 20.66739 0.60757 0.66907 102.16742
7151.94766 20.42943 0.59996 0.66136 100.97370
7151.16848 20.21763 0.59320 0.65451 99.70365
7150.07475 19.88450 0.58244 0.64372 97.85754
7149.71758 19.75618 0.57827 0.63957 97.20125
7148.69712 19.38148 0.56638 0.62744 95.33357
7147.49074 18.85113 0.54932 0.61027 92.90993
7146.86635 18.54552 0.53926 0.60037 91.51096
7146.62632 18.41915 0.53510 0.59628 90.94162
7145.64642 18.03817 0.52291 0.58395 89.13703
7144.67350 17.60031 0.50882 0.56977 87.12092
7144.92343 17.68631 0.51153 0.57256 87.53493
7144.31294 17.47966 0.50498 0.56587 86.54251
7143.60362 17.35063 0.50107 0.56169 85.82849
7142.43163 17.11411 0.49406 0.55404 84.59850
7141.53361 16.86410 0.48670 0.54594 83.41412
7141.02680 16.72043 0.48249 0.54129 82.74272
7139.79647 16.29795 0.46987 0.52761 80.80866
7138.56902 15.78747 0.45372 0.51109 78.53134
7138.07379 15.54810 0.44621 0.50334 77.46219
7137.73545 15.37342 0.44082 0.49768 76.68126
7136.93817 15.11008 0.43286 0.48916 75.49381
7135.93412 14.75661 0.42181 0.47772 73.91967
7135.86814 14.73227 0.42103 0.47693 73.81073
7134.90729 14.38518 0.41003 0.46569 72.25624
7134.01304 14.07776 0.40036 0.45574 70.85767
7133.15494 13.81260 0.39217 0.44716 69.64188
7133.32307 13.85757 0.39355 0.44861 69.84717
7132.41688 13.62837 0.38665 0.44119 68.82229
7131.38088 13.39943 0.38063 0.43378 67.86909
7130.26412 13.10167 0.37311 0.42414 66.66855
7129.36678 12.85785 0.36735 0.41625 65.69429
7129.21816 12.81678 0.36635 0.41492 65.52464
7128.36917 12.57632 0.36028 0.40713 64.49049
7127.54275 12.40342 0.35595 0.40154 63.69299
7126.35791 12.15616 0.34942 0.39353 62.50221
7125.22009 11.82510 0.33995 0.38281 60.85460
7125.32385 11.85264 0.34069 0.38371 60.99052
7124.44850 11.62935 0.33487 0.37648 59.88145
7123.61377 11.46047 0.33097 0.37101 59.05210
7122.60684 11.27644 0.32689 0.36505 58.11972
7121.49820 11.04761 0.32125 0.35764 56.94324
7120.75803 10.87255 0.31667 0.35198 56.02058
7120.36982 10.76504 0.31386 0.34850 55.44742
7119.53602 10.56997 0.30916 0.34218 54.39290
7118.71045 10.41750 0.30615 0.33725 53.54295
7117.64434 10.24667 0.30328 0.33172 52.56253
7116.42682 9.98790 0.29794 0.32334 51.06372
7115.83307 9.82333 0.29398 0.31801 50.11524
0.00000 0.00000 0.00000 0.00000 0.00000
