7048.02758 10.04184 0.26466 0.32508 133.26994
7048.52426 10.07542 0.26618 0.32617 133.35668
7049.52476 10.12659 0.26904 0.32783 133.27142
7050.52526 10.18410 0.27221 0.32969 133.25273
7051.52576 10.22435 0.27480 0.33099 133.03189
7052.52626 10.27323 0.27785 0.33258 132.86507
7053.52676 10.31783 0.28083 0.33402 132.58518
7054.52726 10.37079 0.28424 0.33573 132.40057
7055.52776 10.44429 0.28836 0.33811 132.45742
7056.52826 10.51195 0.29234 0.34030 132.40711
7057.52876 10.59076 0.29680 0.34285 132.48298
7058.52926 10.69677 0.30184 0.34629 132.89041
7059.52976 10.81050 0.30713 0.34997 133.37419
7060.53027 10.90279 0.31160 0.35296 133.64602
7061.53077 11.02709 0.31733 0.35698 134.18437
7061.66909 11.04603 0.31818 0.35759 134.28073
7062.53127 11.15139 0.32304 0.36100 134.69377
7063.53177 11.26524 0.32845 0.36469 135.01757
7064.53227 11.38055 0.33402 0.36842 135.32067
7065.53277 11.47598 0.33907 0.37151 135.31871
7066.53327 11.57425 0.34416 0.37469 135.31848
7067.53377 11.68836 0.34985 0.37839 135.49246
7068.53427 11.80068 0.35529 0.38202 135.71194
7069.53477 11.93233 0.36152 0.38629 136.08806
7070.32786 12.05021 0.36700 0.39010 136.53619
7070.53527 12.08107 0.36842 0.39110 136.64604
7071.53577 12.22469 0.37506 0.39575 137.08760
7072.53627 12.36410 0.38152 0.40026 137.43040
7073.53677 12.50315 0.38787 0.40476 137.65184
7074.53727 12.63582 0.39405 0.40906 137.73265
7075.53777 12.78433 0.40052 0.41387 137.84375
7076.53827 12.91708 0.40662 0.41816 137.71797
7077.30134 13.05439 0.41221 0.42261 137.93012
7077.53877 13.10152 0.41405 0.42414 138.07135
7078.53927 13.27132 0.42085 0.42963 138.27847
7079.53977 13.45416 0.42830 0.43555 138.54246
7080.54027 13.62815 0.43559 0.44118 138.74229
7081.54077 13.83225 0.44406 0.44779 139.39128
7082.54127 14.04461 0.45323 0.45467 140.14116
7082.60740 14.05858 0.45384 0.45512 140.18908
7083.54177 14.24452 0.46201 0.46114 140.70951
7084.54227 14.43458 0.47031 0.46729 141.03580
7085.54277 14.61385 0.47813 0.47309 141.17732
7086.54327 14.82345 0.48697 0.47988 141.63973
7087.54377 15.02962 0.49551 0.48655 142.18776
7087.68154 15.06276 0.49687 0.48763 142.28314
7088.54427 15.26777 0.50525 0.49426 142.84699
7089.54477 15.48122 0.51389 0.50117 143.18654
7090.54527 15.69171 0.52232 0.50799 143.43589
7091.54577 15.90235 0.53072 0.51481 143.63501
7092.21813 16.06695 0.53713 0.52014 144.01622
7092.54627 16.15262 0.54053 0.52291 144.26877
7093.54677 16.38402 0.54952 0.53040 144.62850
7094.54727 16.61167 0.55842 0.53777 144.87833
7095.54777 16.83524 0.56667 0.54501 145.30881
7096.30000 17.07113 0.57443 0.55264 146.31540
7096.54827 17.15092 0.57699 0.55523 146.64706
7097.54877 17.39229 0.58437 0.56304 147.01118
7098.54927 17.59754 0.59071 0.56969 146.88892
7099.54977 17.80868 0.59763 0.57652 146.83155
7100.55028 18.06007 0.60576 0.58466 147.26349
7100.60272 18.07531 0.60623 0.58515 147.31215
7101.55078 18.35214 0.61455 0.59411 148.19234
7102.55128 18.58571 0.61998 0.60168 148.38432
7103.55178 18.82290 0.62433 0.60935 148.65077
7104.55228 19.04217 0.62917 0.61645 148.89378
7104.68726 19.07950 0.63004 0.61766 148.98358
7105.55278 19.30308 0.63601 0.62490 149.39127
7106.55328 19.53500 0.64249 0.63241 149.53483
7107.55378 19.78937 0.64862 0.64064 149.95221
7108.55428 20.07762 0.65400 0.64997 150.79195
7108.57504 20.08368 0.65407 0.65017 150.81067
7109.55478 20.32893 0.65851 0.65811 151.14416
7110.55528 20.54950 0.66364 0.66525 151.08650
7111.55578 20.77794 0.67008 0.67264 151.13196
7112.55628 21.05824 0.67748 0.68172 151.78786
7112.67456 21.08787 0.67817 0.68268 151.85757
7113.55678 21.31556 0.68263 0.69005 152.50479
7114.55728 21.59107 0.68805 0.69897 153.13903
7115.55778 21.85765 0.69476 0.70760 153.49543
7116.34650 22.09205 0.70098 0.71519 153.85487
7116.55828 22.16799 0.70314 0.71764 154.02966
7117.55878 22.50921 0.71088 0.72869 154.76894
7118.55928 22.81100 0.71663 0.73846 155.26445
7119.42546 23.09623 0.72349 0.74769 156.18146
7119.55978 23.13617 0.72451 0.74899 156.27152
7120.56028 23.41643 0.73271 0.75806 156.80353
7121.56078 23.64788 0.73980 0.76555 156.90059
7122.56128 23.91821 0.74685 0.77430 157.30928
7123.10047 24.10042 0.75146 0.78020 157.85707
7123.56178 24.26733 0.75566 0.78561 158.45840
7124.56228 24.57696 0.76404 0.79563 159.15166
7125.56278 24.85802 0.77272 0.80473 159.49390
7126.33387 25.10460 0.78021 0.81271 160.06792
7126.56328 25.18576 0.78269 0.81534 160.31768
7127.56378 25.50823 0.79127 0.82578 161.05107
7128.56428 25.79739 0.79898 0.83514 161.38730
7129.56478 26.10265 0.80831 0.84502 161.87452
7129.58239 26.10879 0.80850 0.84522 161.89001
7130.56528 26.43582 0.81884 0.85581 162.71211
7131.56578 26.71882 0.82702 0.86497 163.10254
7132.56628 27.06879 0.83694 0.87630 163.94929
7132.68907 27.11297 0.83822 0.87773 164.06854
7133.56678 27.42178 0.84778 0.88773 164.80831
7134.56728 27.73093 0.85779 0.89773 165.15925
7135.56778 28.07182 0.86807 0.90877 165.81392
7135.69270 28.11715 0.86937 0.91024 165.92176
7136.56828 28.42984 0.87820 0.92036 166.62605
7137.56878 28.78542 0.88924 0.93187 167.36228
7138.56720 29.12134 0.90027 0.94275 167.83338
7138.56928 29.12212 0.90029 0.94277 167.83519
7139.56978 29.46785 0.91082 0.95396 168.69878
7140.57029 29.81104 0.92102 0.96507 169.26984
7141.41108 30.12552 0.93107 0.97525 169.98402
7141.57079 30.19815 0.93351 0.97760 170.25672
7142.57129 30.58448 0.94559 0.99011 170.84890
7143.57179 30.97233 0.95551 1.00267 171.19736
7143.95678 31.12971 0.95949 1.00776 171.39776
7144.57229 31.38575 0.96689 1.01605 171.94319
7145.57279 31.78580 0.98000 1.02900 172.89563
7146.56074 32.13389 0.99167 1.04027 173.36786
7146.57329 32.13896 0.99184 1.04043 173.37933
7147.57379 32.55925 1.00462 1.05404 174.37440
7148.57429 32.90835 1.01543 1.06534 174.93024
7149.14168 33.13808 1.02313 1.07278 175.50487
7149.57479 33.32246 1.02955 1.07875 175.91371
7150.57529 33.71593 1.04201 1.09149 176.61726
7151.57579 34.09281 1.05342 1.10369 177.12558
7151.68863 34.14226 1.05493 1.10529 177.24561
7152.57629 34.53786 1.06797 1.11809 178.21837
7153.57679 34.91532 1.08044 1.13031 178.68406
7154.12160 35.14644 1.08780 1.13780 179.15628
7154.57729 35.35964 1.09446 1.14470 179.71595
7155.57779 35.78621 1.10794 1.15851 180.56913
7156.41751 36.15063 1.12034 1.17030 181.29516
7156.57829 36.22854 1.12301 1.17283 181.54432
7157.57879 36.62532 1.13570 1.18567 182.36751
7158.57929 37.04239 1.14868 1.19917 183.02613
7158.83082 37.15481 1.15231 1.20281 183.26708
7159.57979 37.48762 1.16371 1.21359 183.93957
7160.58029 37.91771 1.17776 1.22751 184.71390
7161.11913 38.15900 1.18537 1.23532 185.17611
7161.58079 38.38548 1.19253 1.24265 185.73479
7162.58129 38.83218 1.20744 1.25711 186.60281
7163.33824 39.16318 1.21873 1.26783 187.23142
7163.58179 39.29122 1.22304 1.27197 187.59786
7164.58229 39.80908 1.23851 1.28874 188.73874
7165.28530 40.16736 1.24894 1.30034 189.27654
7165.58279 40.32020 1.25341 1.30529 189.50626
7166.58329 40.71676 1.26612 1.31812 190.07902
7167.54069 41.17155 1.28079 1.33285 191.08297
7167.58379 41.19546 1.28156 1.33362 191.15374
7168.58429 41.72732 1.30014 1.35084 192.56461
7169.54582 42.17573 1.31574 1.36535 193.42763
7169.58479 42.19743 1.31643 1.36606 193.48896
7170.58529 42.69560 1.33154 1.38218 194.60350
7171.57215 43.17992 1.34795 1.39786 195.65962
7171.58579 43.18723 1.34821 1.39810 195.67870
7172.58629 43.68441 1.36494 1.41420 196.77752
7173.57712 44.18410 1.38110 1.43037 197.90481
7173.58679 44.18957 1.38129 1.43055 197.91926
7174.58729 44.68112 1.39889 1.44646 199.06335
7175.58779 45.12170 1.41366 1.46072 199.90373
7175.70959 45.18828 1.41574 1.46288 200.06854
7176.58829 45.68671 1.43147 1.47902 201.42958
7177.58879 46.18856 1.44870 1.49526 202.54119
7177.59582 46.19247 1.44884 1.49539 202.55173
7178.58929 46.74296 1.46663 1.51321 203.99913
7179.46963 47.19665 1.48244 1.52790 205.04644
7179.58979 47.26301 1.48490 1.53005 205.22174
7180.59030 47.81953 1.50490 1.54806 206.77677
7181.31497 48.20084 1.51615 1.56041 207.58441
7181.59080 48.38072 1.52082 1.56623 208.01615
7182.59130 48.99733 1.53980 1.58619 209.45153
7182.95862 49.20502 1.54644 1.59291 209.97676
7183.59180 49.54107 1.55771 1.60379 210.91771
7184.59230 50.04634 1.57455 1.62015 212.28794
7184.87590 50.20921 1.58011 1.62542 212.73697
7185.59280 50.62624 1.59453 1.63892 213.91688
7186.59330 51.19239 1.61287 1.65725 215.50357
7186.62879 51.21339 1.61357 1.65793 215.56391
7187.59380 51.76078 1.63221 1.67565 217.12154
7188.36784 52.21757 1.64747 1.69044 218.48911
7188.59430 52.36751 1.65212 1.69529 218.96584
7189.59480 52.94449 1.67149 1.71397 220.67411
7190.04252 53.22176 1.68087 1.72295 221.51117
7190.59530 53.57448 1.69273 1.73437 222.62318
7191.59580 54.13914 1.71094 1.75265 224.33759
7191.74112 54.22594 1.71385 1.75546 224.61163
7192.59630 54.72645 1.73085 1.77166 226.24319
7193.48383 55.23013 1.74705 1.78796 227.84565
7193.59680 55.30210 1.74940 1.79029 228.08647
7194.59730 55.91176 1.76981 1.81003 230.08753
7195.13820 56.23431 1.78076 1.82047 231.15571
7195.59780 56.53304 1.79038 1.83014 232.14998
7196.59830 57.16799 1.81144 1.85070 234.37467
7196.70963 57.23849 1.81367 1.85298 234.61063
7197.59880 57.86101 1.83166 1.87313 236.53217
7198.12502 58.24268 1.84256 1.88549 237.76418
7198.59930 58.55274 1.85236 1.89553 238.88652
7199.59980 59.14333 1.87254 1.91465 241.08739
7199.75565 59.24686 1.87582 1.91800 241.45555
7200.60030 59.82556 1.89411 1.93673 243.58741
7201.31784 60.25105 1.90814 1.95051 245.21988
7201.60080 60.42160 1.91392 1.95603 245.84343
7202.60130 61.03094 1.93328 1.97575 248.27644
7202.93857 61.25523 1.94050 1.98302 249.15636
7203.60180 61.69203 1.95522 1.99716 250.89398
7204.44076 62.25941 1.97291 2.01552 253.17298
7204.60230 62.38080 1.97668 2.01945 253.63750
7205.60280 63.03237 1.99813 2.04055 256.36240
7205.94368 63.26360 2.00578 2.04803 257.34375
7206.60330 63.73059 2.02067 2.06315 259.24944
7207.43836 64.26778 2.03788 2.08054 261.67376
7207.60380 64.38143 2.04168 2.08422 262.17152
7208.60430 65.08563 2.06440 2.10702 265.20736
7208.87315 65.27197 2.07043 2.11305 266.04834
7209.60480 65.81718 2.08785 2.13070 268.35648
7210.30135 66.27615 2.10086 2.14556 270.28493
7210.60530 66.48838 2.10665 2.15243 271.25008
7211.60580 67.23456 2.13025 2.17658 274.59672
7211.66546 67.28033 2.13186 2.17807 274.79470
7212.60630 67.94468 2.15302 2.19957 278.03552
7213.08585 68.28452 2.16334 2.21057 279.73572
7213.60680 68.66711 2.17620 2.22296 281.55588
7214.49865 69.28870 2.19596 2.24308 284.85458
7214.60730 69.37133 2.19854 2.24576 285.24514
7215.60780 70.12691 2.22244 2.27022 289.03618
7215.83672 70.29289 2.22786 2.27559 289.94058
7216.60830 70.85709 2.24562 2.29386 292.94383
7217.19474 71.29707 2.25927 2.30810 295.32316
7217.60880 71.61109 2.26946 2.31827 297.00388
7218.54238 72.30126 2.29067 2.34061 301.06649
7218.60930 72.35532 2.29233 2.34236 301.33867
7219.60980 73.01359 2.31314 2.36367 305.37916
7219.98963 73.30544 2.32247 2.37312 307.09474
7220.61031 73.79927 2.33773 2.38910 309.96143
7221.27645 74.30962 2.35361 2.40563 313.17528
7221.61081 74.57640 2.36273 2.41426 314.78662
7222.54966 75.31381 2.38373 2.43813 319.83773
7222.61131 75.36628 2.38500 2.43983 320.19092
7223.61181 76.17159 2.40895 2.46590 326.06067
7223.78795 76.31799 2.41361 2.47064 327.01535
7224.61231 76.99682 2.43337 2.49262 331.80282
7225.01916 77.32218 2.44255 2.50315 334.43289
7225.61281 77.80644 2.45860 2.51883 338.32759
7226.26806 78.32636 2.47069 2.53566 342.89512
7226.61331 78.60234 2.47405 2.54459 345.46796
7227.59365 79.33054 2.49155 2.56817 353.07582
7227.61381 79.34787 2.49276 2.56873 353.19124
7228.61431 80.14783 2.58777 2.59463 360.67563
7228.84080 80.33473 2.61338 2.60068 362.74936
7229.61481 80.98764 2.66101 2.62181 369.57679
7230.06088 81.33891 2.65852 2.63318 373.91838
7230.61531 81.78954 2.65272 2.64777 379.50019
7231.25506 82.34310 2.65658 2.66569 385.53972
7231.61581 82.64879 2.67208 2.67559 389.06772
7232.50674 83.34728 2.71213 2.69820 399.02288
7232.61631 83.45789 2.71648 2.70178 399.97380
7233.53517 84.35146 2.73828 2.73071 409.71834
7233.61681 84.42065 2.74020 2.73295 410.64637
7234.61731 85.28140 2.76628 2.76081 421.39071
7234.70108 85.35565 2.76834 2.76322 422.27830
7235.61781 86.13160 2.78911 2.78834 432.61500
7235.89329 86.35983 2.79541 2.79573 435.98840
7236.61831 87.01579 2.81608 2.81696 443.21874
7237.06201 87.36402 2.82740 2.82824 447.14621
7237.61881 87.81866 2.84259 2.84295 453.07530
7238.22383 88.36820 2.86129 2.86074 459.68392
7238.61931 88.71988 2.87347 2.87213 463.91890
7239.36946 89.37238 2.89695 2.89325 472.42123
7239.61981 89.60045 2.90506 2.90064 475.05628
7240.52353 90.37657 2.93341 2.92576 485.54487
7240.62031 90.46823 2.93679 2.92873 486.48710
7241.57528 91.38075 2.97013 2.95827 495.56892
7241.62081 91.42101 2.97161 2.95957 496.07636
7242.62131 92.31899 3.00506 2.98864 506.71689
7242.69397 92.38494 3.00750 2.99078 507.44799
7243.62181 93.29598 3.03781 3.02027 517.60455
7243.71618 93.38912 3.04084 3.02329 518.66975
7244.62231 94.25799 3.07216 3.05141 527.76508
7244.77516 94.39331 3.07717 3.05579 529.41474
7245.62281 95.13243 3.10386 3.07972 536.26255
7245.90362 95.39749 3.11340 3.08830 538.30425
7246.62331 96.06232 3.13741 3.10983 545.63762
7246.98353 96.40167 3.14962 3.12081 549.13597
7247.62381 97.02879 3.17210 3.14111 554.73361
7248.01245 97.40586 3.18559 3.15332 558.25880
7248.62431 98.02280 3.20747 3.17329 563.21568
7249.01233 98.41004 3.22118 3.18583 566.47654
7249.62481 98.99684 3.24204 3.20482 572.17067
7250.06268 99.41423 3.25686 3.21834 576.33483
7250.62531 99.95702 3.27602 3.23591 581.49639
7251.10933 100.41841 3.29236 3.25085 586.13203
7251.62581 100.94034 3.31095 3.26774 590.13430
7252.08784 101.42259 3.32685 3.28335 594.17877
7252.62631 102.02277 3.34524 3.30278 599.20657
7252.99096 102.42678 3.35913 3.31586 601.44652
7253.62681 103.05550 3.38156 3.33622 606.94718
7254.03176 103.43096 3.39472 3.34837 611.20923
7254.62731 104.01198 3.41492 3.36718 614.55137
7255.07251 104.43515 3.42969 3.38088 617.42231
7255.62781 104.96390 3.44834 3.39800 622.75509
7256.07995 105.43933 3.46492 3.41339 626.21824
7256.62831 106.00888 3.48476 3.43183 630.34832
7257.05362 106.44351 3.49988 3.44590 633.84535
7257.62881 107.03354 3.52048 3.46500 638.49298
7258.02293 107.44770 3.53493 3.47840 641.43755
7258.62931 108.09965 3.55755 3.49951 645.72645
7258.95683 108.45188 3.56985 3.51091 648.02680
7259.62981 109.17257 3.59484 3.53424 652.89915
7259.89967 109.45607 3.60466 3.54342 654.97579
7260.63032 110.20986 3.63128 3.56782 660.68019
7260.86421 110.46025 3.63946 3.57593 662.75995
7261.63082 111.38361 3.66798 3.60582 668.39251
7261.70287 111.46444 3.67080 3.60844 668.85024
7262.63132 112.45981 3.70556 3.64066 675.72441
7262.64038 112.46862 3.70586 3.64095 675.79933
7263.63182 113.40372 3.73828 3.67122 682.63627
7263.69390 113.47280 3.74067 3.67346 683.02022
7264.57375 114.47699 3.77524 3.70596 688.71405
7264.63232 114.54086 3.77745 3.70803 689.13753
7265.46989 115.48117 3.80987 3.73847 694.69055
7265.63282 115.65917 3.81601 3.74423 695.89508
7266.39655 116.48536 3.84460 3.77098 701.65404
7266.63332 116.74425 3.85351 3.77936 703.39445
7267.26105 117.48954 3.87908 3.80349 706.96127
7267.63382 117.92020 3.89379 3.81743 709.33930
7268.17407 118.49372 3.91397 3.83600 713.53379
7268.63432 119.05422 3.93236 3.85414 716.40131
7268.98587 119.49791 3.94558 3.86851 719.13759
7269.63482 120.23043 3.96990 3.89222 724.26226
7269.86738 120.50209 3.97938 3.90101 725.64356
7270.63532 121.42616 4.01082 3.93093 730.05637
7270.70626 121.50628 4.01358 3.93352 730.56434
7271.54576 122.51046 4.04803 3.96603 735.85917
7271.63582 122.61861 4.05173 3.96953 736.41095
7272.52377 123.51464 4.08238 3.99854 742.44125
7272.63632 123.61997 4.08601 4.00195 743.29437
7273.39114 124.51883 4.11680 4.03105 747.91732
7273.63682 124.82779 4.12730 4.04105 749.27605
7274.23816 125.52301 4.15107 4.06356 753.50567
7274.63732 126.00062 4.16742 4.07902 756.09327
7275.09100 126.52720 4.18551 4.09606 759.37680
7275.63782 127.12929 4.20590 4.11556 763.98726
7275.98320 127.53138 4.21991 4.12857 766.37090
7276.63832 128.41404 4.24856 4.15715 769.81674
7276.73467 128.53556 4.25208 4.16108 770.67877
7277.49362 129.53975 4.28453 4.19359 775.12728
7277.63882 129.72253 4.29085 4.19951 775.94743
7278.34409 130.54393 4.31889 4.22610 781.34236
7278.63932 130.88733 4.33045 4.23722 783.67233
7279.22405 131.54812 4.35324 4.25861 788.41709
7279.63982 132.04277 4.37016 4.27462 791.53029
7280.03760 132.55230 4.38718 4.29112 794.17704
7280.64032 133.36722 4.41449 4.31750 796.22096
7280.81043 133.55649 4.42096 4.32362 797.09094
7281.64082 134.52477 4.45372 4.35497 802.35439
7281.67319 134.56067 4.45491 4.35613 802.66816
7282.52037 135.56485 4.48910 4.38864 809.56263
7282.64132 135.71303 4.49423 4.39344 810.42526
7283.25153 136.56904 4.52290 4.42115 813.34572
7283.64182 137.21020 4.54156 4.44191 815.04620
7283.89983 137.57322 4.55275 4.45366 816.80008
7284.64232 138.56982 4.58683 4.48592 821.14995
7284.64933 138.57741 4.58707 4.48617 821.22171
7285.42605 139.58159 4.62065 4.51867 826.64403
7285.64282 139.86967 4.63070 4.52800 828.03296
7286.09215 140.58577 4.65473 4.55118 829.32312
7286.64332 141.48570 4.68387 4.58032 830.80945
7286.72894 141.58996 4.68735 4.58369 831.53769
7287.37728 142.59414 4.72181 4.61620 834.16044
7287.64382 143.04687 4.73655 4.63086 834.74534
7287.98357 143.59833 4.75453 4.64871 835.92782
7288.52790 144.60251 4.78837 4.68122 836.23795
7288.64432 144.79514 4.79501 4.68745 836.64243
7289.24152 145.60669 4.82210 4.71373 840.95934
7289.64482 146.29046 4.84195 4.73586 842.95391
7289.87824 146.61088 4.85183 4.74623 844.41485
7290.64532 147.61256 4.88662 4.77866 848.80385
7290.64726 147.61506 4.88670 4.77874 848.81976
7291.32594 148.61925 4.91915 4.81125 853.26952
7291.64582 149.12693 4.93707 4.82769 854.89413
7292.13496 149.62343 4.95541 4.84376 860.66505
7292.64632 150.27977 4.97630 4.86501 865.20803
7292.93211 150.62762 4.98727 4.87627 867.95727
7293.61084 151.63180 5.02438 4.90878 872.57999
7293.64682 151.68227 5.02620 4.91041 872.85420
7294.38362 152.63598 5.05404 4.94128 879.50090
7294.64732 153.09118 5.06956 4.95602 880.69198
7295.17123 153.64017 5.09003 4.97379 886.85140
7295.64782 154.43311 5.11439 4.99946 889.47013
7295.90297 154.64435 5.11753 5.00630 893.39919
7296.47967 155.64854 5.15015 5.03881 896.83598
7296.64832 155.95165 5.16109 5.04862 897.46666
7297.03640 155.64854 5.14523 5.03881 909.55510
