7027.51376 10.03259 0.25432 0.32479 132.98678
7027.72648 10.04184 0.25491 0.32508 132.93550
7028.51426 10.06979 0.25695 0.32599 132.64643
7029.51476 10.11055 0.25968 0.32731 132.33016
7030.51526 10.16942 0.26309 0.32921 132.24091
7031.51576 10.24161 0.26717 0.33155 132.31612
7032.51626 10.30642 0.27106 0.33365 132.25222
7033.51676 10.37221 0.27491 0.33578 132.18607
7034.51726 10.45215 0.27911 0.33837 132.35547
7035.51776 10.52454 0.28320 0.34071 132.29717
7036.51826 10.62637 0.28826 0.34401 132.61422
7037.51876 10.71671 0.29294 0.34693 132.73502
7038.51926 10.81384 0.29786 0.35008 132.91957
7039.51976 10.92147 0.30312 0.35356 133.20120
7040.52026 11.04394 0.30889 0.35753 133.64042
7040.53299 11.04603 0.30898 0.35759 133.65273
7041.52076 11.18980 0.31556 0.36225 134.34591
7042.52126 11.28322 0.32037 0.36527 134.45085
7043.52176 11.38676 0.32573 0.36862 134.52473
7044.52226 11.48852 0.33102 0.37192 134.53195
7045.52276 11.59669 0.33650 0.37542 134.57557
7046.52326 11.71566 0.34233 0.37927 134.73849
7047.52376 11.84861 0.34860 0.38358 135.02298
7048.52426 11.98947 0.35517 0.38813 135.40612
7048.93753 12.05021 0.35797 0.39010 135.58051
7049.52476 12.13399 0.36192 0.39281 135.81025
7050.52526 12.27475 0.36854 0.39737 136.08887
7051.52576 12.40583 0.37458 0.40161 136.29543
7052.52626 12.54129 0.38097 0.40600 136.45492
7053.52676 12.68533 0.38761 0.41066 136.52427
7054.52726 12.83808 0.39436 0.41561 136.53373
7055.52776 13.00113 0.40126 0.42089 136.56979
7055.81633 13.05439 0.40335 0.42261 136.60630
7056.52826 13.19022 0.40877 0.42701 136.78481
7057.52876 13.37187 0.41603 0.43289 136.87810
7058.52926 13.56789 0.42375 0.43923 137.18986
7059.52976 13.77037 0.43229 0.44579 137.67506
7060.53027 13.96307 0.44065 0.45203 138.27842
7060.96728 14.05858 0.44478 0.45512 138.57012
7061.53077 14.17845 0.44992 0.45900 138.87615
7062.53127 14.37564 0.45851 0.46538 139.18313
7063.53177 14.57169 0.46692 0.47173 139.40140
7064.53227 14.77973 0.47553 0.47846 139.65863
7065.53277 15.00700 0.48472 0.48582 140.10354
7065.75285 15.06276 0.48693 0.48763 140.26546
7066.53327 15.24889 0.49437 0.49365 140.67409
7067.53377 15.47271 0.50351 0.50090 140.94989
7068.53427 15.66208 0.51135 0.50703 140.94712
7069.53477 15.88247 0.52050 0.51416 141.15854
7070.25128 16.06695 0.52784 0.52014 141.54156
7070.53527 16.14298 0.53074 0.52260 141.72223
7071.53577 16.38646 0.54028 0.53048 142.03210
7072.53627 16.60851 0.54875 0.53767 142.02709
7073.53677 16.87388 0.55844 0.54626 142.51879
7074.17994 17.07113 0.56540 0.55264 143.15093
7074.53727 17.17702 0.56898 0.55607 143.45312
7075.53777 17.42967 0.57755 0.56425 143.72880
7076.53827 17.65553 0.58514 0.57156 143.64096
7077.53877 17.87463 0.59278 0.57866 143.56974
7078.36939 18.07531 0.59940 0.58515 143.83259
7078.53927 18.12271 0.60094 0.58669 143.91236
7079.53977 18.39852 0.60893 0.59562 144.39771
7080.54027 18.66658 0.61547 0.60429 144.78071
7081.54077 18.92525 0.62169 0.61267 145.04418
7082.08405 19.07950 0.62559 0.61766 145.36334
7082.54127 19.20956 0.62914 0.62187 145.62879
7083.54177 19.44996 0.63566 0.62965 145.63596
7084.54227 19.67973 0.64140 0.63709 145.49913
7085.54277 19.95735 0.64720 0.64608 145.97869
7085.92412 20.08368 0.64980 0.65017 146.39248
7086.54327 20.27389 0.65358 0.65633 146.99200
7087.54377 20.49370 0.65867 0.66344 146.96484
7088.54427 20.72766 0.66491 0.67102 146.80329
7089.54477 20.97614 0.67060 0.67906 146.83564
7089.94475 21.08787 0.67313 0.68268 147.01199
7090.54527 21.27739 0.67722 0.68881 147.57386
7091.54577 21.55774 0.68313 0.69789 148.03675
7092.54627 21.85585 0.69048 0.70754 148.61715
7093.29359 22.09205 0.69636 0.71519 148.88687
7093.54677 22.18726 0.69868 0.71827 149.15560
7094.54727 22.52803 0.70610 0.72930 149.59057
7095.54777 22.78712 0.71066 0.73769 149.64997
7096.54827 23.09439 0.71827 0.74763 150.26599
7096.55379 23.09623 0.71833 0.74769 150.27108
7097.54877 23.38885 0.72685 0.75717 150.78113
7098.54927 23.67242 0.73474 0.76635 151.06081
7099.54977 23.98529 0.74271 0.77648 151.61311
7099.88556 24.10042 0.74559 0.78020 151.90963
7100.55028 24.33640 0.75183 0.78784 152.59327
7101.55078 24.64023 0.76064 0.79768 152.97622
7102.55128 24.92970 0.76928 0.80705 153.19182
7103.10440 25.10460 0.77413 0.81271 153.42808
7103.55178 25.27014 0.77875 0.81807 153.97781
7104.55228 25.57049 0.78674 0.82779 154.52235
7105.55278 25.88252 0.79567 0.83789 154.84937
7106.21365 26.10879 0.80274 0.84522 155.28343
7106.55328 26.23103 0.80648 0.84918 155.56559
7107.55378 26.56474 0.81640 0.85998 156.08723
7108.55428 26.89425 0.82576 0.87065 156.52870
7109.15369 27.11297 0.83229 0.87773 157.00320
7109.55478 27.26914 0.83712 0.88278 157.42724
7110.55528 27.62567 0.84835 0.89433 158.08014
7111.55578 27.96937 0.85855 0.90545 158.57000
7111.95674 28.11715 0.86287 0.91024 158.83388
7112.55628 28.34932 0.86962 0.91775 159.37565
7113.55678 28.66831 0.87961 0.92808 159.88306
7114.55728 29.01362 0.89082 0.93926 160.22141
7114.84837 29.12134 0.89410 0.94275 160.39779
7115.55778 29.39625 0.90228 0.95164 160.94007
7116.55828 29.76272 0.91344 0.96351 161.51649
7117.49150 30.12552 0.92532 0.97525 162.29849
7117.55878 30.15692 0.92633 0.97627 162.39305
7118.55928 30.58944 0.93940 0.99027 163.21438
7119.55978 30.99867 0.94975 1.00352 163.48783
7119.84892 31.12971 0.95326 1.00776 163.70305
7120.56028 31.43956 0.96265 1.01779 164.31006
7121.56078 31.81940 0.97535 1.03009 165.07879
7122.35309 32.13389 0.98575 1.04027 165.77190
7122.56128 32.22600 0.98854 1.04325 165.97965
7123.56178 32.62437 1.00055 1.05615 166.55549
7124.56228 33.02737 1.01366 1.06920 167.14758
7124.81297 33.13808 1.01732 1.07278 167.38813
7125.56278 33.44982 1.02766 1.08287 167.91630
7126.56328 33.83109 1.03934 1.09521 168.24096
7127.27673 34.14226 1.04910 1.10529 168.83178
7127.56378 34.28025 1.05362 1.10975 169.18561
7128.56428 34.70148 1.06770 1.12339 169.83353
7129.56478 35.11947 1.08083 1.13692 170.40251
7129.62669 35.14644 1.08169 1.13780 170.44309
7130.56528 35.54299 1.09417 1.15063 171.10850
7131.56578 35.93196 1.10725 1.16323 171.60761
7132.03196 36.15063 1.11460 1.17030 172.03487
7132.56628 36.40981 1.12302 1.17869 172.63589
7133.56678 36.85103 1.13685 1.19298 173.30006
7134.23952 37.15481 1.14695 1.20281 173.78462
7134.56728 37.30895 1.15220 1.20780 174.07196
7135.56778 37.74833 1.16673 1.22203 174.67803
7136.52132 38.15900 1.17978 1.23532 175.12004
7136.56828 38.18183 1.18050 1.23606 175.16492
7137.56878 38.68559 1.19732 1.25237 176.26171
7138.56928 39.13370 1.21283 1.26688 176.89809
7138.63409 39.16318 1.21379 1.26783 176.94473
7139.56978 39.61671 1.22813 1.28251 178.01338
7140.57029 40.15380 1.24338 1.29990 178.69700
7140.59519 40.16736 1.24378 1.30034 178.71749
7141.57079 40.63716 1.25838 1.31555 179.21086
7142.57129 41.12500 1.27428 1.33134 180.09771
7142.65419 41.17155 1.27587 1.33285 180.21866
7143.57179 41.66868 1.29342 1.34894 181.34993
7144.57229 42.14207 1.30945 1.36427 181.97430
7144.63562 42.17573 1.31054 1.36535 182.04542
7145.57279 42.68131 1.32668 1.38172 183.13026
7146.57329 43.17279 1.34325 1.39763 183.84677
7146.58613 43.17992 1.34349 1.39786 183.86271
7147.57379 43.70023 1.36063 1.41471 184.81079
7148.57429 44.17673 1.37651 1.43013 185.63838
7148.58781 44.18410 1.37677 1.43037 185.65905
7149.57479 44.68560 1.39469 1.44661 186.53449
7150.57529 45.16693 1.40990 1.46219 187.11483
7150.61217 45.18828 1.41056 1.46288 187.16323
7151.57579 45.74662 1.42910 1.48096 188.41062
7152.44960 46.19247 1.44439 1.49539 189.09362
7152.57629 46.26296 1.44682 1.49767 189.24102
7153.57679 46.82672 1.46514 1.51592 190.36416
7154.27679 47.19665 1.47780 1.52790 190.95733
7154.57729 47.36033 1.48337 1.53320 191.26079
7155.57779 47.88155 1.50129 1.55007 192.14033
7156.15463 48.20084 1.51108 1.56041 192.58209
7156.57829 48.48815 1.51953 1.56971 193.16563
7157.57879 49.05302 1.53682 1.58799 194.15921
7157.82138 49.20502 1.54178 1.59291 194.49845
7158.57929 49.64798 1.55689 1.60725 195.46064
7159.57979 50.20041 1.57553 1.62514 196.44914
7159.59418 50.20921 1.57584 1.62542 196.46894
7160.58029 50.79929 1.59579 1.64453 197.72983
7161.32694 51.21339 1.60950 1.65793 198.45436
7161.58079 51.36991 1.61468 1.66300 198.81287
7162.58129 51.93925 1.63425 1.68143 199.91460
7163.03542 52.21757 1.64324 1.69044 200.52240
7163.58179 52.57290 1.65484 1.70194 201.37645
7164.58229 53.16297 1.67492 1.72104 202.58539
7164.67479 53.22176 1.67694 1.72295 202.72619
7165.58279 53.78880 1.69550 1.74130 203.98215
7166.43331 54.22594 1.70993 1.75546 204.84683
7166.58329 54.30884 1.71276 1.75814 205.01992
7167.58379 54.93093 1.73338 1.77828 206.41929
7168.07672 55.23013 1.74313 1.78796 207.05755
7168.58429 55.55813 1.75408 1.79858 207.85138
7169.58479 56.15808 1.77390 1.81801 209.11610
7169.70199 56.23431 1.77641 1.82047 209.29495
7170.58529 56.81369 1.79556 1.83923 210.74134
7171.25445 57.23849 1.80963 1.85298 211.74202
7171.58579 57.49180 1.81729 1.86118 212.33086
7172.58629 58.18027 1.83696 1.88347 213.70728
7172.66621 58.24268 1.83891 1.88549 213.87761
7173.58679 58.85888 1.85950 1.90544 215.48149
7174.24829 59.24686 1.87214 1.91800 216.38785
7174.58729 59.47588 1.87936 1.92541 217.02362
7175.58779 60.11695 1.90007 1.94617 218.68100
7175.78627 60.25105 1.90448 1.95051 219.01818
7176.58829 60.76525 1.92128 1.96715 220.32005
7177.28738 61.25523 1.93686 1.98302 221.65105
7177.58879 61.48112 1.94452 1.99033 222.27836
7178.58929 62.09888 1.96452 2.01033 223.87728
7178.81436 62.25941 1.96940 2.01552 224.32379
7179.58979 62.82982 1.98757 2.03399 225.95747
7180.20042 63.26360 2.00176 2.04803 227.15285
7180.59030 63.55802 2.01127 2.05756 227.99640
7181.59080 64.22575 2.03211 2.07918 229.88823
7181.64729 64.26778 2.03347 2.08054 230.01043
7182.59130 64.90503 2.05404 2.10117 231.86086
7183.11681 65.27197 2.06554 2.11305 233.00419
7183.59180 65.64773 2.07770 2.12521 234.07092
7184.52429 66.27615 2.09519 2.14556 235.81711
7184.59230 66.32879 2.09659 2.14726 235.96303
7185.59280 67.08449 2.11935 2.17173 238.21169
7185.84758 67.28033 2.12607 2.17807 238.82304
7186.59330 67.83479 2.14455 2.19602 240.57449
7187.19784 68.28452 2.15790 2.21057 242.03505
7187.59380 68.58950 2.16741 2.22045 242.98221
7188.55158 69.28870 2.18933 2.24308 245.28106
7188.59430 69.32385 2.19041 2.24422 245.39274
7189.59480 70.06826 2.21352 2.26832 247.90885
7189.88819 70.29289 2.22058 2.27559 248.68214
7190.59530 70.84346 2.23777 2.29342 250.54375
7191.19086 71.29707 2.25160 2.30810 252.12960
7191.59580 71.61659 2.26144 2.31844 253.27493
7192.59630 72.27828 2.28191 2.33986 255.78777
7192.62418 72.30126 2.28260 2.34061 255.86095
7193.59680 73.05918 2.30576 2.36514 258.66663
7193.91827 73.30544 2.31343 2.37312 259.62273
7194.59730 73.86152 2.33064 2.39112 261.64404
7195.14127 74.30962 2.34376 2.40563 263.33315
7195.59780 74.69628 2.35579 2.41814 264.75498
7196.41953 75.31381 2.37325 2.43813 267.47774
7196.59830 75.46435 2.37685 2.44301 268.09701
7197.53611 76.31799 2.40182 2.47064 271.32798
7197.59880 76.37424 2.40376 2.47246 271.54388
7198.59930 77.18288 2.42573 2.49864 275.22458
7198.76528 77.32218 2.42827 2.50315 275.85839
7199.59980 77.99762 2.44941 2.52502 279.16540
7200.00168 78.32636 2.45932 2.53566 280.78540
7200.60030 78.81766 2.45942 2.55156 283.43121
7201.25315 79.33054 2.47713 2.56817 286.36405
7201.60080 79.61433 2.51657 2.57735 287.72009
7202.50422 80.33473 2.65337 2.60068 291.95837
7202.60130 80.42151 2.66784 2.60349 292.44478
7203.60180 81.25069 2.70333 2.63033 298.01637
7203.69818 81.33891 2.69933 2.63318 298.52960
7204.60230 82.13170 2.68827 2.65885 303.80335
7204.85367 82.34310 2.69567 2.66569 305.39141
7205.60280 82.98636 2.73037 2.68652 310.21288
7206.01384 83.34728 2.74629 2.69820 312.93102
7206.60330 83.94864 2.76184 2.71767 316.83020
7206.98700 84.35146 2.77213 2.73071 319.47060
7207.60380 84.91990 2.78998 2.74911 323.77310
7208.10223 85.35565 2.80239 2.76322 327.51606
7208.60430 85.80359 2.81379 2.77772 331.42184
7209.22530 86.35983 2.82707 2.79573 336.51519
7209.60480 86.71867 2.83692 2.80734 339.13714
7210.46504 87.36402 2.85630 2.82824 345.70994
7210.60530 87.47658 2.85966 2.83188 347.00224
7211.54353 88.36820 2.88707 2.86074 354.72069
7211.60580 88.42677 2.88892 2.86264 355.22206
7212.60630 89.35623 2.91949 2.89273 363.68365
7212.62331 89.37238 2.92003 2.89325 363.82506
7213.60680 90.27056 2.95101 2.92233 372.63671
7213.71907 90.37657 2.95480 2.92576 373.61235
7214.60730 91.22748 2.98494 2.95331 381.17686
7214.77075 91.38075 2.99044 2.95827 382.63807
7215.60780 92.18391 3.01979 2.98427 389.84711
7215.81981 92.38494 3.02711 2.99078 391.68329
7216.60830 93.18533 3.05394 3.01669 398.96160
7216.79982 93.38912 3.06043 3.02329 400.81049
7217.60880 94.19949 3.08964 3.04952 407.63115
7217.80497 94.39331 3.09689 3.05579 409.22013
7218.60930 95.18016 3.12572 3.08127 416.59818
7218.85679 95.39749 3.13373 3.08830 418.87218
7219.60980 96.05685 3.15806 3.10965 424.40280
7219.95244 96.40167 3.17067 3.12081 427.03523
7220.61031 97.06402 3.19501 3.14225 432.88527
7220.96111 97.40586 3.20760 3.15332 436.03440
7221.61081 98.05532 3.23138 3.17434 441.56094
7221.96146 98.41004 3.24440 3.18583 444.53956
7222.61131 99.08823 3.26918 3.20778 449.66124
7222.92856 99.41423 3.28108 3.21834 452.31014
7223.61181 100.10647 3.30637 3.24075 458.12596
7223.90964 100.41841 3.31778 3.25085 460.46340
7224.61231 101.14431 3.34433 3.27434 466.15961
7224.87582 101.42259 3.35349 3.28335 468.76664
7225.61281 102.28564 3.38177 3.31129 474.66439
7225.74086 102.42678 3.38690 3.31586 475.51624
7226.61331 103.30736 3.41932 3.34437 483.12847
7226.73297 103.43096 3.42379 3.34837 484.24258
7227.61381 104.32585 3.45607 3.37734 490.77011
7227.72478 104.43515 3.45998 3.38088 491.35751
7228.61431 105.33917 3.49244 3.41014 497.87685
7228.70841 105.43933 3.49605 3.41339 498.69324
7229.61481 106.42430 3.53138 3.44527 505.67398
7229.63239 106.44351 3.53207 3.44590 505.80999
7230.55176 107.44770 3.56804 3.47840 512.83441
7230.61531 107.51573 3.57048 3.48061 513.32770
7231.46242 108.45188 3.60390 3.51091 519.59426
7231.61581 108.61869 3.60987 3.51631 520.80190
7232.34583 109.45607 3.63946 3.54342 525.78379
7232.61631 109.74714 3.64994 3.55284 527.94766
7233.26639 110.46025 3.67512 3.57593 533.20104
7233.61681 110.89759 3.68862 3.59009 536.09428
7234.07018 111.46444 3.70704 3.60844 539.18709
7234.61731 112.06447 3.72867 3.62786 543.38953
7234.96673 112.46862 3.74291 3.64095 545.83453
7235.61781 113.19194 3.76843 3.66436 550.88686
7235.86721 113.47280 3.77839 3.67346 552.90705
7236.61831 114.34116 3.80890 3.70157 557.78394
7236.75008 114.47699 3.81364 3.70596 558.55393
7237.61881 115.39989 3.84604 3.73584 564.07593
7237.68771 115.48117 3.84889 3.73847 564.58585
7238.54318 116.48536 3.88416 3.77098 570.80513
7238.61931 116.56983 3.88713 3.77371 571.42669
7239.38095 117.48954 3.91918 3.80349 576.31067
7239.61981 117.77932 3.92924 3.81287 577.86960
7240.21215 118.49372 3.95437 3.83600 581.65643
7240.62031 119.01620 3.97192 3.85291 584.16617
7240.98560 119.49791 3.98649 3.86851 587.12589
7241.62081 120.19436 4.01020 3.89105 593.33495
7241.86913 120.50209 4.02105 3.90101 594.75960
7242.62131 121.45146 4.05386 3.93175 599.26668
7242.66735 121.50628 4.05576 3.93352 599.60482
7243.44772 122.51046 4.09043 3.96603 603.96265
7243.62181 122.72778 4.09796 3.97307 605.06403
7244.26209 123.51464 4.12524 3.99854 609.40935
7244.62231 123.93154 4.13977 4.01204 612.68981
7245.12697 124.51883 4.16013 4.03105 616.21271
7245.62281 125.08035 4.17950 4.04923 618.52179
7245.97571 125.52301 4.19464 4.06356 620.14314
7246.62331 126.35242 4.22311 4.09041 624.42508
7246.76524 126.52720 4.22915 4.09606 625.48781
7247.59679 127.53138 4.26411 4.12857 631.74431
7247.62381 127.56598 4.26533 4.12969 631.90043
7248.29860 128.53556 4.29639 4.16108 635.56466
7248.62431 128.96037 4.30954 4.17483 638.44171
7249.02824 129.53975 4.32921 4.19359 639.99198
7249.62481 130.30127 4.35540 4.21824 644.05207
7249.81795 130.54393 4.36371 4.22610 645.46323
7250.61207 131.54812 4.39827 4.25861 651.19281
7250.62531 131.56478 4.39884 4.25915 651.29070
7251.34023 132.55230 4.43239 4.29112 655.08334
7251.62581 132.92510 4.44521 4.30318 657.05979
7252.07796 133.55649 4.46664 4.32362 659.40951
7252.62631 134.24874 4.49032 4.34603 663.58330
7252.86169 134.56067 4.50096 4.35613 665.09968
7253.59762 135.56485 4.53511 4.38864 669.71088
7253.62681 135.60324 4.53642 4.38988 669.94628
7254.34067 136.56904 4.56928 4.42115 673.87901
7254.62731 136.96828 4.58121 4.43407 675.12626
7255.04400 137.57322 4.59944 4.45366 676.86600
7255.62781 138.28894 4.62432 4.47683 681.78834
7255.83800 138.57741 4.63413 4.48617 683.22370
7256.53566 139.58159 4.66808 4.51867 686.96267
7256.62831 139.70471 4.67224 4.52266 687.62961
7257.24594 140.58577 4.70183 4.55118 691.19987
7257.62881 141.09498 4.71933 4.56767 693.98640
7257.98585 141.58996 4.73610 4.58369 696.31219
7258.62931 142.46446 4.76561 4.61200 700.83882
7258.72039 142.59414 4.76999 4.61620 701.39202
7259.36471 143.59833 4.80384 4.64871 704.05151
7259.62981 143.97651 4.81641 4.66095 705.68912
7260.07275 144.60251 4.83730 4.68122 708.60064
7260.63032 145.37312 4.86383 4.70616 712.41457
7260.79655 145.60669 4.87182 4.71373 713.53510
7261.41042 146.61088 4.90176 4.74623 717.27039
7261.63082 146.89415 4.91110 4.75540 719.23591
7262.10589 147.61506 4.93588 4.77874 721.74067
7262.63132 148.40103 4.96201 4.80419 724.89615
7262.81192 148.61925 4.96931 4.81125 726.26385
7263.56670 149.62343 5.00293 4.84376 729.99034
7263.63182 149.70854 5.00588 4.84651 730.49863
7264.22454 150.62762 5.03666 4.87627 733.79549
7264.63232 151.19338 5.05535 4.89458 736.97017
7264.90986 151.63180 5.07003 4.90878 738.32547
7265.54032 152.63598 5.10372 4.94128 741.46171
7265.63282 152.77758 5.10841 4.94587 742.01591
7266.20559 153.64017 5.13674 4.97379 745.64395
7266.63332 154.25445 5.15798 4.99368 748.77930
7266.88370 154.64435 5.16967 5.00630 750.83867
7267.48074 155.64854 5.20031 5.03881 754.23462
7267.63382 155.87808 5.20801 5.04624 755.19169
7268.13461 156.65272 5.23394 5.07132 758.30497
7268.63432 157.41587 5.25971 5.09602 761.55618
7268.79630 157.65690 5.26747 5.10383 762.71209
7269.44500 158.66109 5.30050 5.13634 766.90548
7269.63482 158.92873 5.30963 5.14500 768.45733
7270.09550 159.66527 5.33426 5.16884 771.19384
7270.63532 160.56605 5.36308 5.19800 773.95146
7270.70580 160.66946 5.36653 5.20135 774.49194
7271.34556 161.67364 5.40072 5.23386 778.80706
7271.63582 162.11039 5.41513 5.24800 781.09457
7272.03125 162.67782 5.43306 5.26637 783.88164
7272.63632 163.54059 5.46154 5.29430 786.98611
7272.72870 163.68201 5.46604 5.29888 787.58841
7273.24887 164.68619 5.49651 5.33139 790.00895
7273.63682 165.34292 5.51754 5.35265 792.26042
7273.86471 165.69038 5.52843 5.36389 794.04077
7274.47905 166.69456 5.56289 5.39640 797.91701
7274.63732 166.95151 5.57150 5.40472 799.00335
7275.11314 167.69874 5.59552 5.42891 802.51772
7275.63782 168.47538 5.62099 5.45405 806.97272
7275.78600 168.70293 5.62918 5.46142 808.13782
7276.35407 169.70711 5.66296 5.49393 811.21007
7276.63832 170.21233 5.67843 5.51028 812.73238
7276.94363 170.71130 5.69450 5.52644 814.85326
7277.51619 171.71548 5.72972 5.55895 818.15724
7277.63882 171.93986 5.73717 5.56621 818.85605
7278.09720 172.71967 5.75863 5.59145 822.88590
7278.63932 173.64127 5.78803 5.62129 826.66544
7278.69585 173.72385 5.79097 5.62396 827.17572
7279.32780 174.72803 5.82781 5.65647 832.17999
7279.63982 175.24382 5.84298 5.67317 834.55839
7279.95098 175.73222 5.85747 5.68898 837.40011
7280.49682 176.73640 5.89309 5.72149 840.15412
7280.64032 177.00407 5.90331 5.73015 840.51071
7281.11231 177.74059 5.92643 5.75400 843.12354
7281.64082 178.64296 5.95247 5.78321 846.67870
7281.71258 178.74477 5.95591 5.78650 847.44716
7282.37472 179.74895 5.99545 5.81901 853.85968
7282.64132 180.16506 6.00780 5.83248 856.29647
7283.00276 180.75314 6.02140 5.85152 859.24939
7283.41822 181.75732 6.05247 5.88403 860.52241
7283.64182 182.28688 6.07149 5.90117 861.34441
7283.89322 182.76151 6.09002 5.91654 862.83703
7284.39016 183.76569 6.11560 5.94905 865.54736
7284.64232 184.25077 6.13010 5.96475 867.15028
7285.03617 184.76987 6.14814 5.98156 871.80852
7285.58192 185.77406 6.18319 6.01406 875.83678
7285.64282 185.88464 6.18557 6.01764 876.30675
7286.08137 186.77824 6.20828 6.04657 878.86500
7286.42447 187.78243 6.24382 6.07908 878.43951
7286.64332 188.40218 6.26821 6.09914 878.40311
7286.84985 188.78661 6.27986 6.11159 880.03735
7287.27103 189.79079 6.30805 6.14410 881.66406
7287.59943 190.79498 6.33499 6.17661 882.11332
7287.64382 190.90773 6.33918 6.18026 882.24399
7288.04971 191.79916 6.37232 6.20911 884.56655
7288.43241 192.80335 6.40519 6.24162 885.58657
7288.64432 193.30749 6.41764 6.25794 886.61110
7289.01317 193.80753 6.42913 6.27413 891.32162
7289.53231 194.81172 6.46346 6.30664 895.59568
7289.64482 195.03800 6.47187 6.31397 896.28406
7290.15735 195.81590 6.49238 6.33915 900.75301
7290.64532 196.73221 6.51606 6.36881 904.32879
7290.73938 196.82008 6.51760 6.37166 905.81375
7291.33403 197.82427 6.54853 6.40417 912.17811
7291.64582 198.70717 6.57419 6.43275 913.66833
7292.12524 197.82427 6.53061 6.40417 929.39485
