7286.84224 215.33463 7.12962 6.97103 838.30140
7286.77101 214.49555 7.10325 6.94386 840.50799
7287.12974 215.58694 7.13848 6.97920 842.78492
7286.65698 214.84613 7.11366 6.95521 836.81016
7286.13534 213.11069 7.05749 6.89903 834.18897
7285.89554 212.08265 7.02494 6.86575 834.16151
7286.09874 212.60538 7.04173 6.88267 835.75276
7285.66169 211.76891 7.01457 6.85559 831.01464
7285.16918 210.27459 6.96684 6.80722 828.35766
7284.88870 209.22257 6.93306 6.77316 827.98569
7285.10328 209.81547 6.95228 6.79236 829.29511
7284.55139 208.60228 6.91243 6.75308 824.45584
7284.14552 207.23565 6.87272 6.70884 822.71512
7283.86254 206.25211 6.84121 6.67700 822.30680
7284.23828 207.16561 6.87094 6.70657 824.93941
7283.52829 205.81840 6.82643 6.66296 817.88306
7282.99014 204.18964 6.77392 6.61023 816.00957
7282.88748 203.67023 6.75774 6.59342 816.86660
7283.03848 204.13637 6.77251 6.60851 817.30446
7282.43167 202.92139 6.73352 6.56917 811.83601
7282.09210 202.08620 6.70641 6.54214 809.74996
7281.97727 201.92244 6.70082 6.53684 808.32236
7281.38307 200.49536 6.65474 6.49064 804.57482
7281.04123 199.32908 6.61774 6.45288 804.97898
7281.07864 199.43087 6.62104 6.45618 805.07306
7280.72544 198.69592 6.59901 6.43238 802.82334
7280.27418 197.43129 6.56020 6.39144 802.55299
7279.93554 196.40586 6.52786 6.35825 802.23996
7280.30334 197.21923 6.55381 6.38458 804.57923
7279.57198 195.92906 6.51199 6.34281 797.50884
7279.05310 194.55195 6.46755 6.29823 795.99688
7279.21107 194.89826 6.47893 6.30944 796.93109
7278.67141 193.89222 6.44592 6.27687 792.44220
7278.16912 192.63446 6.40583 6.23616 790.54413
7278.07979 192.40368 6.39844 6.22868 790.30429
7277.76290 191.73909 6.37689 6.20717 788.29618
7277.31343 190.58905 6.33981 6.16994 787.20485
7277.01608 189.81045 6.31802 6.14473 785.81662
7277.14152 190.11402 6.32637 6.15456 786.60565
7276.57534 189.02079 6.29259 6.11917 782.07335
7276.16913 188.17851 6.26509 6.09190 779.69188
7276.05324 187.97737 6.25842 6.08539 778.71403
7275.53286 186.88030 6.22297 6.04988 775.89131
7275.10746 185.94854 6.19321 6.01971 773.95802
7275.10692 185.96376 6.19366 6.02020 773.81847
7274.53511 184.77148 6.15473 5.98161 770.79096
7274.07621 183.62044 6.11827 5.94434 770.16450
7274.12683 183.73453 6.12190 5.94804 770.33981
7273.69315 182.83984 6.09326 5.91907 768.15230
7273.24026 181.80505 6.06023 5.88558 766.52585
7273.22891 181.78381 6.05961 5.88489 766.41719
7272.76412 180.92991 6.03417 5.85724 762.51273
7272.27208 179.81988 5.99900 5.82131 762.52749
7272.22001 179.72290 5.99584 5.81817 762.39756
7271.77504 178.89046 5.96857 5.79122 760.75822
7271.30200 177.80831 5.93401 5.75619 759.73911
7271.23129 177.67626 5.92977 5.75191 759.27181
7270.81070 176.90444 5.90472 5.72693 756.61603
7270.32775 175.81550 5.86935 5.69168 755.77886
7270.23000 175.62401 5.86310 5.68548 755.33491
7269.79910 174.83149 5.83749 5.65982 752.81017
7269.35079 173.75404 5.80326 5.62494 752.82720
7269.23152 173.52949 5.79578 5.61767 752.24821
7268.91461 172.96628 5.77700 5.59944 750.38926
7268.43623 171.95901 5.74788 5.56683 747.98028
7268.36202 171.83679 5.74405 5.56287 747.38443
7267.92629 171.14219 5.72077 5.54039 744.09299
7267.35595 170.04069 5.68473 5.50473 741.74314
7267.28665 169.93394 5.68117 5.50127 741.17059
7266.74747 168.96154 5.64970 5.46979 738.30408
7266.22873 167.86312 5.61402 5.43423 737.45446
7266.33586 168.06826 5.62081 5.44087 737.85791
7265.75364 167.09376 5.58852 5.40933 734.10881
7265.17363 165.95262 5.55177 5.37238 732.38092
7265.21038 166.02469 5.55411 5.37472 732.49168
7264.66274 164.99102 5.52015 5.34125 730.49695
7264.20310 164.09469 5.49174 5.31224 728.94499
7264.16071 164.03008 5.48985 5.31015 728.49116
7263.60579 162.97666 5.45793 5.27604 725.71144
7263.22656 162.23393 5.43354 5.25200 725.78633
7263.17631 162.17015 5.43143 5.24993 725.48720
7262.59158 161.14220 5.39828 5.21666 724.57319
7262.31024 160.65476 5.38246 5.20088 723.26248
7261.96637 160.06367 5.36274 5.18174 721.40865
7261.45034 159.09168 5.33090 5.15027 720.05479
7261.38757 159.01676 5.32835 5.14785 719.34973
7260.78583 158.01510 5.29549 5.11542 716.21327
7260.21939 156.85769 5.25777 5.07795 716.15621
7260.27711 156.97431 5.26156 5.08173 716.16565
7259.78304 156.09927 5.23315 5.05340 714.42188
7259.30170 155.24704 5.20487 5.02581 712.96191
7259.37842 155.38216 5.20933 5.03019 713.22874
7258.74401 154.41341 5.17949 4.99883 707.77640
7258.45472 154.00249 5.16633 4.98552 705.21923
7257.91406 153.13839 5.13760 4.95755 702.44212
7257.31692 152.05710 5.10189 4.92254 701.08264
7257.35715 152.13332 5.10437 4.92501 701.12035
7256.80046 151.21339 5.07410 4.89523 698.71384
7256.38755 150.53501 5.05164 4.87327 696.97398
7256.18879 150.23293 5.04144 4.86349 695.81019
7255.56939 149.20370 5.00729 4.83017 693.33907
7255.31633 148.79345 4.99377 4.81689 692.11319
7254.94585 148.14112 4.97232 4.79577 691.63144
7254.37076 147.18481 4.94086 4.76481 691.96219
7254.34394 147.14373 4.93949 4.76348 691.89487
7253.77120 146.18734 4.91006 4.73252 689.79973
7253.40206 145.58582 4.89147 4.71305 687.41859
7253.18184 145.25645 4.88011 4.70239 686.23709
7252.55894 144.24551 4.84640 4.66966 684.22276
7252.44063 144.07243 4.84064 4.66406 683.52602
7251.95916 143.32760 4.81580 4.63994 681.37184
7251.47592 142.60080 4.79112 4.61642 678.95147
7251.25092 142.27021 4.78010 4.60571 677.68783
7250.63705 141.28789 4.74743 4.57391 675.68602
7250.55523 141.18211 4.74378 4.57049 675.02775
7249.96029 140.34283 4.71512 4.54332 671.30977
7249.38550 139.42478 4.68487 4.51360 669.60643
7249.29513 139.28027 4.68005 4.50892 669.35967
7248.68884 138.34508 4.64853 4.47865 667.06040
7248.50769 138.10369 4.64023 4.47083 665.81045
7247.98731 137.32542 4.61438 4.44564 663.49144
7247.47632 136.55070 4.59109 4.42056 659.83265
7247.32108 136.33451 4.58384 4.41356 658.83731
7246.66007 135.32924 4.54986 4.38101 656.74054
7246.53055 135.14859 4.54381 4.37517 655.96824
7246.03259 134.43586 4.51947 4.35209 653.25058
7245.54998 133.76262 4.49680 4.33030 651.84062
7245.26357 133.35237 4.48314 4.31702 651.63621
7244.59441 132.35718 4.44980 4.28480 650.51738
7244.46289 132.17799 4.44358 4.27900 649.68417
7243.86867 131.26772 4.41296 4.24953 648.02081
7243.47429 130.66232 4.39279 4.22993 647.26918
7243.27876 130.38980 4.38339 4.22111 646.33288
7242.58570 129.38825 4.34913 4.18869 643.87435
7242.62506 129.44759 4.35121 4.19061 643.92130
7241.96639 128.56810 4.32240 4.16214 639.32926
7241.69937 128.24170 4.31235 4.15157 636.36885
7241.19316 127.58985 4.29033 4.13047 632.71099
7240.66922 126.91832 4.26714 4.10873 629.47190
7240.28264 126.40696 4.24955 4.09217 627.28797
7239.56238 125.36484 4.21410 4.05844 625.21354
7239.63260 125.46561 4.21750 4.06170 625.42588
7238.94762 124.55737 4.18627 4.03230 621.83372
7238.63508 124.17062 4.17278 4.01978 619.69573
7238.10524 123.44361 4.14779 3.99624 617.60939
7237.60033 122.74963 4.12406 3.97377 615.33519
7237.27614 122.31646 4.10914 3.95975 614.20374
7236.60254 121.29386 4.07509 3.92665 616.74780
7236.65925 121.38682 4.07813 3.92966 616.37329
7236.03162 120.56822 4.05009 3.90315 614.13984
7235.71877 120.18286 4.03633 3.89068 612.00439
7235.23145 119.57032 4.01548 3.87085 608.85525
7234.66742 118.84223 3.99298 3.84728 604.16306
7234.36024 118.44387 3.97916 3.83438 602.66185
7233.61779 117.41783 3.94367 3.80117 600.80855
7233.92989 117.79878 3.95677 3.81350 602.81477
7233.06310 116.85814 3.92345 3.78305 594.76574
7232.75070 116.50498 3.91087 3.77162 592.25003
7232.05265 115.63786 3.88066 3.74354 588.44437
7231.77588 115.31520 3.86922 3.73310 586.51132
7231.17829 114.58675 3.84356 3.70952 583.04184
7230.63655 113.88936 3.81919 3.68694 580.79469
7230.38210 113.54087 3.80717 3.67566 580.26946
7229.73482 112.73606 3.77879 3.64960 577.05656
7229.64146 112.62963 3.77501 3.64616 576.36294
7228.82033 111.62282 3.73936 3.61357 572.34909
7228.78086 111.58006 3.73779 3.61218 572.00912
7228.02939 110.67732 3.70811 3.58296 565.98746
7227.81418 110.43761 3.70056 3.57520 564.57444
7227.15071 109.64838 3.67304 3.54965 563.41203
7226.75904 109.17444 3.65618 3.53430 561.33254
7226.32603 108.64909 3.63753 3.51730 558.92011
7225.80581 108.03587 3.61568 3.49745 556.12383
7225.57573 107.76476 3.60603 3.48867 554.86374
7224.92379 107.04941 3.58004 3.46551 549.83430
7224.69686 106.80381 3.57118 3.45756 547.95051
7223.92534 105.95676 3.54050 3.43014 542.13680
7223.62238 105.62120 3.52826 3.41928 539.97314
7222.78094 104.58756 3.49130 3.38581 536.64585
7222.86199 104.68609 3.49486 3.38900 536.97297
7222.02595 103.73592 3.46032 3.35824 531.72961
7221.85355 103.54888 3.45352 3.35219 530.43456
7221.12315 102.70655 3.42282 3.32492 526.27344
7220.88423 102.44055 3.41289 3.31631 524.89816
7220.27054 101.75295 3.38873 3.29405 520.00481
7219.89865 101.34434 3.37552 3.28082 515.54880
7219.39569 100.78261 3.35580 3.26264 512.95143
7218.97076 100.33058 3.33911 3.24800 511.91853
7218.47338 99.80344 3.31974 3.23094 509.10022
7217.92707 99.20637 3.29760 3.21161 504.83461
7217.53160 98.77740 3.28154 3.19772 502.05955
7216.92707 98.11622 3.25707 3.17632 498.02761
7216.67114 97.83899 3.24674 3.16734 496.19239
7216.03929 97.18301 3.22197 3.14611 490.95332
7215.70784 96.85686 3.20967 3.13555 487.77807
7214.94886 96.04960 3.17929 3.10941 481.99798
7214.69663 95.77109 3.16875 3.10040 480.42266
7213.96499 94.98040 3.13916 3.07480 475.36730
7213.89792 94.91781 3.13678 3.07277 474.61458
7213.04145 94.06086 3.10390 3.04503 466.90819
7212.88685 93.88888 3.09729 3.03946 466.21576
7212.06314 93.06962 3.06823 3.01294 456.56168
7211.84428 92.84000 3.06059 3.00551 453.95037
7211.03509 92.00238 3.02955 2.97839 446.92757
7211.03782 92.01075 3.02985 2.97866 446.79902
7210.15412 91.17961 2.99800 2.95176 438.35508
7209.93013 90.95321 2.98966 2.94443 437.38393
7209.12319 90.17996 2.96033 2.91940 430.89327
7208.86349 89.91727 2.95034 2.91089 428.34731
7208.09701 89.16670 2.92257 2.88659 420.91731
7207.79208 88.86099 2.91105 2.87670 418.13862
7207.10023 88.15269 2.88514 2.85377 412.39908
7206.95446 88.03457 2.88106 2.84994 410.22421
7206.08006 87.21468 2.85230 2.82340 400.64948
7205.79362 86.88630 2.84145 2.81277 399.00813
7205.15626 86.29076 2.82283 2.79349 392.06249
7204.79699 85.93897 2.81329 2.78210 388.57721
7204.16403 85.33200 2.80035 2.76245 381.96696
7203.75605 84.95249 2.79216 2.75017 377.60063
7203.09923 84.31314 2.77271 2.72947 371.20896
7202.80556 84.01549 2.76105 2.71983 367.63750
7202.17494 83.46660 2.75232 2.70206 358.53631
7201.52322 82.80033 2.76918 2.68050 354.54838
7200.94270 82.19545 2.77822 2.66091 351.71066
7200.35448 81.53583 2.70224 2.63956 347.46710
7199.70987 80.73226 2.63907 2.61355 344.72323
7199.35228 80.28683 2.60519 2.59913 343.20135
7198.58249 79.20790 2.44617 2.56420 342.11573
7198.35708 78.86800 2.43831 2.55319 342.22995
7197.80611 77.97774 2.42505 2.52437 343.58097
7197.40409 77.35367 2.40814 2.50417 343.40844
7197.01573 76.73698 2.39235 2.48421 343.19483
7196.49599 75.74198 2.36325 2.45200 345.94836
7196.22805 75.32549 2.35262 2.43851 344.34453
7195.74459 74.35119 2.32412 2.40697 347.04406
7195.30014 73.30369 2.29114 2.37306 352.82111
7195.09954 72.87058 2.27728 2.35904 354.80457
7194.85657 72.39412 2.26221 2.34361 356.34980
7194.41953 71.40399 2.23107 2.31156 361.74070
7194.11541 70.80402 2.21220 2.29214 363.87362
7193.84947 70.23209 2.19421 2.27362 366.80025
7193.47621 69.31222 2.16529 2.24384 373.30643
7193.10996 68.56273 2.14228 2.21958 376.73355
7192.95967 68.25353 2.13268 2.20957 378.31068
7192.57229 67.32767 2.10390 2.17960 385.37313
7192.14970 66.45438 2.07727 2.15133 391.50980
7192.21599 66.58562 2.08085 2.15558 390.87195
7191.73440 65.71077 2.05714 2.12725 393.12449
7191.28575 64.92669 2.03272 2.10187 395.19091
7191.40641 65.12301 2.03888 2.10823 394.94224
7190.73429 64.16409 2.00921 2.07718 393.81691
7190.69421 64.11520 2.00769 2.07560 393.62018
7190.11972 63.40800 1.98566 2.05271 391.01573
7189.82036 63.03832 1.97411 2.04074 389.70994
7189.45928 62.64650 1.96182 2.02806 387.27091
7189.07999 62.23700 1.94898 2.01480 384.73606
7188.69672 61.89588 1.93823 2.00376 381.01080
7188.09346 61.31583 1.91995 1.98498 376.19406
7187.61689 60.83788 1.90474 1.96950 372.92625
7187.19135 60.44513 1.89228 1.95679 369.56377
7186.63713 59.92811 1.87583 1.94005 365.51424
7186.28405 59.61684 1.86593 1.92998 362.66604
7185.57255 58.98825 1.84596 1.90963 357.22937
7185.50526 58.92363 1.84389 1.90753 356.83598
7184.55677 58.19900 1.82075 1.88408 348.25402
7184.31710 58.00380 1.81500 1.87776 346.18224
7183.32063 57.13979 1.79059 1.84979 340.09308
7183.29262 57.11290 1.78975 1.84892 339.95666
7182.46019 56.44930 1.76823 1.82743 333.74624
7182.09562 56.15029 1.75865 1.81775 331.26558
7181.67804 55.82966 1.74854 1.80737 328.15230
7180.87536 55.28079 1.73100 1.78960 321.36216
7180.25841 54.77819 1.71482 1.77333 317.41847
7179.32079 53.93014 1.68744 1.74588 312.69162
7179.52784 54.10504 1.69310 1.75154 313.88353
7178.54336 53.34379 1.66844 1.72690 307.41143
7178.48848 53.29988 1.66703 1.72548 307.08228
7177.73342 52.78223 1.65048 1.70872 301.47765
7176.97840 52.24739 1.63334 1.69140 296.25795
7176.62592 51.97949 1.62476 1.68273 294.08553
7175.64441 51.26561 1.60190 1.65962 287.77609
7175.47868 51.14023 1.59789 1.65556 286.72069
7174.49557 50.37338 1.57335 1.63074 282.19106
7174.21512 50.14516 1.56603 1.62335 281.18262
7173.48332 49.58904 1.54814 1.60535 276.98423
7172.67802 48.91654 1.52621 1.58358 273.03981
7172.15391 48.41023 1.51183 1.56718 270.46048
7171.54944 47.85251 1.49493 1.54913 267.55339
7171.27979 47.59900 1.48635 1.54092 266.53893
7170.55635 46.97779 1.46536 1.52081 263.23611
7170.52173 46.94293 1.46420 1.51968 263.11971
7169.55687 46.20941 1.43950 1.49594 257.78109
7169.57320 46.21926 1.43984 1.49626 257.89295
7168.58956 45.50676 1.41578 1.47319 252.29639
7168.11276 45.12587 1.40290 1.46086 249.92556
7167.90413 44.95007 1.39693 1.45517 248.98589
7167.12714 44.51756 1.38233 1.44117 243.70063
7167.16104 44.53608 1.38295 1.44177 243.93807
7166.09174 43.94326 1.36331 1.42258 237.48335
7165.34724 43.49374 1.34843 1.40802 233.68158
7165.06567 43.35105 1.34376 1.40340 231.72889
7163.95632 42.68110 1.32185 1.38172 225.37096
7163.30196 42.25401 1.30786 1.36789 221.93692
7162.52939 41.68524 1.28907 1.34948 218.36567
7161.67834 41.00464 1.26637 1.32744 214.82569
7161.30574 40.67352 1.25505 1.31672 213.50784
7160.47242 39.95981 1.23305 1.29362 209.92312
7160.34339 39.85558 1.23004 1.29024 209.29724
7159.33669 38.99435 1.20163 1.26236 205.21696
7159.61440 39.21049 1.20931 1.26936 206.37610
7158.79529 38.62525 1.18875 1.25042 202.67211
7158.61117 38.51817 1.18508 1.24695 201.72021
7158.54377 38.48641 1.18401 1.24592 201.33482
7157.51015 38.04699 1.16893 1.23170 195.23377
7156.55557 37.57496 1.15267 1.21641 190.98912
7156.02389 37.27329 1.14237 1.20665 188.52038
7155.01047 36.66575 1.12185 1.18698 183.89863
7154.66555 36.45952 1.11484 1.18030 182.36236
7154.09196 36.13375 1.10379 1.16976 179.77973
7153.08853 35.55572 1.08427 1.15105 175.43355
7153.12689 35.57388 1.08488 1.15163 175.61087
7152.29183 35.15072 1.07063 1.13793 171.90204
7151.24345 34.60562 1.05226 1.12029 167.45795
7150.94198 34.43249 1.04647 1.11468 166.25631
7150.05407 33.91072 1.02902 1.09779 162.81191
7149.25685 33.44800 1.01355 1.08281 159.74302
7149.17808 33.40160 1.01200 1.08131 159.43830
7148.16467 32.85289 0.99364 1.06355 156.02164
7147.55207 32.50678 0.98210 1.05234 153.88281
7147.41875 32.43799 0.97980 1.05012 153.36970
7146.39086 31.95962 0.96378 1.03463 149.50200
7145.52995 31.51644 0.94868 1.02028 146.46427
7145.17242 31.30902 0.94184 1.01357 145.24516
7144.24524 30.81236 0.92691 0.99749 142.02181
7143.71121 30.54101 0.91916 0.98870 140.18724
7143.25404 30.29485 0.91157 0.98074 138.68113
7142.21335 29.75674 0.89353 0.96331 135.35877
7141.66920 29.44481 0.88279 0.95322 133.66662
7140.85116 28.97095 0.86686 0.93788 131.16459
7139.73311 28.19458 0.84049 0.91274 127.79318
7140.02641 28.37844 0.84679 0.91870 128.67410
7139.39977 27.99399 0.83364 0.90625 126.88173
7138.80845 27.78934 0.82666 0.89962 125.37344
7139.08649 27.88478 0.82991 0.90271 126.07995
7138.16310 27.60748 0.82044 0.89374 123.52625
7136.97668 27.26238 0.80910 0.88257 120.32415
7135.74369 26.79205 0.79369 0.86734 117.13518
7135.67935 26.76017 0.79264 0.86631 116.96777
7134.63269 26.36328 0.77988 0.85346 114.40126
7133.38445 25.79125 0.76141 0.83494 111.35575
7132.66000 25.39601 0.74847 0.82215 109.55700
7131.92225 24.94688 0.73388 0.80761 107.68472
7130.90870 24.30597 0.71269 0.78686 105.10871
7130.88409 24.28857 0.71212 0.78629 105.04632
7130.18298 23.83026 0.69686 0.77146 103.35201
7129.78050 23.67889 0.69181 0.76656 102.48495
7130.21315 23.82181 0.69658 0.77118 103.38392
7129.39513 23.61012 0.68958 0.76433 101.77688
7128.27320 23.35688 0.68135 0.75613 99.78760
7126.94623 22.94487 0.66793 0.74279 97.36371
7126.24202 22.65644 0.65907 0.73346 96.00420
7125.37709 22.27289 0.64856 0.72104 94.38119
7124.17161 21.64819 0.63022 0.70082 91.93147
7123.45115 21.20149 0.61521 0.68636 90.19731
7123.09103 20.92106 0.60592 0.67728 89.19341
7122.46475 20.63930 0.59684 0.66816 87.97922
7122.94330 20.83009 0.60294 0.67433 88.84359
7122.10284 20.56353 0.59453 0.66570 87.50762
7120.99064 20.23340 0.58389 0.65502 85.94448
7119.80022 19.79882 0.56986 0.64095 84.00925
7119.45284 19.65311 0.56523 0.63623 83.40182
7118.48806 19.23739 0.55198 0.62277 81.69418
7117.40551 18.72093 0.53506 0.60605 79.63310
7117.12826 18.58888 0.53069 0.60178 79.10731
7116.49804 18.29693 0.52127 0.59233 77.93291
7115.59600 17.89468 0.50842 0.57930 76.31769
7115.18793 17.73389 0.50329 0.57410 75.65329
7115.43867 17.79248 0.50506 0.57600 75.92909
7114.58909 17.63996 0.50062 0.57106 75.15737
7113.36936 17.38113 0.49304 0.56268 73.96885
7112.16741 17.04836 0.48312 0.55191 72.59049
7111.42276 16.82129 0.47662 0.54456 71.65075
7110.64648 16.55254 0.46850 0.53586 70.57242
7109.43479 16.01491 0.45155 0.51845 68.46746
7108.44695 15.52680 0.43628 0.50265 66.55543
7108.73249 15.64755 0.43998 0.50656 67.03379
7107.91795 15.33560 0.43048 0.49646 65.79927
7106.90592 15.01887 0.42073 0.48621 64.54639
7105.99192 14.65324 0.40920 0.47437 63.10256
7105.74999 14.54239 0.40567 0.47078 62.66205
7104.97903 14.25714 0.39674 0.46155 61.52048
7104.25393 14.04367 0.39004 0.45464 60.64643
7103.63269 13.90139 0.38578 0.45003 60.05960
7103.47351 13.85907 0.38451 0.44866 59.88806
7102.38459 13.62547 0.37800 0.44110 58.94824
7101.15547 13.29767 0.36951 0.43049 57.70685
7100.11954 12.97266 0.36186 0.41996 56.53070
7099.69441 12.85959 0.35924 0.41630 56.10940
7099.35922 12.76697 0.35721 0.41331 55.77247
7098.38397 12.53958 0.35181 0.40594 54.86606
7097.18098 12.24025 0.34364 0.39625 53.56934
7096.03749 11.87420 0.33303 0.38440 51.93136
7096.15051 11.89957 0.33365 0.38522 52.04281
7095.59722 11.78434 0.33090 0.38149 51.52807
7094.72051 11.62437 0.32712 0.37632 50.79868
7093.73917 11.47419 0.32422 0.37145 50.10468
7092.62331 11.27955 0.32018 0.36515 49.19368
7091.48021 11.04892 0.31503 0.35769 48.08411
7090.72746 10.86395 0.31074 0.35170 47.18678
7090.47689 10.78795 0.30882 0.34924 46.81881
7089.66239 10.63112 0.30589 0.34416 46.02483
7088.51190 10.43672 0.30293 0.33787 45.00815
7087.15334 10.08985 0.29568 0.32664 43.22825
7086.17086 9.76940 0.28776 0.31626 41.61313
0.00000 0.00000 0.00000 0.00000 0.00000
