7288.89643 238.99582 7.87963 7.73701 949.38327
7288.67646 237.99163 7.84544 7.70450 949.56259
7288.64432 237.87352 7.84139 7.70068 949.46776
7288.26283 236.98745 7.81413 7.67199 945.75587
7288.02172 235.98326 7.78079 7.63949 945.70187
7287.84504 234.97908 7.74656 7.60698 947.22626
7287.64382 234.09475 7.71889 7.57835 947.36548
7287.52396 233.97490 7.71798 7.57447 945.28115
7287.02777 232.97071 7.69070 7.54196 939.59215
7286.79132 231.96653 7.65517 7.50945 940.09252
7286.64332 231.36793 7.63535 7.49007 940.24260
7286.46888 230.96234 7.62423 7.47694 938.75642
7286.11437 229.95816 7.59489 7.44444 936.79812
7285.84126 228.95397 7.56081 7.41193 936.69741
7285.64282 228.28549 7.53752 7.39029 936.34225
7285.47434 227.94979 7.52708 7.37942 934.59555
7285.11908 226.94561 7.49657 7.34691 932.81523
7284.85674 225.94142 7.46377 7.31440 933.41999
7284.64232 225.09644 7.43933 7.28705 933.31905
7284.56926 224.93724 7.43493 7.28189 932.63265
7284.14322 223.93305 7.40207 7.24938 929.57119
7283.85104 222.92887 7.36807 7.21688 929.60812
7283.64182 222.31980 7.34963 7.19716 928.94299
7283.45310 221.92469 7.33969 7.18437 927.33949
7283.10383 220.92050 7.30746 7.15186 926.28142
7282.77607 219.91632 7.27239 7.11935 925.78052
7282.64132 219.55904 7.25989 7.10778 925.19438
7282.35023 218.91213 7.24148 7.08684 923.10203
7282.03543 217.90795 7.21014 7.05433 923.16036
7281.73010 216.90377 7.17571 7.02183 923.36903
7281.64082 216.62088 7.16657 7.01267 923.24994
7281.32888 215.89958 7.14685 6.98932 920.67115
7280.94334 214.89540 7.11325 6.95681 920.14704
7280.64032 214.17286 7.09162 6.93342 919.51051
7280.50463 213.89121 7.08381 6.92430 918.93197
7280.13075 212.88703 7.05013 6.89179 918.35258
7279.77804 211.88285 7.01469 6.85928 917.85778
7279.63982 211.55303 7.00444 6.84861 917.14247
7279.31820 210.87866 6.98580 6.82677 914.87035
7278.97174 209.87448 6.95421 6.79427 914.91948
7278.63932 208.93269 6.92119 6.76378 914.80907
7278.60972 208.87029 6.91902 6.76176 914.62909
7278.19265 207.86611 6.88691 6.72925 912.65405
7277.86984 206.86192 6.85759 6.69674 912.86913
7277.63882 206.28242 6.83989 6.67798 912.38014
7277.43850 205.85774 6.82703 6.66423 911.17536
7277.05796 204.85356 6.79111 6.63172 910.74116
7276.66683 203.84937 6.75785 6.59922 910.10994
7276.63832 203.78334 6.75597 6.59708 910.00590
7276.22743 202.84519 6.72892 6.56671 908.35052
7275.86925 201.84100 6.69374 6.53420 908.77362
7275.63782 201.29086 6.67368 6.51639 908.14885
7275.41569 200.83682 6.65965 6.50169 906.83888
7275.01659 199.83264 6.62953 6.46918 906.37569
7274.63732 198.82879 6.59659 6.43668 906.33393
7274.63715 198.82845 6.59658 6.43667 906.33241
7274.21404 197.82427 6.56517 6.40417 904.48854
7273.80836 196.82008 6.53230 6.37166 904.35575
7273.63682 196.44600 6.52201 6.35955 903.68639
7273.32673 195.81590 6.50401 6.33915 901.94417
7272.92101 194.81172 6.46812 6.30664 901.59814
7272.63632 194.20111 6.44707 6.28687 900.84100
7272.42157 193.80753 6.43574 6.27413 899.99933
7271.97504 192.80335 6.40368 6.24162 900.59995
7271.63582 192.05150 6.37818 6.21728 900.18510
7271.51294 191.79916 6.36965 6.20911 899.62387
7271.07227 190.79498 6.33511 6.17661 898.71314
7270.69598 189.79079 6.30766 6.14410 898.68672
7270.63532 189.66055 6.30411 6.13988 898.36487
7270.21138 188.78661 6.27537 6.11159 896.88534
7269.76402 187.78243 6.24006 6.07908 896.18514
7269.63482 187.53100 6.23307 6.07094 895.54868
7269.27425 186.77824 6.21123 6.04657 894.46738
7268.86236 185.77406 6.17619 6.01406 895.05621
7268.63432 185.30447 6.15927 5.99886 894.34106
7268.36045 184.76987 6.14250 5.98156 893.08180
7267.92893 183.76569 6.11063 5.94905 893.37470
7267.63382 183.14130 6.09130 5.92883 892.79248
7267.43201 182.76151 6.07811 5.91654 891.83889
7266.97847 181.75732 6.04403 5.88403 891.24540
7266.63332 181.01655 6.02523 5.86005 889.75877
7266.50364 180.75314 6.01787 5.85152 889.46316
7266.04374 179.74895 5.98258 5.81901 889.37198
7265.63282 178.96185 5.95643 5.79353 887.76297
7265.50968 178.74477 5.94987 5.78650 887.04140
7265.04893 177.74059 5.91927 5.75400 887.07930
7264.63232 176.84992 5.88766 5.72516 887.04008
7264.57088 176.73640 5.88381 5.72149 886.79716
7264.07046 175.73222 5.85004 5.68898 885.72236
7263.63182 174.83633 5.82352 5.65998 885.01552
7263.56771 174.72803 5.82034 5.65647 884.68889
7263.00862 173.72385 5.78489 5.62396 884.21420
7262.63132 173.11864 5.76451 5.60437 883.02984
7262.41039 172.71967 5.75422 5.59145 881.93166
7261.98875 171.71548 5.72521 5.55895 882.05230
7261.63082 171.00982 5.69958 5.53610 881.69416
7261.46352 170.71130 5.68969 5.52644 881.03435
7260.95912 169.70711 5.65752 5.49393 880.70724
7260.63032 169.10512 5.64011 5.47444 879.67527
7260.40940 168.70293 5.62631 5.46142 879.00680
7259.90639 167.69874 5.59039 5.42891 878.93349
7259.62981 167.21807 5.57624 5.41335 877.83069
7259.33475 166.69456 5.56195 5.39640 876.80306
7258.82616 165.69038 5.52585 5.36389 876.75445
7258.62931 165.35136 5.51469 5.35292 875.97080
7258.25955 164.68619 5.49329 5.33139 875.14220
7257.77979 163.68201 5.46543 5.29888 874.78633
7257.62881 163.41744 5.45774 5.29031 873.93471
7257.22740 162.67782 5.42958 5.26637 873.54583
7256.67403 161.67364 5.39974 5.23386 872.52542
7256.62831 161.59670 5.39760 5.23137 872.36265
7256.11905 160.66946 5.36686 5.20135 871.69443
7255.62781 159.81647 5.33652 5.17374 870.38794
7255.53561 159.66527 5.33256 5.16884 869.91591
7254.98317 158.66109 5.30152 5.13634 869.57191
7254.62731 158.06431 5.28002 5.11702 869.91786
7254.36319 157.65690 5.26522 5.10383 869.58546
7253.77259 156.65272 5.23431 5.07132 868.86949
7253.62681 156.42200 5.22820 5.06385 868.12900
7253.17122 155.64854 5.20094 5.03881 867.05908
7252.62631 154.69272 5.17158 5.00787 865.53921
7252.59816 154.64435 5.17048 5.00630 865.36066
7252.07515 153.64017 5.14053 4.97379 865.74765
7251.62581 152.90721 5.11330 4.95007 864.35957
7251.45445 152.63598 5.10442 4.94128 863.70835
7250.88789 151.63180 5.07314 4.90878 863.86052
7250.62531 151.19505 5.06035 4.89464 863.34081
7250.27269 150.62762 5.04024 4.87627 862.34073
7249.66479 149.62343 5.00734 4.84376 861.26926
7249.62481 149.56521 5.00609 4.84187 861.04515
7249.07231 148.61925 4.97421 4.81125 860.87783
7248.62431 147.92405 4.95090 4.78875 859.41068
7248.41843 147.61506 4.94154 4.77874 858.46719
7247.84460 146.61088 4.91008 4.74623 859.18508
7247.62381 146.21757 4.89709 4.73350 858.56753
7247.28096 145.60669 4.87702 4.71373 857.95236
7246.64751 144.60251 4.84581 4.68122 857.03973
7246.62331 144.56566 4.84477 4.68002 856.95497
7246.00845 143.59833 4.81305 4.64871 855.53439
7245.62281 143.05739 4.79349 4.63120 854.33466
7245.28722 142.59414 4.78107 4.61620 853.99349
7244.62231 141.61836 4.74762 4.58461 853.19100
7244.60339 141.58996 4.74657 4.58369 853.12244
7243.98558 140.58577 4.71338 4.55118 852.87352
7243.62181 140.04607 4.69813 4.53371 851.90388
7243.31219 139.58159 4.68329 4.51867 851.17139
7242.65211 138.57741 4.64803 4.48617 849.99548
7242.62131 138.53530 4.64726 4.48480 849.84205
7241.99339 137.57322 4.61703 4.45366 849.29948
7241.62081 136.96495 4.59678 4.43397 848.38496
7241.37990 136.56904 4.58536 4.42115 847.70601
7240.73744 135.56485 4.55419 4.38864 847.91672
7240.62031 135.39883 4.54906 4.38327 847.53053
7240.05336 134.56067 4.51666 4.35613 846.62211
7239.61981 133.93312 4.50095 4.33582 845.67991
7239.35630 133.55649 4.48918 4.32362 845.03519
7238.67411 132.55230 4.45249 4.29112 844.16975
7238.61931 132.48100 4.45055 4.28881 843.89025
7238.01036 131.54812 4.42158 4.25861 844.31489
7237.61881 131.00645 4.40458 4.24107 842.86833
7237.24604 130.54393 4.38667 4.22610 840.92442
7236.61831 129.70311 4.36174 4.19888 841.81842
7236.50119 129.53975 4.35622 4.19359 842.09724
7235.84158 128.53556 4.31953 4.16108 841.93728
7235.61781 128.23794 4.31387 4.15145 839.81228
7235.14295 127.53138 4.29214 4.12857 839.79605
7234.61731 126.81428 4.26902 4.10536 838.68375
7234.39849 126.52720 4.25816 4.09606 837.83348
7233.69981 125.52301 4.22837 4.06356 837.95170
7233.61681 125.40982 4.22510 4.05989 837.78960
7232.98471 124.51883 4.18727 4.03105 837.62118
7232.61631 124.04221 4.17589 4.01562 836.34695
7232.21005 123.51464 4.16198 3.99854 835.06257
7231.61581 122.74726 4.13552 3.97370 833.11234
7231.43856 122.51046 4.12715 3.96603 832.82036
7230.73692 121.50628 4.09574 3.93352 833.85414
7230.61531 121.34880 4.09047 3.92842 833.52519
7229.98434 120.50209 4.05625 3.90101 832.87514
7229.61481 120.01320 4.04469 3.88519 832.72789
7229.22455 119.49791 4.02969 3.86851 831.21190
7228.61431 118.66436 4.00278 3.84152 828.49430
7228.48306 118.49372 3.99843 3.83600 828.30669
7227.66956 117.48954 3.96668 3.80349 828.28272
7227.61381 117.42411 3.96441 3.80137 828.28567
7226.85937 116.48536 3.92834 3.77098 828.29281
7226.61331 116.18317 3.92237 3.76120 827.22843
7226.07036 115.48117 3.90059 3.73847 826.74988
7225.61281 114.93835 3.87658 3.72090 824.86263
7225.24040 114.47699 3.86927 3.70596 824.00265
7224.61231 113.72484 3.84178 3.68161 821.76081
7224.40066 113.47280 3.83014 3.67346 820.98534
7223.63240 112.46862 3.80338 3.64095 821.62603
7223.61181 112.44384 3.80270 3.64014 821.55687
7222.83398 111.46444 3.76502 3.60844 821.54278
7222.61131 111.17729 3.75533 3.59914 821.35758
7222.08486 110.46025 3.73909 3.57593 819.81203
7221.61081 109.91049 3.72027 3.55813 817.68477
7221.23680 109.45607 3.70075 3.54342 817.42233
7220.61031 108.69272 3.68516 3.51871 816.84503
7220.41076 108.45188 3.67534 3.51091 816.57338
7219.60980 107.45666 3.63922 3.47869 816.79037
7219.60109 107.44770 3.63909 3.47840 816.75183
7218.60930 106.46041 3.60110 3.44644 813.06758
7218.59451 106.44351 3.60038 3.44590 813.04574
7217.79690 105.43933 3.57201 3.41339 814.19602
7217.60880 105.22824 3.56404 3.40655 813.61809
7216.93177 104.43515 3.53381 3.38088 812.92425
7216.60830 104.06159 3.52249 3.36879 812.39991
7216.03623 103.43096 3.50737 3.34837 810.34256
7215.60780 102.95988 3.48526 3.33312 808.76318
7215.13960 102.42678 3.46886 3.31586 808.34460
7214.60730 101.79030 3.45731 3.29526 807.56577
7214.31287 101.42259 3.43735 3.28335 806.32501
7213.60680 100.61290 3.41931 3.25714 804.55632
7213.42859 100.41841 3.41741 3.25085 804.19503
7212.60630 99.52185 3.36821 3.22182 801.85559
7212.50830 99.41423 3.36698 3.21834 801.61091
7211.60580 98.42954 3.33657 3.18646 799.44406
7211.58809 98.41004 3.33540 3.18583 799.41953
7210.71493 97.40586 3.30347 3.15332 799.75851
7210.60530 97.28964 3.29958 3.14956 799.39770
7209.66173 96.40167 3.25907 3.12081 796.56892
7209.60480 96.34503 3.25756 3.11898 796.52758
7208.71860 95.39749 3.22483 3.08830 794.55884
7208.60430 95.27650 3.21873 3.08439 794.30825
7207.83589 94.39331 3.18662 3.05579 796.16821
7207.60380 94.15985 3.17892 3.04824 795.15004
7206.87833 93.38912 3.14525 3.02329 793.37259
7206.60330 93.06635 3.13417 3.01284 792.25902
7205.99288 92.38494 3.11556 2.99078 790.22683
7205.60280 91.98656 3.09639 2.97788 789.50426
7205.01379 91.38075 3.06731 2.95827 787.89024
7204.60230 90.99243 3.05717 2.94570 784.72838
7204.00289 90.37657 3.02428 2.92576 783.31793
7203.60180 89.96378 3.00567 2.91240 782.39131
7202.98511 89.37238 2.98635 2.89325 778.77234
7202.60130 88.98012 2.96362 2.88055 777.72631
7201.97551 88.36820 2.93513 2.86074 774.40409
7201.60080 88.01205 2.92201 2.84921 774.75101
7200.92774 87.36402 2.88987 2.82824 776.05344
7200.60030 87.04580 2.87548 2.81793 774.28094
7199.92631 86.35983 2.84624 2.79573 772.90556
7199.59980 86.03510 2.83047 2.78521 772.13474
7198.90206 85.35565 2.79564 2.76322 769.02700
7198.59930 85.07237 2.78259 2.75405 767.02231
7197.93068 84.35146 2.74687 2.73071 769.93990
7197.59880 84.02043 2.72660 2.71999 766.72965
7196.96802 83.34728 2.69163 2.69820 763.06881
7196.59830 82.96289 2.67613 2.68576 763.91086
7195.86235 82.34310 2.64711 2.66569 753.71043
7195.59780 82.09943 2.63218 2.65780 751.40754
7194.78550 81.33891 2.58173 2.63318 745.46596
7194.59730 81.16302 2.57391 2.62749 744.02217
7193.71454 80.33473 2.53709 2.60068 737.26962
7193.59680 80.23351 2.52931 2.59740 735.45252
7192.73615 79.33054 2.46501 2.56817 735.59804
7192.59630 79.18792 2.46046 2.56355 736.18587
7191.69154 78.32636 2.41773 2.53566 731.64277
7191.59580 78.23369 2.41416 2.53266 729.68961
7190.90480 77.32218 2.39472 2.50315 730.16340
7190.59530 76.95559 2.36943 2.49128 724.57658
7190.14948 76.31799 2.34649 2.47064 722.41891
7189.59480 75.34216 2.32680 2.43905 720.75099
7189.57493 75.31381 2.32557 2.43813 720.06697
7189.04657 74.30962 2.27830 2.40563 717.78451
7188.59430 73.44651 2.25217 2.37768 712.77673
7188.51468 73.30544 2.25114 2.37312 710.92548
7188.03519 72.30126 2.21197 2.34061 704.82220
7187.59380 71.47817 2.17320 2.31396 691.70763
7187.50026 71.29707 2.16646 2.30810 688.98532
7187.12602 70.29289 2.14057 2.27559 686.99352
7186.73451 69.28870 2.10778 2.24308 680.93850
7186.59330 68.98572 2.09466 2.23327 676.63441
7186.28793 68.28452 2.06066 2.21057 668.53198
7185.88950 67.28033 2.03282 2.17807 659.91206
7185.59280 66.62452 2.02128 2.15684 651.63408
7185.42448 66.27615 2.01584 2.14556 645.89428
7185.01917 65.27197 1.98655 2.11305 636.59933
7184.59230 64.49815 1.96504 2.08800 623.59259
7184.45105 64.26778 1.96100 2.08054 619.26400
7183.91951 63.26360 1.94306 2.04803 609.27723
7183.59180 62.75178 1.92999 2.03146 603.13412
7183.25527 62.25941 1.91692 2.01552 595.92830
7182.59130 61.34577 1.89590 1.98595 579.64371
7182.51412 61.25523 1.89400 1.98302 577.70320
7181.71126 60.25105 1.86833 1.95051 560.46710
7181.59080 60.09832 1.86351 1.94556 558.11038
7180.87649 59.24686 1.83999 1.91800 544.32676
7180.59030 58.96676 1.83176 1.90893 538.43133
7179.86365 58.24268 1.80835 1.88549 524.78581
7179.58979 57.92806 1.80017 1.87531 520.14830
7178.90211 57.23849 1.78066 1.85298 507.53293
7178.58929 56.93762 1.77100 1.84324 502.49187
7177.81432 56.23431 1.74856 1.82047 490.33950
7177.58879 56.04922 1.74227 1.81448 486.66606
7176.67527 55.23013 1.71549 1.78796 473.51135
7176.58829 55.15109 1.71309 1.78541 472.33827
7175.58779 54.36378 1.68948 1.75992 457.82061
7175.39890 54.22594 1.68465 1.75546 455.00462
7174.58729 53.56317 1.66267 1.73400 445.83248
7174.18132 53.22176 1.65225 1.72295 442.01231
7173.58679 52.78375 1.63659 1.70877 434.25840
7172.89619 52.21757 1.61936 1.69044 426.24902
7172.58629 51.95866 1.61162 1.68206 422.85231
7171.61451 51.21339 1.58657 1.65793 411.72615
7171.58579 51.18639 1.58580 1.65706 411.46658
7170.58529 50.28915 1.55525 1.62801 402.04981
7170.49183 50.20921 1.55212 1.62542 401.14404
7169.58479 49.50700 1.53165 1.60269 391.82929
7169.16877 49.20502 1.52343 1.59291 387.55191
7168.58429 48.79525 1.51081 1.57965 381.18709
7167.70452 48.20084 1.49270 1.56041 371.16462
7167.58379 48.10879 1.49028 1.55743 369.94288
7166.58329 47.34825 1.46477 1.53280 360.59716
7166.36573 47.19665 1.45943 1.52790 358.83159
7165.58279 46.63464 1.44333 1.50970 352.99049
7165.04559 46.19247 1.42971 1.49539 348.45744
7164.58229 45.81843 1.41722 1.48328 344.56520
7163.84376 45.18828 1.39879 1.46288 338.82214
7163.58179 44.94314 1.38979 1.45494 336.96070
7162.82234 44.18410 1.36240 1.43037 331.95331
7162.58129 43.94003 1.35587 1.42247 330.38243
7161.69339 43.17992 1.33206 1.39786 323.58811
7161.58079 43.08292 1.32865 1.39472 322.73341
7160.58029 42.31739 1.30339 1.36994 314.56756
7160.39621 42.17573 1.29836 1.36535 313.08520
7159.57979 41.55980 1.27423 1.34542 306.51752
7159.09367 41.17155 1.26017 1.33285 302.77959
7158.57929 40.80751 1.25093 1.32106 298.65836
7157.57879 40.28684 1.23599 1.30421 289.37716
7157.31001 40.16736 1.23162 1.30034 286.87687
7156.57829 39.80205 1.21922 1.28851 281.16235
7155.57779 39.17895 1.20021 1.26834 273.10552
7155.55674 39.16318 1.19959 1.26783 272.95701
7154.57729 38.55404 1.17704 1.24811 265.46591
7154.05109 38.15900 1.16726 1.23532 261.79369
7153.57679 37.75285 1.15373 1.22217 258.75599
7152.84364 37.15481 1.13366 1.20281 253.94500
7152.57629 36.91483 1.12652 1.19504 252.28926
7151.69014 36.15063 1.09960 1.17030 246.64527
7151.57579 36.05411 1.09603 1.16718 245.91146
7150.57529 35.21125 1.06768 1.13989 239.47657
7150.49438 35.14644 1.06587 1.13780 238.94538
7149.57479 34.53329 1.04586 1.11795 232.58535
7148.82021 34.14226 1.03123 1.10529 227.11283
7148.57429 34.02234 1.02733 1.10141 225.56784
7147.57379 33.61282 1.01476 1.08815 218.98792
7146.65981 33.13808 0.99473 1.07278 212.74073
7146.57329 33.08716 0.99253 1.07113 212.18391
7145.57279 32.44694 0.97353 1.05040 205.90593
7145.09068 32.13389 0.96330 1.04027 202.95241
7144.57229 31.81781 0.95218 1.03004 199.77726
7143.57179 31.28585 0.93261 1.01282 193.63331
7143.27366 31.12971 0.92894 1.00776 191.80489
7142.57129 30.75676 0.91904 0.99569 187.53562
7141.57079 30.20311 0.90015 0.97777 181.69994
7141.44837 30.12552 0.89709 0.97525 181.02291
7140.57029 29.60117 0.87986 0.95828 176.21294
7139.74034 29.12134 0.86600 0.94275 171.67817
7139.56978 29.02524 0.86222 0.93963 170.81262
7138.56928 28.53758 0.84451 0.92385 166.06337
7137.81853 28.11715 0.83218 0.91024 162.14715
7137.56878 27.98687 0.82867 0.90602 160.87315
7136.56828 27.50635 0.80968 0.89046 155.85627
7135.88513 27.11297 0.79591 0.87773 152.53365
7135.56778 26.90979 0.79041 0.87115 151.01011
7134.56728 26.39252 0.77704 0.85441 146.28644
7133.99375 26.10879 0.76686 0.84522 143.64354
7133.56678 25.87549 0.75832 0.83767 141.69137
7132.56628 25.33806 0.74043 0.82027 137.22780
7132.19217 25.10460 0.73229 0.81271 135.58092
7131.56578 24.70587 0.71770 0.79980 132.80137
7130.65789 24.10042 0.69480 0.78020 129.06730
7130.56528 24.03618 0.69345 0.77812 128.71534
7129.56478 23.51952 0.68228 0.76140 124.68237
7128.56428 23.19260 0.66698 0.75081 120.89799
7128.23121 23.09623 0.66234 0.74769 119.69040
7127.56378 22.89270 0.65399 0.74111 117.31374
7126.56328 22.55486 0.64420 0.73017 113.85769
7125.56278 22.15879 0.63563 0.71735 110.50678
7125.42687 22.09205 0.63361 0.71519 110.04408
7124.56228 21.72460 0.62162 0.70329 107.18654
7123.56178 21.23286 0.60552 0.68737 103.83607
7123.31386 21.08787 0.60237 0.68268 102.97740
7122.56128 20.60642 0.58597 0.66709 100.32505
7121.75000 20.08368 0.56541 0.65017 97.51587
7121.56078 19.95470 0.56162 0.64599 96.89041
7120.56028 19.42957 0.55100 0.62899 93.81092
7119.63426 19.07950 0.54144 0.61766 91.20881
7119.55978 19.05237 0.54034 0.61678 91.00602
7118.55928 18.80463 0.52647 0.60876 88.60553
7117.55878 18.54866 0.51858 0.60048 86.30253
7116.55828 18.17894 0.50904 0.58851 83.80535
7116.35028 18.07531 0.50621 0.58515 83.23330
7115.55778 17.67988 0.48996 0.57235 81.07029
7114.55728 17.07549 0.47104 0.55278 78.09082
7114.55044 17.07113 0.47095 0.55264 78.06991
7113.55678 16.46436 0.45654 0.53300 75.10517
7112.55628 16.11423 0.44514 0.52167 73.05097
7112.39345 16.06695 0.44327 0.52014 72.73629
7111.55578 15.82260 0.43063 0.51222 71.10841
7110.55528 15.48343 0.42171 0.50125 69.09023
7109.57377 15.06276 0.40908 0.48763 66.89253
7109.55478 15.05450 0.40880 0.48736 66.85021
7108.55428 14.57052 0.39079 0.47169 64.49569
7107.55378 14.10159 0.37889 0.45651 62.19371
7107.46043 14.05858 0.37817 0.45512 61.97991
7106.55328 13.64685 0.36665 0.44179 59.97294
7105.55278 13.18783 0.35028 0.42693 57.92333
7105.04941 13.05439 0.34461 0.42261 57.21648
7104.55228 12.94375 0.33875 0.41903 56.59675
7103.55178 12.77653 0.33356 0.41361 55.60493
7102.55128 12.52528 0.32922 0.40548 54.29665
7101.55078 12.22298 0.32416 0.39569 52.78482
7101.12094 12.05021 0.31765 0.39010 51.97626
7100.55028 11.79961 0.30830 0.38199 50.84099
7099.54977 11.33499 0.29262 0.36695 48.80021
7098.97458 11.04603 0.28969 0.35759 47.54626
7098.54927 10.85018 0.28649 0.35125 46.68815
7097.54877 10.53310 0.27354 0.34099 45.20740
7096.54827 10.18080 0.25768 0.32958 43.61292
7096.22688 10.04184 0.25414 0.32508 43.00541
7095.54777 9.75836 0.24974 0.31591 41.76850
7094.54727 9.45430 0.24755 0.30606 40.39815
7093.54677 9.19855 0.23922 0.29778 39.21344
7092.82881 9.03766 0.22935 0.29258 38.44496
7092.54627 8.96752 0.22593 0.29031 38.11929
7091.54577 8.69418 0.21285 0.28146 36.87856
7090.54527 8.38865 0.21010 0.27157 35.50791
7089.54477 8.10642 0.20832 0.26243 34.23867
7089.25112 8.03347 0.20638 0.26007 33.90184
7088.54427 7.86559 0.20045 0.25463 33.12218
7087.54377 7.61127 0.18472 0.24640 31.96198
7086.54327 7.32880 0.17206 0.23726 30.69627
7085.59462 7.02929 0.17042 0.22756 29.36005
7085.54277 7.01739 0.17071 0.22717 29.30411
7084.54227 6.83937 0.17699 0.22141 28.43332
7083.54177 6.69111 0.17596 0.21661 27.68278
7082.54127 6.52207 0.17343 0.21114 26.84212
7081.54077 6.33128 0.16462 0.20496 25.91410
7080.54027 6.14194 0.15810 0.19883 24.98139
7079.98881 6.02510 0.15454 0.19505 24.41754
7079.53977 5.92488 0.15306 0.19181 23.93938
7078.53927 5.73376 0.15168 0.18562 22.97540
7077.53877 5.51290 0.15057 0.17847 21.89929
7076.53827 5.22727 0.14751 0.16922 20.56855
7075.92720 5.02092 0.14510 0.16254 19.66772
0.00000 0.00000 0.00000 0.00000 0.00000
