7280.02923 241.45325 8.00159 7.81657 830.07499
7279.72240 240.70492 7.97775 7.79234 827.05403
7279.30691 239.46563 7.93832 7.75222 824.17060
7279.01105 238.41940 7.90519 7.71835 823.05034
7278.95827 238.26050 7.90010 7.71321 822.70581
7278.68855 237.58131 7.87824 7.69122 820.36027
7278.30732 236.31537 7.83849 7.65024 818.62054
7278.05384 235.32083 7.80755 7.61804 818.31385
7277.92142 234.89699 7.79385 7.60432 817.76249
7277.83747 234.72869 7.78831 7.59887 816.86597
7277.40190 233.50163 7.75242 7.55915 813.47170
7277.06830 232.35537 7.71628 7.52204 812.49665
7276.88439 231.71692 7.69649 7.50137 812.03157
7276.92801 231.87767 7.70149 7.50658 812.08707
7276.46054 230.73388 7.66488 7.46955 808.35086
7276.08158 229.66049 7.63054 7.43480 806.21588
7276.01337 229.49596 7.62522 7.42947 805.66290
7275.66331 228.63704 7.59780 7.40167 803.07303
7275.27228 227.43566 7.56026 7.36277 801.53239
7274.97927 226.46674 7.52966 7.33141 800.87326
7275.02259 226.60280 7.53409 7.33581 800.97975
7274.61292 225.61282 7.50300 7.30376 797.80939
7274.23920 224.41337 7.46755 7.26493 796.44429
7273.93787 223.45519 7.43769 7.23391 795.74506
7273.99970 223.62823 7.44314 7.23952 796.03601
7273.59900 222.63882 7.41159 7.20749 793.38737
7273.23212 221.53454 7.37645 7.17174 792.20245
7272.93993 220.71263 7.35055 7.14513 790.94861
7272.94009 220.73028 7.35107 7.14570 790.83833
7272.52167 219.64270 7.31716 7.11049 789.15724
7272.13775 218.56175 7.28318 7.07550 789.01491
7271.94463 218.00153 7.26546 7.05736 788.96370
7271.81020 217.67017 7.25486 7.04664 788.33895
7271.42207 216.62160 7.22207 7.01269 786.79897
7271.06656 215.64897 7.19480 6.98120 784.56551
7271.02478 215.55433 7.19173 6.97814 784.28324
7270.65980 214.67924 7.16325 6.94981 782.24131
7270.27499 213.60604 7.12917 6.91507 781.16468
7269.97682 212.81793 7.10459 6.88955 780.03992
7269.93182 212.72494 7.10166 6.88654 779.67957
7269.50920 211.63937 7.06744 6.85140 777.92493
7269.13891 210.62531 7.03507 6.81857 776.95560
7269.01709 210.31843 7.02524 6.80864 776.44388
7268.74015 209.66578 7.00461 6.78751 774.95015
7268.38127 208.67439 6.97377 6.75542 774.24609
7268.02605 207.82503 6.94800 6.72792 772.13136
7268.08049 207.95439 6.95174 6.73211 772.53825
7267.58197 206.86914 6.91869 6.69697 768.68932
7267.13952 205.81956 6.88565 6.66300 766.62231
7267.05757 205.64611 6.88021 6.65738 766.06931
7266.66429 204.73317 6.85108 6.62783 764.13891
7266.26338 203.70298 6.81819 6.59448 763.05089
7266.05617 203.21111 6.80251 6.57855 762.17966
7265.86800 202.80707 6.78969 6.56547 761.04459
7265.44364 201.78273 6.75764 6.53231 759.46066
7265.05149 200.87877 6.72857 6.50305 757.72764
7264.97081 200.69371 6.72254 6.49706 757.36823
7264.56780 199.68134 6.69058 6.46428 756.43021
7264.19797 198.75965 6.66277 6.43445 755.22108
7264.11485 198.59490 6.65815 6.42911 754.39040
7263.73966 197.79517 6.63391 6.40322 751.61602
7263.31105 196.73709 6.60007 6.36897 751.41136
7263.08618 196.22266 6.58418 6.35232 751.32030
7262.91953 195.88705 6.57369 6.34145 750.86976
7262.46579 194.86604 6.54156 6.30840 749.98625
7262.09886 194.07441 6.51591 6.28277 748.10289
7261.97413 193.80554 6.50719 6.27407 747.43507
7261.51836 192.75166 6.47408 6.23995 746.04830
7261.10616 191.76512 6.44316 6.20801 745.28070
7261.11968 191.81449 6.44466 6.20961 745.13992
7260.65258 190.81873 6.41206 6.17737 743.15304
7260.21268 189.77937 6.38224 6.14373 741.25665
7260.12262 189.59461 6.37684 6.13775 740.68449
7259.78371 188.89023 6.35442 6.11494 739.15548
7259.32747 187.88896 6.32214 6.08253 737.63770
7259.18716 187.60326 6.31271 6.07328 736.96620
7258.93089 187.12642 6.29733 6.05784 735.26339
7258.42740 186.18171 6.26735 6.02726 732.03974
7258.22245 185.84287 6.25616 6.01629 730.26145
7257.71945 184.83821 6.22322 5.98377 727.80193
7257.25694 183.74997 6.18936 5.94854 727.43561
7257.09938 183.40895 6.17875 5.93750 726.99384
7256.85021 182.88194 6.16209 5.92044 726.17946
7256.40696 181.93647 6.13120 5.88983 724.84544
7256.20511 181.55137 6.12028 5.87736 723.21301
7255.89318 180.96163 6.10311 5.85827 720.91949
7255.41886 179.96532 6.07134 5.82602 719.45310
7255.20622 179.57579 6.05832 5.81341 718.20736
7254.87830 178.93784 6.03753 5.79275 717.18008
7254.40164 177.93981 6.00673 5.76045 717.69777
7254.19672 177.54956 5.99463 5.74781 717.44143
7253.88388 176.94847 5.97524 5.72835 716.24028
7253.40547 175.95557 5.94267 5.69621 714.84960
7253.22050 175.61389 5.93184 5.68515 713.89198
7252.84157 174.89756 5.90933 5.66196 712.27414
7252.39096 173.90905 5.87761 5.62996 712.07074
7252.23911 173.65191 5.86891 5.62163 711.03728
7251.90728 173.03178 5.84848 5.60156 709.73848
7251.40858 172.06782 5.82115 5.57035 706.66136
7251.26250 171.82671 5.81376 5.56255 705.44011
7250.83149 171.03304 5.78719 5.53685 703.68124
7250.31698 170.03482 5.75525 5.50454 702.12261
7250.31367 170.04278 5.75545 5.50479 701.92276
7249.83435 169.22096 5.72896 5.47819 699.13705
7249.31471 168.33666 5.69952 5.44956 696.12798
7249.16674 168.07820 5.69098 5.44120 695.35907
7248.60905 167.04384 5.65832 5.40771 693.36407
7248.20041 166.27096 5.63296 5.38269 692.21771
7248.03266 165.94644 5.62232 5.37218 691.84705
7247.58243 165.05205 5.59377 5.34323 691.18376
7247.33385 164.64439 5.58057 5.33003 689.83983
7246.98438 164.05170 5.56236 5.31085 687.52362
7246.45894 163.03590 5.53096 5.27796 685.45756
7246.30508 162.78110 5.52244 5.26971 684.55371
7245.96139 162.18782 5.50350 5.25051 682.93820
7245.38294 161.20288 5.47213 5.21862 681.97299
7245.25550 160.98895 5.46489 5.21170 681.92294
7244.80633 160.16808 5.43821 5.18512 681.88703
7244.37062 159.46340 5.41551 5.16231 679.26795
7244.15739 159.11408 5.40424 5.15100 678.05045
7243.57389 158.06161 5.36930 5.11693 676.63359
7243.25459 157.47625 5.35055 5.09798 676.03483
7243.03208 157.08787 5.33830 5.08541 675.34080
7242.49905 156.12696 5.30698 5.05430 674.12792
7242.36125 155.91381 5.29973 5.04740 673.30921
7242.00694 155.32732 5.28000 5.02841 672.01447
7241.46178 154.50530 5.25574 5.00180 667.07746
7241.29521 154.25512 5.24817 4.99370 665.54904
7240.70325 153.28027 5.21487 4.96214 663.17460
7240.39898 152.82324 5.19986 4.94735 661.21609
7240.00500 152.17458 5.17897 4.92635 659.72048
7239.41731 151.17277 5.14563 4.89392 658.14177
7239.40225 151.15538 5.14499 4.89335 657.96409
7238.87303 150.32072 5.11765 4.86633 655.46637
7238.42700 149.63989 5.09507 4.84429 653.09670
7238.03320 148.99886 5.07351 4.82354 651.68035
7237.56106 148.07665 5.04399 4.79369 652.46871
7237.45485 147.95841 5.03998 4.78986 651.18169
7236.99537 147.24196 5.01715 4.76666 650.56360
7236.36225 146.20447 4.98360 4.73308 650.16671
7236.40046 146.26668 4.98536 4.73509 650.43459
7235.81702 145.34676 4.95732 4.70531 646.89592
7235.48611 144.88048 4.94139 4.69022 644.75223
7235.12357 144.32718 4.92262 4.67230 643.17098
7234.47007 143.32883 4.88972 4.63998 640.40281
7234.38438 143.19881 4.88551 4.63578 640.03952
7233.82286 142.29867 4.85486 4.60663 638.57825
7233.53348 141.87790 4.84052 4.59301 637.05901
7233.28589 141.54282 4.82922 4.58217 635.29564
7232.59112 140.60035 4.79748 4.55166 630.50488
7232.27849 140.13448 4.78147 4.53657 629.18612
7231.77913 139.27851 4.75334 4.50886 629.27522
7231.55447 139.00592 4.74430 4.50004 627.18146
7231.09926 138.33566 4.72122 4.47834 625.18740
7230.44841 137.34991 4.68799 4.44643 623.04285
7230.42188 137.31268 4.68684 4.44522 622.82260
7229.78538 136.34386 4.65764 4.41386 618.92528
7229.52461 135.97486 4.64469 4.40191 617.78800
7229.16246 135.45818 4.62659 4.38519 616.30092
7228.55909 134.62312 4.59885 4.35815 612.72680
7228.41052 134.41339 4.59151 4.35136 611.89088
7227.73237 133.44142 4.55826 4.31990 610.92833
7227.54140 133.19138 4.54993 4.31180 610.62515
7226.97507 132.37575 4.52307 4.28540 609.78491
7226.50084 131.68148 4.49918 4.26292 607.98212
7226.24782 131.32174 4.48656 4.25128 607.04811
7225.58315 130.31480 4.45364 4.21868 605.98067
7225.54750 130.27254 4.45208 4.21731 605.65520
7224.98411 129.48039 4.42399 4.19167 603.57238
7224.64367 129.03631 4.40863 4.17729 601.65320
7224.31531 128.60781 4.39503 4.16342 598.73901
7223.69587 127.82773 4.36957 4.13817 592.95469
7223.45824 127.52435 4.35855 4.12835 591.61186
7222.70408 126.51182 4.32407 4.09557 588.15030
7222.61228 126.39476 4.32005 4.09178 587.59259
7221.97222 125.53513 4.28953 4.06395 584.69243
7221.61723 125.08506 4.27395 4.04938 582.51635
7221.22358 124.53989 4.25527 4.03173 581.23622
7220.69756 123.87877 4.23160 4.01033 578.03491
7220.34718 123.42996 4.21565 3.99580 576.10875
7219.61063 122.38259 4.18017 3.96189 574.54323
7219.52126 122.26114 4.17605 3.95796 574.49644
7218.95453 121.44759 4.14841 3.93162 576.40426
7218.69823 121.13195 4.13780 3.92140 575.71977
7218.28210 120.60860 4.11969 3.90446 573.38992
7217.72189 119.90856 4.09384 3.88180 570.23837
7217.42726 119.54931 4.08174 3.87017 567.88958
7216.63608 118.50963 4.04792 3.83651 562.61811
7216.71208 118.60732 4.05147 3.83967 562.88732
7215.91742 117.61759 4.01544 3.80763 559.00331
7215.91626 117.60690 4.01514 3.80729 559.22680
7215.23331 116.88100 3.98873 3.78379 552.54323
7214.70633 116.28800 3.96671 3.76459 548.30368
7214.17199 115.57786 3.94203 3.74160 546.81086
7213.80230 115.14481 3.92646 3.72758 544.33968
7213.30668 114.56097 3.90495 3.70868 541.14730
7212.61986 113.64975 3.87291 3.67918 539.50523
7212.60644 113.63009 3.87223 3.67855 539.52040
7211.79332 112.64744 3.83648 3.64674 535.11676
7211.71269 112.55145 3.83298 3.64363 534.65141
7210.97677 111.63318 3.79989 3.61390 531.73747
7210.80866 111.45456 3.79314 3.60812 530.21998
7210.12683 110.64052 3.76561 3.58177 525.57171
7209.77648 110.21141 3.75179 3.56787 525.02669
7209.36601 109.73234 3.73448 3.55237 523.78926
7208.83899 109.13936 3.71198 3.53317 519.70151
7208.48920 108.72756 3.69697 3.51984 517.75217
7207.87183 108.03111 3.67124 3.49729 513.70089
7207.59342 107.72164 3.65962 3.48727 511.68825
7206.84979 106.85963 3.62756 3.45937 507.43353
7206.95204 106.97511 3.63184 3.46311 508.10339
7206.05527 106.08456 3.59766 3.43428 498.90449
7205.57741 105.54909 3.57724 3.41694 495.76061
7204.78169 104.53738 3.54024 3.38419 493.90522
7204.74559 104.50345 3.53889 3.38309 493.48133
7204.02537 103.62050 3.50578 3.35451 491.15181
7203.91549 103.49976 3.50124 3.35060 490.34930
7203.27352 102.80687 3.47467 3.32817 485.51528
7202.92392 102.42636 3.45977 3.31585 483.31635
7202.37283 101.82775 3.43748 3.29647 478.45454
7201.93853 101.37433 3.42179 3.28179 472.97650
7201.43721 100.82001 3.40171 3.26385 471.44690
7200.94918 100.31584 3.38196 3.24752 469.31468
7200.42093 99.73057 3.35923 3.22858 465.76048
7199.91611 99.15937 3.33718 3.21009 462.92142
7199.61596 98.85155 3.32489 3.20012 460.36238
7198.98343 98.18473 3.29847 3.17853 455.52097
7198.73936 97.93053 3.28850 3.17031 453.52245
7198.10546 97.30924 3.26326 3.15019 447.41771
7197.64842 96.86144 3.24520 3.13570 442.75054
7196.92810 96.09071 3.21457 3.11074 437.52576
7196.64052 95.77245 3.20176 3.10044 435.85223
7195.95478 95.03372 3.17240 3.07653 431.08309
7195.86410 94.94054 3.16868 3.07351 430.33163
7195.07706 94.17313 3.13722 3.04867 422.61750
7194.85575 93.93970 3.12765 3.04111 421.19835
7194.09955 93.21086 3.09957 3.01752 412.30753
7193.73161 92.83502 3.08612 3.00535 407.81481
7192.99181 92.06033 3.05587 2.98027 401.34401
7192.81499 91.87980 3.04860 2.97442 400.00679
7192.03498 91.09115 3.01719 2.94889 396.45595
7191.93276 90.98039 3.01287 2.94531 396.25010
7191.16435 90.26310 2.98446 2.92209 388.00218
7190.79261 89.90130 2.96986 2.91037 384.17411
7190.05902 89.16401 2.94135 2.88651 377.95366
7189.75876 88.86600 2.92979 2.87686 375.20721
7189.08613 88.17664 2.90315 2.85454 369.32435
7188.90015 88.01706 2.89738 2.84938 366.96164
7188.07884 87.24179 2.86908 2.82428 358.55815
7187.65535 86.78520 2.85294 2.80950 355.43349
7187.03465 86.14147 2.83169 2.78866 350.51081
7186.91068 86.02280 2.82820 2.78482 349.25891
7186.14244 85.32758 2.81191 2.76231 340.49229
7185.78457 84.94904 2.80218 2.75006 337.86621
7185.17337 84.39862 2.78250 2.73224 331.28629
7184.76900 83.99662 2.76585 2.71922 326.64438
7184.15212 83.44888 2.75858 2.70149 318.59775
7183.48305 82.76671 2.77160 2.67941 315.61713
7182.90620 82.14151 2.76636 2.65917 312.01303
7182.44126 81.62879 2.69074 2.64257 308.61100
7181.78192 80.86382 2.57903 2.61780 305.07528
7181.32078 80.29296 2.54454 2.59932 303.15431
7180.54900 79.21264 2.43202 2.56435 302.17354
7180.30621 78.84030 2.42000 2.55230 302.37830
7179.75051 77.91167 2.40320 2.52223 303.83954
7179.30086 77.18692 2.38334 2.49877 303.92713
7178.89520 76.43291 2.36341 2.47436 305.56070
7178.46615 75.46632 2.33663 2.44307 309.17647
7178.17088 74.91296 2.32201 2.42516 309.07463
7177.86752 74.31455 2.30331 2.40578 310.65620
7177.46278 73.33511 2.27305 2.37408 316.12732
7177.08629 72.55934 2.24884 2.34896 318.57422
7176.87004 72.06681 2.23329 2.33302 321.04031
7176.50463 71.07885 2.20212 2.30104 328.20664
7176.16720 70.22646 2.17555 2.27344 334.20325
7176.05914 70.01965 2.16915 2.26675 334.80781
7175.66906 69.15037 2.14217 2.23860 339.55328
7175.28365 68.11527 2.11011 2.20510 347.97661
7175.02009 67.49845 2.09137 2.18513 352.38211
7175.00271 67.48315 2.09093 2.18463 352.18122
7174.55244 66.55739 2.06275 2.15466 358.71914
7174.24976 66.01244 2.04846 2.13702 360.14761
7174.09596 65.76949 2.04188 2.12916 360.20826
7173.59390 64.87679 2.01454 2.10026 362.99097
7173.61367 64.93919 2.01647 2.10228 362.34920
7173.11821 64.29515 1.99705 2.08143 360.32360
7172.70534 63.74981 1.98031 2.06377 359.29655
7172.45417 63.47814 1.97202 2.05498 357.48962
7171.77932 62.65541 1.94669 2.02834 354.73280
7172.00353 62.89841 1.95419 2.03621 356.16396
7171.19110 62.14947 1.93110 2.01196 348.67872
7170.77583 61.75534 1.91883 1.99921 345.32322
7169.99576 60.94555 1.89358 1.97299 340.62717
7169.89664 60.84361 1.89038 1.96969 340.03690
7169.16845 60.15434 1.86875 1.94738 334.90302
7169.02973 60.02606 1.86473 1.94322 333.91669
7168.33169 59.44108 1.84646 1.92429 328.11030
7167.83557 59.00224 1.83266 1.91008 324.55783
7167.44223 58.66302 1.82180 1.89910 321.80565
7166.73049 58.11325 1.80464 1.88130 315.67075
7166.29471 57.73010 1.79407 1.86890 312.78944
7165.48786 57.03155 1.77394 1.84628 308.35830
7165.50221 57.05180 1.77460 1.84694 308.32830
7164.47540 56.24397 1.74880 1.82079 300.90262
7164.30865 56.10434 1.74441 1.81627 299.87042
7163.51063 55.46242 1.72408 1.79548 294.65748
7163.08040 55.14861 1.71416 1.78533 291.50683
7162.36286 54.55894 1.69522 1.76624 287.22510
7161.80458 54.07804 1.67987 1.75067 284.30119
7161.58267 53.91495 1.67464 1.74539 282.79213
7160.63617 53.20757 1.65201 1.72249 276.69363
7160.79358 53.31602 1.65548 1.72600 277.79828
7159.74009 52.61296 1.63319 1.70324 270.23320
7159.15528 52.17860 1.61943 1.68918 266.69508
7158.54828 51.71209 1.60466 1.67408 263.29264
7157.83379 51.17054 1.58761 1.65654 259.20051
7157.42382 50.85040 1.57736 1.64618 257.04802
7156.45267 50.04928 1.55180 1.62025 253.82680
7156.34544 49.96025 1.54895 1.61736 253.37070
7155.32690 49.09490 1.52066 1.58935 248.77186
7155.00007 48.79777 1.51159 1.57973 247.33904
7154.12121 47.95001 1.48684 1.55229 243.39813
7154.14453 47.96955 1.48747 1.55292 243.50938
7153.39827 47.33327 1.46587 1.53232 240.28913
7153.09393 47.10391 1.45816 1.52489 238.68077
7152.49966 46.62495 1.44229 1.50939 235.83102
7151.90599 46.17478 1.42702 1.49482 232.78126
7151.51642 45.88750 1.41730 1.48552 230.75511
7150.51716 45.10005 1.39084 1.46002 226.06313
7151.03595 45.45245 1.40272 1.47143 228.96070
7150.22334 44.97327 1.38656 1.45592 223.86442
7149.53892 44.65607 1.37588 1.44565 219.04920
7148.98854 44.34913 1.36575 1.43571 215.63509
7147.87670 43.67136 1.34343 1.41377 210.62581
7147.44459 43.36128 1.33330 1.40373 208.60731
7146.77997 42.96084 1.32027 1.39077 204.99811
7145.69269 42.17531 1.29438 1.36534 200.23285
7145.53432 42.04270 1.29004 1.36105 199.66231
7144.53673 41.29084 1.26521 1.33671 195.50442
7144.10638 40.93980 1.25322 1.32534 193.95146
7143.28769 40.22423 1.22994 1.30218 190.99868
7142.96936 39.94842 1.22191 1.29325 189.65662
7142.36066 39.43028 1.20581 1.27648 187.24039
7141.94317 39.08478 1.19379 1.26529 185.73810
7141.99261 39.09910 1.19432 1.26576 186.05456
7141.20691 38.67737 1.17932 1.25210 182.08680
7141.17175 38.65853 1.17866 1.25149 181.91048
7140.42874 38.31438 1.16689 1.24035 178.00485
7139.30152 37.76935 1.14825 1.22271 172.66437
7138.62976 37.37904 1.13487 1.21007 170.24897
7137.86146 36.89182 1.11840 1.19430 167.09294
7136.99127 36.32349 1.09912 1.17590 163.74028
7137.26338 36.47374 1.10423 1.18076 164.88240
7136.29069 35.98613 1.08764 1.16498 160.67771
7135.45845 35.54927 1.07293 1.15084 157.27822
7135.25925 35.44082 1.06928 1.14733 156.50009
7134.14831 34.86531 1.04998 1.12869 152.13814
7133.34583 34.37751 1.03369 1.11290 149.29921
7133.02229 34.17449 1.02690 1.10633 148.19212
7132.06221 33.61916 1.00824 1.08835 144.84843
7131.80677 33.47083 1.00327 1.08355 143.95464
7131.13491 33.09343 0.99065 1.07133 141.62750
7130.14339 32.54507 0.97233 1.05358 138.78554
7130.23602 32.59029 0.97383 1.05505 139.08679
7129.35954 32.15856 0.95948 1.04107 136.08288
7128.32211 31.64912 0.94223 1.02458 132.68699
7127.98208 31.45982 0.93594 1.01845 131.62554
7127.24232 31.03974 0.92251 1.00485 129.32797
7126.36423 30.61235 0.91020 0.99101 126.56346
7126.13856 30.49538 0.90684 0.98723 125.87075
7125.09472 29.92294 0.88823 0.96870 122.84223
7124.21129 29.40041 0.87026 0.95178 120.38289
7123.72635 29.09647 0.86013 0.94194 119.04172
7122.68692 28.36308 0.83533 0.91820 116.22818
7122.71707 28.37347 0.83569 0.91853 116.31263
7122.53455 28.23538 0.83096 0.91406 115.81256
7122.05227 28.08997 0.82598 0.90936 114.49279
7121.36864 27.89694 0.81936 0.90311 112.87455
7121.02291 27.78946 0.81570 0.89963 112.08014
7119.95546 27.44173 0.80427 0.88837 109.41319
7118.74407 27.01212 0.79036 0.87446 106.59325
7117.99394 26.67856 0.77962 0.86366 104.87194
7117.45255 26.45360 0.77251 0.85638 103.66974
7116.26075 25.86987 0.75370 0.83749 101.00313
7115.38560 25.37805 0.73759 0.82156 99.01438
7114.80413 25.00341 0.72548 0.80944 97.65181
7113.78301 24.32586 0.70304 0.78750 95.21693
7113.81810 24.34150 0.70356 0.78801 95.29101
7113.38603 24.05457 0.69399 0.77872 94.27854
7112.89623 23.89215 0.68860 0.77346 93.43748
7112.89787 23.90165 0.68892 0.77377 93.45299
7112.42111 23.77122 0.68471 0.76955 92.67799
7111.21130 23.50728 0.67652 0.76100 90.72026
7109.72516 22.99587 0.66002 0.74445 88.17930
7108.81059 22.57536 0.64743 0.73083 86.51549
7108.15429 22.24431 0.63858 0.72011 85.34132
7107.01422 21.59609 0.61921 0.69913 83.10163
7106.47668 21.25094 0.60761 0.68796 81.88835
7106.28495 21.08819 0.60223 0.68269 81.36698
7105.82643 20.91428 0.59674 0.67706 80.63707
7105.60116 20.86227 0.59515 0.67537 80.35974
7105.02005 20.68583 0.58962 0.66966 79.54972
7103.77651 20.26904 0.57631 0.65617 77.81864
7102.55991 19.75214 0.55999 0.63944 75.86510
7102.28798 19.62799 0.55605 0.63542 75.40575
7101.48405 19.27173 0.54465 0.62388 74.07757
7100.46178 18.79857 0.52930 0.60857 72.34122
7100.02732 18.60171 0.52285 0.60219 71.61821
7099.47927 18.34696 0.51476 0.59395 70.68112
7098.77278 18.01953 0.50447 0.58335 69.48959
7098.14113 17.83675 0.49887 0.57743 68.75779
7098.69541 17.96735 0.50276 0.58166 69.31142
7097.47844 17.75611 0.49688 0.57482 68.32974
7096.17798 17.41058 0.48681 0.56363 66.97001
7094.96539 17.04452 0.47612 0.55178 65.60553
7094.03797 16.69257 0.46570 0.54039 64.32934
7093.54067 16.48094 0.45918 0.53354 63.56301
7092.42576 15.98714 0.44389 0.51755 61.78589
7091.50294 15.52656 0.42974 0.50264 60.13045
7091.82438 15.65796 0.43367 0.50690 60.60620
7090.96301 15.35727 0.42465 0.49716 59.50620
7089.85742 15.00232 0.41374 0.48567 58.21502
7088.97595 14.63574 0.40230 0.47380 56.87992
7088.79580 14.55006 0.39963 0.47103 56.56691
7088.07742 14.29689 0.39195 0.46283 55.62867
7087.35955 14.10945 0.38643 0.45677 54.92143
7086.49107 13.91783 0.38081 0.45056 54.17999
7086.32561 13.87810 0.37962 0.44928 54.02449
7085.22173 13.59964 0.37194 0.44026 52.98384
7084.12175 13.27420 0.36379 0.42973 51.84447
7083.20990 13.00350 0.35754 0.42096 50.90812
7082.75229 12.89369 0.35538 0.41741 50.53998
7082.35751 12.80034 0.35334 0.41439 50.21121
7081.17638 12.50592 0.34628 0.40485 49.10287
7080.04482 12.14579 0.33598 0.39320 47.62940
7079.09891 11.85614 0.32790 0.38382 46.41001
7079.46391 11.94220 0.33008 0.38660 46.78023
7078.76728 11.81915 0.32734 0.38262 46.23813
7077.80198 11.68475 0.32505 0.37827 45.64935
7076.72138 11.51360 0.32175 0.37273 44.88317
7075.69119 11.33555 0.31848 0.36697 44.08184
7074.58517 11.14531 0.31521 0.36081 43.19136
7073.49670 10.90937 0.31066 0.35317 42.09249
7073.66112 10.94044 0.31118 0.35417 42.23976
7072.48336 10.72965 0.30813 0.34735 41.22388
7071.18394 10.40020 0.30192 0.33669 39.66489
7070.04533 10.05241 0.29465 0.32543 38.03692
7069.20457 9.78414 0.28911 0.31674 36.77837
0.00000 0.00000 0.00000 0.00000 0.00000
