7512.62141 165.99421 5.42472 5.37373 1422.89853
7513.08247 165.66788 5.41378 5.36317 1423.61666
7514.09516 164.86513 5.38701 5.33718 1425.29459
7514.95629 163.96222 5.35860 5.30795 1426.93264
7515.57376 163.22944 5.33629 5.28423 1428.16685
7515.85204 162.90405 5.32630 5.27369 1428.73731
7516.57882 162.04732 5.29863 5.24596 1430.27549
7516.77789 161.80448 5.29065 5.23810 1430.72485
7517.59858 160.78755 5.25706 5.20518 1432.71850
7517.88745 160.39853 5.24433 5.19258 1433.44845
7518.56468 159.39677 5.21156 5.16015 1435.27904
7518.99310 158.71388 5.18914 5.13804 1436.46389
7519.82834 157.00130 5.13294 5.08260 1439.27417
7510.20263 155.33716 5.07820 5.02873 1426.30173
7510.67421 156.69433 5.12294 5.07267 1425.25968
7512.73918 158.34030 5.17690 5.12595 1426.83024
7512.38728 158.25427 5.17410 5.12317 1426.34066
7510.97687 157.83193 5.16027 5.10949 1424.45426
7509.69147 157.23738 5.14073 5.09025 1422.92764
7510.24859 157.44934 5.14770 5.09711 1423.65558
7510.05699 157.35313 5.14453 5.09399 1423.42740
7509.23376 157.34820 5.14437 5.09383 1422.01448
7507.11768 156.91699 5.13029 5.07987 1418.62717
7505.45266 156.12120 5.10429 5.05411 1416.60821
7505.02840 155.87522 5.09619 5.04615 1416.17683
7504.90368 155.70401 5.09048 5.04061 1416.18602
7505.36791 155.85243 5.09544 5.04541 1416.83923
7504.66616 155.90346 5.09714 5.04706 1415.42553
7503.28658 155.81107 5.09406 5.04407 1412.91312
7502.32078 155.69860 5.09028 5.04043 1411.12527
7501.38882 155.64667 5.08858 5.03875 1409.55165
7500.74222 155.56711 5.08588 5.03617 1408.31841
7499.55057 155.35663 5.07892 5.02936 1406.20247
7498.51606 155.03601 5.06890 5.01898 1404.45489
7498.10440 154.95141 5.06646 5.01624 1403.70454
7497.25236 154.90562 5.06509 5.01476 1401.86295
7495.70411 154.68323 5.05879 5.00756 1398.74034
7494.45567 154.26614 5.04687 4.99406 1396.51533
7494.28263 154.17399 5.04397 4.99107 1396.26764
7494.14633 154.10767 5.04184 4.98893 1396.05993
7493.82238 154.15063 5.04326 4.99032 1395.18034
7492.67034 154.17357 5.04396 4.99106 1392.61921
7491.38065 154.10742 5.04179 4.98892 1389.58027
7489.86800 153.95001 5.03677 4.98382 1385.95544
7488.27473 153.54310 5.02309 4.97065 1382.52032
7487.46812 153.22339 5.01262 4.96030 1380.89786
7487.40195 153.15683 5.01045 4.95815 1380.83863
7487.17148 153.11978 5.00922 4.95695 1380.24615
7486.36057 153.09514 5.00844 4.95615 1377.98044
7485.16331 152.96530 5.00423 4.95195 1374.73054
7484.18649 152.84531 5.00031 4.94806 1372.08272
7483.04396 152.72620 4.99642 4.94421 1368.97259
7481.95153 152.52638 4.98989 4.93774 1365.77930
7481.74795 152.48448 4.98852 4.93638 1365.19495
7480.57117 152.24354 4.98062 4.92858 1361.68729
7479.20968 151.86262 4.96814 4.91625 1357.72632
7478.03805 151.44028 4.95424 4.90258 1354.29846
7477.61031 151.28658 4.94922 4.89760 1352.95978
7476.75453 150.94893 4.93817 4.88667 1350.36920
7475.57570 150.40819 4.92049 4.86916 1346.85789
7474.99475 150.10872 4.91058 4.85947 1345.30006
7474.73005 149.99586 4.90688 4.85582 1344.42469
7473.61217 149.50419 4.89080 4.83990 1340.65178
7472.70060 149.04010 4.87552 4.82488 1337.51290
7472.37655 148.86667 4.86986 4.81926 1336.35457
7471.26628 148.27052 4.85025 4.79996 1332.42195
7470.46231 147.76722 4.83386 4.78367 1329.50676
7469.80450 147.31125 4.81881 4.76891 1327.05191
7468.88936 146.63391 4.79655 4.74698 1323.67459
7469.55772 147.03201 4.80940 4.75987 1326.33380
7468.59274 146.57932 4.79480 4.74521 1322.27810
7467.58561 146.09677 4.78106 4.72959 1317.75272
7466.85365 145.66737 4.76829 4.71569 1314.37604
7465.69536 144.84365 4.74094 4.68902 1309.91347
7464.78051 143.99860 4.71329 4.66167 1305.90694
7463.98842 143.11431 4.68424 4.63304 1302.46713
7463.66144 142.72893 4.67162 4.62056 1300.99032
7462.83897 141.70270 4.63793 4.58734 1297.26649
7462.80565 141.66009 4.63653 4.58596 1297.10947
7462.00952 140.64993 4.60334 4.55326 1293.18837
7461.78309 140.35023 4.59352 4.54356 1292.03998
7461.34345 139.78572 4.57496 4.52528 1289.81900
7461.04717 139.47303 4.56472 4.51516 1288.18206
7460.57019 138.94937 4.54748 4.49821 1285.52180
7459.92292 138.24496 4.52437 4.47540 1281.71190
7459.07105 137.06860 4.48689 4.43732 1276.67365
7458.43395 135.82140 4.44801 4.39695 1272.80856
7458.34453 135.65053 4.44238 4.39141 1272.29227
7458.03241 135.08691 4.42398 4.37317 1270.49021
7457.46303 134.15505 4.39331 4.34300 1267.27442
7457.75264 134.57878 4.40724 4.35672 1268.92853
7456.98036 133.56555 4.37398 4.32392 1263.99457
7456.68052 133.16329 4.36077 4.31090 1261.75622
7456.04669 132.26769 4.33127 4.28190 1257.09637
7455.41987 131.22865 4.29721 4.24827 1252.31936
7455.06112 130.52929 4.27422 4.22562 1249.51814
7454.49867 129.16490 4.22919 4.18146 1244.81974
7454.13162 127.85460 4.19001 4.13904 1241.59017
7453.92605 127.12254 4.16566 4.11534 1239.75109
7453.88828 127.01050 4.16200 4.11171 1239.41975
7453.69151 126.33314 4.13987 4.08978 1237.56573
7453.37608 125.68633 4.11857 4.06884 1234.62678
7453.25312 125.45802 4.11107 4.06145 1233.49772
7452.82797 124.57955 4.08228 4.03301 1229.35081
7452.32175 123.40868 4.04380 3.99511 1224.24692
7452.03619 122.65446 4.01903 3.97069 1221.15452
7451.84164 122.11005 4.00115 3.95307 1219.08084
7451.45325 120.93281 3.96262 3.91496 1214.64775
7451.20013 119.97924 3.93098 3.88409 1211.59444
7451.07124 119.66349 3.92098 3.87387 1210.10081
7450.84471 119.08988 3.90466 3.85530 1207.51610
7450.49678 117.97617 3.86873 3.81924 1203.17199
7450.16107 116.90412 3.83364 3.78454 1198.92269
7449.90439 115.97834 3.80329 3.75457 1195.48335
7449.83447 115.71116 3.79453 3.74592 1194.52307
7449.56434 114.64475 3.75954 3.71139 1190.66810
7449.34488 113.68154 3.72794 3.68021 1187.41635
7449.12773 112.88105 3.70162 3.65430 1184.29297
7448.96357 112.40245 3.68597 3.63880 1182.11789
7448.73172 111.59019 3.65903 3.61251 1179.15555
7448.49710 110.45643 3.62522 3.57581 1175.81745
7448.29607 109.46547 3.59280 3.54373 1172.90197
7448.11527 108.60181 3.56456 3.51577 1170.21738
7447.89286 107.76753 3.53715 3.48876 1166.87738
7447.81713 107.45176 3.52680 3.47854 1165.72707
7447.60702 106.41716 3.49279 3.44504 1162.27355
7447.42130 105.46582 3.46155 3.41424 1159.23096
7447.21326 104.54578 3.43137 3.38446 1155.90802
7446.99007 103.58297 3.39976 3.35329 1152.44364
7446.86303 103.07302 3.38311 3.33678 1150.52088
7446.70577 102.37424 3.35982 3.31416 1148.13483
7446.52964 101.37797 3.33002 3.28191 1145.34059
7446.38129 100.66760 3.30742 3.25891 1143.14447
7446.18267 100.01921 3.28588 3.23792 1140.22357
7446.07638 99.79460 3.27851 3.23065 1138.72129
7445.80542 99.07347 3.25476 3.20731 1134.92152
7445.46400 98.07382 3.22187 3.17494 1130.12193
7445.11456 97.12557 3.19065 3.14425 1125.24624
7444.95492 96.67574 3.17584 3.12968 1123.01651
7444.64755 95.63538 3.14163 3.09600 1118.84758
7444.38085 94.45244 3.10275 3.05771 1115.38258
7444.18612 93.52799 3.07227 3.02778 1112.98411
7443.96683 92.68084 3.04781 3.00036 1110.24093
7443.96003 92.67883 3.04775 3.00029 1110.14357
7443.68627 91.81423 3.01915 2.97230 1106.82467
7443.42950 90.91019 2.98946 2.94304 1103.85713
7443.13796 90.10677 2.96293 2.91703 1100.45061
7443.00341 89.77161 2.95190 2.90618 1098.86405
7442.74111 88.97260 2.92568 2.88031 1096.01084
7442.45750 88.15346 2.89864 2.85379 1093.02589
7442.11365 87.34405 2.87196 2.82759 1089.15973
7442.04509 87.17371 2.86633 2.82207 1088.41673
7441.67172 86.21570 2.83482 2.79106 1084.61099
7441.34287 85.41380 2.80854 2.76510 1081.27399
7441.35360 85.48621 2.81090 2.76745 1081.28226
7440.94322 84.72922 2.78568 2.74294 1076.57719
7440.40705 83.74365 2.75607 2.71103 1070.62344
7440.32421 83.60069 2.75203 2.70641 1069.75840
7439.80920 82.63667 2.72062 2.67520 1065.57693
7439.28137 81.59105 2.68727 2.64135 1060.66370
7439.20317 81.43754 2.68263 2.63638 1059.85671
7438.77191 80.51891 2.65385 2.60664 1055.90539
7438.31231 79.60991 2.62225 2.57721 1051.85218
7438.32949 79.65867 2.62392 2.57879 1051.94307
7437.85309 78.76781 2.59398 2.54995 1047.75814
7437.45418 78.09553 2.57261 2.52819 1043.97294
7437.23708 77.75919 2.56194 2.51730 1041.79775
7436.73385 76.81698 2.53129 2.48680 1037.67636
7436.51504 76.50382 2.52104 2.47666 1035.48796
7436.33299 76.19445 2.51069 2.46664 1033.92209
7435.72794 75.39663 2.48688 2.44082 1027.31828
7435.37945 74.89098 2.47217 2.42445 1023.68156
7434.77178 73.86731 2.43834 2.39131 1018.75399
7434.45163 73.34257 2.42152 2.37432 1016.18939
7434.18564 72.90737 2.40710 2.36023 1014.08105
7433.60199 71.95680 2.37565 2.32946 1009.58151
7433.98655 72.46502 2.39250 2.34591 1013.15548
7433.21532 71.62528 2.36477 2.31873 1004.96128
7432.52989 70.75448 2.33606 2.29053 998.56083
7432.13715 70.07864 2.31354 2.26866 996.09267
7431.78918 69.63509 2.29916 2.25430 993.57123
7431.66795 69.49954 2.29477 2.24991 992.60448
7430.88672 68.56933 2.26375 2.21979 986.64388
7430.51605 68.08770 2.24786 2.20420 983.46994
7429.89003 67.14983 2.21658 2.17384 979.46126
7429.82550 67.09179 2.21459 2.17196 978.78425
7429.31759 66.45618 2.19417 2.15139 974.55768
7429.03804 66.13298 2.18496 2.14092 971.81155
7428.65706 65.74582 2.17350 2.12839 967.82449
7428.05975 65.12843 2.15278 2.10840 962.27679
7427.66521 64.68411 2.13787 2.09402 958.93113
7427.12829 64.13915 2.11963 2.07638 953.95677
7426.88939 63.87983 2.11084 2.06798 951.93879
7426.39477 63.44611 2.09607 2.05394 946.86695
7425.73690 62.85492 2.07578 2.03480 940.34791
7425.09302 62.19526 2.05355 2.01345 934.61235
7424.49795 61.55616 2.03207 1.99276 929.57970
7423.87038 60.81511 2.00746 1.96877 924.99866
7423.67895 60.57060 1.99938 1.96085 923.74439
7423.11393 59.96817 1.97945 1.94135 918.87301
7423.05212 59.91285 1.97761 1.93956 918.29339
7422.26163 59.19451 1.95340 1.91630 911.99126
7421.62298 58.52256 1.93013 1.89455 907.47774
7420.92993 57.70321 1.90360 1.86803 902.02246
7420.90708 57.68467 1.90300 1.86743 901.77166
7420.12583 56.87300 1.87660 1.84115 894.75635
7420.27459 57.00639 1.88114 1.84547 896.20934
7419.47816 56.33888 1.85779 1.82386 888.29812
7419.11815 56.02631 1.84701 1.81374 884.75152
7418.50576 55.51159 1.82962 1.79708 878.63051
7417.72416 54.85046 1.80728 1.77567 870.90461
7417.03192 54.11676 1.78259 1.75192 865.25485
7416.61323 53.66093 1.76734 1.73717 861.97914
7416.08299 53.12342 1.74949 1.71976 857.50250
7415.59433 52.58626 1.73153 1.70237 853.65970
7415.02068 51.96718 1.71103 1.68233 849.13994
7414.50419 51.38550 1.69177 1.66350 845.29982
7413.82429 50.52880 1.66344 1.63577 840.84947
7413.95987 50.68188 1.66849 1.64072 841.85386
7413.15865 49.87289 1.64180 1.61454 836.16029
7413.21828 49.92172 1.64342 1.61612 836.63068
7412.42101 49.22589 1.62009 1.59359 830.15451
7412.01117 48.86678 1.60855 1.58196 825.97411
7411.35603 48.24756 1.59068 1.56192 819.51399
7411.08689 48.02682 1.58395 1.55477 816.71622
7410.70435 47.70217 1.57317 1.54426 813.07972
7410.10046 47.28936 1.55911 1.53090 806.64303
7409.55039 46.88874 1.54568 1.51793 800.93486
7408.49084 45.99758 1.51581 1.48908 791.03744
7408.13571 45.66723 1.50475 1.47839 787.99029
7407.15472 44.66676 1.47122 1.44600 780.39586
7407.01484 44.51664 1.46619 1.44114 779.37239
7406.13951 43.56019 1.43405 1.41017 773.18645
7406.40655 43.81798 1.44274 1.41852 775.34631
7405.44404 42.98581 1.41466 1.39158 766.54068
7406.13325 43.47663 1.43125 1.40747 773.77542
7405.11812 42.88795 1.41134 1.38841 762.21937
7404.21560 42.31200 1.39187 1.36977 754.26371
7404.17468 42.25113 1.38982 1.36780 754.11721
7403.31389 41.79096 1.37440 1.35290 744.14800
7402.66084 41.42374 1.36211 1.34101 736.94317
7402.13706 41.08028 1.35054 1.32989 731.56584
7401.23466 40.57001 1.33331 1.31337 721.80524
7401.33280 40.61821 1.33489 1.31493 722.92546
7400.45232 40.18394 1.32150 1.30087 712.75901
7399.36814 39.62775 1.30535 1.28287 700.34591
7398.42176 38.99213 1.28434 1.26229 691.03323
7397.45143 38.17453 1.25671 1.23582 682.62065
7397.06680 37.83072 1.24507 1.22469 679.25489
7396.37054 37.18865 1.22324 1.20391 673.88135
7396.23770 37.07710 1.21943 1.20030 672.95007
7395.84835 36.78359 1.20937 1.19080 669.98638
7395.16313 36.33744 1.19394 1.17635 663.20076
7395.55920 36.55071 1.20141 1.18326 667.53698
7394.71008 36.16656 1.18790 1.17082 657.93440
7393.74481 35.76722 1.17406 1.15789 647.14625
7393.14529 35.46302 1.16348 1.14804 640.77064
7392.48960 35.07468 1.15030 1.13547 634.11236
7391.74009 34.77476 1.14013 1.12576 625.85512
7391.12694 34.46613 1.12968 1.11577 619.44766
7390.17907 33.92162 1.11148 1.09814 609.87702
7389.32284 33.41478 1.09446 1.08174 601.32296
7389.41557 33.45413 1.09578 1.08301 602.30846
7388.44850 32.97826 1.07973 1.06761 592.37805
7387.62599 32.55360 1.06539 1.05386 583.91078
7387.70365 32.57788 1.06621 1.05464 584.74603
7386.75781 32.18956 1.05304 1.04207 575.94963
7385.70089 31.73651 1.03734 1.02741 565.29694
7385.16526 31.46880 1.02790 1.01874 559.98998
7384.31794 30.98669 1.01241 1.00313 551.61355
7383.47471 30.55584 0.99959 0.98918 543.14330
7383.45847 30.54576 0.99928 0.98886 542.98414
7382.39662 30.01714 0.98162 0.97174 532.49207
7381.44391 29.50415 0.96352 0.95514 523.23586
7381.68410 29.61427 0.96737 0.95870 525.59804
7380.75473 29.21963 0.95361 0.94593 516.43197
7379.67655 28.77074 0.93806 0.93140 505.91350
7378.93133 28.36974 0.92413 0.91841 498.69479
7378.40570 28.03206 0.91251 0.90748 494.25598
7377.69041 27.73602 0.90219 0.89790 487.75878
7377.13050 27.46011 0.89258 0.88897 482.29669
7376.18218 26.91962 0.87374 0.87147 473.14748
7375.31752 26.41003 0.85601 0.85497 464.74626
7375.35042 26.42900 0.85668 0.85559 465.06570
7374.31840 25.88616 0.83775 0.83801 455.08644
7373.62498 25.50029 0.82432 0.82552 448.34184
7374.32218 25.76015 0.83347 0.83393 454.94391
7373.84977 25.65114 0.82956 0.83040 450.57283
7372.93955 25.55411 0.82586 0.82726 442.46217
7371.44131 25.26183 0.81549 0.81780 429.29253
7370.12681 24.84653 0.80111 0.80436 417.68384
7369.08725 24.36884 0.78465 0.78889 408.90615
7368.23297 23.85156 0.76703 0.77215 400.92922
7367.57458 23.51661 0.75556 0.76130 394.83308
7367.66788 23.54972 0.75671 0.76238 395.64253
7366.50596 23.05318 0.73900 0.74630 385.21607
7365.37340 22.43193 0.71868 0.72619 374.72694
7365.40408 22.43923 0.71893 0.72643 374.97200
7364.37080 21.92252 0.70308 0.70970 365.75378
7363.53194 21.46185 0.68714 0.69478 357.84842
7364.16537 21.70855 0.69602 0.70277 363.37063
7363.82637 21.60185 0.69220 0.69932 360.54546
7362.96352 21.54483 0.68961 0.69747 354.50243
7361.31291 21.19428 0.67661 0.68612 342.10513
7360.04623 20.74169 0.66065 0.67147 332.52543
7359.51841 20.51373 0.65271 0.66409 328.00693
7358.40414 19.97207 0.63376 0.64656 318.24179
7357.44225 19.45200 0.61559 0.62972 309.45074
7357.45849 19.45383 0.61567 0.62978 309.55207
7356.35080 18.91339 0.59663 0.61228 299.81694
7355.45363 18.39674 0.57854 0.59556 291.34844
7356.35166 18.73600 0.59062 0.60654 298.53308
7355.90845 18.65169 0.58747 0.60381 295.59472
7354.96008 18.55174 0.58351 0.60058 290.02851
7353.31939 18.23313 0.57179 0.59026 279.70609
7351.89088 17.70311 0.55306 0.57310 269.04281
7351.08166 17.29860 0.53891 0.56001 262.56855
7350.18670 16.74950 0.51973 0.54223 254.03383
7349.68854 16.49454 0.51074 0.53398 249.74254
7350.20060 16.67511 0.51722 0.53982 253.43012
7349.68561 16.54860 0.51257 0.53573 250.21727
7348.74317 16.40605 0.50709 0.53111 245.23495
7347.31414 16.07947 0.49507 0.52054 236.93427
7346.28458 15.70808 0.48182 0.50852 229.81876
7346.45970 15.73059 0.48269 0.50925 230.63154
7345.93969 15.63690 0.47922 0.50621 227.97239
7344.92024 15.52646 0.47497 0.50264 223.58333
7343.25537 15.18137 0.46247 0.49147 215.21218
7341.79837 14.60598 0.44240 0.47284 205.52520
7341.30380 14.34247 0.43323 0.46431 201.49128
7340.49172 13.91327 0.41807 0.45041 194.82890
7339.80703 13.61832 0.40766 0.44087 189.99533
7340.44254 13.82234 0.41491 0.44747 193.72382
7339.73152 13.65955 0.40899 0.44220 190.25172
7338.61143 13.47974 0.40267 0.43638 185.87544
7337.13812 13.07486 0.38995 0.42327 178.92302
7336.12322 12.69545 0.37826 0.41099 173.28394
7336.44091 12.77412 0.38087 0.41354 174.69781
7335.79640 12.63712 0.37632 0.40910 172.08808
7334.76585 12.49084 0.37120 0.40437 168.72154
7333.30194 12.15670 0.35932 0.39355 162.76594
7332.08947 11.74447 0.34473 0.38020 156.21975
7332.48015 11.85091 0.34848 0.38365 157.99284
7331.64479 11.65835 0.34174 0.37742 154.63682
7330.58546 11.45803 0.33475 0.37093 150.99649
7329.23877 11.11316 0.32283 0.35977 145.45448
7328.14436 10.73783 0.30988 0.34762 139.90324
7328.40772 10.80576 0.31224 0.34981 140.97010
7327.95488 10.67568 0.30773 0.34560 138.97938
7327.69935 10.67942 0.30784 0.34572 138.77021
7326.48592 10.73733 0.30979 0.34760 138.33629
7324.59779 10.49375 0.30162 0.33971 133.96834
7323.03009 10.03032 0.28613 0.32471 127.31795
7322.08751 9.65645 0.27366 0.31261 122.24435
0.00000 0.00000 0.00000 0.00000 0.00000
