7509.75488 161.89750 5.29356 5.24111 1419.05360
7510.07481 161.67364 5.28619 5.23386 1419.76348
7510.75538 161.14413 5.26883 5.21672 1421.19792
7511.19362 160.66946 5.25330 5.20135 1422.16536
7511.75588 160.00085 5.23133 5.17971 1423.67704
7512.04280 159.66527 5.22035 5.16884 1424.46455
7512.75638 158.82413 5.19276 5.14161 1426.36855
7512.88956 158.66109 5.18741 5.13634 1426.74631
7513.69998 157.65690 5.15444 5.10383 1429.15301
7513.75688 157.58102 5.15196 5.10137 1429.33717
7514.38495 156.65272 5.12150 5.07132 1431.43593
7514.75738 156.05706 5.10209 5.05204 1432.67041
7515.01481 155.64854 5.08849 5.03881 1433.57094
7515.15440 154.64435 5.05749 5.00630 1434.98889
7514.75738 153.80856 5.03180 4.97924 1435.33515
7514.44469 153.64017 5.02614 4.97379 1435.10951
7513.75688 153.44551 5.01967 4.96749 1434.37185
7512.75638 153.15931 5.01026 4.95823 1433.18567
7511.75588 152.68345 4.99473 4.94282 1432.30524
7511.60196 152.63598 4.99318 4.94128 1432.13402
7510.75538 152.40215 4.98553 4.93371 1431.29610
7509.75488 152.37543 4.98465 4.93285 1429.81072
7508.75438 152.19245 4.97865 4.92693 1428.42966
7507.75388 151.68224 4.96187 4.91041 1427.62198
7507.67290 151.63180 4.96022 4.90878 1427.57279
7506.75338 151.05873 4.94150 4.89022 1427.07902
7505.75288 150.86727 4.93521 4.88403 1425.76984
7504.75238 150.90420 4.93642 4.88522 1423.88626
7503.75188 150.83276 4.93414 4.88291 1422.32004
7502.75138 150.71718 4.93038 4.87917 1420.71052
7501.75088 150.65980 4.92849 4.87731 1419.07131
7501.51773 150.62762 4.92744 4.87627 1418.77342
7500.75038 150.50272 4.92333 4.87222 1417.61383
7499.74987 150.19063 4.91318 4.86212 1416.34799
7498.74937 149.99319 4.90669 4.85573 1414.88401
7497.74887 149.93034 4.90463 4.85369 1412.92823
7496.74837 149.79350 4.90013 4.84926 1411.22031
7496.31180 149.62343 4.89462 4.84376 1410.68664
7495.74787 149.39350 4.88709 4.83632 1410.03751
7494.74737 149.14392 4.87889 4.82824 1408.54726
7493.74687 149.15120 4.87915 4.82847 1406.26449
7492.74637 149.17415 4.87991 4.82921 1404.18144
7491.74587 149.12077 4.87816 4.82749 1401.90874
7490.74537 149.02759 4.87516 4.82447 1399.68297
7489.74487 148.76411 4.86650 4.81594 1397.89905
7489.41796 148.61925 4.86174 4.81125 1397.43989
7488.74437 148.34040 4.85264 4.80222 1396.36942
7487.74387 148.15265 4.84649 4.79615 1394.14625
7486.74337 148.10982 4.84516 4.79476 1391.49498
7485.74287 147.99900 4.84157 4.79117 1388.83341
7484.74237 147.87630 4.83759 4.78720 1386.10699
7483.74187 147.77515 4.83429 4.78392 1383.45226
7482.88909 147.61506 4.82907 4.77874 1381.19384
7482.74137 147.58416 4.82805 4.77774 1380.78207
7481.74087 147.38229 4.82142 4.77121 1377.90732
7480.74037 147.10268 4.81207 4.76216 1375.16578
7479.73987 146.73881 4.80012 4.75038 1372.40547
7479.38170 146.61088 4.79613 4.74623 1371.38124
7478.73937 146.35977 4.78883 4.73810 1369.55526
7477.73887 145.90034 4.77587 4.72323 1366.55706
7477.17003 145.60669 4.76685 4.71373 1364.92722
7476.73837 145.41692 4.76063 4.70758 1363.65818
7475.73787 144.97855 4.74597 4.69339 1360.52069
7475.00447 144.60251 4.73367 4.68122 1358.62129
7474.73737 144.45912 4.72897 4.67658 1357.78521
7473.73687 143.92354 4.71142 4.65924 1354.44791
7473.22281 143.59833 4.70077 4.64871 1352.75567
7472.73637 143.26104 4.68975 4.63779 1351.23764
7471.83559 142.59414 4.66785 4.61620 1348.34849
7471.73587 142.53137 4.66579 4.61417 1347.97984
7470.73537 142.06167 4.65038 4.59896 1343.68640
7469.75093 141.58996 4.63487 4.58369 1339.28840
7469.73487 141.58098 4.63458 4.58340 1339.21693
7468.73437 140.87320 4.61132 4.56049 1335.03515
7468.43464 140.58577 4.60192 4.55118 1333.87056
7467.73387 139.80196 4.57623 4.52581 1331.41421
7467.54657 139.58159 4.56899 4.51867 1330.72730
7466.74186 138.57741 4.53609 4.48617 1327.85195
7466.73337 138.56605 4.53572 4.48580 1327.82456
7465.95082 137.57322 4.50290 4.45366 1325.44310
7465.73287 137.28440 4.49405 4.44431 1324.63120
7465.17137 136.56904 4.47355 4.42115 1321.93237
7464.73237 136.09379 4.45807 4.40576 1319.75776
7464.25055 135.56485 4.44045 4.38864 1317.28164
7463.73187 135.00583 4.42216 4.37054 1314.54201
7463.39659 134.56067 4.40754 4.35613 1312.80063
7462.89154 133.55649 4.37458 4.32362 1310.74857
7462.73137 133.25143 4.36455 4.31375 1310.07228
7462.34237 132.55230 4.34157 4.29112 1308.23730
7461.73087 131.55013 4.30871 4.25867 1304.85530
7461.72946 131.54812 4.30864 4.25861 1304.84692
7460.96406 130.54393 4.27566 4.22610 1299.85080
7460.73037 130.23092 4.26541 4.21597 1298.27499
7460.23696 129.53975 4.24267 4.19359 1294.90167
7459.72986 128.69410 4.21570 4.16621 1291.42411
7459.64643 128.53556 4.21120 4.16108 1290.83758
7459.22431 127.53138 4.18017 4.12857 1288.15736
7458.95220 126.52720 4.14717 4.09606 1286.85536
7458.72936 125.73395 4.12117 4.07039 1285.56506
7458.66190 125.52301 4.11427 4.06356 1285.13708
7458.35073 124.51883 4.08128 4.03105 1283.25164
7457.87983 123.51464 4.04834 3.99854 1279.95027
7457.72886 123.22918 4.03898 3.98930 1278.86395
7457.37976 122.51046 4.01544 3.96603 1276.33901
7456.94569 121.50628 3.98252 3.93352 1272.70781
7456.72836 120.92718 3.96359 3.91478 1270.79665
7456.57603 120.50209 3.94965 3.90101 1269.42907
7456.24293 119.49791 3.91742 3.86851 1266.49115
7455.97436 118.49372 3.88740 3.83600 1264.09994
7455.72786 117.84255 3.86564 3.81492 1261.76662
7455.58168 117.48954 3.85414 3.80349 1260.29895
7455.26935 116.48536 3.82120 3.77098 1257.18803
7454.95432 115.48117 3.78830 3.73847 1254.00783
7454.72736 114.65965 3.76140 3.71188 1251.72104
7454.67976 114.47699 3.75542 3.70596 1251.23273
7454.42505 113.47280 3.72251 3.67346 1248.64219
7454.19553 112.46862 3.68962 3.64095 1246.23269
7453.92286 111.46444 3.65636 3.60844 1243.21254
7453.72686 110.88223 3.63875 3.58959 1240.93203
7453.60237 110.46025 3.62683 3.57593 1239.48932
7453.39601 109.45607 3.59400 3.54342 1237.24431
7453.19225 108.45188 3.56117 3.51091 1235.07982
7452.98025 107.44770 3.52825 3.47840 1232.67836
7452.72636 106.48798 3.49680 3.44734 1229.76297
7452.71442 106.44351 3.49534 3.44590 1229.62842
7452.51047 105.43933 3.46242 3.41339 1227.44346
7452.31391 104.43515 3.42953 3.38088 1225.30344
7452.08739 103.43096 3.39655 3.34837 1222.85493
7451.85456 102.42678 3.36332 3.31586 1220.30520
7451.72586 101.90990 3.34691 3.29913 1218.85068
7451.61437 101.42259 3.33315 3.28335 1217.56297
7451.43670 100.41841 3.30099 3.25085 1215.98599
7451.22164 99.41423 3.26812 3.21834 1213.84103
7450.91665 98.41004 3.23519 3.18583 1210.46281
7450.72536 97.95423 3.22015 3.17107 1208.06144
7450.51913 97.40586 3.20210 3.15332 1205.57474
7450.17610 96.40167 3.16917 3.12081 1201.66756
7449.80644 95.39749 3.13620 3.08830 1197.43742
7449.72486 95.17652 3.12894 3.08115 1196.47159
7449.49081 94.39331 3.10333 3.05579 1194.00693
7449.26648 93.38912 3.07068 3.02329 1192.33768
7449.05371 92.38494 3.04093 2.99078 1190.90187
7448.79485 91.38075 3.00765 2.95827 1189.56676
7448.72436 91.16188 3.00050 2.95118 1189.15470
7448.47512 90.37657 2.97470 2.92576 1187.71228
7448.18714 89.37238 2.94174 2.89325 1186.35365
7447.82596 88.36820 2.90880 2.86074 1183.50791
7447.72386 88.12317 2.90077 2.85281 1182.54439
7447.47529 87.36402 2.87583 2.82824 1180.74641
7447.12471 86.35983 2.84289 2.79573 1178.32064
7446.72336 85.40742 2.81169 2.76489 1175.09023
7446.70284 85.35565 2.81000 2.76322 1174.94426
7446.31119 84.35146 2.77688 2.73071 1172.33910
7445.89583 83.34728 2.74755 2.69820 1168.95304
7445.72286 83.05526 2.73791 2.68875 1167.21836
7445.33713 82.34310 2.71432 2.66569 1163.75633
7444.79079 81.33891 2.68111 2.63318 1159.03083
7444.72236 81.22240 2.67725 2.62941 1158.40173
7444.24778 80.33473 2.64798 2.60068 1154.59634
7443.74120 79.33054 2.61472 2.56817 1151.10684
7443.72186 79.29712 2.61361 2.56709 1150.94701
7443.26554 78.32636 2.58144 2.53566 1148.59215
7442.75824 77.32218 2.54816 2.50315 1145.62292
7442.72136 77.26881 2.54640 2.50142 1145.27785
7442.21181 76.31799 2.51485 2.47064 1142.22312
7441.72086 75.48872 2.48894 2.44380 1138.34343
7441.59828 75.31381 2.48385 2.43813 1137.06077
7441.05973 74.30962 2.45199 2.40563 1133.68622
7440.72036 73.79915 2.43510 2.38910 1130.78076
7440.41388 73.30544 2.41881 2.37312 1128.95084
7439.71986 72.38589 2.38830 2.34335 1124.32017
7439.65652 72.30126 2.38551 2.34061 1123.83347
7439.06059 71.29707 2.35244 2.30810 1120.36900
7438.71936 70.73748 2.33381 2.28998 1118.29679
7438.44762 70.29289 2.31910 2.27559 1116.77652
7437.83062 69.28870 2.28588 2.24308 1113.54244
7437.71886 69.13788 2.28091 2.23820 1112.66464
7436.93544 68.28452 2.25231 2.21057 1104.74050
7436.71836 68.02377 2.24366 2.20213 1102.83636
7436.28076 67.28033 2.21916 2.17807 1101.30421
7435.71786 66.54227 2.19447 2.15417 1097.13108
7435.49022 66.27615 2.18667 2.14556 1094.83190
7434.71736 65.35589 2.15849 2.11577 1087.80025
7434.64783 65.27197 2.15562 2.11305 1087.28062
7433.97583 64.26778 2.12190 2.08054 1084.39683
7433.71686 63.95215 2.11137 2.07032 1082.55716
7433.16563 63.26360 2.08840 2.04803 1078.92201
7432.71636 62.74624 2.07088 2.03128 1075.43061
7432.24105 62.25941 2.05459 2.01552 1070.97070
7431.71586 61.71773 2.03655 1.99799 1067.23902
7431.30427 61.25523 2.02071 1.98302 1065.26716
7430.71536 60.65591 2.00066 1.96361 1060.47330
7430.32915 60.25105 1.98715 1.95051 1057.09743
7429.71486 59.70752 1.96827 1.93291 1050.84672
7429.19839 59.24686 1.95314 1.91800 1045.58252
7428.71436 58.74766 1.93611 1.90184 1041.58326
7428.24238 58.24268 1.91840 1.88549 1037.94386
7427.71386 57.61704 1.89997 1.86524 1033.65221
7427.40682 57.23849 1.88837 1.85298 1031.35152
7426.71336 56.49771 1.86264 1.82900 1025.97567
7426.43862 56.23431 1.85407 1.82047 1023.44560
7425.71286 55.57664 1.83120 1.79918 1016.23572
7425.38594 55.23013 1.81921 1.78796 1013.63105
7424.71236 54.43315 1.79265 1.76216 1009.11845
7424.51779 54.22594 1.78521 1.75546 1007.51482
7423.71186 53.38869 1.75665 1.72835 1000.68926
7423.54209 53.22176 1.75117 1.72295 999.09843
7422.71136 52.52490 1.72644 1.70039 990.14746
7422.35752 52.21757 1.71631 1.69044 987.38667
7421.71086 51.67397 1.69795 1.67284 981.23705
7421.15515 51.21339 1.68158 1.65793 974.86777
7420.71036 50.73016 1.66572 1.64229 971.09047
7420.23064 50.20921 1.64803 1.62542 966.95761
7419.70985 49.68163 1.62952 1.60834 961.99964
7419.27770 49.20502 1.61367 1.59291 958.42259
7418.70935 48.59173 1.59412 1.57306 952.78575
7418.35879 48.20084 1.58236 1.56041 949.23952
7417.70885 47.38076 1.55532 1.53386 944.33634
7417.54500 47.19665 1.54901 1.52790 942.92065
7416.70835 46.35158 1.52067 1.50054 934.58089
7416.54884 46.19247 1.51541 1.49539 932.98551
7415.70785 45.45804 1.49156 1.47161 923.65012
7415.39771 45.18828 1.48268 1.46288 920.19923
7414.70735 44.53695 1.46116 1.44179 913.05350
7414.28587 44.18410 1.44985 1.43037 908.20477
7413.70685 43.70406 1.43421 1.41483 901.50046
7412.94870 43.17992 1.41756 1.39786 893.81604
7412.70635 43.01061 1.41219 1.39238 891.18427
7411.71474 42.17573 1.38496 1.36535 880.01792
7411.70585 42.16665 1.38464 1.36506 879.93108
7410.73012 41.17155 1.35060 1.33285 870.34089
7410.70535 41.14319 1.34965 1.33193 870.11875
7409.81221 40.16736 1.31689 1.30034 861.37701
7409.70485 40.06016 1.31370 1.29687 860.16062
7408.70435 39.19498 1.28819 1.26886 848.49667
7408.66191 39.16318 1.28708 1.26783 848.00026
7407.70385 38.60846 1.26898 1.24987 835.84514
7406.99995 38.15900 1.25533 1.23532 827.10509
7406.70335 37.93768 1.24708 1.22816 823.60637
7405.70285 37.39860 1.22892 1.21070 810.71833
7405.26396 37.15481 1.22112 1.20281 805.10706
7404.70235 36.78851 1.20936 1.19095 799.18710
7403.70185 36.22110 1.18985 1.17259 787.38523
7403.57796 36.15063 1.18762 1.17030 785.77519
7402.70135 35.71831 1.17533 1.15631 774.57990
7401.70085 35.20526 1.15801 1.13970 761.99154
7401.61718 35.14644 1.15578 1.13780 761.00699
7400.70035 34.37394 1.12784 1.11279 750.67955
7400.44248 34.14226 1.12044 1.10529 747.79453
7399.69985 33.45828 1.09633 1.08314 739.33804
7399.31733 33.13808 1.08507 1.07278 734.84172
7398.69935 32.67606 1.07018 1.05782 727.38623
7397.87057 32.13389 1.05226 1.04027 717.20247
7397.69885 32.03165 1.04894 1.03696 715.07681
7396.69835 31.57888 1.03309 1.02230 702.36165
7395.69785 31.16443 1.01895 1.00889 691.19369
7395.63977 31.12971 1.01795 1.00776 690.50049
7394.69735 30.58849 1.00318 0.99024 678.65816
7393.69685 30.17355 0.98987 0.97681 666.20080
7393.60870 30.12552 0.98815 0.97525 665.11885
7392.69635 29.60151 0.96955 0.95829 653.97538
7391.88533 29.12134 0.95341 0.94275 644.03355
7391.69585 29.00437 0.94925 0.93896 641.70856
7390.69535 28.51153 0.93167 0.92300 629.47288
7389.93206 28.11715 0.91887 0.91024 620.15829
7389.69485 27.99147 0.91502 0.90617 617.26993
7388.69435 27.57980 0.90176 0.89284 605.20437
7387.69385 27.15086 0.88602 0.87895 593.10622
7387.62020 27.11297 0.88463 0.87773 592.22582
7386.69335 26.58698 0.86718 0.86070 582.07319
7385.76026 26.10879 0.85105 0.84522 570.85556
7385.69285 26.07278 0.84974 0.84405 570.03271
7384.69235 25.57534 0.83151 0.82795 558.01981
7383.81961 25.10460 0.81618 0.81271 547.40380
7383.69185 25.03508 0.81389 0.81046 545.85278
7382.69135 24.60992 0.79862 0.79670 534.07184
7381.69085 24.19443 0.78314 0.78325 522.39584
7381.53381 24.10042 0.78002 0.78020 520.45792
7380.69035 23.58454 0.76381 0.76350 509.97612
7379.68984 23.15319 0.74821 0.74954 498.26071
7379.57112 23.09623 0.74593 0.74769 496.82322
7378.68934 22.59364 0.72832 0.73142 486.30960
7377.83845 22.09205 0.71433 0.71519 476.78801
7377.68884 22.00952 0.71169 0.71251 474.98154
7376.68834 21.48351 0.69245 0.69549 462.86237
7375.97668 21.08787 0.67907 0.68268 454.00804
7375.68784 20.95027 0.67543 0.67822 450.57378
7374.68734 20.72179 0.66941 0.67083 440.43412
7373.68684 20.61027 0.66471 0.66722 431.20320
7372.68634 20.41932 0.65690 0.66103 421.58992
7371.68584 20.09580 0.64252 0.65056 411.22373
7371.66357 20.08368 0.64207 0.65017 410.95911
7370.68534 19.49428 0.62383 0.63109 398.91901
7369.87937 19.07950 0.60929 0.61766 389.39839
7369.68484 18.97459 0.60545 0.61426 387.14894
7368.68434 18.55267 0.58991 0.60061 376.97314
7367.82695 18.07531 0.57500 0.58515 366.47790
7367.68384 17.98921 0.57207 0.58236 364.68350
7366.68334 17.48944 0.55407 0.56619 353.02565
7365.92392 17.07113 0.53895 0.55264 343.79068
7365.68284 16.94439 0.53510 0.54854 340.89751
7364.68234 16.67567 0.52729 0.53984 331.58261
7363.68184 16.59670 0.52317 0.53728 324.32013
7362.68134 16.38518 0.51519 0.53044 315.87391
7361.82013 16.06695 0.50144 0.52014 307.33760
7361.68084 16.00553 0.49921 0.51815 305.83548
7360.68034 15.52023 0.48310 0.50244 295.21390
7359.83696 15.06276 0.46832 0.48763 285.56612
7359.67984 14.97437 0.46532 0.48477 283.67123
7358.67934 14.48870 0.44691 0.46904 272.68739
7357.93966 14.05858 0.43309 0.45512 263.62895
7357.67884 13.91535 0.42919 0.45048 260.52472
7356.67834 13.71132 0.42298 0.44388 253.01280
7355.67784 13.60353 0.41840 0.44039 246.90126
7354.67734 13.42107 0.41015 0.43448 240.15121
7353.73193 13.05439 0.39719 0.42261 232.00015
7353.67684 13.02484 0.39614 0.42165 231.44721
7352.67634 12.41340 0.37759 0.40186 220.11677
7351.97936 12.05021 0.36560 0.39010 212.56787
7351.67584 11.89770 0.35995 0.38516 209.49423
7350.67534 11.64753 0.35063 0.37707 202.64196
7349.67484 11.49362 0.34400 0.37208 196.93005
7348.67434 11.26803 0.33558 0.36478 190.47914
7348.09157 11.04603 0.32929 0.35759 185.59701
7347.67384 10.88025 0.32448 0.35223 182.04706
7346.67334 10.69101 0.31845 0.34610 176.37666
7345.67284 10.58343 0.31322 0.34262 171.92322
7344.67234 10.38635 0.30355 0.33624 166.45490
7343.84010 10.04184 0.29075 0.32508 159.63508
7343.67184 9.93879 0.28714 0.32175 157.83041
7342.67134 9.41335 0.27141 0.30474 148.58224
7341.81140 9.03766 0.25802 0.29258 141.46590
7341.67084 8.97556 0.25559 0.29057 140.30644
7340.67034 8.74848 0.24713 0.28321 135.05561
7339.66983 8.59304 0.24070 0.27818 130.90088
7338.66933 8.31509 0.23183 0.26918 125.24280
7337.93042 8.03347 0.22370 0.26007 120.13261
7337.66883 7.92725 0.22021 0.25663 118.24881
7336.66833 7.71373 0.21258 0.24972 113.72960
7335.66783 7.57287 0.20546 0.24516 110.31154
7334.66733 7.34674 0.19533 0.23784 105.86786
7333.75292 7.02929 0.18525 0.22756 100.53300
7333.66683 6.99378 0.18443 0.22641 99.96543
7332.66633 6.76382 0.17929 0.21897 95.72119
7331.66583 6.57615 0.17384 0.21289 92.12917
7330.66533 6.32099 0.16282 0.20463 87.74539
7329.81475 6.02510 0.15122 0.19505 83.07582
7329.66483 5.96637 0.14943 0.19315 82.16235
7328.66433 5.72627 0.14198 0.18538 78.13263
7327.66383 5.67955 0.13994 0.18386 76.76608
7326.66333 5.74048 0.13984 0.18584 76.86557
7325.66283 5.60850 0.13654 0.18156 74.46696
7324.66233 5.30424 0.12864 0.17171 69.88092
7323.96151 5.02092 0.12068 0.16254 65.91514
0.00000 0.00000 0.00000 0.00000 0.00000
