7271.98911 240.94839 8.02031 7.80022 797.59737
7271.87873 240.65990 8.01108 7.79088 797.04842
7271.49560 239.55743 7.97625 7.75519 795.27439
7271.16860 238.50909 7.94378 7.72125 794.21322
7270.89607 237.68009 7.91787 7.69442 793.20635
7270.90203 237.70695 7.91870 7.69529 793.17093
7270.48328 236.55515 7.88210 7.65800 790.99646
7270.16204 235.48529 7.84865 7.62337 790.58001
7269.91083 234.74486 7.82541 7.59940 789.71522
7269.87951 234.66992 7.82304 7.59697 789.49073
7269.50653 233.62704 7.79354 7.56321 787.07234
7269.16458 232.63976 7.76222 7.53125 785.77446
7268.96373 232.09950 7.74513 7.51376 784.76599
7268.80103 231.68685 7.73208 7.50040 783.79099
7268.42403 230.63481 7.69933 7.46634 782.26459
7268.08268 229.67446 7.66952 7.43525 780.98942
7268.02472 229.53445 7.66500 7.43072 780.61497
7267.71406 228.80596 7.64139 7.40714 778.45891
7267.28051 227.67447 7.60558 7.37051 776.34101
7266.92548 226.67621 7.57483 7.33819 775.16712
7266.95088 226.74403 7.57697 7.34038 775.26601
7266.53665 225.67694 7.54389 7.30584 773.07793
7266.17553 224.66183 7.51412 7.27298 771.40583
7265.99666 224.20966 7.49957 7.25834 770.59238
7265.79691 223.72485 7.48444 7.24264 769.44919
7265.41671 222.70822 7.45291 7.20973 768.05895
7265.04659 221.76391 7.42287 7.17916 766.43442
7264.99673 221.65308 7.41928 7.17558 766.09386
7264.60612 220.66621 7.38793 7.14363 764.42994
7264.26654 219.70752 7.35853 7.11259 763.76151
7264.05306 219.21975 7.34313 7.09680 762.31596
7263.80798 218.65191 7.32503 7.07842 760.84018
7263.44546 217.61283 7.29241 7.04478 760.73159
7263.10652 216.72459 7.26488 7.01603 760.84840
7263.04669 216.59433 7.26117 7.01181 760.57223
7262.69402 215.77796 7.23885 6.98538 758.87153
7262.30314 214.77286 7.20700 6.95284 757.89533
7262.04523 214.18160 7.18790 6.93370 756.36549
7261.85603 213.73856 7.17375 6.91936 755.37983
7261.49221 212.80203 7.14494 6.88904 754.42385
7261.09492 211.90974 7.11685 6.86015 752.30765
7261.01294 211.72581 7.11093 6.85420 751.86842
7260.58365 210.67580 7.07742 6.82021 750.37252
7260.20629 209.64615 7.04576 6.78687 750.11583
7260.01500 209.17712 7.03138 6.77169 749.50217
7259.84357 208.77892 7.01881 6.75880 748.83894
7259.44667 207.80771 6.98930 6.72736 747.22436
7259.05793 206.92280 6.96266 6.69871 744.91666
7259.09493 207.00724 6.96536 6.70145 745.06058
7258.66076 206.09333 6.93669 6.67186 742.56463
7258.20994 205.24498 6.90962 6.64440 738.96979
7257.99287 204.79117 6.89469 6.62970 737.70474
7257.55391 203.73918 6.86142 6.59565 736.50714
7257.16397 202.77150 6.83200 6.56432 735.84309
7257.10193 202.65198 6.82825 6.56045 735.39470
7256.72110 201.83026 6.80170 6.53385 733.56315
7256.28479 200.78084 6.76844 6.49988 732.72351
7256.05051 200.24899 6.75202 6.48266 731.96266
7255.87837 199.85383 6.74008 6.46987 731.43116
7255.46892 198.93739 6.71127 6.44020 729.80913
7255.14077 198.27599 6.69218 6.41879 726.85749
7254.92730 197.82493 6.67821 6.40419 726.15285
7254.51639 196.86372 6.64881 6.37307 726.84123
7254.11343 196.01443 6.62252 6.34558 726.29750
7254.05639 195.89750 6.61879 6.34179 726.05459
7253.59327 194.88485 6.58612 6.30901 724.42561
7253.14091 193.89796 6.55544 6.27706 722.86488
7253.11778 193.85582 6.55412 6.27569 722.70191
7252.65462 192.88024 6.52381 6.24411 720.99741
7252.20703 191.87249 6.49115 6.21149 720.07108
7252.13142 191.73448 6.48665 6.20702 719.53999
7251.74566 190.92575 6.46148 6.18084 718.25491
7251.29815 189.97390 6.43422 6.15003 715.96260
7251.18308 189.77004 6.42819 6.14343 714.84188
7250.79804 189.00480 6.40300 6.11865 712.99002
7250.32041 188.03626 6.37280 6.08730 711.10919
7250.21775 187.85884 6.36721 6.08155 710.34398
7249.79673 187.05771 6.34196 6.05562 708.10616
7249.28804 186.05349 6.30893 6.02311 705.95554
7249.17364 185.84679 6.30237 6.01642 705.24042
7248.74437 184.98808 6.27596 5.98862 703.61668
7248.25079 183.99186 6.24423 5.95637 701.95821
7248.09030 183.67409 6.23375 5.94608 701.36882
7247.72954 182.87276 6.20848 5.92014 701.09891
7247.29786 181.97769 6.18116 5.89116 700.12630
7247.21106 181.83085 6.17691 5.88641 699.30026
7246.78383 181.01302 6.15287 5.85993 696.36751
7246.28095 180.00543 6.12027 5.82732 694.85608
7246.21480 179.89078 6.11677 5.82360 694.39263
7245.80337 179.11318 6.09248 5.79843 692.88104
7245.27060 178.14306 6.06122 5.76703 692.22966
7245.14816 177.91408 6.05389 5.75961 692.21749
7244.72739 177.05779 6.02752 5.73189 692.16861
7244.26520 176.23630 6.00141 5.70530 689.50410
7244.14599 176.02062 5.99428 5.69832 688.91790
7243.58116 174.91741 5.95872 5.66260 687.54228
7243.09463 173.87319 5.92703 5.62880 687.70481
7243.21056 174.10499 5.93427 5.63630 687.91379
7242.68028 173.13069 5.90213 5.60476 686.01078
7242.27175 172.40680 5.88015 5.58133 683.30616
7242.11355 172.12926 5.87254 5.57234 681.98071
7241.59325 171.18108 5.84342 5.54165 679.90211
7241.35895 170.80291 5.83036 5.52940 678.33465
7241.01946 170.24779 5.81138 5.51143 676.20908
7240.43808 169.25001 5.78009 5.47913 673.35423
7240.28212 169.00638 5.77231 5.47124 672.25049
7239.79958 168.13474 5.74363 5.44303 670.64256
7239.27654 167.21215 5.71367 5.41316 668.58830
7239.14162 166.96971 5.70637 5.40531 668.17386
7238.70206 166.09838 5.67922 5.37710 668.05096
7238.34194 165.51781 5.65981 5.35831 665.94775
7238.09580 165.09519 5.64582 5.34463 664.92973
7237.57696 164.13996 5.61654 5.31370 663.28624
7237.33756 163.75518 5.60534 5.30125 661.24188
7236.99074 163.16817 5.58689 5.28224 660.41924
7236.42574 162.17649 5.55566 5.25014 660.98431
7236.31941 162.01195 5.55051 5.24481 660.42130
7235.83915 161.18735 5.52413 5.21812 658.47246
7235.31671 160.29939 5.49360 5.18937 656.58167
7235.22318 160.14560 5.48878 5.18439 656.18660
7234.70429 159.23095 5.46077 5.15478 655.00158
7234.39321 158.76625 5.44512 5.13974 652.90567
7233.94847 158.01432 5.41980 5.11540 651.46086
7233.43780 157.01394 5.38920 5.08301 652.21225
7233.40756 156.97912 5.38802 5.08189 651.84274
7233.04314 156.42187 5.36894 5.06385 649.74970
7232.47830 155.59295 5.34050 5.03701 646.07500
7232.28086 155.29073 5.33108 5.02723 645.06430
7231.67545 154.31729 5.30272 4.99571 640.72292
7231.39290 153.89638 5.28804 4.98209 638.87379
7230.96914 153.19861 5.26442 4.95950 637.70155
7230.37678 152.20435 5.23314 4.92731 636.24443
7230.38198 152.22282 5.23368 4.92791 636.08110
7229.79920 151.28532 5.20206 4.89756 634.07452
7229.43518 150.71919 5.18396 4.87923 632.50916
7229.18134 150.34419 5.17160 4.86709 631.13728
7228.51854 149.31188 5.13634 4.83367 628.16678
7228.26392 148.90068 5.12249 4.82036 627.40230
7227.91222 148.24675 5.10331 4.79919 629.06882
7227.52403 147.70403 5.08539 4.78162 628.11492
7227.20283 147.23583 5.06940 4.76647 627.51965
7226.59914 146.22692 5.03800 4.73380 625.66329
7226.45198 146.01563 5.03189 4.72696 624.19540
7226.04199 145.39395 5.01201 4.70684 621.94752
7225.49803 144.60404 4.98358 4.68127 619.35162
7225.29902 144.31310 4.97466 4.67185 618.36334
7224.69002 143.36251 4.94388 4.64107 616.64900
7224.57194 143.21768 4.93843 4.63639 615.53827
7224.06581 142.51193 4.91425 4.61354 612.51763
7223.56154 141.82080 4.89105 4.59116 609.35036
7223.29270 141.44125 4.87852 4.57888 607.90783
7222.57871 140.41522 4.84224 4.54566 604.53018
7222.31944 140.01306 4.82962 4.53264 603.89135
7221.89519 139.28479 4.80624 4.50907 604.46657
7221.54605 138.81351 4.78913 4.49381 602.29387
7221.26860 138.41734 4.77616 4.48098 601.00943
7220.57796 137.42066 4.74313 4.44872 598.36213
7220.47683 137.28130 4.73870 4.44421 597.49528
7219.88166 136.39644 4.70992 4.41556 593.43874
7219.55143 135.93901 4.69455 4.40075 592.27205
7219.21253 135.46682 4.67933 4.38547 592.14536
7218.55103 134.54450 4.64750 4.35561 591.41629
7218.49028 134.46181 4.64471 4.35293 591.06431
7217.79482 133.48966 4.61240 4.32146 587.67910
7217.53171 133.14661 4.60034 4.31036 586.04197
7217.00527 132.37581 4.57323 4.28540 584.76497
7216.52040 131.67862 4.55003 4.26283 583.23649
7216.27885 131.34204 4.53863 4.25194 582.32566
7215.60927 130.33646 4.50326 4.21938 581.48341
7215.73252 130.50161 4.50881 4.22473 582.13511
7215.10239 129.74346 4.48319 4.20018 576.93399
7214.63774 129.19127 4.46271 4.18231 573.34958
7214.09323 128.42817 4.43794 4.15761 569.96313
7213.57230 127.70298 4.41441 4.13413 567.22003
7213.43483 127.52715 4.40836 4.12844 566.46202
7212.68290 126.52309 4.37219 4.09593 563.15398
7212.62089 126.44665 4.36946 4.09346 562.73058
7211.94814 125.55176 4.33876 4.06449 559.79445
7211.61980 125.14028 4.32341 4.05117 557.83068
7211.20560 124.56947 4.30340 4.03269 556.60662
7210.73399 123.99548 4.28311 4.01411 552.94588
7210.35554 123.52577 4.26658 3.99890 551.05327
7209.59194 122.49606 4.23091 3.96556 552.16438
7209.48418 122.34805 4.22588 3.96077 552.09930
7208.86415 121.44861 4.19501 3.93166 551.54003
7208.76591 121.35378 4.19115 3.92859 550.24331
7208.20017 120.66738 4.16556 3.90637 546.65213
7207.71010 120.07091 4.14431 3.88706 543.94653
7207.28264 119.52515 4.12514 3.86939 541.23799
7206.66124 118.70322 4.09805 3.84278 536.90075
7206.75217 118.82445 4.10224 3.84670 537.27586
7205.87775 117.85048 4.06616 3.81517 530.03648
7205.71622 117.66020 4.05912 3.80901 528.90864
7204.89469 116.66581 4.02222 3.77682 524.05941
7204.65922 116.38272 4.01217 3.76766 522.64154
7204.03803 115.56936 3.98222 3.74133 520.78087
7203.76740 115.25178 3.97029 3.73105 519.08152
7203.19830 114.56465 3.94515 3.70880 515.89920
7202.61819 113.79901 3.91736 3.68402 514.53481
7202.47098 113.60253 3.91015 3.67765 514.10845
7201.74774 112.72503 3.87780 3.64925 511.16396
7201.73308 112.70835 3.87720 3.64871 511.11536
7200.88256 111.71593 3.84064 3.61658 509.62968
7200.72674 111.53775 3.83364 3.61081 508.60748
7199.98816 110.62161 3.80212 3.58115 502.84972
7199.84248 110.45736 3.79633 3.57584 501.35557
7199.19606 109.72216 3.76799 3.55204 496.95934
7198.85202 109.31682 3.75251 3.53891 495.09255
7198.40172 108.82062 3.73349 3.52285 491.65830
7197.91622 108.29886 3.71301 3.50596 487.73916
7197.50788 107.84595 3.69516 3.49130 484.66285
7196.94761 107.26087 3.67239 3.47236 479.64930
7196.47258 106.73515 3.65180 3.45534 476.21472
7195.84331 106.01004 3.62370 3.43186 472.74986
7195.50764 105.63443 3.60916 3.41970 470.44507
7194.72087 104.66948 3.57207 3.38847 467.74445
7194.78033 104.73458 3.57465 3.39057 468.16886
7193.90087 103.74836 3.53594 3.35865 462.58603
7193.80144 103.63665 3.53156 3.35503 461.97843
7192.97769 102.67220 3.49341 3.32381 457.71313
7192.85812 102.53749 3.48801 3.31945 457.18254
7192.16276 101.75445 3.45897 3.29410 454.97291
7191.87386 101.44379 3.44798 3.28404 452.82513
7191.30506 100.79637 3.42324 3.26308 448.66633
7190.99081 100.48600 3.41021 3.25303 445.58016
7190.35125 99.80347 3.38232 3.23094 440.89714
7189.96320 99.37982 3.36523 3.21722 438.25905
7189.43353 98.83290 3.34262 3.19952 433.74587
7189.04013 98.40190 3.32489 3.18556 431.17911
7188.65173 98.03865 3.30964 3.17381 426.75211
7188.02834 97.45119 3.28471 3.15479 419.92169
7187.34146 96.70046 3.25397 3.13048 415.46002
7186.83845 96.11535 3.23006 3.11154 413.21043
7186.59245 95.84081 3.21860 3.10265 411.78504
7186.02609 95.27187 3.19476 3.08424 406.79489
7185.63409 94.86470 3.17785 3.07106 403.54209
7185.02255 94.23885 3.15118 3.05079 398.37609
7184.75215 93.96232 3.13938 3.04184 396.21429
7184.08895 93.33358 3.11376 3.02149 388.91142
7183.51166 92.73168 3.09144 3.00200 385.00830
7182.88451 92.01798 3.06257 2.97890 382.39432
7182.81803 91.94959 3.05967 2.97668 381.76921
7182.11383 91.28114 3.03095 2.95504 374.20562
7181.80432 90.96754 3.01801 2.94489 371.66769
7181.18491 90.38676 2.99382 2.92609 364.78697
7180.80921 90.04166 2.97907 2.91492 360.62456
7180.16460 89.44893 2.95480 2.89573 353.68604
7179.60783 88.90905 2.93286 2.87825 348.07836
7179.07988 88.37736 2.91129 2.86104 343.57110
7178.53621 87.85090 2.89146 2.84400 338.26658
7177.92969 87.20216 2.86607 2.82300 334.03466
7177.63784 86.88274 2.85431 2.81265 332.07269
7177.16291 86.43676 2.83909 2.79822 327.12666
7176.74248 86.04190 2.82592 2.78543 322.77666
7176.16898 85.53290 2.81224 2.76896 316.38237
7175.57623 84.94828 2.79846 2.75003 310.93952
7175.10758 84.51567 2.78241 2.73603 306.27257
7174.50673 83.91071 2.75644 2.71644 301.98990
7174.06074 83.49238 2.75033 2.70290 297.85824
7173.38278 82.78986 2.75172 2.68016 292.53235
7172.85582 82.23222 2.74535 2.66210 288.74845
7172.26629 81.53871 2.64754 2.63965 285.95049
7171.71480 80.87417 2.54695 2.61814 283.20742
7171.26960 80.31103 2.50845 2.59991 281.55873
7170.54893 79.31829 2.42937 2.56777 280.46349
7170.22562 78.83678 2.41133 2.55218 280.43928
7169.64348 77.81782 2.38755 2.51920 282.52049
7169.27851 77.19961 2.37091 2.49918 283.02897
7168.87834 76.48597 2.35225 2.47608 283.85975
7168.41165 75.44476 2.32310 2.44237 287.29989
7168.16438 74.96710 2.31082 2.42691 287.21091
7167.79984 74.25841 2.28898 2.40397 288.77632
7167.39206 73.19486 2.25616 2.36954 295.14396
7167.00948 72.32879 2.22887 2.34150 298.93604
7166.91529 72.10359 2.22177 2.33421 299.95911
7166.51647 71.07301 2.18934 2.30085 306.71653
7166.20138 70.22689 2.16280 2.27346 314.13609
7166.08519 70.04008 2.15705 2.26741 314.57438
7165.61295 68.95997 2.12339 2.23244 322.68502
7165.31837 67.97722 2.09287 2.20063 333.29014
7164.99291 67.22483 2.07008 2.17627 338.05368
7165.11289 67.48665 2.07814 2.18475 336.50797
7164.67017 66.59881 2.05117 2.15600 340.54686
7164.23475 65.81761 2.03064 2.13071 341.09097
7164.23592 65.83470 2.03112 2.13127 340.80786
7163.73138 64.97529 2.00520 2.10344 342.98523
7163.64722 64.89270 2.00276 2.10077 342.11941
7163.21340 64.34675 1.98651 2.08310 340.20657
7162.76474 63.76597 1.96888 2.06430 338.84942
7162.67230 63.69797 1.96686 2.06209 337.58686
7161.92870 62.89973 1.94258 2.03625 332.63537
7161.83798 62.79945 1.93951 2.03301 332.11857
7161.09609 62.08019 1.91740 2.00972 326.36255
7160.64691 61.63078 1.90345 1.99517 323.36137
7159.88426 60.77593 1.87681 1.96750 320.19995
7159.96625 60.86359 1.87956 1.97034 320.59005
7159.16835 60.11377 1.85619 1.94606 315.12274
7159.12395 60.06715 1.85475 1.94455 314.92166
7158.35748 59.44396 1.83544 1.92438 308.47909
7157.82781 58.97220 1.82063 1.90911 304.78710
7157.41588 58.60624 1.80894 1.89726 302.21163
7156.75633 58.10148 1.79332 1.88092 298.21113
7156.30085 57.69416 1.78219 1.86773 295.39082
7155.56895 57.07151 1.76435 1.84758 289.71716
7155.46312 57.00045 1.76215 1.84528 288.79129
7154.43656 56.17010 1.73565 1.81839 282.23898
7154.45265 56.18229 1.73603 1.81879 282.35450
7153.51720 55.46551 1.71354 1.79558 275.94852
7152.96951 55.02780 1.69956 1.78141 272.61917
7152.30978 54.44833 1.68110 1.76266 269.36581
7151.92440 54.12031 1.67065 1.75204 267.38300
7151.64454 53.91686 1.66421 1.74545 265.50630
7150.73079 53.26233 1.64341 1.72426 259.49496
7150.74832 53.26982 1.64364 1.72450 259.66942
7149.70813 52.56208 1.62131 1.70159 252.71032
7149.17932 52.16533 1.60884 1.68875 249.56873
7148.49305 51.63420 1.59209 1.67155 246.51375
7147.83466 51.11244 1.57557 1.65466 244.22152
7147.34656 50.72099 1.56310 1.64199 241.72596
7146.47373 49.96396 1.53914 1.61748 238.06208
7146.30460 49.81472 1.53434 1.61265 237.39453
7145.32660 48.97219 1.50691 1.58538 233.31494
7145.23099 48.88606 1.50429 1.58259 232.89492
7144.21583 47.97461 1.47774 1.55308 227.96192
7144.15202 47.90800 1.47553 1.55093 227.80972
7143.32650 47.17599 1.45087 1.52723 224.70424
7143.25282 47.13442 1.44947 1.52588 224.20240
7142.48884 46.53509 1.42943 1.50648 220.52948
7142.00017 46.15240 1.41648 1.49409 218.28032
7141.51077 45.79002 1.40424 1.48236 215.84383
7140.66251 45.11661 1.38163 1.46056 212.14633
7141.23877 45.48018 1.39385 1.47233 215.41618
7140.39990 45.06184 1.37984 1.45879 209.77571
7139.54495 44.66720 1.36668 1.44601 204.04484
7138.84574 44.26544 1.35349 1.43301 201.01923
7137.74441 43.54179 1.32999 1.40958 195.66896
7137.39664 43.27439 1.32117 1.40092 194.31207
7136.75355 42.85585 1.30768 1.38737 191.27171
7135.80970 42.18906 1.28565 1.36579 187.23984
7135.35569 41.82020 1.27366 1.35385 185.61321
7134.36157 40.98779 1.24562 1.32690 182.23491
7134.28485 40.92201 1.24332 1.32477 181.99496
7133.28596 40.05218 1.21559 1.29661 178.48507
7133.14983 39.93424 1.21213 1.29279 177.94952
7132.35576 39.24789 1.19018 1.27057 175.08652
7132.39007 39.26814 1.19090 1.27123 175.24248
7132.17355 39.11875 1.18570 1.26639 174.35830
7131.39219 38.74699 1.17261 1.25436 170.29875
7131.22939 38.66911 1.16988 1.25184 169.51075
7130.26429 38.21396 1.15436 1.23710 165.52500
7129.10626 37.56885 1.13235 1.21622 160.49346
7128.83749 37.40845 1.12691 1.21102 159.42784
7127.92175 36.85030 1.10818 1.19295 155.86343
7127.15737 36.36213 1.09157 1.17715 153.07971
7127.22724 36.39474 1.09267 1.17821 153.37627
7126.32451 35.93685 1.07719 1.16338 149.73040
7125.61508 35.58827 1.06558 1.15210 146.94900
7125.10573 35.31282 1.05637 1.14318 145.07009
7123.99693 34.67857 1.03508 1.12265 141.21249
7123.46339 34.32923 1.02345 1.11134 139.52716
7123.00519 34.03948 1.01375 1.10196 138.05746
7122.07100 33.50327 0.99592 1.08460 134.94526
7122.05996 33.49621 0.99569 1.08437 134.91223
7121.18691 33.01449 0.97970 1.06878 132.51590
7120.28773 32.53971 0.96386 1.05341 129.65368
7120.35542 32.57391 0.96500 1.05452 129.87772
7119.26563 32.03839 0.94724 1.03718 126.43024
7118.25962 31.49003 0.92867 1.01943 123.45203
7118.17544 31.43844 0.92693 1.01776 123.21271
7117.26139 30.94738 0.91193 1.00186 120.49959
7116.47598 30.55981 0.90084 0.98931 118.20144
7116.05208 30.32091 0.89358 0.98158 117.02103
7114.99695 29.71003 0.87290 0.96180 114.20663
7114.35358 29.30428 0.85921 0.94867 112.55595
7113.64391 28.83259 0.84348 0.93340 110.71395
7112.67586 28.10697 0.81869 0.90991 108.53609
7113.47644 28.56902 0.83457 0.92486 110.34395
7112.86748 28.29812 0.82521 0.91610 108.94884
7112.21339 28.12043 0.81920 0.91034 107.36495
7111.45792 27.91861 0.81246 0.90381 105.48097
7110.95160 27.76574 0.80749 0.89886 104.28256
7109.76986 27.35198 0.79416 0.88547 101.61956
7108.52991 26.83645 0.77773 0.86878 98.93971
7108.03340 26.58632 0.76982 0.86068 97.86551
7107.27507 26.22728 0.75844 0.84906 96.26449
7106.11959 25.60352 0.73823 0.82886 93.82409
7105.52056 25.23189 0.72625 0.81683 92.51213
7104.71786 24.67885 0.70806 0.79893 90.69016
7104.06144 24.22705 0.69285 0.78430 89.21109
7104.30290 24.35005 0.69696 0.78828 89.69087
7103.81118 24.11166 0.68909 0.78057 88.76134
7103.24967 23.96888 0.68467 0.77594 87.90740
7103.20705 23.96451 0.68455 0.77580 87.84816
7102.26828 23.75565 0.67819 0.76904 86.38044
7100.79379 23.30311 0.66414 0.75439 84.05746
7099.43891 22.70401 0.64533 0.73500 81.70707
7098.89360 22.41457 0.63761 0.72563 80.75383
7097.93110 21.85824 0.62196 0.70762 78.98278
7096.99347 21.24607 0.60192 0.68780 77.00735
7097.23505 21.37173 0.60608 0.69187 77.45435
7096.74872 21.11127 0.59753 0.68344 76.54053
7096.17533 20.97506 0.59348 0.67903 75.84482
7095.66862 20.82022 0.58868 0.67401 75.18371
7094.79780 20.52445 0.57943 0.66444 74.05692
7093.61429 20.05303 0.56454 0.64918 72.30487
7092.66083 19.63134 0.55131 0.63553 70.81742
7092.40113 19.51303 0.54760 0.63170 70.40207
7091.43383 19.04983 0.53271 0.61670 68.80828
7090.47856 18.61647 0.51891 0.60267 67.30051
7090.39653 18.57830 0.51771 0.60144 67.16940
7089.66659 18.22415 0.50653 0.58997 65.95785
7089.24248 18.07898 0.50210 0.58527 65.42270
7088.57904 17.95752 0.49872 0.58134 64.89387
7088.30558 17.89583 0.49699 0.57934 64.64900
7087.18729 17.60727 0.48877 0.57000 63.55677
7086.01817 17.24915 0.47834 0.55841 62.29094
7084.86266 16.86291 0.46737 0.54590 60.93886
7084.16702 16.56377 0.45832 0.53622 59.91404
7083.31368 16.15258 0.44555 0.52291 58.51899
7082.32004 15.64471 0.42991 0.50647 56.78372
7082.45756 15.70555 0.43176 0.50844 56.99280
7081.94311 15.51382 0.42605 0.50223 56.33303
7080.85709 15.17013 0.41579 0.49110 55.13222
7079.66962 14.69712 0.40110 0.47579 53.49659
7079.65890 14.69079 0.40090 0.47558 53.47484
7078.96754 14.41057 0.39237 0.46651 52.49337
7078.34603 14.24791 0.38784 0.46125 51.91179
7077.41116 14.04347 0.38205 0.45463 51.15589
7076.75349 13.87783 0.37729 0.44927 50.54924
7076.16439 13.72056 0.37285 0.44418 49.98316
7075.13114 13.41552 0.36466 0.43430 48.90159
7074.24961 13.15753 0.35875 0.42595 48.05574
7073.33176 12.93657 0.35436 0.41880 47.32325
7073.09004 12.86976 0.35301 0.41663 47.10977
7072.17241 12.63180 0.34749 0.40893 46.26687
7071.02630 12.28302 0.33787 0.39764 44.92384
7070.10409 11.97831 0.32912 0.38777 43.69922
7069.82726 11.91152 0.32746 0.38561 43.42187
7069.91269 11.92768 0.32781 0.38613 43.49029
7068.87853 11.81395 0.32642 0.38245 42.98256
7067.70632 11.63265 0.32315 0.37658 42.20199
7066.71800 11.45422 0.32007 0.37081 41.42376
7065.80106 11.31687 0.31828 0.36636 40.80072
7064.69941 11.15506 0.31660 0.36112 40.06104
7063.57389 10.93982 0.31356 0.35415 39.08922
7063.14137 10.83435 0.31165 0.35074 38.61677
7062.11706 10.54365 0.30612 0.34133 37.34050
7061.08485 10.22782 0.30002 0.33111 35.93733
7060.13340 9.94402 0.29476 0.32192 34.68632
7060.84212 10.01497 0.29398 0.32421 35.02861
7059.19285 10.01811 0.30135 0.32432 35.04252
7058.52926 10.10660 0.30751 0.32718 35.53756
7057.11407 9.99674 0.31082 0.32362 35.40923
7056.68601 9.93631 0.31099 0.32167 35.29383
0.00000 0.00000 0.00000 0.00000 0.00000
