7000.48989 10.04184 0.25306 0.32508 131.00142
7000.50025 10.04261 0.25310 0.32511 131.00161
7001.50075 10.10558 0.25708 0.32715 130.86502
7002.50125 10.18008 0.26143 0.32956 130.84563
7003.50175 10.26098 0.26605 0.33218 130.89038
7004.50225 10.34866 0.27079 0.33502 130.98988
7005.50275 10.43423 0.27536 0.33779 131.02959
7006.50325 10.52188 0.27992 0.34062 131.07610
7007.50375 10.61979 0.28473 0.34379 131.32384
7008.50425 10.74060 0.29057 0.34771 131.71310
7009.50475 10.86835 0.29670 0.35184 132.16963
7010.50525 11.00650 0.30318 0.35631 132.72038
7010.81135 11.04603 0.30508 0.35759 132.84340
7011.50575 11.13360 0.30934 0.36043 133.07695
7012.50625 11.25461 0.31524 0.36435 133.30574
7013.50675 11.36815 0.32081 0.36802 133.38917
7014.50725 11.49712 0.32683 0.37220 133.62850
7015.50775 11.62176 0.33281 0.37623 133.76223
7016.50825 11.73835 0.33823 0.38001 133.91405
7017.50875 11.87330 0.34462 0.38437 134.09506
7018.50925 12.01907 0.35141 0.38909 134.39960
7018.70235 12.05021 0.35283 0.39010 134.49016
7019.50975 12.17639 0.35868 0.39419 134.81064
7020.51026 12.32274 0.36556 0.39892 135.01769
7021.51076 12.47608 0.37258 0.40389 135.21404
7022.51126 12.62534 0.37941 0.40872 135.28078
7023.51176 12.78071 0.38602 0.41375 135.21612
7024.51226 12.94413 0.39252 0.41904 135.20198
7025.16246 13.05439 0.39682 0.42261 135.24599
7025.51276 13.11718 0.39925 0.42464 135.20956
7026.51326 13.30716 0.40654 0.43079 135.23615
7027.51376 13.51142 0.41451 0.43741 135.42904
7028.51426 13.73427 0.42351 0.44462 135.92027
7029.51476 13.96491 0.43304 0.45209 136.52787
7029.91576 14.05858 0.43706 0.45512 136.80277
7030.51526 14.19594 0.44284 0.45957 137.14606
7031.51576 14.41745 0.45202 0.46674 137.49950
7032.51626 14.63724 0.46099 0.47385 137.74089
7033.51676 14.85758 0.46980 0.48098 137.93940
7034.39743 15.06276 0.47783 0.48763 138.34592
7034.51726 15.09122 0.47896 0.48855 138.37186
7035.51776 15.33323 0.48846 0.49638 138.62706
7036.51826 15.56504 0.49763 0.50389 138.69671
7037.51876 15.80805 0.50719 0.51175 138.82233
7038.46108 16.06695 0.51754 0.52014 139.24205
7038.51926 16.08383 0.51819 0.52068 139.27637
7039.51976 16.36306 0.52878 0.52972 139.70256
7040.52026 16.64260 0.53943 0.53877 140.07521
7041.52076 16.92142 0.54955 0.54780 140.35079
7042.05325 17.07113 0.55498 0.55264 140.63658
7042.52126 17.20100 0.55971 0.55685 140.95525
7043.52176 17.45875 0.56914 0.56519 140.94465
7044.52226 17.70300 0.57782 0.57310 140.71593
7045.52276 17.96913 0.58688 0.58171 140.72547
7045.83990 18.07531 0.59043 0.58515 141.00266
7046.52326 18.31419 0.59829 0.59289 141.72048
7047.52376 18.60962 0.60781 0.60245 142.08077
7048.52426 18.90496 0.61720 0.61201 142.42349
7049.09967 19.07950 0.62285 0.61766 142.67689
7049.52476 19.20074 0.62636 0.62159 142.75983
7050.52526 19.47003 0.63349 0.63030 142.73729
7051.52576 19.73325 0.64066 0.63882 142.90530
7052.52626 20.02776 0.64775 0.64836 143.35104
7052.70565 20.08368 0.64913 0.65017 143.44511
7053.52676 20.32198 0.65473 0.65788 143.67149
7054.52726 20.57732 0.66081 0.66615 143.44735
7055.52776 20.85154 0.66736 0.67503 143.47236
7056.32355 21.08787 0.67293 0.68268 143.73456
7056.52826 21.15872 0.67455 0.68497 143.94384
7057.52876 21.46304 0.68122 0.69482 144.45229
7058.52926 21.75976 0.68777 0.70443 144.73103
7059.52976 22.04048 0.69365 0.71352 144.53587
7059.70744 22.09205 0.69467 0.71519 144.53756
7060.53027 22.36521 0.70037 0.72403 144.91573
7061.53077 22.71341 0.70702 0.73530 145.26171
7062.53127 23.04285 0.71430 0.74597 145.79941
7062.68612 23.09623 0.71561 0.74769 145.93318
7063.53177 23.34591 0.72200 0.75578 146.12460
7064.53227 23.61499 0.72852 0.76449 145.94977
7065.53277 23.88794 0.73445 0.77332 145.74031
7066.10384 24.10042 0.73979 0.78020 146.32047
7066.53327 24.27946 0.74482 0.78600 146.99285
7067.53377 24.62181 0.75424 0.79708 147.56796
7068.53427 24.90452 0.76161 0.80623 147.65807
7069.16012 25.10460 0.76701 0.81271 147.97472
7069.53477 25.23855 0.77048 0.81705 148.19328
7070.53527 25.56543 0.77888 0.82763 148.49906
7071.53577 25.90441 0.78832 0.83860 148.89716
7072.13162 26.10879 0.79416 0.84522 149.14479
7072.53627 26.24716 0.79807 0.84970 149.30583
7073.53677 26.56908 0.80674 0.86012 149.41163
7074.53727 26.89586 0.81567 0.87070 149.55175
7075.07557 27.11297 0.82219 0.87773 150.09101
7075.53777 27.30389 0.82792 0.88391 150.60177
7076.53827 27.65389 0.83812 0.89524 150.92487
7077.53877 27.97066 0.84700 0.90549 150.97544
7077.94972 28.11715 0.85127 0.91024 151.31074
7078.53927 28.34501 0.85792 0.91761 151.73174
7079.53977 28.71424 0.86906 0.92957 152.15163
7080.54027 29.08249 0.87988 0.94149 152.48865
7080.64063 29.12134 0.88101 0.94275 152.54275
7081.54077 29.46004 0.89061 0.95371 152.89381
7082.54127 29.82753 0.90215 0.96561 153.23073
7083.25797 30.12552 0.91164 0.97525 153.84828
7083.54177 30.25331 0.91567 0.97939 154.17676
7084.54227 30.66610 0.92679 0.99275 154.42152
7085.54277 31.09309 0.93773 1.00658 154.59673
7085.62090 31.12971 0.93873 1.00776 154.64790
7086.54327 31.52238 0.95067 1.02047 155.24313
7087.54377 31.86657 0.96146 1.03162 155.49097
7088.16842 32.13389 0.96975 1.04027 155.90185
7088.54427 32.30731 0.97509 1.04588 156.29763
7089.54477 32.71456 0.98765 1.05907 156.68305
7090.54527 33.13548 1.00098 1.07269 157.19023
7090.55087 33.13808 1.00106 1.07278 157.19559
7091.54577 33.55158 1.01381 1.08617 157.61149
7092.54627 33.95603 1.02635 1.09926 157.85773
7092.94263 34.14226 1.03231 1.10529 158.21544
7093.54677 34.42684 1.04153 1.11450 158.75953
7094.54727 34.83121 1.05416 1.12759 158.89620
7095.36565 35.14644 1.06387 1.13780 159.11411
7095.54777 35.22701 1.06639 1.14040 159.30782
7096.54827 35.66178 1.08043 1.15448 159.76254
7097.54877 36.11998 1.09502 1.16931 160.36977
7097.61083 36.15063 1.09600 1.17030 160.42693
7098.54927 36.59979 1.11032 1.18484 161.13883
7099.54977 37.04390 1.12474 1.19922 161.52256
7099.77202 37.15481 1.12837 1.20281 161.72054
7100.55028 37.53380 1.14068 1.21508 162.31064
7101.55078 37.98923 1.15514 1.22983 162.71428
7101.90507 38.15900 1.16068 1.23532 162.92739
7102.55128 38.48215 1.17113 1.24578 163.43283
7103.55178 38.92750 1.18562 1.26020 163.74643
7104.07524 39.16318 1.19324 1.26783 164.23723
7104.55228 39.39824 1.20086 1.27544 164.64287
7105.55278 39.94589 1.21749 1.29317 165.27230
7105.95095 40.16736 1.22364 1.30034 165.43233
7106.55328 40.48034 1.23290 1.31047 165.66310
7107.55378 40.97177 1.24878 1.32638 166.17597
7107.93245 41.17155 1.25562 1.33285 166.52836
7108.55428 41.49484 1.26651 1.34331 166.98888
7109.55478 41.97095 1.28199 1.35873 167.26160
7109.96324 42.17573 1.28863 1.36535 167.47261
7110.55528 42.48612 1.29891 1.37540 167.88540
7111.55578 42.98996 1.31579 1.39171 168.38378
7111.90487 43.17992 1.32222 1.39786 168.65849
7112.55628 43.53992 1.33383 1.40952 169.22312
7113.55678 44.00795 1.34957 1.42467 169.75149
7113.87068 44.18410 1.35553 1.43037 170.03477
7114.55728 44.55917 1.36810 1.44251 170.51042
7115.55778 45.06545 1.38475 1.45890 170.87377
7115.77709 45.18828 1.38882 1.46288 171.05140
7116.55828 45.64270 1.40406 1.47759 171.81389
7117.55878 46.18134 1.42206 1.49503 172.39238
7117.57791 46.19247 1.42242 1.49539 172.41051
7118.55928 46.75173 1.44083 1.51349 173.18306
7119.33820 47.19665 1.45604 1.52790 173.78407
7119.55978 47.32844 1.46043 1.53216 174.00443
7120.56028 47.86840 1.47856 1.54964 174.54948
7121.16764 48.20084 1.48901 1.56041 174.76152
7121.56078 48.44845 1.49629 1.56842 175.14449
7122.56128 49.06218 1.51473 1.58829 175.83625
7122.78366 49.20502 1.51945 1.59291 176.10606
7123.56178 49.66623 1.53525 1.60784 176.84000
7124.47452 50.20921 1.55371 1.62542 177.57830
7124.56228 50.26448 1.55555 1.62721 177.66675
7125.56278 50.84331 1.57472 1.64595 178.30498
7126.16700 51.21339 1.58715 1.65793 178.83459
7126.56328 51.47589 1.59597 1.66643 179.34225
7127.56378 52.05800 1.61531 1.68527 179.95701
7127.82096 52.21757 1.62054 1.69044 180.18957
7128.56428 52.69472 1.63653 1.70589 180.95271
7129.44960 53.22176 1.65406 1.72295 181.55241
7129.56478 53.29476 1.65646 1.72531 181.64870
7130.56528 53.90332 1.67656 1.74501 182.49014
7131.12785 54.22594 1.68729 1.75546 183.02476
7131.56578 54.48751 1.69602 1.76392 183.30677
7132.56628 55.10070 1.71598 1.78377 184.00522
7132.76104 55.23013 1.72028 1.78796 184.21652
7133.56678 55.76864 1.73832 1.80540 185.10706
7134.29905 56.23431 1.75337 1.82047 185.70741
7134.56728 56.41947 1.75945 1.82647 186.03869
7135.56778 57.06709 1.78124 1.84743 187.00888
7135.82603 57.23849 1.78673 1.85298 187.24248
7136.56828 57.79015 1.80227 1.87084 187.92645
7137.17789 58.24268 1.81563 1.88549 188.57229
7137.56878 58.51533 1.82456 1.89432 189.03809
7138.56928 59.15188 1.84550 1.91492 189.84480
7138.72144 59.24686 1.84854 1.91800 189.95454
7139.56978 59.78083 1.86567 1.93528 190.90172
7140.23172 60.25105 1.88089 1.95051 191.72669
7140.57029 60.49894 1.88889 1.95853 192.16792
7141.57079 61.16563 1.91013 1.98011 193.11178
7141.69989 61.25523 1.91298 1.98302 193.25137
7142.57129 61.83621 1.93140 2.00182 194.05264
7143.15640 62.25941 1.94475 2.01552 194.80398
7143.57179 62.56939 1.95460 2.02556 195.36630
7144.57229 63.24470 1.97619 2.04742 196.34789
7144.59854 63.26360 1.97678 2.04803 196.38108
7145.57279 63.98554 1.99958 2.07140 197.68351
7145.95869 64.26778 2.00856 2.08054 198.15077
7146.57329 64.71387 2.02255 2.09498 198.89796
7147.36711 65.27197 2.04014 2.11305 199.81659
7147.57379 65.43945 2.04547 2.11847 200.17465
7148.57429 66.13433 2.06549 2.14097 201.19871
7148.75255 66.27615 2.06936 2.14556 201.45134
7149.57479 66.93507 2.08853 2.16689 202.58470
7150.01973 67.28033 2.09954 2.17807 203.26224
7150.57529 67.71728 2.11313 2.19221 204.12588
7151.32774 68.28452 2.13064 2.21057 205.15405
7151.57579 68.47772 2.13667 2.21683 205.52240
7152.57629 69.22323 2.15972 2.24096 206.86757
7152.66080 69.28870 2.16175 2.24308 206.99375
7153.57679 70.00184 2.18349 2.26617 208.35954
7153.93535 70.29289 2.19209 2.27559 208.95119
7154.57729 70.81960 2.20860 2.29264 210.03539
7155.18839 71.29707 2.22273 2.30810 210.97455
7155.57779 71.59475 2.23106 2.31774 211.53082
7156.52496 72.30126 2.25336 2.34061 212.85864
7156.57829 72.34664 2.25471 2.34208 212.95804
7157.57879 73.07102 2.27635 2.36553 214.48837
7157.87370 73.30544 2.28404 2.37312 214.96050
7158.57929 73.90032 2.30268 2.39238 216.20556
7159.08122 74.30962 2.31422 2.40563 217.08541
7159.57979 74.71747 2.32532 2.41883 217.98020
7160.26484 75.31381 2.34407 2.43813 219.19479
7160.58029 75.60242 2.35094 2.44748 219.74594
7161.40847 76.31799 2.36909 2.47064 221.29974
7161.58079 76.47343 2.37495 2.47567 221.65265
7162.56937 77.32218 2.39629 2.50315 223.65142
7162.58129 77.33221 2.39642 2.50348 223.67552
7163.58179 78.16957 2.42411 2.53058 225.63316
7163.76348 78.32636 2.42825 2.53566 226.02140
7164.58229 79.01956 2.43406 2.55810 227.78512
7164.93979 79.33054 2.44553 2.56817 228.59061
7165.58279 79.90165 2.54294 2.58666 230.11987
7166.15477 80.33473 2.62653 2.60068 231.37293
7166.58329 80.67076 2.67418 2.61155 232.30501
7167.32837 81.33891 2.68844 2.63318 234.23135
7167.58379 81.57466 2.68567 2.64082 234.98495
7168.45228 82.34310 2.70888 2.66569 237.37533
7168.58429 82.46211 2.71616 2.66955 237.76922
7169.58479 83.33037 2.75792 2.69765 240.93695
7169.60415 83.34728 2.75863 2.69820 240.99123
7170.58529 84.34548 2.80554 2.73052 244.30863
7170.59112 84.35146 2.80587 2.73071 244.32948
7171.58579 85.26427 2.84731 2.76026 247.99072
7171.68744 85.35565 2.84976 2.76322 248.39798
7172.58629 86.15611 2.86466 2.78913 252.07505
7172.80201 86.35983 2.86951 2.79573 252.94106
7173.58679 87.12253 2.88829 2.82042 256.29159
7173.85066 87.36402 2.89493 2.82824 257.52126
7174.58729 88.04187 2.91420 2.85018 260.45116
7174.95271 88.36820 2.92249 2.86074 261.92236
7175.58779 88.94043 2.93930 2.87927 265.03427
7176.04361 89.37238 2.95323 2.89325 267.49521
7176.58829 89.89500 2.97020 2.91017 270.22114
7177.08858 90.37657 2.98699 2.92576 272.81500
7177.58879 90.84950 3.00384 2.94107 275.50766
7178.13417 91.38075 3.02324 2.95827 278.44755
7178.58929 91.83307 3.04020 2.97291 280.93208
7179.15654 92.38494 3.06119 2.99078 284.07085
7179.58979 92.84935 3.07783 3.00581 286.53966
7180.07783 93.38912 3.09621 3.02329 289.37869
7180.59030 93.90236 3.11515 3.03990 292.57017
7181.07820 94.39331 3.13451 3.05579 295.26842
7181.59080 94.92653 3.15514 3.07306 298.18234
7182.06615 95.39749 3.17323 3.08830 301.07512
7182.59130 95.91326 3.19365 3.10500 304.35013
7183.07426 96.40167 3.21289 3.12081 307.53414
7183.59180 96.91581 3.23274 3.13746 310.30140
7184.12710 97.40586 3.25206 3.15332 313.03305
7184.59230 97.84475 3.26949 3.16753 316.14672
7185.15243 98.41004 3.29175 3.18583 319.74221
7185.59280 98.86509 3.30982 3.20056 322.47877
7186.12085 99.41423 3.33139 3.21834 325.75197
7186.59330 99.89710 3.35042 3.23397 328.90257
7187.07911 100.41841 3.37099 3.25085 331.79755
7187.59380 100.98218 3.39305 3.26910 334.72383
7187.99305 101.42259 3.40910 3.28335 337.32592
7188.59430 102.12974 3.43392 3.30625 341.31622
7188.85545 102.42678 3.44529 3.31586 342.72555
7189.59480 103.17307 3.47519 3.34002 347.87168
7189.83581 103.43096 3.48527 3.34837 349.39713
7190.59530 104.24527 3.51687 3.37473 354.24837
7190.77070 104.43515 3.52428 3.38088 355.38232
7191.59580 105.38370 3.56068 3.41159 360.07644
7191.65309 105.43933 3.56289 3.41339 360.53512
7192.59630 106.40502 3.59987 3.44465 365.21384
7192.62993 106.44351 3.60128 3.44590 365.31183
7193.56850 107.44770 3.64007 3.47840 371.50417
7193.59680 107.47928 3.64128 3.47943 371.67742
7194.40213 108.45188 3.67769 3.51091 375.47059
7194.59730 108.66885 3.68598 3.51794 376.70713
7195.28738 109.45607 3.71582 3.54342 380.75843
7195.59780 109.80023 3.72905 3.55456 382.72673
7196.17646 110.46025 3.75378 3.57593 386.29710
7196.59830 111.00187 3.77158 3.59346 389.08596
7196.94824 111.46444 3.78757 3.60844 390.77766
7197.59880 112.21138 3.81584 3.63262 394.55135
7197.82588 112.46862 3.82551 3.64095 396.04453
7198.59930 113.36633 3.85902 3.67001 400.59237
7198.69281 113.47280 3.86299 3.67346 401.18949
7199.56970 114.47699 3.90059 3.70596 406.78174
7199.59980 114.51259 3.90192 3.70712 406.95470
7200.38220 115.48117 3.93728 3.73847 410.79348
7200.60030 115.73273 3.94671 3.74662 412.34813
7201.26575 116.48536 3.97460 3.77098 416.24199
7201.60080 116.83096 3.98721 3.78217 417.90226
7202.18784 117.48954 4.01137 3.80349 420.98646
7202.60130 117.98521 4.02955 3.81954 423.67531
7203.02694 118.49372 4.04844 3.83600 426.15486
7203.60180 119.23101 4.07359 3.85987 429.56083
7203.79867 119.49791 4.08206 3.86851 430.90784
7204.56740 120.50209 4.11744 3.90101 434.62063
7204.60230 120.54244 4.11894 3.90232 434.85249
7205.38787 121.50628 4.15373 3.93352 439.45148
7205.60280 121.77358 4.16336 3.94218 440.66595
7206.16590 122.51046 4.18957 3.96603 443.29003
7206.60330 123.03815 4.20868 3.98311 446.06056
7206.98986 123.51464 4.22584 3.99854 448.38096
7207.60380 124.26711 4.25297 4.02290 452.17355
7207.81012 124.51883 4.26206 4.03105 453.47587
7208.59054 125.52301 4.29763 4.06356 457.59204
7208.60430 125.53931 4.29823 4.06408 457.69012
7209.35689 126.52720 4.33322 4.09606 461.77338
7209.60480 126.83227 4.34398 4.10594 463.10951
7210.20757 127.53138 4.36869 4.12857 465.52184
7210.60530 127.99944 4.38532 4.14373 467.78958
7210.98939 128.53556 4.40235 4.16108 470.40963
7211.60580 129.39343 4.43077 4.18885 473.87189
7211.71652 129.53975 4.43598 4.19359 474.36218
7212.45244 130.54393 4.47086 4.22610 477.77295
7212.60630 130.74462 4.47790 4.23260 478.71120
7213.19310 131.54812 4.50582 4.25861 481.43699
7213.60680 132.08774 4.52471 4.27608 483.90480
7213.95694 132.55230 4.54091 4.29112 485.80850
7214.60730 133.39151 4.57045 4.31828 489.85757
7214.73353 133.55649 4.57622 4.32362 490.61812
7215.45278 134.56067 4.61071 4.35613 494.01626
7215.60780 134.77053 4.61800 4.36293 494.87347
7216.17186 135.56485 4.64518 4.38864 497.52133
7216.60830 136.13931 4.66538 4.40724 500.10092
7216.91689 136.56904 4.68001 4.42115 501.73634
7217.57571 137.57322 4.71094 4.45366 505.51119
7217.60880 137.61689 4.71244 4.45507 505.72783
7218.26216 138.57741 4.74521 4.48617 508.35839
7218.60930 139.03994 4.76118 4.50114 510.71407
7219.04022 139.58159 4.77990 4.51867 512.99882
7219.60980 140.29393 4.80401 4.54174 515.44962
7219.82568 140.58577 4.81397 4.55118 516.56961
7220.55209 141.58996 4.84865 4.58369 521.07568
7220.61031 141.66668 4.85131 4.58618 521.48637
7221.20676 142.59414 4.88207 4.61620 523.43795
7221.61081 143.15644 4.90130 4.63440 525.87510
7221.91773 143.59833 4.91636 4.64871 527.48252
7222.60724 144.60251 4.95010 4.68122 531.02559
7222.61131 144.60836 4.95029 4.68141 531.04863
7223.27165 145.60669 4.98404 4.71373 533.84367
7223.61181 146.13567 5.00035 4.73085 535.85653
7223.89176 146.61088 5.01426 4.74623 537.34001
7224.59475 147.61506 5.04844 4.77874 541.47398
7224.61231 147.63834 5.04925 4.77950 541.60569
7225.23349 148.61925 5.08164 4.81125 544.05548
7225.61281 149.18924 5.10068 4.82970 545.99388
7225.90681 149.62343 5.11532 4.84376 547.57931
7226.56621 150.62762 5.14881 4.87627 550.88925
7226.61331 150.69317 5.15104 4.87839 551.23954
7227.25727 151.63180 5.18269 4.90878 555.19603
7227.61381 152.12504 5.19911 4.92474 556.70965
7227.96063 152.63598 5.21575 4.94128 557.48006
7228.61431 153.57238 5.24710 4.97160 561.31114
7228.66102 153.64017 5.24944 4.97379 561.63306
7229.26076 154.64435 5.28130 5.00630 564.35558
7229.61481 155.20332 5.29801 5.02440 567.01543
7229.89007 155.64854 5.31266 5.03881 568.18619
7230.53058 156.65272 5.34612 5.07132 571.50337
7230.61531 156.77402 5.35022 5.07525 572.12382
7231.14158 157.65690 5.37888 5.10383 574.08441
7231.61581 158.36751 5.40278 5.12683 577.09758
7231.80132 158.66109 5.41251 5.13634 578.08420
7232.36670 159.66527 5.44479 5.16884 579.60924
7232.61631 160.06010 5.45773 5.18163 581.00880
7232.99228 160.66946 5.47792 5.20135 582.91084
7233.61681 161.62590 5.50969 5.23232 586.89405
7233.64757 161.67364 5.51127 5.23386 587.08191
7234.25668 162.67782 5.54414 5.26637 590.11657
7234.61731 163.22392 5.56270 5.28405 592.45700
7234.88289 163.68201 5.57684 5.29888 593.92695
7235.39495 164.68619 5.60615 5.33139 595.62917
7235.61781 165.01802 5.61757 5.34213 597.15782
7236.02745 165.69038 5.63979 5.36389 599.66329
7236.61831 166.68427 5.67203 5.39607 602.13947
7236.62547 166.69456 5.67236 5.39640 602.17535
7237.26254 167.69874 5.70455 5.42891 604.12911
7237.61881 168.20745 5.72177 5.44538 606.87174
7237.89297 168.70293 5.73769 5.46142 608.05970
7238.45065 169.70711 5.77003 5.49393 610.42064
7238.61931 169.96923 5.77873 5.50241 611.60529
7239.03292 170.71130 5.80276 5.52644 613.34774
7239.60498 171.71548 5.83545 5.55895 616.04360
7239.61981 171.74139 5.83629 5.55978 616.12191
7240.11928 172.71967 5.86480 5.59145 618.64502
7240.62031 173.56913 5.89240 5.61895 621.66204
7240.70980 173.72385 5.89742 5.62396 622.14566
7241.24848 174.72803 5.92945 5.65647 624.37088
7241.62081 175.32246 5.94915 5.67571 627.09635
7241.85202 175.73222 5.96244 5.68898 628.30626
7242.36510 176.73640 5.99433 5.72149 629.94322
7242.62131 177.17340 6.00851 5.73563 631.53542
7242.93225 177.74059 6.02692 5.75400 633.08790
7243.48125 178.74477 6.05934 5.78650 635.85797
7243.62181 178.97905 6.06701 5.79409 636.81220
7244.04092 179.74895 6.09164 5.81901 638.91708
7244.60757 180.75314 6.12466 5.85152 642.44404
7244.62231 180.77989 6.12554 5.85239 642.52766
7245.12195 181.75732 6.15432 5.88403 644.96221
7245.62281 182.55795 6.17910 5.90995 647.56297
7245.73681 182.76151 6.18569 5.91654 647.89534
7246.24473 183.76569 6.21774 5.94905 649.64218
7246.62331 184.45373 6.24003 5.97132 652.08167
7246.79637 184.76987 6.25023 5.98156 653.13851
7247.32243 185.77406 6.28235 6.01406 655.73858
7247.62381 186.29442 6.29943 6.03091 657.90115
7247.87538 186.77824 6.31489 6.04657 659.21493
7248.37714 187.78243 6.34683 6.07908 661.42910
7248.62431 188.21171 6.36086 6.09298 663.23188
7248.91485 188.78661 6.37926 6.11159 664.68778
7249.40722 189.79079 6.41094 6.14410 666.85235
7249.62481 190.22096 6.42310 6.15802 668.56736
7249.89282 190.79498 6.44003 6.17661 669.94783
7250.37934 191.79916 6.47239 6.20911 671.94682
7250.62531 192.24214 6.48671 6.22345 673.73204
7250.90691 192.80335 6.50457 6.24162 675.19154
7251.40598 193.80753 6.53660 6.27413 677.77078
7251.62581 194.19761 6.54938 6.28676 679.44035
7251.92629 194.81172 6.56906 6.30664 680.94847
7252.39626 195.81590 6.60078 6.33915 682.93240
7252.62631 196.22540 6.61406 6.35240 684.72642
7252.92756 196.82008 6.63313 6.37166 686.50059
7253.39440 197.82427 6.66537 6.40417 688.44387
7253.62681 198.30926 6.68026 6.41987 689.92433
7253.87892 198.82845 6.69490 6.43667 692.14867
7254.38827 199.83264 6.72635 6.46918 694.82636
7254.62731 200.25315 6.73986 6.48280 696.01250
7254.91602 200.83682 6.75816 6.50169 696.78737
7255.38815 201.84100 6.78993 6.53420 698.79814
7255.62781 202.25936 6.80360 6.54774 701.08076
7255.91478 202.84519 6.82242 6.56671 702.92006
7256.36681 203.84937 6.85440 6.59922 704.93829
7256.62831 204.37696 6.87129 6.61630 706.62142
7256.86196 204.85356 6.88643 6.63172 708.12345
7257.32010 205.85774 6.91836 6.66423 710.48659
7257.62881 206.43935 6.93726 6.68306 712.98056
7257.82998 206.86192 6.95098 6.69674 714.14819
7258.23656 207.86611 6.98044 6.72925 715.93027
7258.62931 208.66369 7.00476 6.75507 719.06012
7258.72513 208.87029 7.01156 6.76176 719.57164
7259.14484 209.87448 7.04339 6.79427 721.20606
7259.61262 210.87866 7.07527 6.82677 724.11406
7259.62981 210.91200 7.07634 6.82785 724.25288
7260.06342 211.88285 7.10717 6.85928 726.64472
7260.51995 212.88703 7.13937 6.89179 729.38619
7260.63032 213.10569 7.14642 6.89887 730.25802
7260.99067 213.89121 7.17143 6.92430 732.53096
7261.44710 214.89540 7.20319 6.95681 735.37834
7261.63082 215.25015 7.21482 6.96829 736.90665
7261.90848 215.89958 7.23551 6.98932 738.37879
7262.26714 216.90377 7.26387 7.02183 740.07583
7262.63132 217.65268 7.28808 7.04607 742.76563
7262.76409 217.90795 7.29615 7.05433 743.68356
7263.22251 218.91213 7.32781 7.08684 745.27958
7263.63182 219.75496 7.35490 7.11413 747.66918
7263.70471 219.91632 7.36009 7.11935 748.18493
7264.12077 220.92050 7.39158 7.15186 750.50391
7264.57944 221.92469 7.42380 7.18437 753.89478
7264.63232 222.03377 7.42733 7.18790 754.32116
7264.99263 222.92887 7.45581 7.21688 756.11243
7265.41599 223.93305 7.48764 7.24938 758.69820
7265.63282 224.36000 7.50138 7.26321 760.68682
7265.88831 224.93724 7.51993 7.28189 762.41689
7266.21706 225.94142 7.54819 7.31440 763.69381
7266.63332 226.89483 7.57889 7.34527 766.58923
7266.65647 226.94561 7.58053 7.34691 766.76999
7267.05435 227.94979 7.61193 7.37942 768.96219
7267.45633 228.95397 7.64378 7.41193 771.29370
7267.63382 229.34514 7.65640 7.42459 772.70764
7267.88536 229.95816 7.67615 7.44444 774.31368
7268.27456 230.96234 7.70771 7.47694 776.47294
7268.63432 231.75945 7.73305 7.50275 779.37913
7268.72545 231.96653 7.73965 7.50945 780.08916
7269.08924 232.97071 7.77143 7.54196 781.74370
7269.45368 233.97490 7.80186 7.57447 783.82516
7269.63482 234.41523 7.81432 7.58872 785.44646
7269.85990 234.97908 7.83200 7.60698 786.93344
7270.24256 235.98326 7.86363 7.63949 789.20486
7270.63532 236.93568 7.89429 7.67032 792.02115
7270.65782 236.98745 7.89595 7.67199 792.20438
7271.05451 237.99163 7.92806 7.70450 794.87202
7271.43720 238.99582 7.95952 7.73701 797.47582
7271.63582 239.47941 7.97484 7.75267 798.97265
7271.86463 240.00000 7.99149 7.76952 800.85516
