7273.18381 238.99582 7.94268 7.73701 914.33345
7272.83648 237.99163 7.90535 7.70450 913.60416
7272.63632 237.47415 7.88734 7.68775 913.07847
7272.43390 236.98745 7.87180 7.67199 912.55405
7272.05871 235.98326 7.84089 7.63949 912.82398
7271.66374 234.97908 7.80939 7.60698 911.79900
7271.63582 234.90967 7.80692 7.60473 911.68516
7271.31104 233.97490 7.77510 7.57447 910.60473
7270.97305 232.97071 7.74357 7.54196 909.96190
7270.63532 232.07442 7.71830 7.51295 909.06798
7270.59053 231.96653 7.71547 7.50945 908.85474
7270.20769 230.96234 7.68218 7.47694 907.80056
7269.84369 229.95816 7.64541 7.44444 907.28004
7269.63482 229.45394 7.62886 7.42811 906.34141
7269.43733 228.95397 7.61508 7.41193 905.64879
7269.08676 227.94979 7.58425 7.37942 905.62294
7268.69883 226.94561 7.54920 7.34691 904.66996
7268.63432 226.79781 7.54384 7.34213 904.33050
7268.29270 225.94142 7.51489 7.31440 903.28878
7267.98026 224.93724 7.48667 7.28189 903.46429
7267.63382 224.04501 7.45975 7.25301 902.87891
7267.58527 223.93305 7.45632 7.24938 902.63579
7267.19202 222.92887 7.41998 7.21688 901.76075
7266.79326 221.92469 7.38648 7.18437 900.91847
7266.63332 221.56291 7.37693 7.17266 900.12693
7266.37505 220.92050 7.35815 7.15186 899.49360
7265.99643 219.91632 7.32326 7.11935 899.35100
7265.63282 219.09167 7.29451 7.09265 897.74260
7265.55247 218.91213 7.28942 7.08684 897.35789
7265.16272 217.90795 7.25910 7.05433 897.05446
7264.78156 216.90377 7.22484 7.02183 897.24598
7264.63232 216.50638 7.21196 7.00896 896.94341
7264.39861 215.89958 7.19358 6.98932 896.00165
7264.00037 214.89540 7.15950 6.95681 895.51897
7263.63182 214.05561 7.13627 6.92962 894.22711
7263.55271 213.89121 7.13164 6.92430 893.86703
7263.09241 212.88703 7.09651 6.89179 893.46356
7262.63132 211.98991 7.06591 6.86275 891.93488
7262.58127 211.88285 7.06287 6.85928 891.77589
7262.17327 210.87866 7.03294 6.82677 891.32335
7261.76952 209.87448 6.99821 6.79427 891.15748
7261.63082 209.56223 6.98715 6.78416 890.74091
7261.32574 208.87029 6.96361 6.76176 890.00697
7260.92947 207.86611 6.93325 6.72925 889.88822
7260.63032 207.18582 6.91605 6.70723 888.36072
7260.48621 206.86192 6.90468 6.69674 888.07295
7260.05083 205.85774 6.86891 6.66423 887.45559
7259.62981 204.99907 6.84361 6.63644 885.49285
7259.56067 204.85356 6.83984 6.63172 885.23323
7259.15321 203.84937 6.80680 6.59922 885.59023
7258.71367 202.84519 6.77104 6.56671 885.06942
7258.62931 202.67778 6.76536 6.56129 884.63047
7258.24657 201.84100 6.73926 6.53420 883.82949
7257.81463 200.83682 6.70733 6.50169 883.70641
7257.62881 200.45670 6.69513 6.48938 883.02008
7257.33348 199.83264 6.67222 6.46918 882.19613
7256.89278 198.82845 6.64119 6.43667 881.74434
7256.62831 198.24712 6.62763 6.41785 880.32506
7256.44303 197.82427 6.61431 6.40417 880.16862
7255.99018 196.82008 6.57733 6.37166 879.98341
7255.62781 196.09574 6.55459 6.34821 878.54669
7255.48925 195.81590 6.54645 6.33915 877.94849
7255.03861 194.81172 6.51486 6.30664 877.96203
7254.62731 194.00826 6.48570 6.28063 877.90206
7254.51905 193.80753 6.47828 6.27413 877.95098
7254.01216 192.80335 6.44503 6.24162 877.64633
7253.62681 192.05755 6.42378 6.21748 876.04812
7253.49575 191.79916 6.41610 6.20911 875.51753
7253.01286 190.79498 6.38106 6.17661 874.90022
7252.62631 190.01070 6.35859 6.15122 872.97772
7252.52336 189.79079 6.35287 6.14410 872.56878
7252.08610 188.78661 6.31981 6.11159 873.44285
7251.62581 187.86793 6.28874 6.08185 872.45113
7251.57976 187.78243 6.28594 6.07908 872.26567
7251.09073 186.77824 6.25261 6.04657 871.75921
7250.62531 185.84524 6.22348 6.01637 871.07921
7250.58731 185.77406 6.22114 6.01406 870.93950
7250.09408 184.76987 6.18608 5.98156 870.56544
7249.62481 183.89205 6.15871 5.95314 868.98152
7249.55872 183.76569 6.15481 5.94905 868.81398
7249.06937 182.76151 6.12164 5.91654 868.80343
7248.62431 181.93520 6.09454 5.88979 867.30551
7248.52637 181.75732 6.09013 5.88403 866.55476
7248.07736 180.75314 6.05961 5.85152 866.84332
7247.62381 179.90717 6.03262 5.82413 865.78194
7247.53466 179.74895 6.02761 5.81901 865.40318
7247.01686 178.74477 5.99223 5.78650 864.91248
7246.62331 178.02451 5.97082 5.76319 863.77371
7246.46492 177.74059 5.96294 5.75400 863.16885
7245.93032 176.73640 5.92887 5.72149 862.16304
7245.62281 176.24809 5.91401 5.70568 860.98492
7245.31509 175.73222 5.89714 5.68898 860.88836
7244.77954 174.72803 5.86257 5.65647 861.85903
7244.62231 174.47226 5.85455 5.64819 861.01135
7244.22791 173.72385 5.82862 5.62396 860.37057
7243.70875 172.71967 5.79501 5.59145 860.41304
7243.62181 172.55303 5.79099 5.58606 860.07572
7243.20202 171.71548 5.76656 5.55895 859.30142
7242.62407 170.71130 5.73345 5.52644 857.72780
7242.62131 170.70690 5.73334 5.52629 857.71164
7242.08804 169.70711 5.70102 5.49393 857.64982
7241.62081 168.93208 5.67580 5.46884 855.77047
7241.48561 168.70293 5.66766 5.46142 855.37646
7240.97610 167.69874 5.63306 5.42891 856.50478
7240.62031 167.08186 5.61396 5.40894 855.74835
7240.38906 166.69456 5.60141 5.39640 854.99733
7239.83708 165.69038 5.56488 5.36389 854.98456
7239.61981 165.33919 5.55615 5.35253 854.05323
7239.24064 164.68619 5.53568 5.33139 853.40210
7238.70864 163.68201 5.50366 5.29888 852.62160
7238.61931 163.54494 5.50030 5.29444 851.86299
7238.14272 162.67782 5.47144 5.26637 852.09475
7237.61881 161.80747 5.44489 5.23819 850.45018
7237.52625 161.67364 5.44071 5.23386 849.79815
7236.89597 160.66946 5.40543 5.20135 849.61828
7236.61831 160.25142 5.39225 5.18782 849.60823
7236.25875 159.66527 5.37473 5.16884 849.32598
7235.61781 158.67320 5.34017 5.13673 846.27269
7235.60998 158.66109 5.33981 5.13634 846.23867
7235.06121 157.65690 5.30750 5.10383 847.54181
7234.61731 156.94550 5.28450 5.08080 846.44667
7234.42995 156.65272 5.27465 5.07132 845.79417
7233.83890 155.64854 5.24113 5.03881 845.81833
7233.61681 155.27848 5.22960 5.02683 845.75631
7233.23909 154.64435 5.21070 5.00630 844.03970
7232.64325 153.64017 5.17777 4.97379 843.11772
7232.61631 153.59975 5.17654 4.97248 843.02519
7232.04472 152.63598 5.14614 4.94128 843.21581
7231.61581 152.01000 5.12460 4.92102 841.16265
7231.37057 151.63180 5.11120 4.90878 840.44703
7230.79173 150.62762 5.07913 4.87627 841.61021
7230.61531 150.35042 5.06943 4.86729 841.33081
7230.15352 149.62343 5.04354 4.84376 840.68307
7229.61481 148.80648 5.01853 4.81731 839.16110
7229.49492 148.61925 5.01331 4.81125 839.01189
7228.87035 147.61506 4.97767 4.77874 838.91291
7228.61431 147.24850 4.96586 4.76688 837.65268
7228.18659 146.61088 4.94780 4.74623 836.43189
7227.61381 145.68299 4.92015 4.71620 836.80463
7227.56430 145.60669 4.91726 4.71373 836.98940
7226.88649 144.60251 4.87989 4.68122 836.86507
7226.61331 144.20357 4.86954 4.66830 835.79925
7226.20451 143.59833 4.85091 4.64871 834.77678
7225.61281 142.74911 4.82196 4.62122 832.88385
7225.50653 142.59414 4.81753 4.61620 832.62168
7224.85167 141.58996 4.78501 4.58369 832.37558
7224.61231 141.24903 4.77353 4.57265 831.57481
7224.18720 140.58577 4.74814 4.55118 831.80712
7223.61181 139.70304 4.72184 4.52261 831.91100
7223.52627 139.58159 4.71807 4.51867 831.65134
7222.87175 138.57741 4.68050 4.48617 831.94446
7222.61131 138.22631 4.67087 4.47480 830.73322
7222.14558 137.57322 4.65098 4.45366 829.73922
7221.61081 136.74254 4.62592 4.42677 827.80967
7221.50080 136.56904 4.61980 4.42115 827.61559
7220.84626 135.56485 4.58754 4.38864 828.71618
7220.61031 135.24806 4.57797 4.37839 827.75681
7220.12872 134.56067 4.55113 4.35613 826.86102
7219.60980 133.83359 4.53077 4.33259 825.92362
7219.37923 133.55649 4.52220 4.32362 825.30903
7218.60930 132.61033 4.48967 4.29299 823.54630
7218.56746 132.55230 4.48765 4.29112 823.54593
7217.89279 131.54812 4.45576 4.25861 824.04873
7217.60880 131.17105 4.44367 4.24640 823.07513
7217.16401 130.54393 4.42029 4.22610 822.85087
7216.60830 129.76355 4.39619 4.20084 822.41629
7216.43438 129.53975 4.38894 4.19359 821.77968
7215.72036 128.53556 4.35518 4.16108 820.16363
7215.60780 128.38470 4.35204 4.15620 819.19536
7215.04031 127.53138 4.32568 4.12857 819.77367
7214.60730 126.95373 4.30586 4.10987 819.05093
7214.29220 126.52720 4.28914 4.09606 818.60690
7213.60680 125.60291 4.26221 4.06614 817.78265
7213.54463 125.52301 4.25958 4.06356 817.57275
7212.81054 124.51883 4.22095 4.03105 817.41867
7212.60630 124.26083 4.21525 4.02270 816.68823
7212.03378 123.51464 4.19171 3.99854 815.42611
7211.60580 122.96916 4.17290 3.98088 814.32126
7211.26690 122.51046 4.15752 3.96603 814.40764
7210.60530 121.63943 4.13000 3.93783 813.29905
7210.48952 121.50628 4.12562 3.93352 812.66720
7209.61381 120.50209 4.09265 3.90101 811.66266
7209.60480 120.49147 4.09239 3.90067 811.65325
7208.87045 119.49791 4.05857 3.86851 811.45474
7208.60430 119.13502 4.04840 3.85676 809.95955
7208.16484 118.49372 4.02858 3.83600 811.27507
7207.60380 117.82820 4.00569 3.81445 808.97299
7207.33309 117.48954 3.99339 3.80349 808.38523
7206.60330 116.52847 3.96198 3.77238 808.94634
7206.56784 116.48536 3.96079 3.77098 808.84831
7205.77744 115.48117 3.92438 3.73847 808.38700
7205.60280 115.28024 3.91760 3.73197 807.48605
7204.96537 114.47699 3.89613 3.70596 807.07448
7204.60230 114.05082 3.87826 3.69217 805.66818
7204.13632 113.47280 3.85708 3.67346 805.14928
7203.60180 112.79703 3.84003 3.65158 805.27421
7203.32490 112.46862 3.82507 3.64095 804.45174
7202.60130 111.60194 3.79756 3.61289 803.17388
7202.47877 111.46444 3.79426 3.60844 802.41417
7201.69207 110.46025 3.75969 3.57593 800.62124
7201.60080 110.35622 3.75667 3.57256 800.57577
7200.84205 109.45607 3.72686 3.54342 803.32051
7200.60030 109.18999 3.71895 3.53481 801.84220
7199.99031 108.45188 3.69251 3.51091 801.16098
7199.59980 107.99953 3.67795 3.49627 800.33009
7199.12919 107.44770 3.66091 3.47840 799.53635
7198.59930 106.83465 3.63756 3.45856 798.42308
7198.26221 106.44351 3.62722 3.44590 797.85100
7197.59880 105.68645 3.60402 3.42139 796.24229
7197.38092 105.43933 3.59292 3.41339 795.68427
7196.59830 104.51056 3.56652 3.38332 795.78909
7196.53072 104.43515 3.56411 3.38088 795.58775
7195.64286 103.43096 3.52673 3.34837 793.82422
7195.59780 103.38078 3.52591 3.34675 793.69602
7194.74452 102.42678 3.49225 3.31586 792.04817
7194.59730 102.24726 3.48418 3.31005 792.56620
7193.97859 101.42259 3.46236 3.28335 793.99853
7193.59680 101.01420 3.44973 3.27013 790.92515
7193.06384 100.41841 3.42635 3.25085 789.88061
7192.59630 99.88741 3.41063 3.23366 790.75006
7192.10304 99.41423 3.39515 3.21834 790.23835
7191.59580 98.91017 3.37533 3.20202 788.32804
7191.16480 98.41004 3.35719 3.18583 788.69388
7190.59530 97.78849 3.34310 3.16571 787.69747
7190.22930 97.40586 3.32430 3.15332 786.31872
7189.59480 96.73522 3.30126 3.13161 784.26546
7189.27862 96.40167 3.30053 3.12081 783.27165
7188.59430 95.67043 3.25863 3.09714 781.86275
7188.32792 95.39749 3.24831 3.08830 780.71582
7187.59380 94.63173 3.23566 3.06351 778.22913
7187.37752 94.39331 3.21442 3.05579 778.46288
7186.59330 93.52355 3.19328 3.02764 779.74594
7186.46527 93.38912 3.19256 3.02329 778.72438
7185.59280 92.39144 3.13318 2.99099 775.93280
7185.58711 92.38494 3.13297 2.99078 775.96904
7184.61235 91.38075 3.09491 2.95827 773.56537
7184.59230 91.36136 3.09343 2.95764 773.37848
7183.59180 90.43104 3.05882 2.92752 770.56055
7183.53854 90.37657 3.05653 2.92576 770.90508
7182.59130 89.47685 3.00141 2.89663 764.76759
7182.48445 89.37238 2.99704 2.89325 764.14524
7181.59080 88.43849 2.95412 2.86302 763.97365
7181.51810 88.36820 2.95012 2.86074 763.53294
7180.59030 87.45350 2.90361 2.83113 759.57718
7180.50463 87.36402 2.89966 2.82824 759.59869
7179.58979 86.47015 2.85438 2.79930 755.37856
7179.48452 86.35983 2.84870 2.79573 755.44921
7178.58929 85.48118 2.80412 2.76728 751.80483
7178.46696 85.35565 2.79690 2.76322 751.77376
7177.58879 84.38002 2.74846 2.73163 758.72102
7177.56119 84.35146 2.74678 2.73071 758.62642
7176.65974 83.34728 2.67373 2.69820 756.33360
7176.58829 83.27963 2.67032 2.69601 755.77860
7175.58779 82.46228 2.64324 2.66955 738.11688
7175.45779 82.34310 2.63455 2.66569 736.53973
7174.58729 81.46833 2.58970 2.63737 741.04267
7174.45473 81.33891 2.58350 2.63318 742.42343
7173.58679 80.57339 2.52376 2.60840 733.64193
7173.33280 80.33473 2.51405 2.60068 730.99800
7172.58629 79.66239 2.47197 2.57891 721.12415
7172.26985 79.33054 2.43903 2.56817 720.73681
7171.58579 78.57318 2.42549 2.54365 719.12036
7171.37526 78.32636 2.41750 2.53566 718.44392
7170.59386 77.32218 2.37187 2.50315 715.66837
7170.58529 77.31225 2.37150 2.50283 715.45617
7169.96520 76.31799 2.34753 2.47064 719.21942
7169.58479 75.68623 2.32141 2.45019 716.26251
7169.35018 75.31381 2.29676 2.43813 708.57103
7168.87814 74.30962 2.27396 2.40563 710.38053
7168.58429 73.76618 2.25906 2.38803 704.44681
7168.33538 73.30544 2.23892 2.37312 697.79299
7167.87620 72.30126 2.18287 2.34061 690.24419
7167.58379 71.71020 2.16848 2.32147 680.90347
7167.39854 71.29707 2.16032 2.30810 675.76468
7167.07780 70.29289 2.12830 2.27559 675.82143
7166.64324 69.28870 2.07771 2.24308 660.20651
7166.58329 69.16203 2.07222 2.23898 658.07260
7166.21994 68.28452 2.03827 2.21057 649.49111
7165.82180 67.28033 2.01799 2.17807 642.07154
7165.58279 66.74560 2.00347 2.16076 634.56948
7165.35919 66.27615 1.99027 2.14556 625.24837
7165.00645 65.27197 1.95651 2.11305 615.86372
7164.58229 64.47598 1.93922 2.08728 600.75654
7164.46263 64.26778 1.93618 2.08054 596.67877
7163.95419 63.26360 1.91826 2.04803 583.34959
7163.58179 62.65819 1.90110 2.02843 572.73640
7163.30843 62.25941 1.89099 2.01552 565.05850
7162.58129 61.27854 1.87253 1.98377 546.00747
7162.56066 61.25523 1.87192 1.98302 545.45139
7161.73990 60.25105 1.84492 1.95051 526.31110
7161.58079 60.04782 1.83916 1.94393 523.09526
7160.85293 59.24686 1.81627 1.91800 507.69175
7160.58029 58.99285 1.80887 1.90978 501.71218
7159.81229 58.24268 1.78612 1.88549 486.82467
7159.57979 57.96545 1.77814 1.87652 483.03398
7158.90373 57.23849 1.75861 1.85298 471.07066
7158.57929 56.92134 1.74864 1.84271 465.83541
7157.81606 56.23431 1.72571 1.82047 453.59757
7157.57879 56.04699 1.71987 1.81441 449.57259
7156.57829 55.28447 1.69476 1.78972 435.98491
7156.51623 55.23013 1.69306 1.78796 435.28679
7155.57779 54.44705 1.67040 1.76261 422.27365
7155.29829 54.22594 1.66204 1.75546 418.45461
7154.57729 53.59387 1.64239 1.73499 409.75959
7154.13810 53.22176 1.63141 1.72295 404.50631
7153.57679 52.79762 1.61544 1.70922 397.43090
7152.90583 52.21757 1.59926 1.69044 390.18663
7152.57629 51.91408 1.58947 1.68061 386.96503
7151.70449 51.21339 1.56535 1.65793 377.52348
7151.57579 51.09641 1.56216 1.65414 376.32603
7150.57529 50.26776 1.53450 1.62732 366.38314
7150.50400 50.20921 1.53228 1.62542 365.68398
7149.57479 49.51853 1.51248 1.60306 356.12723
7149.11906 49.20502 1.50349 1.59291 351.19822
7148.57429 48.82360 1.49120 1.58057 346.03223
7147.59793 48.20084 1.47235 1.56041 336.27581
7147.57379 48.18364 1.47194 1.55985 336.01666
7146.57329 47.40437 1.44728 1.53462 327.08544
7146.32022 47.19665 1.44040 1.52790 325.06613
7145.57279 46.54566 1.42350 1.50682 319.36925
7145.17424 46.19247 1.41142 1.49539 316.44796
7144.57229 45.66005 1.39361 1.47815 312.06310
7144.04452 45.18828 1.38110 1.46288 308.29154
7143.57179 44.73333 1.36425 1.44815 305.19576
7143.03375 44.18410 1.34437 1.43037 301.92462
7142.57129 43.74705 1.33302 1.41622 298.83889
7141.83199 43.17992 1.31370 1.39786 292.95393
7141.57079 42.96168 1.30551 1.39080 291.03433
7140.57029 42.19008 1.27951 1.36582 283.36709
7140.55234 42.17573 1.27901 1.36535 283.23399
7139.56978 41.43056 1.25022 1.34123 275.75459
7139.18779 41.17155 1.24129 1.33285 273.35543
7138.56928 40.84341 1.23387 1.32222 268.61276
7137.56878 40.41086 1.22111 1.30822 259.34990
7137.10026 40.16736 1.21159 1.30034 255.25647
7136.56828 39.82436 1.19956 1.28923 250.97423
7135.64067 39.16318 1.18078 1.26783 244.36248
7135.56778 39.11779 1.17896 1.26636 243.83619
7134.56728 38.37377 1.15463 1.24227 237.29159
7134.31063 38.15900 1.14963 1.23532 235.72739
7133.56678 37.51225 1.12829 1.21438 231.37492
7133.12877 37.15481 1.11655 1.20281 228.69940
7132.56628 36.64901 1.10119 1.18644 225.46424
7131.99614 36.15063 1.08239 1.17030 222.15407
7131.56578 35.78293 1.06877 1.15840 219.51680
7130.73315 35.14644 1.04987 1.13780 214.84619
7130.56528 35.03403 1.04672 1.13416 213.93666
7129.56478 34.52918 1.03002 1.11781 207.24654
7128.70446 34.14226 1.01373 1.10529 201.30973
7128.56428 34.07441 1.01087 1.10309 200.37566
7127.56378 33.54873 0.99409 1.08607 193.96049
7126.89670 33.13808 0.97649 1.07278 189.97560
7126.56328 32.92046 0.96735 1.06573 188.04991
7125.56278 32.25470 0.95163 1.04418 182.38621
7125.36111 32.13389 0.94800 1.04027 181.23205
7124.56228 31.69930 0.93160 1.02620 176.65136
7123.56178 31.22588 0.91474 1.01088 170.90334
7123.38880 31.12971 0.91249 1.00776 169.94774
7122.56128 30.65288 0.89827 0.99233 165.40234
7121.69104 30.12552 0.88021 0.97525 161.01560
7121.56078 30.04572 0.87724 0.97267 160.47436
7120.56028 29.48134 0.86128 0.95440 155.80298
7119.93551 29.12134 0.85025 0.94275 152.69254
7119.55978 28.90462 0.84168 0.93573 150.88259
7118.55928 28.37700 0.82343 0.91865 146.08331
7118.08721 28.11715 0.81622 0.91024 143.87678
7117.55878 27.84744 0.80835 0.90151 141.43074
7116.55828 27.30934 0.78605 0.88409 136.93013
7116.25774 27.11297 0.78034 0.87773 135.61836
7115.55778 26.69834 0.77216 0.86431 132.58388
7114.55728 26.23860 0.75673 0.84942 128.34606
7114.32276 26.10879 0.75073 0.84522 127.38128
7113.55678 25.64648 0.73451 0.83025 124.20907
7112.57396 25.10460 0.71841 0.81271 120.69062
7112.55628 25.09438 0.71800 0.81238 120.62466
7111.55578 24.38408 0.69087 0.78939 116.61352
7111.13561 24.10042 0.68218 0.78020 114.96717
7110.55528 23.78102 0.67556 0.76986 112.75989
7109.55478 23.46909 0.66598 0.75976 109.24804
7108.55428 23.19465 0.65110 0.75088 105.91860
7108.24775 23.09623 0.64637 0.74769 104.91779
7107.55378 22.85160 0.63875 0.73977 102.68176
7106.55328 22.45241 0.62969 0.72685 99.55888
7105.81616 22.09205 0.61946 0.71519 97.27445
7105.55278 21.97288 0.61532 0.71133 96.48513
7104.55228 21.43771 0.59975 0.69400 93.37457
7103.93072 21.08787 0.58946 0.68268 91.54576
7103.55178 20.84483 0.58280 0.67481 90.46244
7102.55128 20.16424 0.55729 0.65278 87.26522
7102.43042 20.08368 0.55455 0.65017 86.87839
7101.55078 19.60509 0.54414 0.63468 84.29700
7100.55028 19.29485 0.53692 0.62463 81.85840
7099.63692 19.07950 0.52794 0.61766 79.85117
7099.54977 19.05827 0.52697 0.61697 79.66312
7098.54927 18.76580 0.51092 0.60751 77.46402
7097.54877 18.34049 0.50167 0.59374 75.08242
7097.05365 18.07531 0.49362 0.58515 73.80790
7096.54827 17.78544 0.48421 0.57577 72.48233
7095.54777 17.15337 0.46195 0.55531 69.76461
7095.40836 17.07113 0.45972 0.55264 69.42001
7094.54727 16.62936 0.45336 0.53834 67.40537
7093.54677 16.29990 0.44206 0.52768 65.46999
7092.68166 16.06695 0.42761 0.52014 63.97554
7092.54627 16.02511 0.42601 0.51878 63.73499
7091.54577 15.62030 0.41424 0.50568 61.73580
7090.54527 15.15761 0.40473 0.49070 59.63150
7090.35392 15.06276 0.40185 0.48763 59.21801
7089.54477 14.66307 0.38662 0.47469 57.48227
7088.54427 14.21472 0.37316 0.46017 55.48350
7088.21508 14.05858 0.36992 0.45512 54.79681
7087.54377 13.73767 0.36309 0.44473 53.40828
7086.54327 13.39030 0.34989 0.43348 51.87073
7085.54277 13.17288 0.33488 0.42645 50.75759
7085.04220 13.05439 0.33114 0.42261 50.18492
7084.54227 12.94054 0.32822 0.41892 49.60705
7083.54177 12.62036 0.32501 0.40856 48.25076
7082.54127 12.28354 0.31881 0.39765 46.78676
7082.03665 12.05021 0.31124 0.39010 45.84299
7081.54077 11.80441 0.29944 0.38214 44.87155
7080.54027 11.31371 0.28789 0.36626 42.95346
7079.95787 11.04603 0.28529 0.35759 41.90254
7079.53977 10.87465 0.28184 0.35204 41.20870
7078.53927 10.55705 0.26790 0.34176 39.87246
7077.53877 10.19534 0.25365 0.33005 38.42128
7077.17127 10.04184 0.24751 0.32508 37.83422
7076.53827 9.79717 0.24568 0.31716 36.85782
7075.53777 9.48928 0.24385 0.30720 35.59097
7074.53727 9.27795 0.23391 0.30036 34.66252
7073.64438 9.03766 0.22274 0.29258 33.65832
7073.53677 9.00638 0.22090 0.29156 33.52945
7072.53627 8.69952 0.20925 0.28163 32.28670
7071.53577 8.40881 0.20790 0.27222 31.10533
7070.53527 8.16844 0.20467 0.26444 30.08762
7070.05510 8.03347 0.20105 0.26007 29.54109
7069.53477 7.89974 0.19629 0.25574 28.98158
7068.53427 7.60369 0.17943 0.24615 27.78007
7067.53377 7.29944 0.17077 0.23630 26.56291
7066.53327 7.03965 0.17135 0.22789 25.47883
7066.46518 7.02929 0.17164 0.22756 25.43047
7065.53277 6.93230 0.17433 0.22442 24.92306
7064.53227 6.78808 0.17484 0.21975 24.22371
7063.53177 6.58569 0.17326 0.21320 23.32610
7062.53127 6.43025 0.16887 0.20817 22.59100
7061.53077 6.32094 0.16441 0.20463 21.99654
7060.53027 6.15655 0.15975 0.19931 21.21686
7060.09042 6.02510 0.15768 0.19505 20.67796
7059.52976 5.86751 0.15723 0.18995 20.03472
7058.52926 5.54690 0.15502 0.17957 18.71412
7057.52876 5.28319 0.15016 0.17103 17.59328
7056.55100 5.02092 0.14848 0.16254 16.53289
7056.52826 5.01530 0.14849 0.16236 16.51037
7056.04753 5.02092 0.14686 0.16254 16.41389
7055.52776 5.02998 0.14271 0.16284 16.31722
7054.52726 5.19802 0.13865 0.16828 16.58935
7053.52676 5.03505 0.13877 0.16300 15.82805
7053.49650 5.02092 0.13808 0.16254 15.77773
0.00000 0.00000 0.00000 0.00000 0.00000
