7259.05909 241.75952 8.11184 7.82648 752.05453
7258.75001 241.06017 8.08981 7.80384 750.28865
7258.32804 240.14500 8.06135 7.77421 747.59594
7258.07679 239.64932 8.04561 7.75817 745.56346
7257.71378 238.76877 8.01799 7.72966 744.13406
7257.35745 237.78865 7.98781 7.69793 743.88570
7257.01058 236.94921 7.96218 7.67076 742.58040
7256.94190 236.78417 7.95714 7.66541 742.31653
7256.55187 235.76789 7.92585 7.63251 741.61487
7256.19724 234.84368 7.89696 7.60259 741.16768
7256.05099 234.52442 7.88694 7.59226 740.35446
7255.78311 233.90277 7.86966 7.57213 738.49866
7255.38823 232.94733 7.84151 7.54120 736.67845
7255.07514 232.26490 7.81990 7.51911 735.06770
7254.89554 231.85308 7.80699 7.50578 734.68852
7254.51865 230.91359 7.77849 7.47537 735.17506
7254.11187 230.01158 7.75139 7.44616 734.51132
7254.03225 229.83936 7.74610 7.44059 734.13425
7253.61374 228.84865 7.71514 7.40852 732.77042
7253.19661 227.80996 7.68299 7.37489 731.94884
7252.98466 227.28755 7.66728 7.35798 731.59994
7252.81310 226.84755 7.65435 7.34374 731.50177
7252.42758 225.93831 7.62612 7.31430 730.53350
7252.07484 225.16284 7.60419 7.28920 727.94033
7251.95790 224.90138 7.59637 7.28073 727.36349
7251.57310 223.99394 7.56869 7.25136 726.52092
7251.13866 223.09853 7.54097 7.22237 724.11198
7251.04030 222.88630 7.53427 7.21550 723.69216
7250.62444 221.92312 7.50413 7.18432 722.61636
7250.21251 220.99559 7.47583 7.15429 721.30814
7250.14206 220.86777 7.47189 7.15015 720.75711
7249.75633 220.07348 7.44739 7.12444 718.77341
7249.25405 219.01957 7.41389 7.09032 716.48043
7249.01720 218.48255 7.39744 7.07294 715.85540
7248.77770 217.89476 7.38010 7.05391 715.74439
7248.39410 217.04457 7.35409 7.02638 714.72230
7248.15225 216.58561 7.33984 7.01153 712.90626
7247.81566 215.86957 7.31930 6.98835 710.53688
7247.44028 214.95066 7.29194 6.95860 710.57471
7247.17506 214.44416 7.27644 6.94220 708.91167
7246.92443 213.94249 7.26095 6.92596 707.69483
7246.49492 212.95387 7.22968 6.89396 707.03327
7246.12875 212.19472 7.20647 6.86938 705.39315
7246.02683 211.99342 7.20039 6.86286 704.89376
7245.57784 211.01834 7.17139 6.83130 704.62825
7245.13709 210.12257 7.14285 6.80230 704.45287
7244.98887 209.80031 7.13316 6.79187 704.55697
7244.64344 208.96031 7.10874 6.76467 704.95999
7244.22202 208.13951 7.08379 6.73810 702.58192
7244.12033 207.94612 7.07801 6.73184 701.69126
7243.65522 206.96628 7.04869 6.70012 699.41692
7243.19819 205.96915 7.01910 6.66784 698.71667
7243.14035 205.86386 7.01593 6.66443 698.34936
7242.72765 205.01794 6.98966 6.63705 696.95435
7242.25826 204.03597 6.95834 6.60526 695.71822
7242.17000 203.87499 6.95351 6.60005 695.19054
7241.81074 203.16030 6.93240 6.57691 693.80845
7241.30310 202.22259 6.90274 6.54655 690.99719
7241.16950 201.97950 6.89452 6.53868 690.21382
7240.70448 201.05309 6.86572 6.50869 688.57379
7240.22083 200.07052 6.83661 6.47688 687.13747
7240.15024 199.95100 6.83277 6.47301 686.62199
7239.69220 199.01283 6.80234 6.44264 685.53315
7239.21344 198.03164 6.77567 6.41088 682.92085
7239.17572 197.96674 6.77379 6.40878 682.67005
7238.75515 197.14177 6.74819 6.38207 681.34216
7238.23976 196.18946 6.71753 6.35124 678.87196
7238.14962 196.01928 6.71214 6.34573 678.48011
7237.68584 195.08750 6.68431 6.31557 677.08948
7237.20250 194.17476 6.65520 6.28602 675.61375
7237.12951 194.03525 6.65077 6.28150 675.59206
7236.59919 192.97020 6.61923 6.24702 676.63311
7236.10583 191.91695 6.58825 6.21293 677.00503
7236.16996 192.05047 6.59244 6.21725 677.08516
7235.68971 191.11021 6.56142 6.18681 675.60111
7235.22046 190.24112 6.53690 6.15868 673.26998
7235.13138 190.07533 6.53252 6.15331 672.57683
7234.66134 189.15749 6.50499 6.12360 670.73331
7234.27577 188.49328 6.48160 6.10209 668.61850
7234.00191 187.98524 6.46766 6.08565 667.58824
7233.54100 187.02302 6.43996 6.05450 667.54988
7233.25840 186.50213 6.42252 6.03763 666.52541
7233.15766 186.34492 6.41695 6.03254 665.73924
7232.55555 185.33944 6.38474 5.99999 662.04525
7232.26942 184.86560 6.37108 5.98465 660.28131
7231.84003 184.07572 6.34486 5.95908 658.83465
7231.34378 183.10281 6.31608 5.92759 658.10418
7231.25540 182.97543 6.31208 5.92346 657.27778
7230.80201 182.13698 6.28608 5.89632 656.10365
7230.26480 181.15391 6.25534 5.86450 652.66336
7230.22834 181.09375 6.25358 5.86255 652.40777
7229.72208 180.15932 6.22927 5.83230 651.12677
7229.27175 179.36238 6.20116 5.80650 649.47885
7229.13860 179.13378 6.19370 5.79910 648.87038
7228.62954 178.18768 6.16560 5.76847 647.52330
7228.30530 177.65495 6.14977 5.75122 645.51362
7228.00868 177.12790 6.13241 5.73416 645.09643
7227.50366 176.19327 6.10411 5.70390 646.31336
7227.32532 175.92347 6.09786 5.69517 645.63443
7226.80670 175.01173 6.06778 5.66565 644.05698
7226.30451 173.96557 6.03437 5.63179 644.89412
7226.29297 173.97284 6.03440 5.63202 644.39418
7225.87102 173.23790 6.01517 5.60823 643.21921
7225.31879 172.30902 5.98250 5.57816 639.63609
7225.22749 172.15424 5.97710 5.57315 638.89217
7224.70932 171.22492 5.95188 5.54306 637.52056
7224.36800 170.68062 5.93339 5.52544 635.62082
7224.10658 170.25727 5.91879 5.51174 634.28921
7223.53445 169.28262 5.88434 5.48019 632.31369
7223.39570 169.07991 5.87880 5.47362 631.25478
7222.92429 168.32573 5.85667 5.44921 628.83033
7222.35812 167.40758 5.82180 5.41949 626.20019
7222.13420 167.02438 5.81147 5.40708 625.53313
7221.67720 166.13997 5.78096 5.37845 626.05676
7221.37117 165.66663 5.76408 5.36313 624.30433
7221.09148 165.20709 5.74682 5.34825 623.16837
7220.53598 164.24570 5.71738 5.31713 621.94476
7220.34431 163.96173 5.70872 5.30793 619.97047
7219.91238 163.22345 5.68296 5.28403 617.43069
7219.32789 162.25156 5.64950 5.25257 616.95364
7219.34037 162.27301 5.65026 5.25326 616.92151
7218.75205 161.30932 5.61588 5.22207 617.45995
7218.38640 160.74550 5.59595 5.20381 615.69963
7218.08095 160.24735 5.57889 5.18769 614.43758
7217.50006 159.28364 5.54547 5.15649 612.83271
7217.38766 159.12679 5.53994 5.15141 611.99741
7216.83145 158.22683 5.50860 5.12228 610.15673
7216.30192 157.32492 5.47666 5.09308 609.36083
7216.18981 157.13722 5.47012 5.08700 609.10047
7215.65792 156.20439 5.43838 5.05680 608.94482
7215.51600 155.98463 5.43073 5.04969 608.33328
7215.26418 155.65985 5.41891 5.03918 606.08138
7214.58890 154.76904 5.39006 5.01034 599.31583
7214.21377 154.20017 5.37261 4.99192 596.22152
7213.65377 153.25221 5.33875 4.96123 595.83981
7213.44586 152.95019 5.32844 4.95146 594.58596
7213.02746 152.31454 5.30685 4.93088 592.76751
7212.37632 151.27673 5.26999 4.89728 591.05206
7212.40931 151.32881 5.27185 4.89897 591.14291
7211.78626 150.36450 5.23911 4.86775 588.96963
7211.43305 149.84625 5.22089 4.85097 587.32800
7210.99409 149.15135 5.19643 4.82848 585.98427
7210.43076 148.15936 5.16233 4.79636 586.80339
7210.48347 148.27059 5.16616 4.79996 586.23336
7209.89133 147.39098 5.13565 4.77149 586.16474
7209.47028 146.76289 5.11305 4.75116 586.18991
7209.22915 146.41586 5.10216 4.73992 584.38350
7208.54732 145.40983 5.07015 4.70735 579.36860
7208.46611 145.29612 5.06605 4.70367 578.95636
7207.88345 144.42908 5.03595 4.67560 576.96160
7207.49667 143.89108 5.01737 4.65819 574.72190
7207.11319 143.31435 4.99705 4.63952 573.52279
7206.46414 142.30942 4.96176 4.60698 572.21987
7206.57370 142.47134 4.96736 4.61222 572.60632
7205.91506 141.57367 4.93656 4.58316 568.63868
7205.59405 141.16296 4.92206 4.56987 566.13180
7205.01865 140.35952 4.89422 4.54386 563.22790
7204.39341 139.38257 4.86027 4.51223 562.49426
7204.41578 139.41410 4.86138 4.51325 562.59182
7203.76772 138.48257 4.82863 4.48310 560.06655
7203.54764 138.20730 4.81905 4.47419 558.30236
7203.00773 137.42736 4.79184 4.44894 556.63629
7202.54332 136.77225 4.77189 4.42773 552.53795
7202.31169 136.45965 4.76197 4.41761 550.52008
7201.59455 135.44190 4.72645 4.38466 549.53639
7201.51025 135.32788 4.72242 4.38097 549.56561
7200.92306 134.48420 4.69260 4.35366 550.02382
7200.58200 134.04906 4.67727 4.33957 547.57171
7200.11849 133.39254 4.65457 4.31832 545.75421
7199.49263 132.48170 4.62295 4.28883 544.39206
7199.38882 132.33937 4.61811 4.28422 543.91979
7198.72470 131.34595 4.58366 4.25206 543.27072
7198.57992 131.14220 4.57645 4.24547 542.82162
7198.17511 130.60585 4.55745 4.22810 540.73683
7197.68752 130.00003 4.53639 4.20849 537.18750
7197.39064 129.61975 4.52312 4.19618 535.38332
7196.67678 128.71605 4.49227 4.16692 530.45819
7196.48875 128.47232 4.48492 4.15903 528.54942
7195.76851 127.47865 4.45200 4.12687 524.97642
7195.64973 127.32705 4.44649 4.12196 524.35869
7195.07327 126.58561 4.42049 4.09796 521.18888
7194.63314 126.02070 4.40097 4.07967 518.76281
7194.30028 125.57868 4.38534 4.06536 517.40850
7193.67548 124.78835 4.35778 4.03977 513.97744
7193.45528 124.50687 4.34803 4.03066 512.74848
7192.69984 123.49047 4.31218 3.99776 510.14688
7192.58592 123.34071 4.30681 3.99291 510.08337
7191.94971 122.48163 4.27710 3.96510 511.49992
7191.53923 121.93222 4.25843 3.94731 510.71576
7191.28663 121.55579 4.24536 3.93513 510.77100
7190.75285 120.91734 4.22277 3.91446 506.89025
7190.48832 120.59844 4.21137 3.90413 505.14390
7189.68517 119.57445 4.17678 3.87098 501.19934
7189.67433 119.56252 4.17643 3.87060 501.05619
7188.91474 118.59979 4.14568 3.83943 494.94962
7188.84054 118.50866 4.14236 3.83648 494.56694
7188.23913 117.83855 4.11966 3.81479 489.57864
7187.76637 117.32127 4.10285 3.79804 485.17353
7187.18345 116.58419 4.07356 3.77418 482.66180
7186.72139 116.00895 4.05394 3.75556 480.58048
7186.39083 115.61343 4.04056 3.74275 478.59368
7185.69773 114.74367 4.00449 3.71460 475.62023
7185.47539 114.47051 3.99310 3.70575 474.52528
7184.73700 113.47102 3.95701 3.67340 473.53399
7184.73298 113.47878 3.95715 3.67365 473.14110
7184.06165 112.65691 3.92125 3.64704 470.64183
7183.80081 112.35941 3.90912 3.63741 470.32147
7183.24505 111.70702 3.88320 3.61629 469.24992
7182.79662 111.18860 3.86225 3.59951 466.02961
7182.38172 110.69955 3.84331 3.58368 461.60353
7181.81374 110.04049 3.81707 3.56234 457.03043
7181.52478 109.71052 3.80344 3.55166 455.08787
7180.82017 108.88932 3.77024 3.52507 450.91665
7180.81945 108.89179 3.77030 3.52515 450.81360
7179.97076 108.00720 3.73270 3.49652 442.76656
7179.71151 107.72128 3.72085 3.48726 440.75391
7178.83333 106.71010 3.67942 3.45453 435.66141
7178.77114 106.63810 3.67647 3.45220 435.33915
7177.93094 105.64221 3.63549 3.41996 431.05424
7177.66155 105.31288 3.62211 3.40929 430.04739
7177.12203 104.61565 3.59428 3.38672 429.29883
7176.90978 104.39954 3.58489 3.37973 427.29857
7176.34088 103.77547 3.55826 3.35952 423.12518
7175.88332 103.26677 3.53707 3.34306 419.96998
7175.41493 102.75272 3.51510 3.32641 416.52885
7174.85530 102.12064 3.48824 3.30595 414.07087
7174.56974 101.80244 3.47617 3.29565 412.83524
7173.93361 101.12379 3.44997 3.27368 407.52251
7173.65947 100.82729 3.43720 3.26408 405.21897
7172.95590 100.08186 3.40406 3.23995 399.43009
7172.67705 99.78808 3.39120 3.23044 397.24428
7171.90953 98.94588 3.35447 3.20317 392.01716
7171.86749 98.90476 3.35258 3.20184 391.58131
7171.02105 98.04707 3.31383 3.17408 383.75438
7170.87479 97.89458 3.30710 3.16914 382.53691
7170.01040 97.01674 3.26708 3.14072 374.70877
7169.69019 96.67011 3.25168 3.12950 372.59617
7168.81211 95.65153 3.20704 3.09653 368.28501
7168.92897 95.78240 3.21281 3.10076 369.05386
7168.01000 94.79648 3.16891 3.06885 362.32378
7167.98784 94.77547 3.16794 3.06817 362.07963
7167.09868 93.85296 3.12637 3.03830 355.02731
7167.04444 93.79941 3.12391 3.03657 354.48182
7166.15355 92.90579 3.08729 3.00764 345.18794
7166.09409 92.84730 3.08511 3.00575 344.77658
7165.17083 91.94814 3.04645 2.97664 337.29848
7165.01899 91.79749 3.03968 2.97176 335.72352
7164.11052 90.87133 3.00039 2.94178 328.21540
7164.05388 90.81658 2.99807 2.94001 327.68363
7163.13359 89.89781 2.95947 2.91026 319.00740
7163.33917 90.08101 2.96701 2.91619 321.51710
7162.34533 89.24600 2.93262 2.88916 308.67187
7161.98001 88.90695 2.91913 2.87818 304.73770
7161.04735 87.98017 2.88364 2.84818 296.55403
7160.90389 87.83035 2.87792 2.84333 295.46829
7159.98883 86.88837 2.84377 2.81284 288.23152
7160.02175 86.91641 2.84473 2.81374 288.61280
7159.08707 86.00601 2.81354 2.78427 280.23045
7158.87785 85.79449 2.80691 2.77742 278.53861
7157.95432 84.82312 2.77814 2.74598 271.97496
7158.08608 84.95191 2.78255 2.75015 273.02612
7157.12618 84.03893 2.74675 2.72059 264.27069
7156.88329 83.79615 2.73814 2.71273 262.58614
7155.96691 82.83736 2.71929 2.68169 256.90346
7155.91241 82.78131 2.71947 2.67988 256.46957
7154.95877 81.78028 2.65887 2.64747 249.87241
7154.40028 81.07917 2.53040 2.62478 247.76510
7153.79578 80.15858 2.45865 2.59497 247.89449
7153.50747 79.78371 2.43989 2.58284 247.07265
7153.07520 79.14756 2.39888 2.56224 246.58746
7152.45977 78.25873 2.37876 2.53347 245.49295
7151.96098 77.39718 2.35470 2.50558 245.92210
7151.44836 76.22325 2.32283 2.46758 250.38166
7151.05185 75.21158 2.29531 2.43482 253.79277
7151.13183 75.40933 2.30025 2.44123 253.48019
7150.57943 74.31142 2.26892 2.40568 254.45846
7150.13658 73.15981 2.23320 2.36840 260.10655
7149.97760 72.81614 2.22228 2.35728 261.18025
7149.64493 71.98839 2.19618 2.33048 265.43929
7149.31552 71.00314 2.16502 2.29858 272.44830
7148.97904 70.15597 2.13845 2.27116 277.34277
7148.93188 70.06007 2.13546 2.26805 277.75157
7148.47542 68.87143 2.09822 2.22957 287.03136
7148.19251 67.88132 2.06738 2.19752 298.90565
7147.94545 67.28015 2.04911 2.17806 303.98344
7147.97689 67.36231 2.05167 2.18072 303.24286
7147.56789 66.46813 2.02491 2.15177 308.50656
7147.16908 65.70979 2.00504 2.12722 309.22970
7147.23109 65.83471 2.00854 2.13127 308.80288
7146.74915 65.01169 1.98388 2.10462 310.74747
7146.70783 65.00075 1.98362 2.10427 309.75543
7146.21493 64.40187 1.96599 2.08488 307.34506
7145.76839 63.83835 1.94907 2.06664 305.76004
7145.51816 63.58397 1.94141 2.05840 303.74034
7144.89254 62.86040 1.91959 2.03498 300.81014
7145.01971 63.00065 1.92380 2.03952 301.49464
7144.20111 62.28829 1.90240 2.01646 293.81621
7143.51323 61.59429 1.88119 1.99399 289.60704
7142.84240 60.81821 1.85717 1.96887 287.48489
7142.88525 60.86478 1.85861 1.97038 287.66655
7142.20672 60.23696 1.83931 1.95005 283.12990
7142.01233 60.06588 1.83405 1.94451 281.74428
7141.34180 59.51719 1.81726 1.92675 276.46811
7140.71767 58.96815 1.80032 1.90898 272.44475
7140.38975 58.66888 1.79086 1.89929 270.61209
7139.68198 58.11758 1.77394 1.88144 265.18905
7139.30925 57.79438 1.76500 1.87098 263.15574
7138.42382 57.03765 1.74372 1.84648 258.32176
7138.34998 56.98235 1.74203 1.84469 257.78675
7137.32435 56.11160 1.71440 1.81650 251.97146
7137.19867 55.99973 1.71088 1.81288 251.35513
7136.41224 55.32019 1.68957 1.79088 247.30382
7136.31575 55.27191 1.68808 1.78932 246.37360
7135.51492 54.68207 1.66947 1.77022 241.23358
7134.86610 54.15689 1.65296 1.75322 237.81771
7134.69863 54.03991 1.64932 1.74943 236.69353
7133.71114 53.35462 1.62794 1.72725 230.34762
7133.59735 53.27265 1.62540 1.72460 229.67641
7132.61049 52.56785 1.60353 1.70178 223.94416
7132.01328 52.10579 1.58913 1.68682 220.99711
7131.35921 51.57123 1.57244 1.66952 217.89417
7130.67979 50.99140 1.55421 1.65074 215.98204
7130.21217 50.58534 1.54133 1.63760 214.83970
7129.43539 49.86752 1.51874 1.61436 212.13528
7129.20793 49.65898 1.51198 1.60761 211.37568
7128.33800 48.87273 1.48649 1.58216 208.33546
7128.19567 48.73044 1.48240 1.57755 207.80628
7127.27905 47.90630 1.45825 1.55087 203.69261
7127.44865 48.04934 1.46284 1.55550 204.42633
7126.46188 47.26566 1.43668 1.53013 200.13483
7126.22353 47.07966 1.43050 1.52411 199.07686
7125.43762 46.44392 1.40926 1.50353 195.79988
7125.12408 46.19396 1.40088 1.49544 194.48813
7124.70708 45.90482 1.39123 1.48608 192.43487
7123.82242 45.29033 1.37092 1.46618 188.20013
7124.44389 45.64126 1.38250 1.47754 191.81719
7123.37834 45.15697 1.36659 1.46187 184.81959
7122.27209 44.58340 1.34799 1.44330 178.47863
7121.55353 44.12155 1.33295 1.42835 175.65517
7120.50319 43.32771 1.30733 1.40265 172.27737
7120.28970 43.14453 1.30142 1.39672 171.58995
7119.50850 42.57210 1.28286 1.37819 168.64825
7118.73358 41.93431 1.26185 1.35754 166.15446
7118.33276 41.56182 1.24972 1.34548 165.10920
7117.66895 41.03367 1.23190 1.32838 162.88956
7117.29851 40.71922 1.22105 1.31820 161.79055
7116.39539 39.94004 1.19701 1.29298 158.71187
7116.41441 39.95514 1.19745 1.29347 158.78775
7115.48058 39.20176 1.17335 1.26908 155.51134
7116.03046 39.56004 1.18560 1.28068 157.73705
7115.43059 39.25389 1.17512 1.27077 154.88756
7114.45949 38.82775 1.16027 1.25697 150.25544
7113.87108 38.51865 1.14981 1.24696 147.70829
7112.95340 38.00493 1.13248 1.23033 144.43405
7111.89455 37.31460 1.10936 1.20799 141.10520
7111.81309 37.25790 1.10744 1.20615 140.83716
7110.96333 36.69940 1.08854 1.18807 138.04302
7110.73927 36.59327 1.08503 1.18463 137.16748
7110.40354 36.43006 1.07962 1.17935 135.89721
7109.32527 35.91955 1.06275 1.16282 131.90380
7108.50904 35.47854 1.04801 1.14855 129.19606
7107.89508 35.11060 1.03595 1.13664 127.29818
7106.83154 34.42979 1.01348 1.11460 124.22010
7106.73614 34.35800 1.01110 1.11227 123.97466
7106.02319 33.91923 0.99654 1.09807 121.91215
7105.23036 33.47600 0.98204 1.08372 119.57942
7105.18393 33.44540 0.98104 1.08273 119.45388
7104.17057 32.90665 0.96323 1.06529 116.52080
7103.44259 32.50147 0.94988 1.05217 114.83925
7103.15362 32.34917 0.94492 1.04724 114.07295
7102.13483 31.78621 0.92642 1.02902 111.28975
7101.63858 31.51216 0.91723 1.02014 109.98889
7101.35546 31.36080 0.91218 1.01524 109.24332
7100.29387 30.85869 0.89747 0.99899 106.38513
7099.45307 30.38190 0.88383 0.98355 104.26739
7098.85056 29.99759 0.87116 0.97111 102.85034
7097.84016 29.34873 0.84920 0.95011 100.50397
7097.64717 29.21845 0.84489 0.94589 100.06137
7096.74769 28.59681 0.82410 0.92576 98.02242
7096.44690 28.39647 0.81735 0.91928 97.33406
7096.91513 28.58542 0.82367 0.92540 98.43730
7096.24966 28.42511 0.81836 0.92021 96.84977
7095.13607 28.11803 0.80836 0.91027 94.54521
7094.25090 27.83411 0.79945 0.90107 92.75180
7093.74586 27.64825 0.79365 0.89506 91.72684
7092.48542 27.14857 0.77797 0.87888 89.28300
7091.28348 26.53512 0.75886 0.85902 86.96387
7091.08159 26.42712 0.75547 0.85553 86.57808
7089.94887 25.78048 0.73460 0.83459 84.38203
7089.06126 25.19026 0.71567 0.81548 82.59419
7088.67088 24.90180 0.70622 0.80615 81.78238
7087.72847 24.25307 0.68481 0.78514 79.84023
7088.37348 24.61867 0.69678 0.79698 81.08617
7087.87054 24.36882 0.68865 0.78889 80.15302
7087.36457 24.25494 0.68511 0.78521 79.39428
7086.34774 24.02647 0.67847 0.77781 78.08690
7085.65563 23.81540 0.67223 0.77098 77.08104
7084.61609 23.44654 0.66110 0.75903 75.55591
7083.27591 22.81915 0.64135 0.73872 73.40598
7082.45103 22.34438 0.62811 0.72335 72.00933
7081.84696 21.96386 0.61766 0.71104 70.96933
7080.84310 21.31669 0.59697 0.69009 69.08119
7081.31863 21.58009 0.60565 0.69861 69.91099
7080.82590 21.32458 0.59726 0.69034 69.08630
7080.13564 21.16153 0.59242 0.68506 68.33851
7079.06924 20.81870 0.58223 0.67396 67.05496
7078.50206 20.60114 0.57553 0.66692 66.32358
7077.42144 20.11150 0.56007 0.65107 64.79178
7076.37455 19.60663 0.54427 0.63473 63.21340
7076.38841 19.61441 0.54451 0.63498 63.23682
7075.52175 19.21976 0.53212 0.62220 61.99091
7074.52206 18.79196 0.51867 0.60835 60.63214
7074.10327 18.59365 0.51249 0.60193 60.00740
7073.85117 18.45894 0.50832 0.59757 59.59216
7073.37902 18.32364 0.50447 0.59319 59.12095
7072.35960 18.13495 0.49966 0.58708 58.40101
7071.30048 17.80353 0.49007 0.57635 57.32071
7070.93434 17.68247 0.48660 0.57243 56.93393
7069.76549 17.28117 0.47525 0.55944 55.65833
7068.52592 16.76698 0.46030 0.54280 54.05541
7067.96113 16.48440 0.45137 0.53365 53.18834
7067.37360 16.17600 0.44182 0.52367 52.23354
7066.62705 15.83946 0.43174 0.51277 51.18381
7066.45759 15.79253 0.43046 0.51125 51.03291
7065.82977 15.58686 0.42464 0.50459 50.37652
7064.70140 15.15601 0.41148 0.49065 49.01900
7063.63925 14.72588 0.39831 0.47672 47.65341
7063.62769 14.71545 0.39798 0.47638 47.62069
7063.14655 14.52204 0.39217 0.47012 47.00028
7062.40028 14.37193 0.38844 0.46526 46.50693
7061.19508 14.07117 0.38015 0.45553 45.50170
7060.34522 13.80309 0.37227 0.44685 44.59506
7060.09117 13.72353 0.36991 0.44427 44.32733
7059.27764 13.47881 0.36343 0.43635 43.53758
7058.38027 13.28352 0.35941 0.43003 42.93013
7057.19623 12.98460 0.35334 0.42035 42.01226
7056.61145 12.79356 0.34900 0.41417 41.42720
7056.04247 12.61793 0.34474 0.40848 40.85441
7055.20123 12.35185 0.33760 0.39987 39.91363
7054.59781 12.20587 0.33381 0.39514 39.36879
7053.79687 12.09876 0.33213 0.39167 38.94067
7052.99848 11.97383 0.33000 0.38763 38.44805
7052.55984 11.90774 0.32912 0.38549 38.18221
7051.60770 11.70474 0.32517 0.37892 37.38426
7050.90525 11.58950 0.32362 0.37519 36.93099
7050.04705 11.51665 0.32450 0.37283 36.62496
7048.72698 11.37183 0.32515 0.36814 36.06207
7047.14872 11.02322 0.32083 0.35685 34.73715
7046.18386 10.64784 0.31315 0.34470 33.27943
7046.12635 10.60454 0.31200 0.34330 33.10640
7045.61877 10.48680 0.31078 0.33949 32.67153
7045.15694 10.42233 0.31113 0.33740 32.46830
7044.27427 10.41634 0.31560 0.33721 32.64320
7042.47837 10.22629 0.31887 0.33106 32.57309
7040.95562 9.72857 0.31075 0.31494 31.17123
0.00000 0.00000 0.00000 0.00000 0.00000
