7252.08364 241.40838 8.13094 7.81511 732.04979
7251.88931 240.98194 8.11759 7.80131 731.22792
7251.49456 240.04883 8.08908 7.77110 730.26515
7251.12406 239.28433 8.06557 7.74635 728.23881
7250.97918 238.97415 8.05596 7.73631 727.56425
7250.56175 237.99587 8.02562 7.70464 726.56995
7250.13496 237.05330 7.99651 7.67413 724.96305
7250.07115 236.92086 7.99247 7.66984 724.63142
7249.65654 235.99450 7.96432 7.63985 723.26275
7249.23874 235.03549 7.93467 7.60880 722.18377
7249.10785 234.78332 7.92647 7.60064 721.38557
7248.75448 234.01189 7.90416 7.57567 719.44796
7248.32786 233.04565 7.87644 7.54439 717.67579
7248.10106 232.58615 7.86204 7.52951 716.56754
7247.79949 231.91354 7.84098 7.50774 715.60903
7247.42070 230.99191 7.81306 7.47790 715.39677
7247.13796 230.42513 7.79574 7.45955 713.91593
7246.91949 229.96976 7.78195 7.44481 712.99938
7246.49767 228.98546 7.75155 7.41295 712.32515
7246.09754 228.12847 7.72497 7.38520 710.68501
7245.97634 227.86333 7.71700 7.37662 710.35001
7245.61394 226.97519 7.69137 7.34787 711.16532
7245.19735 226.11576 7.66460 7.32005 711.14736
7245.06314 225.84074 7.65635 7.31114 710.85621
7244.68206 224.97304 7.63268 7.28305 709.45697
7244.27141 224.07037 7.60578 7.25383 708.25533
7244.14162 223.83707 7.59858 7.24628 707.28097
7243.73882 222.98776 7.57153 7.21878 705.93861
7243.30061 221.99138 7.54144 7.18653 705.41947
7243.12386 221.63640 7.53081 7.17504 704.62930
7242.82867 221.01855 7.51248 7.15503 703.63279
7242.39215 220.06209 7.48228 7.12407 702.73369
7242.18124 219.65730 7.46950 7.11097 701.60889
7241.83194 218.96906 7.44867 7.08869 699.98383
7241.43259 218.02155 7.42116 7.05801 700.15287
7241.22274 217.65133 7.40873 7.04603 698.64752
7240.95721 217.15398 7.39239 7.02993 697.28247
7240.47795 216.18381 7.36472 6.99852 694.55570
7240.20192 215.68987 7.35095 6.98253 692.14188
7239.86162 215.00571 7.32963 6.96038 691.03731
7239.42233 214.03704 7.29911 6.92902 690.46119
7239.17266 213.55832 7.28465 6.91352 689.26459
7238.91589 213.05056 7.26946 6.89709 688.25532
7238.46448 212.09267 7.24039 6.86608 687.37352
7238.18628 211.57493 7.22326 6.84932 685.89360
7237.87313 210.94417 7.20400 6.82890 684.73229
7237.45175 209.97954 7.17611 6.79767 684.80349
7237.15883 209.40713 7.15862 6.77914 684.26322
7236.95753 209.00421 7.14572 6.76609 684.46653
7236.51300 208.04823 7.11763 6.73515 685.44070
7236.18322 207.41232 7.10116 6.71456 683.24107
7236.01889 207.09962 7.09188 6.70444 682.33299
7235.53494 206.12373 7.06038 6.67284 680.88986
7235.19682 205.48947 7.04013 6.65231 679.37787
7234.96857 205.04566 7.02761 6.63794 678.59968
7234.52517 204.12213 6.99990 6.60805 677.89643
7234.23744 203.61686 6.98321 6.59169 676.15853
7233.90214 202.97349 6.96273 6.57086 674.91822
7233.45632 201.98592 6.93471 6.53889 675.15758
7233.20652 201.50427 6.91966 6.52330 674.31594
7233.00182 201.14344 6.90717 6.51162 673.13517
7232.51556 200.18137 6.87814 6.48047 671.87311
7232.25196 199.73941 6.86454 6.46616 670.08564
7231.92848 199.12636 6.84569 6.44632 669.03505
7231.43533 198.17257 6.81690 6.41544 665.97291
7231.21721 197.79605 6.80615 6.40325 664.60076
7230.83403 197.05323 6.78453 6.37920 663.66634
7230.36397 196.09900 6.75431 6.34831 663.01185
7230.25658 195.92729 6.74811 6.34275 662.18912
7229.81638 195.12507 6.72421 6.31678 660.29122
7229.29481 194.09705 6.69382 6.28350 659.32122
7229.23782 194.00342 6.69057 6.28047 658.94820
7228.74744 193.10455 6.66175 6.25137 656.97490
7228.22189 192.05517 6.63211 6.21740 656.14899
7228.16056 191.94973 6.62871 6.21399 655.86568
7227.75153 191.12977 6.60260 6.18744 656.89216
7227.24925 190.23100 6.57829 6.15835 656.32296
7227.18019 190.10440 6.57534 6.15425 655.84009
7226.66626 189.12268 6.54568 6.12247 653.66286
7226.22829 188.31060 6.51860 6.09618 652.29391
7226.11440 188.11325 6.51254 6.08979 651.72966
7225.61421 187.15101 6.48958 6.05864 650.95681
7225.27200 186.55570 6.46614 6.03937 649.37325
7225.06126 186.18343 6.45247 6.02732 648.50189
7224.52001 185.19536 6.42522 5.99533 646.83682
7224.26631 184.75658 6.41121 5.98112 645.70125
7223.90761 184.11380 6.38927 5.96032 644.46988
7223.41060 183.15808 6.35934 5.92938 643.83243
7223.31483 183.02787 6.35646 5.92516 642.84229
7222.86531 182.24477 6.33056 5.89981 641.21542
7222.28903 181.24804 6.29834 5.86754 637.10594
7222.23569 181.15415 6.29572 5.86450 636.79175
7221.72342 180.22399 6.26800 5.83439 635.49815
7221.31865 179.55121 6.24437 5.81261 633.40510
7221.11375 179.20098 6.22981 5.80127 632.55450
7220.56855 178.22942 6.20153 5.76982 631.03553
7220.31352 177.81231 6.18605 5.75632 629.64369
7219.92316 177.13842 6.16104 5.73450 627.95328
7219.38535 176.13109 6.12613 5.70189 628.44658
7219.27438 175.95558 6.12065 5.69621 628.36690
7218.80193 175.11307 6.09145 5.66894 629.16732
7218.25491 174.08799 6.05476 5.63575 628.89541
7218.25516 174.09704 6.05508 5.63604 628.74395
7217.79057 173.26306 6.02562 5.60905 627.83373
7217.37881 172.61953 6.00401 5.58821 624.92718
7217.08276 172.12627 5.98945 5.57224 622.53219
7216.55937 171.15357 5.95564 5.54075 622.02533
7216.34108 170.80119 5.94344 5.52935 620.97010
7216.01054 170.25878 5.92509 5.51179 619.50308
7215.42038 169.25705 5.89002 5.47936 617.66917
7215.46335 169.32729 5.89254 5.48163 617.85279
7214.91662 168.52253 5.86433 5.45558 613.92284
7214.43418 167.82862 5.84097 5.43312 610.23671
7213.96256 167.03696 5.81291 5.40749 608.70010
7213.47531 166.07424 5.77931 5.37632 609.97383
7213.34434 165.88949 5.77332 5.37034 608.91004
7212.94146 165.21281 5.75012 5.34843 607.69535
7212.34985 164.20027 5.71485 5.31566 606.26966
7212.29472 164.10842 5.71203 5.31268 605.90188
7211.80160 163.26377 5.68620 5.28534 603.16196
7211.37685 162.59600 5.66225 5.26372 601.58583
7211.16683 162.25563 5.65009 5.25270 600.75723
7210.59671 161.30858 5.61753 5.22204 598.93875
7210.42364 161.06363 5.60917 5.21411 597.85581
7209.96119 160.33883 5.58398 5.19065 597.84785
7209.38930 159.43697 5.55214 5.16145 597.45427
7209.26743 159.24720 5.54559 5.15531 596.93570
7208.66178 158.24068 5.51082 5.12273 595.21327
7208.34943 157.73277 5.49299 5.10628 594.40564
7208.03180 157.21782 5.47497 5.08961 593.56983
7207.45846 156.24891 5.44178 5.05825 592.79987
7207.37618 156.14527 5.43827 5.05489 591.96391
7206.85899 155.29890 5.40793 5.02749 591.15051
7206.46536 154.69249 5.38893 5.00786 588.23422
7206.34317 154.53943 5.38441 5.00290 586.57028
7205.62608 153.52108 5.34980 4.96994 581.44107
7205.39697 153.19667 5.33849 4.95944 579.99302
7204.87755 152.36443 5.30973 4.93249 578.68427
7204.48653 151.80570 5.29058 4.91441 576.38886
7204.16664 151.33063 5.27373 4.89903 574.82813
7203.53511 150.33571 5.23887 4.86682 573.19170
7203.42820 150.19181 5.23393 4.86216 572.38165
7202.82845 149.26046 5.20166 4.83201 570.68834
7202.33251 148.44039 5.17316 4.80546 570.13199
7202.28410 148.36061 5.17040 4.80288 570.06079
7201.64166 147.39903 5.13736 4.77175 568.79460
7201.42796 147.09164 5.12620 4.76180 568.98689
7200.97515 146.38789 5.10225 4.73902 569.10522
7200.49677 145.70577 5.08129 4.71693 564.56553
7200.21439 145.28806 5.06672 4.70341 563.34251
7199.60029 144.31071 5.03260 4.67177 562.77741
7199.51067 144.19691 5.02868 4.66809 562.02423
7198.96892 143.41762 5.00185 4.64286 559.55165
7198.48804 142.70927 4.97698 4.61993 557.87518
7198.36050 142.53411 4.97071 4.61426 557.11969
7197.63490 141.54631 4.93625 4.58228 552.68260
7197.52451 141.39994 4.93116 4.57754 551.94403
7196.83349 140.41885 4.89704 4.54578 548.83088
7196.40386 139.77742 4.87484 4.52501 547.70782
7196.14149 139.35376 4.86011 4.51130 547.81700
7195.49036 138.41522 4.82707 4.48092 545.38176
7195.56100 138.51456 4.83059 4.48413 545.70241
7194.83155 137.51613 4.79530 4.45181 542.11672
7194.52288 137.09701 4.78214 4.43824 539.39567
7194.07196 136.44762 4.76214 4.41722 536.19960
7193.53830 135.70759 4.73629 4.39326 534.04740
7193.28379 135.34703 4.72373 4.38159 532.90321
7192.62117 134.35101 4.68855 4.34935 532.27558
7192.52626 134.22544 4.68413 4.34528 532.15846
7191.99080 133.46866 4.65807 4.32078 533.18432
7191.59775 132.93664 4.63957 4.30356 532.05059
7191.26986 132.50858 4.62449 4.28970 529.77691
7190.54980 131.51649 4.59011 4.25758 526.79857
7190.41585 131.32607 4.58345 4.25142 526.48851
7189.78698 130.38684 4.55037 4.22101 525.95804
7189.62244 130.17816 4.54306 4.21426 524.83601
7189.16286 129.57722 4.52214 4.19480 522.34583
7188.67175 128.94268 4.50015 4.17426 519.64437
7188.48633 128.71828 4.49304 4.16700 517.57650
7187.74288 127.82712 4.46504 4.13815 509.20385
7187.48843 127.50120 4.45345 4.12760 507.91933
7186.76342 126.52029 4.41888 4.09584 505.25308
7186.60328 126.32460 4.41200 4.08951 504.10723
7186.01332 125.52568 4.38423 4.06364 502.04673
7185.67207 125.09087 4.36914 4.04957 500.05870
7185.28517 124.60625 4.35231 4.03388 497.81071
7184.64574 123.79177 4.32363 4.00751 494.09131
7184.41059 123.47859 4.31259 3.99737 493.13250
7183.67166 122.47919 4.27768 3.96502 493.84144
7183.48262 122.22451 4.26887 3.95677 494.28482
7182.94516 121.43224 4.24128 3.93113 495.22481
7182.70920 121.15003 4.23141 3.92199 493.23763
7182.29216 120.63785 4.21368 3.90541 490.55234
7181.71764 119.92663 4.18850 3.88238 487.68843
7181.42968 119.57895 4.17680 3.87113 485.17136
7180.64137 118.56097 4.14427 3.83817 479.18019
7180.79778 118.75273 4.15089 3.84438 480.11075
7179.94958 117.77226 4.11706 3.81264 473.97248
7179.76307 117.57044 4.11020 3.80611 472.09330
7178.99777 116.64010 4.07698 3.77599 467.53046
7178.71337 116.28882 4.06479 3.76462 466.05837
7178.20677 115.66777 4.04493 3.74451 463.32766
7177.74936 115.13140 4.02551 3.72715 460.22053
7177.28262 114.55546 4.00244 3.70850 458.02421
7176.63129 113.71268 3.97290 3.68122 456.01804
7176.45041 113.47660 3.96508 3.67358 455.42133
7175.70569 112.48931 3.92262 3.64162 453.92370
7175.76839 112.57303 3.92624 3.64433 454.07760
7175.02539 111.69230 3.88990 3.61581 449.83908
7174.79110 111.42464 3.87954 3.60715 449.32551
7174.17305 110.69676 3.85159 3.58359 446.50512
7173.76892 110.22884 3.83213 3.56844 442.73595
7173.31574 109.68180 3.80891 3.55073 440.34013
7172.81358 109.10453 3.78504 3.53204 437.13173
7172.46142 108.69865 3.76822 3.51890 434.89270
7171.80952 107.93651 3.73632 3.49423 431.09575
7171.78662 107.90906 3.73518 3.49334 430.98472
7171.00703 107.11621 3.70088 3.46767 423.02886
7170.71088 106.80178 3.68743 3.45749 420.22431
7169.87770 105.88288 3.64819 3.42775 413.84336
7169.53758 105.48143 3.63127 3.41475 412.02838
7168.78036 104.48559 3.59083 3.38251 411.43228
7168.79089 104.50802 3.59164 3.38324 411.18450
7168.09926 103.70063 3.55721 3.35710 407.43544
7167.92620 103.51024 3.54884 3.35094 406.16044
7167.29271 102.83833 3.51948 3.32919 400.71298
7166.83328 102.34357 3.49728 3.31317 397.32159
7166.27098 101.68201 3.47067 3.29175 394.12109
7165.87088 101.23024 3.45343 3.27713 392.12430
7165.51357 100.84114 3.43686 3.26453 390.44682
7164.96289 100.27201 3.41087 3.24611 385.14612
7164.51272 99.78887 3.38897 3.23046 381.54962
7163.90234 99.12146 3.35941 3.20886 377.29050
7163.62386 98.82124 3.34586 3.19914 375.15792
7162.99030 98.15042 3.31538 3.17742 369.98990
7162.80183 97.96977 3.30696 3.17158 368.01917
7162.02193 97.20585 3.27133 3.14684 360.00286
7161.47317 96.59983 3.24443 3.12723 356.22503
7160.71763 95.67388 3.20401 3.09725 354.01233
7160.77963 95.74560 3.20717 3.09957 354.35353
7159.89179 94.77327 3.16404 3.06810 348.18214
7159.98365 94.87131 3.16848 3.07127 348.91771
7159.00438 93.86682 3.12261 3.03875 340.58979
7158.95463 93.81512 3.12031 3.03708 340.18919
7158.00413 92.81356 3.07867 3.00465 329.83726
7158.00042 92.80858 3.07848 3.00449 329.82031
7157.08325 91.86949 3.03839 2.97409 322.38609
7157.05033 91.83959 3.03706 2.97312 322.14665
7156.11715 90.90687 2.99775 2.94293 316.72313
7155.99835 90.79114 2.99302 2.93918 315.28453
7155.07098 89.83374 2.95248 2.90819 307.19435
7154.98715 89.74443 2.94893 2.90530 306.57361
7154.10816 88.83933 2.91313 2.87600 299.10578
7154.22576 88.94543 2.91763 2.87943 300.46489
7153.25994 88.08653 2.88393 2.85163 289.13812
7153.02700 87.86566 2.87614 2.84448 286.77952
7152.03825 86.86780 2.83893 2.81217 278.27667
7152.05137 86.88156 2.83940 2.81262 278.37866
7151.05216 85.88693 2.80518 2.78042 269.73844
7150.98342 85.81736 2.80282 2.77817 269.16508
7150.02195 84.82314 2.77306 2.74598 261.84122
7149.98735 84.79217 2.77197 2.74498 261.54269
7149.04469 83.81539 2.73164 2.71336 252.78299
7149.06385 83.83805 2.73248 2.71409 252.93178
7148.10057 82.88516 2.71077 2.68324 246.90763
7147.83825 82.61111 2.71142 2.67437 245.52616
7146.97558 81.63469 2.62277 2.64276 240.17676
7146.57978 81.16205 2.53063 2.62746 238.33548
7145.89640 80.22274 2.45309 2.59705 236.76065
7145.51791 79.67389 2.42414 2.57928 236.30706
7144.90758 78.80416 2.38254 2.55113 235.18713
7144.29911 77.58998 2.35429 2.51182 238.29439
7144.24783 77.51123 2.35210 2.50927 238.20490
7143.72345 76.59762 2.32753 2.47969 237.98103
7143.19165 75.46823 2.29646 2.44313 239.72665
7143.00197 75.09295 2.28695 2.43098 239.47382
7142.58793 74.09521 2.25620 2.39868 243.06333
7142.22487 73.08862 2.22494 2.36610 248.15171
7141.96643 72.46837 2.20553 2.34602 250.74232
7141.78793 72.04932 2.19236 2.33245 252.30722
7141.35417 70.83382 2.15364 2.29310 259.96365
7141.05700 69.81595 2.12175 2.26015 268.91820
7140.90369 69.40949 2.10925 2.24699 271.69385
7140.71694 68.94414 2.09482 2.23193 274.72996
7140.37047 67.90327 2.06232 2.19823 283.67847
7140.08069 67.08398 2.03709 2.17171 290.75818
7140.08988 67.13874 2.03882 2.17348 289.94376
7139.81160 66.58068 2.02228 2.15542 292.27822
7139.32244 65.66812 1.99815 2.12587 294.60352
7139.29568 65.63265 1.99711 2.12473 294.58397
7138.99831 65.12201 1.98151 2.10819 297.16649
7138.74025 64.82151 1.97253 2.09847 296.45483
7138.41470 64.45641 1.96190 2.08665 294.36330
7137.72296 63.60094 1.93627 2.05895 291.20799
7137.73809 63.63133 1.93720 2.05994 291.03836
7136.88498 62.69676 1.90920 2.02968 286.23337
7137.00007 62.81609 1.91280 2.03355 286.98345
7136.09181 61.92829 1.88607 2.00480 280.49417
7135.94544 61.79468 1.88205 2.00048 279.39486
7135.03351 60.88020 1.85408 1.97087 274.07965
7135.08466 60.92693 1.85551 1.97239 274.44523
7134.21315 60.13595 1.83129 1.94678 268.52579
7134.15521 60.07957 1.82955 1.94496 268.21228
7133.35734 59.43042 1.80971 1.92394 262.07039
7132.79658 58.93659 1.79448 1.90795 258.53249
7132.31137 58.48599 1.78029 1.89337 256.21915
7131.78825 58.07262 1.76780 1.87998 252.30019
7131.31313 57.65712 1.75660 1.86653 248.79523
7130.62211 57.07282 1.74019 1.84762 245.24039
7130.28607 56.80571 1.73173 1.83897 243.82279
7129.30292 55.92648 1.70401 1.81051 239.07382
7129.35133 55.95735 1.70496 1.81151 239.46675
7128.40749 55.17840 1.68051 1.78629 234.44050
7128.51979 55.26928 1.68338 1.78923 235.06389
7127.62440 54.62455 1.66320 1.76836 229.22708
7127.16454 54.28335 1.65265 1.75731 226.50660
7126.69720 53.96506 1.64280 1.74701 223.47023
7125.71838 53.27074 1.62124 1.72453 217.61484
7125.56660 53.15464 1.61767 1.72078 216.83028
7124.53770 52.38760 1.59384 1.69594 211.42552
7124.15685 52.07964 1.58433 1.68597 209.72551
7123.31853 51.39761 1.56318 1.66389 206.07799
7122.75505 50.88150 1.54689 1.64719 204.24378
7122.19667 50.37303 1.53088 1.63073 202.28144
7121.61020 49.83844 1.51379 1.61342 200.82475
7121.14542 49.38726 1.49904 1.59881 200.32842
7120.57268 48.86706 1.48243 1.58197 198.39997
7120.10625 48.42974 1.47011 1.56782 196.30450
7119.47942 47.82273 1.45155 1.54817 194.17566
7119.44095 47.77988 1.45012 1.54678 194.13031
7118.59996 47.14078 1.42876 1.52609 190.34318
7118.55537 47.09816 1.42734 1.52471 190.21796
7117.56614 46.36362 1.40288 1.50093 185.68962
7117.57531 46.35394 1.40256 1.50062 185.86329
7116.92762 45.95268 1.38912 1.48763 182.40076
7116.08563 45.43368 1.37211 1.47082 178.05767
7116.33750 45.56717 1.37649 1.47515 179.49677
7115.20710 45.01799 1.35865 1.45737 172.83060
7114.12951 44.37407 1.33797 1.43652 167.67517
7113.46535 43.89138 1.32229 1.42090 165.12603
7112.43832 43.07170 1.29595 1.39436 162.68567
7112.40483 43.04468 1.29507 1.39349 162.58436
7111.37690 42.20986 1.26764 1.36646 159.22150
7110.99932 41.88057 1.25695 1.35580 158.17950
7110.30611 41.25314 1.23618 1.33549 156.33827
7110.07740 41.08770 1.23052 1.33013 155.51278
7109.35793 40.51186 1.21102 1.31149 153.21744
7108.70429 39.94695 1.19400 1.29320 151.01155
7108.55599 39.81122 1.19006 1.28881 150.52022
7107.74411 39.23718 1.17156 1.27023 147.45774
7108.53564 39.68184 1.18619 1.28462 150.95528
7107.46879 39.22055 1.17093 1.26969 145.66332
7106.33359 38.66911 1.15182 1.25184 140.80899
7105.83859 38.38940 1.14236 1.24278 138.93264
7104.80182 37.74230 1.12073 1.22183 135.35175
7104.06175 37.21678 1.10307 1.20482 133.21461
7103.91556 37.10598 1.09936 1.20123 132.91706
7103.04644 36.59451 1.08222 1.18467 130.39739
7103.05782 36.60160 1.08246 1.18490 130.43460
7102.41978 36.28775 1.07214 1.17474 128.08745
7101.36554 35.80496 1.05627 1.15911 124.38847
7100.64035 35.39774 1.04281 1.14593 122.15709
7099.79152 34.86707 1.02543 1.12875 119.75657
7098.90211 34.25048 1.00500 1.10879 117.41471
7099.04531 34.33928 1.00796 1.11167 117.81269
7098.10094 33.80266 0.99028 1.09429 115.14283
7097.52311 33.48442 0.97993 1.08399 113.50673
7097.15015 33.27023 0.97290 1.07706 112.50155
7096.13724 32.72654 0.95492 1.05946 109.71924
7095.70190 32.47237 0.94655 1.05123 108.60672
7095.09361 32.13830 0.93580 1.04041 107.29306
7094.06448 31.54930 0.91609 1.02135 104.79146
7094.06693 31.54635 0.91598 1.02125 104.80258
7093.30210 31.15542 0.90356 1.00859 102.86653
7092.27087 30.64398 0.88935 0.99204 100.26972
7091.68052 30.29488 0.87887 0.98074 98.89579
7090.76667 29.69456 0.85871 0.96130 96.86142
7090.08012 29.22414 0.84295 0.94607 95.34411
7089.70634 28.96572 0.83436 0.93771 94.53171
7088.78579 28.32978 0.81296 0.91712 92.51566
7089.77428 28.82419 0.82953 0.93313 94.73951
7089.14071 28.61210 0.82253 0.92626 93.28599
7088.19280 28.36729 0.81461 0.91833 91.21933
7087.00347 28.00811 0.80338 0.90671 88.87276
7086.22934 27.71967 0.79440 0.89737 87.54358
7085.54788 27.42386 0.78509 0.88779 86.23198
7084.35884 26.90170 0.76885 0.87089 84.06689
7083.53970 26.44212 0.75442 0.85601 82.53602
7082.91841 26.09305 0.74329 0.84471 81.39343
7081.81251 25.37925 0.72026 0.82160 79.27516
7081.49702 25.16385 0.71327 0.81463 78.65268
7080.74267 24.62241 0.69553 0.79710 77.15549
7080.36949 24.39218 0.68793 0.78965 76.44502
7080.80765 24.58002 0.69402 0.79573 77.18999
7080.29509 24.42114 0.68898 0.79059 76.38961
7079.27732 24.21329 0.68311 0.78386 75.03548
7078.07421 23.83190 0.67188 0.77151 73.36234
7077.43920 23.58564 0.66432 0.76354 72.52281
7076.28549 23.03864 0.64702 0.74583 70.74530
7075.21825 22.46454 0.63020 0.72724 69.02410
7074.91712 22.28712 0.62549 0.72150 68.55000
7073.92637 21.67712 0.60775 0.70175 66.89298
7073.49016 21.41038 0.59915 0.69312 66.11791
7073.78725 21.52434 0.60270 0.69681 66.51568
7073.12289 21.32981 0.59680 0.69051 65.74974
7071.97860 21.00166 0.58710 0.67989 64.50086
7071.09316 20.64077 0.57594 0.66820 63.35409
7070.43074 20.34386 0.56670 0.65859 62.45189
7069.37933 19.84570 0.55126 0.64246 60.94663
7068.75056 19.54039 0.54173 0.63258 60.03921
7068.43635 19.37558 0.53639 0.62725 59.56731
7067.46404 18.94741 0.52282 0.61338 58.28513
7066.68873 18.57997 0.51139 0.60149 57.17726
7066.96299 18.67068 0.51405 0.60443 57.46909
7066.34407 18.48806 0.50880 0.59851 56.87090
7065.43094 18.31076 0.50430 0.59277 56.23469
7064.15152 17.98481 0.49542 0.58222 55.18682
7063.39129 17.71059 0.48748 0.57335 54.35901
7062.65911 17.42374 0.47918 0.56406 53.49826
7061.46497 16.92779 0.46472 0.54800 52.02058
7060.58972 16.48065 0.45107 0.53353 50.69371
7060.35872 16.35492 0.44719 0.52946 50.32149
7059.60271 15.99943 0.43627 0.51795 49.26376
7058.87919 15.73919 0.42873 0.50952 48.47323
7058.81979 15.71680 0.42807 0.50880 48.40521
7057.75375 15.32896 0.41645 0.49624 47.23211
7056.65782 14.89469 0.40322 0.48219 45.91303
7056.16570 14.68903 0.39698 0.47553 45.28539
7056.16975 14.67270 0.39642 0.47500 45.23616
7055.36519 14.48602 0.39150 0.46896 44.64986
7054.18419 14.19845 0.38381 0.45965 43.74135
7053.01264 13.83002 0.37311 0.44772 42.55426
7052.97362 13.81677 0.37273 0.44729 42.51213
7052.21927 13.58328 0.36636 0.43973 41.76642
7051.33786 13.37498 0.36163 0.43299 41.14625
7050.16913 13.08007 0.35551 0.42344 40.28700
7049.29900 12.80079 0.34918 0.41440 39.46735
7049.08313 12.73876 0.34777 0.41239 39.27632
7048.24064 12.47966 0.34128 0.40400 38.43658
7047.67682 12.34717 0.33804 0.39971 37.97808
7046.91654 12.26623 0.33722 0.39709 37.67184
7045.63718 12.09555 0.33498 0.39157 37.03421
7044.78449 11.87870 0.33025 0.38455 36.23414
7044.57757 11.83327 0.32946 0.38308 36.06478
7043.85406 11.69950 0.32777 0.37875 35.56328
7043.06759 11.63292 0.32886 0.37659 35.32972
7041.85295 11.51697 0.32984 0.37284 34.94378
7040.14149 11.18971 0.32727 0.36224 33.83332
7038.73569 10.64370 0.31673 0.34457 31.84794
7039.36819 10.83426 0.31957 0.35074 32.50895
7038.87546 10.71555 0.31831 0.34689 32.11726
7038.10915 10.69194 0.32168 0.34613 32.22510
7036.57576 10.50283 0.32378 0.34001 32.04649
7034.84143 10.03494 0.31812 0.32486 31.03312
7033.67140 9.49030 0.30710 0.30723 29.39540
0.00000 0.00000 0.00000 0.00000 0.00000
