7256.62831 239.32369 8.01546 7.74763 885.51663
7256.47791 238.99582 8.00856 7.73701 885.02960
7256.05175 237.99163 7.97447 7.70450 884.71574
7255.62781 237.11264 7.94388 7.67605 882.80024
7255.56753 236.98745 7.93966 7.67199 882.47221
7255.13881 235.98326 7.90993 7.63949 881.99807
7254.68442 234.97908 7.87622 7.60698 882.35322
7254.62731 234.86139 7.87158 7.60317 882.32580
7254.23051 233.97490 7.83743 7.57447 882.42745
7253.79250 232.97071 7.80903 7.54196 881.70312
7253.62681 232.64347 7.80134 7.53137 880.76533
7253.31699 231.96653 7.78179 7.50945 879.87241
7252.87317 230.96234 7.74229 7.47694 879.43909
7252.62631 230.45962 7.72679 7.46067 878.47799
7252.40128 229.95816 7.71163 7.44444 878.15722
7251.98654 228.95397 7.68010 7.41193 878.65027
7251.62581 228.22079 7.65285 7.38819 877.22710
7251.49330 227.94979 7.64324 7.37942 876.74665
7251.06264 226.94561 7.61184 7.34691 876.95988
7250.62531 226.00731 7.58344 7.31653 876.13609
7250.59221 225.94142 7.58160 7.31440 875.96925
7250.17977 224.93724 7.54781 7.28189 875.32000
7249.69577 223.93305 7.51570 7.24938 874.07967
7249.62481 223.79351 7.51209 7.24487 873.76425
7249.24511 222.92887 7.48506 7.21688 873.84306
7248.78761 221.92469 7.44839 7.18437 873.47419
7248.62431 221.62223 7.43923 7.17458 872.54878
7248.29145 220.92050 7.41660 7.15186 871.96689
7247.84969 219.91632 7.38396 7.11935 872.27161
7247.62381 219.45685 7.36856 7.10448 871.63466
7247.36332 218.91213 7.35006 7.08684 871.14543
7246.90432 217.90795 7.31539 7.05433 871.08094
7246.62331 217.36208 7.30038 7.03666 870.02904
7246.38546 216.90377 7.28625 7.02183 868.97376
7245.95998 215.89958 7.25587 6.98932 868.18728
7245.62281 215.27659 7.23494 6.96915 867.30712
7245.41802 214.89540 7.22240 6.95681 867.53933
7244.92137 213.89121 7.18823 6.92430 868.10157
7244.62231 213.35319 7.17247 6.90688 866.66533
7244.39054 212.88703 7.15665 6.89179 865.88576
7243.93447 211.88285 7.12206 6.85928 866.15423
7243.62181 211.27685 7.10387 6.83967 865.24399
7243.41954 210.87866 7.09124 6.82677 864.71410
7242.94551 209.87448 7.05600 6.79427 864.59874
7242.62131 209.26614 7.03735 6.77457 863.26326
7242.42275 208.87029 7.02500 6.76176 862.88853
7241.98313 207.86611 6.99200 6.72925 863.48002
7241.62081 207.15086 6.97253 6.70609 861.60372
7241.47534 206.86192 6.96184 6.69674 861.42262
7241.00763 205.85774 6.92697 6.66423 861.84833
7240.62031 205.10749 6.90420 6.63994 860.94275
7240.48601 204.85356 6.89661 6.63172 860.49243
7239.98773 203.84937 6.86095 6.59922 860.00117
7239.61981 203.15769 6.83956 6.57682 858.87168
7239.45833 202.84519 6.83001 6.56671 858.51197
7238.97449 201.84100 6.79666 6.53420 858.69538
7238.61931 201.20870 6.77515 6.51373 857.11778
7238.42262 200.83682 6.76332 6.50169 856.65136
7237.96889 199.83264 6.72870 6.46918 857.93453
7237.61881 199.15231 6.70678 6.44716 857.22098
7237.43362 198.82845 6.69785 6.43667 856.00209
7236.92510 197.82427 6.66470 6.40417 855.90749
7236.61831 197.30322 6.64772 6.38730 855.96318
7236.36482 196.82008 6.63251 6.37166 856.08768
7235.84511 195.81590 6.59756 6.33915 855.20258
7235.61781 195.42229 6.58471 6.32641 854.03365
7235.30344 194.81172 6.56554 6.30664 853.79439
7234.80797 193.80753 6.53262 6.27413 854.31898
7234.61731 193.48106 6.52225 6.26356 853.38986
7234.24465 192.80335 6.49831 6.24162 852.29694
7233.73550 191.79916 6.46574 6.20911 852.34527
7233.61681 191.59003 6.45998 6.20234 851.88102
7233.18206 190.79498 6.43365 6.17661 851.16215
7232.67976 189.79079 6.40159 6.14410 849.70957
7232.61631 189.68118 6.39924 6.14055 849.26359
7232.16850 188.78661 6.37059 6.11159 849.88487
7231.61581 187.79520 6.33789 6.07949 848.46018
7231.60833 187.78243 6.33748 6.07908 848.42939
7231.08255 186.77824 6.30382 6.04657 848.30270
7230.61531 185.91184 6.27562 6.01852 847.84395
7230.53348 185.77406 6.27125 6.01406 847.49011
7230.01082 184.76987 6.23362 5.98156 847.65521
7229.61481 184.07779 6.21240 5.95915 846.54107
7229.43786 183.76569 6.20397 5.94905 846.15674
7228.88766 182.76151 6.16896 5.91654 845.52610
7228.61431 182.28780 6.15371 5.90120 844.72855
7228.31749 181.75732 6.13934 5.88403 843.28803
7227.79424 180.75314 6.10844 5.85152 844.05709
7227.61381 180.47468 6.09852 5.84251 843.90272
7227.19785 179.74895 6.06998 5.81901 844.66542
7226.61727 178.74477 6.03875 5.78650 843.10548
7226.61331 178.73826 6.03859 5.78629 843.08487
7226.06309 177.74059 6.00575 5.75400 842.78522
7225.61281 176.98992 5.97959 5.72969 841.28694
7225.46413 176.73640 5.97271 5.72149 840.91522
7224.90029 175.73222 5.94124 5.68898 840.41776
7224.61231 175.25879 5.92581 5.67365 839.34497
7224.30380 174.72803 5.90628 5.65647 838.78241
7223.76773 173.72385 5.87305 5.62396 839.64747
7223.61181 173.46826 5.86540 5.61569 839.16099
7223.19187 172.71967 5.83954 5.59145 838.84436
7222.65619 171.71548 5.80841 5.55895 837.73630
7222.61131 171.64265 5.80631 5.55659 837.58956
7222.09040 170.71130 5.77638 5.52644 837.92378
7221.61081 169.95677 5.75054 5.50201 835.83716
7221.45857 169.70711 5.74239 5.49393 835.38311
7220.91762 168.70293 5.70844 5.46142 836.66079
7220.61031 168.19855 5.69290 5.44509 835.96755
7220.30544 167.69874 5.67526 5.42891 835.15157
7219.71383 166.69456 5.64227 5.39640 834.24747
7219.60980 166.53320 5.63774 5.39118 834.03401
7219.03716 165.69038 5.61074 5.36389 833.65897
7218.60930 165.07756 5.58888 5.34406 832.09771
7218.37549 164.68619 5.57415 5.33139 831.93283
7217.86589 163.68201 5.54575 5.29888 832.63331
7217.60880 163.27906 5.53412 5.28583 831.11414
7217.25119 162.67782 5.51073 5.26637 831.26889
7216.66450 161.67364 5.47809 5.23386 831.49171
7216.60830 161.57998 5.47525 5.23083 831.46889
7216.07589 160.66946 5.44239 5.20135 831.81755
7215.60780 159.93160 5.41687 5.17747 830.68187
7215.44351 159.66527 5.40910 5.16884 830.46455
7214.83826 158.66109 5.37685 5.13634 830.36163
7214.60730 158.32558 5.36626 5.12547 829.13368
7214.18106 157.65690 5.34143 5.10383 828.22242
7213.60680 156.75134 5.31628 5.07451 827.13086
7213.54161 156.65272 5.31314 5.07132 826.89359
7212.93739 155.64854 5.27347 5.03881 827.40246
7212.60630 155.10998 5.25701 5.02138 827.23423
7212.31868 154.64435 5.24760 5.00630 825.53545
7211.72396 153.64017 5.21334 4.97379 825.51999
7211.60580 153.47875 5.20807 4.96857 824.81855
7211.09088 152.63598 5.18047 4.94128 825.11763
7210.60530 151.88876 5.15576 4.91709 824.00028
7210.41081 151.63180 5.14779 4.90878 822.74699
7209.70381 150.62762 5.11118 4.87627 823.32480
7209.60480 150.49590 5.10772 4.87200 823.00553
7209.05929 149.62343 5.07911 4.84376 823.45864
7208.60430 148.96952 5.05600 4.82259 821.28474
7208.36764 148.61925 5.04567 4.81125 820.72982
7207.73012 147.61506 5.01222 4.77874 820.94992
7207.60380 147.44147 5.00630 4.77312 820.24566
7207.06870 146.61088 4.97644 4.74623 820.23561
7206.60330 145.84033 4.95901 4.72129 818.76399
7206.45735 145.60669 4.95178 4.71373 818.71517
7205.78647 144.60251 4.91492 4.68122 818.09251
7205.60280 144.34015 4.90759 4.67272 817.46457
7205.12465 143.59833 4.88281 4.64871 817.75000
7204.60230 142.85189 4.85737 4.62454 816.18317
7204.42661 142.59414 4.84766 4.61620 815.91793
7203.79523 141.58996 4.81426 4.58369 817.46343
7203.60180 141.32243 4.80764 4.57503 816.68453
7203.08968 140.58577 4.77741 4.55118 815.72492
7202.60130 139.86655 4.75668 4.52790 815.26951
7202.39568 139.58159 4.74880 4.51867 814.38646
7201.65804 138.57741 4.71229 4.48617 812.83624
7201.60080 138.50446 4.70966 4.48380 812.86649
7200.94474 137.57322 4.67792 4.45366 815.38063
7200.60030 137.05898 4.66558 4.43701 814.07035
7200.29424 136.56904 4.64890 4.42115 812.99780
7199.59980 135.56697 4.61631 4.38871 812.76856
7199.59824 135.56485 4.61625 4.38864 812.76332
7198.86457 134.56067 4.58096 4.35613 810.64249
7198.59930 134.20170 4.56942 4.34451 809.83121
7198.15134 133.55649 4.54854 4.32362 809.86034
7197.59880 132.79000 4.52504 4.29881 808.91303
7197.42981 132.55230 4.51442 4.29112 808.76469
7196.76168 131.54812 4.47980 4.25861 810.63130
7196.59830 131.32397 4.47301 4.25135 810.38564
7196.04616 130.54393 4.44047 4.22610 810.39826
7195.59780 129.93670 4.42311 4.20644 809.43988
7195.29305 129.53975 4.41249 4.19359 808.49356
7194.59730 128.58088 4.38134 4.16255 806.51834
7194.56472 128.53556 4.38017 4.16108 806.22201
7193.89141 127.53138 4.34927 4.12857 806.67686
7193.59680 127.14428 4.33707 4.11604 806.12808
7193.12485 126.52720 4.31302 4.09606 804.31428
7192.59630 125.84462 4.29390 4.07397 803.54032
7192.33214 125.52301 4.28380 4.06356 803.90086
7191.59580 124.64042 4.24984 4.03498 802.61089
7191.50159 124.51883 4.24640 4.03105 802.29721
7190.75918 123.51464 4.21552 3.99854 801.69243
7190.59530 123.31398 4.21005 3.99204 800.99386
7190.00186 122.51046 4.17722 3.96603 801.29926
7189.59480 121.99052 4.16406 3.94920 800.31215
7189.20820 121.50628 4.15169 3.93352 798.99873
7188.59430 120.72438 4.11948 3.90821 797.48812
7188.42811 120.50209 4.11336 3.90101 797.64159
7187.68563 119.49791 4.07826 3.86851 797.84753
7187.59380 119.37878 4.07395 3.86465 797.05826
7186.99054 118.49372 4.04763 3.83600 798.22022
7186.59330 118.00141 4.03289 3.82006 797.46501
7186.17651 117.48954 4.01444 3.80349 796.09840
7185.59280 116.76701 3.98959 3.78010 794.69149
7185.35774 116.48536 3.98254 3.77098 793.82053
7184.59230 115.49664 3.94532 3.73897 793.54406
7184.57890 115.48117 3.94477 3.73847 793.43387
7183.71006 114.47699 3.91887 3.70596 792.93947
7183.59180 114.35472 3.91463 3.70201 792.55202
7182.86665 113.47280 3.87673 3.67346 792.41230
7182.59130 113.13260 3.86957 3.66244 791.75876
7182.04935 112.46862 3.84453 3.64095 791.00340
7181.59080 111.93087 3.82474 3.62354 789.43466
7181.21271 111.46444 3.81234 3.60844 789.61964
7180.59030 110.65879 3.78774 3.58236 787.34548
7180.43810 110.46025 3.78171 3.57593 786.68062
7179.68054 109.45607 3.74427 3.54342 790.05782
7179.58979 109.34861 3.74161 3.53994 789.85227
7178.83323 108.45188 3.70867 3.51091 788.37991
7178.58929 108.17291 3.69741 3.50188 787.47940
7177.97352 107.44770 3.68349 3.47840 786.37552
7177.58879 107.00261 3.66080 3.46400 785.30681
7177.12540 106.44351 3.64039 3.44590 785.40104
7176.58829 105.82558 3.62861 3.42589 784.05971
7176.25310 105.43933 3.60684 3.41339 783.41443
7175.58779 104.66166 3.58446 3.38821 782.37042
7175.38272 104.43515 3.57922 3.38088 781.08160
7174.58729 103.62597 3.54657 3.35468 778.08858
7174.40379 103.43096 3.54063 3.34837 778.48374
7173.58679 102.52987 3.51210 3.31920 777.20330
7173.49601 102.42678 3.50658 3.31586 777.04553
7172.73233 101.42259 3.47696 3.28335 778.97720
7172.58629 101.25304 3.47328 3.27786 777.91012
7171.87113 100.41841 3.44015 3.25085 778.24400
7171.58579 100.10328 3.42974 3.24064 777.52799
7170.93627 99.41423 3.41247 3.21834 774.11426
7170.58529 99.03866 3.39933 3.20618 772.65226
7170.05174 98.41004 3.37002 3.18583 773.97058
7169.58479 97.88258 3.36368 3.16875 773.94478
7169.14659 97.40586 3.34422 3.15332 772.89236
7168.58429 96.82449 3.31506 3.13450 769.68018
7168.19062 96.40167 3.31855 3.12081 768.46805
7167.58379 95.73812 3.27763 3.09933 767.81906
7167.26775 95.39749 3.26079 3.08830 767.12136
7166.58329 94.67329 3.26024 3.06486 764.23311
7166.29595 94.39331 3.23428 3.05579 763.69927
7165.58279 93.69583 3.20147 3.03322 764.84344
7165.30610 93.38912 3.20444 3.02329 764.06909
7164.58229 92.50143 3.14614 2.99455 763.43781
7164.48178 92.38494 3.14008 2.99078 763.84826
7163.58179 91.39927 3.10897 2.95887 765.70707
7163.56359 91.38075 3.10761 2.95827 765.61704
7162.58463 90.37657 3.05387 2.92576 762.06055
7162.58129 90.37312 3.05374 2.92565 762.05136
7161.63157 89.37238 3.00078 2.89325 761.07920
7161.58079 89.31847 2.99738 2.89151 761.08684
7160.65270 88.36820 2.95117 2.86074 758.47526
7160.58029 88.29849 2.94761 2.85849 757.91893
7159.64535 87.36402 2.89345 2.82824 753.76265
7159.57979 87.30212 2.89028 2.82623 753.16005
7158.66708 86.35983 2.84380 2.79573 752.13932
7158.57929 86.26643 2.83870 2.79270 752.39965
7157.69480 85.35565 2.78612 2.76322 750.40860
7157.57879 85.23636 2.77890 2.75936 750.19936
7156.58399 84.35146 2.73248 2.73071 747.14323
7156.57829 84.34596 2.73220 2.73053 747.13109
7155.58874 83.34728 2.65697 2.69820 734.39593
7155.57779 83.33694 2.65620 2.69787 734.27019
7154.57937 82.34310 2.62612 2.66569 731.73920
7154.57729 82.34113 2.62609 2.66563 731.71890
7153.60806 81.33891 2.56337 2.63318 731.98119
7153.57679 81.31138 2.56080 2.63229 731.46059
7152.63426 80.33473 2.50322 2.60068 732.09986
7152.57629 80.27957 2.49984 2.59889 731.51630
7151.61692 79.33054 2.44124 2.56817 723.38613
7151.57579 79.28984 2.44011 2.56685 722.83967
7150.72457 78.32636 2.39032 2.53566 717.10815
7150.57529 78.15607 2.38353 2.53015 714.66350
7149.96909 77.32218 2.37724 2.50315 713.49453
7149.57479 76.75127 2.32635 2.48467 709.01050
7149.24566 76.31799 2.31020 2.47064 698.26960
7148.75097 75.31381 2.30718 2.43813 701.07043
7148.57429 75.00488 2.29438 2.42813 697.94753
7148.16924 74.30962 2.25803 2.40563 693.99102
7147.69968 73.30544 2.22106 2.37312 690.14296
7147.57379 73.06848 2.21646 2.36545 685.02534
7147.25502 72.30126 2.19291 2.34061 677.79657
7146.89289 71.29707 2.14456 2.30810 672.50450
7146.57329 70.52496 2.10431 2.28310 660.43982
7146.46927 70.29289 2.09887 2.27559 655.31088
7146.10944 69.28870 2.07216 2.24308 643.38597
7145.81670 68.28452 2.03975 2.21057 637.46765
7145.57279 67.62077 2.00989 2.18909 626.85082
7145.43199 67.28033 1.99359 2.17807 620.15884
7145.09831 66.27615 1.95779 2.14556 608.37179
7144.74080 65.27197 1.93848 2.11305 594.77277
7144.57229 64.92333 1.93328 2.10176 587.92232
7144.24449 64.26778 1.92030 2.08054 575.08279
7143.70630 63.26360 1.89258 2.04803 556.18351
7143.57179 63.04133 1.88693 2.04084 551.76323
7143.09777 62.25941 1.87116 2.01552 537.45344
7142.57129 61.60854 1.85888 1.99445 520.79554
7142.25559 61.25523 1.84686 1.98302 511.29368
7141.57079 60.40810 1.82942 1.95559 494.16691
7141.42234 60.25105 1.82591 1.95051 490.35730
7140.57029 59.31763 1.79626 1.92029 471.30546
7140.50158 59.24686 1.79499 1.91800 469.81444
7139.56978 58.33611 1.76580 1.88852 450.76717
7139.46443 58.24268 1.76258 1.88549 448.97387
7138.56928 57.34491 1.74235 1.85643 435.04041
7138.46038 57.23849 1.73868 1.85298 433.12331
7137.56878 56.42924 1.71181 1.82678 418.13433
7137.35113 56.23431 1.70726 1.82047 414.78647
7136.56828 55.59769 1.68406 1.79986 402.29742
7136.15249 55.23013 1.67340 1.78796 396.53311
7135.56778 54.69182 1.65951 1.77054 389.07705
7134.98248 54.22594 1.64276 1.75546 381.05934
7134.56728 53.86101 1.63252 1.74364 376.07440
7133.81105 53.22176 1.61039 1.72295 367.08525
7133.56678 53.03253 1.60389 1.71682 364.08243
7132.65613 52.21757 1.58240 1.69044 354.66610
7132.56628 52.12798 1.57959 1.68754 353.88832
7131.56578 51.30217 1.55140 1.66081 343.33116
7131.44379 51.21339 1.54881 1.65793 341.92913
7130.56528 50.58088 1.52910 1.63745 333.71146
7130.06305 50.20921 1.51629 1.62542 329.21087
7129.56478 49.86909 1.50415 1.61441 323.66625
7128.62870 49.20502 1.48503 1.59291 314.37516
7128.56428 49.15291 1.48339 1.59123 313.81447
7127.56378 48.40729 1.46314 1.56709 303.82271
7127.31199 48.20084 1.45817 1.56041 301.49497
7126.56328 47.59346 1.43766 1.54074 295.25920
7126.13468 47.19665 1.42506 1.52790 292.43928
7125.56278 46.67583 1.41249 1.51104 288.47711
7125.03173 46.19247 1.39646 1.49539 284.84135
7124.56228 45.73692 1.38225 1.48064 281.91752
7123.95892 45.18828 1.36662 1.46288 277.85570
7123.56178 44.81598 1.35229 1.45083 275.28117
7122.90876 44.18410 1.33113 1.43037 271.29499
7122.56128 43.87302 1.32210 1.42030 268.92108
7121.65145 43.17992 1.29786 1.39786 262.39234
7121.56078 43.10223 1.29494 1.39535 261.93617
7120.56028 42.35923 1.26951 1.37130 255.23924
7120.32168 42.17573 1.26402 1.36535 253.43342
7119.55978 41.70159 1.24663 1.35001 247.29676
7118.69986 41.17155 1.22757 1.33285 240.52388
7118.55928 41.08792 1.22508 1.33014 239.43086
7117.55878 40.60555 1.21114 1.31452 231.07372
7116.83204 40.16736 1.19401 1.30034 225.50973
7116.55828 39.96280 1.18918 1.29372 223.59826
7115.55778 39.16415 1.16796 1.26786 217.29627
7115.55665 39.16318 1.16792 1.26783 217.29018
7114.55728 38.35173 1.14358 1.24156 211.57403
7114.33847 38.15900 1.13907 1.23532 210.39449
7113.55678 37.45404 1.11339 1.21250 206.18128
7113.16487 37.15481 1.10389 1.20281 204.17522
7112.55628 36.66861 1.09010 1.18707 201.38391
7111.95820 36.15063 1.07044 1.17030 198.12120
7111.55578 35.81106 1.05747 1.15931 195.88988
7110.61915 35.14644 1.03736 1.13780 190.34064
7110.55528 35.10789 1.03630 1.13655 189.94011
7109.55478 34.67647 1.02081 1.12258 183.20322
7108.55428 34.18932 0.99985 1.10681 176.93962
7108.47712 34.14226 0.99803 1.10529 176.49794
7107.55378 33.56776 0.98166 1.08669 171.33291
7106.95383 33.13808 0.96407 1.07278 168.23329
7106.55328 32.85834 0.95418 1.06372 166.16432
7105.55278 32.26804 0.94112 1.04461 160.80479
7105.30273 32.13389 0.93686 1.04027 159.46624
7104.55228 31.76532 0.92029 1.02834 155.38913
7103.55178 31.30825 0.90360 1.01354 150.67735
7103.24494 31.12971 0.90030 1.00776 149.30128
7102.55128 30.69769 0.88852 0.99378 145.83700
7101.72784 30.12552 0.86875 0.97525 142.04973
7101.55078 30.01231 0.86515 0.97159 141.24687
7100.55028 29.44367 0.84949 0.95318 136.70412
7099.96514 29.12134 0.83915 0.94275 134.07865
7099.54977 28.88368 0.83011 0.93505 132.26102
7098.54927 28.34680 0.81147 0.91767 127.93789
7098.15792 28.11715 0.80547 0.91024 126.30806
7097.54877 27.78259 0.79645 0.89941 123.78436
7096.54827 27.20985 0.77599 0.88086 119.78066
7096.37888 27.11297 0.77320 0.87773 119.10342
7095.54777 26.68811 0.76141 0.86397 115.90923
7094.54727 26.19224 0.74392 0.84792 112.46146
7094.41485 26.10879 0.74022 0.84522 111.95821
7093.54677 25.53872 0.72192 0.82676 108.76857
7092.91375 25.10460 0.71023 0.81271 106.48241
7092.54627 24.85053 0.69991 0.80449 105.16003
7091.54577 24.16055 0.67576 0.78215 101.60674
7091.41316 24.10042 0.67432 0.78020 101.15246
7090.54527 23.81344 0.66699 0.77091 98.30948
7089.54477 23.55355 0.65770 0.76250 95.20230
7088.54427 23.25144 0.64225 0.75272 92.22205
7088.13299 23.09623 0.63661 0.74769 91.02082
7087.54377 22.83949 0.62896 0.73938 89.29118
7086.54327 22.40412 0.62009 0.72529 86.71745
7086.00484 22.09205 0.61239 0.71519 85.25755
7085.54277 21.83715 0.60219 0.70693 83.94830
7084.54227 21.19017 0.58810 0.68599 81.07889
7084.39293 21.08787 0.58579 0.68268 80.64422
7083.54177 20.47934 0.56445 0.66298 78.14794
7082.90659 20.08368 0.55019 0.65017 76.37867
7082.54127 19.89018 0.54394 0.64390 75.41403
7081.54077 19.57880 0.53714 0.63382 73.17536
7080.54027 19.37543 0.52668 0.62724 71.20065
7079.62815 19.07950 0.51577 0.61766 69.30979
7079.53977 19.04828 0.51478 0.61665 69.12516
7078.53927 18.57540 0.49692 0.60134 66.88730
7077.61297 18.07531 0.49115 0.58515 64.81417
7077.53877 18.02954 0.48996 0.58367 64.64418
7076.53827 17.41356 0.46516 0.56373 62.28295
7075.97430 17.07113 0.45730 0.55264 60.93349
7075.53777 16.84079 0.45272 0.54519 59.96906
7074.53727 16.53403 0.44241 0.53526 58.26359
7073.53677 16.25065 0.42984 0.52608 56.67767
7073.11309 16.06695 0.41917 0.52014 55.88103
7072.53627 15.80880 0.41124 0.51178 54.79564
7071.53577 15.33463 0.40619 0.49643 52.87814
7070.97562 15.06276 0.39767 0.48763 51.81268
7070.53527 14.83745 0.38917 0.48033 50.94749
7069.53477 14.39636 0.37316 0.46605 49.18167
7068.82345 14.05858 0.36661 0.45512 47.87390
7068.53427 13.92399 0.36362 0.45076 47.36813
7067.53377 13.63166 0.35366 0.44130 46.07786
7066.53327 13.43379 0.34277 0.43489 45.04839
7065.53277 13.17938 0.32823 0.42666 43.97235
7065.21332 13.05439 0.32803 0.42261 43.52973
7064.53227 12.78787 0.32555 0.41398 42.60882
7063.53177 12.37495 0.32052 0.40061 41.11256
7062.90730 12.05021 0.30750 0.39010 39.98288
7062.53127 11.85158 0.29965 0.38367 39.29393
7061.53077 11.38613 0.28746 0.36860 37.66194
7060.60378 11.04603 0.28366 0.35759 36.40827
7060.53027 11.01847 0.28288 0.35670 36.30847
7059.52976 10.65502 0.27087 0.34493 35.01467
7058.52926 10.25813 0.25363 0.33209 33.60187
7058.01060 10.04184 0.24794 0.32508 32.84960
7057.52876 9.86094 0.24598 0.31923 32.20813
7056.52826 9.62318 0.24237 0.31153 31.27572
7055.52776 9.38235 0.23384 0.30373 30.35319
7054.52726 9.06495 0.21953 0.29346 29.20677
7054.44336 9.03766 0.21802 0.29258 29.10805
7053.52676 8.75726 0.21117 0.28350 28.09457
7052.52626 8.51827 0.20693 0.27576 27.18959
7051.52576 8.26763 0.20424 0.26765 26.25431
7050.80654 8.03347 0.20113 0.26007 25.43470
7050.52526 7.95125 0.19772 0.25741 25.13563
7049.52476 7.64737 0.18542 0.24757 24.04008
7048.52426 7.41951 0.17924 0.24019 23.16990
7047.52376 7.30324 0.17511 0.23643 22.63323
7046.52326 7.17469 0.17349 0.23227 22.05846
7046.00238 7.02929 0.17406 0.22756 21.51892
7045.52276 6.92342 0.17514 0.22413 21.10101
7044.52226 6.74435 0.17354 0.21833 20.36832
7043.52176 6.65359 0.17019 0.21540 19.88580
7042.52126 6.56184 0.17079 0.21243 19.39507
7041.52076 6.38371 0.16976 0.20666 18.68227
7040.65104 6.02510 0.16851 0.19505 17.45308
7040.52026 5.96880 0.16811 0.19323 17.26406
7039.51976 5.75723 0.15321 0.18638 16.43727
7038.51926 5.70878 0.14439 0.18481 16.08243
7037.51876 5.59255 0.14084 0.18105 15.53520
7036.51826 5.32450 0.14888 0.17237 14.55635
7035.91296 5.02092 0.14284 0.16254 13.60788
0.00000 0.00000 0.00000 0.00000 0.00000
