7252.82106 238.99582 8.01466 7.73701 880.96974
7252.62631 238.60735 8.00192 7.72444 880.08181
7252.35507 237.99163 7.98286 7.70450 879.83054
7251.94491 236.98745 7.95185 7.67199 880.46774
7251.62581 236.34809 7.92988 7.65130 879.07690
7251.44724 235.98326 7.91693 7.63949 878.35990
7251.01009 234.97908 7.88224 7.60698 878.31572
7250.62531 234.12030 7.85921 7.57918 877.44876
7250.55591 233.97490 7.85594 7.57447 876.96664
7250.13452 232.97071 7.82093 7.54196 876.84640
7249.65428 231.96653 7.78767 7.50945 875.48833
7249.62481 231.90993 7.78649 7.50762 875.34270
7249.19527 230.96234 7.75785 7.47694 874.98287
7248.72170 229.95816 7.72199 7.44444 873.95517
7248.62431 229.77746 7.71558 7.43859 873.38939
7248.24333 228.95397 7.68919 7.41193 872.93862
7247.81082 227.94979 7.65687 7.37942 873.32881
7247.62381 227.57990 7.64533 7.36744 872.62652
7247.31340 226.94561 7.62212 7.34691 871.77017
7246.86497 225.94142 7.58751 7.31440 872.02625
7246.62331 225.40726 7.57505 7.29711 870.94063
7246.41951 224.93724 7.56260 7.28189 870.42835
7245.93627 223.93305 7.52664 7.24938 869.49328
7245.62281 223.35711 7.50791 7.23074 868.49794
7245.39811 222.92887 7.49409 7.21688 868.60609
7244.90952 221.92469 7.46070 7.18437 869.26885
7244.62231 221.41207 7.44566 7.16777 867.70453
7244.38262 220.92050 7.42745 7.15186 867.06461
7243.93959 219.91632 7.39319 7.11935 867.50425
7243.62181 219.27880 7.37411 7.09871 866.77448
7243.43770 218.91213 7.36301 7.08684 866.28526
7242.96979 217.90795 7.32646 7.05433 866.17128
7242.62131 217.24982 7.30610 7.03303 864.81957
7242.44702 216.90377 7.29538 7.02183 864.44702
7242.04475 215.89958 7.26576 6.98932 865.02111
7241.62081 215.08161 7.23797 6.96284 863.58714
7241.52457 214.89540 7.23185 6.95681 863.28458
7241.06819 213.89121 7.19686 6.92430 863.84914
7240.62031 212.97157 7.16767 6.89453 863.35401
7240.57560 212.88703 7.16500 6.89179 863.19429
7240.09095 211.88285 7.12947 6.85928 862.99882
7239.61981 210.98394 7.10111 6.83018 861.44761
7239.56469 210.87866 7.09833 6.82677 861.28130
7239.06448 209.87448 7.06679 6.79427 860.63360
7238.61931 209.05284 7.04012 6.76767 858.88551
7238.52508 208.87029 7.03387 6.76176 858.69977
7238.07692 207.86611 7.00051 6.72925 859.32873
7237.61881 206.88461 6.97150 6.69748 858.56165
7237.60629 206.86192 6.97078 6.69674 858.51534
7237.05794 205.85774 6.93509 6.66423 857.62522
7236.61831 205.08508 6.90999 6.63922 857.62052
7236.49499 204.85356 6.90299 6.63172 857.64501
7235.98687 203.84937 6.86922 6.59922 857.26937
7235.61781 203.17944 6.84738 6.57753 855.62762
7235.44431 202.84519 6.83609 6.56671 855.31814
7234.97172 201.84100 6.80251 6.53420 856.22009
7234.61731 201.19670 6.78235 6.51334 855.03310
7234.42204 200.83682 6.77003 6.50169 854.41348
7233.92246 199.83264 6.73460 6.46918 854.42097
7233.61681 199.25087 6.71732 6.45035 854.09988
7233.39788 198.82845 6.70534 6.43667 853.28036
7232.93637 197.82427 6.67155 6.40417 853.27804
7232.61631 197.25638 6.65297 6.38578 852.22839
7232.38578 196.82008 6.64003 6.37166 851.81011
7231.89268 195.81590 6.60565 6.33915 852.44780
7231.61581 195.34344 6.59010 6.32385 851.05881
7231.32273 194.81172 6.57221 6.30664 850.26384
7230.82114 193.80753 6.53970 6.27413 850.74135
7230.61531 193.44088 6.52899 6.26226 850.09039
7230.27057 192.80335 6.50562 6.24162 849.40141
7229.72934 191.79916 6.47209 6.20911 848.56307
7229.61481 191.60575 6.46699 6.20285 848.01681
7229.18194 190.79498 6.44156 6.17661 847.78415
7228.68030 189.79079 6.40939 6.14410 846.51836
7228.61431 189.67756 6.40667 6.14043 845.97807
7228.14487 188.78661 6.37737 6.11159 845.87663
7227.61381 187.86386 6.34675 6.08172 846.46749
7227.56451 187.78243 6.34335 6.07908 846.55239
7227.01546 186.77824 6.30412 6.04657 847.41121
7226.61331 186.08827 6.28542 6.02424 845.67081
7226.43044 185.77406 6.27651 6.01406 844.95776
7225.88587 184.76987 6.24113 5.98156 844.61814
7225.61281 184.31607 6.22631 5.96686 843.45785
7225.30836 183.76569 6.20967 5.94905 843.05107
7224.72683 182.76151 6.17977 5.91654 841.32519
7224.61231 182.56905 6.17334 5.91031 840.97718
7224.19617 181.75732 6.14298 5.88403 841.11400
7223.70062 180.75314 6.11333 5.85152 841.39738
7223.61181 180.60508 6.10881 5.84673 841.14413
7223.13187 179.74895 6.07835 5.81901 840.69314
7222.61131 178.82794 6.04825 5.78920 839.97053
7222.56330 178.74477 6.04580 5.78650 839.87737
7222.02266 177.74059 6.01209 5.75400 840.38261
7221.61081 177.08228 5.98996 5.73268 838.40746
7221.40174 176.73640 5.97894 5.72149 837.68031
7220.87929 175.73222 5.94396 5.68898 839.09483
7220.61031 175.28536 5.93135 5.67451 838.30759
7220.28988 174.72803 5.90988 5.65647 837.83563
7219.73980 173.72385 5.87604 5.62396 837.91756
7219.60980 173.51670 5.86989 5.61726 837.71779
7219.06379 172.71967 5.84538 5.59145 836.50719
7218.60930 171.97912 5.82349 5.56748 834.38483
7218.46924 171.71548 5.81349 5.55895 834.56045
7217.92878 170.71130 5.78083 5.52644 835.63545
7217.60880 170.20557 5.76523 5.51006 834.35424
7217.30430 169.70711 5.74771 5.49393 833.56953
7216.73213 168.70293 5.71334 5.46142 833.73184
7216.60830 168.50018 5.70814 5.45486 833.41837
7216.14791 167.69874 5.68003 5.42891 833.46521
7215.60780 166.84036 5.65038 5.40112 831.70837
7215.51616 166.69456 5.64640 5.39640 831.41617
7214.94676 165.69038 5.61435 5.36389 832.03979
7214.60730 165.17136 5.59787 5.34709 830.44044
7214.30897 164.68619 5.57988 5.33139 830.10569
7213.79934 163.68201 5.54869 5.29888 831.32536
7213.60680 163.37970 5.54114 5.28909 830.02774
7213.17415 162.67782 5.51603 5.26637 829.47582
7212.60630 161.76272 5.48426 5.23674 828.38851
7212.54794 161.67364 5.48208 5.23386 828.15228
7211.94192 160.66946 5.45013 5.20135 827.82600
7211.60580 160.17094 5.43198 5.18521 826.35856
7211.29210 159.66527 5.41665 5.16884 825.88331
7210.69481 158.66109 5.38452 5.13634 825.89463
7210.60530 158.52524 5.38027 5.13194 825.52724
7210.03788 157.65690 5.34620 5.10383 826.04682
7209.60480 157.04366 5.32759 5.08397 825.88545
7209.35168 156.65272 5.31603 5.07132 825.60919
7208.71845 155.64854 5.28058 5.03881 824.42207
7208.60430 155.47286 5.27402 5.03312 824.33505
7208.12907 154.64435 5.24958 5.00630 824.14576
7207.60380 153.79570 5.22481 4.97883 822.79103
7207.50346 153.64017 5.21810 4.97379 822.69645
7206.89057 152.63598 5.18172 4.94128 823.28347
7206.60330 152.20835 5.17055 4.92744 822.41108
7206.22577 151.63180 5.15115 4.90878 821.61049
7205.60280 150.68382 5.11824 4.87809 820.44822
7205.56322 150.62762 5.11664 4.87627 820.25955
7204.90776 149.62343 5.08581 4.84376 819.34392
7204.60230 149.19375 5.07059 4.82985 817.85087
7204.25252 148.61925 5.04911 4.81125 818.58340
7203.63493 147.61506 5.01655 4.77874 819.64434
7203.60180 147.56696 5.01510 4.77719 819.53233
7202.99231 146.61088 4.97796 4.74623 819.98809
7202.60130 145.96894 4.96235 4.72545 818.49423
7202.37220 145.60669 4.95370 4.71373 817.71518
7201.64724 144.60251 4.91536 4.68122 816.29086
7201.60080 144.54085 4.91306 4.67922 816.31970
7200.95577 143.59833 4.88243 4.64871 818.31492
7200.60030 143.11229 4.86896 4.63297 816.45636
7200.24485 142.59414 4.85044 4.61620 815.45829
7199.59980 141.63214 4.81912 4.58506 815.13190
7199.56992 141.58996 4.81804 4.58369 815.04462
7198.86659 140.58577 4.78205 4.55118 813.34646
7198.59930 140.22600 4.77115 4.53954 812.03822
7198.17115 139.58159 4.75176 4.51867 812.17354
7197.59880 138.79043 4.72753 4.49306 810.19657
7197.44405 138.57741 4.71961 4.48617 809.63081
7196.77705 137.57322 4.68396 4.45366 810.65231
7196.59830 137.29896 4.67771 4.44478 810.32660
7196.15661 136.56904 4.65240 4.42115 809.97839
7195.59780 135.77454 4.62487 4.39543 809.42186
7195.44418 135.56485 4.62018 4.38864 808.95529
7194.74125 134.56067 4.58558 4.35613 808.26926
7194.59730 134.36868 4.57921 4.34992 807.70195
7194.03889 133.55649 4.55123 4.32362 808.02791
7193.59680 132.94991 4.53452 4.30399 807.10698
7193.31257 132.55230 4.51790 4.29112 806.56114
7192.60025 131.54812 4.48464 4.25861 806.77936
7192.59630 131.54285 4.48449 4.25844 806.79065
7191.79346 130.54393 4.44763 4.22610 806.86232
7191.59580 130.30724 4.44065 4.21844 805.31845
7191.04813 129.53975 4.41686 4.19359 804.72290
7190.59530 128.92941 4.39881 4.17383 804.04879
7190.30787 128.53556 4.38661 4.16108 801.99535
7189.62619 127.53138 4.35485 4.12857 801.91829
7189.59480 127.48849 4.35411 4.12718 801.93163
7188.92001 126.52720 4.31532 4.09606 803.09443
7188.59430 126.10261 4.30103 4.08232 802.21758
7188.17149 125.52301 4.28673 4.06356 802.25847
7187.59380 124.78783 4.25808 4.03976 800.12149
7187.38557 124.51883 4.24898 4.03105 799.57876
7186.65648 123.51464 4.21834 3.99854 800.19237
7186.59330 123.43439 4.21617 3.99594 799.99610
7185.90097 122.51046 4.18004 3.96603 799.69049
7185.59280 122.12479 4.16954 3.95355 798.62750
7185.11616 121.50628 4.15294 3.93352 797.99718
7184.59230 120.85063 4.12649 3.91230 795.66614
7184.29638 120.50209 4.11745 3.90101 793.90809
7183.59180 119.64575 4.08965 3.87329 795.41535
7183.47499 119.49791 4.08404 3.86851 795.22256
7182.79413 118.49372 4.04875 3.83600 796.77024
7182.59130 118.25003 4.04207 3.82811 795.92426
7181.97871 117.48954 4.01915 3.80349 794.49347
7181.59080 117.01376 3.99956 3.78809 793.29800
7181.18304 116.48536 3.98272 3.77098 793.38329
7180.59030 115.72287 3.95958 3.74630 793.36952
7180.39000 115.48117 3.94747 3.73847 792.66582
7179.60010 114.47699 3.91792 3.70596 792.51831
7179.58979 114.46450 3.91755 3.70556 792.48794
7178.80822 113.47280 3.87422 3.67346 792.54562
7178.58929 113.21013 3.86932 3.66495 791.90333
7177.98879 112.46862 3.84706 3.64095 791.12828
7177.58879 112.01381 3.82901 3.62622 788.94224
7177.12654 111.46444 3.81264 3.60844 788.15696
7176.58829 110.75340 3.79253 3.58542 786.67639
7176.36081 110.46025 3.78405 3.57593 785.53546
7175.58779 109.50542 3.74993 3.54502 785.30285
7175.54434 109.45607 3.74902 3.54342 785.02864
7174.67608 108.45188 3.71355 3.51091 784.47815
7174.58729 108.35759 3.70846 3.50786 784.70768
7173.81817 107.44770 3.68260 3.47840 786.87590
7173.58679 107.19208 3.67387 3.47013 785.19394
7172.95128 106.44351 3.64153 3.44590 784.06145
7172.58629 106.00478 3.63327 3.43169 784.16016
7172.11655 105.43933 3.61026 3.41339 784.26204
7171.58579 104.81475 3.58618 3.39317 783.86248
7171.26436 104.43515 3.57628 3.38088 783.72358
7170.58529 103.69889 3.54897 3.35704 779.98255
7170.34042 103.43096 3.54077 3.34837 778.77888
7169.58479 102.53069 3.51197 3.31923 779.87548
7169.48942 102.42678 3.50815 3.31586 779.51172
7168.68043 101.42259 3.47539 3.28335 778.20785
7168.58429 101.31504 3.47331 3.27987 777.19970
7167.81576 100.41841 3.44550 3.25085 777.12078
7167.58379 100.16349 3.43450 3.24259 776.55116
7166.92257 99.41423 3.41129 3.21834 775.11049
7166.58329 99.03397 3.40325 3.20603 774.81316
7165.96040 98.41004 3.36943 3.18583 774.84932
7165.58279 98.03416 3.36100 3.17366 774.25353
7165.02160 97.40586 3.35033 3.15332 773.30350
7164.58229 96.93667 3.31850 3.13813 771.43528
7164.10074 96.40167 3.31070 3.12081 771.35265
7163.58179 95.85016 3.29534 3.10296 769.39537
7163.16264 95.39749 3.25824 3.08830 768.47872
7162.58129 94.75425 3.25588 3.06748 768.21022
7162.24244 94.39331 3.24087 3.05579 767.13544
7161.58079 93.69135 3.19533 3.03307 766.09103
7161.30362 93.38912 3.19385 3.02329 764.54236
7160.58029 92.53247 3.15611 2.99555 762.05350
7160.45120 92.38494 3.14465 2.99078 762.61840
7159.57979 91.45497 3.11215 2.96067 762.10994
7159.51076 91.38075 3.10854 2.95827 762.02644
7158.58682 90.37657 3.04957 2.92576 762.70337
7158.57929 90.36877 3.04920 2.92551 762.68517
7157.57879 89.37737 3.00680 2.89341 755.55287
7157.57364 89.37238 3.00643 2.89325 755.50750
7156.57829 88.42528 2.95238 2.86259 755.08687
7156.52292 88.36820 2.95053 2.86074 755.42755
7155.57779 87.48269 2.89873 2.83208 745.76721
7155.46131 87.36402 2.89181 2.82824 745.37401
7154.57729 86.51719 2.85076 2.80082 738.13385
7154.42515 86.35983 2.84215 2.79573 737.84137
7153.57679 85.51965 2.79128 2.76853 733.12531
7153.41881 85.35565 2.78106 2.76322 732.95699
7152.57629 84.45464 2.73364 2.73405 735.86492
7152.47630 84.35146 2.72798 2.73071 735.38581
7151.59689 83.34728 2.66012 2.69820 733.54677
7151.57579 83.32564 2.65861 2.69750 733.48540
7150.58512 82.34310 2.61708 2.66569 729.71068
7150.57529 82.33309 2.61677 2.66537 729.68914
7149.58712 81.33891 2.55431 2.63318 726.39838
7149.57479 81.32774 2.55333 2.63282 726.20528
7148.57429 80.45446 2.50739 2.60455 710.01848
7148.45551 80.33473 2.50141 2.60068 711.54500
7147.57379 79.51861 2.44613 2.57426 704.90891
7147.41174 79.33054 2.43691 2.56817 705.46107
7146.57329 78.35770 2.39517 2.53667 701.53976
7146.54357 78.32636 2.39304 2.53566 700.81300
7145.87656 77.32218 2.37822 2.50315 708.06138
7145.57279 76.84571 2.34984 2.48773 707.69286
7145.23051 76.31799 2.31860 2.47064 703.97757
7144.73523 75.31381 2.29932 2.43813 704.85799
7144.57229 75.03788 2.29429 2.42920 697.99036
7144.19839 74.30962 2.26645 2.40563 691.90896
7143.78225 73.30544 2.21226 2.37312 691.52176
7143.57179 72.86764 2.20277 2.35894 684.70730
7143.30981 72.30126 2.18983 2.34061 675.59051
7142.95414 71.29707 2.15393 2.30810 670.86801
7142.57129 70.40449 2.10539 2.27920 653.75262
7142.51748 70.29289 2.09994 2.27559 650.68222
7142.18127 69.28870 2.06321 2.24308 641.02722
7141.87880 68.28452 2.03713 2.21057 633.22781
7141.57079 67.40281 2.00792 2.18203 620.54999
7141.51915 67.28033 2.00245 2.17807 617.93594
7141.16730 66.27615 1.96184 2.14556 603.85961
7140.83230 65.27197 1.93248 2.11305 591.86841
7140.57029 64.76233 1.92445 2.09655 580.26467
7140.31986 64.26778 1.91829 2.08054 570.28805
7139.81192 63.26360 1.89657 2.04803 552.71348
7139.56978 62.86325 1.88443 2.03507 545.16917
7139.12602 62.25941 1.86893 2.01552 533.03575
7138.56928 61.62866 1.86085 1.99510 516.87005
7138.23750 61.25523 1.84938 1.98302 506.32528
7137.56878 60.44912 1.82944 1.95692 488.94197
7137.38359 60.25105 1.82528 1.95051 484.25137
7136.56828 59.34397 1.79710 1.92114 465.93027
7136.47072 59.24686 1.79487 1.91800 463.72379
7135.56778 58.36777 1.76835 1.88954 445.18168
7135.44036 58.24268 1.76410 1.88549 442.72466
7134.56728 57.27877 1.74012 1.85429 427.26130
7134.52617 57.23849 1.73893 1.85298 426.53141
7133.56678 56.39266 1.71051 1.82560 410.48000
7133.39055 56.23431 1.70643 1.82047 407.75105
7132.56628 55.54245 1.68271 1.79808 394.99997
7132.21822 55.23013 1.67266 1.78796 390.26720
7131.56578 54.62989 1.65721 1.76853 381.77460
7131.00286 54.22594 1.64256 1.75546 373.89113
7130.56528 53.87769 1.63202 1.74418 369.58936
7129.79418 53.22176 1.61170 1.72295 361.29592
7129.56478 53.04884 1.60524 1.71735 358.28985
7128.64953 52.21757 1.58159 1.69044 348.99715
7128.56428 52.13063 1.57937 1.68762 348.27129
7127.56378 51.32381 1.55171 1.66151 337.58100
7127.41711 51.21339 1.54816 1.65793 335.98996
7126.56328 50.57119 1.52852 1.63714 326.96708
7126.08463 50.20921 1.51637 1.62542 322.10026
7125.56278 49.84410 1.50415 1.61360 316.62952
7124.66726 49.20502 1.48560 1.59291 307.83927
7124.56228 49.11848 1.48293 1.59011 306.94763
7123.56178 48.35835 1.46165 1.56550 297.15347
7123.37634 48.20084 1.45799 1.56041 295.49115
7122.56128 47.52399 1.43538 1.53849 288.96307
7122.19769 47.19665 1.42457 1.52790 286.35683
7121.56078 46.60989 1.41044 1.50890 282.77158
7121.07184 46.19247 1.39771 1.49539 280.16328
7120.56028 45.73630 1.38194 1.48062 276.62887
7119.96466 45.18828 1.36650 1.46288 272.62232
7119.55978 44.81464 1.35289 1.45078 270.00290
7118.90000 44.18410 1.33029 1.43037 265.89717
7118.55928 43.87613 1.32218 1.42040 263.65062
7117.68173 43.17992 1.29766 1.39786 257.23640
7117.55878 43.07153 1.29365 1.39435 256.43448
7116.55828 42.28643 1.26780 1.36894 249.29578
7116.41218 42.17573 1.26424 1.36535 248.24561
7115.55778 41.66928 1.24577 1.34896 241.25870
7114.65964 41.17155 1.22793 1.33285 233.95791
7114.55728 41.11163 1.22607 1.33091 233.17513
7113.55678 40.57212 1.21008 1.31344 225.21044
7112.84258 40.16736 1.19539 1.30034 220.49232
7112.55628 39.97396 1.18908 1.29408 218.77583
7111.58564 39.16318 1.16950 1.26783 212.85547
7111.55578 39.14172 1.16873 1.26713 212.67021
7110.55528 38.33867 1.14203 1.24114 206.98975
7110.34914 38.15900 1.13789 1.23532 205.87650
7109.55478 37.44112 1.11364 1.21208 201.74788
7109.22453 37.15481 1.10367 1.20281 199.96912
7108.55428 36.55258 1.08695 1.18332 196.46274
7108.07834 36.15063 1.07063 1.17030 193.87266
7107.55378 35.72390 1.05395 1.15649 190.96941
7106.69425 35.14644 1.03882 1.13780 185.84072
7106.55328 35.06753 1.03638 1.13524 184.95525
7105.55278 34.64683 1.01756 1.12162 178.31184
7104.58890 34.14226 1.00029 1.10529 172.45650
7104.55228 34.12009 0.99954 1.10457 172.24694
7103.55178 33.53784 0.98033 1.08572 167.29671
7102.98219 33.13808 0.96595 1.07278 164.53294
7102.55128 32.85054 0.95445 1.06347 162.24839
7101.55078 32.26559 0.94068 1.04453 156.98392
7101.30209 32.13389 0.93636 1.04027 155.66730
7100.55028 31.76677 0.92165 1.02839 151.70611
7099.54977 31.24459 0.90157 1.01148 146.66584
7099.36367 31.12971 0.89945 1.00776 145.76648
7098.54927 30.60781 0.88614 0.99087 141.86118
7097.86656 30.12552 0.86883 0.97525 138.79337
7097.54877 29.92044 0.86289 0.96861 137.38812
7096.54827 29.37563 0.84838 0.95098 132.92157
7096.08116 29.12134 0.83964 0.94275 130.81177
7095.54777 28.82362 0.82716 0.93311 128.64455
7094.54727 28.33371 0.81253 0.91725 124.81313
7094.18065 28.11715 0.80684 0.91024 123.27486
7093.54677 27.76660 0.79644 0.89889 120.70551
7092.54627 27.19375 0.77616 0.88034 116.76704
7092.40158 27.11297 0.77385 0.87773 116.20653
7091.54577 26.66186 0.76104 0.86312 112.92414
7090.58789 26.10879 0.74168 0.84522 109.38777
7090.54527 26.08027 0.74062 0.84430 109.23337
7089.54477 25.41687 0.71893 0.82282 105.64578
7089.10631 25.10460 0.71055 0.81271 104.08959
7088.54427 24.71503 0.69541 0.80010 102.11658
7087.56191 24.10042 0.67437 0.78020 98.70507
7087.54377 24.09052 0.67421 0.77988 98.64303
7086.54327 23.82758 0.66781 0.77137 95.74360
7085.54277 23.56681 0.65688 0.76293 92.75540
7084.54227 23.24307 0.64244 0.75245 89.83894
7084.15900 23.09623 0.63607 0.74769 88.74017
7083.54177 22.82545 0.62968 0.73893 86.99236
7082.54127 22.32222 0.61874 0.72264 84.22363
7082.17938 22.09205 0.61340 0.71519 83.20793
7081.54077 21.71081 0.60001 0.70284 81.43803
7080.62689 21.08787 0.58487 0.68268 78.82460
7080.54027 21.01905 0.58353 0.68045 78.56779
7079.53977 20.32482 0.55880 0.65798 75.72151
7079.11229 20.08368 0.55123 0.65017 74.59170
7078.53927 19.82171 0.54411 0.64169 73.17037
7077.53877 19.58926 0.53512 0.63416 71.21489
7076.53827 19.37336 0.52839 0.62717 69.35231
7075.71992 19.07950 0.51320 0.61766 67.65008
7075.53777 19.00884 0.51082 0.61537 67.27197
7074.53727 18.51065 0.50044 0.59925 65.04435
7073.80434 18.07531 0.48998 0.58515 63.31817
7073.53677 17.89243 0.48511 0.57923 62.64785
7072.53627 17.25943 0.46153 0.55874 60.24452
7072.21203 17.07113 0.45600 0.55264 59.50649
7071.53577 16.75730 0.45117 0.54248 58.13623
7070.53527 16.49914 0.44065 0.53413 56.58233
7069.53477 16.16783 0.42725 0.52340 54.94195
7069.31673 16.06695 0.42303 0.52014 54.52503
7068.53427 15.71018 0.41037 0.50859 53.10011
7067.53377 15.26835 0.40479 0.49428 51.36587
7067.10551 15.06276 0.39852 0.48763 50.56180
7066.53327 14.78224 0.38798 0.47855 49.49914
7065.53277 14.33094 0.37130 0.46394 47.75405
7064.96919 14.05858 0.36643 0.45512 46.72021
7064.53227 13.85643 0.36280 0.44857 45.95166
7063.53177 13.61706 0.35154 0.44082 44.79954
7062.53127 13.40474 0.34044 0.43395 43.78000
7061.53077 13.10092 0.32810 0.42412 42.62338
7061.42117 13.05439 0.32755 0.42261 42.46555
7060.53027 12.68623 0.32687 0.41069 41.21609
7059.52976 12.28426 0.31821 0.39768 39.82901
7059.09114 12.05021 0.30938 0.39010 39.02986
7058.52926 11.75941 0.29639 0.38069 38.03465
7057.52876 11.32579 0.28824 0.36665 36.53143
7056.77935 11.04603 0.28420 0.35759 35.53032
7056.52826 10.95226 0.28235 0.35456 35.19357
7055.52776 10.53859 0.26606 0.34117 33.75862
7054.52726 10.14106 0.25156 0.32830 32.38688
7054.26127 10.04184 0.24929 0.32508 32.03989
7053.52676 9.80359 0.24457 0.31737 31.19046
7052.52626 9.58368 0.24148 0.31025 30.33335
7051.52576 9.31467 0.23148 0.30154 29.35936
7050.63449 9.03766 0.22141 0.29258 28.39068
7050.52526 9.00485 0.22000 0.29151 28.27394
7049.52476 8.72910 0.20991 0.28259 27.28205
7048.52426 8.48878 0.20715 0.27481 26.39190
7047.52376 8.19366 0.20380 0.26525 25.34516
7047.08795 8.03347 0.20122 0.26007 24.79621
7046.52326 7.85194 0.19581 0.25419 24.16414
7045.52276 7.57875 0.18501 0.24535 23.18387
7044.52226 7.41716 0.18082 0.24012 22.52965
7043.52176 7.32891 0.17688 0.23726 22.08288
7042.52126 7.14943 0.17531 0.23145 21.37018
7042.08447 7.02929 0.17631 0.22756 20.94489
7041.52076 6.91151 0.17634 0.22375 20.49745
7040.52026 6.77025 0.17251 0.21917 19.88889
7039.51976 6.68904 0.17067 0.21654 19.44621
7038.51926 6.55363 0.17067 0.21216 18.84423
7037.51876 6.30522 0.17210 0.20412 17.92636
7036.87281 6.02510 0.16644 0.19505 17.00641
7036.51826 5.89203 0.16238 0.19074 16.55837
7035.51776 5.84240 0.15055 0.18914 16.21457
7034.51726 5.71343 0.14196 0.18496 15.64927
7033.51676 5.51685 0.15066 0.17860 14.90771
7032.51626 5.11873 0.15084 0.16571 13.61855
7032.36215 5.02092 0.14868 0.16254 13.33583
0.00000 0.00000 0.00000 0.00000 0.00000
