6970.48524 10.02057 0.24948 0.32440 130.56715
6970.76363 10.04184 0.25070 0.32508 130.57845
6971.48574 10.10065 0.25379 0.32699 130.73303
6972.48624 10.17870 0.25800 0.32952 130.80486
6973.48674 10.26608 0.26258 0.33234 130.93887
6974.48724 10.34781 0.26692 0.33499 130.95963
6975.48774 10.42393 0.27107 0.33745 130.87820
6976.48824 10.52645 0.27619 0.34077 131.10686
6977.48874 10.62873 0.28133 0.34408 131.30797
6978.48924 10.72899 0.28643 0.34733 131.44144
6979.48974 10.81795 0.29117 0.35021 131.38589
6980.49025 10.92248 0.29641 0.35359 131.55019
6981.47998 11.04603 0.30221 0.35759 131.97333
6981.49075 11.04739 0.30228 0.35764 131.97684
6982.49125 11.18153 0.30854 0.36198 132.39419
6983.49175 11.29711 0.31414 0.36572 132.51411
6984.49225 11.40632 0.31950 0.36926 132.51296
6985.49275 11.52145 0.32504 0.37298 132.54816
6986.49325 11.64362 0.33085 0.37694 132.62853
6987.49375 11.77563 0.33700 0.38121 132.78324
6988.49425 11.91484 0.34346 0.38572 132.98775
6989.49475 12.04260 0.34938 0.38985 133.19398
6989.54367 12.05021 0.34972 0.39010 133.21764
6990.49525 12.19188 0.35634 0.39469 133.46945
6991.49575 12.33819 0.36314 0.39942 133.63275
6992.49625 12.49289 0.37009 0.40443 133.79262
6993.49675 12.64018 0.37676 0.40920 133.78563
6994.49725 12.80274 0.38350 0.41446 133.75836
6995.49775 12.97764 0.39024 0.42013 133.71008
6995.85786 13.05439 0.39307 0.42261 133.82780
6996.49825 13.19896 0.39827 0.42729 134.06481
6997.49875 13.40950 0.40612 0.43411 134.25973
6998.49925 13.58773 0.41310 0.43988 134.30349
6999.49975 13.76975 0.42080 0.44577 134.33491
7000.50025 13.98526 0.42971 0.45274 134.69680
7000.79978 14.05858 0.43272 0.45512 134.90285
7001.50075 14.21979 0.43936 0.46034 135.22165
7002.50125 14.43253 0.44814 0.46722 135.36739
7003.50175 14.65255 0.45705 0.47435 135.47074
7004.50225 14.89897 0.46670 0.48232 135.79279
7005.08682 15.06276 0.47299 0.48763 136.16840
7005.50275 15.17595 0.47730 0.49129 136.38293
7006.50325 15.42808 0.48703 0.49945 136.63264
7007.50375 15.64540 0.49549 0.50649 136.63615
7008.50425 15.90760 0.50561 0.51498 136.76925
7009.10502 16.06695 0.51173 0.52014 136.85220
7009.50475 16.16916 0.51563 0.52344 136.83889
7010.50525 16.45711 0.52659 0.53277 137.13709
7011.50575 16.73488 0.53687 0.54176 137.23839
7012.50625 17.06322 0.54868 0.55239 137.87478
7012.52741 17.07113 0.54895 0.55264 137.89949
7013.50675 17.39186 0.56042 0.56303 138.46716
7014.50725 17.65839 0.56989 0.57165 138.26620
7015.50775 17.96717 0.58039 0.58165 138.50367
7015.86482 18.07531 0.58398 0.58515 138.69409
7016.50825 18.27033 0.59053 0.59147 139.06399
7017.50875 18.59137 0.60151 0.60186 139.40217
7018.50925 18.88940 0.61205 0.61151 139.46148
7019.11435 19.07950 0.61836 0.61766 139.61179
7019.50975 19.20552 0.62241 0.62174 139.72876
7020.51026 19.51408 0.63222 0.63173 139.89735
7021.51076 19.83154 0.64133 0.64201 140.19107
7022.26141 20.08368 0.64859 0.65017 140.58486
7022.51126 20.16525 0.65094 0.65281 140.68524
7023.51176 20.45699 0.65909 0.66225 140.61739
7024.51226 20.73977 0.66661 0.67141 140.64317
7025.51276 21.01559 0.67333 0.68034 140.55778
7025.74568 21.08787 0.67506 0.68268 140.58211
7026.51326 21.34024 0.68138 0.69085 140.99869
7027.51376 21.68073 0.68999 0.70187 141.65396
7028.51426 21.99094 0.69686 0.71191 141.59571
7028.79716 22.09205 0.69901 0.71519 141.62585
7029.51476 22.37495 0.70483 0.72434 142.03588
7030.51526 22.71324 0.71125 0.73530 142.01263
7031.51576 23.05845 0.71893 0.74647 142.50018
7031.62156 23.09623 0.71988 0.74769 142.60054
7032.51626 23.36769 0.72624 0.75648 142.68136
7033.51676 23.63806 0.73222 0.76523 142.33658
7034.51726 23.91342 0.73841 0.77415 142.22068
7035.06331 24.10042 0.74288 0.78020 142.41137
7035.51776 24.27905 0.74743 0.78599 142.90173
7036.51826 24.63024 0.75629 0.79735 143.40716
7037.51876 24.96010 0.76450 0.80803 143.59391
7037.91196 25.10460 0.76823 0.81271 143.85270
7038.51926 25.34147 0.77439 0.82038 144.40667
7039.51976 25.67589 0.78302 0.83121 144.56195
7040.52026 25.99699 0.79139 0.84160 144.51038
7040.80977 26.10879 0.79446 0.84522 144.73306
7041.52076 26.37090 0.80140 0.85371 145.04297
7042.52126 26.67100 0.80935 0.86342 145.06449
7043.52176 27.00715 0.81855 0.87430 145.08934
7043.79210 27.11297 0.82155 0.87773 145.27366
7044.52226 27.40436 0.82974 0.88716 145.82937
7045.52276 27.75916 0.83951 0.89865 145.97573
7046.49325 28.11715 0.84958 0.91024 146.24512
7046.52326 28.12994 0.84996 0.91065 146.27414
7047.52376 28.52146 0.86132 0.92333 146.77186
7048.52426 28.88984 0.87189 0.93525 146.95135
7049.12155 29.12134 0.87846 0.94275 147.15370
7049.52476 29.28802 0.88328 0.94814 147.39708
7050.52526 29.67118 0.89456 0.96055 147.63595
7051.52576 30.00975 0.90482 0.97151 147.72498
7051.79512 30.12552 0.90835 0.97525 148.08307
7052.52626 30.46555 0.91800 0.98626 148.73171
7053.52676 30.91021 0.92938 1.00066 148.89989
7053.96843 31.12971 0.93508 1.00776 149.14987
7054.52726 31.39287 0.94274 1.01628 149.62403
7055.52776 31.77732 0.95420 1.02873 149.68026
7056.40748 32.13389 0.96496 1.04027 149.93414
7056.52826 32.18943 0.96666 1.04207 150.02977
7057.52876 32.63031 0.98013 1.05634 150.58158
7058.52926 33.06090 0.99320 1.07028 150.99348
7058.69531 33.13808 0.99556 1.07278 151.12050
7059.52976 33.50424 1.00675 1.08463 151.51314
7060.53027 33.87431 1.01807 1.09661 151.60665
7061.09768 34.14226 1.02647 1.10529 151.98987
7061.53077 34.35621 1.03315 1.11221 152.41046
7062.53127 34.79458 1.04649 1.12641 152.71197
7063.32063 35.14644 1.05736 1.13780 152.97698
7063.53177 35.24990 1.06061 1.14114 153.14818
7064.53227 35.69895 1.07480 1.15568 153.46640
7065.53277 36.15038 1.08879 1.17030 153.76472
7065.53327 36.15063 1.08879 1.17030 153.76506
7066.53327 36.62585 1.10370 1.18569 154.26987
7067.53377 37.08878 1.11838 1.20067 154.55308
7067.67157 37.15481 1.12047 1.20281 154.61016
7068.53427 37.55855 1.13317 1.21588 155.27581
7069.53477 38.02702 1.14788 1.23105 155.70033
7069.79389 38.15900 1.15212 1.23532 155.86828
7070.53527 38.53048 1.16393 1.24735 156.29557
7071.53577 38.99763 1.17877 1.26247 156.50695
7071.85583 39.16318 1.18414 1.26783 156.75956
7072.53627 39.55363 1.19666 1.28047 157.57964
7073.53677 40.08870 1.21169 1.29779 157.68782
7073.67452 40.16736 1.21381 1.30034 157.71233
7074.53727 40.60802 1.22682 1.31460 157.80996
7075.53777 41.11526 1.24347 1.33102 158.28662
7075.63730 41.17155 1.24534 1.33285 158.39172
7076.53827 41.65360 1.26100 1.34845 158.96865
7077.53877 42.14497 1.27669 1.36436 159.31094
7077.59687 42.17573 1.27770 1.36535 159.38154
7078.53927 42.66552 1.29388 1.38121 160.01465
7079.51676 43.17992 1.31066 1.39786 160.39362
7079.53977 43.19324 1.31109 1.39829 160.41495
7080.54027 43.74208 1.32880 1.41606 160.98268
7081.34477 44.18410 1.34335 1.43037 161.42808
7081.54077 44.29632 1.34703 1.43400 161.57061
7082.54127 44.82844 1.36434 1.45123 161.87588
7083.16760 45.18828 1.37612 1.46288 162.31520
7083.54177 45.41955 1.38376 1.47037 162.72693
7084.54227 45.95812 1.40135 1.48780 163.00387
7084.95307 46.19247 1.40897 1.49539 163.23314
7085.54277 46.53208 1.42003 1.50638 163.58562
7086.54327 47.09350 1.43858 1.52456 164.02485
7086.73153 47.19665 1.44202 1.52790 164.19278
7087.54377 47.62856 1.45642 1.54188 164.71499
7088.51290 48.20084 1.47470 1.56041 165.07812
7088.54427 48.22288 1.47537 1.56112 165.11090
7089.54477 48.89303 1.49465 1.58281 165.60632
7090.02862 49.20502 1.50446 1.59291 166.04243
7090.54527 49.52945 1.51554 1.60342 166.51113
7091.54577 50.12216 1.53541 1.62260 167.01378
7091.68049 50.20921 1.53823 1.62542 167.13474
7092.54627 50.74339 1.55566 1.64272 167.68583
7093.27529 51.21339 1.57130 1.65793 168.31489
7093.54677 51.39357 1.57734 1.66376 168.58465
7094.54727 51.97459 1.59628 1.68257 168.78068
7094.98498 52.21757 1.60418 1.69044 168.83938
7095.54777 52.54767 1.61508 1.70113 169.34722
7096.54827 53.17749 1.63592 1.72151 169.99499
7096.61689 53.22176 1.63736 1.72295 170.04152
7097.54877 53.80940 1.65645 1.74197 170.54145
7098.20210 54.22594 1.67012 1.75546 170.92857
7098.54927 54.45342 1.67751 1.76282 171.16983
7099.54977 55.06702 1.69730 1.78268 171.46539
7099.79987 55.23013 1.70260 1.78796 171.62892
7100.55028 55.72659 1.71898 1.80404 172.14053
7101.32491 56.23431 1.73557 1.82047 172.58743
7101.55078 56.39364 1.74075 1.82563 172.82265
7102.55128 57.06968 1.76303 1.84752 173.61373
7102.79435 57.23849 1.76839 1.85298 173.75841
7103.55178 57.81492 1.78437 1.87164 174.29358
7104.16633 58.24268 1.79693 1.88549 174.89964
7104.55228 58.49195 1.80517 1.89356 175.08232
7105.55278 59.13161 1.82534 1.91427 175.41664
7105.71806 59.24686 1.82890 1.91800 175.53278
7106.55328 59.85168 1.84868 1.93758 176.31855
7107.10655 60.25105 1.86126 1.95051 176.79709
7107.55378 60.57780 1.87161 1.96109 177.20840
7108.52988 61.25523 1.89318 1.98302 177.82872
7108.55428 61.27328 1.89375 1.98360 177.85153
7109.55478 61.99611 1.91678 2.00700 178.65447
7109.92294 62.25941 1.92507 2.01552 178.92177
7110.55528 62.72953 1.93957 2.03074 179.49016
7111.30183 63.26360 1.95624 2.04803 180.02294
7111.55578 63.45958 1.96233 2.05438 180.31041
7112.55628 64.18670 1.98505 2.07792 181.01007
7112.67337 64.26778 1.98775 2.08054 181.10658
7113.55678 64.84811 2.00564 2.09933 181.71295
7114.10625 65.27197 2.01832 2.11305 182.28175
7114.55728 65.65111 2.03052 2.12532 182.96474
7115.33131 66.27615 2.04756 2.14556 183.41742
7115.55778 66.46388 2.05259 2.15164 183.56555
7116.55828 67.26391 2.07687 2.17753 184.62181
7116.57810 67.28033 2.07736 2.17807 184.64912
7117.55878 68.01718 2.09967 2.20192 185.37190
7117.88844 68.28452 2.10800 2.21057 185.74692
7118.55928 68.81049 2.12394 2.22760 186.39616
7119.16574 69.28870 2.13851 2.24308 186.98700
7119.55978 69.61503 2.14892 2.25365 187.45638
7120.43335 70.29289 2.16908 2.27559 188.18863
7120.56028 70.40001 2.17210 2.27906 188.33554
7121.56078 71.14533 2.19518 2.30319 189.20939
7121.75398 71.29707 2.19995 2.30810 189.48553
7122.56128 71.92501 2.21765 2.32843 190.22831
7123.03031 72.30126 2.22948 2.34061 190.65791
7123.56178 72.71807 2.24263 2.35410 191.13126
7124.31737 73.30544 2.25859 2.37312 191.74115
7124.56228 73.52059 2.26580 2.38008 192.08316
7125.52313 74.30962 2.28976 2.40563 193.09592
7125.56278 74.34232 2.29066 2.40668 193.14287
7126.56328 75.23355 2.31746 2.43554 194.37712
7126.65195 75.31381 2.31959 2.43813 194.44746
7127.56378 76.13230 2.34063 2.46463 195.45315
7127.76281 76.31799 2.34610 2.47064 195.79624
7128.56428 77.04213 2.36967 2.49408 196.98720
7128.89021 77.32218 2.37670 2.50315 197.38257
7129.56478 77.89380 2.39026 2.52166 198.16675
7130.06335 78.32636 2.40761 2.53566 198.77058
7130.56528 78.76424 2.41338 2.54983 199.51578
7131.27038 79.33054 2.42489 2.56817 200.42742
7131.56578 79.58378 2.45777 2.57637 200.78189
7132.41954 80.33473 2.59774 2.60068 201.97168
7132.56628 80.46517 2.61977 2.60490 202.19108
7133.52807 81.33891 2.65952 2.63318 203.67831
7133.56678 81.37512 2.65926 2.63436 203.74830
7134.56728 82.26087 2.68606 2.66303 205.29029
7134.65378 82.34310 2.69059 2.66569 205.45703
7135.56778 83.15573 2.72877 2.69200 207.07651
7135.77540 83.34728 2.73663 2.69820 207.47840
7136.56828 84.19998 2.77293 2.72581 209.19253
7136.71048 84.35146 2.78079 2.73071 209.52535
7137.56878 85.15431 2.82639 2.75670 211.42226
7137.78628 85.35565 2.83607 2.76322 211.93449
7138.56928 86.10303 2.86253 2.78741 213.95621
7138.86217 86.35983 2.86758 2.79573 214.64250
7139.56978 86.97756 2.88249 2.81572 216.40398
7139.96692 87.36402 2.89455 2.82824 217.56432
7140.57029 87.96591 2.91202 2.84772 219.37784
7140.99049 88.36820 2.92269 2.86074 220.72881
7141.57079 88.91888 2.93730 2.87857 222.68175
7142.03198 89.37238 2.94924 2.89325 224.19059
7142.57129 89.90759 2.96482 2.91058 226.11987
7143.04920 90.37657 2.97787 2.92576 227.85637
7143.57179 90.90528 2.99206 2.94288 229.78128
7144.03889 91.38075 3.00710 2.95827 231.64864
7144.57229 91.93266 3.02255 2.97614 233.66865
7145.01210 92.38494 3.03488 2.99078 235.51577
7145.57279 92.98434 3.05523 3.01018 237.79093
7145.94029 93.38912 3.06610 3.02329 239.47897
7146.57329 94.03882 3.08424 3.04432 242.31109
7146.92195 94.39331 3.09832 3.05579 243.81064
7147.57379 95.08678 3.12449 3.07824 246.90683
7147.89724 95.39749 3.13414 3.08830 248.45811
7148.57429 96.02486 3.15827 3.10861 251.16209
7148.94514 96.40167 3.17612 3.12081 252.61190
7149.57479 97.05459 3.20185 3.14195 255.73375
7149.91348 97.40586 3.21631 3.15332 257.53988
7150.57529 98.11411 3.24882 3.17625 260.50688
7150.84293 98.41004 3.26168 3.18583 261.77930
7151.57579 99.19859 3.29588 3.21136 265.29644
7151.78838 99.41423 3.30552 3.21834 266.53807
7152.57629 100.23170 3.34212 3.24480 270.64528
7152.74375 100.41841 3.35043 3.25085 271.45962
7153.57679 101.34965 3.39074 3.28099 275.60452
7153.64534 101.42259 3.39363 3.28335 276.03310
7154.47506 102.42678 3.43512 3.31586 280.17526
7154.57729 102.53606 3.44015 3.31940 280.69485
7155.40861 103.43096 3.48011 3.34837 285.12632
7155.57779 103.61817 3.48866 3.35443 286.01864
7156.33469 104.43515 3.52600 3.38088 290.47437
7156.57829 104.69854 3.53758 3.38941 291.40400
7157.26084 105.43933 3.56931 3.41339 293.70508
7157.57879 105.77242 3.58444 3.42417 295.38922
7158.16493 106.44351 3.61436 3.44590 298.57233
7158.57929 106.90696 3.63458 3.46090 300.76563
7159.05630 107.44770 3.65832 3.47840 303.16195
7159.57979 108.04923 3.68460 3.49788 305.94934
7159.92280 108.45188 3.70192 3.51091 307.62899
7160.58029 109.23468 3.73477 3.53625 310.67696
7160.77263 109.45607 3.74428 3.54342 311.65982
7161.58079 110.35782 3.78334 3.57261 316.16311
7161.67312 110.46025 3.78744 3.57593 316.81648
7162.44331 111.46444 3.82530 3.60844 320.90782
7162.58129 111.61635 3.83195 3.61336 321.72834
7163.28447 112.46862 3.86784 3.64095 324.85458
7163.58179 112.79812 3.88189 3.65161 326.77273
7164.14859 113.47280 3.91014 3.67346 329.68824
7164.58229 113.99836 3.93205 3.69047 331.69510
7164.98039 114.47699 3.95226 3.70596 333.73452
7165.58279 115.21934 3.98325 3.73000 336.72852
7165.82090 115.48117 3.99412 3.73847 337.79265
7166.58329 116.30805 4.02857 3.76524 340.94558
7166.73050 116.48536 4.03631 3.77098 341.62960
7167.52121 117.48954 4.08005 3.80349 345.28602
7167.58379 117.56622 4.08329 3.80597 345.58303
7168.30944 118.49372 4.12106 3.83600 348.60780
7168.58429 118.86125 4.13691 3.84790 349.64284
7169.06429 119.49791 4.16357 3.86851 352.64125
7169.58479 120.11943 4.18773 3.88863 356.12784
7169.87818 120.50209 4.20117 3.90101 357.06373
7170.58529 121.38047 4.23726 3.92945 360.64724
7170.69146 121.50628 4.24267 3.93352 361.29914
7171.44125 122.51046 4.27543 3.96603 364.11799
7171.58579 122.69003 4.28169 3.97184 364.87446
7172.24319 123.51464 4.31261 3.99854 368.33096
7172.58629 123.92425 4.32676 4.01180 370.37551
7173.04488 124.51883 4.34626 4.03105 372.32771
7173.58679 125.20656 4.37033 4.05331 375.33583
7173.84599 125.52301 4.38168 4.06356 377.04326
7174.58729 126.46838 4.41408 4.09416 379.34027
7174.63542 126.52720 4.41598 4.09606 379.42150
7175.42020 127.53138 4.45029 4.12857 382.25009
7175.58779 127.75069 4.45880 4.13567 383.02302
7176.15229 128.53556 4.48431 4.16108 386.07491
7176.58829 129.09368 4.50174 4.17915 389.23752
7176.90595 129.53975 4.51791 4.19359 390.17626
7177.58879 130.45913 4.55047 4.22335 393.15792
7177.65455 130.54393 4.55339 4.22610 393.51115
7178.38974 131.54812 4.58793 4.25861 396.69907
7178.58929 131.81917 4.59755 4.26738 397.58067
7179.11718 132.55230 4.62344 4.29112 399.71817
7179.58979 133.16131 4.64461 4.31083 402.33522
7179.87997 133.55649 4.65812 4.32362 403.63141
7180.59030 134.49043 4.69136 4.35386 407.41977
7180.64344 134.56067 4.69379 4.35613 407.69431
7181.32247 135.56485 4.72793 4.38864 409.78111
7181.59080 135.93213 4.74164 4.40053 410.99381
7182.04614 136.56904 4.76342 4.42115 412.88127
7182.59130 137.41449 4.78865 4.44852 415.51336
7182.69622 137.57322 4.79436 4.45366 415.94285
7183.42984 138.57741 4.82909 4.48617 419.32979
7183.59180 138.78943 4.83618 4.49303 419.82538
7184.16967 139.58159 4.86471 4.51867 420.74448
7184.59230 140.11632 4.88394 4.53599 423.28397
7184.93027 140.58577 4.90064 4.55118 425.16419
7185.59280 141.47076 4.93159 4.57983 428.94007
7185.67921 141.58996 4.93569 4.58369 429.36994
7186.36784 142.59414 4.97106 4.61620 432.09070
7186.59330 142.89770 4.98167 4.62603 433.40300
7187.05850 143.59833 5.00552 4.64871 434.97362
7187.59380 144.34117 5.03259 4.67276 437.75894
7187.78034 144.60251 5.04152 4.68122 438.74329
7188.45600 145.60669 5.07525 4.71373 441.21750
7188.59430 145.82889 5.08297 4.72092 441.67320
7189.04234 146.61088 5.10666 4.74623 443.23343
7189.59480 147.41907 5.13426 4.77240 445.61993
7189.72692 147.61506 5.14159 4.77874 446.15096
7190.37240 148.61925 5.17732 4.81125 448.24497
7190.59530 148.93186 5.18817 4.82137 449.40755
7191.03880 149.62343 5.21208 4.84376 450.82557
7191.59580 150.45768 5.24144 4.87077 453.51968
7191.72610 150.62762 5.24741 4.87627 454.37785
7192.47508 151.63180 5.28253 4.90878 457.13979
7192.59630 151.78772 5.28799 4.91382 457.72917
7193.16041 152.63598 5.31807 4.94128 459.68300
7193.59680 153.27287 5.33995 4.96190 462.07706
7193.83963 153.64017 5.35210 4.97379 463.12240
7194.44901 154.64435 5.38613 5.00630 465.16377
7194.59730 154.86535 5.39270 5.01346 466.33353
7195.07062 155.64854 5.41715 5.03881 468.00384
7195.59780 156.48543 5.44842 5.06590 469.77005
7195.70602 156.65272 5.45445 5.07132 470.26207
7196.32259 157.65690 5.48880 5.10383 472.06583
7196.59830 158.05772 5.50298 5.11680 473.59376
7196.96959 158.66109 5.52417 5.13634 474.80855
7197.59880 159.62822 5.55746 5.16764 477.65051
7197.62336 159.66527 5.55872 5.16884 477.77321
7198.21926 160.66946 5.59494 5.20135 479.28114
7198.59930 161.26043 5.61517 5.22048 480.98652
7198.86616 161.67364 5.62902 5.23386 482.20988
7199.52827 162.67782 5.66550 5.26637 485.63107
7199.59980 162.78991 5.66943 5.27000 485.92611
7200.11411 163.68201 5.69939 5.29888 487.29726
7200.60030 164.49343 5.72522 5.32515 490.24586
7200.71734 164.68619 5.73238 5.33139 490.73398
7201.34660 165.69038 5.76634 5.36389 492.27278
7201.60080 166.07698 5.77962 5.37641 492.79016
7201.98413 166.69456 5.80344 5.39640 493.28484
7202.60130 167.65853 5.83443 5.42761 496.44053
7202.62591 167.69874 5.83577 5.42891 496.54489
7203.21216 168.70293 5.87284 5.46142 498.24994
7203.60180 169.29553 5.89328 5.48060 500.44298
7203.84857 169.70711 5.90699 5.49393 501.35436
7204.42268 170.71130 5.93943 5.52644 502.91814
7204.60230 170.98656 5.95145 5.53535 503.93397
7205.04366 171.71548 5.97374 5.55895 505.65641
7205.60280 172.70658 6.00391 5.59103 508.32498
7205.61029 172.71967 6.00439 5.59145 508.36976
7206.17848 173.72385 6.03669 5.62396 509.95345
7206.60330 174.40347 6.05724 5.64596 512.15640
7206.79414 174.72803 6.06682 5.65647 512.83549
7207.37734 175.73222 6.10262 5.68898 514.82529
7207.60380 176.07687 6.11204 5.70014 516.22721
7207.97355 176.73640 6.12982 5.72149 517.30000
7208.52956 177.74059 6.16251 5.75400 518.63228
7208.60430 177.85979 6.16611 5.75786 519.02471
7209.11293 178.74477 6.19219 5.78650 521.12984
7209.60480 179.54281 6.21803 5.81234 523.36279
7209.74480 179.74895 6.22475 5.81901 524.01170
7210.39271 180.75314 6.25512 5.85152 525.69696
7210.60530 181.08716 6.26550 5.86233 526.72139
7210.93745 181.75732 6.28483 5.88403 527.97768
7211.48565 182.76151 6.31380 5.91654 529.92579
7211.60580 182.95784 6.32014 5.92289 530.53648
7212.05049 183.76569 6.34630 5.94905 531.81306
7212.59954 184.76987 6.37704 5.98156 533.40312
7212.60630 184.78113 6.37740 5.98192 533.43644
7213.15568 185.77406 6.40885 6.01406 535.20284
7213.60680 186.53981 6.43283 6.03885 537.33765
7213.74086 186.77824 6.44015 6.04657 537.84417
7214.27402 187.78243 6.47129 6.07908 539.15998
7214.60730 188.32540 6.48918 6.09666 541.06694
7214.86559 188.78661 6.50324 6.11159 542.11717
7215.39409 189.79079 6.53427 6.14410 543.44250
7215.60780 190.18791 6.54548 6.15695 544.74222
7215.90944 190.79498 6.56262 6.17661 545.72417
7216.44694 191.79916 6.59391 6.20911 547.20820
7216.60830 192.07586 6.60277 6.21807 548.00120
7216.99623 192.80335 6.62551 6.24162 549.22172
7217.56762 193.80753 6.65700 6.27413 551.70344
7217.60880 193.87446 6.65916 6.27630 551.94379
7218.09412 194.81172 6.68827 6.30664 553.19444
7218.60930 195.75013 6.71771 6.33702 555.40725
7218.65030 195.81590 6.71985 6.33915 555.64892
7219.24507 196.82008 6.75110 6.37166 557.36581
7219.60980 197.39243 6.76918 6.39019 558.78143
7219.84679 197.82427 6.78279 6.40417 559.50247
7220.32467 198.82845 6.81122 6.43667 561.16549
7220.61031 199.31246 6.82633 6.45234 563.10795
7220.87765 199.83264 6.84257 6.46918 563.66594
7221.36189 200.83682 6.87298 6.50169 564.34332
7221.61081 201.27831 6.88702 6.51598 565.56116
7221.90539 201.84100 6.90465 6.53420 566.57076
7222.39907 202.84519 6.93536 6.56671 567.53361
7222.61131 203.22019 6.94729 6.57885 568.60852
7222.94387 203.84937 6.96694 6.59922 569.80863
7223.47822 204.85356 6.99845 6.63172 571.91365
7223.61181 205.08293 7.00578 6.63915 572.67733
7224.00728 205.85774 7.02976 6.66423 573.86830
7224.54399 206.86192 7.06143 6.69674 576.03904
7224.61231 206.98412 7.06538 6.70070 576.34702
7225.03658 207.86611 7.09069 6.72925 577.91950
7225.51631 208.87029 7.12043 6.76176 579.24030
7225.61281 209.03558 7.12584 6.76711 579.79880
7226.03480 209.87448 7.15178 6.79427 581.07863
7226.54100 210.87866 7.18286 6.82677 582.64867
7226.61331 211.01139 7.18707 6.83107 583.03489
7227.05205 211.88285 7.21426 6.85928 584.70167
7227.60838 212.88703 7.24544 6.89179 586.39815
7227.61381 212.89600 7.24572 6.89208 586.42031
7228.13595 213.89121 7.27597 6.92430 587.03351
7228.61431 214.73257 7.30279 6.95154 589.77474
7228.70165 214.89540 7.30793 6.95681 590.26929
7229.17871 215.89958 7.33880 6.98932 591.42669
7229.61481 216.85230 7.36518 7.02016 593.15309
7229.63914 216.90377 7.36674 7.02183 593.22135
7230.13407 217.90795 7.39809 7.05433 594.67439
7230.61531 218.83823 7.42715 7.08445 596.72892
7230.65171 218.91213 7.42943 7.08684 596.84388
7231.13018 219.91632 7.46037 7.11935 598.05470
7231.61581 220.78222 7.48803 7.14738 600.93235
7231.68954 220.92050 7.49238 7.15186 601.30089
7232.14245 221.92469 7.52294 7.18437 601.97882
7232.61631 222.87792 7.55261 7.21523 603.70968
7232.64331 222.92887 7.55422 7.21688 603.84697
7233.13689 223.93305 7.58535 7.24938 605.59344
7233.61681 224.87173 7.61495 7.27977 607.58755
7233.64995 224.93724 7.61698 7.28189 607.73781
7234.06648 225.94142 7.64457 7.31440 608.80238
7234.60601 226.94561 7.67642 7.34691 611.72558
7234.61731 226.96548 7.67705 7.34755 611.80229
7235.06895 227.94979 7.70716 7.37942 612.83635
7235.56195 228.95397 7.73853 7.41193 614.63149
7235.61781 229.05683 7.74178 7.41526 614.96601
7236.04756 229.95816 7.76975 7.44444 616.58855
7236.53351 230.96234 7.80087 7.47694 618.12924
7236.61831 231.12329 7.80583 7.48215 618.34722
7237.06146 231.96653 7.83181 7.50945 619.24162
7237.61881 232.95368 7.86303 7.54141 622.08685
7237.62724 232.97071 7.86357 7.54196 622.11825
7238.03943 233.97490 7.89293 7.57447 622.90300
7238.48239 234.97908 7.92221 7.60698 624.37507
7238.61931 235.23155 7.93040 7.61515 625.14092
7238.97096 235.98326 7.95363 7.63949 626.29243
7239.41097 236.98745 7.98446 7.67199 627.12590
7239.61981 237.40799 7.99763 7.68561 628.11492
7239.89702 237.99163 8.01580 7.70450 629.12020
7240.35742 238.99582 8.04687 7.73701 630.52385
7240.62031 239.51577 8.06323 7.75384 631.83281
7240.84429 240.00000 8.07829 7.76952 632.58705
