7476.00112 179.17154 5.85418 5.80032 1373.93855
7477.07574 179.14297 5.85324 5.79940 1375.93975
7478.18995 179.09728 5.85174 5.79792 1378.03401
7479.20596 179.04741 5.85011 5.79630 1379.92561
7480.05426 179.00905 5.84883 5.79506 1381.53542
7480.94388 178.99329 5.84831 5.79455 1383.24864
7482.21233 178.96214 5.84728 5.79354 1385.65550
7483.82344 178.84220 5.84334 5.78966 1388.52246
7485.24637 178.64164 5.83675 5.78317 1390.92414
7485.51506 178.59390 5.83518 5.78162 1391.38256
7486.26748 178.48951 5.83174 5.77824 1392.71024
7487.36986 178.30727 5.82575 5.77234 1394.64144
7488.29570 178.15532 5.82075 5.76742 1396.24122
7489.00040 178.04683 5.81719 5.76391 1397.44705
7489.75265 177.97214 5.81473 5.76149 1398.75717
7490.85633 177.86134 5.81108 5.75791 1400.68001
7492.01364 177.71856 5.80634 5.75328 1402.62187
7492.80631 177.61320 5.80285 5.74987 1403.91589
7492.67230 177.62459 5.80323 5.75024 1403.69376
7493.38823 177.56226 5.80118 5.74822 1404.86214
7494.35514 177.52038 5.79980 5.74687 1406.48610
7495.83284 177.40185 5.79591 5.74303 1408.92268
7497.09811 177.22883 5.79022 5.73743 1410.89728
7497.71528 177.14141 5.78735 5.73460 1411.87107
7498.30773 177.11039 5.78633 5.73359 1412.84562
7499.40660 177.05464 5.78451 5.73179 1414.65718
7500.70750 176.94826 5.78100 5.72835 1416.59902
7501.61847 176.84600 5.77767 5.72504 1417.90496
7502.79231 176.76548 5.77506 5.72243 1419.66240
7504.08436 176.57726 5.76889 5.71634 1421.56423
7506.24783 176.03407 5.75099 5.69875 1424.46434
7509.01514 174.75152 5.70907 5.65723 1428.04017
7511.74730 172.39325 5.63251 5.58089 1431.44177
7512.86672 170.98544 5.58786 5.53531 1432.89482
7514.01848 169.10868 5.52734 5.47456 1434.77595
7514.64463 167.66436 5.47986 5.42780 1436.15434
7514.83698 167.24698 5.46620 5.41429 1436.60078
7515.03608 166.81922 5.45223 5.40044 1437.04479
7515.55519 165.66545 5.41436 5.36309 1438.24875
7515.97694 164.65909 5.38107 5.33051 1439.32892
7516.20863 164.07694 5.36269 5.31166 1439.93155
7516.85587 162.12492 5.30183 5.24847 1441.93517
7497.32320 159.02071 5.19987 5.14798 1422.94641
7497.76945 161.27798 5.27389 5.22105 1419.96132
7501.90812 165.95868 5.42397 5.37258 1420.34770
7503.97136 166.75587 5.45014 5.39839 1422.63955
7503.60585 166.78269 5.45103 5.39926 1422.09323
7502.98901 166.65576 5.44688 5.39515 1421.30682
7503.61479 166.65819 5.44696 5.39523 1422.19225
7502.78545 166.80465 5.45174 5.39997 1420.90818
7499.99844 166.87536 5.45405 5.40226 1416.85520
7497.70586 166.49630 5.44166 5.38998 1413.67196
7497.02270 166.32847 5.43615 5.38455 1412.76903
7497.45464 166.36207 5.43725 5.38564 1413.41521
7498.77582 166.36486 5.43735 5.38573 1415.44993
7499.03829 166.38725 5.43808 5.38645 1415.79617
7498.94632 166.40844 5.43878 5.38714 1415.64635
7497.60601 166.70422 5.44846 5.39672 1413.30361
7496.42619 166.88945 5.45450 5.40271 1411.27234
7495.18302 167.11547 5.46190 5.41003 1409.02055
7493.34780 167.30366 5.46816 5.41612 1405.86492
7492.06062 167.33475 5.46918 5.41713 1403.74854
7491.92781 167.31462 5.46853 5.41648 1403.53702
7491.43595 167.43395 5.47243 5.42034 1402.60240
7490.47240 167.57033 5.47688 5.42475 1400.76371
7488.89313 167.70939 5.48143 5.42926 1397.76839
7487.66695 167.67767 5.48039 5.42823 1395.54569
7487.84020 167.63477 5.47899 5.42684 1395.91225
7487.92937 167.65680 5.47971 5.42755 1396.05148
7486.87891 167.91256 5.48809 5.43583 1393.79179
7485.45905 168.18786 5.49714 5.44475 1390.77320
7483.58800 168.45635 5.50597 5.45344 1386.96614
7481.29947 168.49667 5.50729 5.45474 1382.12072
7480.31646 168.39486 5.50395 5.45145 1380.12448
7480.59516 168.38487 5.50362 5.45112 1380.72460
7480.26707 168.45824 5.50603 5.45350 1379.95630
7479.71231 168.54455 5.50886 5.45629 1378.62853
7478.89862 168.66224 5.51271 5.46010 1376.66125
7477.69812 168.78443 5.51671 5.46406 1373.81725
7476.43215 168.89852 5.52044 5.46775 1370.74511
7475.09009 168.96363 5.52257 5.46986 1367.72582
7473.60643 168.99243 5.52351 5.47079 1364.06121
7471.82109 168.90178 5.52055 5.46786 1359.52472
7470.31952 168.70855 5.51423 5.46160 1355.73337
7469.25733 168.54743 5.50896 5.45639 1352.96665
7468.91415 168.48997 5.50707 5.45453 1352.06834
7467.70963 168.26385 5.49964 5.44721 1348.77762
7466.49141 167.98860 5.49060 5.43829 1345.51411
7465.14617 167.66991 5.48013 5.42798 1342.02668
7463.78659 167.26330 5.46676 5.41481 1338.13843
7463.34652 167.11727 5.46197 5.41009 1336.86411
7462.35125 166.77549 5.45073 5.39902 1333.96012
7460.92452 166.23707 5.43306 5.38159 1329.60392
7459.86378 165.75531 5.41725 5.36600 1326.32439
7459.67412 165.67508 5.41460 5.36340 1325.74493
7458.75040 165.26107 5.40113 5.35000 1322.77950
7457.87772 164.89483 5.38889 5.33814 1320.07019
7458.53722 165.14192 5.39721 5.34614 1322.06983
7457.01885 164.62151 5.37981 5.32929 1317.48126
7455.04837 163.70565 5.35252 5.29964 1310.73872
7453.13708 162.41988 5.31089 5.25802 1303.78435
7452.22538 161.65597 5.28585 5.23329 1300.31680
7451.70499 161.19863 5.27079 5.21848 1298.28340
7450.92553 160.52239 5.24858 5.19659 1295.18982
7450.09641 159.70382 5.22170 5.17009 1291.75130
7449.47103 159.07171 5.20092 5.14963 1289.00186
7448.79310 158.32952 5.17652 5.12560 1286.13145
7448.55781 158.05338 5.16746 5.11666 1285.18878
7448.40049 157.92055 5.16309 5.11236 1284.57570
7447.83590 157.39028 5.14570 5.09520 1282.19773
7447.28751 156.86237 5.12831 5.07811 1279.65614
7446.41114 156.00817 5.10030 5.05045 1275.52495
7445.12361 154.44579 5.05164 4.99987 1269.07569
7444.29996 153.17975 5.01049 4.95889 1264.52410
7444.08858 152.84963 4.99976 4.94820 1263.29636
7443.37617 151.67529 4.96114 4.91018 1259.07384
7443.13844 151.23532 4.94670 4.89594 1257.56756
7443.47986 151.71209 4.96234 4.91138 1259.56205
7443.09594 151.27808 4.94810 4.89733 1257.43383
7442.44211 150.45750 4.92103 4.87076 1253.64362
7441.66017 149.33966 4.88429 4.83457 1248.89449
7441.34409 148.88297 4.86931 4.81979 1246.89662
7440.41039 147.37393 4.81965 4.77094 1240.71743
7439.66464 145.82204 4.77188 4.72070 1235.52913
7439.43822 145.29896 4.75481 4.70376 1233.80505
7438.93139 144.01858 4.71266 4.66231 1229.28118
7438.52430 142.80404 4.67272 4.62300 1225.30639
7438.27987 142.11159 4.65002 4.60058 1222.85809
7438.18180 141.82068 4.64044 4.59116 1221.87117
7437.83213 140.80600 4.60704 4.55831 1218.33600
7437.57627 140.03845 4.58181 4.53346 1215.63944
7437.52687 139.95487 4.57906 4.53076 1215.23161
7437.15236 139.04755 4.54922 4.50139 1211.58524
7436.65349 137.60633 4.50155 4.45473 1206.11968
7436.30239 136.41841 4.46607 4.41627 1201.99313
7436.17067 135.99449 4.45218 4.40255 1200.40731
7435.87893 135.00670 4.41984 4.37057 1196.70432
7435.61432 133.84790 4.38154 4.33306 1192.60276
7435.37216 132.86761 4.34938 4.30132 1189.00311
7435.12813 131.81240 4.31468 4.26716 1185.07499
7434.99279 131.24229 4.29599 4.24871 1182.94985
7434.81099 130.43953 4.26958 4.22272 1179.92015
7434.59813 129.24258 4.23006 4.18397 1175.61613
7434.40450 128.10499 4.19621 4.14714 1171.79350
7434.21765 126.84612 4.15478 4.10639 1167.30528
7434.10114 125.85730 4.12230 4.07438 1163.92534
7433.98640 125.10899 4.09770 4.05015 1161.14060
7433.86585 124.41836 4.07506 4.02780 1158.40819
7433.79545 123.98457 4.06076 4.01375 1156.77306
7433.62060 122.77456 4.02099 3.97458 1152.23066
7433.46578 121.35412 3.97430 3.92860 1147.01687
7433.38660 120.10575 3.93307 3.88818 1142.83457
7433.33023 119.17326 3.90479 3.85800 1139.89252
7433.25666 118.20101 3.87420 3.82652 1136.56184
7433.18907 117.19503 3.84098 3.79395 1132.98752
7433.12544 116.34077 3.81291 3.76630 1129.99753
7433.04872 115.55373 3.78708 3.74082 1127.04359
7432.91278 114.38697 3.74877 3.70305 1122.44611
7432.82885 113.14111 3.70782 3.66272 1118.05664
7432.76469 112.22738 3.67762 3.63314 1114.76642
7432.80398 112.64254 3.69129 3.64658 1116.34253
7432.73038 112.03467 3.67134 3.62690 1113.91342
7432.59018 111.30455 3.64851 3.60326 1110.72027
7432.34771 109.99516 3.60792 3.56087 1105.18871
7432.15962 108.49954 3.55828 3.51246 1099.17502
7432.04918 107.26383 3.51770 3.47245 1094.66160
7431.96555 106.16978 3.48173 3.43703 1090.79044
7431.89401 105.15053 3.44819 3.40404 1087.36302
7431.83166 104.28887 3.41996 3.37614 1084.52530
7431.77518 103.76280 3.40266 3.35911 1082.63930
7431.75115 103.53368 3.39510 3.35170 1081.82702
7431.64539 102.59735 3.36378 3.32138 1078.38231
7431.51420 101.53094 3.33011 3.28686 1074.67225
7431.41139 100.50868 3.29879 3.25377 1071.48666
7431.32969 99.81163 3.27610 3.23120 1069.04494
7431.22906 99.19877 3.25578 3.21136 1066.80160
7431.10860 98.59558 3.23586 3.19183 1064.35147
7431.06346 98.46121 3.23142 3.18748 1063.64265
7430.93257 97.97412 3.21533 3.17172 1061.43041
7430.77385 97.34561 3.19455 3.15137 1058.59342
7430.49796 96.58263 3.16931 3.12667 1054.38754
7430.15406 95.50309 3.13372 3.09172 1048.86486
7430.09702 95.28142 3.12642 3.08455 1047.85240
7429.76211 94.20703 3.09042 3.04976 1042.32260
7429.48722 93.21269 3.05844 3.01757 1037.85109
7429.23636 92.42072 3.03419 2.99194 1034.12912
7429.23634 92.43408 3.03459 2.99237 1034.14978
7428.93373 91.51911 3.00552 2.96275 1029.82429
7428.65783 90.68649 2.97786 2.93579 1025.86068
7428.34426 89.84638 2.95006 2.90860 1021.62410
7428.37499 89.92759 2.95273 2.91123 1022.03113
7428.12075 89.24545 2.93033 2.88914 1018.68554
7427.82194 88.61207 2.90937 2.86864 1014.89747
7427.61406 88.18671 2.89525 2.85487 1012.29886
7427.23062 87.30843 2.86608 2.82644 1007.56360
7426.91712 86.56549 2.84132 2.80238 1003.65444
7426.83584 86.45025 2.83741 2.79865 1002.70206
7426.33907 85.43315 2.80314 2.76573 996.75288
7426.01485 84.65115 2.77793 2.74041 992.81162
7426.04408 84.75906 2.78124 2.74391 993.17252
7425.52832 83.82971 2.75227 2.71382 987.32349
7425.08517 82.88790 2.72167 2.68333 982.38886
7424.95799 82.70784 2.71551 2.67750 980.98698
7424.50636 81.83339 2.68510 2.64919 975.97912
7424.20519 81.21171 2.66327 2.62907 972.68534
7424.42349 81.63693 2.67824 2.64283 975.07410
7423.65116 80.41994 2.63478 2.60343 966.63941
7423.02785 79.31558 2.59587 2.56768 960.09045
7423.32150 79.80385 2.61288 2.58349 963.13690
7422.63284 78.75142 2.57683 2.54942 956.08259
7422.07723 77.86688 2.54747 2.52078 950.80910
7421.87436 77.47140 2.53412 2.50798 949.00037
7421.40818 76.75064 2.50930 2.48465 944.70679
7421.43518 76.80352 2.51105 2.48636 944.94903
7420.90152 76.00423 2.48560 2.46048 939.71435
7420.83923 75.92078 2.48305 2.45778 939.07185
7420.51504 75.53503 2.47089 2.44530 935.77129
7419.77771 74.59116 2.44026 2.41474 928.40470
7419.36692 74.02608 2.42118 2.39645 924.52619
7418.72916 73.11064 2.39024 2.36681 918.23848
7418.95118 73.41722 2.40063 2.37674 920.39661
7418.44284 72.78098 2.37891 2.35614 915.41099
7418.38501 72.74897 2.37769 2.35510 914.79932
7417.45834 71.71557 2.34044 2.32165 905.82753
7416.80848 70.88304 2.31100 2.29470 899.75225
7416.70592 70.74200 2.30631 2.29013 898.79080
7416.32209 70.31651 2.29218 2.27636 895.03763
7416.76452 70.73452 2.30624 2.28989 899.45599
7416.19129 70.27115 2.29047 2.27489 893.63317
7414.86083 69.00399 2.24629 2.23387 880.47624
7413.98392 67.94158 2.20995 2.19947 872.54388
7414.07527 68.04268 2.21320 2.20275 873.34923
7413.40184 67.33666 2.19065 2.17989 867.37857
7413.24484 67.15285 2.18474 2.17394 866.07899
7412.60929 66.50374 2.16302 2.15293 860.49651
7412.25387 66.15375 2.15063 2.14160 857.08755
7411.38053 65.21831 2.11805 2.11131 848.65044
7410.71868 64.45723 2.09488 2.08667 842.43169
7409.90563 63.40717 2.05963 2.05268 835.07037
7410.80771 64.40240 2.09394 2.08490 843.51784
7409.85227 63.49996 2.06193 2.05568 834.30388
7409.25973 62.89142 2.03721 2.03598 828.78351
7408.40564 61.93622 2.00460 2.00506 820.78980
7408.39330 61.93142 2.00441 2.00491 820.65902
7407.53960 61.00878 1.97602 1.97504 812.79222
7407.36178 60.81412 1.96900 1.96874 811.17154
7406.70266 60.10153 1.93913 1.94567 805.07086
7407.04606 60.43206 1.95403 1.95637 808.32288
7406.21150 59.70908 1.92038 1.93296 800.23157
7405.16716 58.65828 1.89030 1.89894 790.80646
7404.38909 57.74596 1.86999 1.86941 784.44823
7404.12709 57.45300 1.86098 1.85993 782.16413
7403.56064 56.78324 1.83801 1.83824 776.93393
7403.33833 56.54437 1.82956 1.83051 774.88506
7402.73291 55.88529 1.81057 1.80917 769.49847
7402.15300 55.22283 1.79374 1.78773 764.37898
7401.82106 54.83605 1.78401 1.77521 761.51458
7401.35823 54.32446 1.76723 1.75865 757.47410
7401.24644 54.20958 1.76318 1.75493 756.47792
7400.69200 53.65236 1.74381 1.73689 751.45452
7400.54077 53.51221 1.73947 1.73235 750.05328
7399.99206 53.00470 1.72699 1.71592 745.03039
7399.74022 52.78366 1.72011 1.70877 742.69386
7399.59848 52.65512 1.71556 1.70460 741.39115
7398.97448 52.20844 1.69524 1.69014 735.38545
7398.73072 52.01163 1.68955 1.68377 733.09958
7397.76951 51.31121 1.67033 1.66110 723.94611
7397.30942 50.95151 1.65623 1.64945 719.63180
7396.28236 50.11865 1.63381 1.62249 710.58202
7395.56402 49.47160 1.61636 1.60154 704.92394
7394.82408 48.77309 1.59450 1.57893 698.18608
7394.15466 48.12364 1.57914 1.55791 692.13990
7393.53602 47.45502 1.55577 1.53626 686.94008
7393.64848 47.57615 1.55958 1.54018 687.87925
7393.25278 47.21576 1.54966 1.52852 684.39171
7393.43720 47.35383 1.55304 1.53299 686.09655
7393.63122 47.49124 1.55742 1.53743 687.90908
7392.63093 46.91648 1.54025 1.51883 678.25228
7392.05437 46.55348 1.52723 1.50708 672.77097
7391.88508 46.41351 1.52238 1.50254 671.25103
7391.38368 46.19710 1.51301 1.49554 666.34692
7390.10957 45.46848 1.49227 1.47195 654.34073
7389.46833 45.03072 1.47772 1.45778 648.47554
7389.39761 45.01303 1.47687 1.45721 647.77956
7389.29149 44.96119 1.47493 1.45553 646.78265
7387.90909 44.27588 1.45232 1.43334 633.80750
7386.23475 43.20115 1.41677 1.39855 619.68265
7385.20986 42.37142 1.39403 1.37169 610.49593
7384.33093 41.60913 1.36726 1.34701 602.71620
7384.19637 41.46904 1.36301 1.34248 601.55311
7383.47652 40.87810 1.34585 1.32335 595.14901
7384.02291 41.28620 1.35824 1.33656 600.04359
7383.15762 40.69822 1.33967 1.31752 592.24151
7383.44751 40.86850 1.34552 1.32304 594.87798
7383.66651 40.96633 1.34893 1.32620 596.90098
7382.68360 40.58062 1.33239 1.31372 587.80781
7381.28513 39.87637 1.31001 1.29092 575.09589
7381.29156 39.84462 1.30951 1.28989 575.15907
7380.53877 39.52045 1.29818 1.27940 568.44238
7379.52122 39.02965 1.27649 1.26351 559.44036
7378.71626 38.58674 1.26339 1.24917 552.55840
7377.64147 37.96441 1.24729 1.22902 543.82269
7377.39688 37.81436 1.24131 1.22416 541.60973
7377.21805 37.70821 1.23686 1.22073 540.02156
7376.36292 37.31169 1.22146 1.20789 532.69796
7375.91440 37.08319 1.21567 1.20049 528.81475
7375.79338 37.01201 1.21339 1.19819 527.75996
7374.84978 36.65114 1.19934 1.18651 519.85085
7373.47325 36.01342 1.17277 1.16586 508.26058
7372.75678 35.60430 1.16260 1.15262 502.14217
7371.91677 35.13936 1.14983 1.13757 495.01121
7371.59922 34.97610 1.14296 1.13228 492.33156
7371.17717 34.75449 1.13354 1.12511 488.78889
7370.16490 34.25207 1.11777 1.10884 480.34822
7369.79869 34.05524 1.11195 1.10247 477.26809
7369.68836 34.00048 1.11029 1.10070 476.40731
7368.45302 33.47870 1.08976 1.08381 467.21798
7367.04601 32.72019 1.06451 1.05925 455.45017
7367.22180 32.77886 1.06633 1.06115 456.78956
7366.61112 32.51936 1.05850 1.05275 451.95266
7365.54727 32.03023 1.03985 1.03691 443.45169
7364.77828 31.59738 1.02524 1.02290 437.01690
7363.69681 31.00037 1.00741 1.00357 428.14390
7363.20022 30.68868 0.99734 0.99348 424.03859
7362.92062 30.53108 0.99073 0.98838 421.79536
7362.08318 30.09058 0.97479 0.97412 415.08736
7362.92514 30.45420 0.98836 0.98589 421.53125
7363.52877 30.60252 0.99510 0.99070 425.73190
7363.26854 30.60230 0.99483 0.99069 424.13842
7361.61647 30.33589 0.97953 0.98206 413.48840
7359.62955 29.80330 0.96321 0.96482 400.83846
7357.80934 29.05744 0.93335 0.94068 387.71338
7357.01805 28.63475 0.92065 0.92699 381.48051
7356.12588 28.17372 0.90801 0.91207 374.55733
7355.87372 28.04893 0.90292 0.90803 372.63647
7355.32816 27.78138 0.89241 0.89937 368.50805
7354.15089 27.21440 0.87267 0.88101 359.68150
7353.30514 26.74052 0.85900 0.86567 352.95847
7352.95404 26.53560 0.85171 0.85904 350.10825
7352.12491 26.11096 0.83482 0.84529 343.73418
7352.66061 26.34330 0.84389 0.85281 347.56127
7353.46342 26.55541 0.85262 0.85968 352.41893
7353.28586 26.58134 0.85338 0.86052 351.82292
7351.43107 26.26707 0.83885 0.85034 342.40549
7349.47364 25.69073 0.81866 0.83169 331.02766
7348.20464 25.17665 0.80218 0.81504 322.69645
7347.22629 24.71999 0.78387 0.80026 315.83622
7346.00945 24.08990 0.76411 0.77986 306.85798
7345.60554 23.86793 0.75677 0.77268 303.77942
7344.99962 23.54636 0.74474 0.76227 299.25607
7344.08155 23.06173 0.72603 0.74658 292.35671
7344.88105 23.41082 0.73934 0.75788 297.75379
7345.63194 23.58936 0.74674 0.76366 301.56840
7345.38501 23.61058 0.74754 0.76435 300.97330
7343.55544 23.31334 0.73470 0.75472 293.09968
7341.39974 22.70974 0.71332 0.73518 282.46795
7339.21629 21.68315 0.67907 0.70195 268.93980
7338.81696 21.41680 0.66966 0.69333 265.53322
7338.26541 21.14344 0.66076 0.68448 261.69030
7338.74039 21.35647 0.66767 0.69137 264.77238
7339.10533 21.43823 0.67037 0.69402 266.35547
7338.74628 21.40422 0.66928 0.69292 265.25330
7336.99308 21.01567 0.65687 0.68034 257.93993
7335.41213 20.48713 0.63677 0.66323 249.92386
7336.21169 20.72456 0.64651 0.67092 253.65824
7335.88553 20.62215 0.64236 0.66760 252.07315
7335.28278 20.57216 0.63972 0.66598 250.56382
7333.31981 20.22293 0.62603 0.65468 244.23369
7331.34421 19.61695 0.60756 0.63506 235.33475
7329.53556 18.80089 0.57721 0.60864 224.60787
7329.05131 18.50527 0.56696 0.59907 220.91929
7328.75947 18.36568 0.56227 0.59455 219.11660
7329.43588 18.63017 0.57133 0.60311 222.66477
7329.58103 18.64600 0.57193 0.60363 222.98963
7328.63464 18.48908 0.56635 0.59855 220.32975
7326.72209 18.00796 0.55091 0.58297 213.39973
7325.27554 17.48961 0.53263 0.56619 206.61598
7325.92376 17.69423 0.53980 0.57282 209.31133
7325.71299 17.62171 0.53724 0.57047 208.36151
7324.91546 17.51295 0.53332 0.56695 206.65694
7323.30616 17.17697 0.52063 0.55607 201.89408
7321.90526 16.79407 0.50681 0.54367 196.82347
7321.21536 16.58408 0.49952 0.53688 194.11411
7321.26952 16.58231 0.49945 0.53682 194.11612
7320.47337 16.41628 0.49350 0.53144 191.88396
7319.01907 16.06875 0.48137 0.52019 187.39523
7317.61224 15.63462 0.46691 0.50614 181.97757
7317.37072 15.55064 0.46426 0.50342 180.94270
7318.02686 15.65656 0.46740 0.50685 182.32788
7318.64110 15.73459 0.46990 0.50938 183.39596
7317.50419 15.78595 0.47219 0.51104 183.73883
7314.91122 15.54985 0.46576 0.50340 180.65768
7312.53507 14.93200 0.44457 0.48339 173.19282
7311.11920 14.39906 0.42639 0.46614 166.83807
7311.79477 14.62785 0.43416 0.47355 169.56729
0.00000 0.00000 0.00000 0.00000 0.00000
