7226.70321 244.26618 8.21251 7.90763 575.23408
7226.25520 243.38183 8.18516 7.87900 573.50177
7225.78996 242.39788 8.15667 7.84715 572.00124
7225.76818 242.38066 8.15597 7.84659 571.72611
7225.27762 241.42653 8.12564 7.81570 570.13366
7224.77777 240.38803 8.09323 7.78208 569.07990
7224.73803 240.32146 8.09107 7.77993 568.85611
7224.29388 239.45739 8.06378 7.75195 567.41512
7223.78930 238.42931 8.03156 7.71867 566.18339
7223.62398 238.11014 8.02146 7.70834 565.65011
7223.26950 237.36170 7.99817 7.68411 565.02485
7222.86831 236.55824 7.97299 7.65810 563.96215
7222.81432 236.48321 7.97045 7.65567 563.53476
7222.27252 235.44767 7.93773 7.62215 561.70490
7221.76989 234.41160 7.90537 7.58861 560.66159
7221.78679 234.46286 7.90680 7.59027 560.58276
7221.29882 233.53214 7.88008 7.56014 557.96141
7220.78235 232.51422 7.84795 7.52718 556.61135
7220.74448 232.45119 7.84590 7.52514 556.40603
7220.32881 231.64239 7.82046 7.49896 555.11791
7219.84433 230.75847 7.79217 7.47034 553.06758
7219.56354 230.20940 7.77498 7.45257 552.44491
7219.25409 229.53453 7.75465 7.43072 552.93301
7218.93305 228.98717 7.73751 7.41300 552.25601
7218.67979 228.53028 7.72311 7.39821 551.54920
7218.18816 227.56701 7.69280 7.36703 550.16939
7217.82201 226.88981 7.67130 7.34510 548.70504
7217.63917 226.55400 7.66056 7.33423 548.04588
7217.17160 225.64575 7.63283 7.30483 546.52003
7216.90215 225.17583 7.61927 7.28962 544.70249
7216.53220 224.50247 7.59811 7.26782 543.18078
7216.06418 223.56642 7.56880 7.23752 542.14732
7215.86994 223.23813 7.55816 7.22689 541.21620
7215.41918 222.39223 7.53132 7.19950 539.70494
7214.86916 221.26071 7.49623 7.16287 538.80392
7214.62502 220.75376 7.48051 7.14646 538.46597
7214.45187 220.40384 7.46969 7.13513 538.16638
7214.02086 219.55477 7.44312 7.10765 537.11199
7213.85607 219.27156 7.43402 7.09848 536.35171
7213.47500 218.56636 7.41165 7.07565 535.09182
7212.98504 217.62740 7.38210 7.04525 533.70946
7212.81906 217.34847 7.37301 7.03622 532.92920
7212.31439 216.38054 7.34359 7.00489 531.19809
7211.84756 215.42900 7.31574 6.97408 529.84662
7211.93436 215.61189 7.32144 6.98000 529.91987
7211.39358 214.65529 7.29062 6.94904 527.85089
7210.81080 213.55143 7.25590 6.91330 526.10024
7211.00817 213.90445 7.26718 6.92473 526.91060
7210.50709 213.06066 7.23989 6.89741 524.50292
7210.02697 212.29106 7.21527 6.87250 522.81292
7209.50705 211.33365 7.18577 6.84150 522.39292
7209.10153 210.49938 7.16013 6.81450 521.95101
7208.95082 210.25772 7.15212 6.80667 521.03945
7208.54703 209.54424 7.12926 6.78358 519.41165
7208.01638 208.51192 7.09691 6.75016 518.46823
7207.92964 208.35993 7.09216 6.74524 518.08570
7207.51763 207.64932 7.07126 6.72223 515.57571
7206.95868 206.59061 7.03863 6.68796 513.87187
7206.84187 206.39715 7.03234 6.68169 513.32875
7206.44160 205.64925 7.00880 6.65748 512.26927
7205.92938 204.73396 6.97976 6.62785 510.50282
7205.79263 204.49193 6.97201 6.62002 510.02964
7205.21608 203.40404 6.93795 6.58480 508.60173
7204.66070 202.29367 6.90389 6.54885 507.85476
7204.84656 202.64787 6.91491 6.56032 508.26939
7204.32077 201.69269 6.88472 6.52940 506.63608
7203.93105 201.00604 6.86277 6.50717 505.28870
7203.74005 200.67958 6.85228 6.49660 504.52317
7203.25193 199.78600 6.82430 6.46767 503.13421
7203.03346 199.44479 6.81295 6.45663 502.04855
7202.54755 198.60104 6.78729 6.42931 499.70791
7202.01701 197.60136 6.75731 6.39695 497.92365
7202.09718 197.74839 6.76198 6.40171 498.09588
7201.67686 197.07709 6.74038 6.37998 496.69110
7201.09455 196.13486 6.71092 6.34947 495.48306
7200.67311 195.39757 6.68759 6.32561 494.20864
7200.26367 194.58733 6.66270 6.29938 493.54258
7200.00812 194.17257 6.64930 6.28595 492.36345
7199.65756 193.56619 6.63002 6.26632 491.21141
7199.19871 192.69761 6.60312 6.23820 490.35912
7199.07604 192.52536 6.59731 6.23262 489.54844
7198.56715 191.66398 6.56984 6.20474 487.57725
7197.99771 190.61495 6.53714 6.17078 486.39662
7197.94194 190.53078 6.53445 6.16805 486.03694
7197.49643 189.74949 6.51196 6.14276 483.66664
7196.94772 188.79927 6.48204 6.11200 481.82960
7196.91543 188.74556 6.48032 6.11026 481.70191
7196.39832 187.84133 6.45199 6.08099 480.19116
7196.05200 187.28129 6.43391 6.06286 478.65059
7195.49110 186.29372 6.40309 6.03089 477.06117
7195.06621 185.40374 6.37650 6.00208 477.28706
7195.08411 185.47143 6.37827 6.00427 476.97411
7194.67106 184.80053 6.35702 5.98255 475.26660
7194.06020 183.72625 6.32347 5.94777 473.61114
7194.07860 183.76148 6.32454 5.94891 473.63889
7193.65666 183.07540 6.30269 5.92670 471.91608
7193.20347 182.37421 6.28008 5.90400 470.05021
7192.91465 181.92137 6.26624 5.88934 468.48679
7192.36506 180.99872 6.23914 5.85947 466.33663
7192.15126 180.68913 6.22948 5.84945 465.81352
7191.60191 179.78312 6.20170 5.82012 464.65276
7191.00147 178.73814 6.16857 5.78629 462.82273
7191.09879 178.90663 6.17381 5.79174 463.10086
7190.41083 177.78779 6.13825 5.75552 460.57294
7189.85130 176.78349 6.10754 5.72301 459.44397
7189.81503 176.71554 6.10557 5.72081 459.39840
7189.35523 175.92149 6.08073 5.69511 458.18479
7189.18624 175.68604 6.07258 5.68748 457.18890
7188.61185 174.75319 6.04411 5.65729 455.14950
7187.99848 173.67074 6.01087 5.62224 453.81047
7188.07216 173.80216 6.01499 5.62650 453.95087
7187.56368 172.96961 5.98814 5.59955 452.33878
7187.13696 172.29416 5.96854 5.57768 449.89432
7186.90065 171.91613 5.95763 5.56544 448.68022
7186.33132 170.97926 5.92733 5.53511 446.99126
7186.19917 170.78849 5.92203 5.52894 446.31664
7185.52435 169.71294 5.88873 5.49412 443.83087
7184.85950 168.50105 5.85069 5.45488 443.02903
7185.08461 168.89371 5.86212 5.46760 443.42311
7184.52534 167.98213 5.83611 5.43809 441.91018
7184.33740 167.68492 5.82687 5.42846 441.15624
7184.21478 167.53477 5.82109 5.42360 440.26701
7183.46274 166.48184 5.78536 5.38952 437.89369
7183.04516 165.84909 5.76750 5.36903 436.51472
7182.51503 164.97149 5.73486 5.34062 434.80187
7182.24854 164.57308 5.72448 5.32772 433.78447
7181.73001 163.76650 5.69898 5.30161 431.10339
7181.11927 162.69257 5.66359 5.26685 429.85722
7181.19054 162.82149 5.66773 5.27102 429.90608
7180.75424 162.14447 5.64489 5.24910 428.36115
7180.28857 161.44882 5.62056 5.22658 426.45165
7179.91053 160.87178 5.59951 5.20790 425.05020
7179.33674 159.91077 5.56818 5.17679 423.80852
7179.20646 159.73127 5.56240 5.17098 423.11428
7178.76025 159.02650 5.53887 5.14816 421.69888
7178.19952 158.15635 5.50551 5.12000 419.89104
7178.12475 158.04535 5.50157 5.11640 419.57150
7177.49964 157.06814 5.46954 5.08477 417.53022
7177.32573 156.80705 5.45958 5.07631 416.89248
7176.94063 156.25139 5.44215 5.05833 415.19898
7176.31299 155.31796 5.41053 5.02811 412.97860
7176.28511 155.28335 5.40882 5.02699 412.79864
7175.67407 154.38617 5.37801 4.99794 409.28548
7175.46474 154.12219 5.37039 4.98940 407.85239
7174.82716 153.19779 5.33499 4.95947 405.69025
7174.28400 152.37536 5.30879 4.93285 405.23523
7173.88980 151.77893 5.28972 4.91354 404.32269
7173.36934 150.88032 5.25759 4.88445 403.41998
7173.42546 150.99825 5.26200 4.88827 403.29685
7172.97305 150.35081 5.23797 4.86731 401.45674
7172.42687 149.57674 5.20993 4.84225 399.22856
7172.09917 149.10668 5.19250 4.82703 397.93180
7171.45157 148.10850 5.15940 4.79472 396.12280
7171.36410 147.99075 5.15584 4.79090 395.68789
7170.86519 147.26409 5.13331 4.76738 393.86232
7170.39489 146.58381 5.10639 4.74536 392.13335
7170.16086 146.25709 5.09540 4.73478 390.72716
7169.48537 145.26340 5.06247 4.70261 387.85519
7169.37257 145.11536 5.05697 4.69782 387.35587
7168.84539 144.34050 5.03078 4.67273 385.63743
7168.54695 143.94076 5.01850 4.65979 384.31517
7167.84451 142.95099 4.98376 4.62775 381.58809
7167.13888 141.77338 4.94083 4.58963 380.74467
7167.56351 142.41255 4.96321 4.61032 381.86599
7166.98154 141.63151 4.93634 4.58504 379.32087
7166.67478 141.24896 4.92327 4.57265 377.67306
7166.21884 140.64477 4.90101 4.55309 376.27124
7165.65317 139.91646 4.87680 4.52952 374.75944
7165.14173 139.21829 4.85347 4.50691 372.70266
7164.45227 138.19250 4.81606 4.47371 370.67452
7164.49581 138.26522 4.81877 4.47606 370.71231
7163.90213 137.44234 4.78842 4.44942 368.57172
7163.55622 136.97693 4.77364 4.43435 366.69181
7163.24928 136.56297 4.76164 4.42095 365.00259
7162.62707 135.74447 4.73721 4.39446 362.32705
7162.18074 135.13200 4.71356 4.37463 360.68863
7161.51885 134.13063 4.67698 4.34221 359.19268
7161.48183 134.08731 4.67558 4.34081 358.98882
7161.04072 133.47747 4.65343 4.32107 357.44007
7160.59690 132.89104 4.63242 4.30208 355.61845
7160.27967 132.46704 4.61944 4.28836 354.37010
7159.52909 131.44555 4.58704 4.25529 351.76111
7159.51386 131.42518 4.58634 4.25463 351.70341
7158.85306 130.52060 4.55218 4.22534 349.37236
7158.93166 130.62455 4.55620 4.22871 349.68067
7158.36453 129.96415 4.53142 4.20733 346.67815
7157.78348 129.25930 4.50649 4.18451 343.95518
7157.33254 128.68201 4.48810 4.16582 341.91449
7156.72990 127.91698 4.46841 4.14106 339.71589
7156.64460 127.80804 4.46524 4.13753 339.52449
7155.84220 126.82475 4.42416 4.10570 336.30997
7155.39279 126.23187 4.40616 4.08650 334.62498
7154.70369 125.24691 4.36845 4.05462 332.82427
7154.49642 124.95369 4.35626 4.04513 332.21800
7154.28220 124.65974 4.34560 4.03561 331.53844
7153.78707 124.05672 4.32543 4.01609 329.41613
7153.47281 123.65287 4.31022 4.00301 328.24535
7152.72353 122.69916 4.26894 3.97214 325.30626
7152.54550 122.47003 4.26042 3.96472 324.63764
7151.86305 121.55170 4.22554 3.93499 322.47774
7151.80600 121.49650 4.22263 3.93321 322.13312
7151.23691 120.78407 4.19002 3.91014 319.86526
7150.88439 120.36175 4.17176 3.89647 318.42722
7150.43956 119.82404 4.14989 3.87906 316.68072
7149.95180 119.22594 4.12676 3.85970 313.99230
7149.99532 119.28509 4.12902 3.86162 314.16138
7149.18726 118.42039 4.09115 3.83362 309.93593
7148.38033 117.44220 4.05083 3.80196 307.37276
7147.61363 116.39055 4.00998 3.76791 305.91539
7147.78498 116.61897 4.01917 3.77531 306.49529
7147.10370 115.77053 3.98386 3.74784 303.77024
7146.88812 115.51710 3.97309 3.73963 302.85444
7146.43525 114.96550 3.94996 3.72178 301.17690
7146.07276 114.56794 3.93252 3.70891 299.54129
7145.49824 113.89966 3.90358 3.68727 297.15379
7144.91392 113.19896 3.87383 3.66459 294.86557
7144.61083 112.84144 3.85869 3.65302 293.72386
7143.89312 111.97283 3.82114 3.62490 291.08389
7143.87991 111.96223 3.82060 3.62455 291.00692
7143.01349 110.95262 3.77747 3.59187 287.45687
7142.94283 110.87133 3.77424 3.58924 287.11040
7142.15058 109.93346 3.73460 3.55888 283.82492
7142.13254 109.92061 3.73389 3.55846 283.72296
7141.33106 109.02357 3.69232 3.52942 280.57255
7141.01541 108.64849 3.67543 3.51728 279.49581
7140.53777 108.10549 3.65139 3.49970 277.74925
7140.01431 107.53411 3.62638 3.48120 275.51813
7139.54962 106.96695 3.60000 3.46284 273.98174
7139.20647 106.59553 3.58200 3.45082 273.08019
7138.72039 106.06808 3.55994 3.43374 271.55809
7138.06635 105.31773 3.52683 3.40945 269.09788
7137.91757 105.15373 3.51809 3.40414 268.50852
7137.20081 104.37249 3.47519 3.37885 265.94245
7137.16161 104.32543 3.47322 3.37733 265.81695
7136.36187 103.50075 3.44218 3.35063 262.65489
7135.97248 103.07968 3.41959 3.33700 261.26820
7135.11482 102.11957 3.37757 3.30592 258.23818
7135.05977 102.05837 3.37538 3.30394 258.04266
7134.16969 101.06122 3.33461 3.27166 254.83908
7134.26425 101.16575 3.33951 3.27504 255.17262
7133.34907 100.18632 3.30021 3.24333 252.38161
7132.93017 99.71068 3.28911 3.22793 251.05367
7132.27849 98.93380 3.26411 3.20278 248.56690
7132.56615 99.24196 3.27495 3.21276 249.55053
7131.90157 98.60858 3.25321 3.19226 247.37215
7131.35861 98.07614 3.23618 3.17502 245.78775
7130.57186 97.23705 3.21032 3.14785 243.46998
7130.34477 97.00119 3.20385 3.14022 242.85630
7129.67973 96.30538 3.18525 3.11769 240.79815
7129.28253 95.89614 3.17327 3.10445 239.58733
7128.66692 95.22903 3.15348 3.08285 237.80001
7128.33647 94.89265 3.14377 3.07196 236.90808
7127.82389 94.34595 3.12742 3.05426 235.39598
7127.57373 94.10740 3.12027 3.04654 234.75816
7126.90797 93.45320 3.10333 3.02536 233.09716
7126.50312 93.04393 3.09376 3.01211 232.19260
7125.85079 92.39809 3.07807 2.99120 230.81899
7125.38791 91.91895 3.06479 2.97569 229.67791
7124.73702 91.25007 3.04676 2.95404 228.22633
7124.28736 90.76436 3.03298 2.93831 227.06106
7124.05808 90.51579 3.02590 2.93027 226.42752
7123.79737 90.29556 3.02026 2.92314 226.00068
7122.99538 89.54027 3.00022 2.89869 224.62409
7122.34810 88.89108 2.98272 2.87767 223.32620
7121.93406 88.44017 2.97138 2.86307 222.34044
7121.61012 88.16278 2.96542 2.85409 221.93165
7120.89324 87.43286 2.94596 2.83046 220.17010
7120.56147 87.12302 2.93723 2.82043 219.68975
7119.63975 86.19312 2.90417 2.79033 218.04431
7118.82644 85.25914 2.86444 2.76009 215.96302
7118.18910 84.45497 2.82395 2.73406 213.82597
7117.60039 83.68326 2.79387 2.70908 212.21964
7116.88458 82.68018 2.74055 2.67661 209.43543
7116.14246 81.44517 2.70165 2.63662 205.46785
7115.89243 81.02326 2.70469 2.62297 204.10023
7115.23530 79.84295 2.53761 2.58476 200.32190
7114.64623 78.59118 2.43251 2.54423 196.20933
7114.42136 78.12669 2.41638 2.52920 194.77613
7113.96492 77.04927 2.38301 2.49432 191.61976
7113.59549 76.09613 2.35353 2.46346 189.12529
7113.38973 75.64172 2.34049 2.44875 188.05153
7112.99539 74.66518 2.31300 2.41714 186.18038
7112.54199 73.31773 2.26988 2.37351 184.30264
7112.28141 72.43439 2.24171 2.34492 183.70532
7112.30511 72.53146 2.24482 2.34806 183.73011
7111.99853 71.79256 2.22160 2.32414 183.27257
7111.62717 70.73394 2.18822 2.28987 183.36710
7111.32371 69.95120 2.16366 2.26453 183.77391
7111.34137 70.01202 2.16558 2.26650 183.70029
7111.10429 69.42330 2.14710 2.24744 184.16368
7110.82158 68.85555 2.12956 2.22906 184.46735
7111.11407 69.38277 2.14577 2.24613 184.35935
7110.67507 68.69660 2.12478 2.22391 184.11825
7110.33346 68.16876 2.10843 2.20683 183.85809
7110.78828 68.77266 2.12697 2.22638 184.56756
7110.01478 67.88086 2.09997 2.19751 182.93519
7110.00073 67.86758 2.09958 2.19708 182.89871
7109.10557 66.84964 2.06838 2.16412 181.16016
7109.24639 67.00177 2.07304 2.16905 181.45821
7108.43542 66.13732 2.04899 2.14106 179.36784
7108.50828 66.22029 2.05113 2.14375 179.55577
7107.54450 65.25658 2.02371 2.11255 177.00268
7107.35000 65.04316 2.01697 2.10564 176.65125
7106.58367 64.25750 1.99303 2.08021 174.94913
7107.31215 64.90624 2.01259 2.10121 176.94219
7106.37536 64.18000 1.99086 2.07770 174.01227
7105.79123 63.68487 1.97578 2.06167 172.41902
7104.87796 62.86682 1.95059 2.03519 170.13764
7104.90190 62.88036 1.95099 2.03563 170.22210
7104.23993 62.33451 1.93427 2.01795 168.41844
7103.63923 61.85098 1.91936 2.00230 167.16679
7102.82346 61.12733 1.89686 1.97887 165.36128
7102.26821 60.61124 1.88075 1.96217 164.06058
7101.87007 60.25770 1.86978 1.95072 163.12879
7101.19409 59.64629 1.85071 1.93093 161.58048
7101.50532 59.88170 1.85796 1.93855 162.41216
7100.75344 59.35037 1.84163 1.92135 160.33126
7100.79884 59.38195 1.84260 1.92237 160.45597
7099.71149 58.61686 1.81880 1.89760 157.60696
7099.09861 58.15391 1.80443 1.88262 156.06636
7098.64122 57.80140 1.79460 1.87120 154.90624
7097.97456 57.33203 1.78215 1.85601 153.18443
7097.46140 56.94954 1.77059 1.84363 151.97958
7096.40913 56.13649 1.74462 1.81731 149.64305
7095.60595 55.44295 1.72262 1.79485 147.87323
7094.64243 54.52257 1.69310 1.76506 146.19925
7094.59565 54.47726 1.69166 1.76359 146.09935
7093.71737 53.65188 1.66511 1.73687 144.20214
7093.53518 53.48490 1.65973 1.73147 143.82964
7092.71202 52.70857 1.63458 1.70633 142.12060
7092.60864 52.61418 1.63153 1.70328 141.91486
7091.89237 51.97156 1.61067 1.68248 140.41542
7091.53238 51.65427 1.60039 1.67220 139.63125
7091.06538 51.23240 1.58662 1.65855 138.65179
7090.74413 50.98049 1.57842 1.65039 137.96909
7090.54424 50.81333 1.57298 1.64498 137.54763
7089.91367 50.35724 1.55815 1.63022 136.15364
7091.70960 51.34728 1.59005 1.66227 140.48122
7090.19776 50.71622 1.56998 1.64184 136.70773
7088.60734 49.83699 1.54168 1.61337 133.35324
7087.88933 49.38123 1.52662 1.59862 131.95562
7086.80663 48.63853 1.50355 1.57458 129.90462
7085.97743 48.02270 1.48584 1.55464 128.45127
7085.05415 47.26806 1.46081 1.53021 126.57327
7084.45487 46.73321 1.44323 1.51289 125.33094
7083.96423 46.32724 1.42986 1.49975 124.36130
7083.04411 45.49482 1.40228 1.47280 122.43742
7082.86649 45.31425 1.39629 1.46696 122.05462
7082.13217 44.67734 1.37512 1.44634 120.55165
7082.05346 44.60198 1.37261 1.44390 120.38494
7081.09447 43.79283 1.34571 1.41771 118.43869
7082.54448 44.81109 1.37949 1.45067 121.23949
7081.66781 44.30393 1.36271 1.43425 119.63255
7081.13147 44.01818 1.35327 1.42500 118.69968
7081.11750 44.02013 1.35334 1.42506 118.68503
7079.77844 43.34490 1.33098 1.40320 116.53927
7078.53350 42.60395 1.30635 1.37922 114.50946
7077.78809 42.10135 1.28966 1.36295 113.21174
7076.78451 41.38949 1.26612 1.33990 111.48247
7077.41889 41.79322 1.27942 1.35297 112.50114
7076.73408 41.40272 1.26659 1.34033 111.48065
7075.92132 40.97412 1.25224 1.32646 110.30260
7075.79068 40.90475 1.24990 1.32421 110.12025
7074.54954 40.22984 1.22830 1.30236 108.41567
7073.46289 39.55642 1.20895 1.28056 106.93948
7073.25914 39.41704 1.20449 1.27605 106.62200
7072.32969 38.85234 1.18555 1.25777 105.21364
7072.19386 38.76499 1.18263 1.25494 104.99616
7071.61516 38.43722 1.17183 1.24433 104.21043
7070.62341 37.87770 1.15346 1.22621 102.88801
7070.67036 37.90282 1.15429 1.22703 102.94705
7069.59925 37.31927 1.13513 1.20814 101.59075
7068.60842 36.73221 1.11580 1.18913 100.20526
7068.89434 36.89094 1.12102 1.19427 100.58564
7067.81516 36.32997 1.10252 1.17611 99.28751
7066.78956 35.75717 1.08376 1.15757 97.97822
7066.18501 35.38070 1.07139 1.14538 97.07244
7065.14153 34.72165 1.04966 1.12404 95.46817
7064.62572 34.37756 1.03826 1.11290 94.61900
7063.92799 33.90086 1.02257 1.09747 93.42802
7063.18864 33.40443 1.00618 1.08140 92.16568
7064.02116 33.87180 1.02153 1.09653 93.27077
7063.68194 33.70954 1.01624 1.09128 92.91343
7063.06431 33.49198 1.00922 1.08424 92.55751
7063.21250 33.54305 1.01086 1.08589 92.63829
7062.41237 33.26484 1.00200 1.07688 92.23464
7061.18176 32.87469 0.98960 1.06425 91.83405
7059.79200 32.32017 0.97187 1.04630 90.94033
7058.69878 31.78829 0.95453 1.02908 89.84074
7057.40865 31.06443 0.93172 1.00565 88.24466
7056.52166 30.48851 0.91560 0.98700 87.06002
7055.66693 29.92929 0.89796 0.96890 85.64368
7054.46244 29.00929 0.86777 0.93912 82.92839
7055.57897 29.74627 0.89169 0.96298 84.91017
7054.87326 29.34713 0.87873 0.95005 83.93669
7054.38223 29.11378 0.87132 0.94250 83.47292
7056.14401 29.73280 0.89078 0.96254 84.25540
7055.11882 29.50657 0.88388 0.95522 84.35852
7053.28783 28.98498 0.86793 0.93833 84.24978
7051.67828 28.34530 0.84785 0.91762 83.32877
7050.69040 27.86810 0.83259 0.90217 82.21317
7049.47604 27.20328 0.81132 0.88065 80.60058
7048.26730 26.44131 0.78685 0.85598 78.44703
7048.14991 26.34912 0.78386 0.85300 78.14295
7047.50835 25.94771 0.77097 0.84001 77.00199
7048.16807 26.27952 0.78151 0.85075 77.77633
7048.86601 26.51394 0.78872 0.85834 78.01856
7047.65817 26.22578 0.78018 0.84901 78.19510
7045.79058 25.55193 0.75937 0.82719 77.38127
7044.70045 25.05315 0.74370 0.81105 76.32386
7044.17533 24.79165 0.73544 0.80258 75.68309
7043.18470 24.32120 0.72065 0.78735 74.60932
7042.62929 24.04689 0.71208 0.77847 73.92399
7042.32488 23.89855 0.70743 0.77367 73.51169
7041.63930 23.58492 0.69759 0.76351 72.68253
7041.15911 23.40675 0.69209 0.75775 72.41050
7042.16909 23.70889 0.70121 0.76753 72.68620
7041.19798 23.49705 0.69514 0.76067 72.85377
7039.78072 23.12878 0.68411 0.74875 72.84794
7038.19395 22.63097 0.66986 0.73263 72.48887
7036.83586 22.03962 0.65447 0.71349 71.54775
7036.12188 21.69260 0.64449 0.70225 70.70406
7035.08291 21.18100 0.62845 0.68569 69.17006
7034.82944 21.05237 0.62443 0.68153 68.76685
7034.65412 20.95806 0.62150 0.67848 68.46818
7033.75166 20.61570 0.61127 0.66739 67.68831
7032.80054 20.20067 0.59868 0.65396 66.49304
7032.67747 20.14561 0.59702 0.65217 66.34462
7031.82323 19.79493 0.58648 0.64082 65.44768
7031.11825 19.52166 0.57839 0.63197 64.78488
7031.91959 19.76810 0.58542 0.63995 65.15014
7031.13420 19.59004 0.58068 0.63419 65.18138
7029.83842 19.25294 0.57146 0.62328 64.95283
7028.63384 18.89759 0.56159 0.61177 64.43393
7027.65581 18.59827 0.55330 0.60208 63.93236
7028.00706 18.69541 0.55592 0.60523 64.05281
7026.90929 18.41433 0.54859 0.59613 63.80476
7025.53082 18.01965 0.53810 0.58335 63.19455
7024.22582 17.57826 0.52588 0.56906 61.97894
7024.30171 17.59025 0.52613 0.56945 61.96133
7024.54654 17.63071 0.52700 0.57076 61.92978
7024.40758 17.62457 0.52708 0.57056 62.06242
7023.60225 17.56202 0.52675 0.56854 62.77939
7022.26793 17.42532 0.52552 0.56411 63.94480
7021.03999 17.24385 0.52270 0.55824 64.68848
7019.63395 17.02764 0.51939 0.55124 65.57736
7018.62602 16.78591 0.51423 0.54341 65.56619
7018.89931 16.84987 0.51557 0.54548 65.55333
7018.02777 16.70519 0.51330 0.54080 66.12871
7016.61497 16.49957 0.51066 0.53414 67.47211
7015.17289 16.15294 0.50305 0.52292 67.53976
7014.22900 15.93670 0.49855 0.51592 67.94973
7013.27299 15.70553 0.49352 0.50843 68.32931
7011.43898 15.07555 0.47731 0.48804 67.61144
7009.79867 14.27991 0.45473 0.46228 65.17025
7008.61173 13.57916 0.43379 0.43960 62.46275
0.00000 0.00000 0.00000 0.00000 0.00000
