7225.21663 241.83504 8.20830 7.82893 706.75492
7224.94113 241.32489 8.19214 7.81241 705.95462
7224.43569 240.35194 8.16228 7.78091 705.08058
7224.26290 240.05568 8.15312 7.77132 704.29068
7223.88255 239.37592 8.13173 7.74932 702.92230
7223.35141 238.38084 8.10030 7.71710 701.66512
7223.26447 238.24352 8.09598 7.71266 701.11175
7222.75765 237.33163 8.06771 7.68314 699.42249
7222.21246 236.27339 8.03444 7.64888 698.65989
7222.17245 236.20191 8.03215 7.64656 698.52364
7221.70995 235.30181 8.00500 7.61743 697.89136
7221.21496 234.38472 7.97619 7.58774 696.63897
7221.16767 234.29931 7.97372 7.58497 696.36738
7220.64752 233.30951 7.94495 7.55293 694.19477
7220.22169 232.51951 7.92096 7.52735 693.12902
7220.06483 232.23715 7.91215 7.51821 692.48070
7219.56562 231.24189 7.88075 7.48599 692.49243
7219.21826 230.58942 7.86102 7.46487 692.97875
7219.04585 230.28708 7.85206 7.45508 693.13073
7218.53293 229.29401 7.82234 7.42294 693.61447
7218.26021 228.80672 7.80606 7.40716 692.54668
7217.90527 228.17509 7.78599 7.38671 691.20950
7217.46524 227.22886 7.75817 7.35608 692.14430
7217.31518 227.01133 7.75132 7.34904 690.95764
7216.88677 226.26248 7.72669 7.32480 689.53632
7216.37051 225.23179 7.69729 7.29143 688.07591
7216.24152 225.01453 7.69120 7.28440 687.23002
7215.84094 224.28339 7.66830 7.26073 686.32168
7215.30896 223.27293 7.63623 7.22801 685.54481
7215.35116 223.34459 7.63852 7.23033 685.72487
7214.89205 222.61187 7.61575 7.20661 683.09421
7214.39342 221.84981 7.59085 7.18194 679.76508
7214.02171 221.20901 7.56994 7.16120 678.32395
7213.53534 220.23477 7.54063 7.12966 678.43203
7213.27605 219.78304 7.52708 7.11504 677.52352
7212.89018 219.09884 7.50482 7.09289 676.34605
7212.43004 218.07790 7.47345 7.05984 677.98733
7212.24037 217.73741 7.46351 7.04881 677.45224
7211.99493 217.31378 7.45044 7.03510 676.58332
7211.44817 216.30392 7.41948 7.00241 674.92415
7211.24955 215.96044 7.40950 6.99129 673.50465
7210.88588 215.30401 7.38964 6.97004 672.29920
7210.34970 214.33092 7.35914 6.93853 671.44311
7210.25716 214.18453 7.35429 6.93380 671.22108
7209.75072 213.27258 7.32660 6.90427 672.12901
7209.20304 212.25281 7.29637 6.87126 672.04208
7209.24013 212.32145 7.29841 6.87348 672.16088
7208.66829 211.30153 7.26419 6.84046 670.36160
7208.23324 210.51206 7.24140 6.81491 669.54728
7208.05946 210.20111 7.23218 6.80484 669.17189
7207.57554 209.26754 7.20257 6.77462 669.05109
7207.29835 208.81074 7.18715 6.75983 667.86710
7206.95393 208.20836 7.16847 6.74033 666.84317
7206.43997 207.20915 7.14184 6.70798 665.29684
7206.34033 207.04135 7.13586 6.70255 664.91586
7205.98169 206.47649 7.11638 6.68426 663.04598
7205.35555 205.44656 7.08585 6.65092 660.29710
7205.26449 205.29575 7.08103 6.64604 659.91855
7204.72985 204.35608 7.04940 6.61562 658.53613
7204.31838 203.66946 7.02814 6.59339 656.94656
7204.05855 203.23130 7.01633 6.57921 656.00921
7203.54133 202.25390 6.98486 6.54757 655.81694
7203.30668 201.86804 6.97301 6.53507 654.86020
7202.87146 201.11384 6.95099 6.51066 653.73357
7202.39163 200.10842 6.91993 6.47811 654.98334
7202.31701 200.01004 6.91610 6.47493 654.24067
7201.89389 199.29876 6.89348 6.45190 653.24847
7201.31835 198.26270 6.86844 6.41836 652.97915
7201.28242 198.20801 6.86646 6.41659 652.84739
7200.78773 197.35297 6.83714 6.38891 652.43712
7200.32154 196.57952 6.81509 6.36387 650.39384
7200.11167 196.22627 6.80405 6.35243 649.67468
7199.58258 195.24987 6.77065 6.32082 649.52716
7199.30436 194.78431 6.75572 6.30575 648.62732
7198.98277 194.24103 6.74441 6.28816 647.62498
7198.41088 193.19080 6.70552 6.25417 647.35876
7198.24311 192.88590 6.69620 6.24430 647.23044
7197.96436 192.39141 6.68150 6.22829 646.85508
7197.38019 191.47298 6.65340 6.19855 643.97079
7197.30908 191.35831 6.64962 6.19484 643.68087
7196.74458 190.41540 6.61424 6.16432 641.86863
7196.38067 189.85987 6.60305 6.14633 638.53907
7195.99854 189.22880 6.58029 6.12590 636.90112
7195.43812 188.19824 6.54440 6.09254 636.96447
7195.31266 187.98564 6.53752 6.08566 636.64687
7194.91250 187.32814 6.51562 6.06437 635.33509
7194.31086 186.30331 6.47794 6.03120 634.00730
7194.29891 186.28650 6.47730 6.03065 633.91710
7193.73514 185.33264 6.44663 5.99977 632.67466
7193.34007 184.68678 6.42272 5.97887 631.24912
7193.01262 184.14499 6.40358 5.96133 630.11320
7192.49920 183.15467 6.36887 5.92927 632.12802
7192.35399 182.92601 6.36072 5.92186 632.03105
7191.96752 182.31413 6.33890 5.90206 632.47683
7191.36252 181.26833 6.30639 5.86820 630.17573
7191.34330 181.24401 6.30562 5.86741 629.92633
7190.81924 180.39096 6.27581 5.83980 628.04597
7190.38863 179.71635 6.25291 5.81796 626.31314
7190.10938 179.27853 6.23748 5.80378 625.17093
7189.52457 178.25958 6.20139 5.77080 624.68935
7189.34703 177.97418 6.19173 5.76156 624.12622
7188.92820 177.29942 6.16905 5.73971 622.82060
7188.31891 176.26039 6.13180 5.70608 622.04723
7188.45526 176.47690 6.13946 5.71309 622.51272
7187.79316 175.50091 6.10648 5.68149 618.85285
7187.34686 174.81571 6.08233 5.65931 616.93090
7187.00147 174.22628 6.06154 5.64023 616.56594
7186.45164 173.27744 6.02851 5.60951 616.36917
7186.38926 173.19821 6.02586 5.60695 615.81193
7185.86130 172.36327 5.99879 5.57992 612.92401
7185.36374 171.56326 5.97247 5.55402 610.65773
7185.19914 171.31089 5.96372 5.54585 610.08470
7184.60443 170.32200 5.92941 5.51383 608.88176
7184.40006 170.01175 5.91852 5.50379 607.96300
7184.03041 169.43982 5.89826 5.48528 607.43668
7183.43086 168.53638 5.86715 5.45603 607.62221
7183.25389 168.26293 5.85760 5.44718 607.29678
7182.63876 167.22654 5.82123 5.41362 606.61125
7182.28689 166.62389 5.80018 5.39412 606.53802
7182.03811 166.20838 5.78611 5.38066 606.38448
7181.46994 165.22852 5.75176 5.34894 606.58913
7181.41020 165.14017 5.74856 5.34608 606.31544
7180.93740 164.42452 5.72342 5.32292 604.66650
7180.44464 163.67424 5.70071 5.29863 601.13582
7180.29183 163.46604 5.69417 5.29189 599.71015
7179.64107 162.48316 5.65950 5.26007 597.41150
7179.49180 162.29301 5.65295 5.25391 596.13334
7178.90216 161.42249 5.62326 5.22573 593.59515
7178.42391 160.68372 5.59698 5.20181 592.22515
7178.20283 160.36689 5.58610 5.19156 591.11257
7177.57196 159.36348 5.55129 5.15907 590.01988
7177.43112 159.16975 5.54452 5.15280 589.17188
7176.90481 158.36334 5.51628 5.12670 587.71132
7176.39502 157.56821 5.48885 5.10096 586.65130
7176.18142 157.24397 5.47760 5.09046 586.07764
7175.59327 156.25482 5.44266 5.05844 586.27544
7175.43512 156.02002 5.43452 5.05084 585.68858
7175.03803 155.43261 5.41389 5.03182 584.51911
7174.44897 154.55854 5.38619 5.00352 583.42532
7174.33605 154.39538 5.38114 4.99824 583.06709
7173.69593 153.42327 5.34746 4.96677 581.97971
7173.46404 153.10238 5.33657 4.95638 580.52244
7172.99803 152.40435 5.31205 4.93379 579.13564
7172.44532 151.58064 5.28318 4.90712 577.60830
7172.27762 151.33647 5.27464 4.89922 577.04897
7171.64617 150.34793 5.24043 4.86721 576.35516
7171.53873 150.19364 5.23496 4.86222 575.92479
7171.01394 149.48445 5.21001 4.83926 572.93807
7170.43264 148.61742 5.18021 4.81119 571.49428
7170.37603 148.52873 5.17705 4.80832 571.47486
7169.67380 147.56824 5.14345 4.77723 567.79169
7169.44150 147.25347 5.13247 4.76704 566.63341
7168.85731 146.36516 5.10251 4.73828 565.12824
7168.46925 145.78893 5.08484 4.71962 562.49824
7168.22903 145.45461 5.07337 4.70880 561.34051
7167.52688 144.43800 5.03770 4.67589 559.57172
7167.50198 144.40520 5.03654 4.67483 559.42557
7166.86907 143.50681 5.00501 4.64575 556.91242
7166.54147 143.07107 4.99005 4.63164 555.26879
7166.07949 142.41837 4.96729 4.61051 555.61323
7165.45178 141.49219 4.93486 4.58053 556.58055
7165.42610 141.45768 4.93365 4.57941 556.44046
7164.68757 140.40839 4.89726 4.54544 553.76721
7164.40492 139.97270 4.88189 4.53134 553.91755
7164.07765 139.47485 4.86448 4.51522 553.78463
7163.59312 138.83952 4.84267 4.49465 551.16422
7163.32998 138.48509 4.83034 4.48318 549.99438
7162.61181 137.47792 4.79458 4.45057 547.98890
7162.63844 137.51608 4.79587 4.45181 548.08762
7161.95938 136.64617 4.76907 4.42365 541.48949
7161.61086 136.20801 4.75426 4.40946 539.00501
7161.10669 135.53085 4.73045 4.38754 537.15864
7160.56302 134.79609 4.70505 4.36375 535.03358
7160.35457 134.51442 4.69516 4.35464 534.19878
7159.62309 133.52067 4.66022 4.32246 531.57589
7159.50003 133.35915 4.65461 4.31724 530.96667
7158.84345 132.42074 4.62160 4.28686 529.89009
7158.52312 131.97304 4.60586 4.27236 529.27920
7158.13798 131.44092 4.58729 4.25514 528.17844
7157.50983 130.55389 4.55661 4.22642 526.76746
7157.53051 130.58313 4.55763 4.22737 526.80904
7156.77571 129.60655 4.52351 4.19575 526.06582
7156.52948 129.29718 4.51255 4.18574 526.17270
7155.95035 128.47166 4.48604 4.15901 523.94586
7155.64886 128.08598 4.47402 4.14653 521.15850
7155.23698 127.56880 4.45612 4.12978 518.99106
7154.59588 126.71834 4.42630 4.10225 516.97158
7154.44157 126.52049 4.41938 4.09585 516.26774
7153.69352 125.51891 4.38436 4.06342 514.12194
7153.75860 125.60100 4.38723 4.06608 514.44249
7153.06666 124.78772 4.35865 4.03975 509.49137
7152.71669 124.40108 4.34499 4.02724 506.40102
7152.05015 123.55065 4.31560 3.99971 503.50470
7151.59900 122.95233 4.29456 3.98034 502.23763
7151.22409 122.46435 4.27754 3.96454 500.96530
7150.52696 121.49845 4.24380 3.93327 500.28308
7150.60229 121.59765 4.24728 3.93648 500.49475
7149.82337 120.61727 4.21288 3.90474 497.09498
7149.70140 120.47394 4.20782 3.90010 496.31159
7149.02618 119.63966 4.17897 3.87309 492.50119
7148.67757 119.21459 4.16633 3.85933 489.85251
7148.19142 118.60016 4.14668 3.83944 489.24505
7147.70175 117.99151 4.12489 3.81974 488.67465
7147.44772 117.68848 4.11419 3.80993 487.03411
7146.74000 116.84452 4.08463 3.78261 482.81215
7146.53643 116.59714 4.07599 3.77460 481.87165
7145.74151 115.59883 4.04101 3.74228 478.81273
7145.76667 115.63510 4.04227 3.74346 478.77511
7144.96094 114.68445 4.00936 3.71268 474.25964
7144.71454 114.38491 3.99896 3.70298 473.16541
7144.15509 113.70513 3.97475 3.68098 470.44714
7143.78711 113.29871 3.96025 3.66782 467.61480
7143.27172 112.68032 3.93938 3.64780 465.10329
7142.77241 112.09632 3.92012 3.62889 462.13742
7142.42022 111.68415 3.90539 3.61555 460.41572
7141.75476 110.89534 3.87792 3.59001 455.71829
7141.56837 110.67673 3.87213 3.58294 453.69671
7140.75411 109.71232 3.83812 3.55172 448.78267
7140.75990 109.71989 3.83844 3.55196 448.78640
7139.89919 108.72737 3.79935 3.51983 443.33239
7139.70100 108.50290 3.79134 3.51256 442.21250
7138.99221 107.62209 3.75626 3.48405 443.35301
7138.81038 107.42321 3.74685 3.47761 442.81652
7138.17032 106.68656 3.71612 3.45376 439.16947
7137.82262 106.27146 3.69928 3.44033 437.56118
7137.31422 105.71759 3.67354 3.42240 433.79645
7136.67501 104.95250 3.63955 3.39763 431.18566
7136.46785 104.66916 3.62802 3.38845 431.35633
7135.90751 104.04994 3.60111 3.36841 427.54985
7135.80612 103.95852 3.59671 3.36545 426.22637
7134.98675 103.13585 3.55831 3.33882 418.00840
7134.61359 102.72614 3.53980 3.32555 415.43766
7133.81506 101.81933 3.50012 3.29620 410.20905
7133.74431 101.73808 3.49680 3.29357 409.45023
7132.85116 100.73874 3.45354 3.26122 401.46319
7132.85576 100.74434 3.45379 3.26140 401.47391
7131.95905 99.74993 3.40842 3.22920 395.99094
7131.84116 99.61905 3.40241 3.22497 395.11825
7131.06994 98.75585 3.36282 3.19702 390.36785
7130.89630 98.57668 3.35475 3.19122 389.56439
7130.18829 97.80273 3.32090 3.16617 387.96848
7129.93583 97.54623 3.30878 3.15786 385.66781
7129.19549 96.75280 3.27177 3.13218 379.55558
7128.74163 96.22896 3.24852 3.11522 377.37178
7128.25812 95.64481 3.22244 3.09631 375.64917
7127.95133 95.29963 3.20705 3.08514 373.79576
7127.59969 94.96143 3.19135 3.07419 369.88519
7127.05617 94.43147 3.16633 3.05703 363.99114
7126.59200 93.96847 3.14506 3.04204 359.60359
7126.03744 93.44458 3.12173 3.02508 352.92076
7125.41455 92.79298 3.09534 3.00399 345.06658
7124.92118 92.25878 3.07382 2.98669 340.97192
7124.57979 91.90160 3.05840 2.97513 338.22801
7124.01724 91.35698 3.03461 2.95750 332.16971
7123.55655 90.87191 3.01564 2.94180 328.23914
7123.00311 90.32700 2.99356 2.92416 322.58380
7122.59199 89.89361 2.97594 2.91013 319.06213
7122.07617 89.39858 2.95776 2.89410 313.13581
7121.50813 88.83693 2.93616 2.87592 309.29530
7120.95683 88.24755 2.91414 2.85684 306.75802
7120.52078 87.80939 2.89910 2.84265 302.25316
7119.83472 87.07143 2.87138 2.81876 296.40806
7119.62440 86.80692 2.86185 2.81020 295.62969
7119.11112 86.31337 2.84501 2.79422 289.73214
7118.66352 85.89664 2.83185 2.78073 284.77714
7118.05827 85.27240 2.81621 2.76052 278.72891
7117.82668 85.06757 2.81011 2.75389 275.82962
7117.14525 84.46235 2.78696 2.73430 267.79226
7116.60231 83.92327 2.76689 2.71685 261.18254
7115.96346 83.31325 2.75146 2.69710 253.62488
7115.39078 82.66775 2.74383 2.67620 249.56032
7114.85526 82.08192 2.72404 2.65724 245.31985
7114.26763 81.40995 2.64880 2.63548 241.14056
7113.52967 80.40706 2.56945 2.60302 237.94698
7113.29418 80.07881 2.53063 2.59239 237.30265
7112.56782 78.95938 2.40921 2.55615 238.28095
7112.08530 78.09824 2.39700 2.52827 238.82143
7111.73998 77.33881 2.37642 2.50369 240.57757
7111.34102 76.42855 2.35235 2.47422 243.17591
7111.11878 76.00390 2.34002 2.46047 243.39204
7110.71035 75.17105 2.31929 2.43351 242.70839
7110.27250 73.94628 2.28282 2.39386 248.31085
7109.93432 72.96040 2.25243 2.36195 253.65138
7109.90788 72.90215 2.25064 2.36006 253.78815
7109.53509 71.95061 2.22148 2.32926 257.96552
7109.20311 70.90746 2.18903 2.29549 265.49055
7108.87307 70.01230 2.16139 2.26651 270.96489
7108.91372 70.12007 2.16471 2.27000 270.31257
7108.55676 69.22327 2.13745 2.24097 275.29788
7108.18269 68.38093 2.11225 2.21370 279.17043
7108.04247 68.12191 2.10451 2.20531 279.60560
7107.72610 67.42325 2.08355 2.18269 282.90020
7107.29815 66.55493 2.05767 2.15458 286.21374
7107.38138 66.69471 2.06150 2.15911 286.29387
7106.99671 66.14592 2.04762 2.14134 283.60131
7106.53634 65.49894 2.02990 2.12040 281.25244
7106.55206 65.52415 2.03066 2.12121 281.23705
7105.80269 64.66862 2.00521 2.09352 276.05175
7105.70479 64.56263 2.00209 2.09009 275.26589
7104.81494 63.54873 1.97188 2.05726 269.72292
7104.89420 63.63558 1.97448 2.06007 270.28984
7103.99320 62.66889 1.94540 2.02878 264.91315
7104.02285 62.70344 1.94646 2.02990 264.96186
7103.08524 61.76705 1.91790 1.99958 260.51265
7102.99745 61.67159 1.91497 1.99649 259.99797
7102.10598 60.77633 1.88767 1.96751 254.22987
7102.24163 60.90378 1.89154 1.97164 255.14515
7101.25715 60.03847 1.86504 1.94363 247.85830
7101.35004 60.11778 1.86748 1.94619 248.55877
7100.35666 59.31242 1.84291 1.92012 240.79157
7100.08346 59.06595 1.83534 1.91214 239.10538
7099.41631 58.52506 1.81835 1.89463 234.53339
7098.78042 58.01478 1.80311 1.87811 230.01396
7098.14712 57.43106 1.78750 1.85922 225.85531
7097.58966 56.91288 1.77196 1.84244 223.00042
7097.20950 56.57429 1.76103 1.83148 221.16587
7096.51712 55.94992 1.74157 1.81127 217.88623
7096.58012 55.98489 1.74262 1.81240 218.43002
7095.67620 55.35370 1.72297 1.79197 212.35513
7095.56498 55.27352 1.72046 1.78937 211.81785
7094.59673 54.57802 1.69894 1.76685 207.21790
7094.07300 54.18092 1.68661 1.75400 204.19410
7093.49685 53.73828 1.67290 1.73967 201.22302
7092.74452 53.15750 1.65494 1.72087 197.45070
7092.57670 53.02373 1.65077 1.71654 196.67169
7091.56944 52.29097 1.62798 1.69282 191.44108
7091.00671 51.81015 1.61302 1.67725 189.19192
7090.07877 50.91709 1.58455 1.64834 186.34892
7089.97429 50.81600 1.58132 1.64507 186.04053
7089.10913 49.99294 1.55507 1.61842 183.30495
7088.93796 49.83508 1.54991 1.61331 182.72848
7088.13711 49.07893 1.52502 1.58883 180.27009
7087.96575 48.92724 1.52023 1.58392 179.59564
7087.24121 48.28537 1.50173 1.56314 176.37231
7086.84002 47.93616 1.49111 1.55184 175.18134
7086.29882 47.45450 1.47506 1.53624 173.93808
7085.82640 47.06944 1.46215 1.52378 172.08129
7085.59443 46.88031 1.45589 1.51766 171.12913
7084.74339 46.28353 1.43641 1.49834 167.32091
7085.62745 46.76707 1.45214 1.51399 172.18800
7084.34524 46.23068 1.43480 1.49663 164.19847
7083.06830 45.51394 1.41154 1.47342 157.91930
7082.67303 45.26311 1.40345 1.46530 156.22629
7081.64591 44.54307 1.38021 1.44199 152.29098
7081.01054 44.07188 1.36487 1.42674 150.06599
7080.24695 43.42796 1.34403 1.40589 147.78963
7079.69831 42.92892 1.32760 1.38974 146.32010
7079.23106 42.54051 1.31478 1.37716 144.91584
7078.43850 41.81363 1.29085 1.35363 142.77993
7078.25726 41.62978 1.28477 1.34768 142.35972
7077.46478 40.96912 1.26236 1.32629 140.46812
7077.30377 40.82224 1.25733 1.32154 140.16474
7076.33261 40.00747 1.23177 1.29516 137.09731
7076.92956 40.43261 1.24441 1.30892 139.46504
7076.09300 39.92908 1.22936 1.29262 135.91071
7075.46474 39.60837 1.21981 1.28224 133.25719
7075.32009 39.54322 1.21779 1.28013 132.63745
7074.14750 38.95213 1.19787 1.26100 128.18770
7073.16263 38.35956 1.17785 1.24181 124.94178
7072.64711 38.00326 1.16601 1.23028 123.41203
7071.67199 37.31071 1.14273 1.20786 120.61830
7072.00985 37.52188 1.14987 1.21470 121.64015
7071.15322 37.05963 1.13445 1.19973 118.90422
7070.17181 36.52518 1.11681 1.18243 115.89974
7070.08228 36.47595 1.11518 1.18084 115.63612
7068.98895 35.85814 1.09464 1.16084 112.46419
7068.14540 35.32610 1.07693 1.14361 110.54711
7067.85031 35.12517 1.07030 1.13711 109.88226
7066.89319 34.52887 1.05060 1.11780 107.33824
7066.74089 34.43343 1.04743 1.11471 106.95207
7066.13711 34.08206 1.03584 1.10334 105.39626
7065.20684 33.59762 1.01999 1.08766 102.98921
7065.00082 33.48332 1.01621 1.08396 102.47880
7064.00655 32.92610 0.99773 1.06592 100.05537
7063.14734 32.39844 0.98040 1.04883 98.04673
7063.27370 32.46850 0.98268 1.05110 98.34466
7062.20718 31.93702 0.96527 1.03390 95.86613
7061.26584 31.40605 0.94736 1.01671 93.77347
7060.78092 31.08846 0.93755 1.00643 92.69793
7059.78395 30.43560 0.91875 0.98529 90.67155
7059.50482 30.24869 0.91279 0.97924 90.14795
7058.71907 29.71496 0.89465 0.96196 88.46383
7058.02289 29.24092 0.87871 0.94662 87.00321
7058.43383 29.44023 0.88532 0.95307 87.83016
7057.74726 29.17466 0.87653 0.94447 86.47490
7056.78431 28.82306 0.86502 0.93309 84.64582
7056.73401 28.79738 0.86417 0.93226 84.54752
7055.92462 28.50797 0.85474 0.92289 83.09920
7054.80541 28.14387 0.84332 0.91110 81.26379
7053.68048 27.67600 0.82844 0.89596 79.42667
7053.03875 27.34819 0.81788 0.88534 78.33496
7051.88778 26.67717 0.79635 0.86362 76.30029
7051.21782 26.21387 0.78109 0.84862 75.08641
7050.60822 25.80344 0.76761 0.83533 73.98366
7049.63869 25.07841 0.74379 0.81186 72.03555
7050.01084 25.30950 0.75137 0.81934 72.70302
7049.41503 24.96534 0.74010 0.80820 71.67492
7048.85841 24.77662 0.73403 0.80209 70.91880
7049.31468 24.91613 0.73849 0.80661 71.51333
7048.17768 24.63457 0.72976 0.79749 70.19525
7046.75361 24.18107 0.71572 0.78281 68.52713
7045.53057 23.64436 0.69880 0.76544 66.89044
7045.07669 23.41821 0.69155 0.75812 66.24129
7043.98687 22.80058 0.67159 0.73812 64.50452
7043.14087 22.27492 0.65660 0.72111 63.18761
7042.88354 22.09190 0.65126 0.71518 62.73899
7042.14092 21.64391 0.63764 0.70068 61.59384
7042.42261 21.78362 0.64212 0.70520 61.97448
7042.03267 21.66575 0.63850 0.70139 61.62434
7040.93368 21.32185 0.62759 0.69025 60.58365
7039.70569 20.88153 0.61359 0.67600 59.31729
7038.98061 20.54597 0.60283 0.66513 58.41128
7038.33584 20.22381 0.59249 0.65471 57.53804
7037.35029 19.75431 0.57753 0.63951 56.25506
7036.97654 19.56921 0.57158 0.63351 55.75612
7036.46784 19.32838 0.56380 0.62572 55.10968
7035.74639 19.00753 0.55353 0.61533 54.24427
7035.15730 18.83171 0.54819 0.60964 53.78511
7035.24847 18.85616 0.54892 0.61043 53.84836
7034.20489 18.58681 0.54102 0.60171 53.17113
7032.97193 18.23077 0.53032 0.59018 52.27755
7031.74978 17.78934 0.51700 0.57589 51.15574
7031.21675 17.55140 0.50962 0.56819 50.52103
7030.31660 17.11587 0.49619 0.55409 49.33740
7029.30469 16.61472 0.48050 0.53787 47.96346
7029.29676 16.60962 0.48034 0.53770 47.94873
7028.57270 16.28705 0.47020 0.52726 47.07451
7027.56432 15.88072 0.45754 0.51411 45.99643
7026.97015 15.60688 0.44898 0.50524 45.25047
7026.65119 15.46727 0.44462 0.50072 44.86609
7025.79824 15.13804 0.43430 0.49006 43.99101
7024.89895 14.82865 0.42473 0.48005 43.18157
7025.03246 14.86729 0.42590 0.48130 43.27988
7024.22599 14.65648 0.41965 0.47447 42.75647
7023.19487 14.37785 0.41162 0.46545 42.06200
7022.16394 14.09327 0.40328 0.45624 41.34015
7021.29841 13.84704 0.39585 0.44827 40.68502
7021.19824 13.81842 0.39498 0.44734 40.60879
7020.14050 13.53188 0.38702 0.43807 39.88514
7018.92432 13.16551 0.37802 0.42621 39.01088
7017.78851 12.74844 0.36773 0.41271 37.95899
7018.33551 12.90859 0.37157 0.41789 38.35052
7017.68839 12.75831 0.36823 0.41302 38.01490
7017.01296 12.68641 0.36736 0.41070 37.93513
7016.05220 12.60591 0.36675 0.40809 37.89200
7014.97329 12.49913 0.36581 0.40463 37.77153
7013.86145 12.36974 0.36461 0.40045 37.57638
7012.46786 12.15802 0.36212 0.39359 37.15768
7011.37823 11.84941 0.35551 0.38360 36.19720
7011.74928 11.93364 0.35694 0.38633 36.42360
7010.70399 11.78056 0.35582 0.38137 36.18087
7009.42943 11.54909 0.35315 0.37388 35.76095
7008.20219 11.23174 0.34768 0.36361 35.00506
7007.03263 10.90480 0.34155 0.35302 34.25948
7006.14633 10.55021 0.33323 0.34154 33.16736
7005.37137 10.17852 0.32420 0.32951 32.04044
7004.21706 9.63730 0.31086 0.31199 30.52015
7003.34017 9.07372 0.29611 0.29374 28.74565
0.00000 0.00000 0.00000 0.00000 0.00000
