7218.51709 241.50455 8.19869 7.81823 710.76323
7218.29142 241.11547 8.18660 7.80563 709.99232
7217.90770 240.45826 8.16519 7.78436 708.55325
7217.34234 239.44269 8.13381 7.75148 707.43769
7217.25228 239.29556 8.12919 7.74672 707.06263
7216.76156 238.40941 8.10116 7.71803 706.12291
7216.24557 237.48158 8.07193 7.68799 705.08414
7216.12128 237.25680 8.06507 7.68071 704.86458
7215.60991 236.24672 8.03434 7.64802 705.13808
7215.19849 235.44574 8.00897 7.62208 705.17058
7215.35475 235.72435 8.01781 7.63110 705.52443
7214.70993 234.74442 7.98597 7.59938 701.90748
7214.34535 234.20682 7.96976 7.58198 699.12243
7213.83057 233.29655 7.94281 7.55251 696.69216
7213.31452 232.27580 7.91131 7.51946 697.17154
7213.26042 232.20039 7.90890 7.51702 696.75642
7212.76335 231.30721 7.88093 7.48811 695.83144
7212.22071 230.25425 7.84802 7.45402 695.94094
7212.32414 230.44084 7.85388 7.46006 696.12212
7211.74758 229.48668 7.82431 7.42917 693.93759
7211.27576 228.66408 7.79765 7.40254 692.79110
7211.02529 228.22181 7.78349 7.38822 692.13423
7210.58525 227.32666 7.75650 7.35925 692.72949
7210.33775 226.94858 7.74511 7.34701 691.67400
7209.95312 226.28510 7.72399 7.32553 692.15690
7209.42944 225.26219 7.69452 7.29241 692.57417
7209.29169 225.02124 7.68770 7.28461 691.97658
7208.91109 224.38512 7.66784 7.26402 690.50884
7208.33771 223.33414 7.63421 7.23000 689.86221
7208.29661 223.26687 7.63201 7.22782 689.71308
7207.81143 222.44329 7.60643 7.20116 688.29222
7207.28756 221.54407 7.57806 7.17205 686.84905
7207.16288 221.32935 7.57103 7.16509 686.54282
7206.61693 220.33265 7.53978 7.13283 685.97380
7206.30846 219.78372 7.52354 7.11506 685.43526
7206.04092 219.36687 7.51028 7.10156 684.09911
7205.49693 218.35245 7.47677 7.06872 683.90881
7205.33304 218.10370 7.46915 7.06067 682.98152
7204.92942 217.42367 7.44867 7.03866 681.75995
7204.34236 216.41474 7.41730 7.00599 679.74516
7204.27509 216.30433 7.41402 7.00242 679.25407
7203.75311 215.39512 7.38669 6.97299 677.29212
7203.28972 214.60488 7.36190 6.94740 676.19168
7203.11794 214.30839 7.35191 6.93781 675.81246
7202.57630 213.32164 7.32131 6.90586 675.31814
7202.30862 212.85945 7.30725 6.89090 674.53296
7201.98464 212.32992 7.29065 6.87376 673.41077
7201.41629 211.27903 7.25620 6.83974 675.11347
7201.28173 211.04878 7.24956 6.83228 675.45441
7200.85945 210.32469 7.22890 6.80884 675.30102
7200.29488 209.30201 7.19590 6.77573 674.49275
7200.25398 209.24165 7.19389 6.77378 674.23165
7199.73786 208.32090 7.16512 6.74397 673.82579
7199.27634 207.51410 7.14248 6.71785 671.53498
7199.15237 207.31100 7.13588 6.71128 670.85517
7198.57998 206.28071 7.10355 6.67793 670.48948
7198.31217 205.79612 7.09004 6.66224 670.29529
7198.13413 205.53746 7.08143 6.65386 669.17507
7197.49403 204.51958 7.04730 6.62091 666.59971
7197.37844 204.34640 7.04157 6.61531 665.96298
7196.85730 203.51565 7.01625 6.58841 663.91127
7196.37639 202.76716 6.99071 6.56418 661.75152
7196.03408 202.19081 6.97237 6.54552 660.87455
7195.47773 201.11418 6.94177 6.51067 661.81698
7195.20005 200.56739 6.92371 6.49297 662.47068
7195.09303 200.39332 6.91809 6.48733 662.12156
7194.50708 199.41978 6.88785 6.45582 660.65972
7194.35146 199.17486 6.88116 6.44789 659.99937
7193.88654 198.42040 6.85826 6.42346 657.14636
7193.32592 197.49455 6.82966 6.39349 655.11853
7193.20780 197.30050 6.82424 6.38721 654.71117
7192.62909 196.28346 6.79178 6.35428 654.49578
7192.30616 195.71651 6.77395 6.33593 655.40712
7192.08154 195.36917 6.76279 6.32469 655.43703
7191.48255 194.33881 6.73474 6.29133 655.42195
7191.36235 194.14594 6.72806 6.28509 654.89943
7190.85232 193.33425 6.69893 6.25881 652.90182
7190.23541 192.23576 6.66808 6.22325 652.82536
7190.27217 192.30021 6.67043 6.22533 652.85131
7189.69563 191.30661 6.63557 6.19317 652.14249
7189.30107 190.63568 6.61442 6.17145 651.68236
7189.09191 190.29280 6.60701 6.16035 650.64564
7188.52523 189.29988 6.57369 6.12821 648.85528
7188.47165 189.20506 6.56980 6.12514 648.87902
7188.05605 188.63777 6.55315 6.10677 646.01217
7187.43695 187.72252 6.52346 6.07714 642.73966
7187.20505 187.35560 6.50875 6.06526 642.00979
7186.61616 186.37373 6.47744 6.03348 640.89653
7186.34847 185.95438 6.46483 6.01990 639.95594
7185.93262 185.26959 6.44064 5.99773 639.05307
7185.34275 184.22411 6.40594 5.96389 639.22191
7185.27343 184.10721 6.40269 5.96010 639.13593
7184.81178 183.31192 6.37336 5.93436 638.75178
7184.34776 182.55196 6.34637 5.90975 637.63432
7184.27128 182.44323 6.34257 5.90623 637.32827
7183.63848 181.44392 6.31112 5.87388 636.41629
7183.36347 181.02736 6.29807 5.86040 635.58261
7182.91319 180.28959 6.27077 5.83651 635.05222
7182.31778 179.26631 6.23587 5.80339 634.54919
7182.33968 179.30943 6.23746 5.80478 634.45383
7181.72692 178.31187 6.20212 5.77249 633.32427
7181.33270 177.63772 6.17834 5.75067 633.18341
7181.21161 177.46945 6.17245 5.74522 632.41938
7180.55720 176.45878 6.13756 5.71250 630.24701
7180.45798 176.31450 6.13277 5.70783 629.76603
7179.87467 175.45532 6.10250 5.68002 627.06848
7179.33737 174.59859 6.07320 5.65228 625.88266
7179.15153 174.28645 6.06283 5.64218 625.76238
7178.56484 173.31062 6.02797 5.61058 625.38343
7178.41392 173.06868 6.01934 5.60275 625.18740
7178.01129 172.47453 6.00046 5.58352 622.50966
7177.41416 171.56431 5.97178 5.55405 619.23125
7177.30681 171.40360 5.96578 5.54885 618.88044
7176.69229 170.43974 5.93186 5.51765 617.43816
7176.42263 170.05497 5.91926 5.50519 616.07801
7175.94294 169.30327 5.89259 5.48085 615.01523
7175.31739 168.25361 5.85595 5.44687 614.58641
7175.39400 168.37784 5.86023 5.45090 614.72235
7174.72383 167.34302 5.82442 5.41740 614.35344
7174.30666 166.64385 5.79948 5.39476 616.11313
7174.12874 166.35469 5.78918 5.38540 616.54799
7173.51670 165.39650 5.75660 5.35438 615.11083
7173.41035 165.24620 5.75138 5.34952 614.53556
7172.86008 164.39741 5.72124 5.32204 613.44507
7172.40548 163.69937 5.69971 5.29944 610.75372
7172.18345 163.36379 5.68940 5.28858 609.42925
7171.55625 162.37230 5.65420 5.25648 608.72481
7171.51591 162.31698 5.65225 5.25469 608.49545
7170.97866 161.57127 5.62663 5.23055 605.67890
7170.52435 160.93169 5.60459 5.20984 603.52384
7170.22678 160.52241 5.59021 5.19659 601.92486
7169.52296 159.50032 5.55445 5.16350 599.28683
7169.40682 159.33630 5.54881 5.15819 598.75948
7168.76019 158.34042 5.51401 5.12595 597.57337
7168.37810 157.72676 5.49259 5.10609 597.44441
7168.09279 157.29979 5.47817 5.09227 596.70781
7167.47388 156.28464 5.44268 5.05940 597.07466
7167.45026 156.26140 5.44187 5.05865 596.75791
7166.93813 155.50236 5.41474 5.03408 595.26567
7166.52540 154.93964 5.39622 5.01586 592.77722
7166.15137 154.40309 5.38040 4.99849 591.26206
7165.48416 153.38167 5.34460 4.96542 592.54984
7165.46034 153.35469 5.34369 4.96455 592.31716
7164.83958 152.44242 5.31248 4.93502 590.25216
7164.48771 151.92930 5.29429 4.91841 589.24946
7164.20079 151.52966 5.28019 4.90547 588.13645
7163.51637 150.57289 5.24719 4.87450 585.39071
7163.40309 150.41069 5.24164 4.86925 585.05082
7162.71204 149.38341 5.20538 4.83599 583.72652
7162.42448 148.94216 5.19028 4.82170 583.49001
7162.15084 148.53623 5.17619 4.80856 583.01238
7161.58361 147.78379 5.14965 4.78420 579.95078
7161.34138 147.45316 5.13802 4.77350 578.96305
7160.65750 146.45529 5.10401 4.74120 577.12354
7160.50841 146.25633 5.09825 4.73476 575.70849
7159.99893 145.52988 5.07489 4.71124 572.84846
7159.56827 144.95998 5.05485 4.69279 570.89950
7159.15965 144.39270 5.03527 4.67442 569.39476
7158.47076 143.34674 4.99821 4.64056 569.20618
7158.50345 143.39774 4.99998 4.64222 569.17276
7157.86545 142.49792 4.96886 4.61309 567.21107
7157.55333 142.07414 4.95416 4.59937 565.80305
7157.18673 141.57562 4.93677 4.58323 565.08303
7156.59674 140.79767 4.90979 4.55804 565.08596
7156.20476 140.25249 4.89092 4.54039 564.59403
7155.60910 139.27381 4.85624 4.50871 566.09719
7155.55660 139.22591 4.85456 4.50716 565.34394
7155.04111 138.52139 4.83011 4.48435 563.70235
7154.55788 137.86380 4.80696 4.46306 562.32784
7154.27352 137.48191 4.79349 4.45070 561.16891
7153.54663 136.45964 4.76185 4.41761 556.95523
7153.68978 136.64790 4.76803 4.42370 557.77727
7152.95461 135.74081 4.73644 4.39434 553.18587
7152.62328 135.35591 4.72301 4.38188 550.55219
7152.00262 134.51219 4.69370 4.35456 548.68363
7151.58351 133.94528 4.67380 4.33621 547.40147
7151.29638 133.57461 4.66105 4.32421 546.11068
7150.60063 132.65570 4.62902 4.29446 543.50853
7150.47718 132.49843 4.62342 4.28937 542.91223
7149.75800 131.50909 4.58859 4.25734 541.44516
7149.53929 131.23047 4.57897 4.24832 540.38170
7149.01403 130.49076 4.55334 4.22438 539.42484
7148.61675 129.97184 4.53531 4.20758 539.00403
7148.28328 129.54502 4.52035 4.19376 539.34428
7147.57937 128.60174 4.48871 4.16322 538.02968
7147.63119 128.67219 4.49087 4.16550 538.37249
7146.82148 127.67241 4.45862 4.13314 531.72863
7146.59584 127.39424 4.44870 4.12413 530.77880
7145.96662 126.55289 4.41948 4.09690 529.23605
7145.65985 126.16955 4.40612 4.08449 527.80587
7145.23525 125.63357 4.38744 4.06714 526.01385
7144.74117 125.01898 4.36589 4.04724 523.77194
7144.54986 124.81465 4.35860 4.04062 521.98266
7143.77789 123.92916 4.32769 4.01196 516.48438
7143.47390 123.54954 4.31455 3.99967 515.14114
7142.70481 122.54501 4.27939 3.96715 513.00356
7142.51014 122.29117 4.27057 3.95893 512.48403
7141.92552 121.46231 4.24167 3.93210 512.76008
7141.68355 121.16355 4.23118 3.92243 511.69304
7141.26006 120.64626 4.21313 3.90568 509.69830
7140.68842 119.94123 4.18817 3.88286 507.45341
7140.43586 119.62970 4.17776 3.87277 506.00277
7139.68584 118.70168 4.14880 3.84273 500.05708
7139.59641 118.59260 4.14502 3.83920 499.76039
7138.81903 117.61149 4.11063 3.80744 501.12229
7138.73321 117.51867 4.10739 3.80443 500.63253
7138.00852 116.64169 4.07671 3.77604 497.07504
7137.70893 116.26888 4.06368 3.76397 496.00461
7137.23781 115.70357 4.04360 3.74567 493.81400
7136.78031 115.17520 4.02513 3.72857 491.09281
7136.27698 114.58182 4.00470 3.70936 488.45351
7135.62398 113.73020 3.97564 3.68179 487.47789
7135.68723 113.80401 3.97819 3.68418 487.80519
7134.87138 112.91230 3.94651 3.65531 481.62860
7134.59450 112.58960 3.93555 3.64486 480.11328
7133.79803 111.59252 3.90111 3.61258 478.16112
7133.83896 111.64385 3.90321 3.61425 478.23020
7133.08007 110.79749 3.87239 3.58685 471.24870
7132.76731 110.45372 3.86223 3.57572 467.83466
7132.09931 109.65231 3.83061 3.54977 465.01008
7131.75035 109.23875 3.81242 3.53639 463.36957
7131.27743 108.68077 3.79043 3.51832 460.77668
7130.81603 108.14034 3.77033 3.50083 460.14417
7130.52265 107.82349 3.75734 3.49057 459.65270
7129.86307 107.10784 3.72596 3.46740 456.09133
7129.55324 106.75448 3.71106 3.45596 454.05695
7128.83277 105.95015 3.67762 3.42992 449.51851
7128.45934 105.51165 3.65923 3.41573 447.84014
7127.67034 104.48325 3.61742 3.38244 447.37841
7127.92340 104.78190 3.62965 3.39210 448.47271
7127.04782 103.85481 3.58984 3.36209 441.54085
7126.95805 103.76146 3.58580 3.35907 440.77698
7126.11728 102.88550 3.54682 3.33071 433.57028
7125.82683 102.58270 3.53319 3.32091 431.39871
7125.07353 101.71692 3.49685 3.29288 426.35613
7124.86153 101.48725 3.48743 3.28545 423.89957
7124.21594 100.77259 3.45673 3.26231 418.65841
7123.87724 100.40650 3.43992 3.25046 416.38471
7123.29679 99.76943 3.41146 3.22984 412.52294
7122.87762 99.30953 3.39054 3.21495 409.78981
7122.40214 98.79346 3.36686 3.19824 406.14868
7121.93978 98.29546 3.34433 3.18212 402.86873
7121.52334 97.86990 3.32539 3.16834 401.07362
7120.91115 97.23149 3.29684 3.14768 398.59973
7120.41556 96.68292 3.27205 3.12992 395.09861
7119.76555 95.92684 3.23838 3.10544 391.96416
7119.65149 95.78599 3.23222 3.10088 391.71844
7118.96025 95.06344 3.19959 3.07749 385.96840
7118.76603 94.86794 3.19062 3.07116 384.03528
7117.99662 94.07326 3.15450 3.04543 377.40092
7117.96535 94.04641 3.15322 3.04456 376.98666
7117.11397 93.26333 3.11830 3.01921 365.70522
7116.70236 92.83875 3.10158 3.00547 360.30623
7115.96767 92.07875 3.07018 2.98087 353.32001
7115.72782 91.83223 3.05935 2.97288 351.38203
7114.94867 91.01815 3.02618 2.94653 344.51017
7114.88403 90.94700 3.02343 2.94423 344.05748
7114.07134 90.16849 2.99117 2.91902 335.01394
7113.82098 89.91203 2.98134 2.91072 332.44627
7113.06672 89.17338 2.95368 2.88681 325.86097
7112.77086 88.88712 2.94239 2.87754 324.23833
7111.97319 88.07740 2.91361 2.85133 317.20592
7111.65261 87.73492 2.90105 2.84024 314.21821
7110.85484 86.86338 2.86960 2.81203 308.15018
7110.86427 86.85993 2.86941 2.81192 308.56319
7110.07656 86.07953 2.84257 2.78665 300.10208
7110.00870 86.02946 2.84124 2.78503 298.93263
7109.10350 85.18913 2.82148 2.75783 287.58734
7108.89053 84.96331 2.81445 2.75052 285.72668
7108.10104 84.23644 2.78466 2.72699 276.08613
7107.66483 83.78430 2.76944 2.71235 270.68126
7106.92393 83.00920 2.75485 2.68726 263.05149
7106.67191 82.73501 2.75081 2.67838 260.96149
7105.89129 81.89876 2.71670 2.65131 254.09572
7105.35702 81.26666 2.66086 2.63085 250.56112
7104.60852 80.19424 2.57454 2.59613 247.48000
7104.38267 79.87599 2.52090 2.58583 246.61024
7103.66200 78.73711 2.41534 2.54896 247.46327
7103.04856 77.47787 2.38852 2.50819 251.48388
7103.05633 77.49449 2.38895 2.50873 251.45038
7102.53461 76.41836 2.36109 2.47389 252.69562
7102.06701 75.36863 2.33319 2.43991 254.11191
7101.95934 75.14675 2.32780 2.43273 253.89817
7101.51162 74.06545 2.29568 2.39772 257.24034
7101.18349 73.10318 2.26638 2.36657 262.66837
7100.99518 72.71247 2.25459 2.35392 263.19679
7100.66300 71.91425 2.23027 2.32808 266.19277
7100.31121 70.77880 2.19515 2.29132 274.73409
7100.03584 69.90548 2.16841 2.26305 281.81933
7099.95418 69.70118 2.16228 2.25644 282.88215
7099.76448 69.30355 2.15045 2.24356 284.03904
7099.36778 68.37523 2.12250 2.21351 288.68430
7099.11159 67.88192 2.10780 2.19754 289.74185
7099.04373 67.75097 2.10398 2.19330 290.03577
7098.53137 66.86997 2.07789 2.16478 290.81015
7098.47126 66.79278 2.07568 2.16228 290.40698
7098.02293 66.17269 2.05934 2.14221 287.24439
7097.53855 65.48759 2.04084 2.12003 284.58410
7097.56321 65.53278 2.04218 2.12149 284.48109
7096.79147 64.64592 2.01586 2.09278 279.02094
7096.77557 64.63322 2.01550 2.09237 278.81711
7095.85940 63.63050 1.98582 2.05991 271.95354
7095.88195 63.65544 1.98656 2.06072 272.09793
7094.95684 62.65988 1.95653 2.02849 268.26094
7095.00869 62.71666 1.95824 2.03033 268.43259
7094.05784 61.76205 1.92938 1.99942 261.69166
7094.03373 61.73241 1.92848 1.99846 261.60249
7093.09350 60.80911 1.90025 1.96857 255.26064
7093.25275 60.95603 1.90474 1.97333 256.44375
7092.26657 60.09468 1.87857 1.94545 248.81787
7092.27410 60.10206 1.87879 1.94568 248.86153
7091.32790 59.32791 1.85519 1.92062 241.48325
7091.01266 59.04102 1.84641 1.91134 239.52240
7090.39255 58.53202 1.83051 1.89486 235.28723
7089.75080 58.01395 1.81505 1.87809 230.64791
7089.14287 57.45338 1.80018 1.85994 226.58996
7088.55378 56.90640 1.78387 1.84223 223.44739
7088.20121 56.58945 1.77374 1.83197 221.75256
7087.50506 55.96274 1.75416 1.81168 218.16314
7087.61744 56.04090 1.75655 1.81421 218.97537
7086.69124 55.40381 1.73680 1.79359 213.55858
7086.49945 55.26379 1.73246 1.78905 212.72995
7085.57460 54.59647 1.71184 1.76745 207.17004
7084.99746 54.15311 1.69809 1.75310 204.07371
7084.55494 53.80260 1.68722 1.74175 201.83661
7083.79838 53.25967 1.67057 1.72418 197.60887
7083.44955 53.00027 1.66251 1.71578 195.79879
7082.39979 52.16324 1.63638 1.68868 190.97035
7081.99288 51.79863 1.62490 1.67688 189.44291
7081.07607 50.91255 1.59671 1.64819 186.49886
7080.96343 50.80839 1.59341 1.64482 186.10914
7080.08814 49.96679 1.56642 1.61757 183.29350
7079.96923 49.85800 1.56290 1.61405 182.86972
7079.14397 49.09159 1.53771 1.58924 180.14258
7078.97991 48.93975 1.53287 1.58433 179.55653
7078.26601 48.31980 1.51498 1.56426 176.25272
7077.79704 47.91404 1.50285 1.55112 174.51449
7077.29809 47.45463 1.48734 1.53625 173.55240
7076.87184 47.12171 1.47629 1.52547 171.93983
7076.69328 46.97818 1.47159 1.52082 171.19910
7075.78895 46.38009 1.45191 1.50146 166.85135
7076.47604 46.75242 1.46416 1.51352 170.59540
7075.26660 46.21823 1.44689 1.49622 163.44674
7074.01248 45.49545 1.42344 1.47282 157.48675
7073.64856 45.26056 1.41593 1.46522 155.95508
7072.63108 44.54457 1.39282 1.44204 152.06319
7071.96617 44.04677 1.37662 1.42593 149.74936
7071.20382 43.38941 1.35524 1.40465 147.48901
7070.66145 42.88715 1.33863 1.38839 146.00680
7070.22442 42.51179 1.32619 1.37623 144.69852
7069.48723 41.84789 1.30429 1.35474 142.62941
7069.26561 41.63283 1.29716 1.34778 142.02258
7068.46947 40.96997 1.27468 1.32632 139.86164
7068.31274 40.82598 1.26972 1.32166 139.57517
7067.34979 40.02560 1.24443 1.29575 136.69444
7068.04665 40.50507 1.25900 1.31127 139.30820
7067.09560 39.97174 1.24294 1.29401 135.35694
7066.30807 39.53329 1.22991 1.27981 132.21547
7066.30062 39.53325 1.22991 1.27981 132.17587
7065.11169 38.93474 1.20974 1.26043 127.76815
7064.09486 38.29672 1.18822 1.23978 124.49803
7063.73314 38.03291 1.17949 1.23124 123.44235
7062.81567 37.43088 1.15937 1.21175 120.69731
7062.93641 37.50537 1.16185 1.21416 121.06256
7062.08923 37.03839 1.14628 1.19904 118.40737
7061.11043 36.48274 1.12786 1.18106 115.50924
7061.06105 36.45514 1.12695 1.18016 115.36401
7059.97507 35.83629 1.10631 1.16013 112.41920
7059.16945 35.32687 1.08941 1.14364 110.48357
7058.85246 35.11352 1.08237 1.13673 109.64316
7057.91553 34.53104 1.06304 1.11787 107.19076
7057.85921 34.49903 1.06198 1.11684 107.04548
7057.10658 34.08843 1.04842 1.10354 105.07658
7056.08174 33.51414 1.02945 1.08495 102.50532
7055.98605 33.45927 1.02764 1.08318 102.27041
7054.98408 32.88469 1.00860 1.06458 99.84795
7054.21675 32.41370 0.99311 1.04933 98.05799
7054.29437 32.45840 0.99457 1.05078 98.23856
7053.19812 31.91889 0.97680 1.03331 95.72581
7052.23906 31.36363 0.95812 1.01533 93.58658
7051.73469 31.02254 0.94764 1.00429 92.49943
7050.75407 30.36805 0.92864 0.98310 90.57468
7050.56142 30.24044 0.92451 0.97897 90.15289
7049.75609 29.68784 0.90574 0.96108 88.39520
7049.22688 29.34984 0.89433 0.95014 87.27639
7049.56637 29.50290 0.89943 0.95510 87.95766
7048.79279 29.22273 0.89014 0.94603 86.46115
7047.76007 28.84192 0.87765 0.93370 84.58968
7047.64146 28.78848 0.87588 0.93197 84.37155
7046.86511 28.50938 0.86683 0.92293 83.05611
7045.71629 28.10937 0.85405 0.90998 81.21385
7044.61797 27.62921 0.83867 0.89444 79.44536
7043.92802 27.25552 0.82657 0.88234 78.26632
7042.80980 26.56434 0.80415 0.85997 76.21518
7042.31523 26.21366 0.79253 0.84861 75.27069
7041.62576 25.75282 0.77730 0.83370 74.02344
7040.71864 25.07714 0.75502 0.81182 72.17709
7041.11077 25.30159 0.76238 0.81909 72.85096
7040.64264 25.05463 0.75429 0.81109 72.08184
7040.03474 24.88409 0.74885 0.80557 71.36528
7040.09969 24.90134 0.74940 0.80613 71.43927
7039.00468 24.59692 0.73977 0.79628 70.22668
7037.60759 24.09355 0.72408 0.77998 68.56812
7036.52147 23.57907 0.70753 0.76333 67.06954
7036.06683 23.34607 0.69990 0.75578 66.39809
7034.96947 22.71493 0.67951 0.73535 64.63622
7034.25116 22.26634 0.66672 0.72083 63.52839
7034.03500 22.10244 0.66214 0.71552 63.13440
7033.31456 21.72821 0.65075 0.70341 62.17075
7033.40042 21.77000 0.65210 0.70476 62.28597
7032.99438 21.63834 0.64793 0.70050 61.90670
7031.81371 21.26288 0.63587 0.68834 60.82761
7030.57958 20.76069 0.61969 0.67209 59.47087
7030.17462 20.57432 0.61367 0.66605 58.97530
7029.32872 20.16693 0.60053 0.65286 57.87139
7028.31693 19.67078 0.58447 0.63680 56.53940
7028.15894 19.59337 0.58196 0.63430 56.33161
7027.59002 19.32759 0.57335 0.62569 55.62058
7026.86932 19.05046 0.56450 0.61672 54.90162
7026.17156 18.83914 0.55793 0.60988 54.38284
7026.17790 18.84043 0.55797 0.60992 54.38555
7025.10082 18.54350 0.54912 0.60031 53.70777
7023.81529 18.13597 0.53654 0.58712 52.71212
7022.67748 17.67254 0.52213 0.57211 51.53502
7022.34245 17.52240 0.51746 0.56725 51.13789
7021.33016 17.03210 0.50205 0.55138 49.81877
7020.33294 16.54799 0.48675 0.53571 48.50973
7020.53986 16.64227 0.48975 0.53876 48.75787
7019.53667 16.21230 0.47612 0.52484 47.63066
7018.48841 15.76041 0.46188 0.51021 46.42638
7018.20855 15.62537 0.45759 0.50584 46.05366
7017.72968 15.42125 0.45112 0.49923 45.50992
7016.91051 15.13333 0.44205 0.48991 44.78860
7015.96135 14.82811 0.43256 0.48003 44.02038
7016.00168 14.83598 0.43278 0.48029 44.03568
7015.20472 14.60434 0.42576 0.47279 43.47453
7014.23141 14.35936 0.41863 0.46486 42.94353
7013.14382 14.05947 0.40957 0.45515 42.21385
7012.39108 13.83848 0.40285 0.44799 41.65543
7012.14180 13.76787 0.40069 0.44571 41.47318
7011.08336 13.46713 0.39223 0.43597 40.74552
7009.91790 13.10496 0.38335 0.42425 39.94276
7008.91635 12.74358 0.37408 0.41255 39.03989
7009.63653 12.93136 0.37851 0.41863 39.44469
7008.84197 12.79716 0.37586 0.41428 39.24982
7008.04375 12.71854 0.37497 0.41174 39.24618
7007.06962 12.63732 0.37443 0.40911 39.28531
7006.08434 12.54782 0.37361 0.40621 39.26962
7004.82450 12.44174 0.37355 0.40278 39.32656
7003.27758 12.13912 0.36803 0.39298 38.63683
7002.24761 11.81758 0.36056 0.38257 37.62613
7002.78967 11.93967 0.36281 0.38652 37.93246
7001.64959 11.78559 0.36156 0.38153 37.78221
7000.23299 11.48136 0.35645 0.37169 37.16529
6998.98457 11.09890 0.34835 0.35930 36.16952
6997.98772 10.77384 0.34093 0.34878 35.23769
6997.08906 10.38489 0.33115 0.33619 34.06132
6996.02559 9.79053 0.31535 0.31695 32.09383
6995.25175 9.33921 0.30338 0.30234 30.65433
0.00000 0.00000 0.00000 0.00000 0.00000
