7211.63436 241.62142 8.17931 7.82201 712.74198
7211.32083 241.11259 8.16350 7.80554 711.76869
7210.99223 240.55235 8.14551 7.78740 710.97057
7210.41466 239.59240 8.11483 7.75632 709.52754
7210.28133 239.38567 8.10833 7.74963 709.29822
7209.71821 238.39069 8.07827 7.71742 710.58400
7209.20690 237.43233 8.04816 7.68640 711.25682
7209.19753 237.42501 8.04788 7.68616 711.11353
7208.62461 236.39532 8.01592 7.65283 710.51409
7208.24483 235.70295 7.99423 7.63041 710.46772
7208.15354 235.55019 7.98939 7.62547 710.23590
7207.57628 234.59682 7.95867 7.59460 708.84477
7207.32517 234.21111 7.94732 7.58212 707.32962
7206.83879 233.36734 7.92295 7.55480 705.31057
7206.28746 232.32818 7.88998 7.52116 705.83867
7206.39639 232.51511 7.89583 7.52721 706.05866
7205.83571 231.65075 7.86858 7.49923 703.63936
7205.37168 230.91492 7.84493 7.47541 701.95730
7205.15162 230.56219 7.83339 7.46399 701.22399
7204.54604 229.56813 7.80222 7.43181 699.54192
7204.31433 229.20231 7.79045 7.41997 698.68747
7203.79210 228.29805 7.76139 7.39069 697.91539
7203.25895 227.23920 7.72933 7.35641 699.13305
7203.29524 227.32519 7.73178 7.35920 698.84878
7202.76242 226.40919 7.70286 7.32954 698.11455
7202.25315 225.49803 7.67499 7.30005 696.80246
7202.27439 225.54196 7.67619 7.30147 696.77812
7201.63309 224.49161 7.64528 7.26747 695.11741
7201.29125 223.89882 7.62687 7.24828 696.16604
7201.05557 223.50767 7.61430 7.23561 696.10577
7200.46173 222.52761 7.58351 7.20389 694.60571
7200.26764 222.21755 7.57368 7.19385 693.88131
7199.81086 221.39936 7.54739 7.16736 693.73727
7199.29716 220.52428 7.51979 7.13903 692.90806
7199.23660 220.42823 7.51681 7.13592 692.69783
7198.56342 219.26022 7.48003 7.09811 691.91061
7198.13925 218.37941 7.45234 7.06960 693.62057
7198.27259 218.62336 7.46001 7.07749 693.56747
7197.63752 217.66004 7.42980 7.04631 690.71560
7197.39076 217.29376 7.41783 7.03445 689.58754
7196.96303 216.60838 7.39569 7.01226 688.09835
7196.42903 215.80784 7.37222 6.98635 684.13864
7196.10793 215.28277 7.35639 6.96935 683.33614
7195.54746 214.22935 7.32202 6.93525 684.00034
7195.26365 213.68914 7.30544 6.91776 684.46017
7195.18076 213.58330 7.30205 6.91433 683.79415
7194.52227 212.54786 7.26956 6.88081 681.48224
7194.31119 212.20650 7.25817 6.86976 680.89089
7193.89902 211.51006 7.23531 6.84722 680.25629
7193.38757 210.72115 7.21093 6.82168 678.22643
7193.08176 210.20187 7.19368 6.80487 677.59549
7192.55308 209.17872 7.16219 6.77174 679.34057
7192.24541 208.59671 7.14463 6.75290 681.18038
7192.14458 208.45614 7.14052 6.74835 680.96061
7191.52816 207.42226 7.10959 6.71488 679.26391
7191.36446 207.15130 7.10095 6.70611 678.65476
7190.99335 206.57245 7.08259 6.68737 677.35873
7190.40552 205.67558 7.05393 6.65834 675.01860
7190.18668 205.31548 7.04213 6.64668 674.57343
7189.63281 204.33374 7.01112 6.61490 674.50363
7189.30934 203.78839 6.99477 6.59724 674.03892
7189.02710 203.32399 6.97902 6.58221 673.46741
7188.45473 202.29985 6.94641 6.54905 673.64958
7188.45815 202.28891 6.94618 6.54870 673.92485
7188.02084 201.68773 6.92738 6.52924 671.14741
7187.40296 200.77126 6.89655 6.49957 668.31585
7187.13007 200.30682 6.88155 6.48453 668.01833
7186.58655 199.35922 6.85226 6.45386 668.03212
7186.33569 198.95843 6.83918 6.44088 667.14615
7185.95810 198.33595 6.82030 6.42073 665.07155
7185.37836 197.32047 6.79082 6.38786 664.90747
7185.39740 197.35746 6.79195 6.38905 664.83826
7184.83190 196.48686 6.76282 6.36087 662.70047
7184.36196 195.72633 6.73796 6.33625 661.49055
7184.21286 195.50244 6.73100 6.32900 661.07719
7183.58712 194.51831 6.69984 6.29714 661.60324
7183.31740 194.11651 6.68605 6.28413 661.20536
7182.80137 193.21856 6.66050 6.25506 661.12571
7182.24620 192.19109 6.62764 6.22180 662.06960
7182.31169 192.31473 6.63167 6.22580 661.88060
7181.69699 191.28723 6.59811 6.19254 661.26600
7181.26854 190.51031 6.57590 6.16739 661.91179
7181.28120 190.55232 6.57694 6.16875 661.60419
7180.61727 189.54845 6.54459 6.13625 657.21873
7180.44224 189.29163 6.53752 6.12794 656.46052
7179.99722 188.62481 6.51739 6.10635 654.87333
7179.49739 187.93108 6.49275 6.08389 651.94731
7179.08321 187.29099 6.47174 6.06317 650.69149
7178.49579 186.24931 6.44053 6.02945 651.27184
7178.39702 186.07674 6.43509 6.02386 651.32016
7177.99910 185.49814 6.41362 6.00513 649.51325
7177.36512 184.49785 6.38630 5.97275 648.07271
7177.24232 184.29826 6.37935 5.96629 647.88437
7176.73653 183.43212 6.34913 5.93825 647.92668
7176.45274 183.05448 6.33785 5.92602 646.04334
7175.94674 182.24880 6.31254 5.89994 645.32307
7175.36329 181.19297 6.27978 5.86576 644.14072
7175.37707 181.21842 6.28058 5.86658 644.13149
7174.86559 180.42958 6.25861 5.84105 643.37038
7174.37558 179.64845 6.23366 5.81576 644.65068
7174.29623 179.53519 6.22890 5.81209 644.54783
7173.62480 178.53993 6.19846 5.77987 642.46655
7173.36075 178.15185 6.18591 5.76731 641.28162
7172.87586 177.35827 6.15763 5.74162 640.92630
7172.35728 176.52964 6.13071 5.71479 640.20001
7172.24549 176.35727 6.12555 5.70921 639.91952
7171.60089 175.30857 6.09043 5.67526 639.40863
7171.34788 174.87371 6.07417 5.66119 639.61918
7171.14038 174.56232 6.06559 5.65111 639.02439
7170.50839 173.67081 6.03733 5.62225 635.95313
7170.38834 173.49933 6.03021 5.61669 635.45111
7169.73256 172.51855 5.99821 5.58494 632.85917
7169.42277 172.07895 5.98563 5.57071 630.32276
7168.96091 171.35471 5.96107 5.54727 629.42291
7168.33703 170.34692 5.92584 5.51464 629.00453
7168.39931 170.44582 5.92854 5.51784 629.07292
7167.72891 169.42523 5.89548 5.48480 627.53355
7167.41572 168.93699 5.87709 5.46900 627.05219
7167.14396 168.53908 5.86410 5.45612 626.05245
7166.48534 167.59698 5.83153 5.42562 623.51208
7166.24880 167.23204 5.81837 5.41380 623.93998
7165.71665 166.32295 5.78589 5.38437 626.95779
7165.44400 165.93355 5.77320 5.37177 626.28543
7165.05166 165.34216 5.75315 5.35262 625.05883
7164.41033 164.29672 5.71579 5.31878 625.15848
7164.47382 164.39128 5.71884 5.32184 625.42519
7163.89190 163.56019 5.69380 5.29493 621.27764
7163.48340 162.99379 5.67410 5.27660 619.19623
7163.11970 162.45238 5.65514 5.25907 618.50787
7162.44792 161.45297 5.62003 5.22672 616.86679
7162.49227 161.51841 5.62234 5.22884 616.97910
7161.80107 160.53417 5.58837 5.19697 614.51177
7161.49725 160.10428 5.57312 5.18306 613.39131
7161.08886 159.52466 5.55285 5.16429 611.93937
7160.48491 158.66157 5.52330 5.13635 609.92557
7160.31635 158.41772 5.51469 5.12846 609.43611
7159.67354 157.44399 5.48073 5.09693 608.51189
7159.41738 157.08745 5.46860 5.08539 607.51896
7158.92367 156.31352 5.44150 5.06034 607.34314
7158.36753 155.43040 5.40972 5.03175 607.79842
7158.40236 155.49035 5.41180 5.03369 607.71197
7157.70178 154.47960 5.38049 5.00097 603.72277
7157.49928 154.18667 5.37094 4.99149 602.68722
7157.05620 153.56699 5.34882 4.97142 602.38266
7156.54623 152.87584 5.32564 4.94905 602.34382
7156.23154 152.43581 5.30999 4.93480 601.73535
7155.55143 151.41883 5.27417 4.90188 600.53498
7155.46633 151.30303 5.27013 4.89813 600.19867
7154.87914 150.44637 5.24077 4.87040 599.16654
7154.49323 149.88599 5.22080 4.85226 598.35596
7154.07732 149.30083 5.20029 4.83332 597.17325
7153.43625 148.23891 5.16355 4.79894 598.86758
7153.66877 148.57529 5.17547 4.80983 599.32018
7153.00745 147.75679 5.14654 4.78333 595.03025
7152.60766 147.26716 5.12961 4.76748 592.47403
7152.06786 146.52969 5.10448 4.74361 590.33734
7151.52736 145.77745 5.08153 4.71925 586.71809
7151.29727 145.46401 5.07094 4.70911 585.76177
7150.59252 144.44469 5.03525 4.67611 584.87547
7150.57185 144.41588 5.03424 4.67518 584.81751
7149.97152 143.61797 5.00580 4.64934 582.44001
7149.59853 143.14012 4.98936 4.63388 580.59793
7149.16369 142.55614 4.96900 4.61497 578.63479
7148.55153 141.72626 4.94033 4.58810 577.89191
7148.35583 141.45829 4.93109 4.57943 578.21872
7147.62199 140.40909 4.89451 4.54546 579.04684
7147.44427 140.13503 4.88481 4.53659 579.17620
7147.02075 139.52213 4.86312 4.51675 578.56456
7146.61080 138.99871 4.84518 4.49981 576.72894
7146.30998 138.59948 4.83133 4.48688 575.63445
7145.60791 137.68546 4.79888 4.45729 573.09469
7145.45672 137.48371 4.79207 4.45076 572.47420
7144.74443 136.49097 4.76142 4.41862 568.56692
7144.69201 136.41611 4.75887 4.41620 568.47421
7144.13373 135.74974 4.73526 4.39463 565.16861
7143.64339 135.15305 4.71463 4.37531 562.25407
7143.24483 134.62228 4.69601 4.35813 561.07082
7142.65700 133.88754 4.67036 4.33434 558.23480
7142.31808 133.44407 4.65502 4.31998 557.06856
7141.59686 132.41016 4.61864 4.28651 556.81662
7141.51327 132.29581 4.61463 4.28281 556.66755
7140.93324 131.48756 4.58648 4.25665 556.02127
7140.58220 131.02228 4.57034 4.24158 555.16964
7140.28645 130.63010 4.55682 4.22889 554.27670
7139.68160 129.88323 4.53110 4.20471 551.04039
7139.40967 129.54051 4.51897 4.19361 550.91396
7138.65480 128.52797 4.48463 4.16084 551.31580
7138.60974 128.47616 4.48305 4.15916 550.85404
7137.90977 127.56099 4.45319 4.12953 547.26489
7137.62245 127.18824 4.43997 4.11747 546.55280
7137.16372 126.60085 4.41966 4.09845 545.07172
7136.67630 125.98164 4.39836 4.07840 543.33721
7136.44294 125.70569 4.38859 4.06947 542.00382
7135.72578 124.83847 4.35787 4.04140 538.44350
7135.67259 124.77807 4.35579 4.03944 538.08081
7134.80441 123.77518 4.32086 4.00697 532.62547
7134.60511 123.53235 4.31238 3.99911 531.69199
7133.83561 122.52873 4.27729 3.96662 529.98440
7133.57590 122.18189 4.26518 3.95539 529.65121
7133.15692 121.62445 4.24523 3.93735 528.96614
7132.74276 121.14609 4.22851 3.92186 526.50622
7132.35489 120.67318 4.21240 3.90655 524.88470
7131.71881 119.90639 4.18514 3.88173 522.14334
7131.42975 119.55354 4.17350 3.87031 520.12623
7130.64454 118.52803 4.14121 3.83711 518.55542
7130.75766 118.66922 4.14590 3.84168 518.46769
7129.95037 117.72076 4.11277 3.81097 516.96781
7129.70714 117.43584 4.10267 3.80175 515.33271
7129.08531 116.67137 4.07587 3.77700 512.96821
7128.72164 116.25186 4.06211 3.76342 511.08556
7128.21917 115.62932 4.04060 3.74327 509.43538
7127.79336 115.11040 4.02114 3.72647 507.85822
7127.48020 114.78325 4.00954 3.71588 505.21215
7126.73685 113.91749 3.97967 3.68785 501.41818
7126.57515 113.70846 3.97139 3.68108 501.16155
7125.79605 112.81642 3.93597 3.65221 496.86472
7125.59859 112.58215 3.92777 3.64462 495.99611
7124.80549 111.58682 3.88858 3.61240 494.47095
7124.78076 111.56118 3.88737 3.61157 494.27041
7124.06065 110.72930 3.85536 3.58464 488.51133
7123.83672 110.47527 3.84635 3.57642 486.33146
7123.22460 109.79502 3.81909 3.55439 482.31054
7122.77672 109.29987 3.79832 3.53836 479.60152
7122.25116 108.66784 3.77326 3.51790 477.27996
7121.79354 108.13668 3.75267 3.50071 475.84916
7121.45962 107.76010 3.73812 3.48852 475.68322
7120.83981 107.06592 3.71062 3.46605 474.14052
7120.56927 106.76730 3.69838 3.45638 472.35998
7119.84033 105.95027 3.66555 3.42993 467.92359
7119.57839 105.66005 3.65379 3.42053 466.39016
7118.72255 104.63459 3.61244 3.38734 463.37929
7118.81594 104.74302 3.61684 3.39085 463.79279
7117.93019 103.74608 3.57614 3.35857 458.98396
7117.98583 103.80416 3.57860 3.36045 459.42535
7117.11719 102.92215 3.54066 3.33190 451.70041
7116.83811 102.63079 3.52816 3.32247 449.64049
7116.06181 101.75358 3.49210 3.29407 444.64910
7115.90845 101.59568 3.48593 3.28896 442.70212
7115.18034 100.81271 3.45374 3.26361 435.88223
7114.89549 100.50755 3.44034 3.25373 434.08122
7114.24213 99.80244 3.40964 3.23090 429.65613
7113.92295 99.45907 3.39444 3.21979 427.16170
7113.34428 98.85150 3.36772 3.20012 423.05561
7112.90832 98.39685 3.34831 3.18540 421.87452
7112.37877 97.82059 3.32347 3.16675 420.21558
7111.92062 97.34770 3.30209 3.15144 416.11420
7111.33209 96.70761 3.27378 3.13072 411.97170
7110.78153 96.06698 3.24604 3.10998 409.64256
7110.50015 95.74774 3.23195 3.09964 408.03400
7109.94445 95.14537 3.20536 3.08014 404.18135
7109.85675 95.06288 3.20162 3.07747 403.18438
7109.12576 94.40674 3.17130 3.05623 393.82624
7108.59455 93.86706 3.14695 3.03876 389.41702
7107.97709 93.23492 3.12085 3.01829 382.58958
7107.59553 92.84307 3.10558 3.00561 377.63063
7106.95079 92.17072 3.07755 2.98384 371.64512
7106.68345 91.89332 3.06593 2.97486 369.30752
7106.01460 91.22999 3.03807 2.95339 362.62599
7105.71894 90.92601 3.02562 2.94355 359.89462
7105.04939 90.27944 2.99982 2.92262 352.77230
7104.63687 89.86129 2.98301 2.90908 348.44450
7103.97160 89.18191 2.95710 2.88709 343.13024
7103.65522 88.85324 2.94474 2.87645 341.87473
7103.02330 88.21264 2.92091 2.85571 337.27058
7102.69307 87.89464 2.90959 2.84541 332.92772
7101.93114 87.12265 2.88205 2.82042 325.07353
7101.69815 86.85110 2.87244 2.81163 323.72116
7101.10658 86.27999 2.85337 2.79314 316.72914
7100.70678 85.91142 2.84279 2.78121 311.63890
7099.99309 85.18705 2.82768 2.75776 304.09237
7099.82653 85.01275 2.82234 2.75212 302.41979
7099.08393 84.35361 2.79555 2.73078 292.67711
7098.59447 83.82486 2.78140 2.71366 286.58365
7098.04000 83.28494 2.76641 2.69618 279.68215
7097.50743 82.74874 2.75497 2.67883 274.31345
7096.86331 82.03405 2.72545 2.65569 268.75540
7096.33398 81.45190 2.68845 2.63684 263.88622
7095.54658 80.40319 2.63752 2.60289 260.07068
7095.28217 80.03039 2.56630 2.59082 259.82417
7094.61642 78.98175 2.42333 2.55688 260.52427
7094.16342 78.23633 2.41704 2.53274 259.67556
7093.72788 77.34193 2.39320 2.50379 261.44968
7093.27697 76.28048 2.36498 2.46943 265.16394
7093.00532 75.65411 2.34747 2.44915 266.58960
7092.81068 75.26471 2.33806 2.43654 265.85849
7092.36329 74.14791 2.30597 2.40039 269.57809
7091.97165 73.15753 2.27636 2.36833 273.61692
7091.89906 72.98981 2.27125 2.36290 274.13302
7091.55580 72.10657 2.24447 2.33431 278.25490
7091.20114 71.19434 2.21693 2.30477 282.92517
7090.98494 70.71838 2.20263 2.28937 284.37273
7090.76593 70.22560 2.18792 2.27341 286.21035
7090.35400 69.22391 2.15791 2.24099 291.40792
7089.96832 68.33378 2.13158 2.21217 295.74910
7090.06430 68.54407 2.13780 2.21898 294.85324
7089.65769 67.73124 2.11393 2.19266 297.13196
7089.39796 67.34328 2.10267 2.18010 296.18777
7089.26619 67.17288 2.09767 2.17459 295.34338
7088.54971 66.15838 2.07006 2.14175 291.40551
7088.57762 66.19745 2.07101 2.14301 291.62346
7087.94458 65.37282 2.04858 2.11631 287.23693
7087.82866 65.24295 2.04475 2.11211 286.25988
7087.23348 64.59606 2.02574 2.09117 281.41349
7086.87132 64.17624 2.01333 2.07758 280.00143
7086.40195 63.69520 1.99905 2.06200 277.60061
7085.91149 63.16685 1.98328 2.04490 274.17334
7085.51630 62.75687 1.97104 2.03163 271.03265
7085.02318 62.26677 1.95640 2.01576 267.25420
7084.49095 61.73951 1.94045 1.99869 263.30517
7084.08644 61.30636 1.92728 1.98467 260.90552
7083.78617 61.05562 1.91976 1.97655 258.21796
7083.27553 60.63227 1.90707 1.96285 253.78602
7082.55895 59.99613 1.88777 1.94225 248.48392
7082.21300 59.70179 1.87885 1.93273 245.86210
7081.38016 58.94405 1.85570 1.90820 240.43732
7081.40605 58.96411 1.85631 1.90885 240.63744
7080.42608 58.18547 1.83234 1.88364 233.54367
7080.10464 57.91207 1.82475 1.87479 231.20847
7079.15353 57.03537 1.80048 1.84641 225.24492
7078.99317 56.88812 1.79590 1.84164 224.42498
7078.16620 56.11974 1.77168 1.81676 220.38728
7078.29860 56.22031 1.77474 1.82002 221.26688
7077.65829 55.76716 1.76085 1.80535 217.49838
7076.95702 55.27627 1.74563 1.78946 213.67979
7076.53696 54.96155 1.73594 1.77927 211.06783
7075.53832 54.21220 1.71281 1.75501 205.34121
7075.58319 54.24539 1.71384 1.75609 205.59128
7074.56842 53.50344 1.69104 1.73207 199.85512
7074.11548 53.16000 1.68039 1.72095 197.50826
7073.32728 52.54019 1.66110 1.70088 193.72460
7072.58295 51.87335 1.64023 1.67930 190.81502
7072.08273 51.39737 1.62508 1.66389 189.07920
7071.45545 50.79645 1.60597 1.64443 186.96042
7071.09140 50.44168 1.59463 1.63295 185.76692
7070.44434 49.83482 1.57510 1.61330 183.46212
7070.13918 49.54608 1.56561 1.60396 182.44888
7069.41920 48.88528 1.54427 1.58256 179.82731
7069.25044 48.73550 1.53991 1.57771 179.05811
7068.34440 47.94974 1.51704 1.55228 175.59555
7068.29989 47.90452 1.51560 1.55081 175.52580
7067.34252 47.09945 1.48872 1.52475 172.17258
7067.64023 47.32554 1.49623 1.53207 173.51353
7066.84851 46.79404 1.47877 1.51486 169.62421
7066.43740 46.55013 1.47089 1.50697 167.55256
7066.31443 46.50326 1.46940 1.50545 166.80282
7065.06490 45.86702 1.44892 1.48485 160.31307
7064.14088 45.24903 1.42884 1.46485 156.48751
7063.67064 44.90844 1.41788 1.45382 154.69858
7062.74087 44.27158 1.39725 1.43320 151.12255
7062.13321 43.77932 1.38125 1.41727 149.12265
7061.12304 42.83796 1.35033 1.38679 146.32788
7061.17636 42.88615 1.35191 1.38835 146.48610
7060.19178 42.00437 1.32279 1.35981 143.61984
7060.11765 41.93488 1.32048 1.35756 143.46112
7059.30708 41.23667 1.29714 1.33495 141.51791
7058.97050 40.96768 1.28795 1.32625 140.41061
7058.40509 40.46892 1.27112 1.31010 138.67816
7058.16719 40.30384 1.26604 1.30476 137.80335
7058.18158 40.30970 1.26622 1.30495 137.86732
7057.16981 39.80229 1.25128 1.28852 133.65688
7056.65740 39.49180 1.24181 1.27847 131.75614
7056.03877 39.16037 1.23085 1.26774 129.51577
7054.93420 38.50030 1.20834 1.24637 125.86262
7054.57491 38.26427 1.20047 1.23873 124.74994
7053.80561 37.73296 1.18278 1.22153 122.44890
7053.31303 37.44182 1.17307 1.21210 120.92288
7053.08292 37.30909 1.16861 1.20781 120.21497
7052.04636 36.73312 1.14943 1.18916 117.05348
7051.57210 36.44546 1.13988 1.17985 115.81056
7050.99424 36.11569 1.12893 1.16917 114.41493
7049.94844 35.49135 1.10809 1.14896 111.50726
7049.75628 35.37033 1.10410 1.14504 111.00136
7048.92745 34.85397 1.08693 1.12833 108.81539
7048.21858 34.43483 1.07296 1.11476 106.96563
7048.03491 34.32908 1.06944 1.11134 106.49129
7047.04117 33.75885 1.05059 1.09288 103.98788
7046.51237 33.45770 1.04060 1.08313 102.68495
7045.98913 33.15464 1.03048 1.07332 101.41879
7044.96359 32.54687 1.01037 1.05364 98.99134
7044.97459 32.54177 1.01019 1.05347 99.01560
7044.16332 32.13350 0.99677 1.04026 97.14999
7043.05598 31.51304 0.97584 1.02017 94.67192
7042.66597 31.27063 0.96785 1.01232 93.81352
7041.75419 30.65942 0.94987 0.99254 91.99903
7041.13582 30.25327 0.93753 0.97939 90.66374
7040.70089 29.94862 0.92724 0.96953 89.70260
7039.75321 29.30814 0.90535 0.94879 87.63724
7040.51440 29.71681 0.91915 0.96202 89.20918
7039.75362 29.40275 0.90857 0.95186 87.72570
7038.77943 29.06454 0.89738 0.94091 85.99802
7037.99886 28.74993 0.88703 0.93072 84.62894
7037.84158 28.69161 0.88511 0.92883 84.36627
7036.75793 28.31009 0.87273 0.91648 82.66166
7035.58519 27.83949 0.85749 0.90125 80.83905
7034.77060 27.44105 0.84452 0.88835 79.51045
7033.73235 26.81065 0.82391 0.86794 77.64974
7032.81780 26.14317 0.80176 0.84633 75.81650
7032.65796 26.03634 0.79822 0.84287 75.50564
7031.69617 25.36174 0.77589 0.82104 73.59006
7031.79843 25.42959 0.77814 0.82323 73.78775
7031.48459 25.23056 0.77153 0.81679 73.19934
7030.92350 25.04361 0.76544 0.81074 72.50768
7030.34403 24.86840 0.75975 0.80506 71.86790
7029.90793 24.73503 0.75547 0.80075 71.39218
7028.63895 24.28354 0.74097 0.78613 69.93376
7027.37680 23.71036 0.72259 0.76758 68.26801
7026.88208 23.44968 0.71399 0.75914 67.52419
7025.95133 22.92752 0.69666 0.74223 66.03664
7024.93694 22.28855 0.67765 0.72155 64.40185
7025.06141 22.35230 0.67935 0.72361 64.55185
7024.32950 21.94512 0.66776 0.71043 63.55434
7023.70916 21.69537 0.65995 0.70234 62.90261
7023.91028 21.77201 0.66243 0.70483 63.10720
7022.83164 21.40852 0.65072 0.69306 62.12167
7021.62118 20.95042 0.63569 0.67823 60.89271
7020.80494 20.57690 0.62349 0.66614 59.91389
7020.33950 20.34644 0.61598 0.65868 59.30153
7019.33061 19.86597 0.60034 0.64312 58.02647
7018.70132 19.55267 0.59007 0.63298 57.18874
7018.60334 19.49813 0.58827 0.63121 57.03985
7017.84227 19.20234 0.57869 0.62164 56.29754
7016.98767 18.93104 0.57005 0.61285 55.66771
7016.74394 18.85275 0.56756 0.61032 55.48767
7016.08359 18.66448 0.56168 0.60423 55.05983
7014.95357 18.31844 0.55107 0.59302 54.28429
7013.69229 17.87602 0.53718 0.57870 53.25001
7012.90406 17.49885 0.52519 0.56649 52.25729
7012.27489 17.17560 0.51495 0.55603 51.37215
7011.33305 16.71497 0.50014 0.54111 50.12788
7011.10063 16.60737 0.49667 0.53763 49.84159
7010.53159 16.35408 0.48854 0.52943 49.17927
7009.48940 15.91540 0.47450 0.51523 48.05066
7008.80961 15.59499 0.46418 0.50486 47.18078
7008.73302 15.55893 0.46302 0.50369 47.08128
7007.90670 15.26060 0.45354 0.49403 46.34306
7006.94740 14.96005 0.44405 0.48430 45.63860
7006.47974 14.79324 0.43872 0.47890 45.20151
7006.17952 14.70221 0.43592 0.47595 44.99573
7005.23792 14.45791 0.42853 0.46805 44.49640
7004.17258 14.17715 0.42003 0.45896 43.88788
7003.09693 13.86687 0.41040 0.44891 43.14612
7002.99323 13.83237 0.40925 0.44780 43.04738
7002.07798 13.56554 0.40128 0.43916 42.41951
7000.99060 13.23662 0.39260 0.42851 41.69460
6999.98932 12.90442 0.38433 0.41775 40.97007
7000.04269 12.91519 0.38458 0.41810 40.98659
6999.79607 12.86693 0.38346 0.41654 40.91315
6998.98034 12.77539 0.38206 0.41358 40.92293
6998.14679 12.69532 0.38089 0.41099 40.94317
6997.19358 12.65172 0.38148 0.40957 41.18310
6995.90137 12.54965 0.38120 0.40627 41.35703
6994.38770 12.29567 0.37661 0.39805 40.94561
6993.23202 11.96706 0.36877 0.38741 39.95802
6993.12482 11.95170 0.36857 0.38691 39.94241
6992.54444 11.85992 0.36726 0.38394 39.82440
6991.23312 11.57492 0.36185 0.37472 39.23316
6989.89479 11.16576 0.35248 0.36147 38.12443
6988.72223 10.73587 0.34156 0.34755 36.76647
6987.93029 10.35496 0.33147 0.33522 35.50071
6986.95974 9.79274 0.31576 0.31702 33.51796
6986.15363 9.30991 0.30226 0.30139 31.87856
0.00000 0.00000 0.00000 0.00000 0.00000
