7215.88950 238.99582 8.03576 7.73701 870.79817
7215.60780 238.53929 8.02182 7.72223 870.03668
7215.28673 237.99163 8.00647 7.70450 869.67277
7214.68247 236.98745 7.97205 7.67199 868.55834
7214.60730 236.87850 7.96785 7.66847 868.13652
7214.10048 235.98326 7.93954 7.63949 868.04404
7213.60680 235.05728 7.90649 7.60951 868.87130
7213.55843 234.97908 7.90386 7.60698 868.78161
7212.99972 233.97490 7.86860 7.57447 868.06751
7212.60630 233.25804 7.85040 7.55126 867.52613
7212.43680 232.97071 7.84138 7.54196 867.38278
7211.82853 231.96653 7.80502 7.50945 866.11741
7211.60580 231.62728 7.79563 7.49847 865.25160
7211.22239 230.96234 7.77479 7.47694 865.08135
7210.69007 229.95816 7.73880 7.44444 865.88750
7210.60530 229.81603 7.73300 7.43983 865.75622
7210.04611 228.95397 7.70284 7.41193 865.23085
7209.60480 228.25398 7.68009 7.38927 865.58952
7209.41487 227.94979 7.67043 7.37942 865.33587
7208.80307 226.94561 7.63638 7.34691 863.71089
7208.60430 226.63402 7.62734 7.33682 863.04217
7208.20190 225.94142 7.60644 7.31440 862.85915
7207.69753 224.93724 7.57308 7.28189 863.05376
7207.60380 224.78820 7.56831 7.27707 862.74641
7207.10624 223.93305 7.53845 7.24938 862.60865
7206.60330 223.03304 7.50914 7.22025 862.89858
7206.53723 222.92887 7.50572 7.21688 862.69794
7205.92389 221.92469 7.47146 7.18437 861.46042
7205.60280 221.36691 7.45357 7.16631 861.38803
7205.33419 220.92050 7.43945 7.15186 860.98370
7204.72567 219.91632 7.40527 7.11935 859.96054
7204.60230 219.72541 7.39928 7.11317 859.52163
7204.14833 218.91213 7.37159 7.08684 859.85144
7203.60180 217.98064 7.33954 7.05669 859.52260
7203.55495 217.90795 7.33734 7.05433 859.34721
7202.97331 216.90377 7.30151 7.02183 859.43473
7202.60130 216.12328 7.27764 6.99656 860.23039
7202.46557 215.89958 7.27267 6.98932 859.43239
7201.80367 214.89540 7.23973 6.95681 857.32554
7201.60080 214.59643 7.22979 6.94713 857.19469
7201.16029 213.89121 7.20498 6.92430 857.90573
7200.60030 213.05094 7.18004 6.89710 855.88792
7200.49660 212.88703 7.17480 6.89179 855.51610
7199.96265 211.88285 7.13766 6.85928 856.92869
7199.59980 211.19960 7.11252 6.83716 858.03583
7199.38611 210.87866 7.10352 6.82677 857.14065
7198.74756 209.87448 7.06998 6.79427 855.39585
7198.59930 209.63510 7.06261 6.78652 855.10067
7198.14539 208.87029 7.03850 6.76176 854.77332
7197.59880 208.02568 7.01313 6.73442 852.63245
7197.50265 207.86611 7.00914 6.72925 852.09449
7196.98393 206.86192 6.97486 6.69674 853.01989
7196.59830 206.13655 6.94884 6.67326 854.34686
7196.41639 205.85774 6.94027 6.66423 853.69475
7195.81789 204.85356 6.90468 6.63172 853.33075
7195.59780 204.49069 6.89306 6.61998 853.12078
7195.18678 203.84937 6.87413 6.59922 851.96464
7194.59730 202.94997 6.84504 6.57010 849.92430
7194.53383 202.84519 6.84141 6.56671 849.86021
7193.96712 201.84100 6.80746 6.53420 850.70445
7193.59680 201.21590 6.78541 6.51396 850.63598
7193.36461 200.83682 6.77223 6.50169 850.25223
7192.80362 199.83264 6.73609 6.46918 851.16365
7192.59630 199.48254 6.72388 6.45785 851.72982
7192.12261 198.82845 6.70379 6.43667 850.61115
7191.59580 198.04727 6.68347 6.41138 847.73619
7191.47022 197.82427 6.67550 6.40417 847.98067
7190.89385 196.82008 6.64224 6.37166 848.36207
7190.59530 196.34008 6.62581 6.35612 847.99961
7190.27659 195.81590 6.60523 6.33915 847.78852
7189.70342 194.81172 6.57190 6.30664 848.62097
7189.59480 194.64050 6.56648 6.30110 848.40216
7189.05342 193.80753 6.53896 6.27413 846.89187
7188.59430 193.06413 6.51451 6.25006 846.40252
7188.42177 192.80335 6.50732 6.24162 845.80701
7187.78310 191.79916 6.47444 6.20911 844.53269
7187.59380 191.52568 6.46538 6.20026 843.63305
7187.17472 190.79498 6.43880 6.17661 844.53774
7186.63238 189.79079 6.40896 6.14410 844.58114
7186.59330 189.73251 6.40769 6.14221 844.30328
7186.02676 188.78661 6.37214 6.11159 844.44257
7185.59280 188.00017 6.34511 6.08613 845.82343
7185.44385 187.78243 6.33917 6.07908 845.24952
7184.77971 186.77824 6.30547 6.04657 843.26388
7184.59230 186.50291 6.29765 6.03766 842.38472
7184.10492 185.77406 6.27552 6.01406 841.42782
7183.59180 185.06126 6.25250 5.99099 841.05573
7183.40108 184.76987 6.24057 5.98156 841.30970
7182.83534 183.76569 6.20326 5.94905 843.05314
7182.59130 183.35496 6.18996 5.93575 843.11928
7182.18369 182.76151 6.17189 5.91654 841.57653
7181.59080 181.82510 6.13946 5.88622 840.57130
7181.54854 181.75732 6.13772 5.88403 840.35529
7180.95827 180.75314 6.10960 5.85152 839.53292
7180.59030 180.24724 6.09306 5.83514 837.76879
7180.27696 179.74895 6.07573 5.81901 837.48195
7179.72291 178.74477 6.03970 5.78650 839.82589
7179.58979 178.52529 6.03198 5.77940 839.90628
7179.08096 177.74059 6.00448 5.75400 839.17074
7178.58929 176.95687 5.97843 5.72862 838.93788
7178.43952 176.73640 5.97249 5.72149 838.47233
7177.76204 175.73222 5.93976 5.68898 836.63764
7177.58879 175.48284 5.93178 5.68091 836.02671
7177.12814 174.72803 5.90605 5.65647 836.34706
7176.58829 173.86534 5.87770 5.62854 836.29897
7176.49579 173.72385 5.87249 5.62396 836.16786
7175.87845 172.71967 5.83521 5.59145 836.66061
7175.58779 172.22359 5.82429 5.57539 835.66902
7175.25080 171.71548 5.81001 5.55895 834.22217
7174.58729 170.77901 5.77676 5.52863 833.87832
7174.53887 170.71130 5.77433 5.52644 833.97824
7173.86727 169.70711 5.74106 5.49393 834.48403
7173.58679 169.31111 5.72827 5.48111 833.14682
7173.19978 168.70293 5.70552 5.46142 832.93550
7172.58629 167.71181 5.67295 5.42933 833.72414
7172.57706 167.69874 5.67256 5.42891 833.68989
7171.91740 166.69456 5.63742 5.39640 833.03268
7171.58579 166.17828 5.61907 5.37969 833.01346
7171.25308 165.69038 5.60560 5.36389 832.26444
7170.58529 164.73510 5.57269 5.33297 830.45948
7170.55214 164.68619 5.57083 5.33139 830.42066
7169.96229 163.68201 5.54130 5.29888 830.45432
7169.58479 163.13107 5.52529 5.28104 829.05663
7169.28266 162.67782 5.50899 5.26637 828.91636
7168.66702 161.67364 5.47284 5.23386 830.30454
7168.58429 161.54453 5.46872 5.22968 830.35166
7167.97156 160.66946 5.44043 5.20135 828.76914
7167.58379 160.13253 5.42244 5.18397 827.45983
7167.27084 159.66527 5.40809 5.16884 827.17429
7166.59585 158.66109 5.37531 5.13634 826.32373
7166.58329 158.64377 5.37473 5.13577 826.29247
7165.89024 157.65690 5.33700 5.10383 827.86148
7165.58279 157.22186 5.32338 5.08974 828.13904
7165.18177 156.65272 5.30507 5.07132 827.13606
7164.58229 155.79600 5.27470 5.04358 825.72239
7164.47948 155.64854 5.27039 5.03881 825.67536
7163.81625 154.64435 5.24183 5.00630 824.26598
7163.58179 154.32020 5.23362 4.99581 822.59886
7163.14897 153.64017 5.20887 4.97379 823.33016
7162.58129 152.73888 5.17804 4.94462 824.87617
7162.50755 152.63598 5.17490 4.94128 824.68592
7161.81153 151.63180 5.13791 4.90878 823.94724
7161.58079 151.29855 5.12806 4.89799 823.71806
7161.10095 150.62762 5.10752 4.87627 822.76654
7160.58029 149.92180 5.08390 4.85342 821.09819
7160.36561 149.62343 5.07394 4.84376 820.62719
7159.69417 148.61925 5.04163 4.81125 821.18638
7159.57979 148.46059 5.03639 4.80611 820.95475
7159.00027 147.61506 5.00269 4.77874 820.93421
7158.57929 147.00430 4.98470 4.75897 821.18935
7158.29207 146.61088 4.97281 4.74623 820.38547
7157.68730 145.60669 4.93935 4.71373 820.47959
7157.57879 145.45892 4.93495 4.70894 820.21102
7156.88695 144.60251 4.90875 4.68122 818.91618
7156.57829 144.22839 4.89569 4.66911 818.56752
7156.11843 143.59833 4.87236 4.64871 818.34952
7155.57779 142.84590 4.85046 4.62435 817.39744
7155.39164 142.59414 4.84247 4.61620 817.01200
7154.69746 141.58996 4.80431 4.58369 817.55256
7154.57729 141.42315 4.79944 4.57829 817.45506
7153.94717 140.58577 4.77427 4.55118 815.88663
7153.57679 140.11135 4.75856 4.53582 814.44822
7153.18265 139.58159 4.73996 4.51867 813.66579
7152.57629 138.75955 4.71609 4.49206 812.80180
7152.44246 138.57741 4.71026 4.48617 812.61660
7151.73998 137.57322 4.67108 4.45366 813.56683
7151.57579 137.31891 4.66388 4.44543 813.82380
7151.05551 136.56904 4.64397 4.42115 811.73013
7150.57529 135.95194 4.62112 4.40117 810.34171
7150.28378 135.56485 4.61023 4.38864 809.93478
7149.57479 134.64180 4.58187 4.35876 808.18909
7149.51330 134.56067 4.57901 4.35613 808.04226
7148.79274 133.55649 4.54306 4.32362 808.54058
7148.57429 133.26524 4.53330 4.31420 809.38788
7147.97774 132.55230 4.50750 4.29112 809.49607
7147.57379 132.06242 4.49096 4.27526 807.86182
7147.18811 131.54812 4.47667 4.25861 807.14227
7146.57329 130.77906 4.45130 4.23371 805.17733
7146.39106 130.54393 4.44261 4.22610 804.86134
7145.69084 129.53975 4.40747 4.19359 806.91484
7145.57279 129.37685 4.40148 4.18832 807.23992
7144.96879 128.53556 4.37363 4.16108 806.71411
7144.57229 128.00910 4.35869 4.14404 804.51504
7144.21047 127.53138 4.34510 4.12857 804.40506
7143.57179 126.74214 4.31745 4.10302 802.58468
7143.39965 126.52720 4.30988 4.09606 802.12003
7142.65108 125.52301 4.27868 4.06356 802.66818
7142.57129 125.42556 4.27466 4.06040 802.40689
7141.87780 124.51883 4.24037 4.03105 802.34815
7141.57079 124.12056 4.22910 4.01815 802.18603
7141.09760 123.51464 4.20840 3.99854 801.72922
7140.57029 122.84526 4.18499 3.97687 801.33292
7140.28878 122.51046 4.17458 3.96603 800.15423
7139.56978 121.64104 4.14713 3.93789 798.20763
7139.45351 121.50628 4.14177 3.93352 798.25573
7138.58421 120.50209 4.10958 3.90101 798.21348
7138.56928 120.48517 4.10920 3.90047 798.14242
7137.81231 119.49791 4.07326 3.86851 797.59637
7137.56878 119.17243 4.06470 3.85797 796.58233
7137.05545 118.49372 4.04639 3.83600 796.17620
7136.56828 117.92655 4.02444 3.81764 794.61753
7136.21033 117.48954 4.01019 3.80349 793.94112
7135.56778 116.71493 3.98693 3.77841 792.57765
7135.37769 116.48536 3.97884 3.77098 792.20299
7134.60896 115.48117 3.94121 3.73847 793.80204
7134.56728 115.43089 3.93959 3.73684 793.73540
7133.75536 114.47699 3.91011 3.70596 791.51756
7133.56678 114.25729 3.90111 3.69885 790.97752
7132.92838 113.47280 3.87628 3.67346 790.72900
7132.56628 113.05519 3.86498 3.65994 789.61011
7132.09344 112.46862 3.83837 3.64095 789.89633
7131.56578 111.82881 3.82131 3.62023 789.33508
7131.21992 111.46444 3.81098 3.60844 787.20720
7130.56528 110.70143 3.78207 3.58374 786.52734
7130.37636 110.46025 3.77631 3.57593 786.95510
7129.56478 109.53059 3.74647 3.54583 784.89018
7129.50084 109.45607 3.74327 3.54342 784.74207
7128.70063 108.45188 3.70932 3.51091 786.46655
7128.56428 108.29240 3.70379 3.50575 786.31396
7127.83306 107.44770 3.67369 3.47840 784.99506
7127.56378 107.14225 3.66367 3.46852 784.36294
7126.93505 106.44351 3.64350 3.44590 782.24110
7126.56328 106.03460 3.62949 3.43266 780.84735
7126.06911 105.43933 3.60603 3.41339 781.33725
7125.56278 104.85144 3.59057 3.39436 780.98073
7125.19387 104.43515 3.57405 3.38088 780.23663
7124.56228 103.72778 3.55004 3.35798 778.79411
7124.29336 103.43096 3.54423 3.34837 778.00063
7123.56178 102.61100 3.51009 3.32183 776.68664
7123.39230 102.42678 3.50399 3.31586 776.31302
7122.56128 101.43082 3.47831 3.28362 773.97806
7122.55422 101.42259 3.47798 3.28335 773.92201
7121.66203 100.41841 3.44589 3.25085 773.51824
7121.56078 100.30849 3.44304 3.24729 774.16633
7120.68012 99.41423 3.40417 3.21834 772.27864
7120.56028 99.29230 3.40265 3.21439 771.34235
7119.77944 98.41004 3.37588 3.18583 770.87324
7119.55978 98.17986 3.36462 3.17838 770.04083
7118.84003 97.40586 3.34530 3.15332 768.11746
7118.55928 97.10511 3.33568 3.14358 767.30183
7117.90748 96.40167 3.30594 3.12081 765.90720
7117.55878 96.02677 3.29700 3.10867 765.14160
7116.95951 95.39749 3.27678 3.08830 763.07441
7116.55828 94.97957 3.25783 3.07477 761.58754
7116.01934 94.39331 3.24107 3.05579 760.87708
7115.55778 93.91681 3.22634 3.04037 759.53451
7115.07210 93.38912 3.20192 3.02329 758.09401
7114.55728 92.78922 3.18169 3.00387 755.56245
7114.20036 92.38494 3.17489 2.99078 755.16471
7113.55678 91.68834 3.13268 2.96823 755.13042
7113.23934 91.38075 3.11727 2.95827 754.18338
7112.55628 90.76923 3.11103 2.93847 751.87195
7112.17457 90.37657 3.08107 2.92576 750.83261
7111.55578 89.74307 3.04373 2.90525 747.99408
7111.19475 89.37238 3.03894 2.89325 746.94574
7110.55528 88.70551 2.98890 2.87166 745.56686
7110.22937 88.36820 2.97047 2.86074 744.71500
7109.55478 87.69911 2.94374 2.83908 741.21179
7109.22782 87.36402 2.91988 2.82824 740.21241
7108.55428 86.71353 2.88318 2.80718 735.44761
7108.20615 86.35983 2.86660 2.79573 734.20811
7107.55378 85.69365 2.83072 2.77416 732.15812
7107.22829 85.35565 2.81301 2.76322 731.46811
7106.55328 84.67155 2.77812 2.74107 729.51442
7106.22095 84.35146 2.75746 2.73071 726.82518
7105.55278 83.67537 2.71307 2.70882 717.25244
7105.26511 83.34728 2.70022 2.69820 717.34320
7104.55228 82.65684 2.66715 2.67585 711.52553
7104.20921 82.34310 2.64484 2.66569 707.84995
7103.55178 81.67482 2.61267 2.64406 712.11826
7103.21813 81.33891 2.58965 2.63318 712.31881
7102.55128 80.75118 2.54347 2.61416 700.05771
7102.17483 80.33473 2.52221 2.60068 700.77612
7101.55078 79.72482 2.47787 2.58093 694.38659
7101.15653 79.33054 2.44865 2.56817 689.96541
7100.55028 78.65673 2.43620 2.54635 686.30224
7100.23668 78.32636 2.42044 2.53566 680.89852
7099.54977 77.40746 2.38314 2.50591 678.13111
7099.48521 77.32218 2.38128 2.50315 677.21972
7098.84778 76.31799 2.35058 2.47064 674.54643
7098.54927 75.83545 2.32869 2.45502 670.00459
7098.29808 75.31381 2.30759 2.43813 667.68546
7097.87216 74.30962 2.28273 2.40563 669.10573
7097.54877 73.56676 2.25831 2.38158 666.34670
7097.41082 73.30544 2.24828 2.37312 661.79441
7097.00977 72.30126 2.20309 2.34061 656.45118
7096.61263 71.29707 2.17571 2.30810 647.55236
7096.54827 71.15003 2.17208 2.30334 645.26613
7096.21525 70.29289 2.14696 2.27559 635.47368
7095.82376 69.28870 2.10920 2.24308 623.04194
7095.54777 68.67374 2.08834 2.22317 614.09544
7095.37377 68.28452 2.07706 2.21057 609.65502
7094.96079 67.28033 2.05321 2.17807 600.36067
7094.54727 66.32550 2.03156 2.14716 587.10789
7094.52037 66.27615 2.03064 2.14556 585.93044
7094.01108 65.27197 2.00581 2.11305 566.95485
7093.54677 64.55270 1.99293 2.08976 550.45448
7093.33564 64.26778 1.98786 2.08054 542.93847
7092.62651 63.26360 1.96405 2.04803 520.29331
7092.54627 63.15609 1.96085 2.04455 517.88418
7091.85696 62.25941 1.93853 2.01552 498.07362
7091.54577 61.89884 1.92982 2.00385 489.31366
7090.95354 61.25523 1.91080 1.98302 473.31740
7090.54527 60.78477 1.89849 1.96779 463.45409
7090.02656 60.25105 1.88377 1.95051 450.96333
7089.54477 59.73185 1.86830 1.93370 440.49520
7089.07718 59.24686 1.85425 1.91800 430.71750
7088.54427 58.71684 1.83726 1.90084 420.07262
7088.06477 58.24268 1.82228 1.88549 411.17125
7087.54377 57.69432 1.80847 1.86774 401.27050
7087.01565 57.23849 1.79617 1.85298 391.82244
7086.54327 56.84784 1.78443 1.84034 385.25707
7085.85269 56.23431 1.76513 1.82047 374.83406
7085.54277 55.97183 1.75625 1.81198 369.72740
7084.72782 55.23013 1.73389 1.78796 358.28509
7084.54227 55.07000 1.72943 1.78278 355.68040
7083.54177 54.27491 1.70533 1.75704 341.65289
7083.48288 54.22594 1.70390 1.75546 340.89031
7082.54127 53.35798 1.67585 1.72736 330.04740
7082.39284 53.22176 1.67110 1.72295 328.40646
7081.54077 52.43026 1.64637 1.69732 319.44156
7081.29494 52.21757 1.64018 1.69044 316.79439
7080.54027 51.68131 1.62360 1.67308 307.87431
7079.87129 51.21339 1.60853 1.65793 300.26854
7079.53977 50.96366 1.60115 1.64985 296.78359
7078.53927 50.21291 1.57599 1.62554 286.62282
7078.53433 50.20921 1.57587 1.62542 286.57177
7077.53877 49.48137 1.55538 1.60186 277.93795
7077.17459 49.20502 1.54722 1.59291 275.33341
7076.53827 48.70750 1.53306 1.57681 269.52622
7075.97598 48.20084 1.52074 1.56041 264.66551
7075.53777 47.78314 1.50690 1.54688 261.50039
7074.92553 47.19665 1.48703 1.52790 257.39182
7074.53727 46.81869 1.47634 1.51566 254.81427
7073.86973 46.19247 1.45564 1.49539 250.27311
7073.53677 45.87779 1.44543 1.48520 248.05850
7072.78554 45.18828 1.42427 1.46288 243.01247
7072.53627 44.96677 1.41640 1.45571 241.30920
7071.63377 44.18410 1.38959 1.43037 235.13100
7071.53577 44.09281 1.38654 1.42742 234.50845
7070.53527 43.25155 1.35926 1.40018 227.72646
7070.43555 43.17992 1.35684 1.39786 226.99655
7069.53477 42.57693 1.33588 1.37834 220.30118
7068.85909 42.17573 1.32334 1.36535 215.14924
7068.53427 42.02305 1.31852 1.36041 212.86944
7067.53377 41.51907 1.30130 1.34410 205.96415
7067.03468 41.17155 1.28978 1.33285 202.61902
7066.53327 40.80901 1.27948 1.32111 199.51885
7065.59664 40.16736 1.26034 1.30034 193.44889
7065.53277 40.11285 1.25894 1.29857 193.05920
7064.53227 39.18048 1.23104 1.26839 187.63494
7064.51394 39.16318 1.23037 1.26783 187.54411
7063.53177 38.28355 1.20096 1.23935 182.45552
7063.39526 38.15900 1.19733 1.23532 181.75150
7062.53127 37.41507 1.17185 1.21124 177.20711
7062.20501 37.15481 1.16301 1.20281 175.43865
7061.53077 36.56634 1.14412 1.18376 171.97720
7060.95123 36.15063 1.13008 1.17030 168.76801
7060.53027 35.89567 1.12055 1.16205 166.31912
7059.52976 35.39427 1.10354 1.14582 161.23063
7059.13084 35.14644 1.09607 1.13780 159.15238
7058.52926 34.82477 1.08522 1.12738 155.77312
7057.52876 34.22617 1.06440 1.10800 150.59375
7057.40493 34.14226 1.06150 1.10529 149.98058
7056.52826 33.53926 1.04239 1.08577 145.74137
7055.85818 33.13808 1.02773 1.07278 142.48031
7055.52776 32.94758 1.02087 1.06661 140.88921
7054.52726 32.39203 1.00323 1.04863 136.15844
7054.10397 32.13389 0.99543 1.04027 134.23724
7053.52676 31.80451 0.98374 1.02961 131.63770
7052.52626 31.20710 0.96341 1.01027 127.29210
7052.40527 31.12971 0.96136 1.00776 126.76452
7051.52576 30.58212 0.94649 0.99003 123.17535
7050.75430 30.12552 0.93116 0.97525 120.32745
7050.52526 29.99339 0.92639 0.97098 119.39866
7049.52476 29.41929 0.90881 0.95239 115.42132
7049.00153 29.12134 0.89931 0.94275 113.40309
7048.52426 28.84499 0.88954 0.93380 111.59274
7047.52376 28.25205 0.87013 0.91460 107.89730
7047.30328 28.11715 0.86614 0.91024 107.09865
7046.52326 27.72548 0.85362 0.89756 104.32458
7045.52276 27.16391 0.83350 0.87938 100.86519
7045.44336 27.11297 0.83199 0.87773 100.59365
7044.52226 26.49556 0.81310 0.85774 97.47320
7043.93282 26.10879 0.79944 0.84522 95.51080
7043.52176 25.82035 0.78907 0.83588 94.14856
7042.52126 25.14426 0.76785 0.81400 90.90531
7042.44509 25.10460 0.76665 0.81271 90.69519
7041.52076 24.72545 0.75374 0.80044 88.21842
7040.52026 24.37738 0.73833 0.78917 85.43362
7039.83788 24.10042 0.72965 0.78020 83.59388
7039.51976 23.98165 0.72636 0.77636 82.76617
7038.51926 23.63059 0.71628 0.76499 80.26596
7037.51876 23.22849 0.70189 0.75198 77.81032
7037.24498 23.09623 0.69785 0.74769 77.12641
7036.51826 22.65870 0.68650 0.73353 75.24431
7035.74840 22.09205 0.66958 0.71519 73.20402
7035.51776 21.93493 0.66459 0.71010 72.60997
7034.51726 21.23361 0.64070 0.68740 69.91576
7034.27823 21.08787 0.63659 0.68268 69.30936
7033.51676 20.66216 0.62567 0.66890 67.60932
7032.51626 20.30408 0.61154 0.65730 65.66807
7031.79539 20.08368 0.60137 0.65017 64.37452
7031.51576 20.00060 0.59876 0.64748 63.89115
7030.51526 19.64894 0.58829 0.63610 62.10423
7029.51476 19.19050 0.57462 0.62125 60.16917
7029.31139 19.07950 0.57040 0.61766 59.74376
7028.51426 18.63434 0.55497 0.60325 58.08492
7027.62927 18.07531 0.54044 0.58515 56.12214
7027.51376 17.99500 0.53779 0.58255 55.85081
7026.51326 17.44721 0.51812 0.56482 53.85499
7025.61085 17.07113 0.50466 0.55264 52.36590
7025.51276 17.03576 0.50345 0.55150 52.21913
7024.51226 16.69943 0.49413 0.54061 50.84789
7023.51176 16.32163 0.48120 0.52838 49.41932
7022.96371 16.06695 0.47115 0.52014 48.52360
7022.51126 15.84272 0.46494 0.51288 47.75419
7021.51076 15.36631 0.45223 0.49745 46.12354
7020.90148 15.06276 0.44345 0.48763 45.10979
7020.51026 14.87604 0.43686 0.48158 44.48731
7019.50975 14.48859 0.42123 0.46904 43.15642
7018.50925 14.16819 0.41045 0.45867 42.02409
7018.16375 14.05858 0.40715 0.45512 41.63894
7017.50875 13.87189 0.40190 0.44907 40.98501
7016.50825 13.56629 0.39199 0.43918 39.97074
7015.50775 13.21725 0.38104 0.42788 38.96187
7015.19465 13.05439 0.37649 0.42261 38.52637
7014.50725 12.70161 0.36834 0.41119 37.55907
7013.50675 12.21219 0.35567 0.39535 36.08977
7013.15788 12.05021 0.34958 0.39010 35.58894
7012.50625 11.76053 0.33875 0.38072 34.70190
7011.50575 11.34000 0.32666 0.36711 33.44949
7010.88494 11.04603 0.31988 0.35759 32.57125
7010.50525 10.88355 0.31510 0.35233 32.08655
7009.50475 10.52286 0.30173 0.34066 31.01323
7008.50425 10.20861 0.28885 0.33048 30.09561
7008.03672 10.04184 0.28329 0.32508 29.60497
7007.50375 9.88075 0.27957 0.31987 29.13778
7006.50325 9.62067 0.27538 0.31145 28.38486
7005.50275 9.35733 0.26811 0.30292 27.63519
7004.50225 9.06843 0.25731 0.29357 26.80538
7004.41124 9.03766 0.25632 0.29258 26.71593
7003.50175 8.77254 0.24613 0.28399 25.94424
7002.50125 8.47029 0.24114 0.27421 25.07667
7001.50075 8.13834 0.23512 0.26346 24.09885
7001.12380 8.03347 0.23303 0.26007 23.79459
7000.50025 7.91676 0.23012 0.25629 23.47040
6999.49975 7.80245 0.22568 0.25259 23.17123
6998.49925 7.70776 0.22243 0.24952 22.93661
6997.49875 7.66104 0.22004 0.24801 22.84899
6996.49825 7.58540 0.21626 0.24556 22.67167
6995.49775 7.42044 0.20993 0.24022 22.20551
6994.49725 7.12979 0.19989 0.23081 21.31134
6994.00226 7.02929 0.19594 0.22756 21.01292
6993.49675 6.95145 0.19458 0.22504 20.78603
6992.49625 6.73710 0.19362 0.21810 20.14527
6991.49575 6.42900 0.18857 0.20813 19.19819
6990.49525 6.06079 0.17648 0.19621 18.06363
6990.43076 6.02510 0.17617 0.19505 17.95036
6989.49475 5.48301 0.16840 0.17750 16.24113
6988.72356 5.02092 0.15438 0.16254 14.80991
0.00000 0.00000 0.00000 0.00000 0.00000
