7204.31064 241.95094 8.14924 7.83268 719.08988
7204.05485 241.52193 8.13589 7.81879 718.75674
7203.47480 240.52355 8.10426 7.78647 718.36266
7203.30394 240.24313 8.09525 7.77739 718.06017
7202.87620 239.51480 8.07219 7.75381 717.75409
7202.28731 238.50788 8.04045 7.72122 717.02789
7202.38434 238.66693 8.04554 7.72636 717.25800
7201.70053 237.59061 8.01113 7.69152 716.13891
7201.27075 236.84675 7.98829 7.66744 717.35524
7201.05182 236.46858 7.97650 7.65520 717.81048
7200.51443 235.53115 7.94668 7.62485 717.61986
7200.32721 235.25406 7.93761 7.61588 716.77050
7199.90380 234.52435 7.91474 7.59226 716.63759
7199.32995 233.57891 7.88747 7.56165 714.18881
7199.29757 233.52781 7.88588 7.56000 714.06550
7198.65614 232.45061 7.85157 7.52512 713.41575
7198.27912 231.75799 7.83000 7.50270 713.82503
7198.26695 231.75812 7.82991 7.50271 713.51644
7197.59291 230.76591 7.79732 7.47058 710.73212
7197.38222 230.45574 7.78755 7.46054 709.87690
7196.90797 229.69294 7.76349 7.43585 708.84461
7196.46820 229.06571 7.74278 7.41554 706.75332
7195.97227 228.26156 7.71705 7.38951 705.76422
7195.44883 227.19037 7.68424 7.35483 707.97078
7195.29476 226.89642 7.67498 7.34532 708.29671
7195.12017 226.64744 7.66660 7.33726 707.48028
7194.46526 225.62056 7.63489 7.30401 705.18475
7194.34281 225.42947 7.62952 7.29783 704.44585
7193.88547 224.67665 7.60647 7.27346 703.12629
7193.48106 224.12460 7.58789 7.25559 700.95536
7192.98429 223.32472 7.56256 7.22969 699.61081
7192.42585 222.25279 7.52936 7.19499 701.98176
7192.33687 222.07902 7.52399 7.18936 702.67497
7191.99788 221.57458 7.50804 7.17303 702.54963
7191.34850 220.50748 7.47437 7.13849 701.89375
7191.41132 220.60705 7.47760 7.14171 702.09178
7190.77021 219.62646 7.44552 7.10997 699.81321
7190.29362 218.87752 7.42177 7.08572 698.63677
7189.94721 218.23173 7.40180 7.06482 699.26323
7189.45492 217.29838 7.37200 7.03460 700.43738
7189.35353 217.13346 7.36667 7.02926 700.32587
7188.92624 216.46362 7.34622 7.00758 698.69391
7188.30643 215.38831 7.31434 6.97277 697.44662
7188.59933 215.82653 7.32878 6.98695 698.50430
7187.91385 214.92603 7.29808 6.95780 694.21872
7187.40097 214.23910 7.27600 6.93556 691.11514
7186.89251 213.36632 7.24783 6.90731 690.94759
7186.32810 212.38345 7.21670 6.87549 690.99493
7186.33610 212.40402 7.21731 6.87616 690.89327
7185.72635 211.40619 7.18592 6.84385 689.98838
7185.26984 210.59381 7.15984 6.81755 690.38670
7185.21756 210.52334 7.15750 6.81527 690.08272
7184.59003 209.51587 7.12567 6.78266 688.60342
7184.34063 209.12299 7.11274 6.76994 688.01927
7183.96690 208.50733 7.09274 6.75001 688.69148
7183.37512 207.57766 7.06619 6.71991 687.76933
7183.26266 207.39547 7.06118 6.71401 687.47670
7182.68479 206.41365 7.02950 6.68223 687.09251
7182.36310 205.88707 7.01245 6.66518 686.55064
7182.05930 205.42162 6.99788 6.65011 685.72632
7181.43805 204.34944 6.96372 6.61540 685.84384
7181.36739 204.22242 6.95965 6.61129 685.92615
7180.95569 203.59216 6.93913 6.59089 684.71408
7180.43562 202.81307 6.91465 6.56567 682.91384
7180.28182 202.58411 6.90725 6.55826 682.36337
7179.64092 201.60725 6.87445 6.52663 680.46101
7179.34501 201.17800 6.86085 6.51274 679.23256
7178.83088 200.30233 6.83316 6.48439 679.17867
7178.24966 199.26524 6.79977 6.45081 679.99693
7178.42583 199.55130 6.80905 6.46007 680.17373
7177.79093 198.59974 6.78039 6.42927 677.21588
7177.41061 198.03632 6.76313 6.41103 674.97691
7177.13476 197.59982 6.74830 6.39690 674.47315
7176.47695 196.64628 6.71742 6.36603 671.80582
7176.25785 196.30007 6.70636 6.35482 671.40603
7175.65275 195.24787 6.67253 6.32076 671.78000
7175.25506 194.51094 6.64930 6.29690 672.64370
7175.24497 194.52419 6.64957 6.29733 672.14700
7174.55591 193.44771 6.61519 6.26248 672.40345
7174.30081 193.01535 6.60131 6.24849 673.43955
7174.02265 192.55026 6.58676 6.23343 673.85680
7173.47528 191.77516 6.56197 6.20834 671.14634
7173.13772 191.23301 6.54446 6.19079 670.63472
7172.60850 190.27411 6.51408 6.15974 671.50540
7172.38068 189.90446 6.50439 6.14778 670.37774
7172.10107 189.49474 6.49200 6.13451 668.87940
7171.44213 188.45386 6.45676 6.10082 667.91480
7171.51718 188.56179 6.46018 6.10431 668.22523
7170.88584 187.68642 6.43225 6.07597 665.12435
7170.44793 187.06972 6.41201 6.05601 663.15532
7170.07280 186.48803 6.39255 6.03718 662.40486
7169.42681 185.49836 6.36130 6.00514 660.91726
7169.33261 185.35331 6.35662 6.00044 660.71632
7168.70258 184.32799 6.32194 5.96725 660.31363
7168.29255 183.61903 6.30036 5.94430 660.82355
7168.18504 183.45534 6.29513 5.93900 660.55474
7167.53631 182.44671 6.26175 5.90635 659.62775
7167.40346 182.23524 6.25463 5.89950 659.51092
7166.94868 181.54916 6.23424 5.87729 656.93620
7166.45657 180.83857 6.21273 5.85429 654.48626
7166.21256 180.46943 6.19973 5.84234 654.89320
7165.59000 179.50977 6.16976 5.81127 655.91985
7165.43046 179.29669 6.16299 5.80437 655.12556
7164.81326 178.34254 6.13131 5.77348 653.71844
7164.29681 177.45226 6.10273 5.74466 654.62304
7164.36515 177.57528 6.10653 5.74864 654.41059
7163.68071 176.58164 6.07443 5.71648 652.17204
7163.42825 176.22872 6.06163 5.70505 651.08661
7162.89977 175.41420 6.03558 5.67868 650.25785
7162.37111 174.57826 6.00880 5.65162 649.83376
7162.26920 174.42818 6.00348 5.64676 649.55636
7161.62685 173.42598 5.97128 5.61432 648.85454
7161.46917 173.18642 5.96342 5.60656 648.71035
7161.03961 172.57994 5.94458 5.58693 646.40492
7160.47828 171.77509 5.91829 5.56087 643.08072
7160.31707 171.54169 5.91059 5.55332 642.58699
7159.64829 170.57143 5.87973 5.52191 640.69898
7159.40663 170.24123 5.86767 5.51122 639.61996
7158.84145 169.34843 5.83958 5.48232 639.32572
7158.36659 168.58270 5.81525 5.45753 639.47709
7158.29152 168.48428 5.81182 5.45434 639.07673
7157.58797 167.42921 5.77595 5.42019 637.46362
7157.38628 167.10523 5.76598 5.40970 637.54667
7157.00543 166.52737 5.74810 5.39099 638.23416
7156.49830 165.82559 5.72338 5.36827 638.25745
7156.19996 165.38053 5.71032 5.35386 637.90569
7155.57808 164.40232 5.67912 5.32220 637.60910
7155.43168 164.20000 5.67215 5.31565 636.76053
7154.91066 163.41097 5.64864 5.29010 634.32990
7154.42204 162.66040 5.62462 5.26580 634.07788
7154.29908 162.49539 5.61906 5.26046 633.54551
7153.59896 161.46209 5.58297 5.22701 632.19696
7153.58991 161.43464 5.58219 5.22612 632.45603
7153.08224 160.78637 5.56243 5.20514 629.58974
7152.59939 160.20110 5.54079 5.18619 626.26511
7152.10105 159.49068 5.51787 5.16319 624.92788
7151.46363 158.56334 5.48779 5.13317 623.64235
7151.31790 158.35189 5.48015 5.12633 623.36531
7150.67430 157.34029 5.44767 5.09358 623.59700
7150.45038 156.99259 5.43651 5.08232 623.59313
7150.18871 156.62727 5.42433 5.07049 622.83742
7149.58054 155.83172 5.39541 5.04474 619.98721
7149.33411 155.48467 5.38448 5.03351 619.29484
7148.65511 154.50320 5.35551 5.00173 616.81045
7148.46568 154.24667 5.34666 4.99343 616.43055
7147.88841 153.39458 5.32101 4.96584 617.95221
7147.44459 152.71083 5.29876 4.94371 617.98964
7147.37870 152.63716 5.29571 4.94132 617.36830
7146.61848 151.62696 5.26081 4.90862 614.25805
7146.53504 151.51581 5.25719 4.90502 613.94277
7145.87187 150.60342 5.22646 4.87548 611.96493
7145.54272 150.18489 5.21122 4.86194 610.28991
7144.93893 149.31564 5.18456 4.83380 609.39992
7144.32145 148.30192 5.14896 4.80098 611.16425
7144.63900 148.75500 5.16689 4.81565 611.67827
7143.82476 147.75343 5.13205 4.78322 606.93433
7143.54809 147.40217 5.12124 4.77185 605.58790
7142.95328 146.57958 5.09004 4.74522 604.13012
7142.55560 146.06593 5.07575 4.72859 600.91700
7142.10215 145.42530 5.05546 4.70785 599.31803
7141.43970 144.44708 5.02110 4.67619 599.29898
7141.51904 144.56217 5.02510 4.67991 599.38788
7140.78765 143.57131 4.99322 4.64783 597.39924
7140.60856 143.33804 4.98533 4.64028 596.74263
7140.07860 142.65005 4.95950 4.61801 594.42305
7139.60299 142.04424 4.94104 4.59840 592.52318
7139.24709 141.56433 4.92576 4.58286 593.01439
7138.56734 140.65470 4.89200 4.55341 593.09492
7138.26832 140.22726 4.87943 4.53958 592.73463
7137.70613 139.30983 4.84849 4.50988 594.65698
7137.59379 139.17704 4.84363 4.50558 593.98683
7137.14229 138.59064 4.82233 4.48659 592.46787
7136.59705 137.86577 4.79996 4.46313 591.07975
7136.42866 137.65559 4.79304 4.45632 590.41009
7135.63927 136.65139 4.75770 4.42382 584.79962
7135.67796 136.70009 4.75914 4.42539 585.08542
7134.88433 135.71825 4.72718 4.39361 581.17941
7134.61762 135.40138 4.71379 4.38335 579.63857
7133.98028 134.55402 4.68773 4.35592 578.01255
7133.63939 134.09999 4.67053 4.34122 577.26119
7133.32178 133.71729 4.65551 4.32883 575.58858
7132.67519 132.92735 4.62897 4.30326 572.42246
7132.34413 132.49622 4.61426 4.28930 571.51072
7131.61156 131.48550 4.57792 4.25658 570.55043
7131.47350 131.30312 4.57162 4.25068 570.10348
7130.86970 130.42866 4.54504 4.22237 571.76796
7130.64093 130.12169 4.53311 4.21243 572.49436
7130.29201 129.70416 4.51628 4.19891 572.12196
7129.68279 128.95877 4.49307 4.17478 569.63092
7129.46013 128.67823 4.48394 4.16570 567.92951
7128.69650 127.74629 4.45075 4.13553 562.72684
7128.52848 127.53373 4.44379 4.12865 562.27156
7127.77058 126.52743 4.40872 4.09607 561.11539
7127.71665 126.44987 4.40606 4.09356 561.17446
7127.14360 125.77775 4.38009 4.07180 558.11120
7126.76710 125.35137 4.36594 4.05800 555.72202
7126.28060 124.76975 4.34554 4.03917 553.41913
7125.77493 124.19974 4.32217 4.02072 550.27971
7125.25415 123.56714 4.30226 4.00024 548.09766
7124.58374 122.67458 4.26807 3.97134 547.29171
7124.43934 122.49542 4.26154 3.96554 546.81876
7123.70754 121.50496 4.22781 3.93348 546.50741
7123.71300 121.52411 4.22840 3.93410 546.20848
7123.02387 120.68754 4.19691 3.90702 543.53973
7122.74845 120.36457 4.18446 3.89656 542.30076
7122.18578 119.69859 4.16102 3.87500 539.39765
7121.70351 119.11858 4.14119 3.85623 536.47715
7121.33999 118.67209 4.12536 3.84177 536.27641
7120.73767 117.95322 4.10027 3.81850 535.28367
7120.50044 117.67517 4.08989 3.80950 533.95532
7119.71278 116.72170 4.05322 3.77863 531.01512
7119.73229 116.74692 4.05417 3.77945 531.03593
7118.86639 115.74661 4.01712 3.74706 526.79668
7118.79399 115.66619 4.01408 3.74446 526.35951
7117.98987 114.74215 3.97826 3.71455 522.29453
7117.69048 114.39173 3.96560 3.70320 520.93664
7117.09427 113.65041 3.93825 3.67920 519.50118
7116.82117 113.33821 3.92625 3.66910 518.11286
7116.32979 112.79357 3.90512 3.65147 515.19596
7115.78467 112.18114 3.88201 3.63164 512.08806
7115.37154 111.69071 3.86340 3.61576 510.80782
7114.75455 110.97002 3.83647 3.59243 507.28330
7114.51615 110.68749 3.82697 3.58329 505.43245
7113.77072 109.81338 3.79478 3.55499 500.96074
7113.73652 109.78121 3.79344 3.55395 500.62950
7112.83291 108.76878 3.75490 3.52117 498.74083
7112.79647 108.72768 3.75336 3.51984 498.70166
7111.94470 107.75453 3.71620 3.48834 495.50453
7111.78388 107.58677 3.70941 3.48291 494.17032
7111.00489 106.67321 3.67399 3.45333 491.33053
7110.84636 106.48331 3.66674 3.44718 490.84756
7110.17564 105.75790 3.63789 3.42370 486.56479
7109.83129 105.34717 3.62175 3.41040 485.47243
7109.46601 104.95414 3.60614 3.39768 483.10522
7108.95471 104.47789 3.58659 3.38226 477.65236
7108.28053 103.71652 3.55616 3.35761 474.33425
7107.83803 103.21304 3.53641 3.34132 472.32480
7107.45315 102.79664 3.51972 3.32784 469.83134
7106.87078 102.16044 3.49358 3.30724 466.54590
7106.56951 101.83289 3.48118 3.29664 463.98988
7105.92361 101.15231 3.45604 3.27460 456.81601
7105.63650 100.84729 3.44361 3.26473 454.75327
7104.91588 100.09015 3.41190 3.24022 449.81661
7104.63236 99.78137 3.39917 3.23022 447.80221
7103.88429 98.96605 3.36583 3.20383 444.79097
7103.76532 98.84397 3.36075 3.19988 444.42525
7102.92551 97.95901 3.32390 3.17123 440.63213
7102.84181 97.86995 3.32014 3.16834 439.89700
7101.96128 96.96273 3.28107 3.13897 432.68161
7101.67778 96.65636 3.26800 3.12906 430.83417
7100.81374 95.64594 3.22546 3.09635 427.36583
7101.12724 95.97370 3.23963 3.10696 429.75759
7100.13433 95.04541 3.19856 3.07691 418.94986
7099.96858 94.88268 3.19144 3.07164 417.33619
7098.98342 93.87891 3.14778 3.03914 408.97620
7099.06160 93.95682 3.15119 3.04166 409.68969
7098.05713 92.97792 3.11136 3.00997 397.53212
7097.89889 92.81631 3.10530 3.00474 395.49853
7096.94548 91.81294 3.06374 2.97226 387.65685
7097.02343 91.89248 3.06706 2.97484 388.30631
7096.03573 90.91038 3.02670 2.94304 378.34394
7096.11339 90.98587 3.02977 2.94549 379.13123
7095.10472 90.03156 2.99156 2.91459 370.89417
7094.93183 89.85849 2.98486 2.90899 369.92326
7093.98044 88.88829 2.94755 2.87758 360.90313
7093.95427 88.86253 2.94658 2.87675 360.62100
7092.98343 87.87505 2.91030 2.84478 351.11807
7092.91442 87.80444 2.90773 2.84249 350.43512
7091.95898 86.80296 2.87267 2.81007 341.59673
7092.25670 87.08785 2.88244 2.81929 345.00415
7091.23935 86.20017 2.85378 2.79056 330.78667
7090.81107 85.78658 2.84313 2.77717 325.83591
7089.91084 84.82970 2.81885 2.74619 317.32853
7090.10009 85.01578 2.82528 2.75222 319.32471
7089.12926 84.12573 2.79050 2.72340 306.48850
7088.90406 83.89401 2.78426 2.71590 303.52324
7088.03972 83.05319 2.76519 2.68868 292.43386
7087.62818 82.61893 2.75207 2.67462 288.18862
7086.75557 81.60407 2.70494 2.64177 282.66538
7086.57147 81.38030 2.70025 2.63452 282.16598
7085.75065 80.31204 2.64085 2.59994 277.97060
7085.36754 79.75306 2.51941 2.58185 276.38452
7084.77270 78.82692 2.43254 2.55186 275.24904
7084.15698 77.67637 2.40944 2.51462 276.45345
7084.05610 77.48953 2.40468 2.50857 276.53118
7083.49611 76.32820 2.37438 2.47097 278.57921
7083.05827 75.23634 2.34519 2.43563 281.79187
7083.06471 75.27357 2.34613 2.43683 281.46038
7082.61321 74.35449 2.32053 2.40708 281.81605
7082.16100 73.27379 2.28849 2.37209 285.70474
7081.97261 72.86714 2.27633 2.35893 286.62189
7081.68697 72.20161 2.25654 2.33738 289.00505
7081.31229 71.27107 2.22873 2.30726 293.63808
7081.02219 70.65669 2.21059 2.28737 295.46568
7080.85086 70.29705 2.19997 2.27573 296.46772
7080.45685 69.37361 2.17271 2.24583 300.86424
7080.08579 68.63043 2.15110 2.22177 302.96583
7080.11493 68.70254 2.15322 2.22411 302.53643
7079.64214 67.83281 2.12807 2.19595 303.89074
7079.49014 67.62138 2.12208 2.18911 303.13028
7079.23688 67.30277 2.11300 2.17879 301.38173
7078.57414 66.42494 2.08855 2.15037 297.21354
7078.53151 66.38182 2.08753 2.14898 296.62791
7077.74161 65.38284 2.06106 2.11664 291.55883
7077.82589 65.48606 2.06414 2.11998 291.71177
7077.01739 64.59169 2.03785 2.09103 287.71998
7076.89532 64.44538 2.03360 2.08629 286.96745
7076.17582 63.69730 2.01183 2.06207 280.63321
7075.90788 63.40755 2.00325 2.05269 278.72278
7075.26293 62.73187 1.98322 2.03082 273.94542
7075.13840 62.60702 1.97953 2.02678 272.97640
7074.37336 61.91552 1.95906 2.00439 266.15673
7074.08991 61.63771 1.95078 1.99540 264.08821
7073.30127 60.89460 1.92851 1.97134 258.17775
7073.20593 60.81191 1.92603 1.96866 257.39864
7072.25829 59.96374 1.90046 1.94121 250.30307
7072.21733 59.92907 1.89941 1.94008 249.99345
7071.21605 59.03802 1.87255 1.91124 243.03218
7071.28103 59.09216 1.87418 1.91299 243.50784
7070.34829 58.32920 1.85065 1.88829 236.88129
7069.87235 57.91838 1.83911 1.87499 233.54222
7069.14231 57.23591 1.82089 1.85290 228.59037
7068.79646 56.92372 1.81134 1.84279 226.80973
7068.20673 56.38656 1.79427 1.82540 224.80897
7067.92085 56.13173 1.78639 1.81715 223.67232
7067.67601 55.96248 1.78127 1.81167 221.96165
7066.74788 55.32606 1.76190 1.79107 215.39264
7066.57348 55.19767 1.75796 1.78691 214.30659
7065.57998 54.47019 1.73568 1.76336 208.28570
7065.30019 54.26499 1.72940 1.75672 206.66353
7064.52232 53.70636 1.71232 1.73864 202.18035
7063.74017 53.08539 1.69310 1.71853 198.28435
7063.22455 52.65061 1.67954 1.70446 195.96583
7062.37657 51.88616 1.65559 1.67971 192.57651
7062.06777 51.58928 1.64622 1.67010 191.47003
7061.24684 50.80214 1.62119 1.64462 188.56808
7061.06988 50.63050 1.61569 1.63906 187.94518
7060.21033 49.80722 1.58923 1.61241 184.98314
7060.16022 49.75941 1.58766 1.61086 184.86199
7059.20209 48.88828 1.55934 1.58266 182.07632
7059.27731 48.95406 1.56133 1.58479 182.40815
7058.27700 48.09814 1.53673 1.55708 177.62696
7058.11125 47.95447 1.53232 1.55243 176.94806
7057.40338 47.33188 1.51149 1.53227 174.30655
7057.51596 47.43465 1.51492 1.53560 174.70796
7056.95177 47.09685 1.50388 1.52467 171.79485
7055.94062 46.48704 1.48410 1.50493 166.80117
7056.08736 46.56763 1.48671 1.50753 167.54615
7054.95436 45.95122 1.46681 1.48758 161.93640
7053.94145 45.27017 1.44477 1.46553 157.75021
7053.66119 45.06216 1.43810 1.45880 156.71137
7052.66750 44.37851 1.41586 1.43667 152.84190
7052.01513 43.86260 1.39912 1.41996 150.55123
7051.10405 43.00985 1.37100 1.39236 148.46935
7050.94887 42.86097 1.36606 1.38754 148.11211
7050.17572 42.16574 1.34302 1.36503 145.71839
7049.86709 41.88408 1.33366 1.35591 144.77777
7049.29399 41.37385 1.31666 1.33940 143.02791
7048.85337 41.02655 1.30488 1.32815 141.52680
7048.60409 40.79909 1.29702 1.32079 140.81011
7047.91101 40.35151 1.28235 1.30630 138.21341
7048.07151 40.45223 1.28553 1.30956 138.82686
7047.00538 39.85118 1.26764 1.29010 134.63955
7046.34846 39.44762 1.25535 1.27704 132.26758
7045.98708 39.24771 1.24866 1.27057 130.98978
7044.88763 38.58583 1.22604 1.24914 127.35588
7044.43390 38.28077 1.21584 1.23926 125.93941
7043.87040 37.89708 1.20306 1.22684 124.24515
7043.10347 37.44957 1.18803 1.21236 121.82114
7043.03788 37.41014 1.18670 1.21108 121.61633
7042.00841 36.82264 1.16710 1.19206 118.81864
7041.36677 36.43817 1.15422 1.17961 117.07756
7040.98937 36.22041 1.14693 1.17256 115.94923
7039.98362 35.62575 1.12703 1.15331 113.16527
7039.70858 35.46564 1.12172 1.14813 112.41532
7038.88685 34.99303 1.10601 1.13283 110.21517
7037.83939 34.30871 1.08300 1.11068 107.51231
7038.03562 34.42694 1.08696 1.11450 108.01649
7037.04323 33.86303 1.06819 1.09625 105.49520
7036.32916 33.45395 1.05452 1.08300 103.73525
7036.01990 33.27362 1.04847 1.07717 102.98034
7034.99917 32.68628 1.02887 1.05815 100.55865
7034.68966 32.49590 1.02253 1.05199 99.81997
7034.14801 32.21847 1.01340 1.04301 98.59547
7033.03920 31.60585 0.99267 1.02318 96.31739
7032.47208 31.24559 0.98065 1.01151 95.02310
7031.79102 30.77340 0.96688 0.99623 93.50120
7031.09417 30.34967 0.95415 0.98251 92.02148
7030.77173 30.13628 0.94708 0.97560 91.31335
7029.84008 29.52669 0.92607 0.95587 89.27116
7029.94983 29.58405 0.92802 0.95772 89.49282
7029.68177 29.45853 0.92375 0.95366 88.97163
7028.75759 29.13257 0.91284 0.94311 87.38647
7027.79713 28.75080 0.90013 0.93075 85.75900
7027.80537 28.75523 0.90028 0.93089 85.77451
7026.74764 28.37058 0.88767 0.91844 84.14129
7025.57849 27.91105 0.87262 0.90356 82.38728
7024.60215 27.43195 0.85682 0.88805 80.82226
7023.66139 26.83303 0.83699 0.86867 79.07096
7022.71608 26.14342 0.81397 0.84634 77.08061
7022.78146 26.19054 0.81555 0.84787 77.21624
7021.81576 25.56302 0.79462 0.82755 75.36670
7021.53286 25.38770 0.78879 0.82188 74.84444
7021.50048 25.33633 0.78705 0.82021 74.71223
7020.92305 25.13763 0.78051 0.81378 74.02327
7020.03500 24.86563 0.77158 0.80498 73.08904
7019.72778 24.75969 0.76811 0.80155 72.74583
7018.55756 24.31247 0.75345 0.78707 71.39560
7017.32087 23.73548 0.73464 0.76839 69.74518
7016.77380 23.44231 0.72496 0.75890 68.90633
7015.91140 22.95207 0.70846 0.74303 67.51168
7014.86031 22.28066 0.68817 0.72129 65.75878
7015.15704 22.44889 0.69302 0.72674 66.17695
7014.48289 22.08355 0.68251 0.71491 65.28949
7013.75316 21.83195 0.67508 0.70677 64.69653
7013.50179 21.72432 0.67165 0.70328 64.41948
7012.69333 21.41588 0.66140 0.69330 63.61354
7011.56905 20.97002 0.64653 0.67886 62.45048
7010.72554 20.58517 0.63384 0.66640 61.45012
7010.32231 20.38439 0.62720 0.65990 60.92700
7009.32830 19.90697 0.61145 0.64445 59.66033
7008.63014 19.56576 0.60018 0.63340 58.76280
7008.64614 19.56466 0.60014 0.63337 58.75330
7007.87196 19.26849 0.59040 0.62378 58.03683
7006.99258 18.99781 0.58164 0.61502 57.44929
7006.46234 18.82310 0.57597 0.60936 57.03078
7006.11681 18.71717 0.57260 0.60593 56.80795
7004.89053 18.36536 0.56161 0.59454 56.13716
7003.51460 17.81925 0.54404 0.57686 54.82395
7002.86528 17.49204 0.53342 0.56627 53.94447
7002.30705 17.20446 0.52415 0.55696 53.15612
7001.36285 16.75907 0.50976 0.54254 51.97714
7001.01823 16.59455 0.50440 0.53722 51.53552
7000.52603 16.37384 0.49718 0.53007 50.96258
6999.47197 15.93083 0.48276 0.51573 49.83633
6998.74630 15.58344 0.47149 0.50448 48.88250
6998.77157 15.58943 0.47168 0.50468 48.89311
6997.96525 15.30842 0.46255 0.49558 48.18697
6997.02148 15.02916 0.45354 0.48654 47.60100
6996.36413 14.81341 0.44665 0.47955 47.11255
6996.11178 14.74305 0.44447 0.47728 46.97423
6995.15914 14.46655 0.43582 0.46833 46.39298
6994.14533 14.19666 0.42738 0.45959 45.84859
6993.05266 13.87378 0.41706 0.44914 45.08018
6992.91376 13.82594 0.41550 0.44759 44.95572
6992.07133 13.57873 0.40800 0.43958 44.39704
6991.05707 13.27372 0.39962 0.42971 43.75909
6990.09445 12.98443 0.39230 0.42034 43.18031
6989.80933 12.90194 0.39015 0.41767 43.01217
6989.80736 12.90313 0.39019 0.41771 43.01761
6989.03964 12.81078 0.38845 0.41472 43.02285
6988.21457 12.75995 0.38806 0.41308 43.21891
6987.18989 12.71019 0.38845 0.41147 43.55256
6985.86180 12.60592 0.38788 0.40809 43.82007
6984.39716 12.34318 0.38247 0.39959 43.39892
6983.34142 12.06234 0.37545 0.39049 42.58914
6982.69235 11.93636 0.37286 0.38642 42.34977
6982.38988 11.87802 0.37170 0.38453 42.23559
6981.08475 11.56517 0.36460 0.37440 41.50380
6979.72899 11.09372 0.35233 0.35914 39.96226
6978.64525 10.66012 0.34071 0.34510 38.56026
6977.93941 10.30996 0.33089 0.33376 37.32448
6976.79017 9.62228 0.31092 0.31150 34.78679
6976.01083 9.06661 0.29429 0.29351 32.69465
0.00000 0.00000 0.00000 0.00000 0.00000
