7200.88868 238.99582 8.01688 7.73701 875.19132
7200.60030 238.62476 8.00875 7.72500 873.45291
7200.19329 237.99163 7.98350 7.70450 872.72198
7199.66284 236.98745 7.94336 7.67199 874.79671
7199.59980 236.87257 7.94120 7.66828 874.98794
7199.00503 235.98326 7.91848 7.63949 873.54699
7198.59930 235.38714 7.89130 7.62019 872.31086
7198.34373 234.97908 7.87958 7.60698 872.19176
7197.71199 233.97490 7.85426 7.57447 870.68697
7197.59880 233.82246 7.85124 7.56953 869.76002
7197.11224 232.97071 7.81482 7.54196 870.16096
7196.59830 231.99269 7.79004 7.51030 872.36921
7196.58024 231.96653 7.78961 7.50945 872.31490
7195.90609 230.96234 7.74547 7.47694 870.58059
7195.59780 230.46675 7.73180 7.46090 870.38240
7195.27211 229.95816 7.71867 7.44444 869.93787
7194.59730 229.00264 7.68743 7.41350 867.46117
7194.56694 228.95397 7.68506 7.41193 867.43921
7194.00016 227.94979 7.65372 7.37942 868.64088
7193.59680 227.23395 7.62796 7.35624 869.57475
7193.40174 226.94561 7.61469 7.34691 868.89709
7192.79544 225.94142 7.57806 7.31440 868.97069
7192.59630 225.57666 7.56859 7.30259 869.41930
7192.16199 224.93724 7.55556 7.28189 868.58503
7191.59580 224.23201 7.52761 7.25906 866.02200
7191.41481 223.93305 7.51800 7.24938 865.96812
7190.86216 222.92887 7.48608 7.21688 867.41660
7190.59530 222.50476 7.46932 7.20315 867.24550
7190.21429 221.92469 7.44728 7.18437 866.50619
7189.60952 220.92050 7.41825 7.15186 866.73072
7189.59480 220.89710 7.41766 7.15110 866.71759
7188.93838 219.91632 7.38062 7.11935 865.09545
7188.59430 219.39884 7.36500 7.10260 864.35393
7188.29660 218.91213 7.35223 7.08684 864.34929
7187.68364 217.90795 7.31495 7.05433 864.33235
7187.59380 217.77990 7.31033 7.05019 864.00165
7187.04354 216.90377 7.28136 7.02183 863.80258
7186.59330 216.08689 7.26007 6.99538 863.63079
7186.47790 215.89958 7.25383 6.98932 863.24358
7185.86156 214.89540 7.21572 6.95681 863.25434
7185.59280 214.44244 7.20150 6.94215 863.44320
7185.23474 213.89121 7.18533 6.92430 862.97266
7184.59230 212.92232 7.14878 6.89293 861.37335
7184.56826 212.88703 7.14754 6.89179 861.29601
7183.90080 211.88285 7.12141 6.85928 861.01276
7183.59180 211.47363 7.10479 6.84604 860.67660
7183.20016 210.87866 7.07985 6.82677 860.74355
7182.62950 209.87448 7.04789 6.79427 861.82870
7182.59130 209.80759 7.04588 6.79210 861.89630
7181.96952 208.87029 7.01252 6.76176 860.63972
7181.59080 208.29056 6.99209 6.74299 860.17125
7181.33092 207.86611 6.98457 6.72925 859.44385
7180.69690 206.86192 6.95157 6.69674 857.85699
7180.59030 206.72023 6.94661 6.69215 857.36408
7180.08149 205.85774 6.91698 6.66423 858.04227
7179.58979 204.96203 6.88574 6.63524 859.76372
7179.51323 204.85356 6.88224 6.63172 859.49341
7178.85693 203.84937 6.84510 6.59922 858.51835
7178.58929 203.42979 6.83438 6.58563 858.30977
7178.20158 202.84519 6.81620 6.56671 857.59243
7177.58879 201.99038 6.78778 6.53903 855.20015
7177.49686 201.84100 6.78276 6.53420 855.21497
7176.93934 200.83682 6.74897 6.50169 857.13081
7176.58829 200.25758 6.72647 6.48294 857.31699
7176.29089 199.83264 6.71018 6.46918 856.44996
7175.67305 198.82845 6.68006 6.43667 856.31513
7175.58779 198.68518 6.67612 6.43204 856.01626
7175.01060 197.82427 6.65093 6.40417 853.44919
7174.58729 197.27578 6.63290 6.38641 852.79481
7174.29740 196.82008 6.61748 6.37166 853.87939
7173.68902 195.81590 6.57964 6.33915 854.87791
7173.58679 195.66968 6.57403 6.33441 854.45325
7173.03078 194.81172 6.54755 6.30664 853.76779
7172.58629 194.09966 6.52341 6.28359 853.84408
7172.38555 193.80753 6.51404 6.27413 853.35360
7171.72957 192.80335 6.47984 6.24162 852.62696
7171.58579 192.57479 6.47283 6.23422 852.62428
7171.10227 191.79916 6.44746 6.20911 852.71274
7170.58529 191.03575 6.41908 6.18440 851.69698
7170.41929 190.79498 6.41209 6.17661 851.35070
7169.81940 189.79079 6.38370 6.14410 850.45065
7169.58479 189.45413 6.37445 6.13320 849.45545
7169.14719 188.78661 6.34984 6.11159 849.19451
7168.58429 187.81022 6.31691 6.07998 850.89865
7168.56536 187.78243 6.31609 6.07908 850.86239
7167.88458 186.77824 6.27909 6.04657 849.56235
7167.58379 186.34253 6.26679 6.03247 848.88532
7167.21381 185.77406 6.24945 6.01406 848.55049
7166.58329 184.86585 6.22006 5.98466 846.74634
7166.51187 184.76987 6.21684 5.98156 846.56797
7165.86097 183.76569 6.17982 5.94905 848.82594
7165.58279 183.32550 6.16428 5.93480 849.65850
7165.18523 182.76151 6.14435 5.91654 848.45427
7164.58229 181.86815 6.11687 5.88762 847.11100
7164.50842 181.75732 6.11417 5.88403 846.74554
7163.87621 180.75314 6.08486 5.85152 845.59077
7163.58179 180.37792 6.07272 5.83937 844.05454
7163.18586 179.74895 6.05119 5.81901 844.28514
7162.61271 178.74477 6.01358 5.78650 846.72281
7162.58129 178.69533 6.01162 5.78490 846.73519
7161.92831 177.74059 5.98009 5.75400 845.53177
7161.58079 177.22157 5.96337 5.73719 845.20187
7161.23626 176.73640 5.94878 5.72149 844.29787
7160.58029 175.86262 5.92152 5.69320 841.50616
7160.49307 175.73222 5.91742 5.68898 841.41532
7159.89724 174.72803 5.88214 5.65647 843.29194
7159.57979 174.25685 5.86470 5.64122 842.91188
7159.21612 173.72385 5.84721 5.62396 842.34073
7158.58808 172.71967 5.81202 5.59145 843.21208
7158.57929 172.70574 5.81163 5.59100 843.19269
7157.93589 171.71548 5.78324 5.55895 841.17676
7157.57879 171.17811 5.76553 5.54155 841.05934
7157.23072 170.71130 5.75217 5.52644 840.18000
7156.57829 169.88933 5.72256 5.49983 839.38722
7156.45214 169.70711 5.71593 5.49393 839.57048
7155.79865 168.70293 5.68271 5.46142 839.85920
7155.57779 168.37746 5.67201 5.45088 839.57851
7155.10954 167.69874 5.64876 5.42891 839.03425
7154.57729 166.90242 5.62209 5.40313 838.99029
7154.42257 166.69456 5.61648 5.39640 838.44818
7153.68189 165.69038 5.58422 5.36389 836.12677
7153.57679 165.55479 5.58026 5.35951 835.62123
7152.99805 164.68619 5.55038 5.33139 835.87687
7152.57629 164.04432 5.53022 5.31061 835.30382
7152.34183 163.68201 5.52046 5.29888 834.43550
7151.74866 162.67782 5.48324 5.26637 836.72376
7151.57579 162.41623 5.47507 5.25790 836.88623
7150.99152 161.67364 5.45242 5.23386 834.02832
7150.57529 161.10834 5.43450 5.21556 832.87839
7150.27824 160.66946 5.42047 5.20135 832.90136
7149.57479 159.68274 5.38772 5.16941 831.82050
7149.56197 159.66527 5.38716 5.16884 831.78289
7148.88784 158.66109 5.35251 5.13634 831.87842
7148.57429 158.19111 5.33569 5.12112 833.14295
7148.14174 157.65690 5.31707 5.10383 832.88249
7147.57379 156.93312 5.29408 5.08040 831.22101
7147.37219 156.65272 5.28580 5.07132 830.71620
7146.64345 155.64854 5.25273 5.03881 829.40623
7146.57329 155.55566 5.24954 5.03580 829.26563
7146.00087 154.64435 5.21970 5.00630 829.65830
7145.57279 153.96006 5.19803 4.98415 829.99979
7145.34264 153.64017 5.18657 4.97379 829.87796
7144.62387 152.63598 5.15247 4.94128 829.06672
7144.57229 152.56789 5.15065 4.93908 828.92092
7143.87836 151.63180 5.12047 4.90878 827.48823
7143.57179 151.22922 5.10794 4.89574 826.59951
7143.14170 150.62762 5.08842 4.87627 826.24582
7142.57129 149.81480 5.06025 4.84995 826.25699
7142.43427 149.62343 5.05341 4.84376 826.16621
7141.74124 148.61925 5.01846 4.81125 826.63562
7141.57079 148.38658 5.01161 4.80372 826.42632
7141.00406 147.61506 4.98515 4.77874 825.62805
7140.57029 147.01437 4.96444 4.75930 825.56609
7140.25744 146.61088 4.95305 4.74623 824.41128
7139.58391 145.60669 4.92346 4.71373 823.27836
7139.56978 145.58940 4.92286 4.71317 823.25549
7138.76757 144.60251 4.88789 4.68122 823.46971
7138.56928 144.35575 4.88107 4.67323 822.86550
7138.02594 143.59833 4.85452 4.64871 822.52846
7137.56878 142.96960 4.83311 4.62835 822.37050
7137.27585 142.59414 4.82281 4.61620 821.57873
7136.56828 141.69628 4.79172 4.58713 819.44128
7136.49019 141.58996 4.78827 4.58369 819.40363
7135.78360 140.58577 4.75531 4.55118 820.18725
7135.56778 140.30631 4.74620 4.54214 819.73440
7135.03728 139.58159 4.72078 4.51867 819.65227
7134.56728 138.93263 4.69852 4.49767 819.83009
7134.28622 138.57741 4.68764 4.48617 818.98548
7133.56678 137.67404 4.65707 4.45692 817.20936
7133.48879 137.57322 4.65392 4.45366 817.04026
7132.80928 136.56904 4.62581 4.42115 816.16434
7132.56628 136.27168 4.61639 4.41152 815.18553
7132.05880 135.56485 4.59008 4.38864 816.17939
7131.56578 134.88564 4.56743 4.36665 816.24951
7131.28341 134.56067 4.55866 4.35613 814.57520
7130.56528 133.71625 4.52793 4.32880 814.29471
7130.43303 133.55649 4.52249 4.32362 814.41511
7129.62540 132.55230 4.49125 4.29112 812.89522
7129.56478 132.48361 4.48901 4.28889 812.50607
7128.84793 131.54812 4.45765 4.25861 812.07751
7128.56428 131.17914 4.44580 4.24666 811.88682
7128.08336 130.54393 4.42085 4.22610 811.84583
7127.56378 129.86959 4.39998 4.20427 811.52191
7127.29556 129.53975 4.38986 4.19359 810.96887
7126.56328 128.58057 4.35921 4.16254 809.71043
7126.52795 128.53556 4.35816 4.16108 809.46892
7125.77395 127.53138 4.32732 4.12857 808.46337
7125.56278 127.27209 4.31876 4.12018 808.11836
7124.99082 126.52720 4.29085 4.09606 808.10111
7124.56228 125.97657 4.27403 4.07824 808.05386
7124.19186 125.52301 4.25996 4.06356 807.32598
7123.56178 124.74210 4.23166 4.03828 806.35385
7123.37470 124.51883 4.22554 4.03105 805.86690
7122.56128 123.55893 4.19522 3.99997 803.31444
7122.52448 123.51464 4.19372 3.99854 803.19670
7121.72256 122.51046 4.15987 3.96603 803.51488
7121.56078 122.32605 4.15347 3.96006 803.64460
7120.85727 121.50628 4.12379 3.93352 804.22298
7120.56028 121.15626 4.11254 3.92219 803.23372
7120.01039 120.50209 4.09309 3.90101 801.66862
7119.55978 119.96380 4.07377 3.88359 801.19668
7119.19316 119.49791 4.05762 3.86851 800.41477
7118.55928 118.64714 4.03566 3.84096 799.52546
7118.44043 118.49372 4.02996 3.83600 799.71089
7117.65121 117.48954 3.99251 3.80349 800.69237
7117.55878 117.37338 3.98901 3.79973 800.74069
7116.78208 116.48536 3.95868 3.77098 798.37849
7116.55828 116.22869 3.95013 3.76267 797.72771
7115.92522 115.48117 3.92868 3.73847 796.72449
7115.55778 115.07935 3.91549 3.72546 795.12857
7115.06243 114.47699 3.89474 3.70596 794.99599
7114.55728 113.87128 3.87413 3.68635 794.79030
7114.20436 113.47280 3.86002 3.67346 793.74926
7113.55678 112.70588 3.83520 3.64863 792.70908
7113.33118 112.46862 3.82851 3.64095 792.03193
7112.55628 111.69837 3.80361 3.61601 790.61953
7112.35161 111.46444 3.79482 3.60844 790.58134
7111.62209 110.46025 3.76405 3.57593 790.99607
7111.55578 110.38175 3.76210 3.57339 790.75426
7110.73722 109.45607 3.72794 3.54342 789.20062
7110.55528 109.24528 3.72233 3.53660 788.99605
7109.87639 108.45188 3.69746 3.51091 788.57207
7109.55478 108.10545 3.68427 3.49970 787.33346
7108.98036 107.44770 3.66533 3.47840 786.63023
7108.55428 106.97722 3.64998 3.46317 785.53599
7108.07712 106.44351 3.62743 3.44590 784.60299
7107.55378 105.83962 3.61311 3.42635 784.44445
7107.19454 105.43933 3.59887 3.41339 783.76091
7106.55328 104.70982 3.57119 3.38977 783.19496
7106.30329 104.43515 3.56475 3.38088 782.65857
7105.55278 103.65426 3.53847 3.35560 779.28526
7105.35423 103.43096 3.53013 3.34837 779.12613
7104.55228 102.53647 3.50247 3.31941 777.96344
7104.44051 102.42678 3.49934 3.31586 777.34031
7103.55178 101.42318 3.46349 3.28337 777.75009
7103.55128 101.42259 3.46347 3.28335 777.75086
7102.61546 100.41841 3.43704 3.25085 775.24057
7102.55128 100.35271 3.43391 3.24872 774.94239
7101.68539 99.41423 3.40017 3.21834 773.43977
7101.55078 99.26716 3.39906 3.21358 773.25337
7100.78156 98.41004 3.35751 3.18583 773.04272
7100.55028 98.16764 3.35067 3.17798 772.38267
7099.81957 97.40586 3.33619 3.15332 770.09160
7099.54977 97.12584 3.31454 3.14425 769.20821
7098.86933 96.40167 3.29894 3.12081 767.90241
7098.54927 96.06263 3.29096 3.10984 767.26913
7097.92880 95.39749 3.24741 3.08830 766.49494
7097.54877 94.99057 3.23958 3.07513 766.00955
7096.97317 94.39331 3.21826 3.05579 764.39380
7096.54827 93.96451 3.19134 3.04191 763.15265
7095.99853 93.38912 3.17674 3.02329 760.68947
7095.54777 92.90422 3.15958 3.00759 758.36539
7095.02722 92.38494 3.13177 2.99078 758.48359
7094.54727 91.93279 3.11387 2.97614 756.68713
7094.01698 91.38075 3.09227 2.95827 755.18355
7093.54677 90.90357 3.06718 2.94282 753.72154
7093.00850 90.37657 3.04170 2.92576 751.12970
7092.54627 89.94190 3.02462 2.91169 747.83416
7092.00226 89.37238 2.99570 2.89325 747.13765
7091.54577 88.87858 2.96996 2.87727 747.48501
7091.01471 88.36820 2.94972 2.86074 744.41070
7090.54527 87.93734 2.92768 2.84680 740.55027
7089.99448 87.36402 2.89928 2.82824 739.80372
7089.54477 86.92527 2.88120 2.81403 737.54410
7088.97691 86.35983 2.85338 2.79573 735.29784
7088.54427 85.92532 2.83294 2.78166 733.90982
7087.92983 85.35565 2.80753 2.76322 728.69194
7087.54377 84.97368 2.78854 2.75085 726.77678
7086.87242 84.35146 2.75373 2.73071 724.17241
7086.54327 84.04802 2.73875 2.72089 722.09772
7085.87194 83.34728 2.70556 2.69820 717.61058
7085.54277 83.05077 2.69083 2.68860 713.57413
7084.77847 82.34310 2.65059 2.66569 706.67366
7084.54227 82.10370 2.63488 2.65794 705.46859
7083.83528 81.33891 2.59742 2.63318 705.63216
7083.54177 81.06204 2.58071 2.62422 702.67587
7082.77061 80.33473 2.52978 2.60068 694.42130
7082.54127 80.13144 2.51474 2.59410 690.78813
7081.77167 79.33054 2.46454 2.56817 686.19936
7081.54077 79.09538 2.45314 2.56055 683.98530
7080.79691 78.32636 2.42299 2.53566 674.34291
7080.54027 77.99881 2.41129 2.52506 674.05159
7080.01721 77.32218 2.38413 2.50315 670.31142
7079.53977 76.61313 2.35875 2.48020 668.00951
7079.33820 76.31799 2.35207 2.47064 665.59812
7078.83249 75.31381 2.31706 2.43813 666.11650
7078.53927 74.84734 2.30001 2.42303 656.63602
7078.26221 74.30962 2.28365 2.40563 653.41424
7077.84347 73.30544 2.25416 2.37312 655.95383
7077.53877 72.73848 2.23400 2.35476 651.59393
7077.30882 72.30126 2.21450 2.34061 647.82615
7076.91684 71.29707 2.18033 2.30810 645.17835
7076.53827 70.45952 2.16006 2.28099 634.30275
7076.45474 70.29289 2.15653 2.27559 631.43426
7075.99796 69.28870 2.12507 2.24308 618.99161
7075.53777 68.37675 2.09662 2.21356 604.88808
7075.48766 68.28452 2.09423 2.21057 603.24165
7074.97612 67.28033 2.07521 2.17807 588.61588
7074.53727 66.52936 2.05997 2.15375 575.16605
7074.35690 66.27615 2.05523 2.14556 568.47613
7073.74149 65.27197 2.03258 2.11305 550.39125
7073.53677 64.99033 2.02767 2.10393 544.39793
7072.95711 64.26778 2.01291 2.08054 527.00694
7072.53627 63.73602 1.99868 2.06333 515.50781
7072.13724 63.26360 1.98814 2.04803 504.67768
7071.53577 62.54562 1.97027 2.02479 489.57381
7071.27348 62.25941 1.96238 2.01552 482.99576
7070.53527 61.42546 1.93968 1.98853 465.95126
7070.36822 61.25523 1.93548 1.98302 462.06925
7069.53477 60.36549 1.90971 1.95421 444.28965
7069.41641 60.25105 1.90646 1.95051 441.67528
7068.53427 59.36344 1.88148 1.92177 425.12310
7068.40856 59.24686 1.87774 1.91800 423.17096
7067.53377 58.45878 1.85414 1.89249 408.19208
7067.29924 58.24268 1.84837 1.88549 403.73663
7066.53327 57.46195 1.82679 1.86022 390.40408
7066.30567 57.23849 1.82068 1.85298 386.60894
7065.53277 56.54502 1.79999 1.83053 374.38523
7065.19402 56.23431 1.79017 1.82047 369.37285
7064.53227 55.66389 1.77323 1.80201 359.55344
7064.03329 55.23013 1.76041 1.78796 352.56418
7063.53177 54.79456 1.74709 1.77386 345.84724
7062.86783 54.22594 1.72953 1.75546 337.24882
7062.53127 53.90670 1.71993 1.74512 333.35059
7061.78063 53.22176 1.69794 1.72295 324.74485
7061.53077 53.00052 1.69029 1.71579 321.94268
7060.63655 52.21757 1.66676 1.69044 312.01593
7060.53027 52.13878 1.66468 1.68789 310.77900
7059.52976 51.55168 1.64720 1.66888 300.01604
7059.07117 51.21339 1.63698 1.65793 295.21136
7058.52926 50.78644 1.62367 1.64411 289.58417
7057.78744 50.20921 1.60562 1.62542 282.36024
7057.52876 50.01097 1.59973 1.61901 279.86268
7056.52826 49.22472 1.57600 1.59355 270.78104
7056.50429 49.20502 1.57539 1.59291 270.57431
7055.52776 48.34213 1.55143 1.56498 262.19102
7055.38410 48.20084 1.54785 1.56041 261.02861
7054.52726 47.37212 1.52074 1.53358 254.85777
7054.33736 47.19665 1.51493 1.52790 253.48633
7053.52676 46.40454 1.49065 1.50225 247.89511
7053.29629 46.19247 1.48408 1.49539 246.26444
7052.52626 45.50250 1.46150 1.47305 240.79637
7052.17144 45.18828 1.45181 1.46288 238.19251
7051.52576 44.63603 1.43251 1.44500 234.04535
7050.98324 44.18410 1.41647 1.43037 231.00505
7050.52526 43.79481 1.40471 1.41777 227.88468
7049.68328 43.17992 1.38506 1.39786 221.68336
7049.52476 43.07169 1.38125 1.39436 220.52823
7048.52426 42.47909 1.36166 1.37518 212.97646
7048.04637 42.17573 1.35235 1.36535 209.56987
7047.52376 41.88912 1.34239 1.35608 205.73889
7046.52326 41.24492 1.32237 1.33522 199.00681
7046.42314 41.17155 1.32018 1.33285 198.38148
7045.52276 40.52693 1.29944 1.31198 192.81282
7045.05104 40.16736 1.28906 1.30034 189.90064
7044.52226 39.67875 1.27528 1.28452 186.83933
7043.98284 39.16318 1.25826 1.26783 183.99295
7043.52176 38.74941 1.24382 1.25443 181.58259
7042.87303 38.15900 1.22417 1.23532 178.08111
7042.52126 37.83228 1.21356 1.22474 176.34042
7041.63418 37.15481 1.19012 1.20281 172.15918
7041.52076 37.06528 1.18698 1.19991 171.55901
7040.52026 36.32665 1.16366 1.17600 166.02638
7040.24071 36.15063 1.15801 1.17030 164.48612
7039.51976 35.74815 1.14360 1.15727 160.46372
7038.53583 35.14644 1.12385 1.13780 155.23780
7038.51926 35.13664 1.12354 1.13748 155.15076
7037.51876 34.53967 1.10273 1.11815 150.01051
7036.94933 34.14226 1.08917 1.10529 147.23402
7036.51826 33.85087 1.07979 1.09585 145.15430
7035.51776 33.28215 1.06101 1.07744 140.33595
7035.27505 33.13808 1.05553 1.07278 139.20803
7034.51726 32.68987 1.03958 1.05827 135.68696
7033.51676 32.14096 1.02295 1.04050 131.58866
7033.50497 32.13389 1.02272 1.04027 131.54503
7032.51626 31.57247 1.00304 1.02210 127.36658
7031.81578 31.12971 0.98852 1.00776 124.43239
7031.51576 30.93432 0.98341 1.00144 123.19022
7030.51526 30.31144 0.96426 0.98127 119.13113
7030.22642 30.12552 0.95768 0.97525 117.99043
7029.51476 29.69984 0.94344 0.96147 115.22863
7028.51426 29.12301 0.92598 0.94280 111.45857
7028.51143 29.12134 0.92592 0.94275 111.44807
7027.51376 28.55202 0.90597 0.92431 107.81554
7026.78047 28.11715 0.89223 0.91024 105.21189
7026.51326 27.97634 0.88753 0.90568 104.29026
7025.51276 27.44382 0.86918 0.88844 100.91077
7024.96257 27.11297 0.85751 0.87773 99.06657
7024.51226 26.80497 0.84759 0.86776 97.68992
7023.51176 26.17270 0.82631 0.84729 94.54399
7023.41061 26.10879 0.82387 0.84522 94.20724
7022.51126 25.49060 0.80212 0.82521 91.26613
7021.85711 25.10460 0.79097 0.81271 89.24152
7021.51076 24.94004 0.78591 0.80738 88.24752
7020.51026 24.58138 0.77197 0.79577 85.62753
7019.50975 24.20933 0.75753 0.78373 83.11988
7019.26535 24.10042 0.75370 0.78020 82.49802
7018.50925 23.81320 0.74615 0.77090 80.69732
7017.50875 23.43467 0.73410 0.75865 78.40840
7016.79995 23.09623 0.72298 0.74769 76.68357
7016.50825 22.90052 0.71650 0.74136 75.89864
7015.50775 22.26676 0.69799 0.72084 73.54368
7015.27023 22.09205 0.69258 0.71519 72.92314
7014.50725 21.57287 0.67420 0.69838 70.93841
7013.78694 21.08787 0.65879 0.68268 69.04384
7013.50675 20.90754 0.65403 0.67684 68.33261
7012.50625 20.51845 0.64142 0.66424 66.41894
7011.50575 20.21350 0.62963 0.65437 64.78797
7011.16116 20.08368 0.62463 0.65017 64.18642
7010.50525 19.82121 0.61541 0.64167 63.01827
7009.50475 19.36080 0.60175 0.62677 61.16073
7008.98325 19.07950 0.59130 0.61766 60.10710
7008.50425 18.80789 0.58219 0.60887 59.11366
7007.50375 18.16380 0.56208 0.58802 56.86474
7007.33878 18.07531 0.55941 0.58515 56.54534
7006.50325 17.67581 0.54636 0.57222 55.11806
7005.50275 17.26456 0.53087 0.55891 53.56725
7005.07074 17.07113 0.52399 0.55264 52.87243
7004.50225 16.84682 0.51749 0.54538 52.05318
7003.50175 16.45951 0.50519 0.53284 50.66084
7002.62498 16.06695 0.49175 0.52014 49.32523
7002.50125 16.00493 0.48968 0.51813 49.11883
7001.50075 15.51620 0.47384 0.50231 47.51287
7000.58795 15.06276 0.46036 0.48763 46.03916
7000.50025 15.02077 0.45900 0.48627 45.90511
6999.49975 14.64246 0.44474 0.47402 44.68539
6998.49925 14.33321 0.43256 0.46401 43.70551
6997.57478 14.05858 0.42420 0.45512 42.83285
6997.49875 14.03672 0.42369 0.45441 42.76507
6996.49825 13.71322 0.41399 0.44394 41.78603
6995.49775 13.32200 0.40093 0.43127 40.69367
6994.99096 13.05439 0.39231 0.42261 39.99610
6994.49725 12.79688 0.38603 0.41427 39.32538
6993.49675 12.32607 0.37356 0.39903 37.98320
6992.91687 12.05021 0.36430 0.39010 37.13701
6992.49625 11.86111 0.35718 0.38398 36.57829
6991.49575 11.44379 0.34332 0.37047 35.37235
6990.67552 11.04603 0.33221 0.35759 34.20124
6990.49525 10.96773 0.33003 0.35506 33.97423
6989.49475 10.62711 0.31825 0.34403 33.03138
6988.49425 10.36849 0.30808 0.33566 32.34043
6987.58388 10.04184 0.29717 0.32508 31.42987
6987.49375 10.01164 0.29638 0.32411 31.34679
6986.49325 9.71806 0.28920 0.31460 30.56238
6985.49275 9.44646 0.28199 0.30581 29.85113
6984.49225 9.16041 0.27242 0.29655 29.08461
6984.13672 9.03766 0.26788 0.29258 28.73777
6983.49175 8.84108 0.26145 0.28621 28.19844
6982.49125 8.54019 0.25378 0.27647 27.37080
6981.49075 8.26300 0.24675 0.26750 26.61229
6980.58588 8.03347 0.24129 0.26007 25.97848
6980.49025 8.01704 0.24093 0.25954 25.93662
6979.48974 7.88802 0.23710 0.25536 25.67490
6978.48924 7.82440 0.23456 0.25330 25.63920
6977.48874 7.77650 0.23238 0.25175 25.66697
6976.48824 7.71476 0.22945 0.24975 25.63645
6975.48774 7.54278 0.22278 0.24418 25.19033
6974.48724 7.29311 0.21220 0.23610 24.43985
6973.48674 7.09449 0.20574 0.22967 23.87087
6973.23343 7.02929 0.20548 0.22756 23.67198
6972.48624 6.81951 0.20224 0.22077 23.00534
6971.48574 6.44540 0.19317 0.20866 21.76227
6970.48524 6.02750 0.18146 0.19513 20.35716
6970.48132 6.02510 0.18141 0.19505 20.34895
6969.48474 5.37724 0.16508 0.17408 18.07954
6969.01916 5.02092 0.15279 0.16254 16.87202
0.00000 0.00000 0.00000 0.00000 0.00000
