6897.44295 10.04184 0.23657 0.32508 129.98121
6897.44872 10.04243 0.23660 0.32510 129.98337
6898.44922 10.13406 0.24111 0.32807 130.18687
6899.44972 10.22862 0.24576 0.33113 130.39890
6900.45023 10.32731 0.25066 0.33433 130.65761
6901.45073 10.40663 0.25501 0.33689 130.67390
6902.45123 10.52889 0.26081 0.34085 131.15401
6903.45173 10.63592 0.26591 0.34432 131.40143
6904.45223 10.74804 0.27107 0.34795 131.66569
6905.45273 10.85881 0.27625 0.35153 131.88872
6906.45323 10.99387 0.28229 0.35590 132.39297
6906.84200 11.04603 0.28463 0.35759 132.57622
6907.45373 11.12608 0.28824 0.36018 132.81497
6908.45423 11.25747 0.29431 0.36444 133.18870
6909.45473 11.36942 0.29976 0.36806 133.25785
6910.45523 11.48924 0.30533 0.37194 133.53483
6911.45573 11.61107 0.31119 0.37589 133.65354
6912.45623 11.74477 0.31743 0.38021 133.88671
6913.45673 11.88414 0.32392 0.38473 134.18783
6914.45723 12.04847 0.33121 0.39005 134.76618
6914.46765 12.05021 0.33129 0.39010 134.77308
6915.45773 12.21111 0.33859 0.39531 135.32764
6916.45823 12.36397 0.34560 0.40026 135.65394
6917.45873 12.51784 0.35265 0.40524 135.92610
6918.45923 12.66312 0.35899 0.40994 136.12576
6919.45973 12.82268 0.36567 0.41511 136.26132
6920.46023 13.00848 0.37297 0.42112 136.51294
6920.69802 13.05439 0.37474 0.42261 136.57609
6921.46073 13.20402 0.38046 0.42745 136.77760
6922.46123 13.40798 0.38825 0.43406 137.16731
6923.46173 13.59572 0.39579 0.44013 137.38619
6924.46223 13.77111 0.40346 0.44581 137.58959
6925.46273 13.98150 0.41242 0.45262 138.18535
6925.79055 14.05858 0.41574 0.45512 138.50847
6926.46323 14.21249 0.42236 0.46010 139.06272
6927.46373 14.39720 0.43048 0.46608 139.34594
6928.46423 14.56575 0.43800 0.47154 139.42136
6929.46473 14.76776 0.44664 0.47808 139.69073
6930.46523 14.98730 0.45582 0.48518 140.10973
6930.77094 15.06276 0.45891 0.48763 140.33259
6931.46573 15.23264 0.46591 0.49313 140.80579
6932.46623 15.44649 0.47504 0.50005 141.07039
6933.46673 15.65668 0.48404 0.50685 141.22910
6934.46723 15.89207 0.49387 0.51447 141.63395
6935.19761 16.06695 0.50112 0.52014 141.90199
6935.46773 16.13443 0.50387 0.52232 142.03094
6936.46823 16.36296 0.51312 0.52972 142.50939
6937.46873 16.59717 0.52273 0.53730 142.70585
6938.46923 16.84873 0.53298 0.54544 143.06962
6939.29174 17.07113 0.54191 0.55264 143.50068
6939.46973 17.11963 0.54386 0.55421 143.59472
6940.47024 17.36851 0.55401 0.56227 143.80041
6941.47074 17.60505 0.56365 0.56993 143.80199
6942.47124 17.86631 0.57397 0.57839 144.04290
6943.23433 18.07531 0.58212 0.58515 144.29626
6943.47174 18.14368 0.58477 0.58737 144.40476
6944.47224 18.42696 0.59562 0.59654 144.76365
6945.47274 18.68471 0.60536 0.60488 145.08060
6946.47324 18.95534 0.61560 0.61364 145.23830
6946.88228 19.07950 0.62026 0.61766 145.44242
6947.47374 19.25940 0.62694 0.62348 145.71483
6948.47424 19.53303 0.63702 0.63234 145.77092
6949.47474 19.82715 0.64741 0.64186 146.02604
6950.28894 20.08368 0.65607 0.65017 146.41742
6950.47524 20.14463 0.65812 0.65214 146.52403
6951.47574 20.44295 0.66849 0.66180 146.73337
6952.47624 20.71832 0.67798 0.67071 146.62470
6953.47674 21.02138 0.68783 0.68053 146.85258
6953.68755 21.08787 0.68995 0.68268 147.02817
6954.47724 21.34195 0.69815 0.69090 147.59313
6955.47774 21.66309 0.70866 0.70130 147.95260
6956.47824 21.97357 0.71816 0.71135 147.92549
6956.81349 22.09205 0.72165 0.71519 147.99500
6957.47874 22.34527 0.72827 0.72338 148.19600
6958.47924 22.69492 0.73710 0.73470 148.25582
6959.47974 23.05105 0.74764 0.74623 148.75388
6959.59716 23.09623 0.74908 0.74769 148.86833
6960.48024 23.39542 0.75873 0.75738 149.25677
6961.48074 23.69046 0.76787 0.76693 149.10337
6962.48124 24.04562 0.77836 0.77843 149.54133
6962.65258 24.10042 0.77998 0.78020 149.61193
6963.48174 24.37673 0.78831 0.78915 150.09087
6964.48224 24.72330 0.79931 0.80037 150.36612
6965.48274 25.06327 0.81037 0.81137 150.57131
6965.59170 25.10460 0.81170 0.81271 150.64002
6966.48324 25.45818 0.82242 0.82416 151.34317
6967.48374 25.82792 0.83385 0.83613 151.79300
6968.25091 26.10879 0.84286 0.84522 152.07220
6968.48424 26.19547 0.84569 0.84803 152.16803
6969.48474 26.54625 0.85700 0.85938 152.32273
6970.48524 26.91982 0.86876 0.87148 152.67731
6970.98710 27.11297 0.87493 0.87773 152.92127
6971.48574 27.30786 0.88143 0.88404 153.40367
6972.48624 27.65550 0.89294 0.89529 153.55577
6973.48674 28.00468 0.90421 0.90660 153.53492
6973.75127 28.11715 0.90780 0.91024 153.73816
6974.48724 28.45801 0.91884 0.92127 154.59582
6975.48774 28.85161 0.93173 0.93401 154.95557
6976.17729 29.12134 0.94040 0.94275 155.15637
6976.48824 29.24647 0.94438 0.94680 155.27226
6977.48874 29.63399 0.95739 0.95934 155.49536
6978.48924 30.03055 0.97094 0.97218 155.85412
6978.69051 30.12552 0.97414 0.97525 156.06841
6979.48974 30.53064 0.98754 0.98837 156.94187
6980.49025 30.95064 0.99911 1.00197 156.89581
6980.88873 31.12971 1.00396 1.00776 157.17216
6981.49075 31.39388 1.01247 1.01631 157.43342
6982.49125 31.79524 1.02599 1.02931 157.60620
6983.25538 32.13389 1.03725 1.04027 158.06465
6983.49175 32.25056 1.04119 1.04405 158.30607
6984.49225 32.70443 1.05633 1.05874 158.86780
6985.47076 33.13808 1.07121 1.07278 159.29503
6985.49275 33.14850 1.07157 1.07312 159.31126
6986.49325 33.58506 1.08631 1.08725 159.63918
6987.49375 33.98917 1.09982 1.10033 159.59716
6987.80719 34.14226 1.10495 1.10529 159.83874
6988.49425 34.49426 1.11665 1.11668 160.47884
6989.49475 34.87076 1.12909 1.12887 160.52308
6990.05103 35.14644 1.13831 1.13780 160.95718
6990.49525 35.38474 1.14644 1.14551 161.43181
6991.49575 35.84967 1.16231 1.16056 161.83556
6992.14278 36.15063 1.17238 1.17030 162.06225
6992.49625 36.32728 1.17828 1.17602 162.29811
6993.49675 36.82793 1.19540 1.19223 162.95276
6994.15570 37.15481 1.20618 1.20281 163.32740
6994.49725 37.32808 1.21203 1.20842 163.54760
6995.49775 37.78808 1.22731 1.22331 163.72691
6996.23111 38.15900 1.23994 1.23532 164.14316
6996.49825 38.30906 1.24508 1.24018 164.42772
6997.49875 38.80852 1.26187 1.25635 164.84866
6998.30071 39.16318 1.27405 1.26783 165.06543
6998.49925 39.26956 1.27772 1.27127 165.35378
6999.49975 39.84804 1.29633 1.29000 166.23839
7000.07688 40.16736 1.30544 1.30034 166.30052
7000.50025 40.38911 1.31196 1.30752 166.34285
7001.50075 40.90827 1.32895 1.32432 166.79025
7001.97386 41.17155 1.33844 1.33285 167.21738
7002.50125 41.47017 1.34854 1.34251 167.67962
7003.50175 41.97687 1.36564 1.35892 167.94587
7003.87007 42.17573 1.37219 1.36535 168.16493
7004.50225 42.54600 1.38491 1.37734 168.78322
7005.50275 43.07068 1.40252 1.39433 169.16709
7005.69779 43.17992 1.40613 1.39786 169.28874
7006.50325 43.60802 1.42037 1.41172 169.65376
7007.50375 44.12260 1.43838 1.42838 170.30161
7007.60716 44.18410 1.44046 1.43037 170.39343
7008.50425 44.67795 1.45657 1.44636 170.80753
7009.43874 45.18828 1.47383 1.46288 171.21730
7009.50475 45.22993 1.47528 1.46423 171.29432
7010.50525 45.81379 1.49498 1.48313 172.01067
7011.18289 46.19247 1.50713 1.49539 172.33170
7011.50575 46.38765 1.51381 1.50171 172.60497
7012.50625 46.94905 1.53344 1.51988 173.03979
7012.89430 47.19665 1.54192 1.52790 173.46124
7013.50675 47.58008 1.55496 1.54031 174.10210
7014.50725 48.14689 1.57375 1.55866 174.46562
7014.59681 48.20084 1.57544 1.56041 174.48260
7015.50775 48.81284 1.59311 1.58022 174.96556
7016.19420 49.20502 1.60510 1.59291 175.47239
7016.50825 49.37587 1.61106 1.59845 175.68963
7017.50875 49.97032 1.63172 1.61769 176.27193
7017.88323 50.20921 1.63937 1.62542 176.61742
7018.50925 50.60397 1.65210 1.63820 177.12588
7019.50712 51.21339 1.67342 1.65793 177.78611
7019.50975 51.21517 1.67348 1.65799 177.78928
7020.51026 51.82554 1.69300 1.67775 178.38915
7021.14916 52.21757 1.70580 1.69044 178.78305
7021.51076 52.46134 1.71452 1.69833 179.17831
7022.51126 53.08562 1.73491 1.71854 179.84428
7022.71528 53.22176 1.73942 1.72295 180.04630
7023.51176 53.76190 1.75764 1.74043 180.86774
7024.29516 54.22594 1.77372 1.75546 181.28180
7024.51226 54.35624 1.77764 1.75967 181.49033
7025.51276 54.92447 1.79471 1.77807 181.86217
7026.00142 55.23013 1.80560 1.78796 182.13728
7026.51326 55.59135 1.81755 1.79966 182.75169
7027.50108 56.23431 1.83802 1.82047 183.48550
7027.51376 56.24307 1.83828 1.82076 183.49716
7028.51426 56.92842 1.86189 1.84294 184.53803
7028.96757 57.23849 1.87125 1.85298 184.96015
7029.51476 57.65132 1.88180 1.86635 185.41870
7030.29814 58.24268 1.90038 1.88549 186.12740
7030.51526 58.39836 1.90533 1.89053 186.36051
7031.51576 59.06039 1.92573 1.91196 187.19790
7031.79169 59.24686 1.93113 1.91800 187.42603
7032.51626 59.75092 1.94854 1.93432 188.14452
7033.21063 60.25105 1.96373 1.95051 188.91525
7033.51676 60.47962 1.96953 1.95791 189.44296
7034.51726 61.08184 1.99033 1.97740 190.05343
7034.76608 61.25523 1.99595 1.98302 190.27544
7035.51776 61.80588 2.01262 2.00084 191.16800
7036.17218 62.25941 2.02617 2.01552 191.76706
7036.51826 62.51850 2.03546 2.02391 192.23002
7037.51876 63.25529 2.05653 2.04776 193.40506
7037.53011 63.26360 2.05667 2.04803 193.41746
7038.51926 63.97552 2.08046 2.07108 194.49273
7038.91114 64.26778 2.08961 2.08054 194.97885
7039.51976 64.71334 2.10146 2.09496 195.69023
7040.34107 65.27197 2.11949 2.11305 196.40351
7040.52026 65.41461 2.12439 2.11767 196.69550
7041.52076 66.22985 2.14612 2.14406 197.97842
7041.58438 66.27615 2.14685 2.14556 198.01160
7042.52126 66.94187 2.16774 2.16711 199.03796
7042.98994 67.28033 2.17801 2.17807 199.64631
7043.52176 67.66476 2.18656 2.19051 200.23338
7044.31807 68.28452 2.20727 2.21057 201.38383
7044.52226 68.44825 2.21256 2.21588 201.70054
7045.52276 69.16340 2.23150 2.23903 202.83638
7045.67564 69.28870 2.23492 2.24308 203.09433
7046.52326 69.98790 2.25858 2.26572 204.55305
7046.92046 70.29289 2.26713 2.27559 205.14032
7047.52376 70.77303 2.27716 2.29114 206.08906
7048.19557 71.29707 2.29676 2.30810 207.13325
7048.52426 71.55682 2.30321 2.31651 207.63683
7049.50496 72.30126 2.32224 2.34061 209.10229
7049.52476 72.31770 2.32284 2.34114 209.13769
7050.52526 73.09754 2.34543 2.36639 210.79258
7050.80763 73.30544 2.35045 2.37312 211.21341
7051.52576 73.86947 2.36680 2.39138 212.53168
7052.09500 74.30962 2.38112 2.40563 213.56941
7052.52626 74.65939 2.39051 2.41695 214.39518
7053.27911 75.31381 2.40550 2.43813 215.82260
7053.52676 75.53402 2.41241 2.44526 216.28558
7054.47099 76.31799 2.43080 2.47064 218.19216
7054.52726 76.36732 2.43190 2.47224 218.32039
7055.52776 77.19573 2.45909 2.49906 220.50062
7055.67841 77.32218 2.46184 2.50315 220.84144
7056.52826 78.03104 2.48245 2.52610 222.83310
7056.89218 78.32636 2.49541 2.53566 223.75828
7057.52876 78.84843 2.50501 2.55256 225.33000
7058.10637 79.33054 2.52509 2.56817 226.86889
7058.52926 79.70401 2.57977 2.58026 228.09290
7059.27644 80.33473 2.70564 2.60068 230.35124
7059.52976 80.56230 2.74204 2.60804 231.13740
7060.53027 81.29372 2.76339 2.63172 234.11848
7060.58092 81.33891 2.76208 2.63318 234.29926
7061.53077 82.19413 2.75280 2.66087 237.90544
7061.69882 82.34310 2.75759 2.66569 238.56324
7062.53127 83.04885 2.79720 2.68854 241.99310
7062.88557 83.34728 2.80625 2.69820 243.55521
7063.53177 84.00656 2.82739 2.71954 246.52952
7063.87265 84.35146 2.83735 2.73071 248.18143
7064.53227 84.93295 2.84987 2.74953 251.52737
7064.98210 85.35565 2.86319 2.76322 253.88170
7065.53277 85.86458 2.87601 2.77969 256.83459
7066.10084 86.35983 2.88659 2.79573 260.04635
7066.53327 86.76360 2.89955 2.80880 262.47698
7067.19048 87.36402 2.91508 2.82824 266.35854
7067.53377 87.68536 2.92329 2.83864 268.51598
7068.35254 88.36820 2.94575 2.86074 273.44269
7068.53427 88.51835 2.95102 2.86560 274.39835
7069.52910 89.37238 2.97746 2.89325 280.82417
7069.53477 89.37774 2.97762 2.89343 280.86118
7070.53527 90.30555 3.00877 2.92346 287.60586
7070.60991 90.37657 3.01113 2.92576 288.10265
7071.53577 91.28657 3.04026 2.95522 294.14609
7071.64013 91.38075 3.04342 2.95827 294.88779
7072.53627 92.18843 3.07163 2.98442 301.31784
7072.74509 92.38494 3.07849 2.99078 302.73670
7073.53677 93.18430 3.10399 3.01666 308.47032
7073.74057 93.38912 3.11021 3.02329 310.06693
7074.53727 94.17244 3.13725 3.04864 315.50973
7074.76262 94.39331 3.14532 3.05579 317.06421
7075.53777 95.14670 3.17226 3.08018 322.39765
7075.79041 95.39749 3.18123 3.08830 324.07809
7076.53827 96.10159 3.20709 3.11110 329.47811
7076.86154 96.40167 3.21800 3.12081 332.06088
7077.53877 97.05431 3.24173 3.14194 335.87833
7077.92938 97.40586 3.25476 3.15332 337.95554
7078.53927 97.99324 3.27637 3.17234 341.95279
7078.93692 98.41004 3.29164 3.18583 344.46027
7079.53977 99.01508 3.31424 3.20542 348.35216
7079.96170 99.41423 3.32907 3.21834 351.43864
7080.54027 99.96510 3.34967 3.23617 355.62121
7080.98972 100.41841 3.36664 3.25085 358.37870
7081.54077 101.00059 3.38839 3.26969 361.43562
7081.93064 101.42259 3.40294 3.28335 364.04711
7082.54127 102.10855 3.42566 3.30556 368.07756
7082.83781 102.42678 3.43724 3.31586 369.76491
7083.54177 103.12795 3.46390 3.33856 374.28428
7083.84786 103.43096 3.47515 3.34837 376.30639
7084.54227 104.12650 3.50101 3.37089 380.78853
7084.83574 104.43515 3.51251 3.38088 382.46354
7085.54277 105.19193 3.54032 3.40538 386.31222
7085.78964 105.43933 3.54953 3.41339 387.99544
7086.54327 106.20341 3.57795 3.43812 392.34356
7086.78688 106.44351 3.58666 3.44590 393.28227
7087.54377 107.15019 3.61282 3.46877 397.64215
7087.82061 107.44770 3.62379 3.47840 399.29000
7088.54427 108.27184 3.65359 3.50508 402.52556
7088.71772 108.45188 3.66021 3.51091 403.55864
7089.54477 109.31488 3.69188 3.53885 408.37703
7089.66994 109.45607 3.69695 3.54342 408.95860
7090.54527 110.39409 3.73124 3.57379 413.71594
7090.60913 110.46025 3.73345 3.57593 414.19343
7091.43315 111.46444 3.76602 3.60844 418.39011
7091.54577 111.57732 3.77017 3.61209 419.10241
7092.37075 112.46862 3.80266 3.64095 423.31767
7092.54627 112.65762 3.80944 3.64707 424.26554
7093.29078 113.47280 3.83886 3.67346 428.10294
7093.54677 113.75289 3.84894 3.68252 429.37289
7094.19611 114.47699 3.87485 3.70596 432.44307
7094.54727 114.87200 3.88899 3.71875 434.29113
7095.12097 115.48117 3.91072 3.73847 436.77515
7095.54777 115.92028 3.92617 3.75269 438.10002
7096.07459 116.48536 3.94625 3.77098 440.45881
7096.54827 116.97821 3.96410 3.78694 443.50915
7097.01852 117.48954 3.98235 3.80349 445.95096
7097.54877 118.08007 4.00330 3.82261 448.54585
7097.90919 118.49372 4.01816 3.83600 450.00750
7098.54927 119.27989 4.04397 3.86145 452.87044
7098.72362 119.49791 4.05071 3.86851 453.80483
7099.54977 120.47045 4.08407 3.89999 457.42758
7099.57786 120.50209 4.08519 3.90101 457.55134
7100.48308 121.50628 4.12072 3.93352 462.09163
7100.55028 121.58002 4.12334 3.93591 462.44163
7101.28191 122.51046 4.15538 3.96603 464.32430
7101.55078 122.82430 4.16636 3.97619 465.45182
7102.14222 123.51464 4.19052 3.99854 467.88293
7102.55128 123.97006 4.20649 4.01328 469.94076
7103.05644 124.51883 4.22596 4.03105 472.98810
7103.55178 125.08189 4.24551 4.04928 474.70329
7103.95132 125.52301 4.26066 4.06356 475.66652
7104.55228 126.18321 4.28362 4.08493 478.05583
7104.82671 126.52720 4.29552 4.09606 478.94521
7105.55278 127.37074 4.32482 4.12337 482.20665
7105.69453 127.53138 4.33054 4.12857 482.84550
7106.47136 128.53556 4.36314 4.16108 485.63638
7106.55328 128.63811 4.36631 4.16440 486.08448
7107.23760 129.53975 4.39601 4.19359 488.04030
7107.55378 129.91372 4.40904 4.20570 489.28090
7108.09001 130.54393 4.43083 4.22610 491.75224
7108.55428 131.07268 4.44926 4.24322 493.94416
7108.93271 131.54812 4.46550 4.25861 495.12088
7109.55478 132.33621 4.49235 4.28412 496.99789
7109.73014 132.55230 4.49978 4.29112 497.61614
7110.53613 133.55649 4.53420 4.32362 500.31209
7110.55528 133.57916 4.53498 4.32436 500.39179
7111.34503 134.56067 4.56855 4.35613 503.12260
7111.55578 134.80797 4.57709 4.36414 504.06533
7112.16512 135.56485 4.60299 4.38864 506.39015
7112.55628 136.04956 4.61967 4.40433 507.67521
7113.01286 136.56904 4.63723 4.42115 508.71885
7113.55678 137.25681 4.65775 4.44341 510.61548
7113.78532 137.57322 4.66773 4.45366 511.33493
7114.55728 138.46989 4.69909 4.48269 515.11391
7114.64068 138.57741 4.70271 4.48617 515.35189
7115.37445 139.58159 4.73644 4.51867 516.68512
7115.55778 139.81285 4.74430 4.52616 517.29178
7116.14767 140.58577 4.77040 4.55118 518.87203
7116.55828 141.09282 4.78774 4.56760 520.48881
7116.96148 141.58996 4.80475 4.58369 522.04824
7117.55878 142.33202 4.83002 4.60771 524.32760
7117.75532 142.59414 4.83886 4.61620 524.80726
7118.52723 143.59833 4.87281 4.64871 527.07897
7118.55928 143.63833 4.87417 4.65000 527.20095
7119.29732 144.60251 4.90671 4.68122 529.42653
7119.55978 144.92673 4.91775 4.69171 530.49070
7120.07026 145.60669 4.94081 4.71373 531.63771
7120.56028 146.33714 4.96281 4.73737 533.10801
7120.75456 146.61088 4.97111 4.74623 533.96915
7121.56078 147.57558 5.00379 4.77746 536.22750
7121.59074 147.61506 5.00509 4.77874 536.22337
7122.32542 148.61925 5.03834 4.81125 536.90006
7122.56128 148.90961 5.04825 4.82065 538.01669
7123.10818 149.62343 5.07239 4.84376 539.79319
7123.56178 150.21927 5.09240 4.86305 541.18437
7123.87290 150.62762 5.10614 4.87627 542.14957
7124.56228 151.48871 5.13532 4.90414 544.95146
7124.67020 151.63180 5.14013 4.90878 545.27368
7125.41635 152.63598 5.17387 4.94128 547.26677
7125.56278 152.81424 5.17993 4.94706 547.94249
7126.11526 153.64017 5.20717 4.97379 548.30929
7126.56328 154.28531 5.22857 4.99468 548.93918
7126.81921 154.64435 5.23924 5.00630 550.09924
7127.52571 155.64854 5.27087 5.03881 552.25288
7127.56378 155.70194 5.27270 5.04054 552.30374
7128.21570 156.65272 5.30422 5.07132 553.13318
7128.56428 157.09075 5.31904 5.08550 554.60058
7128.96692 157.65690 5.33789 5.10383 555.42246
7129.56478 158.45737 5.36472 5.12974 557.22451
7129.72297 158.66109 5.37161 5.13634 557.91555
7130.46874 159.66527 5.40506 5.16884 559.62516
7130.56528 159.79951 5.40943 5.17319 559.58831
7131.28033 160.66946 5.43851 5.20135 561.37159
7131.56578 160.99101 5.44957 5.21176 563.25662
7132.00995 161.67364 5.47205 5.23386 563.53394
7132.56628 162.43204 5.49729 5.25841 565.13999
7132.74157 162.67782 5.50544 5.26637 565.55644
7133.35476 163.68201 5.53762 5.29888 565.26494
7133.56678 164.00403 5.54703 5.30930 566.04827
7134.03879 164.68619 5.56827 5.33139 567.54814
7134.56728 165.39241 5.59212 5.35425 569.17849
7134.76560 165.69038 5.60186 5.36389 569.41839
7135.47143 166.69456 5.63513 5.39640 570.96310
7135.56778 166.82686 5.63954 5.40069 571.24234
7136.15291 167.69874 5.66826 5.42891 572.01643
7136.56828 168.24860 5.68666 5.44671 573.52272
7136.90062 168.70293 5.70182 5.46142 574.54618
7137.56878 169.64281 5.73294 5.49185 576.20166
7137.61297 169.70711 5.73506 5.49393 576.28294
7138.30314 170.71130 5.76823 5.52644 577.75800
7138.56928 171.07058 5.78016 5.53807 578.74704
7139.01691 171.71548 5.80151 5.55895 578.84564
7139.56978 172.47020 5.82422 5.58338 579.92731
7139.74064 172.71967 5.83144 5.59145 580.50640
7140.39860 173.72385 5.86429 5.62396 581.47947
7140.57029 173.97127 5.87239 5.63197 581.91316
7141.09679 174.72803 5.89734 5.65647 583.04526
7141.57079 175.39348 5.91938 5.67801 584.36827
7141.79961 175.73222 5.93051 5.68898 584.77762
7142.54980 176.73640 5.96399 5.72149 587.50364
7142.57129 176.76444 5.96493 5.72240 587.59094
7143.19482 177.74059 5.99678 5.75400 588.01291
7143.57179 178.26287 6.01411 5.77090 589.17102
7143.89561 178.74477 6.02992 5.78650 589.73007
7144.55446 179.74895 6.06281 5.81901 590.58370
7144.57229 179.77633 6.06370 5.81990 590.60482
7145.22592 180.75314 6.09582 5.85152 591.68367
7145.57279 181.27319 6.11260 5.86836 592.41853
7145.84749 181.75732 6.12617 5.88403 592.83305
7146.54399 182.76151 6.15852 5.91654 594.85738
7146.57329 182.80371 6.15993 5.91790 594.91647
7147.16516 183.76569 6.19109 5.94905 594.98964
7147.57379 184.38419 6.21139 5.96907 595.79432
7147.87879 184.76987 6.22431 5.98156 597.23578
7148.57429 185.63415 6.25285 6.00953 599.01834
7148.66697 185.77406 6.25736 6.01406 598.94591
7149.37727 186.77824 6.29043 6.04657 600.70979
7149.57479 187.03778 6.29911 6.05497 601.62681
7149.99414 187.78243 6.32304 6.07908 600.91703
7150.57529 188.73655 6.35388 6.10997 600.97398
7150.61172 188.78661 6.35555 6.11159 601.09919
7151.31331 189.79079 6.38837 6.14410 603.11361
7151.57579 190.22439 6.40078 6.15813 603.85247
7151.89119 190.79498 6.41786 6.17661 603.79370
7152.57629 191.78080 6.45053 6.20852 605.54610
7152.58814 191.79916 6.45112 6.20911 605.56068
7153.21789 192.80335 6.48366 6.24162 606.03982
7153.57679 193.28965 6.49983 6.25737 607.38458
7153.93985 193.80753 6.51688 6.27413 608.43985
7154.57729 194.75414 6.54784 6.30478 609.84972
7154.61673 194.81172 6.54973 6.30664 609.94797
7155.28024 195.81590 6.58252 6.33915 611.12707
7155.57779 196.25435 6.59688 6.35334 611.79963
7155.91169 196.82008 6.61516 6.37166 611.79310
7156.57829 197.80306 6.64745 6.40348 613.07440
7156.59446 197.82427 6.64815 6.40417 613.10127
7157.22875 198.82845 6.67768 6.43667 613.18224
7157.57879 199.30898 6.69279 6.45223 614.49250
7157.91745 199.83264 6.71014 6.46918 615.01486
7158.56537 200.83682 6.74276 6.50169 616.03446
7158.57929 200.85814 6.74345 6.50238 616.05693
7159.20202 201.84100 6.77532 6.53420 616.79181
7159.57979 202.37735 6.79300 6.55156 617.96910
7159.87994 202.84519 6.80818 6.56671 618.39653
7160.58029 203.82142 6.84036 6.59831 620.78866
7160.59886 203.84937 6.84127 6.59922 620.82641
7161.17124 204.85356 6.87348 6.63172 620.31775
7161.58079 205.54135 6.89563 6.65399 620.30998
7161.79033 205.85774 6.90596 6.66423 620.74730
7162.50885 206.86192 6.93912 6.69674 623.13267
7162.58129 206.97168 6.94278 6.70029 623.24204
7163.10241 207.86611 6.96955 6.72925 623.85878
7163.58179 208.58572 6.99168 6.75255 625.51071
7163.75255 208.87029 7.00107 6.76176 625.46236
7164.34185 209.87448 7.03334 6.79427 625.30265
7164.58229 210.24682 7.04543 6.80632 625.65407
7165.01055 210.87866 7.06605 6.82677 626.77476
7165.58279 211.71914 7.09355 6.85398 628.39440
7165.70470 211.88285 7.09893 6.85928 628.75114
7166.49988 212.88703 7.13183 6.89179 630.75039
7166.58329 212.98472 7.13509 6.89495 631.16948
7167.08707 213.89121 7.16402 6.92430 630.58175
7167.58379 214.74760 7.19153 6.95202 630.48847
7167.68517 214.89540 7.19636 6.95681 630.76571
7168.36767 215.89958 7.22911 6.98932 632.49114
7168.58429 216.25348 7.23929 7.00077 633.14872
7168.95844 216.90377 7.25835 7.02183 633.68386
7169.58479 217.81641 7.28834 7.05137 635.31010
7169.63976 217.90795 7.29127 7.05433 635.33583
7170.21343 218.91213 7.32339 7.08684 634.99307
7170.58529 219.47910 7.34180 7.10520 635.71626
7170.87798 219.91632 7.35605 7.11935 636.38960
7171.58579 220.91984 7.38894 7.15184 638.67010
7171.58625 220.92050 7.38896 7.15186 638.67132
7172.19642 221.92469 7.42125 7.18437 639.01896
7172.58629 222.53657 7.44111 7.20418 639.59399
7172.81209 222.92887 7.45369 7.21688 639.48207
7173.44685 223.93305 7.48607 7.24938 640.31264
7173.58679 224.12995 7.49252 7.25576 640.88090
7174.13768 224.93724 7.51910 7.28189 642.22090
7174.58729 225.66569 7.54003 7.30548 642.53859
7174.75802 225.94142 7.54792 7.31440 642.61353
7175.42682 226.94561 7.58043 7.34691 643.39704
7175.58779 227.18028 7.58806 7.35451 643.91461
7176.06729 227.94979 7.61287 7.37942 644.53645
7176.58829 228.69877 7.63728 7.40367 646.02329
7176.76006 228.95397 7.64555 7.41193 646.42681
7177.47684 229.95816 7.67838 7.44444 648.84613
7177.58879 230.10966 7.68336 7.44934 649.28620
7178.06797 230.96234 7.71062 7.47694 648.83832
7178.58929 231.85827 7.73933 7.50595 648.72336
7178.66100 231.96653 7.74284 7.50945 648.87346
7179.31643 232.97071 7.77536 7.54196 650.07926
7179.58979 233.37956 7.78878 7.55520 650.63682
7179.94018 233.97490 7.80626 7.57447 651.22764
7180.59030 234.95690 7.83633 7.60626 653.29006
7180.60401 234.97908 7.83707 7.60698 653.29365
7181.15445 235.98326 7.86918 7.63949 652.47826
7181.59080 236.69468 7.89205 7.66252 652.83279
7181.78953 236.98745 7.90158 7.67199 653.31882
7182.49901 237.99163 7.93430 7.70450 655.47658
7182.59130 238.12931 7.93876 7.70896 655.70855
7183.18017 238.99582 7.96691 7.73701 657.39470
7183.59180 239.54654 7.98481 7.75484 658.43085
7183.86736 240.00000 7.99920 7.76952 657.86083
