7193.59680 239.59431 8.02189 7.75639 878.37724
7193.19724 238.99582 8.00164 7.73701 877.51833
7192.59630 238.03152 7.96234 7.70579 877.95626
7192.56612 237.99163 7.96182 7.70450 877.89273
7191.78475 236.98745 7.93222 7.67199 876.36928
7191.59580 236.76512 7.92296 7.66480 875.15220
7191.13065 235.98326 7.89444 7.63949 875.54595
7190.59530 235.08069 7.87697 7.61027 876.20390
7190.52425 234.97908 7.87313 7.60698 876.04850
7189.92193 233.97490 7.82824 7.57447 875.80854
7189.59480 233.43522 7.81817 7.55700 875.19889
7189.28595 232.97071 7.80516 7.54196 874.80136
7188.60387 231.96653 7.76654 7.50945 873.39967
7188.59430 231.95261 7.76595 7.50900 873.37481
7187.97876 230.96234 7.74318 7.47694 873.41511
7187.59380 230.36857 7.72047 7.45772 873.08255
7187.33223 229.95816 7.69861 7.44444 872.96044
7186.70220 228.95397 7.67090 7.41193 872.84162
7186.59330 228.79592 7.66638 7.40681 872.59675
7186.03879 227.94979 7.63501 7.37942 871.94331
7185.59280 227.21267 7.60625 7.35556 872.27883
7185.41852 226.94561 7.60248 7.34691 872.07482
7184.76971 225.94142 7.56781 7.31440 871.45843
7184.59230 225.65868 7.55736 7.30525 870.87768
7184.15917 224.93724 7.53867 7.28189 870.18747
7183.59180 224.16747 7.51644 7.25697 870.10521
7183.42390 223.93305 7.50795 7.24938 870.01742
7182.81098 222.92887 7.46577 7.21688 870.56976
7182.59130 222.55770 7.45778 7.20486 870.73145
7182.17063 221.92469 7.44235 7.18437 870.09443
7181.59080 221.05692 7.40454 7.15628 869.15892
7181.50306 220.92050 7.40020 7.15186 869.08999
7180.84636 219.91632 7.37381 7.11935 868.35618
7180.59030 219.57469 7.36341 7.10829 867.28227
7180.17379 218.91213 7.33467 7.08684 867.16416
7179.61371 217.90795 7.30728 7.05433 868.94314
7179.58979 217.86742 7.30601 7.05302 868.97038
7178.94595 216.90377 7.26446 7.02183 868.08496
7178.58929 216.28500 7.24747 7.00179 867.85469
7178.36481 215.89958 7.23829 6.98932 867.54556
7177.67760 214.89540 7.20613 6.95681 866.07904
7177.58879 214.77972 7.20122 6.95306 865.63309
7177.06175 213.89121 7.17187 6.92430 866.41496
7176.58829 213.06400 7.14255 6.89752 867.58877
7176.46164 212.88703 7.13493 6.89179 867.17254
7175.79731 211.88285 7.10031 6.85928 866.28385
7175.58779 211.56634 7.09202 6.84904 865.88130
7175.07945 210.87866 7.07494 6.82677 863.81017
7174.58729 210.24380 7.04823 6.80622 862.86687
7174.34629 209.87448 7.03609 6.79427 863.53677
7173.73979 208.87029 7.00428 6.76176 864.76210
7173.58679 208.63388 6.99304 6.75410 864.67274
7173.09742 207.86611 6.96789 6.72925 863.59913
7172.58629 206.99825 6.94476 6.70115 863.46949
7172.49738 206.86192 6.94041 6.69674 863.42935
7171.81125 205.85774 6.90160 6.66423 862.10878
7171.58579 205.52303 6.89191 6.65340 861.71424
7171.18431 204.85356 6.87515 6.63172 862.27270
7170.58529 203.93887 6.83669 6.60211 861.68936
7170.52297 203.84937 6.83382 6.59922 861.54101
7169.85797 202.84519 6.80543 6.56671 860.81607
7169.58479 202.45900 6.79553 6.55421 860.02020
7169.16824 201.84100 6.77080 6.53420 859.33459
7168.58429 200.86632 6.73919 6.50265 860.27020
7168.56474 200.83682 6.73851 6.50169 860.24790
7167.90001 199.83264 6.70079 6.46918 859.45936
7167.58379 199.36809 6.68494 6.45414 859.08279
7167.24793 198.82845 6.66933 6.43667 858.83467
7166.63708 197.82427 6.64145 6.40417 857.88744
7166.58329 197.75462 6.63889 6.40191 857.69165
7165.93155 196.82008 6.60274 6.37166 858.34153
7165.58279 196.24819 6.58480 6.35314 859.63403
7165.28853 195.81590 6.57003 6.33915 859.11264
7164.59475 194.81172 6.53481 6.30664 857.47538
7164.58229 194.79401 6.53434 6.30607 857.44433
7163.90384 193.80753 6.50688 6.27413 856.20418
7163.58179 193.40886 6.49352 6.26122 854.33263
7163.19465 192.80335 6.47043 6.24162 854.37267
7162.66125 191.79916 6.43516 6.20911 857.45372
7162.58129 191.66594 6.42928 6.20480 857.60331
7161.96157 190.79498 6.39828 6.17661 856.07636
7161.58079 190.17854 6.38067 6.15665 855.73993
7161.33888 189.79079 6.37262 6.14410 854.98471
7160.62229 188.78661 6.33863 6.11159 852.80134
7160.58029 188.73223 6.33700 6.10983 852.60894
7160.00662 187.78243 6.30755 6.07908 853.76797
7159.57979 187.09925 6.27875 6.05696 854.13856
7159.35039 186.77824 6.26706 6.04657 853.50224
7158.70102 185.77406 6.23610 6.01406 853.57597
7158.57929 185.59080 6.23046 6.00813 853.53156
7158.00445 184.76987 6.20216 5.98156 852.33110
7157.57879 184.16192 6.18305 5.96187 851.14848
7157.29939 183.76569 6.17272 5.94905 850.82907
7156.57829 182.76993 6.13371 5.91681 851.41621
7156.57212 182.76151 6.13337 5.91654 851.41804
7155.91504 181.75732 6.10237 5.88403 851.16559
7155.57779 181.21627 6.08842 5.86651 850.12423
7155.26769 180.75314 6.07267 5.85152 849.76166
7154.60755 179.74895 6.03756 5.81901 849.84805
7154.57729 179.70386 6.03652 5.81755 849.82362
7153.90960 178.74477 6.00458 5.78650 848.80874
7153.57679 178.29797 5.98857 5.77204 847.68430
7153.19379 177.74059 5.97301 5.75400 847.20153
7152.57629 176.85543 5.94407 5.72534 846.18693
7152.49081 176.73640 5.94002 5.72149 845.99904
7151.85716 175.73222 5.90398 5.68898 846.86309
7151.57579 175.27273 5.88956 5.67410 847.55414
7151.17112 174.72803 5.87189 5.65647 846.32696
7150.57529 173.92221 5.84544 5.63038 844.41826
7150.44065 173.72385 5.83976 5.62396 844.32257
7149.77077 172.71967 5.80473 5.59145 844.32140
7149.57479 172.43938 5.79735 5.58238 843.26978
7149.12472 171.71548 5.77612 5.55895 842.70516
7148.57429 170.84761 5.74510 5.53085 844.80315
7148.46298 170.71130 5.74029 5.52644 844.68897
7147.67820 169.70711 5.70491 5.49393 843.33652
7147.57379 169.57263 5.70222 5.48957 842.88855
7146.96743 168.70293 5.67435 5.46142 841.86415
7146.57329 168.18170 5.65658 5.44455 840.63138
7146.24884 167.69874 5.64099 5.42891 840.71427
7145.62609 166.69456 5.60534 5.39640 842.35640
7145.57279 166.61869 5.60268 5.39395 842.30375
7144.89550 165.69038 5.57083 5.36389 840.82971
7144.57229 165.23245 5.55846 5.34907 840.42329
7144.17730 164.68619 5.53977 5.33139 839.92145
7143.57179 163.80703 5.51277 5.30293 838.08921
7143.48893 163.68201 5.50989 5.29888 837.81272
7142.84834 162.67782 5.47580 5.26637 838.88795
7142.57129 162.29604 5.46262 5.25401 838.39774
7142.13060 161.67364 5.43981 5.23386 837.91626
7141.57079 160.85698 5.41611 5.20742 837.98672
7141.42690 160.66946 5.40982 5.20135 837.51099
7140.71212 159.66527 5.37375 5.16884 836.78948
7140.57029 159.47353 5.36869 5.16264 836.51801
7139.97744 158.66109 5.34198 5.13634 835.22108
7139.56978 158.11796 5.32328 5.11875 834.58301
7139.21612 157.65690 5.30667 5.10383 834.95644
7138.56928 156.81164 5.28114 5.07646 834.90532
7138.45119 156.65272 5.27563 5.07132 834.78076
7137.75216 155.64854 5.23954 5.03881 834.56187
7137.56878 155.37759 5.23081 5.03004 834.86648
7137.03007 154.64435 5.21071 5.00630 832.68334
7136.56828 154.00619 5.19136 4.98564 830.97467
7136.32546 153.64017 5.17851 4.97379 831.56207
7135.61102 152.63598 5.14459 4.94128 831.35183
7135.56778 152.58315 5.14299 4.93957 831.16465
7134.91364 151.63180 5.10888 4.90878 831.76289
7134.56728 151.12342 5.09301 4.89232 832.18447
7134.17154 150.62762 5.07651 4.87627 830.71211
7133.56678 149.85153 5.05110 4.85114 829.03931
7133.39743 149.62343 5.04496 4.84376 828.83512
7132.64209 148.61925 5.01083 4.81125 827.55119
7132.56628 148.52713 5.00800 4.80827 827.23859
7131.94584 147.61506 4.97669 4.77874 828.28217
7131.56578 147.05751 4.95713 4.76069 828.91403
7131.18699 146.61088 4.94346 4.74623 826.89911
7130.56528 145.77829 4.91919 4.71928 826.30040
7130.44371 145.60669 4.91368 4.71373 826.74326
7129.63014 144.60251 4.88017 4.68122 824.55918
7129.56478 144.52606 4.87781 4.67874 824.16893
7128.92105 143.59833 4.84704 4.64871 825.12841
7128.56428 143.09335 4.82811 4.63236 825.48105
7128.18262 142.59414 4.81093 4.61620 824.89243
7127.56378 141.79128 4.78518 4.59021 823.84926
7127.40424 141.58996 4.77948 4.58369 823.44215
7126.63228 140.58577 4.74530 4.55118 822.37245
7126.56328 140.50184 4.74270 4.54847 822.12614
7125.85346 139.58159 4.71501 4.51867 821.07501
7125.56278 139.22121 4.70134 4.50701 820.27697
7125.09517 138.57741 4.67829 4.48617 820.49450
7124.56228 137.87396 4.65666 4.46339 820.39119
7124.31854 137.57322 4.64603 4.45366 819.72212
7123.65399 136.56904 4.61521 4.42115 819.81717
7123.56178 136.45591 4.61209 4.41749 819.42437
7122.83245 135.56485 4.58301 4.38864 817.64267
7122.56128 135.23907 4.57259 4.37809 816.61099
7122.04458 134.56067 4.55054 4.35613 816.16582
7121.56078 133.94959 4.52968 4.33635 817.10302
7121.22717 133.55649 4.51449 4.32362 817.39542
7120.56028 132.71737 4.48708 4.29646 816.98359
7120.42228 132.55230 4.48266 4.29112 816.39897
7119.58951 131.54812 4.44865 4.25861 814.01704
7119.55978 131.51252 4.44759 4.25745 813.93356
7118.82150 130.54393 4.41515 4.22610 814.08942
7118.55928 130.22802 4.40510 4.21587 813.37333
7118.03982 129.53975 4.38025 4.19359 813.79117
7117.55878 128.87152 4.35737 4.17196 814.91008
7117.28387 128.53556 4.34970 4.16108 813.15578
7116.55828 127.64315 4.32205 4.13219 810.31821
7116.47074 127.53138 4.31821 4.12857 810.39989
7115.66366 126.52720 4.28655 4.09606 809.62774
7115.55778 126.40718 4.28186 4.09218 809.18173
7114.87868 125.52301 4.25242 4.06356 809.70512
7114.55728 125.11804 4.23780 4.05045 809.64490
7114.06667 124.51883 4.21510 4.03105 808.86622
7113.55678 123.89389 4.19701 4.01082 808.12685
7113.19652 123.51464 4.18671 3.99854 807.04416
7112.55628 122.85587 4.16414 3.97721 805.61077
7112.27191 122.51046 4.15242 3.96603 805.46061
7111.55578 121.59103 4.12134 3.93627 805.75246
7111.48466 121.50628 4.11844 3.93352 805.64707
7110.63957 120.50209 4.08469 3.90101 804.19005
7110.55528 120.40003 4.08188 3.89771 804.16296
7109.81866 119.49791 4.05197 3.86851 803.20707
7109.55478 119.16210 4.04210 3.85763 802.05145
7109.04729 118.49372 4.02351 3.83600 802.18476
7108.55428 117.94083 4.00371 3.81810 800.81694
7108.16958 117.48954 3.98754 3.80349 800.05798
7107.55378 116.76053 3.96621 3.77989 799.32073
7107.31939 116.48536 3.95712 3.77098 799.02302
7106.55328 115.55877 3.92360 3.74098 798.91124
7106.48228 115.48117 3.92120 3.73847 798.64518
7105.57685 114.47699 3.89045 3.70596 795.75565
7105.55278 114.45117 3.88956 3.70513 795.66046
7104.74699 113.47280 3.85630 3.67346 795.74878
7104.55228 113.24768 3.85056 3.66617 795.35300
7103.83827 112.46862 3.81920 3.64095 794.97499
7103.55178 112.15975 3.80892 3.63095 795.35952
7102.90272 111.46444 3.79136 3.60844 794.04159
7102.55128 111.07067 3.77562 3.59569 792.21896
7102.06987 110.46025 3.75974 3.57593 790.93374
7101.55078 109.85059 3.74264 3.55619 790.50860
7101.20759 109.45607 3.72485 3.54342 790.40030
7100.55028 108.68397 3.70172 3.51843 790.37507
7100.33945 108.45188 3.69558 3.51091 789.92119
7099.54977 107.60261 3.66297 3.48342 787.47569
7099.40999 107.44770 3.65909 3.47840 787.20159
7098.54927 106.49747 3.62895 3.44764 785.50809
7098.50013 106.44351 3.62685 3.44590 785.41516
7097.62442 105.43933 3.59155 3.41339 785.20845
7097.54877 105.35549 3.58948 3.41067 785.08992
7096.71244 104.43515 3.55679 3.38088 783.82858
7096.54827 104.26320 3.54986 3.37531 783.22681
7095.74670 103.43096 3.53195 3.34837 780.13272
7095.54777 103.22798 3.52338 3.34180 779.98230
7094.74868 102.42678 3.48904 3.31586 780.18873
7094.54727 102.20303 3.48616 3.30862 780.24144
7093.89229 101.42259 3.45819 3.28335 778.21191
7093.54677 101.05293 3.44327 3.27139 776.33302
7092.97205 100.41841 3.43565 3.25085 776.30977
7092.54627 99.96425 3.40930 3.23614 775.53142
7092.01661 99.41423 3.38891 3.21834 773.84340
7091.54577 98.92521 3.38353 3.20251 772.55139
7091.06665 98.41004 3.35100 3.18583 771.90787
7090.54527 97.85868 3.33533 3.16798 770.91882
7090.10627 97.40586 3.32568 3.15332 769.66419
7089.54477 96.84098 3.29229 3.13503 767.52671
7089.11244 96.40167 3.27995 3.12081 766.04777
7088.54427 95.83243 3.26222 3.10238 763.86185
7088.13446 95.39749 3.23783 3.08830 763.49523
7087.54377 94.76309 3.21491 3.06777 762.55999
7087.15758 94.39331 3.20191 3.05579 760.98887
7086.54327 93.81229 3.17423 3.03699 761.70658
7086.11324 93.38912 3.15487 3.02329 760.28874
7085.54277 92.79415 3.13631 3.00403 755.06312
7085.16754 92.38494 3.12026 2.99078 754.60023
7084.54227 91.75233 3.08565 2.97030 753.43363
7084.18678 91.38075 3.07436 2.95827 752.94354
7083.54177 90.72312 3.04398 2.93698 751.54193
7083.18807 90.37657 3.02404 2.92576 750.09715
7082.54127 89.76042 3.00137 2.90581 746.57266
7082.14162 89.37238 2.98299 2.89325 744.76026
7081.54077 88.80578 2.95392 2.87491 741.30123
7081.10133 88.36820 2.93708 2.86074 739.89356
7080.54027 87.79961 2.91038 2.84234 738.69079
7080.09772 87.36402 2.89050 2.82824 737.03494
7079.53977 86.84548 2.86862 2.81145 733.25007
7079.04808 86.35983 2.84618 2.79573 731.63675
7078.53927 85.86759 2.82373 2.77979 728.88903
7077.98424 85.35565 2.80138 2.76322 724.96299
7077.53877 84.93514 2.78149 2.74961 725.88789
7076.90506 84.35146 2.74855 2.73071 724.15522
7076.53827 84.00579 2.73186 2.71952 719.10075
7075.91531 83.34728 2.70369 2.69820 714.50040
7075.53777 82.99594 2.68626 2.68683 711.65916
7074.81631 82.34310 2.66212 2.66569 705.04235
7074.53727 82.06330 2.65245 2.65664 703.68989
7073.83664 81.33891 2.59930 2.63318 701.94407
7073.53677 81.07105 2.57843 2.62451 698.39613
7072.79649 80.33473 2.52949 2.60068 694.00844
7072.53627 80.10614 2.51339 2.59328 690.18716
7071.72358 79.33054 2.46753 2.56817 681.19793
7071.53577 79.14263 2.45813 2.56208 679.36595
7070.77235 78.32636 2.42484 2.53566 672.81352
7070.53527 78.02605 2.41294 2.52594 672.70803
7069.96639 77.32218 2.38449 2.50315 667.97349
7069.53477 76.70688 2.36314 2.48323 665.39259
7069.25484 76.31799 2.35311 2.47064 661.41836
7068.69061 75.31381 2.31330 2.43813 658.37771
7068.53427 75.08612 2.30623 2.43076 655.19448
7068.12884 74.30962 2.28496 2.40563 656.84937
7067.65733 73.30544 2.25378 2.37312 655.39393
7067.53377 73.10123 2.24655 2.36651 651.71277
7067.13864 72.30126 2.21461 2.34061 643.29269
7066.72627 71.29707 2.18661 2.30810 639.10605
7066.53327 70.90187 2.17702 2.29531 634.58095
7066.22559 70.29289 2.16052 2.27559 626.50636
7065.72703 69.28870 2.12656 2.24308 613.87265
7065.53277 68.96489 2.11922 2.23260 607.62804
7065.14502 68.28452 2.10592 2.21057 596.50642
7064.53227 67.28794 2.08336 2.17831 579.05102
7064.52644 67.28033 2.08316 2.17807 578.86018
7063.85471 66.27615 2.06195 2.14556 559.60434
7063.53177 65.79837 2.05613 2.13009 550.11442
7063.10593 65.27197 2.04547 2.11305 537.94163
7062.53127 64.58145 2.02763 2.09070 522.56136
7062.25746 64.26778 2.02095 2.08054 515.30687
7061.53077 63.40330 2.00130 2.05256 497.81812
7061.40203 63.26360 1.99712 2.04803 494.67470
7060.53027 62.26291 1.97182 2.01564 474.88091
7060.52654 62.25941 1.97174 2.01552 474.79062
7059.52976 61.30345 1.94486 1.98458 455.74641
7059.48198 61.25523 1.94359 1.98302 454.85173
7058.53135 60.25105 1.91556 1.95051 436.22718
7058.52926 60.24885 1.91549 1.95044 436.18819
7057.56267 59.24686 1.88704 1.91800 418.76927
7057.52876 59.21415 1.88609 1.91694 418.15216
7056.52826 58.28887 1.85822 1.88699 400.52472
7056.47679 58.24268 1.85703 1.88549 399.62915
7055.52776 57.27997 1.83094 1.85432 384.01951
7055.48661 57.23849 1.82975 1.85298 383.39416
7054.52726 56.37345 1.80493 1.82498 368.97347
7054.37159 56.23431 1.80031 1.82047 366.70905
7053.52676 55.51746 1.77957 1.79727 354.53370
7053.19561 55.23013 1.77178 1.78796 350.06531
7052.52626 54.63963 1.75236 1.76885 341.42617
7052.04734 54.22594 1.73994 1.75546 335.23894
7051.52576 53.75016 1.72550 1.74005 329.88719
7050.89107 53.22176 1.70773 1.72295 323.69790
7050.52526 52.92298 1.69861 1.71328 319.40993
7049.67268 52.21757 1.67761 1.69044 309.73231
7049.52476 52.11231 1.67445 1.68703 308.01225
7048.52426 51.43292 1.65384 1.66504 296.43757
7048.24343 51.21339 1.64742 1.65793 293.53907
7047.52376 50.64720 1.63026 1.63960 286.33892
7046.95941 50.20921 1.61647 1.62542 280.84867
7046.52326 49.86761 1.60704 1.61436 276.73491
7045.69726 49.20502 1.58650 1.59291 269.39074
7045.52276 49.05264 1.58145 1.58798 267.93512
7044.60135 48.20084 1.55913 1.56041 260.12340
7044.52226 48.12282 1.55685 1.55788 259.49743
7043.56765 47.19665 1.52623 1.52790 252.60624
7043.52176 47.15211 1.52485 1.52646 252.27601
7042.52126 46.19411 1.49409 1.49544 245.21920
7042.51929 46.19247 1.49403 1.49539 245.20663
7041.52076 45.40195 1.46938 1.46980 238.70530
7041.28829 45.18828 1.46210 1.46288 237.02578
7040.52026 44.47352 1.43733 1.43974 231.73009
7040.18301 44.18410 1.42732 1.43037 229.37695
7039.51976 43.63981 1.41014 1.41275 224.69100
7038.85310 43.17992 1.39641 1.39786 219.78060
7038.51926 42.97234 1.38942 1.39114 217.28236
7037.51876 42.38522 1.36997 1.37214 209.89686
7037.20315 42.17573 1.36343 1.36535 207.71640
7036.51826 41.77350 1.35033 1.35233 202.91552
7035.62127 41.17155 1.33095 1.33285 197.05858
7035.51776 41.09228 1.32858 1.33028 196.43148
7034.51726 40.34707 1.30436 1.30616 190.28741
7034.27763 40.16736 1.29948 1.30034 188.79788
7033.51676 39.49866 1.28089 1.27869 184.99642
7033.15518 39.16318 1.26893 1.26783 183.29129
7032.51626 38.60588 1.24947 1.24979 179.74325
7032.01755 38.15900 1.23563 1.23532 177.05484
7031.51576 37.69688 1.21963 1.22036 174.39934
7030.89629 37.15481 1.20054 1.20281 171.08279
7030.51526 36.84113 1.19007 1.19266 169.03004
7029.51476 36.19202 1.16954 1.17164 163.50970
7029.44772 36.15063 1.16817 1.17030 163.14398
7028.51426 35.62541 1.15022 1.15330 158.07891
7027.73651 35.14644 1.13436 1.13780 154.03311
7027.51376 35.00989 1.12984 1.13338 152.89821
7026.51326 34.34807 1.10662 1.11195 147.93207
7026.22088 34.14226 1.09930 1.10529 146.52362
7025.51276 33.70877 1.08562 1.09125 143.10884
7024.51226 33.16848 1.06723 1.07376 138.64762
7024.45874 33.13808 1.06615 1.07278 138.43764
7023.51176 32.60669 1.04772 1.05558 134.38801
7022.72856 32.13389 1.03322 1.04027 130.94112
7022.51126 32.00537 1.02896 1.03611 130.00898
7021.51076 31.41218 1.00782 1.01691 125.78238
7021.07412 31.12971 0.99920 1.00776 123.98189
7020.51026 30.76700 0.98892 0.99602 121.69446
7019.50975 30.14589 0.96892 0.97591 117.75292
7019.47877 30.12552 0.96822 0.97525 117.63203
7018.50925 29.54683 0.94884 0.95652 113.93401
7017.78050 29.12134 0.93585 0.94275 111.23926
7017.50875 28.96366 0.93059 0.93764 110.25778
7016.50825 28.40461 0.91075 0.91954 106.69242
7015.96775 28.11715 0.90160 0.91024 105.01127
7015.50775 27.89649 0.89466 0.90309 103.64111
7014.50725 27.32850 0.87444 0.88471 100.29180
7014.17033 27.11297 0.86744 0.87773 99.16493
7013.50675 26.63888 0.85210 0.86238 96.89735
7012.71596 26.10879 0.83344 0.84522 94.29138
7012.50625 25.95625 0.82773 0.84028 93.58653
7011.50575 25.30640 0.80571 0.81924 90.39755
7011.13462 25.10460 0.79995 0.81271 89.30114
7010.50525 24.84651 0.79180 0.80436 87.62375
7009.50475 24.50829 0.77799 0.79341 85.19533
7008.50425 24.11171 0.76405 0.78057 82.78291
7008.48041 24.10042 0.76368 0.78020 82.72343
7007.50375 23.70942 0.75229 0.76754 80.46032
7006.50325 23.35151 0.74056 0.75596 78.46502
7006.00287 23.09623 0.73181 0.74769 77.28079
7005.50275 22.74296 0.72054 0.73626 75.88100
7004.60628 22.09205 0.70081 0.71519 73.52481
7004.50225 22.02207 0.69869 0.71292 73.26525
7003.50175 21.34389 0.67522 0.69097 70.65219
7003.08339 21.08787 0.66703 0.68268 69.61550
7002.50125 20.78800 0.65820 0.67297 68.34442
7001.50075 20.45344 0.64726 0.66214 66.67055
7000.50025 20.12784 0.63468 0.65160 65.10518
7000.39728 20.08368 0.63318 0.65017 64.91988
6999.49975 19.68097 0.61973 0.63713 63.29225
6998.49925 19.18280 0.60378 0.62100 61.39898
6998.29878 19.07950 0.59995 0.61766 61.02959
6997.49875 18.65379 0.58416 0.60388 59.49628
6996.61024 18.07531 0.56692 0.58515 57.48975
6996.49825 18.00197 0.56471 0.58278 57.23678
6995.49775 17.54366 0.54878 0.56794 55.57049
6994.49725 17.12490 0.53359 0.55438 54.06735
6994.38498 17.07113 0.53178 0.55264 53.88138
6993.49675 16.71510 0.52050 0.54112 52.63816
6992.49625 16.31440 0.50750 0.52815 51.27231
6991.95792 16.06695 0.49849 0.52014 50.45937
6991.49575 15.83333 0.49063 0.51257 49.69741
6990.49525 15.34056 0.47540 0.49662 48.11066
6989.89220 15.06276 0.46668 0.48763 47.22148
6989.49475 14.88960 0.46089 0.48202 46.67675
6988.49425 14.58267 0.44887 0.47208 45.73636
6987.49375 14.27271 0.43743 0.46205 44.81086
6986.86723 14.05858 0.43103 0.45512 44.16520
6986.49325 13.93845 0.42746 0.45123 43.81043
6985.49275 13.57859 0.41550 0.43958 42.78449
6984.49225 13.10900 0.40056 0.42438 41.54446
6984.39572 13.05439 0.39908 0.42261 41.40660
6983.49175 12.60693 0.38724 0.40812 40.22315
6982.49125 12.13661 0.37269 0.39290 38.84392
6982.31304 12.05021 0.36954 0.39010 38.57966
6981.49075 11.69874 0.35722 0.37872 37.55086
6980.49025 11.28622 0.34376 0.36537 36.36281
6979.99340 11.04603 0.33694 0.35759 35.64490
6979.48974 10.85183 0.33118 0.35131 35.10346
6978.48924 10.55825 0.32040 0.34180 34.34958
6977.48874 10.24431 0.30885 0.33164 33.51341
6976.92293 10.04184 0.30247 0.32508 32.95395
6976.48824 9.90521 0.29856 0.32066 32.59092
6975.48774 9.62159 0.29113 0.31148 31.86477
6974.48724 9.35413 0.28306 0.30282 31.18426
6973.52016 9.03766 0.27221 0.29258 30.31608
6973.48674 9.02706 0.27187 0.29223 30.28680
6972.48624 8.72502 0.26287 0.28246 29.46520
6971.48574 8.45573 0.25521 0.27374 28.73314
6970.48524 8.22008 0.24886 0.26611 28.11271
6969.80039 8.03347 0.24446 0.26007 27.59494
6969.48474 7.98202 0.24295 0.25840 27.48444
6968.48424 7.89659 0.23992 0.25564 27.41694
6967.48374 7.84996 0.23771 0.25413 27.49629
6966.48324 7.81126 0.23542 0.25287 27.59505
6965.48274 7.69533 0.23163 0.24912 27.38928
6964.48224 7.48181 0.22244 0.24221 26.77408
6963.48174 7.26036 0.21362 0.23504 26.11776
6962.48124 7.06545 0.20851 0.22873 25.52645
6962.38901 7.02929 0.20790 0.22756 25.40059
6961.48074 6.66062 0.20064 0.21562 24.11697
6960.48024 6.23359 0.18789 0.20180 22.60617
6960.11112 6.02510 0.18306 0.19505 21.85427
6959.47974 5.61859 0.17185 0.18189 20.34596
6958.65667 5.02092 0.15345 0.16254 18.14158
0.00000 0.00000 0.00000 0.00000 0.00000
