7178.58929 239.89625 7.99992 7.76616 884.42321
7178.01507 238.99582 7.97897 7.73701 884.68959
7177.58879 238.40749 7.95697 7.71797 883.69440
7177.30287 237.99163 7.94044 7.70450 883.38829
7176.67685 236.98745 7.91035 7.67199 883.95879
7176.58829 236.85442 7.90811 7.66769 883.91116
7176.00909 235.98326 7.87294 7.63949 883.65756
7175.58779 235.34954 7.85255 7.61897 883.28088
7175.31575 234.97908 7.84792 7.60698 882.56264
7174.60080 233.97490 7.81042 7.57447 881.64875
7174.58729 233.95770 7.80984 7.57391 881.60800
7173.94192 232.97071 7.77832 7.54196 882.05622
7173.58679 232.47029 7.76877 7.52576 881.26822
7173.24378 231.96653 7.74884 7.50945 880.77569
7172.61345 230.96234 7.71354 7.47694 881.33673
7172.58629 230.92011 7.71305 7.47558 881.34854
7171.93673 229.95816 7.68034 7.44444 880.72891
7171.58579 229.47504 7.66181 7.42880 879.88866
7171.24051 228.95397 7.64607 7.41193 879.73282
7170.58529 227.96131 7.61892 7.37979 879.48999
7170.57736 227.94979 7.61840 7.37942 879.47947
7169.93978 226.94561 7.57761 7.34691 879.69682
7169.58479 226.40961 7.56861 7.32956 879.65523
7169.24848 225.94142 7.54836 7.31440 878.83911
7168.61486 224.93724 7.51637 7.28189 877.62169
7168.58429 224.89554 7.51540 7.28054 877.52488
7167.92861 223.93305 7.48788 7.24938 876.95571
7167.58379 223.41752 7.46592 7.23270 876.69303
7167.27493 222.92887 7.44668 7.21688 876.87836
7166.63593 221.92469 7.42211 7.18437 876.91559
7166.58329 221.85154 7.41902 7.18200 876.84019
7165.86362 220.92050 7.38121 7.15186 876.22654
7165.58279 220.53918 7.37158 7.13951 875.96562
7165.17601 219.91632 7.35272 7.11935 875.91775
7164.58229 218.99344 7.31581 7.08947 875.81971
7164.52856 218.91213 7.31245 7.08684 875.79422
7163.88022 217.90795 7.28715 7.05433 875.93713
7163.58179 217.49945 7.27081 7.04111 875.18769
7163.15474 216.90377 7.24485 7.02183 874.37167
7162.58129 215.93701 7.22227 6.99053 873.99708
7162.55782 215.89958 7.22115 6.98932 873.97160
7161.90843 214.89540 7.18287 6.95681 874.08276
7161.58079 214.40210 7.16524 6.94084 873.88940
7161.23670 213.89121 7.15509 6.92430 873.62729
7160.58029 212.95926 7.11881 6.89413 872.43658
7160.52937 212.88703 7.11549 6.89179 872.33975
7159.88540 211.88285 7.08670 6.85928 872.53505
7159.57979 211.43013 7.07105 6.84463 872.31320
7159.20266 210.87866 7.05018 6.82677 871.82702
7158.57929 209.89867 7.01786 6.79505 872.20833
7158.56218 209.87448 7.01742 6.79427 872.18072
7157.87330 208.87029 6.98226 6.76176 871.29303
7157.57879 208.46306 6.96777 6.74857 870.60224
7157.16911 207.86611 6.95472 6.72925 869.89237
7156.57829 207.02351 6.92638 6.70197 869.66697
7156.46774 206.86192 6.91919 6.69674 869.83089
7155.82797 205.85774 6.88375 6.66423 870.25903
7155.57779 205.47664 6.87427 6.65190 870.12207
7155.14475 204.85356 6.85427 6.63172 869.59158
7154.57729 204.08775 6.82580 6.60693 867.98729
7154.41462 203.84937 6.82150 6.59922 867.80660
7153.76657 202.84519 6.78524 6.56671 868.06794
7153.57679 202.56891 6.77413 6.55776 867.83308
7153.09004 201.84100 6.75059 6.53420 867.64663
7152.57629 201.08005 6.72974 6.50956 867.26849
7152.39863 200.83682 6.72126 6.50169 866.83257
7151.69318 199.83264 6.68566 6.46918 865.61230
7151.57579 199.65996 6.68179 6.46359 865.58080
7151.03201 198.82845 6.65408 6.43667 865.42911
7150.57529 198.10082 6.62963 6.41312 864.48547
7150.40404 197.82427 6.62142 6.40417 864.68271
7149.73147 196.82008 6.58994 6.37166 864.59893
7149.57479 196.61196 6.58317 6.36492 864.07378
7149.00981 195.81590 6.55332 6.33915 862.91551
7148.57429 195.15978 6.53589 6.31791 863.62688
7148.31424 194.81172 6.52324 6.30664 863.76476
7147.57379 193.81612 6.48631 6.27441 862.82268
7147.56794 193.80753 6.48607 6.27413 862.81677
7146.90313 192.80335 6.45446 6.24162 862.60974
7146.57329 192.36024 6.43891 6.22728 861.83197
7146.18499 191.79916 6.41917 6.20911 861.40564
7145.57279 190.85865 6.39046 6.17867 861.81247
7145.52606 190.79498 6.38833 6.17661 861.70781
7144.91061 189.79079 6.35206 6.14410 861.30614
7144.57229 189.30500 6.34091 6.12837 860.64185
7144.21790 188.78661 6.32352 6.11159 860.56081
7143.57179 187.92194 6.29414 6.08360 858.76081
7143.47354 187.78243 6.28981 6.07908 858.62713
7142.83431 186.77824 6.25779 6.04657 859.37116
7142.57129 186.36799 6.24202 6.03329 859.63460
7142.15741 185.77406 6.21774 6.01406 859.19682
7141.57079 184.90305 6.19403 5.98587 859.16784
7141.47388 184.76987 6.18939 5.98156 858.98316
7140.74002 183.76569 6.15321 5.94905 857.46185
7140.57029 183.54810 6.14746 5.94200 856.86658
7140.04639 182.76151 6.12351 5.91654 856.71627
7139.56978 182.05361 6.09616 5.89362 857.05342
7139.33533 181.75732 6.08714 5.88403 856.30127
7138.66000 180.75314 6.05830 5.85152 856.93359
7138.56928 180.63679 6.05466 5.84775 856.68808
7137.91614 179.74895 6.02149 5.81901 855.10267
7137.56878 179.28267 6.00960 5.80392 854.26638
7137.20373 178.74477 5.99274 5.78650 854.27269
7136.56828 177.82376 5.95883 5.75669 854.00879
7136.50769 177.74059 5.95594 5.75400 853.89017
7135.84119 176.73640 5.92505 5.72149 854.30845
7135.56778 176.37093 5.91236 5.70966 853.62555
7135.09303 175.73222 5.88722 5.68898 852.56274
7134.56728 174.95548 5.86540 5.66383 852.65447
7134.40589 174.72803 5.85791 5.65647 852.52532
7133.69280 173.72385 5.82171 5.62396 851.76879
7133.56678 173.55916 5.81663 5.61863 851.45990
7132.98293 172.71967 5.79128 5.59145 851.10585
7132.56628 172.12990 5.77507 5.57236 849.36612
7132.29500 171.71548 5.75915 5.55895 849.31110
7131.66572 170.71130 5.72624 5.52644 850.92428
7131.56578 170.56004 5.72095 5.52154 850.95900
7130.88588 169.70711 5.68956 5.49393 849.41977
7130.56528 169.31037 5.67810 5.48108 849.32789
7130.10055 168.70293 5.65841 5.46142 849.16255
7129.56478 168.04825 5.63802 5.44023 846.79119
7129.31660 167.69874 5.62574 5.42891 846.55906
7128.68239 166.69456 5.59244 5.39640 848.24671
7128.56428 166.51731 5.58575 5.39066 848.39149
7127.95064 165.69038 5.55511 5.36389 847.37896
7127.56378 165.16104 5.54136 5.34676 846.88888
7127.20505 164.68619 5.52570 5.33139 846.30710
7126.56328 163.83082 5.49937 5.30369 843.87089
7126.46424 163.68201 5.49574 5.29888 843.61942
7125.81534 162.67782 5.46250 5.26637 844.78896
7125.56278 162.33006 5.44994 5.25511 844.59735
7125.07859 161.67364 5.42662 5.23386 843.91615
7124.56228 160.94208 5.40517 5.21018 843.90424
7124.34629 160.66946 5.39634 5.20135 843.28712
7123.56178 159.66716 5.36281 5.16890 841.24285
7123.56042 159.66527 5.36276 5.16884 841.24210
7122.84684 158.66109 5.32743 5.13634 841.24679
7122.56128 158.28712 5.31497 5.12423 840.62199
7122.09274 157.65690 5.29564 5.10383 839.91739
7121.56078 156.94534 5.27273 5.08079 840.50889
7121.31677 156.65272 5.26202 5.07132 840.45030
7120.56028 155.68095 5.22926 5.03986 839.68696
7120.53674 155.64854 5.22833 5.03881 839.68659
7119.83541 154.64435 5.19545 5.00630 838.87352
7119.55978 154.27444 5.18428 4.99433 837.71175
7119.11531 153.64017 5.16496 4.97379 838.12591
7118.55928 152.92021 5.14068 4.95049 837.10700
7118.34365 152.63598 5.13080 4.94128 836.82000
7117.64510 151.63180 5.09680 4.90878 837.63706
7117.55878 151.50668 5.09282 4.90473 837.77148
7116.86425 150.62762 5.06259 4.87627 836.22999
7116.55828 150.24324 5.04981 4.86382 835.48830
7116.08547 149.62343 5.03356 4.84376 834.95676
7115.55778 149.00682 5.01138 4.82380 832.73261
7115.27363 148.61925 4.99742 4.81125 832.73604
7114.59488 147.61506 4.96399 4.77874 834.37481
7114.55728 147.56239 4.96190 4.77704 834.41243
7113.82462 146.61088 4.92914 4.74623 833.36077
7113.55678 146.23516 4.91908 4.73407 832.72317
7113.03766 145.60669 4.90315 4.71373 831.38165
7112.55628 145.12942 4.88754 4.69827 829.44149
7112.16327 144.60251 4.86897 4.68122 829.52872
7111.55578 143.72722 4.84039 4.65288 830.50518
7111.45065 143.59833 4.83541 4.64871 830.27750
7110.69208 142.59414 4.80061 4.61620 830.18476
7110.55528 142.42291 4.79571 4.61066 829.93843
7109.84895 141.58996 4.76728 4.58369 827.60213
7109.55478 141.23949 4.75671 4.57235 826.72574
7109.06406 140.58577 4.73588 4.55118 826.77684
7108.55428 139.94192 4.71472 4.53034 826.08470
7108.27345 139.58159 4.70142 4.51867 825.87332
7107.55378 138.63439 4.67131 4.48801 825.81445
7107.50596 138.57741 4.66971 4.48617 825.67294
7106.70735 137.57322 4.63296 4.45366 824.89289
7106.55328 137.35589 4.62674 4.44662 825.00256
7105.97138 136.56904 4.60758 4.42115 823.34744
7105.55278 136.08891 4.58788 4.40561 821.81135
7105.15146 135.56485 4.57276 4.38864 822.08541
7104.55228 134.80544 4.54831 4.36406 821.39161
7104.33917 134.56067 4.53910 4.35613 820.68346
7103.55178 133.62570 4.50668 4.32586 821.49670
7103.49021 133.55649 4.50455 4.32362 821.47146
7102.62659 132.55230 4.47232 4.29112 819.22988
7102.55128 132.46877 4.46948 4.28841 818.88610
7101.82490 131.54812 4.44108 4.25861 818.82302
7101.55078 131.23286 4.43140 4.24840 817.97949
7101.01123 130.54393 4.40288 4.22610 818.01490
7100.55028 129.92706 4.38543 4.20613 818.76004
7100.20665 129.53975 4.37342 4.19359 817.68422
7099.54977 128.73401 4.34473 4.16751 816.61334
7099.39564 128.53556 4.34096 4.16108 816.09007
7098.54927 127.54303 4.31114 4.12895 812.85619
7098.53986 127.53138 4.31068 4.12857 812.85720
7097.75697 126.52720 4.27638 4.09606 813.53473
7097.54877 126.27365 4.26883 4.08786 813.36801
7096.92314 125.52301 4.24257 4.06356 812.75957
7096.54827 125.08859 4.22706 4.04949 811.92922
7096.04214 124.51883 4.21426 4.03105 810.20689
7095.54777 123.97751 4.19387 4.01352 809.13749
7095.12406 123.51464 4.17533 3.99854 809.56835
7094.54727 122.85687 4.16067 3.97725 809.27563
7094.25399 122.51046 4.14494 3.96603 808.71597
7093.54677 121.66948 4.11655 3.93881 808.11735
7093.40544 121.50628 4.11254 3.93352 807.90763
7092.54627 120.54534 4.07799 3.90241 805.60026
7092.50725 120.50209 4.07664 3.90101 805.50108
7091.66857 119.49791 4.04695 3.86851 804.72043
7091.54577 119.34764 4.04151 3.86364 804.24922
7090.88200 118.49372 4.01388 3.83600 803.91481
7090.54527 118.12801 4.00382 3.82416 803.12017
7089.99433 117.48954 3.98282 3.80349 802.54949
7089.54477 116.96005 3.96276 3.78635 802.33894
7089.09400 116.48536 3.94948 3.77098 800.64349
7088.54427 115.89545 3.93194 3.75188 798.89001
7088.19236 115.48117 3.91393 3.73847 798.89583
7087.54377 114.74460 3.89654 3.71463 797.69445
7087.29208 114.47699 3.88903 3.70596 796.99322
7086.54327 113.67822 3.85353 3.68010 797.74984
7086.33999 113.47280 3.84902 3.67346 797.51177
7085.54277 112.64961 3.82287 3.64681 794.25515
7085.38245 112.46862 3.81506 3.64095 794.02679
7084.54227 111.56825 3.79239 3.61180 792.25582
7084.44964 111.46444 3.78845 3.60844 792.16803
7083.69722 110.46025 3.75073 3.57593 793.06237
7083.54177 110.27545 3.74721 3.56995 792.80424
7082.74058 109.45607 3.71783 3.54342 790.12443
7082.54127 109.24402 3.70902 3.53656 789.61092
7081.82637 108.45188 3.68820 3.51091 788.87231
7081.54077 108.16709 3.67805 3.50169 787.62538
7080.90265 107.44770 3.65053 3.47840 787.54291
7080.54027 107.03852 3.63726 3.46516 787.51363
7079.97305 106.44351 3.61908 3.44590 786.14470
7079.53977 105.97926 3.60028 3.43087 785.41838
7079.02062 105.43933 3.58281 3.41339 784.16190
7078.53927 104.94394 3.57069 3.39735 782.58507
7078.04767 104.43515 3.54648 3.38088 781.30188
7077.53877 103.92836 3.53162 3.36447 781.82091
7077.04302 103.43096 3.51992 3.34837 781.78584
7076.53827 102.91867 3.49277 3.33179 779.97800
7076.06162 102.42678 3.47984 3.31586 779.15670
7075.53777 101.85195 3.46480 3.29725 778.35451
7075.14735 101.42259 3.44179 3.28335 776.48473
7074.53727 100.77980 3.43108 3.26254 774.58950
7074.19355 100.41841 3.41979 3.25085 774.39837
7073.53677 99.77537 3.38395 3.23003 771.92171
7073.18814 99.41423 3.38029 3.21834 771.32122
7072.53627 98.71844 3.34938 3.19581 771.12790
7072.22339 98.41004 3.33105 3.18583 770.15367
7071.53577 97.73917 3.32020 3.16411 767.70993
7071.21155 97.40586 3.29899 3.15332 767.23028
7070.53527 96.75732 3.27297 3.13232 764.45115
7070.19384 96.40167 3.26541 3.12081 764.15883
7069.53477 95.70088 3.22816 3.09812 764.29843
7069.20222 95.39749 3.21613 3.08830 762.13899
7068.53427 94.78483 3.19700 3.06847 760.08844
7068.10964 94.39331 3.17611 3.05579 760.28476
7067.53377 93.89035 3.15454 3.03951 757.42093
7067.06257 93.38912 3.13665 3.02329 756.51620
7066.53327 92.77964 3.11157 3.00356 755.66112
7066.12667 92.38494 3.09533 2.99078 753.70238
7065.53277 91.82528 3.07218 2.97266 751.72870
7065.08286 91.38075 3.05253 2.95827 750.76114
7064.53227 90.88025 3.02930 2.94207 747.70266
7064.03260 90.37657 3.00940 2.92576 747.13668
7063.53177 89.88843 2.98821 2.90996 745.86134
7062.95086 89.37238 2.96435 2.89325 742.16508
7062.53127 88.97182 2.94874 2.88028 740.76474
7061.90321 88.36820 2.92270 2.86074 738.75543
7061.53077 88.02662 2.90739 2.84969 736.94057
7060.85447 87.36402 2.88036 2.82824 735.27848
7060.53027 87.05915 2.86716 2.81837 733.74245
7059.63747 86.35983 2.83643 2.79573 727.89885
7059.52976 86.26892 2.83249 2.79278 727.50083
7058.52926 85.37940 2.79259 2.76399 720.44766
7058.50399 85.35565 2.79156 2.76322 720.32857
7057.52876 84.41857 2.74318 2.73288 717.43207
7057.45749 84.35146 2.73927 2.73071 716.93135
7056.52826 83.43970 2.70393 2.70119 708.54528
7056.44124 83.34728 2.70046 2.69820 708.53360
7055.52776 82.54183 2.65975 2.67213 701.03042
7055.31034 82.34310 2.64997 2.66569 699.39083
7054.52726 81.57339 2.61114 2.64078 696.28572
7054.27993 81.33891 2.60034 2.63318 694.74013
7053.52676 80.72069 2.55422 2.61317 683.82517
7053.14528 80.33473 2.52277 2.60068 682.47405
7052.52626 79.76605 2.48546 2.58227 676.07575
7052.06523 79.33054 2.46223 2.56817 670.84853
7051.52576 78.81532 2.43445 2.55149 667.58965
7050.99398 78.32636 2.41462 2.53566 663.70480
7050.52526 77.80047 2.39768 2.51863 659.84339
7050.14392 77.32218 2.37686 2.50315 656.86703
7049.52476 76.42050 2.34850 2.47396 655.10485
7049.44926 76.31799 2.34643 2.47064 654.21623
7048.91711 75.31381 2.30919 2.43813 654.12999
7048.52426 74.64920 2.28934 2.41662 648.00362
7048.33946 74.30962 2.27960 2.40563 646.66946
7047.86735 73.30544 2.24747 2.37312 645.00962
7047.52376 72.73995 2.22592 2.35481 636.79050
7047.27956 72.30126 2.20952 2.34061 631.73247
7046.84756 71.29707 2.18474 2.30810 628.38811
7046.52326 70.67992 2.16820 2.28812 621.67969
7046.28462 70.29289 2.15657 2.27559 615.14447
7045.73207 69.28870 2.12655 2.24308 603.07193
7045.52276 68.98010 2.12174 2.23309 597.16250
7045.00928 68.28452 2.11009 2.21057 582.43080
7044.52226 67.67790 2.09746 2.19094 568.44386
7044.17401 67.28033 2.08891 2.17807 558.51727
7043.52176 66.50189 2.07711 2.15287 541.77767
7043.30619 66.27615 2.07373 2.14556 535.43138
7042.52126 65.37843 2.05301 2.11650 516.21862
7042.41007 65.27197 2.05114 2.11305 513.93292
7041.52076 64.40059 2.03099 2.08484 496.27595
7041.39410 64.26778 2.02760 2.08054 493.49124
7040.52026 63.28717 2.00451 2.04880 476.12780
7040.49712 63.26360 2.00393 2.04803 475.66391
7039.53385 62.25941 1.97794 2.01552 457.17547
7039.51976 62.24344 1.97754 2.01501 456.93268
7038.57581 61.25523 1.95119 1.98302 440.16250
7038.51926 61.19332 1.94952 1.98101 439.23401
7037.62001 60.25105 1.92305 1.95051 424.40549
7037.51876 60.14924 1.92020 1.94721 422.74923
7036.61152 59.24686 1.89439 1.91800 408.22441
7036.51826 59.15770 1.89177 1.91511 406.74653
7035.51776 58.26280 1.86591 1.88614 390.98893
7035.49557 58.24268 1.86538 1.88549 390.65212
7034.52537 57.23849 1.83911 1.85298 376.36402
7034.51726 57.23118 1.83891 1.85275 376.24155
7033.51676 56.42314 1.81624 1.82659 363.44127
7033.29722 56.23431 1.81032 1.82047 360.96434
7032.51626 55.56811 1.79042 1.79891 350.52872
7032.13760 55.23013 1.78147 1.78796 345.77503
7031.51576 54.66408 1.76257 1.76964 338.35944
7031.03476 54.22594 1.74921 1.75546 332.78088
7030.51526 53.74235 1.73577 1.73980 326.99421
7029.90685 53.22176 1.71841 1.72295 320.10897
7029.51476 52.90545 1.70910 1.71271 315.67132
7028.63640 52.21757 1.68923 1.69044 305.92825
7028.51426 52.12916 1.68652 1.68758 304.56623
7027.51376 51.42691 1.66493 1.66484 293.63095
7027.24363 51.21339 1.65866 1.65793 290.92996
7026.51326 50.62124 1.64137 1.63876 283.89648
7025.98913 50.20921 1.62844 1.62542 278.96146
7025.51276 49.82708 1.61757 1.61305 274.55077
7024.73246 49.20502 1.59836 1.59291 267.91789
7024.51226 49.01334 1.59170 1.58671 266.45467
7023.63281 48.20084 1.57077 1.56041 259.69296
7023.51176 48.08415 1.56762 1.55663 258.68468
7022.60218 47.19665 1.53720 1.52790 251.91812
7022.51126 47.10700 1.53459 1.52499 251.25643
7021.55421 46.19247 1.50572 1.49539 244.23844
7021.51076 46.15349 1.50435 1.49413 243.91736
7020.51026 45.27632 1.47653 1.46573 236.53420
7020.41235 45.18828 1.47350 1.46288 235.83184
7019.50975 44.32936 1.44329 1.43507 229.59529
7019.33915 44.18410 1.43862 1.43037 228.38079
7018.50925 43.59184 1.42036 1.41120 222.24842
7017.85587 43.17992 1.40804 1.39786 217.41457
7017.50875 42.97309 1.40135 1.39117 214.88853
7016.50825 42.35188 1.38104 1.37106 207.77007
7016.22309 42.17573 1.37536 1.36535 206.02195
7015.50775 41.78602 1.36281 1.35274 201.79248
7014.60668 41.17155 1.34297 1.33285 195.95468
7014.50725 41.09143 1.34041 1.33025 195.35955
7013.50675 40.29055 1.31436 1.30433 189.40628
7013.36178 40.16736 1.31071 1.30034 188.54329
7012.50625 39.32190 1.28615 1.27297 183.66917
7012.33735 39.16318 1.28074 1.26783 182.73404
7011.50575 38.41170 1.25448 1.24350 178.13481
7011.23015 38.15900 1.24641 1.23532 176.61899
7010.50525 37.49836 1.22422 1.21393 172.65407
7010.08055 37.15481 1.21195 1.20281 170.31886
7009.50475 36.74392 1.19854 1.18951 167.16164
7008.54713 36.15063 1.17970 1.17030 162.00012
7008.50425 36.12591 1.17887 1.16950 161.77415
7007.50375 35.53465 1.15861 1.15036 156.51786
7006.85230 35.14644 1.14577 1.13780 153.48842
7006.50325 34.93935 1.13880 1.13109 152.00145
7005.50275 34.29845 1.11646 1.11034 147.18048
7005.26982 34.14226 1.11096 1.10529 146.06801
7004.50225 33.67933 1.09596 1.09030 142.49483
7003.58800 33.13808 1.07736 1.07278 138.35185
7003.50175 33.08478 1.07549 1.07105 137.96677
7002.50125 32.47927 1.05531 1.05145 133.59526
7001.93885 32.13389 1.04443 1.04027 131.19852
7001.50075 31.88140 1.03597 1.03210 129.37686
7000.50025 31.29007 1.01506 1.01295 125.29621
7000.25548 31.12971 1.01027 1.00776 124.31270
6999.49975 30.63271 0.99604 0.99167 121.35149
6998.69372 30.12552 0.97940 0.97525 118.27229
6998.49925 30.00545 0.97514 0.97137 117.60050
6997.49875 29.47670 0.95750 0.95425 114.23480
6996.90988 29.12134 0.94651 0.94275 112.06782
6996.49825 28.89079 0.93865 0.93528 110.63623
6995.49775 28.35707 0.92010 0.91800 107.26767
6995.10456 28.11715 0.91199 0.91024 105.92523
6994.49725 27.75967 0.90029 0.89866 103.90598
6993.49675 27.14680 0.87867 0.87882 100.61886
6993.44723 27.11297 0.87754 0.87773 100.45133
6992.49625 26.42740 0.85489 0.85553 97.19479
6992.01321 26.10879 0.84340 0.84522 95.62847
6991.49575 25.74453 0.83018 0.83343 93.91650
6990.49525 25.16775 0.81165 0.81476 90.95208
6990.36889 25.10460 0.80979 0.81271 90.60619
6989.49475 24.78937 0.79934 0.80251 88.54775
6988.49425 24.49044 0.78781 0.79283 86.59625
6987.54827 24.10042 0.77404 0.78020 84.43826
6987.49375 24.07807 0.77343 0.77948 84.31810
6986.49325 23.66250 0.76098 0.76603 82.14946
6985.49275 23.19862 0.74505 0.75101 79.91201
6985.31696 23.09623 0.74126 0.74769 79.47415
6984.49225 22.49289 0.72210 0.72816 77.17938
6983.93673 22.09205 0.71042 0.71519 75.75798
6983.49175 21.78776 0.70037 0.70534 74.62668
6982.49125 21.14745 0.67782 0.68461 72.07976
6982.39024 21.08787 0.67597 0.68268 71.83957
6981.49075 20.70595 0.66456 0.67031 70.18647
6980.49025 20.42441 0.65505 0.66120 68.88730
6979.52251 20.08368 0.64200 0.65017 67.47231
6979.48974 20.06936 0.64150 0.64971 67.41611
6978.48924 19.57360 0.62559 0.63366 65.54709
6977.62347 19.07950 0.60826 0.61766 63.76102
6977.48874 19.00036 0.60542 0.61510 63.47717
6976.48824 18.37470 0.58357 0.59484 61.27563
6975.98813 18.07531 0.57448 0.58515 60.22711
6975.48774 17.82272 0.56674 0.57697 59.34111
6974.48724 17.42662 0.55251 0.56415 57.96807
6973.67714 17.07113 0.53946 0.55264 56.76659
6973.48674 16.98980 0.53692 0.55001 56.49804
6972.48624 16.58165 0.52432 0.53680 55.16397
6971.48574 16.15754 0.50964 0.52307 53.80039
6971.29065 16.06695 0.50629 0.52014 53.50850
6970.48524 15.68303 0.49287 0.50771 52.28103
6969.48474 15.21412 0.47840 0.49253 50.81358
6969.12868 15.06276 0.47360 0.48763 50.35222
6968.48424 14.81592 0.46480 0.47964 49.61705
6967.48374 14.50962 0.45327 0.46972 48.78708
6966.48324 14.20492 0.44277 0.45986 47.96442
6966.10639 14.05858 0.43840 0.45512 47.53402
6965.48274 13.82410 0.43073 0.44753 46.85945
6964.48224 13.39913 0.41637 0.43377 45.68408
6963.84782 13.05439 0.40540 0.42261 44.78101
6963.48174 12.86303 0.40028 0.41642 44.29359
6962.48124 12.45746 0.38930 0.40329 43.20390
6961.63941 12.05021 0.37557 0.39010 41.95885
6961.48074 11.97908 0.37294 0.38780 41.74663
6960.48024 11.55045 0.35762 0.37392 40.49219
6959.47974 11.06769 0.34288 0.35829 39.04524
6959.43362 11.04603 0.34225 0.35759 38.98014
6958.47924 10.73135 0.33203 0.34741 38.14860
6957.47874 10.44605 0.32163 0.33817 37.43708
6956.47824 10.10890 0.30988 0.32726 36.52116
6956.30083 10.04184 0.30771 0.32508 36.32856
6955.47774 9.79743 0.30083 0.31717 35.69054
6954.47724 9.52130 0.29272 0.30823 34.99225
6953.47674 9.25771 0.28436 0.29970 34.29253
6952.83160 9.03766 0.27731 0.29258 33.64002
6952.47624 8.92565 0.27354 0.28895 33.32101
6951.47574 8.65810 0.26539 0.28029 32.59595
6950.47524 8.40637 0.25744 0.27214 31.92303
6949.47474 8.16002 0.25063 0.26416 31.24399
6948.78967 8.03347 0.24685 0.26007 30.94385
6948.47424 8.00117 0.24594 0.25902 30.90634
6947.47374 7.95639 0.24372 0.25757 31.03764
6946.47324 7.92658 0.24199 0.25661 31.20933
6945.47274 7.84702 0.23912 0.25403 31.15479
6944.47224 7.69853 0.23362 0.24922 30.75889
6943.47174 7.47593 0.22472 0.24202 30.05075
6942.47124 7.21846 0.21520 0.23368 29.15374
6942.00373 7.02929 0.21220 0.22756 28.43161
6941.47074 6.80057 0.20688 0.22015 27.54293
6940.47024 6.35573 0.19347 0.20575 25.80088
6939.89298 6.02510 0.18349 0.19505 24.47122
6939.46973 5.73091 0.17480 0.18553 23.26044
6938.50488 5.02092 0.15254 0.16254 20.33287
0.00000 0.00000 0.00000 0.00000 0.00000
