7465.33393 190.69316 6.22816 6.17331 1369.79329
7466.43884 190.62603 6.22591 6.17114 1371.72167
7467.71103 190.52175 6.22264 6.16776 1373.88231
7469.02844 190.37026 6.21784 6.16286 1376.19834
7470.36163 190.17513 6.21170 6.15654 1378.52775
7471.79289 189.91033 6.20318 6.14797 1381.05236
7473.10073 189.60382 6.19325 6.13804 1383.30030
7473.46056 189.50766 6.19014 6.13493 1383.89852
7473.64910 189.47900 6.18923 6.13400 1384.22598
7474.75145 189.25937 6.18212 6.12689 1386.08018
7475.85352 189.02550 6.17446 6.11932 1387.91041
7476.93742 188.78613 6.16666 6.11157 1389.71515
7478.06371 188.52655 6.15805 6.10317 1391.62664
7478.37600 188.44224 6.15528 6.10044 1392.15578
7479.35546 188.20040 6.14733 6.09261 1393.80566
7480.88471 187.74789 6.13240 6.07796 1396.25437
7482.33144 187.21836 6.11499 6.06082 1398.66252
7482.76196 187.03685 6.10902 6.05494 1399.33197
7483.52843 186.74373 6.09935 6.04545 1400.48856
7484.68581 186.24839 6.08289 6.02942 1402.19501
7485.29570 185.98518 6.07414 6.02090 1403.11767
7484.89393 186.13816 6.07920 6.02585 1402.49991
7485.90716 185.80731 6.06828 6.01514 1404.09962
7487.03206 185.42367 6.05557 6.00272 1405.90706
7487.70416 185.18209 6.04768 5.99490 1406.99364
7487.84034 185.14214 6.04637 5.99361 1407.21549
7488.80318 184.82567 6.03605 5.98336 1408.77054
7489.80757 184.50985 6.02578 5.97314 1410.36403
7490.65081 184.23077 6.01686 5.96410 1411.67308
7490.76445 184.19590 6.01576 5.96297 1411.84753
7491.97062 183.81063 6.00362 5.95050 1413.64609
7493.37450 183.29900 5.98744 5.93394 1415.65324
7494.21968 182.94054 5.97621 5.92233 1416.86100
7493.85298 183.06469 5.98007 5.92635 1416.32286
7494.60860 182.84566 5.97330 5.91926 1417.42461
7495.72527 182.50796 5.96250 5.90833 1419.04705
7496.62385 182.21618 5.95332 5.89888 1420.30432
7497.27518 181.98874 5.94611 5.89152 1421.23618
7498.36582 181.56821 5.93275 5.87791 1422.78173
7499.62599 181.07258 5.91675 5.86186 1424.54527
7500.54614 180.62638 5.90218 5.84742 1425.76897
7502.54504 179.49418 5.86519 5.81077 1428.34308
7504.98879 177.24625 5.79114 5.73799 1431.68260
7506.41053 175.18435 5.72376 5.67124 1433.84846
7507.43313 173.02297 5.65269 5.60127 1435.85797
7507.98870 171.05978 5.59051 5.53772 1437.38517
7508.30675 169.58335 5.54343 5.48992 1438.56798
7508.51314 168.37771 5.50409 5.45089 1439.56774
7508.59068 167.93040 5.48942 5.43641 1439.95007
7508.72510 167.18132 5.46468 5.41216 1440.60673
7508.92790 165.61345 5.41296 5.36140 1441.94186
7489.03087 164.05517 5.36317 5.31096 1427.62522
7489.10116 164.69313 5.38284 5.33161 1426.66787
7490.32422 167.73445 5.48275 5.43007 1423.06156
7491.12762 168.68901 5.51410 5.46097 1422.50445
7496.03402 171.18328 5.59572 5.54172 1424.69648
7497.85489 171.35017 5.60129 5.54712 1426.51143
7497.38910 171.41859 5.60357 5.54933 1425.90650
7497.11846 171.48262 5.60569 5.55141 1425.54605
7497.55962 171.34902 5.60124 5.54708 1426.16489
7496.67810 171.65239 5.61136 5.55690 1424.94934
7494.95825 172.11840 5.62610 5.57199 1422.56009
7492.90568 172.47799 5.63620 5.58363 1420.01720
7491.68941 172.55508 5.63842 5.58613 1418.48567
7492.21806 172.50184 5.63684 5.58440 1419.16189
7492.68913 172.34670 5.63261 5.57938 1419.87141
7492.70084 172.35659 5.63288 5.57970 1419.87794
7492.08175 172.66214 5.64143 5.58959 1418.84616
7492.23278 172.58867 5.63928 5.58721 1419.10135
7491.26384 173.08265 5.65448 5.60320 1417.50358
7490.22755 173.60485 5.67200 5.62011 1415.62109
7489.02789 174.11623 5.68869 5.63666 1413.60115
7487.55117 174.61736 5.70503 5.65289 1411.17782
7486.50148 174.87097 5.71335 5.66110 1409.50515
7486.09867 175.01402 5.71805 5.66573 1408.77225
7486.40829 174.90868 5.71459 5.66232 1409.33473
7485.11727 175.42786 5.73166 5.67913 1407.00343
7483.30745 175.99806 5.75032 5.69759 1403.93060
7482.17046 176.24671 5.75845 5.70563 1401.90875
7482.48037 176.17471 5.75609 5.70330 1402.48352
7482.50675 176.14563 5.75514 5.70236 1402.56363
7481.96760 176.39060 5.76318 5.71029 1401.45490
7481.42940 176.65934 5.77201 5.71899 1400.36645
7480.58308 177.05576 5.78503 5.73183 1398.59575
7478.99184 177.67604 5.80531 5.75191 1395.33053
7477.20222 178.20445 5.82268 5.76901 1391.75532
7475.90630 178.48714 5.83196 5.77816 1389.23980
7475.60519 178.54818 5.83395 5.78014 1388.68827
7475.01664 178.64939 5.83726 5.78342 1387.62218
7474.62721 178.76578 5.84107 5.78718 1386.82030
7473.83397 179.02503 5.84954 5.79558 1385.05786
7473.30992 179.19740 5.85520 5.80116 1383.91722
7472.54888 179.44539 5.86335 5.80919 1382.17095
7471.20418 179.81481 5.87549 5.82114 1379.25456
7469.88136 180.12620 5.88564 5.83123 1376.21789
7468.39806 180.42505 5.89544 5.84090 1372.84786
7466.96157 180.62155 5.90193 5.84726 1369.60644
7466.35102 180.67903 5.90383 5.84912 1368.31144
7465.24724 180.76463 5.90664 5.85189 1365.95488
7463.88530 180.80377 5.90795 5.85316 1362.76815
7462.52668 180.80650 5.90804 5.85325 1359.57044
7461.12920 180.74587 5.90602 5.85129 1356.23175
7460.28856 180.67691 5.90376 5.84905 1354.23020
7459.71028 180.62863 5.90215 5.84749 1352.86049
7458.36180 180.47502 5.89708 5.84252 1349.45658
7457.08988 180.26914 5.89033 5.83585 1346.54613
7455.83504 180.05552 5.88334 5.82894 1343.32955
7454.07366 179.65970 5.87031 5.81612 1338.74147
7452.63304 179.19027 5.85496 5.80093 1334.88303
7453.26455 179.37558 5.86103 5.80693 1336.62586
7452.52790 179.18800 5.85488 5.80085 1334.59034
7451.67155 179.01906 5.84933 5.79538 1332.27194
7449.94553 178.61821 5.83615 5.78241 1327.41518
7448.33816 178.04808 5.81740 5.76395 1323.10061
7447.29173 177.59475 5.80253 5.74927 1320.08166
7445.77318 176.81080 5.77677 5.72390 1315.51336
7444.49188 175.98537 5.74965 5.69717 1311.47014
7443.70095 175.42930 5.73140 5.67917 1308.91092
7442.61197 174.58232 5.70356 5.65175 1305.24580
7442.65865 174.61790 5.70473 5.65291 1305.40376
7441.53681 173.76120 5.67664 5.62517 1301.63312
7441.18971 173.46137 5.66671 5.61547 1300.40046
7440.54040 172.95411 5.64975 5.59904 1298.04015
7439.67686 172.25964 5.62951 5.57656 1295.26605
7438.99597 171.63123 5.61015 5.55622 1292.75996
7438.47816 171.17324 5.59471 5.54139 1290.78672
7437.73109 170.49724 5.57257 5.51951 1287.92689
7436.92462 169.66818 5.54528 5.49267 1284.67550
7436.22767 168.94475 5.52151 5.46925 1281.82394
7435.24559 167.74926 5.48223 5.43055 1277.54425
7434.68928 166.97282 5.45671 5.40541 1274.94783
7434.69639 166.99254 5.45736 5.40605 1274.98804
7434.01943 166.16871 5.43031 5.37938 1271.92578
7434.02570 166.18068 5.43070 5.37977 1271.95847
7433.15540 165.16512 5.39668 5.34689 1267.93439
7433.32522 165.35555 5.40342 5.35306 1268.73906
7432.42644 164.37108 5.37091 5.32119 1264.48624
7431.42184 163.10042 5.33283 5.28005 1259.88287
7430.46577 161.59007 5.28297 5.23116 1254.74637
7429.76516 160.20988 5.23760 5.18647 1250.37157
7429.51846 159.69636 5.22068 5.16985 1248.75704
7428.89527 158.23984 5.17279 5.12270 1244.38443
7428.48679 157.04654 5.13357 5.08407 1241.06703
7428.55217 157.23959 5.13993 5.09032 1241.60902
7428.23269 156.51205 5.11595 5.06676 1239.30477
7427.89981 155.68549 5.08868 5.04001 1236.74356
7427.73389 155.37476 5.07845 5.02995 1235.59590
7427.19120 154.14927 5.04168 4.99027 1231.49460
7426.70525 152.74230 4.99525 4.94473 1227.19027
7426.38858 151.73342 4.96208 4.91207 1224.03790
7426.30935 151.52077 4.95508 4.90518 1223.32561
7426.05402 150.81066 4.93178 4.88219 1221.01485
7425.60371 149.40753 4.88565 4.83677 1216.35019
7425.29886 148.24457 4.84733 4.79912 1212.76755
7425.13119 147.67589 4.82861 4.78071 1210.84883
7424.92996 146.96687 4.80529 4.75776 1208.47888
7424.60700 145.53376 4.76172 4.71136 1204.14784
7424.37855 144.19092 4.71742 4.66789 1200.04772
7424.20701 143.09529 4.68142 4.63242 1196.75580
7424.05983 142.10059 4.64873 4.60022 1193.64590
7423.90321 141.11284 4.61621 4.56825 1190.41833
7423.81395 140.50727 4.59634 4.54864 1188.47541
7423.70362 139.66494 4.56879 4.52137 1185.84338
7423.59438 138.53571 4.53150 4.48482 1182.29427
7423.48517 137.40576 4.49439 4.44824 1178.63590
7423.39337 136.09487 4.45433 4.40580 1174.79380
7423.34953 134.90765 4.41590 4.36737 1171.25481
7423.31490 133.88255 4.38202 4.33418 1168.02629
7423.28156 132.81937 4.34715 4.29976 1164.68711
7423.25669 131.67198 4.30944 4.26262 1161.06810
7443.25278 130.62547 4.27995 4.22874 1343.60896
7443.27050 129.72947 4.25043 4.19973 1343.35393
7443.28966 128.71205 4.21779 4.16680 1343.11786
7443.30572 127.73289 4.18798 4.13510 1342.82737
7443.32847 126.78125 4.15761 4.10429 1342.57437
7443.35472 125.80848 4.12550 4.07280 1342.31064
7443.38675 124.73335 4.09033 4.03799 1342.00910
7423.40189 123.52171 4.04525 3.99877 1135.78641
7423.39054 122.75156 4.02003 3.97384 1133.07533
7423.35825 121.81597 3.98926 3.94355 1129.64556
7423.32615 120.62380 3.94992 3.90495 1125.29685
7443.32766 119.66198 3.92586 3.87382 1338.41011
7443.35157 118.86213 3.90144 3.84792 1338.19378
7443.39058 117.98868 3.87278 3.81965 1338.17114
7443.44380 117.03158 3.84126 3.78866 1338.31101
7443.50039 115.98140 3.80699 3.75467 1338.52509
7443.54854 114.94128 3.77280 3.72099 1338.60408
7443.59899 113.85390 3.73723 3.68579 1338.78291
7443.63233 112.73638 3.70049 3.64961 1338.90255
7443.65822 111.65588 3.66600 3.61464 1339.07249
7443.67432 110.49169 3.63037 3.57695 1339.21602
7423.66974 109.71573 3.59898 3.55183 1091.16517
7423.63678 108.99159 3.57478 3.52838 1088.55422
7423.57631 108.05559 3.54391 3.49808 1085.07931
7423.52313 107.12486 3.51337 3.46795 1081.71010
7423.45457 106.26214 3.48495 3.44002 1078.52780
7423.38470 105.44003 3.45791 3.41341 1075.51591
7423.29165 104.64390 3.43174 3.38764 1072.30723
7423.17123 103.70915 3.40097 3.35738 1068.63904
7423.07013 102.91514 3.37453 3.33167 1065.56976
7422.92535 102.08493 3.34727 3.30480 1061.96557
7422.82719 101.47687 3.32835 3.28511 1059.55833
7422.75110 100.93524 3.31190 3.26758 1057.65070
7422.60783 100.04736 3.28382 3.23883 1054.33058
7422.45704 99.16319 3.25433 3.21021 1050.87779
7422.32267 98.43212 3.23017 3.18654 1048.00378
7422.20082 97.89100 3.21236 3.16903 1045.70621
7422.16212 97.80797 3.20961 3.16634 1045.18011
7421.99239 97.25404 3.19127 3.14841 1042.47600
7421.60759 95.93335 3.14759 3.10565 1036.43785
7421.42897 95.12551 3.12097 3.07950 1033.39887
7421.24489 94.62385 3.10417 3.06326 1030.78306
7421.04399 93.96001 3.08192 3.04177 1027.71878
7420.86210 93.25556 3.05950 3.01896 1024.85225
7420.71798 92.82821 3.04635 3.00513 1022.80285
7420.43359 92.13368 3.02497 2.98264 1018.98758
7420.25059 91.64322 3.00920 2.96677 1016.46452
7419.84373 90.46143 2.96989 2.92851 1010.73372
7419.59386 89.62769 2.94250 2.90152 1007.33903
7419.44615 89.27511 2.93087 2.89010 1005.46621
7419.56651 89.56375 2.94040 2.89945 1006.99083
7419.15090 88.66597 2.91072 2.87038 1001.83989
7418.74829 87.85262 2.88373 2.84405 996.96706
7418.59864 87.54235 2.87342 2.83401 995.16154
7418.35252 86.97589 2.85458 2.81567 992.20538
7418.08383 86.55837 2.84051 2.80215 989.09173
7417.50308 85.43286 2.80243 2.76572 982.40574
7417.16558 84.64703 2.77701 2.74028 978.65728
7416.88435 84.12354 2.76073 2.72333 975.51387
7416.99025 84.32483 2.76698 2.72985 976.69756
7416.41440 83.31992 2.73493 2.69732 970.29543
7416.03077 82.65998 2.71244 2.67595 966.12550
7415.86437 82.35719 2.70182 2.66615 964.31951
7415.36189 81.50960 2.67192 2.63871 958.92189
7415.24446 81.33765 2.66583 2.63314 957.67129
7414.77086 80.57053 2.63875 2.60831 952.77271
7414.23697 79.70742 2.60856 2.58037 947.29741
7414.68625 80.35945 2.63137 2.60148 951.96172
7414.03163 79.50136 2.60140 2.57370 945.22136
7413.84759 79.29972 2.59448 2.56717 943.39683
7413.03153 78.21993 2.55797 2.53221 935.66500
7412.50214 77.47092 2.53146 2.50797 930.60010
7412.45486 77.37854 2.52819 2.50498 930.16797
7411.92399 76.72848 2.50486 2.48393 924.78765
7411.74484 76.50189 2.49711 2.47660 922.95976
7410.98263 75.54035 2.46762 2.44547 915.08089
7411.32422 75.94365 2.47938 2.45852 918.62710
7410.46735 75.00682 2.45091 2.42820 909.81729
7409.79705 74.21522 2.42391 2.40257 903.12762
7409.15887 73.36516 2.39412 2.37505 896.85712
7409.02513 73.19519 2.38834 2.36955 895.55044
7408.85451 72.99839 2.38163 2.36318 893.86442
7408.40196 72.52084 2.36548 2.34772 889.36951
7407.92026 71.99890 2.34756 2.33082 884.61450
7407.19149 71.18853 2.31963 2.30459 877.44743
7406.73006 70.63847 2.30108 2.28678 872.89218
7406.06181 69.82784 2.27372 2.26054 866.37625
7406.89224 70.68795 2.30316 2.28838 874.70327
7405.97631 69.87526 2.27478 2.26207 865.35540
7405.08240 68.97952 2.24117 2.23307 857.07475
7404.19667 67.98029 2.20257 2.20073 849.09416
7403.76801 67.46704 2.18369 2.18411 845.07483
7402.99898 66.49022 2.15045 2.15249 837.68248
7403.34590 66.89918 2.16414 2.16573 841.09236
7402.60263 66.09472 2.13743 2.13968 833.71245
7402.57622 66.07708 2.13683 2.13911 833.43624
7401.58411 65.05781 2.10463 2.10612 823.66781
7400.57841 63.81800 2.06529 2.06598 814.14366
7400.20633 63.27090 2.04775 2.04827 810.88865
7400.09457 63.15528 2.04360 2.04453 809.78974
7400.10330 63.15077 2.04353 2.04438 809.90037
7399.71147 62.77155 2.03063 2.03210 806.07049
7398.98036 62.04479 2.00795 2.00858 799.00542
7398.21007 61.17026 1.98088 1.98026 791.63779
7398.08055 61.02742 1.97629 1.97564 790.41846
7397.41842 60.32093 1.95193 1.95277 784.23912
7397.16964 60.05935 1.94232 1.94430 781.90325
7396.38196 59.21478 1.91593 1.91696 775.15218
7396.31867 59.14340 1.91370 1.91465 774.60345
7395.50671 58.30486 1.88876 1.88750 767.50849
7395.04123 57.80338 1.87353 1.87127 763.08435
7394.14176 56.76443 1.84202 1.83763 754.63502
7394.39566 57.04655 1.85012 1.84677 756.96040
7393.43628 56.02261 1.81873 1.81362 748.11713
7393.27633 55.84361 1.81224 1.80783 746.67364
7392.45948 54.94186 1.78436 1.77863 739.31776
7392.60631 55.09629 1.78771 1.78363 740.65650
7391.83153 54.32186 1.76620 1.75856 733.50225
7391.93337 54.42606 1.76977 1.76193 734.43865
7390.96693 53.53547 1.74096 1.73310 725.37412
7391.11002 53.66007 1.74439 1.73714 726.72554
7390.17843 52.84906 1.72161 1.71088 717.93725
7391.03830 53.50243 1.74081 1.73203 726.29646
7390.07228 52.86573 1.72113 1.71142 716.66718
7389.04168 52.12549 1.69748 1.68746 706.64202
7388.47396 51.65997 1.68471 1.67239 701.28208
7387.71556 51.07261 1.66641 1.65337 693.94078
7387.49463 50.89837 1.66066 1.64773 691.87307
7386.44716 50.06989 1.63955 1.62091 683.21040
7385.73739 49.44974 1.62255 1.60084 676.58600
7384.81794 48.57823 1.59577 1.57262 668.17017
7384.50476 48.27857 1.59031 1.56292 665.23572
7383.74023 47.51394 1.56211 1.53817 658.37646
7384.05173 47.80872 1.57401 1.54771 661.17756
7383.39614 47.25120 1.55411 1.52966 655.14072
7383.76745 47.51709 1.56245 1.53827 658.67223
7383.63645 47.45249 1.55964 1.53618 657.36253
7382.65574 46.88070 1.54294 1.51767 647.76757
7382.51715 46.79969 1.54030 1.51505 646.41869
7381.71948 46.33500 1.52342 1.50000 638.69050
7380.82313 45.82872 1.50345 1.48361 630.08115
7380.54214 45.65719 1.49894 1.47806 627.41267
7379.74985 45.18277 1.48191 1.46270 619.87936
7379.46188 45.03692 1.47468 1.45798 617.10208
7379.14405 44.87925 1.46788 1.45288 614.05596
7377.72257 44.13600 1.44526 1.42881 601.78450
7376.01007 42.96244 1.40854 1.39082 585.94523
7375.10365 42.18320 1.38540 1.36560 577.71665
7374.44159 41.60240 1.36636 1.34679 571.70892
7374.30617 41.46312 1.36244 1.34229 570.48836
7373.75192 41.03246 1.34992 1.32834 565.44162
7374.18676 41.33789 1.35898 1.33823 569.41453
7373.42210 40.84696 1.34341 1.32234 562.41484
7373.83853 41.07798 1.35136 1.32982 566.23825
7373.59144 40.96832 1.34772 1.32627 563.95730
7372.52523 40.49724 1.32743 1.31102 554.11271
7371.41952 39.95408 1.31096 1.29343 544.03340
7371.23160 39.82385 1.30814 1.28922 542.33080
7370.31392 39.40761 1.29585 1.27574 534.13788
7369.27375 38.85404 1.27358 1.25782 525.32623
7368.67347 38.50783 1.26348 1.24661 520.44103
7367.67101 37.92676 1.24530 1.22780 511.45951
7367.69151 37.93236 1.24551 1.22798 511.63218
7367.30771 37.72902 1.23664 1.22140 508.28503
7366.39904 37.31105 1.22009 1.20787 500.38985
7365.97298 37.09544 1.21341 1.20089 496.70767
7365.93541 37.05603 1.21241 1.19961 496.35077
7364.80195 36.64837 1.19867 1.18642 486.93456
7363.01240 35.72893 1.16508 1.15665 471.72243
7362.76849 35.55193 1.16046 1.15092 469.54006
7362.07729 35.19600 1.14938 1.13940 463.72786
7361.72087 35.01502 1.14127 1.13354 460.73136
7361.21420 34.75512 1.12969 1.12513 456.50544
7360.18582 34.24863 1.11389 1.10873 448.75235
7359.77710 34.03171 1.10745 1.10171 445.30814
7359.54601 33.91621 1.10390 1.09797 443.38024
7358.40060 33.41430 1.08288 1.08172 434.25876
7357.20779 32.77636 1.06246 1.06107 424.43580
7357.38019 32.83139 1.06436 1.06285 425.71489
7356.71031 32.56395 1.05596 1.05419 420.56165
7355.54274 32.02491 1.03402 1.03674 411.40007
7354.49708 31.43331 1.01352 1.01759 402.76685
7353.41722 30.77158 0.99471 0.99617 393.93622
7353.46910 30.78921 0.99535 0.99674 394.29643
7352.87605 30.47143 0.98353 0.98645 389.72690
7351.95454 29.96075 0.96563 0.96992 382.34988
7353.69718 30.67641 0.99192 0.99309 395.18016
7353.77775 30.66839 0.99169 0.99283 395.62226
7353.19984 30.61836 0.98924 0.99121 392.12093
7351.36634 30.28106 0.97421 0.98029 381.25480
7349.42839 29.71078 0.95596 0.96183 368.80753
7347.66566 28.93757 0.92513 0.93680 356.30889
7347.14309 28.64135 0.91631 0.92721 352.23739
7346.28670 28.23585 0.90484 0.91408 346.06137
7345.81605 27.99321 0.89578 0.90622 342.58519
7345.10213 27.63482 0.88201 0.89462 337.36127
7343.99498 27.05616 0.86223 0.87589 329.14193
7343.64368 26.86277 0.85654 0.86963 326.47673
7343.00041 26.51587 0.84444 0.85840 321.93597
7342.19590 26.09542 0.82826 0.84479 316.19330
7343.48482 26.61590 0.84824 0.86164 324.23552
7343.70616 26.64583 0.84930 0.86261 325.26564
7343.08951 26.58495 0.84675 0.86063 322.70230
7341.28050 26.23023 0.83094 0.84915 313.90721
7339.39241 25.66536 0.81025 0.83086 303.64516
7337.83119 24.97988 0.78700 0.80867 293.69842
7337.01338 24.55841 0.77066 0.79503 288.04619
7335.93497 23.98252 0.75274 0.77639 280.48193
7335.77849 23.89478 0.74977 0.77355 279.35777
7335.03145 23.50270 0.73531 0.76085 274.21047
7334.19263 23.06281 0.71806 0.74661 268.38838
7335.77029 23.67838 0.74210 0.76654 277.57446
7335.86915 23.67349 0.74189 0.76638 277.80013
7335.20312 23.61527 0.73968 0.76450 275.58828
7333.08454 23.20095 0.72198 0.75108 267.29603
7331.08886 22.52591 0.70057 0.72923 257.45844
7329.51551 21.78050 0.67683 0.70510 248.59029
7328.85570 21.39470 0.66299 0.69261 243.89505
7328.16977 21.03514 0.65020 0.68097 239.35156
7329.47983 21.57723 0.66972 0.69852 246.68719
7329.29183 21.49809 0.66687 0.69596 245.60902
7328.40110 21.33752 0.66058 0.69076 242.61325
7326.70924 20.87206 0.64431 0.67569 235.62044
7325.62471 20.50007 0.63160 0.66365 230.61623
7326.71842 20.78277 0.64121 0.67280 234.77851
7326.25350 20.70407 0.63861 0.67025 233.37800
7325.08372 20.56332 0.63415 0.66570 230.66676
7323.15062 20.16322 0.61916 0.65274 224.63746
7321.29087 19.58404 0.59878 0.63399 217.10196
7319.08363 18.49370 0.55923 0.59870 204.20290
7319.05108 18.41044 0.55639 0.59600 203.31602
7319.19585 18.50401 0.55960 0.59903 204.38471
7319.95109 18.75529 0.56877 0.60716 207.51820
7319.56993 18.65972 0.56515 0.60407 206.25519
7318.24116 18.38776 0.55548 0.59527 202.57541
7316.60226 17.90296 0.53949 0.57957 196.62457
7315.46738 17.51908 0.52681 0.56715 192.09873
7316.47100 17.79863 0.53598 0.57619 195.46184
7315.72603 17.63289 0.53063 0.57083 193.41472
7314.76718 17.46551 0.52517 0.56541 191.26975
7313.12943 17.11116 0.51284 0.55394 186.98239
7311.76216 16.69476 0.49835 0.54046 182.15128
7311.74084 16.69285 0.49827 0.54040 182.12642
7311.27269 16.56837 0.49385 0.53637 180.68135
7310.25380 16.32971 0.48561 0.52864 177.91435
7308.80943 15.94783 0.47261 0.51628 173.57599
7307.50494 15.51925 0.45830 0.50240 168.76411
7308.46330 15.78478 0.46709 0.51100 171.74384
7308.59780 15.74905 0.46587 0.50984 171.34847
7308.77797 15.81300 0.46802 0.51191 172.06955
7306.95750 15.80554 0.46824 0.51167 172.02969
7304.18902 15.36570 0.45474 0.49743 167.39585
7302.42455 14.78559 0.43646 0.47865 161.10540
7301.62032 14.52239 0.42824 0.47013 158.28056
0.00000 0.00000 0.00000 0.00000 0.00000
