7156.39952 242.72062 8.08099 7.85759 782.74859
7155.76712 241.75648 8.04975 7.82638 782.75538
7155.48195 241.33225 8.03612 7.81265 782.57746
7155.11680 240.82886 8.01975 7.79635 782.01927
7154.42914 239.80412 7.98649 7.76318 781.77088
7154.46533 239.85815 7.98823 7.76493 781.78621
7153.78835 238.89168 7.95702 7.73364 781.03554
7153.56412 238.59692 7.94733 7.72410 780.48507
7153.03058 237.87021 7.92361 7.70057 779.48160
7152.46962 237.05423 7.89730 7.67416 779.01703
7152.25603 236.75247 7.88745 7.66439 778.73084
7151.60172 235.75649 7.85531 7.63214 778.70276
7151.52071 235.65157 7.85190 7.62875 778.47715
7150.96406 234.87591 7.82650 7.60364 777.68442
7150.48422 234.20257 7.80532 7.58184 776.62859
7150.18396 233.76312 7.79300 7.56761 775.66717
7149.50992 232.76304 7.76095 7.53524 775.16777
7149.46475 232.70137 7.75892 7.53324 775.07153
7148.85545 231.81724 7.73037 7.50462 774.42777
7148.51011 231.33426 7.71480 7.48898 774.51504
7148.12611 230.79759 7.69753 7.47161 774.88888
7147.44712 229.80103 7.66513 7.43935 774.69018
7147.45950 229.82112 7.66577 7.44000 774.68272
7146.73176 228.78394 7.63212 7.40642 773.69987
7146.36567 228.23321 7.61414 7.38859 773.59324
7146.06479 227.74562 7.59851 7.37281 773.90715
7145.51501 226.98009 7.57368 7.34803 772.98053
7145.31796 226.70439 7.56462 7.33910 772.66578
7144.65244 225.69052 7.53236 7.30628 772.33753
7144.56559 225.55495 7.52850 7.30189 772.14911
7144.14181 225.01562 7.51279 7.28443 770.07493
7143.58351 224.30736 7.48921 7.26150 768.38194
7143.19117 223.74970 7.47100 7.24345 767.85000
7142.50771 222.74882 7.43858 7.21105 767.27406
7142.41298 222.61681 7.43423 7.20677 767.10973
7141.78029 221.65836 7.40315 7.17575 766.96032
7141.45278 221.15409 7.38687 7.15942 766.96374
7141.22343 220.84743 7.37682 7.14949 766.41570
7140.51811 219.87086 7.34477 7.11788 765.19797
7140.27483 219.50768 7.33303 7.10612 765.02813
7139.74027 218.62087 7.30442 7.07741 765.75473
7139.47911 218.27860 7.29306 7.06633 765.38975
7139.05200 217.64191 7.27293 7.04572 766.17484
7138.38718 216.62164 7.24009 7.01269 766.81126
7138.52784 216.82591 7.24642 7.01931 767.08864
7137.78750 215.80826 7.21623 6.98636 764.10452
7137.47146 215.35770 7.20157 6.97177 763.74529
7137.05360 214.75821 7.18188 6.95237 763.33773
7136.47701 213.94303 7.15502 6.92598 762.44648
7136.27162 213.64043 7.14521 6.91618 762.29710
7135.62537 212.66078 7.11355 6.88447 762.16403
7135.61537 212.64233 7.11296 6.88387 762.20101
7135.04682 211.93167 7.08939 6.86086 760.23912
7134.49075 211.18285 7.06486 6.83662 758.96996
7134.11334 210.61800 7.04644 6.81834 758.78551
7133.45801 209.62144 7.01385 6.78607 758.69429
7133.44141 209.60171 7.01320 6.78544 758.62352
7132.83881 208.71654 6.98426 6.75678 758.21362
7132.50874 208.26281 6.96929 6.74209 757.55279
7132.13499 207.73832 6.95398 6.72511 756.23996
7131.48024 206.80710 6.92495 6.69497 754.61614
7131.37073 206.65195 6.91972 6.68994 754.45933
7130.70050 205.65659 6.88748 6.65772 755.12298
7130.47309 205.33090 6.87698 6.64718 755.49319
7130.05562 204.73737 6.85770 6.62796 755.47349
7129.49617 203.95639 6.83178 6.60268 754.30888
7129.32149 203.70788 6.82374 6.59464 754.07973
7128.63058 202.72242 6.79166 6.56273 753.25224
7128.44954 202.47609 6.78345 6.55476 752.87261
7127.80817 201.52496 6.75242 6.52397 752.49466
7127.33721 200.74431 6.72724 6.49870 753.28534
7127.44195 200.89860 6.73229 6.50369 753.35148
7126.67232 199.93124 6.69993 6.47237 750.73341
7126.44927 199.63158 6.69000 6.46267 750.26324
7125.82405 198.72041 6.66141 6.43318 749.29307
7125.54550 198.36503 6.65086 6.42167 747.78681
7125.02347 197.63389 6.62771 6.39800 746.69055
7124.41877 196.72319 6.59784 6.36852 746.59370
7124.43443 196.75445 6.59884 6.36953 746.50050
7123.69083 195.73113 6.56504 6.33640 745.12462
7123.43624 195.36982 6.55321 6.32471 744.80094
7122.97869 194.69119 6.53108 6.30274 744.63252
7122.54235 194.10870 6.51153 6.28388 743.54020
7122.10999 193.49976 6.49176 6.26417 742.78368
7121.46918 192.45932 6.45822 6.23049 744.92736
7121.49067 192.50405 6.45964 6.23193 744.68099
7120.88879 191.65805 6.43219 6.20455 744.92183
7120.46351 191.04003 6.41177 6.18454 744.56355
7120.22972 190.71351 6.40073 6.17397 744.21599
7119.51762 189.73396 6.37141 6.14226 741.53960
7119.47636 189.67687 6.36967 6.14041 741.41441
7118.78261 188.70113 6.33768 6.10882 740.55700
7118.55435 188.39913 6.32751 6.09904 739.97764
7118.05718 187.73001 6.30555 6.07738 738.90124
7117.55016 187.03220 6.28254 6.05479 738.04268
7117.38552 186.82649 6.27558 6.04813 737.48873
7116.60435 185.81192 6.24172 6.01529 735.38104
7116.43222 185.57529 6.23397 6.00763 735.08370
7115.75455 184.58267 6.20137 5.97549 734.75290
7115.40492 184.07488 6.18441 5.95906 734.51771
7115.07355 183.56572 6.16813 5.94257 734.67369
7114.46695 182.69553 6.13944 5.91440 734.20974
7114.45292 182.68160 6.13894 5.91395 734.12003
7113.72121 181.66665 6.10678 5.88109 732.25195
7113.52314 181.39027 6.09877 5.87215 731.52495
7113.03223 180.72468 6.07764 5.85060 731.25101
7112.53261 180.05877 6.05537 5.82904 731.52401
7112.26200 179.67904 6.04298 5.81675 731.27377
7111.53786 178.69230 6.01024 5.78481 729.81742
7111.47634 178.60825 6.00741 5.78209 729.72339
7110.76648 177.60356 5.97470 5.74956 729.09129
7110.48833 177.20262 5.96144 5.73658 728.91720
7110.10134 176.67195 5.94364 5.71940 728.32813
7109.55147 175.91922 5.91877 5.69503 727.49067
7109.46979 175.82397 5.91556 5.69195 727.13771
7108.68379 174.82682 5.88213 5.65967 724.86179
7108.50781 174.60589 5.87465 5.65252 724.32549
7107.80879 173.62791 5.84272 5.62086 723.55063
7107.54526 173.26442 5.83034 5.60909 723.32468
7107.10986 172.69038 5.81145 5.59051 722.15990
7106.52927 171.89783 5.78828 5.56485 719.92796
7106.40241 171.72889 5.78275 5.55938 719.64535
7105.65222 170.74499 5.74941 5.52753 718.14186
7105.47760 170.51943 5.74193 5.52023 717.71818
7104.82680 169.58837 5.71126 5.49008 717.36897
7104.54022 169.19662 5.69814 5.47740 716.81908
7104.13540 168.65933 5.68009 5.46001 716.37059
7103.54451 167.84732 5.65402 5.43372 717.33247
7103.37105 167.63327 5.64688 5.42679 717.08264
7102.65654 166.63074 5.61348 5.39434 716.53936
7102.51714 166.46393 5.60796 5.38894 715.99799
7101.92870 165.63532 5.58059 5.36211 715.68801
7101.58479 165.19111 5.56556 5.34773 714.89717
7101.15089 164.62032 5.54625 5.32925 714.19332
7100.51111 163.72167 5.51897 5.30016 712.60822
7100.67378 163.93662 5.52521 5.30712 713.38571
7099.80585 162.93064 5.49258 5.27455 708.89868
7099.56903 162.64067 5.48279 5.26517 708.20096
7098.85868 161.69876 5.45167 5.23467 707.00910
7098.58185 161.35007 5.43966 5.22339 706.29071
7098.09306 160.69917 5.41830 5.20231 705.55135
7097.62307 160.09886 5.39813 5.18288 704.45688
7097.25422 159.63162 5.38228 5.16775 703.56173
7096.49749 158.58437 5.34764 5.13385 703.11258
7096.54284 158.64646 5.34970 5.13586 703.16262
7095.80026 157.65493 5.31637 5.10376 702.02888
7095.54383 157.32171 5.30518 5.09298 702.00325
7095.13518 156.76019 5.28718 5.07480 702.95354
7094.69249 156.25878 5.27037 5.05857 701.76556
7094.17014 155.57689 5.24699 5.03649 700.87966
7093.49125 154.62285 5.21782 5.00561 699.71143
7093.59355 154.76425 5.22187 5.01018 700.09638
7092.78116 153.75057 5.18928 4.97737 697.12303
7092.71813 153.66748 5.18644 4.97468 697.07278
7092.08813 152.92479 5.16137 4.95063 694.90916
7091.72007 152.53237 5.14780 4.93793 692.97383
7091.07027 151.71160 5.12001 4.91136 691.57635
7090.65581 151.18374 5.10242 4.89427 690.77125
7090.24402 150.68683 5.08551 4.87818 689.56585
7089.56323 149.78108 5.05537 4.84886 688.90713
7089.44442 149.63341 5.05043 4.84408 688.62875
7088.71119 148.65807 5.01754 4.81251 687.95328
7088.60256 148.54069 5.01350 4.80871 687.43924
7087.92532 147.64968 4.98408 4.77986 686.67043
7087.66556 147.31889 4.97276 4.76915 686.13188
7087.19991 146.75997 4.95356 4.75106 685.05340
7086.66805 146.09679 4.93375 4.72959 684.24894
7086.41837 145.79953 4.92487 4.71997 683.62381
7085.69682 144.93464 4.89533 4.69197 681.63972
7085.56700 144.77345 4.88982 4.68675 681.34127
7084.74741 143.78476 4.85663 4.65474 679.21656
7084.62151 143.63524 4.85152 4.64990 678.85155
7083.88243 142.69289 4.81975 4.61940 677.76983
7083.76491 142.55045 4.81503 4.61479 677.48288
7083.16684 141.87371 4.79188 4.59288 675.27080
7082.77936 141.42651 4.77657 4.57840 673.95692
7082.21690 140.78574 4.75490 4.55766 671.93134
7081.61475 140.03556 4.72947 4.53337 670.88596
7081.42046 139.77491 4.72073 4.52493 670.86235
7080.74540 138.99774 4.69420 4.49977 668.65549
7080.41712 138.59147 4.68058 4.48662 668.06219
7079.64946 137.57056 4.64586 4.45357 668.11547
7079.77350 137.71673 4.65080 4.45830 668.44625
7079.01729 136.86484 4.62409 4.43073 664.45477
7078.75119 136.55780 4.61456 4.42079 662.99302
7078.17827 135.88881 4.59164 4.39913 661.23420
7077.73726 135.42546 4.57596 4.38413 660.04126
7077.11420 134.63779 4.54952 4.35863 661.05680
7076.70443 134.11419 4.53201 4.34168 660.77917
7076.43683 133.82956 4.52225 4.33246 659.39838
7075.74117 133.01056 4.49424 4.30595 657.72936
7075.58301 132.83188 4.48819 4.30017 657.22562
7074.76933 131.90008 4.45645 4.27000 654.78738
7074.61517 131.71828 4.45022 4.26412 654.42808
7073.80021 130.72862 4.41648 4.23208 653.11066
7073.81945 130.75591 4.41740 4.23296 653.06770
7073.01852 129.86403 4.38694 4.20409 650.27750
7072.84746 129.67090 4.38022 4.19784 649.77862
7072.16977 128.93528 4.35480 4.17402 647.21025
7071.81000 128.55844 4.34326 4.16182 644.65169
7071.15847 127.80514 4.31922 4.13744 641.84979
7070.79366 127.39339 4.30491 4.12411 640.91421
7070.28402 126.81763 4.28515 4.10547 639.43220
7069.78405 126.24605 4.26553 4.08696 638.15242
7069.39237 125.80490 4.25042 4.07268 636.89327
7068.80008 125.12247 4.22701 4.05059 635.49645
7068.67124 124.98725 4.22234 4.04621 635.27744
7067.91337 124.21454 4.19595 4.02120 633.85622
7067.50979 123.75719 4.18024 4.00639 632.82553
7066.74088 122.85768 4.14937 3.97727 631.20843
7066.50475 122.57809 4.13981 3.96822 630.87141
7065.73859 121.58444 4.10608 3.93605 631.46864
7066.04118 121.91949 4.11768 3.94690 632.34642
7065.17671 121.09514 4.08855 3.92021 627.12177
7064.96146 120.87915 4.08105 3.91322 626.00185
7064.09033 119.98882 4.04963 3.88440 622.18840
7063.75447 119.63623 4.03775 3.87298 620.51850
7062.99401 118.73803 4.01003 3.84391 617.39743
7062.93920 118.67312 4.00784 3.84181 617.29821
7062.26000 117.99132 3.98339 3.81973 614.22333
7061.91955 117.64068 3.97125 3.80838 612.69595
7061.25235 116.93880 3.94659 3.78566 610.14475
7060.88973 116.56951 3.93354 3.77370 608.36766
7060.22963 115.85115 3.90860 3.75045 606.59611
7059.91221 115.50465 3.89665 3.73923 606.63663
7059.31966 114.89745 3.87550 3.71958 605.65329
7058.78989 114.31271 3.85506 3.70065 604.05479
7058.38815 113.84906 3.83883 3.68564 603.35287
7057.92755 113.37689 3.82214 3.67035 601.51700
7057.44827 112.87310 3.80441 3.65404 599.75421
7056.92506 112.30606 3.78452 3.63568 598.15165
7056.68627 112.07359 3.77614 3.62816 596.86126
7056.06278 111.49208 3.75478 3.60933 593.26697
7055.57245 111.00116 3.73829 3.59344 590.18202
7055.04586 110.48583 3.72193 3.57676 585.91123
7054.54594 110.00440 3.70507 3.56117 582.79205
7053.94605 109.40043 3.68320 3.54162 580.25015
7053.50420 108.93579 3.66661 3.52658 578.59946
7052.95589 108.38829 3.64687 3.50885 576.04533
7052.49517 107.90518 3.62959 3.49321 574.34852
7052.00169 107.39701 3.61119 3.47676 572.23030
7051.60111 107.01696 3.59750 3.46446 570.59856
7050.98218 106.40586 3.57570 3.44468 569.71950
7050.44034 105.84791 3.55546 3.42661 567.63025
7049.82392 105.17345 3.53116 3.40478 565.93036
7049.52290 104.83704 3.51899 3.39389 565.42145
7048.99165 104.27971 3.49866 3.37585 563.55505
7048.84006 104.14751 3.49373 3.37157 562.39537
7048.18008 103.56533 3.47199 3.35272 557.48999
7047.68760 103.10974 3.45507 3.33797 554.30180
7047.04578 102.52853 3.43312 3.31916 549.91676
7046.40337 101.86334 3.40911 3.29762 546.99854
7046.02167 101.45788 3.39597 3.28450 544.38397
7045.64365 101.11503 3.38427 3.27340 540.87544
7045.13843 100.66494 3.36730 3.25883 537.14885
7044.47999 100.04400 3.34363 3.23872 533.16931
7044.08156 99.67134 3.32968 3.22666 530.57972
7043.36414 98.98448 3.30377 3.20442 526.35505
7043.05194 98.67190 3.29197 3.19431 524.60655
7042.38435 98.03874 3.26821 3.17381 521.29085
7042.11233 97.79045 3.25891 3.16577 520.47278
7041.27150 97.00018 3.22900 3.14019 516.22836
7040.91386 96.63703 3.21532 3.12843 514.33104
7040.18311 95.87180 3.18635 3.10366 511.52638
7040.14618 95.83621 3.18499 3.10251 511.30530
7039.32656 95.09903 3.15688 3.07864 504.82935
7039.38232 95.14011 3.15848 3.07997 505.49768
7038.38084 94.34550 3.12793 3.05425 494.79562
7038.02106 94.02393 3.11540 3.04384 492.01811
7037.11203 93.17464 3.08502 3.01634 484.11998
7037.02112 93.09130 3.08227 3.01364 483.13611
7036.16192 92.32181 3.05512 2.98873 474.50460
7035.84433 92.02405 3.04380 2.97909 472.24583
7035.12705 91.35688 3.01873 2.95750 466.66033
7034.86112 91.11436 3.00969 2.94965 464.30270
7034.20315 90.54400 2.98882 2.93118 457.78455
7033.69553 90.08163 2.97159 2.91621 454.91572
7033.18663 89.63218 2.95516 2.90166 451.83960
7032.52856 89.03821 2.93418 2.88243 445.45854
7032.16531 88.69460 2.92174 2.87131 442.39376
7031.45096 88.06458 2.90024 2.85091 435.18409
7031.16237 87.79012 2.89109 2.84203 432.65479
7030.40406 87.11607 2.86893 2.82021 424.80909
7030.36929 87.09549 2.86834 2.81954 424.20116
7029.35405 86.26955 2.84352 2.79280 411.60984
7029.00212 85.95995 2.83598 2.78278 407.70694
7028.04786 85.04343 2.81451 2.75311 398.69914
7028.23478 85.20012 2.81847 2.75818 400.97958
7027.27727 84.42833 2.79340 2.73320 388.79887
7026.80304 83.97571 2.78034 2.71855 382.86020
7026.10031 83.32937 2.76634 2.69762 373.93882
7025.67074 82.91598 2.74856 2.68424 369.63655
7025.03718 82.29735 2.70601 2.66421 363.16242
7024.43524 81.70830 2.69236 2.64514 358.74415
7023.67580 80.81952 2.70216 2.61637 354.74153
7023.20062 80.21405 2.61691 2.59677 351.76809
7022.45730 79.12603 2.43486 2.56155 349.97876
7022.12124 78.58291 2.42938 2.54396 349.86985
7021.63692 77.66810 2.40622 2.51435 351.64466
7021.11095 76.69028 2.38102 2.48269 352.95810
7021.14877 76.76039 2.38293 2.48496 352.87126
7020.62866 75.83272 2.35718 2.45493 353.41024
7020.25594 75.23530 2.34318 2.43559 351.19900
7019.91359 74.65687 2.32817 2.41687 350.42094
7019.42925 73.70699 2.30101 2.38612 352.72174
7019.30673 73.52998 2.29620 2.38039 352.19996
7018.91449 72.92737 2.27966 2.36088 351.33538
7018.28962 71.89034 2.25117 2.32731 351.63024
7018.72415 72.48600 2.26707 2.34659 353.53950
7017.93829 71.58545 2.24376 2.31744 347.24579
7017.94366 71.58677 2.24377 2.31748 347.36695
7017.18256 70.82645 2.22475 2.29286 340.16962
7016.97287 70.62224 2.21973 2.28625 338.19879
7016.11930 69.76147 2.19821 2.25839 331.92533
7015.95883 69.57951 2.19345 2.25250 331.44553
7015.17301 68.80716 2.17400 2.22749 326.26596
7014.89800 68.51690 2.16673 2.21810 324.23379
7014.15472 67.74537 2.14714 2.19312 319.05574
7013.91054 67.49689 2.14082 2.18508 317.33537
7013.17198 66.72681 2.12076 2.16015 312.55195
7013.14907 66.68680 2.11969 2.15885 312.59868
7012.35292 65.99953 2.10470 2.13660 304.65355
7011.88476 65.54149 2.09367 2.12177 300.94510
7011.07790 64.68493 2.07026 2.09405 296.32133
7010.96368 64.56175 2.06694 2.09006 295.66257
7010.21295 63.81821 2.04686 2.06599 290.70002
7010.08321 63.69569 2.04351 2.06202 289.78125
7009.22691 62.89354 2.02145 2.03605 283.83202
7009.12172 62.79343 2.01869 2.03281 283.12796
7008.16309 61.91554 1.99428 2.00439 276.55641
7007.94473 61.69877 1.98814 1.99737 275.22417
7007.02406 60.76763 1.96155 1.96723 270.14536
7007.19349 60.93074 1.96627 1.97251 270.96270
7006.19031 60.04386 1.94071 1.94380 265.74959
7006.06847 59.93412 1.93758 1.94025 264.95267
7005.13207 59.08245 1.91295 1.91268 258.90812
7004.92820 58.89230 1.90733 1.90652 257.72556
7004.16975 58.18695 1.88625 1.88369 253.30031
7004.09870 58.13992 1.88496 1.88216 252.73556
7003.37045 57.56229 1.87037 1.86346 247.37832
7002.87646 57.15694 1.85962 1.85034 244.03338
7002.46242 56.85063 1.85064 1.84043 241.30274
7001.59470 56.17555 1.83025 1.81857 235.99358
7001.60604 56.18468 1.83053 1.81887 236.06028
7000.57838 55.45803 1.80921 1.79534 229.59467
7000.04431 55.04240 1.79671 1.78189 226.57641
6999.25193 54.36177 1.77610 1.75985 222.49031
6998.86758 54.03630 1.76626 1.74932 220.51080
6998.24135 53.51196 1.75019 1.73234 217.86801
6997.54610 52.89778 1.73123 1.71246 215.01290
6996.99739 52.37493 1.71495 1.69553 212.46857
6996.33986 51.71741 1.69434 1.67425 209.68813
6995.98735 51.35429 1.68287 1.66249 208.24531
6995.42042 50.80953 1.66557 1.64486 205.73374
6995.20115 50.59658 1.65876 1.63796 204.78545
6994.51148 50.01659 1.64024 1.61919 201.51922
6994.13163 49.69210 1.62976 1.60868 199.75134
6993.21691 48.84186 1.60216 1.58116 195.74355
6993.22006 48.83647 1.60200 1.58098 195.77853
6992.24930 48.00586 1.57828 1.55409 191.13728
6992.73124 48.36594 1.58875 1.56575 193.52111
6991.79363 47.75512 1.57020 1.54598 188.81228
6991.27450 47.42900 1.55942 1.53542 186.33081
6990.81890 47.15104 1.55034 1.52642 184.20013
6989.75898 46.46758 1.52828 1.50429 179.42577
6989.59186 46.34886 1.52442 1.50045 178.71845
6988.67395 45.75075 1.50497 1.48109 175.36648
6987.81061 45.12084 1.48453 1.46070 171.85333
6987.22997 44.63282 1.46853 1.44490 169.64091
6986.38048 43.89526 1.44431 1.42102 166.42698
6986.12999 43.65043 1.43619 1.41310 165.51082
6985.29648 42.90865 1.41162 1.38908 162.39965
6985.07229 42.71278 1.40507 1.38274 161.56605
6984.09205 41.78096 1.37377 1.35257 157.95784
6984.32753 41.98481 1.38063 1.35917 158.83270
6983.37222 41.20968 1.35455 1.33408 155.28208
6983.49535 41.29960 1.35759 1.33699 155.73602
6982.79486 40.83800 1.34167 1.32205 153.15952
6982.10228 40.40754 1.32723 1.30811 150.67110
6981.85299 40.25859 1.32271 1.30329 149.79913
6980.78352 39.58721 1.30295 1.28156 146.18907
6980.39344 39.31854 1.29416 1.27286 145.04214
6979.78921 38.93036 1.28066 1.26029 143.12893
6978.87855 38.34605 1.26083 1.24138 140.14537
6979.02195 38.42706 1.26353 1.24400 140.59546
6978.00528 37.85909 1.24440 1.22561 137.47028
6977.29002 37.43434 1.22997 1.21186 135.31218
6976.88675 37.19369 1.22178 1.20407 134.12362
6975.86188 36.56378 1.20048 1.18368 131.14136
6975.67959 36.44670 1.19649 1.17989 130.61110
6974.92792 36.01730 1.18193 1.16599 128.54541
6973.89440 35.38153 1.16037 1.14541 125.70960
6973.73484 35.27735 1.15685 1.14203 125.26708
6972.73001 34.61589 1.13440 1.12062 122.52155
6972.31755 34.33947 1.12499 1.11167 121.39581
6971.94892 34.11397 1.11736 1.10437 120.43033
6970.98073 33.55533 1.09840 1.08629 118.16690
6970.94103 33.52729 1.09744 1.08538 118.06327
6970.07627 33.07278 1.08196 1.07067 116.07315
6969.00603 32.46241 1.06125 1.05091 113.57476
6969.00897 32.46394 1.06130 1.05096 113.58113
6967.87828 31.81849 1.03925 1.03006 111.01927
6966.95316 31.19791 1.01810 1.00997 108.74369
6966.58325 30.91774 1.00972 1.00090 107.83768
6965.63728 30.25980 0.98960 0.97960 105.66402
6965.81107 30.37369 0.99334 0.98329 106.06231
6965.05610 29.90837 0.97745 0.96822 104.37810
6964.44447 29.61002 0.96699 0.95857 103.22767
6964.87137 29.78883 0.97323 0.96435 103.93878
6963.85141 29.44618 0.96130 0.95326 102.52514
6962.67420 29.02677 0.94695 0.93968 100.97582
6961.84713 28.66591 0.93467 0.92800 99.73240
6961.54652 28.52865 0.93001 0.92356 99.26426
6960.32739 28.02314 0.91287 0.90719 97.59022
6959.11916 27.34230 0.88977 0.88515 95.38686
6958.53868 26.93151 0.87583 0.87185 94.05164
6957.55540 26.22063 0.85164 0.84884 91.73375
6957.70296 26.31744 0.85495 0.85197 92.04661
6956.84332 25.78082 0.83664 0.83460 90.32578
6956.25245 25.41479 0.82414 0.82275 89.16078
6956.76400 25.64962 0.83216 0.83036 89.87157
6955.92745 25.37394 0.82274 0.82143 89.11107
6954.80330 25.01109 0.81037 0.80968 88.18010
6953.83335 24.60494 0.79652 0.79654 87.04717
6953.00008 24.17047 0.78178 0.78247 85.73836
6951.93952 23.54113 0.76047 0.76210 83.83540
6951.74733 23.43218 0.75671 0.75857 83.50473
6950.95947 22.98754 0.74130 0.74418 82.16281
6949.92473 22.37038 0.72197 0.72420 80.47250
6950.59124 22.70222 0.73184 0.73494 81.25332
6949.61536 22.30573 0.71991 0.72210 80.42095
6948.55531 21.88574 0.70740 0.70851 79.60904
6948.00750 21.63564 0.69905 0.70041 78.97434
6947.49411 21.41268 0.69136 0.69319 78.39941
6946.38401 20.93415 0.67479 0.67770 77.16541
6945.53643 20.50747 0.66029 0.66389 75.97598
6945.32934 20.39102 0.65634 0.66012 75.61545
6944.45454 19.99498 0.64286 0.64730 74.52656
6943.69238 19.66995 0.63178 0.63678 73.71268
6944.03636 19.78799 0.63579 0.64060 73.95765
6943.08635 19.51812 0.62662 0.63186 73.53080
6941.90054 19.16822 0.61475 0.62053 72.94894
6940.75191 18.74599 0.60049 0.60686 72.00961
6940.49370 18.64239 0.59702 0.60351 71.75313
6939.39047 18.16548 0.58094 0.58807 70.51728
6938.26390 17.62143 0.56259 0.57046 68.96525
6938.14325 17.55425 0.56032 0.56828 68.75528
6937.31028 17.15954 0.54705 0.55551 67.62013
6936.27426 16.65917 0.53013 0.53931 66.14383
6936.16909 16.60012 0.52813 0.53740 65.94372
6935.44403 16.28254 0.51737 0.52711 64.98689
6934.44517 15.83694 0.50228 0.51269 63.69969
6934.20327 15.72493 0.49848 0.50906 63.36089
6934.05622 15.68416 0.49711 0.50774 63.28306
6933.06929 15.40552 0.48770 0.49872 62.73650
6931.92376 15.06081 0.47606 0.48756 61.97082
6931.10042 14.76828 0.46620 0.47809 61.18204
6931.05199 14.75537 0.46578 0.47768 61.15597
6930.08189 14.47322 0.45643 0.46854 60.50978
6929.02606 14.17162 0.44624 0.45878 59.76271
6927.95288 13.83308 0.43467 0.44782 58.79432
6927.99736 13.84387 0.43504 0.44817 58.82102
6927.23404 13.62647 0.42780 0.44113 58.18087
6926.44332 13.44704 0.42240 0.43532 57.83001
6925.60248 13.28837 0.41801 0.43018 57.63539
6924.82313 13.16150 0.41482 0.42608 57.52969
6924.10656 13.09226 0.41340 0.42384 57.63441
6923.20040 13.05305 0.41302 0.42257 57.93860
6922.76487 13.02243 0.41264 0.42158 58.04990
6921.91094 12.96291 0.41182 0.41965 58.22606
6920.51343 12.76173 0.40750 0.41314 58.00966
6919.12754 12.42630 0.39839 0.40228 56.96509
6917.82614 12.02454 0.38617 0.38927 55.31303
6916.86899 11.64616 0.37463 0.37702 53.69203
6916.40105 11.43970 0.36828 0.37034 52.77501
6915.17641 10.87736 0.35093 0.35213 50.27674
6914.07735 10.22716 0.33035 0.33108 47.23131
6913.40531 9.74323 0.31474 0.31542 44.91006
6912.40158 8.95726 0.28926 0.28997 41.15009
0.00000 0.00000 0.00000 0.00000 0.00000
