7141.57079 239.91384 7.98655 7.76673 898.87983
7140.90550 238.99582 7.95678 7.73701 898.25251
7140.57029 238.56147 7.93977 7.72295 897.65828
7140.16445 237.99163 7.92486 7.70450 897.27311
7139.56978 237.16399 7.89634 7.67771 896.90680
7139.42384 236.98745 7.88863 7.67199 896.77795
7138.68800 235.98326 7.85558 7.63949 897.48457
7138.56928 235.82554 7.85057 7.63438 897.34042
7137.95880 234.97908 7.82042 7.60698 896.69817
7137.56878 234.41335 7.80055 7.58866 896.61622
7137.26783 233.97490 7.79066 7.57447 895.95124
7136.57322 232.97071 7.75807 7.54196 895.17162
7136.56828 232.96436 7.75778 7.54176 895.16480
7135.88936 231.96653 7.72641 7.50945 895.30000
7135.56778 231.49651 7.70958 7.49424 895.29274
7135.17322 230.96234 7.68815 7.47694 894.76065
7134.56728 230.12340 7.66299 7.44978 894.16900
7134.44392 229.95816 7.65811 7.44444 893.97303
7133.73118 228.95397 7.62306 7.41193 893.51780
7133.56678 228.74056 7.61559 7.40502 893.15872
7133.01744 227.94979 7.59265 7.37942 892.97126
7132.56628 227.29622 7.56864 7.35826 892.91602
7132.31077 226.94561 7.55413 7.34691 892.58327
7131.62813 225.94142 7.52393 7.31440 892.54299
7131.56578 225.84193 7.52074 7.31118 892.50412
7130.93259 224.93724 7.49170 7.28189 891.41779
7130.56528 224.48354 7.47647 7.26721 891.38430
7130.15726 223.93305 7.45935 7.24938 891.54525
7129.56478 223.16131 7.43448 7.22440 890.08110
7129.39253 222.92887 7.42556 7.21688 889.80620
7128.71446 221.92469 7.39522 7.18437 889.99419
7128.56428 221.71627 7.38804 7.17762 889.85670
7127.98952 220.92050 7.35660 7.15186 889.21238
7127.56378 220.30531 7.33867 7.13194 889.11475
7127.28540 219.91632 7.32590 7.11935 888.85720
7126.56328 218.94087 7.29236 7.08777 887.78594
7126.54232 218.91213 7.29140 7.08684 887.76339
7125.87275 217.90795 7.26039 7.05433 888.02408
7125.56278 217.47881 7.24490 7.04044 887.69365
7125.14032 216.90377 7.22232 7.02183 887.21547
7124.56228 215.93094 7.19603 6.99033 887.48095
7124.54141 215.89958 7.19507 6.98932 887.45537
7123.78220 214.89540 7.15986 6.95681 886.07838
7123.56178 214.62214 7.15254 6.94796 885.42890
7123.05575 213.89121 7.12928 6.92430 885.33114
7122.56128 213.19126 7.10446 6.90164 884.95777
7122.33080 212.88703 7.09343 6.89179 884.42871
7121.65105 211.88285 7.06191 6.85928 885.05456
7121.56078 211.75673 7.05683 6.85520 885.24415
7120.86135 210.87866 7.02420 6.82677 884.65449
7120.56028 210.50710 7.01575 6.81475 883.64920
7120.10929 209.87448 6.99402 6.79427 883.18726
7119.55978 209.08761 6.96657 6.76879 882.94397
7119.40390 208.87029 6.95911 6.76176 882.86437
7118.75003 207.86611 6.92838 6.72925 882.88655
7118.55928 207.58202 6.92028 6.72005 882.41467
7118.06299 206.86192 6.89479 6.69674 882.02822
7117.55878 206.14535 6.87346 6.67354 881.86601
7117.35316 205.85774 6.86398 6.66423 881.65120
7116.63357 204.85356 6.82810 6.63172 881.06501
7116.55828 204.75294 6.82510 6.62847 880.92136
7115.93335 203.84937 6.79527 6.59922 880.79320
7115.55778 203.35064 6.77848 6.58307 880.10484
7115.18580 202.84519 6.76054 6.56671 879.65728
7114.55728 201.91566 6.73192 6.53662 879.84544
7114.50102 201.84100 6.72938 6.53420 879.75100
7113.77659 200.83682 6.69376 6.50169 878.85705
7113.55678 200.53466 6.68541 6.49191 878.60296
7112.99681 199.83264 6.66115 6.46918 878.16208
7112.55628 199.30584 6.64261 6.45213 877.84943
7112.21966 198.82845 6.62835 6.43667 877.44708
7111.60575 197.82427 6.59845 6.40417 877.53254
7111.55578 197.75563 6.59603 6.40194 877.49592
7110.84021 196.82008 6.56402 6.37166 876.24144
7110.55528 196.43531 6.55361 6.35920 875.82604
7110.10237 195.81590 6.53252 6.33915 875.34012
7109.55478 195.12861 6.50948 6.31690 873.89623
7109.32849 194.81172 6.50025 6.30664 873.74671
7108.66755 193.80753 6.46457 6.27413 874.36487
7108.55428 193.65424 6.45932 6.26917 874.22347
7107.92075 192.80335 6.43135 6.24162 873.34516
7107.55378 192.27082 6.41478 6.22438 873.37448
7107.21070 191.79916 6.39830 6.20911 873.04092
7106.55328 190.91630 6.36918 6.18053 872.24114
7106.46488 190.79498 6.36561 6.17661 872.17848
7105.81908 189.79079 6.33274 6.14410 871.84781
7105.55278 189.42924 6.32149 6.13239 871.39180
7105.08315 188.78661 6.30123 6.11159 871.10984
7104.55228 188.03400 6.27637 6.08722 870.73307
7104.34834 187.78243 6.26814 6.07908 870.16398
7103.55178 186.80654 6.23638 6.04749 869.62480
7103.53046 186.77824 6.23553 6.04657 869.63980
7102.79439 185.77406 6.19985 6.01406 869.26162
7102.55128 185.46027 6.18920 6.00391 868.70894
7102.04650 184.76987 6.16891 5.98156 868.38696
7101.55078 184.09955 6.14471 5.95985 867.86106
7101.29767 183.76569 6.13362 5.94905 867.44859
7100.56866 182.76151 6.10213 5.91654 866.99544
7100.55028 182.73589 6.10128 5.91571 866.99286
7099.83160 181.75732 6.06831 5.88403 866.00442
7099.54977 181.35397 6.05737 5.87097 865.24062
7099.15754 180.75314 6.04001 5.85152 865.47211
7098.54927 179.96936 6.01116 5.82615 864.52750
7098.37857 179.74895 6.00376 5.81901 864.20695
7097.66544 178.74477 5.97184 5.78650 864.10881
7097.54877 178.58276 5.96586 5.78126 864.07557
7096.91444 177.74059 5.93770 5.75400 863.35340
7096.54827 177.25885 5.92276 5.73840 862.87911
7096.15043 176.73640 5.90683 5.72149 862.18396
7095.54777 176.00317 5.88094 5.69775 860.99969
7095.31775 175.73222 5.87196 5.68898 860.83965
7094.54727 174.73849 5.84005 5.65681 860.87342
7094.53907 174.72803 5.83964 5.65647 860.85760
7093.79355 173.72385 5.80551 5.62396 860.03668
7093.54677 173.39470 5.79550 5.61331 859.91194
7093.04472 172.71967 5.77162 5.59145 859.51335
7092.54627 172.02721 5.75323 5.56904 858.06754
7092.33097 171.71548 5.74343 5.55895 858.08521
7091.60240 170.71130 5.70913 5.52644 858.13257
7091.54577 170.63800 5.70654 5.52406 858.05028
7090.84501 169.70711 5.67576 5.49393 857.43774
7090.54527 169.30260 5.66320 5.48083 857.34040
7090.05370 168.70293 5.64101 5.46142 856.08756
7089.54477 168.09714 5.62442 5.44181 854.65376
7089.25103 167.69874 5.61198 5.42891 854.55524
7088.54427 166.75888 5.57783 5.39849 854.09382
7088.49307 166.69456 5.57587 5.39640 854.01032
7087.73998 165.69038 5.54435 5.36389 853.58723
7087.54377 165.42765 5.53592 5.35539 853.34644
7086.88668 164.68619 5.50958 5.33139 852.19511
7086.54327 164.25426 5.49651 5.31740 852.45777
7086.14617 163.68201 5.48112 5.29888 852.15234
7085.54277 162.90557 5.45380 5.27374 850.91169
7085.36282 162.67782 5.44718 5.26637 850.71738
7084.55251 161.67364 5.41478 5.23386 849.29625
7084.54227 161.66181 5.41436 5.23348 849.26454
7083.78595 160.66946 5.38187 5.20135 848.80787
7083.54177 160.33933 5.37083 5.19067 848.85384
7083.01339 159.66527 5.34800 5.16884 848.24915
7082.54127 159.09604 5.32896 5.15042 847.21642
7082.19546 158.66109 5.31631 5.13634 846.78214
7081.54077 157.88086 5.29137 5.11108 845.27048
7081.35999 157.65690 5.28253 5.10383 844.98808
7080.65235 156.65272 5.25047 5.07132 846.08162
7080.54027 156.50053 5.24451 5.06639 846.12622
7079.84211 155.64854 5.21326 5.03881 844.93385
7079.53977 155.25653 5.20208 5.02612 844.87315
7079.04004 154.64435 5.18596 5.00630 843.08266
7078.53927 154.07122 5.16955 4.98775 840.54219
7078.21720 153.64017 5.15528 4.97379 840.70240
7077.53877 152.75700 5.12423 4.94520 842.09339
7077.42898 152.63598 5.12000 4.94128 842.05600
7076.58000 151.63180 5.08665 4.90878 840.91891
7076.53827 151.58091 5.08535 4.90713 840.83133
7075.70838 150.62762 5.05459 4.87627 838.66615
7075.53777 150.43781 5.04834 4.87012 838.12524
7074.93615 149.62343 5.02272 4.84376 838.70608
7074.53727 149.13101 5.00439 4.82782 838.31992
7074.09256 148.61925 4.98692 4.81125 837.28025
7073.53677 147.95665 4.96817 4.78980 836.35377
7073.23223 147.61506 4.95626 4.77874 835.44855
7072.53627 146.76707 4.92768 4.75129 834.81505
7072.41289 146.61088 4.92273 4.74623 834.67799
7071.66625 145.60669 4.89406 4.71373 833.61449
7071.53577 145.45983 4.88891 4.70897 833.27397
7070.82187 144.60251 4.86061 4.68122 832.55534
7070.53527 144.26961 4.85231 4.67044 831.98084
7069.99183 143.59833 4.82628 4.64871 831.78192
7069.53477 143.00821 4.80726 4.62960 831.97097
7069.15726 142.59414 4.79639 4.61620 830.61147
7068.53427 141.93522 4.77121 4.59487 829.34067
7068.21776 141.58996 4.76025 4.58369 829.39952
7067.53377 140.86251 4.74023 4.56014 827.74012
7067.30683 140.58577 4.72858 4.55118 827.42931
7066.54705 139.58159 4.69420 4.51867 828.64837
7066.53327 139.56433 4.69362 4.51812 828.65099
7065.63532 138.57741 4.66064 4.48617 826.17592
7065.53277 138.46571 4.65736 4.48255 825.86330
7064.68909 137.57322 4.63221 4.45366 823.23991
7064.53227 137.39442 4.62690 4.44787 822.79465
7063.95767 136.56904 4.59899 4.42115 823.13008
7063.53177 136.04247 4.58383 4.40410 823.21179
7063.09175 135.56485 4.56923 4.38864 822.13433
7062.53127 134.92210 4.54454 4.36783 821.31565
7062.19878 134.56067 4.53704 4.35613 820.45229
7061.53077 133.85900 4.51324 4.33342 818.36419
7061.27723 133.55649 4.50113 4.32362 818.30071
7060.53027 132.65047 4.47473 4.29429 818.20787
7060.43501 132.55230 4.47118 4.29112 817.90514
7059.52976 131.60002 4.43724 4.26029 817.63827
7059.48107 131.54812 4.43603 4.25861 817.59402
7058.52926 130.55424 4.40217 4.22643 814.60177
7058.51985 130.54393 4.40182 4.22610 814.58256
7057.60620 129.53975 4.37244 4.19359 812.93927
7057.52876 129.45436 4.36910 4.19083 812.84774
7056.79103 128.53556 4.33772 4.16108 812.81845
7056.52826 128.22760 4.33056 4.15111 811.86279
7055.92736 127.53138 4.30784 4.12857 811.28429
7055.52776 127.07087 4.29013 4.11367 811.20148
7055.01429 126.52720 4.27423 4.09606 809.89975
7054.52726 126.02781 4.26152 4.07990 808.42672
7054.09154 125.52301 4.23868 4.06356 808.39279
7053.52676 124.89808 4.22286 4.04333 807.66137
7053.18823 124.51883 4.21260 4.03105 807.38685
7052.52626 123.75536 4.17809 4.00633 807.31051
7052.26977 123.51464 4.17501 3.99854 805.88862
7051.52576 122.78326 4.15217 3.97486 804.21120
7051.26576 122.51046 4.13779 3.96603 804.62002
7050.52526 121.77475 4.12329 3.94221 802.95300
7050.28333 121.50628 4.11373 3.93352 802.61439
7049.52476 120.66405 4.07890 3.90626 802.06155
7049.36328 120.50209 4.07782 3.90101 801.61343
7048.52426 119.61625 4.04227 3.87234 799.90399
7048.41520 119.49791 4.03785 3.86851 799.42889
7047.53151 118.49372 4.01653 3.83600 797.59502
7047.52376 118.48630 4.01617 3.83576 797.56674
7046.59982 117.48954 3.97952 3.80349 796.77507
7046.52326 117.40484 3.97803 3.80075 796.75835
7045.64294 116.48536 3.93990 3.77098 795.25423
7045.52276 116.35709 3.93648 3.76683 795.12928
7044.66622 115.48117 3.91137 3.73847 793.25176
7044.52226 115.33998 3.90515 3.73390 792.78206
7043.70419 114.47699 3.87667 3.70596 791.85045
7043.52176 114.29167 3.87074 3.69996 791.45274
7042.73956 113.47280 3.84030 3.67346 790.21205
7042.52126 113.23970 3.83245 3.66591 790.39824
7041.67965 112.46862 3.80740 3.64095 789.42342
7041.52076 112.32119 3.80195 3.63617 788.72852
7040.66533 111.46444 3.77236 3.60844 786.86868
7040.52026 111.31052 3.76729 3.60346 786.73195
7039.77759 110.46025 3.74032 3.57593 785.31247
7039.51976 110.19544 3.73143 3.56736 784.51558
7038.80817 109.45607 3.70838 3.54342 784.09044
7038.51926 109.15227 3.69699 3.53359 783.88621
7037.80561 108.45188 3.67066 3.51091 782.07199
7037.51876 108.17413 3.66261 3.50192 781.28736
7036.81919 107.44770 3.63450 3.47840 780.83679
7036.51826 107.14568 3.62407 3.46863 780.30015
7035.81505 106.44351 3.60314 3.44590 779.10662
7035.51776 106.13940 3.58913 3.43605 778.84672
7034.75879 105.43933 3.56584 3.41339 775.83138
7034.51726 105.21700 3.56020 3.40619 774.71665
7033.64588 104.43515 3.52631 3.38088 772.85112
7033.51676 104.32377 3.52284 3.37727 772.68265
7032.64008 103.43096 3.49242 3.34837 772.78061
7032.51626 103.30121 3.48631 3.34417 772.70821
7031.54557 102.42678 3.45661 3.31586 768.91089
7031.51576 102.39653 3.45551 3.31488 768.90163
7030.61470 101.42259 3.41815 3.28335 767.51735
7030.51526 101.33031 3.41624 3.28037 766.82424
7029.61302 100.41841 3.38173 3.25085 765.94797
7029.51476 100.31633 3.37729 3.24754 766.01033
7028.52113 99.41423 3.34640 3.21834 762.25426
7028.51426 99.40776 3.34610 3.21813 762.23665
7027.51376 98.47772 3.30875 3.18802 759.23170
7027.44464 98.41004 3.30673 3.18583 759.13616
7026.51326 97.49317 3.26706 3.15615 758.10569
7026.42297 97.40586 3.26386 3.15332 757.98552
7025.51276 96.57253 3.23481 3.12634 754.93837
7025.32563 96.40167 3.22611 3.12081 754.09393
7024.51226 95.66282 3.19871 3.09689 753.20876
7024.20419 95.39749 3.18911 3.08830 753.15158
7023.51176 94.79140 3.16091 3.06868 750.40692
7023.07990 94.39331 3.14728 3.05579 748.95088
7022.51126 93.89424 3.12667 3.03964 746.90859
7021.98846 93.38912 3.10509 3.02329 745.49933
7021.51076 92.89312 3.08916 3.00723 743.63133
7020.98459 92.38494 3.06958 2.99078 741.91897
7020.51026 91.95519 3.05085 2.97687 740.66505
7019.88746 91.38075 3.02824 2.95827 738.93889
7019.50975 91.05273 3.01467 2.94765 737.06784
7018.80370 90.37657 2.98706 2.92576 736.15175
7018.50925 90.09821 2.97592 2.91675 735.63342
7017.62774 89.37238 2.94537 2.89325 729.69482
7017.50875 89.26090 2.94082 2.88964 729.47478
7016.50825 88.39115 2.90454 2.86149 724.07033
7016.48082 88.36820 2.90356 2.86074 723.93600
7015.50775 87.57638 2.87038 2.83511 721.21839
7015.27824 87.36402 2.86128 2.82824 720.69319
7014.50725 86.69023 2.83211 2.80642 716.25550
7014.13320 86.35983 2.81749 2.79573 714.49637
7013.50675 85.84229 2.79276 2.77897 709.68755
7012.96618 85.35565 2.77147 2.76322 707.16326
7012.50625 84.90623 2.75178 2.74867 706.95155
7011.88564 84.35146 2.71816 2.73071 703.76925
7011.50575 84.00552 2.70203 2.71951 700.15883
7010.81289 83.34728 2.67927 2.69820 694.53306
7010.50525 83.08328 2.66858 2.68965 692.10954
7009.61535 82.34310 2.64209 2.66569 684.02173
7009.50475 82.23945 2.63788 2.66234 683.46525
7008.52113 81.33891 2.58379 2.63318 677.34120
7008.50425 81.32517 2.58277 2.63274 677.14903
7007.50375 80.47474 2.50576 2.60521 665.84483
7007.35455 80.33473 2.49065 2.60068 664.86091
7006.50325 79.68269 2.44706 2.57957 655.78014
7006.13583 79.33054 2.43149 2.56817 653.90534
7005.50275 78.71509 2.40669 2.54824 647.10387
7005.09337 78.32636 2.38951 2.53566 641.36914
7004.50225 77.59234 2.36094 2.51190 639.56889
7004.28526 77.32218 2.35297 2.50315 637.72688
7003.53677 76.31799 2.31661 2.47064 630.61897
7003.50175 76.26151 2.31455 2.46881 630.55876
7003.03986 75.31381 2.28362 2.43813 632.39749
7002.50481 74.30962 2.25404 2.40563 628.14465
7002.50125 74.30392 2.25383 2.40544 628.08507
7001.94727 73.30544 2.21773 2.37312 620.52469
7001.50075 72.49120 2.19723 2.34676 613.29736
7001.38138 72.30126 2.19299 2.34061 610.51316
7000.84187 71.29707 2.16112 2.30810 601.31764
7000.50025 70.78258 2.14612 2.29144 592.73770
7000.17455 70.29289 2.13867 2.27559 584.96268
6999.50203 69.28870 2.11535 2.24308 569.96301
6999.49975 69.28598 2.11529 2.24299 569.90049
6998.49925 68.31690 2.10095 2.21162 542.15176
6998.45912 68.28452 2.10056 2.21057 541.21048
6997.49875 67.47068 2.08658 2.18423 518.66697
6997.28877 67.28033 2.08256 2.17807 513.52236
6996.49825 66.54878 2.07067 2.15438 495.89345
6996.20352 66.27615 2.06562 2.14556 489.22023
6995.49775 65.58618 2.05298 2.12322 474.83148
6995.16894 65.27197 2.04730 2.11305 468.92713
6994.49725 64.58026 2.02930 2.09066 458.01928
6994.17327 64.26778 2.02308 2.08054 452.61579
6993.49675 63.60354 2.00936 2.05904 441.92026
6993.14807 63.26360 1.99988 2.04803 436.57596
6992.49625 62.62029 1.98580 2.02721 426.97357
6992.12729 62.25941 1.97755 2.01552 421.68816
6991.49575 61.57644 1.95713 1.99341 413.58863
6991.16541 61.25523 1.95033 1.98302 409.04132
6990.49525 60.59951 1.93309 1.96179 400.20648
6990.12518 60.25105 1.92279 1.95051 395.20500
6989.49475 59.66452 1.91007 1.93152 387.00424
6989.00378 59.24686 1.89688 1.91800 381.73098
6988.49425 58.82157 1.88409 1.90423 375.93947
6987.85753 58.24268 1.87064 1.88549 367.97868
6987.49375 57.86109 1.85987 1.87314 363.74569
6986.86603 57.23849 1.84424 1.85298 356.21844
6986.49325 56.90563 1.83640 1.84221 351.86969
6985.77957 56.23431 1.81513 1.82047 344.17263
6985.49275 55.95859 1.80692 1.81155 341.14187
6984.72221 55.23013 1.78591 1.78796 333.10286
6984.49225 55.01520 1.77921 1.78101 330.74162
6983.56292 54.22594 1.75631 1.75546 320.92312
6983.49175 54.16348 1.75448 1.75343 320.20010
6982.49125 53.32693 1.73024 1.72635 310.02546
6982.36343 53.22176 1.72697 1.72295 308.75736
6981.49075 52.58203 1.70873 1.70224 299.77306
6981.00241 52.21757 1.69932 1.69044 295.02357
6980.49025 51.86368 1.68791 1.67898 290.84433
6979.57729 51.21339 1.67065 1.65793 282.62728
6979.48974 51.13665 1.66856 1.65545 281.84954
6978.48979 50.20921 1.63813 1.62542 273.66786
6978.48924 50.20874 1.63811 1.62541 273.66334
6977.48874 49.33682 1.61184 1.59718 265.51373
6977.34519 49.20502 1.60729 1.59291 264.39744
6976.48824 48.36734 1.58480 1.56580 257.65845
6976.32700 48.20084 1.58033 1.56041 256.40483
6975.48774 47.31624 1.55115 1.53177 250.39300
6975.36371 47.19665 1.54746 1.52790 249.48611
6974.48724 46.36686 1.52047 1.50103 243.06415
6974.29648 46.19247 1.51473 1.49539 241.67454
6973.48674 45.44102 1.49006 1.47106 235.85694
6973.21380 45.18828 1.48173 1.46288 233.92550
6972.48624 44.60245 1.46355 1.44391 228.67532
6971.90596 44.18410 1.44982 1.43037 224.46668
6971.48574 43.90955 1.44127 1.42148 221.76894
6970.48524 43.32882 1.42369 1.40268 215.24746
6970.26350 43.17992 1.41886 1.39786 213.71496
6969.48474 42.69385 1.40347 1.38213 208.50804
6968.74769 42.17573 1.38684 1.36535 203.78258
6968.48424 41.99274 1.38068 1.35943 202.12518
6967.48374 41.26705 1.35737 1.33594 195.98615
6967.36520 41.17155 1.35445 1.33285 195.27855
6966.48324 40.38625 1.32781 1.30742 190.10692
6966.24078 40.16736 1.32142 1.30034 188.68979
6965.48274 39.39860 1.29945 1.27545 184.31151
6965.24530 39.16318 1.29082 1.26783 182.95762
6964.48224 38.41792 1.26432 1.24370 178.64754
6964.20618 38.15900 1.25613 1.23532 177.10096
6963.48174 37.58875 1.23753 1.21686 173.04491
6962.79467 37.15481 1.22314 1.20281 169.71565
6962.48124 36.96100 1.21683 1.19654 168.26102
6961.48074 36.32405 1.19578 1.17592 163.09966
6961.21756 36.15063 1.18999 1.17030 161.77605
6960.48024 35.68507 1.17408 1.15523 158.13240
6959.70557 35.14644 1.15612 1.13780 154.35531
6959.47974 35.00165 1.15130 1.13311 153.28342
6958.47924 34.40093 1.13071 1.11366 148.68295
6958.08507 34.14226 1.12181 1.10529 146.88990
6957.47874 33.74877 1.10899 1.09255 144.18178
6956.49835 33.13808 1.08820 1.07278 139.95435
6956.47824 33.12552 1.08776 1.07237 139.86899
6955.47774 32.51927 1.06728 1.05275 135.72842
6954.87132 32.13389 1.05492 1.04027 133.25977
6954.47724 31.90355 1.04700 1.03281 131.68519
6953.47674 31.37820 1.02844 1.01581 128.19456
6953.09118 31.12971 1.02073 1.00776 126.80494
6952.47624 30.71110 1.00868 0.99421 124.48790
6951.60980 30.12552 0.98992 0.97525 121.29165
6951.47574 30.04177 0.98688 0.97254 120.80339
6950.47524 29.47013 0.96792 0.95404 117.34292
6949.88056 29.12134 0.95676 0.94275 115.33332
6949.47474 28.90848 0.94960 0.93585 114.04264
6948.47424 28.35411 0.93046 0.91791 110.87405
6948.10336 28.11715 0.92246 0.91024 109.64303
6947.47374 27.70296 0.90843 0.89683 107.55554
6946.62788 27.11297 0.88734 0.87773 104.70568
6946.47324 26.99134 0.88321 0.87379 104.15607
6945.47274 26.29774 0.86001 0.85134 100.88471
6945.15292 26.10879 0.85325 0.84522 100.00195
6944.47224 25.73079 0.83941 0.83298 98.14927
6943.47174 25.24046 0.82347 0.81711 95.60322
6943.18068 25.10460 0.81935 0.81271 94.90224
6942.47124 24.87102 0.81196 0.80515 93.51218
6941.47074 24.54494 0.80007 0.79459 91.66309
6940.47024 24.13515 0.78665 0.78133 89.65297
6940.40122 24.10042 0.78554 0.78020 89.49740
6939.46973 23.62705 0.76978 0.76488 87.42007
6938.58143 23.09623 0.75036 0.74769 85.19123
6938.46923 23.01262 0.74729 0.74499 84.85871
6937.46873 22.29465 0.72542 0.72174 82.20788
6937.18653 22.09205 0.71963 0.71519 81.51495
6936.46823 21.64205 0.70446 0.70062 79.84005
6935.46773 21.11407 0.68583 0.68353 77.74785
6935.42187 21.08787 0.68504 0.68268 77.64562
6934.46723 20.73928 0.67461 0.67139 76.23657
6933.46673 20.43631 0.66465 0.66158 75.05192
6932.63166 20.08368 0.65212 0.65017 73.74621
6932.46623 19.98952 0.64899 0.64712 73.40504
6931.46573 19.38107 0.62823 0.62742 71.20495
6931.00009 19.07950 0.61714 0.61766 70.12918
6930.46523 18.74950 0.60492 0.60698 68.95659
6929.46473 18.15883 0.58549 0.58786 66.87692
6929.31602 18.07531 0.58304 0.58515 66.58700
6928.46423 17.73935 0.57250 0.57428 65.46293
6927.46373 17.39571 0.56008 0.56315 64.35648
6926.70105 17.07113 0.54891 0.55264 63.28958
6926.46323 16.96287 0.54547 0.54914 62.94046
6925.46273 16.51089 0.53054 0.53451 61.47382
6924.62425 16.06695 0.51454 0.52014 60.00574
6924.46223 15.98024 0.51133 0.51733 59.71862
6923.46173 15.52385 0.49563 0.50255 58.26830
6922.46123 15.11050 0.48288 0.48917 56.99122
6922.34588 15.06276 0.48137 0.48763 56.84198
6921.46073 14.77951 0.47151 0.47846 56.05655
6920.46023 14.49357 0.46130 0.46920 55.31071
6919.45973 14.11264 0.44861 0.45687 54.17154
6919.34165 14.05858 0.44682 0.45512 53.99635
6918.45923 13.68136 0.43396 0.44291 52.80830
6917.45873 13.26399 0.42040 0.42940 51.62221
6917.05324 13.05439 0.41411 0.42261 51.05390
6916.45823 12.76372 0.40616 0.41320 50.24995
6915.45773 12.27325 0.39071 0.39732 48.69539
6915.04182 12.05021 0.38272 0.39010 47.91839
6914.45723 11.79267 0.37313 0.38176 47.06818
6913.45673 11.35886 0.35826 0.36772 45.67483
6912.79946 11.04603 0.34862 0.35759 44.61883
6912.45623 10.92559 0.34493 0.35369 44.24690
6911.45573 10.64951 0.33577 0.34476 43.47756
6910.45523 10.37354 0.32583 0.33582 42.68770
6909.45473 10.04640 0.31504 0.32523 41.61357
6909.44327 10.04184 0.31489 0.32508 41.59779
6908.45423 9.74404 0.30582 0.31544 40.66177
6907.45373 9.45003 0.29689 0.30593 39.72479
6906.45323 9.14567 0.28764 0.29607 38.71834
6906.09945 9.03766 0.28426 0.29258 38.35598
6905.45273 8.86602 0.27857 0.28702 37.79453
6904.45223 8.64202 0.27051 0.27977 37.08740
6903.45173 8.46397 0.26386 0.27400 36.55898
6902.45123 8.33346 0.25875 0.26978 36.21360
6901.45073 8.24135 0.25512 0.26680 36.03261
6900.45023 8.19438 0.25265 0.26528 36.00834
6899.44972 8.10916 0.25081 0.26252 35.80586
6899.00450 8.03347 0.24860 0.26007 35.53360
6898.44922 7.93532 0.24593 0.25689 35.16488
6897.44872 7.66153 0.23575 0.24803 34.03492
6896.44822 7.31463 0.22562 0.23680 32.55388
6895.82864 7.02929 0.21752 0.22756 31.28576
6895.44772 6.83224 0.21215 0.22118 30.40298
6894.44722 6.30274 0.19483 0.20404 28.03278
6894.03169 6.02510 0.18638 0.19505 26.78314
6893.44672 5.55611 0.17275 0.17987 24.63062
6892.82826 5.02092 0.15371 0.16254 22.20228
0.00000 0.00000 0.00000 0.00000 0.00000
