7127.67535 242.26141 8.07115 7.84273 806.28222
7127.54873 242.10430 8.06590 7.83764 806.01996
7126.75137 241.09760 8.03276 7.80505 804.16181
7126.52024 240.79975 8.02289 7.79541 803.72086
7125.90804 239.94427 7.99521 7.76772 803.14957
7125.56206 239.49282 7.98031 7.75310 802.48527
7125.12581 238.89802 7.96084 7.73385 801.96083
7124.50007 238.01439 7.93213 7.70524 801.44425
7124.37453 237.84917 7.92672 7.69989 801.22323
7123.65827 236.81378 7.89284 7.66637 800.90097
7123.41039 236.45080 7.88110 7.65462 800.83795
7123.00566 235.83899 7.86127 7.63482 800.94400
7122.52868 235.19176 7.83992 7.61386 800.23643
7122.25672 234.81487 7.82742 7.60166 799.92075
7121.56164 233.79948 7.79716 7.56879 799.52511
7121.52049 233.74358 7.79559 7.56698 799.46490
7120.88677 232.87512 7.76777 7.53887 799.45948
7120.48630 232.30386 7.74912 7.52037 799.08269
7120.21012 231.92152 7.73665 7.50800 798.65689
7119.54903 231.03412 7.70722 7.47927 797.64619
7119.41898 230.85578 7.70141 7.47349 797.47119
7118.72761 229.88527 7.66992 7.44208 796.81398
7118.56171 229.67562 7.66290 7.43529 796.40372
7117.90988 228.79043 7.63387 7.40663 795.43105
7117.39821 228.00212 7.60831 7.38111 795.61689
7117.38587 227.98376 7.60771 7.38052 795.61675
7116.62903 227.01969 7.57576 7.34931 793.83669
7116.45099 226.77859 7.56785 7.34150 793.55855
7115.78714 225.82004 7.53683 7.31047 793.08611
7115.51167 225.45321 7.52595 7.29860 792.09393
7115.03448 224.78075 7.50570 7.27683 791.03420
7114.45613 223.93809 7.47791 7.24955 790.86823
7114.37005 223.82600 7.47416 7.24592 790.69542
7113.64719 222.80570 7.44077 7.21289 789.84038
7113.48455 222.57547 7.43326 7.20544 789.75970
7112.96066 221.84043 7.40930 7.18164 790.09945
7112.50274 221.21687 7.38883 7.16145 790.20442
7112.17706 220.75213 7.37372 7.14641 789.99388
7111.47723 219.73580 7.34038 7.11351 789.47393
7111.34555 219.53746 7.33385 7.10709 789.48473
7110.78823 218.66232 7.30565 7.07876 789.89643
7110.50162 218.25868 7.29242 7.06569 789.62100
7110.19526 217.84635 7.27875 7.05234 789.05655
7109.51996 216.91615 7.24786 7.02223 788.22566
7109.54920 216.95871 7.24921 7.02360 788.25434
7108.79408 215.98507 7.21999 6.99208 785.40891
7108.53135 215.66512 7.20973 6.98173 784.42238
7107.87644 214.74166 7.17928 6.95183 783.88163
7107.47500 214.15221 7.16001 6.93275 783.72992
7107.25150 213.85711 7.15003 6.92320 783.27537
7106.53344 212.88465 7.11825 6.89171 782.08286
7106.51742 212.86319 7.11754 6.89102 782.05456
7105.78922 211.88640 7.08509 6.85940 780.77098
7105.46675 211.46942 7.07121 6.84590 780.05018
7104.91793 210.65197 7.04462 6.81944 779.93985
7104.42915 209.92488 7.02061 6.79590 779.74967
7104.28308 209.72513 7.01387 6.78943 779.55560
7103.58158 208.71182 6.98134 6.75663 780.56554
7103.51562 208.61886 6.97825 6.75362 780.66340
7102.96141 207.86372 6.95440 6.72917 779.57136
7102.54499 207.33239 6.93873 6.71197 777.69547
7102.09989 206.70391 6.91807 6.69163 777.31524
7101.44718 205.75846 6.88682 6.66102 776.95780
7101.41000 205.71137 6.88522 6.65949 776.85764
7100.72281 204.72300 6.85290 6.62750 776.37939
7100.62547 204.58692 6.84844 6.62309 776.27022
7100.14697 204.00255 6.82863 6.60417 774.79126
7099.61214 203.34744 6.80694 6.58297 773.15800
7099.17154 202.74979 6.78732 6.56362 772.46572
7098.48174 201.78084 6.75515 6.53225 771.74844
7098.31920 201.54706 6.74751 6.52468 771.64433
7097.71552 200.60642 6.71673 6.49423 772.07554
7097.53847 200.37134 6.70893 6.48662 771.72171
7097.11196 199.80491 6.69003 6.46828 770.91087
7096.53551 199.02345 6.66441 6.44299 770.07962
7096.35844 198.78981 6.65738 6.43542 769.39484
7095.62107 197.78753 6.62648 6.40298 767.44928
7095.49040 197.61693 6.62085 6.39745 767.42369
7094.87575 196.75178 6.59266 6.36945 768.26741
7094.55033 196.32592 6.57840 6.35566 767.72911
7094.09812 195.71445 6.55802 6.33586 766.84680
7093.47647 194.82847 6.52902 6.30718 766.41759
7093.46594 194.82307 6.52881 6.30701 766.30048
7092.68409 193.78865 6.49414 6.27352 764.82658
7092.41189 193.40467 6.48174 6.26109 764.58642
7091.96538 192.73462 6.45983 6.23940 764.68623
7091.66202 192.36871 6.44728 6.22755 763.71259
7091.24096 191.84855 6.42999 6.21071 762.49818
7090.56840 190.95851 6.40027 6.18190 761.32860
7090.42958 190.78247 6.39425 6.17620 761.01345
7089.66992 189.76069 6.36328 6.14312 758.60762
7089.53905 189.58427 6.35786 6.13741 758.25561
7088.95617 188.80350 6.33164 6.11214 757.40207
7088.55050 188.28653 6.31427 6.09540 756.43094
7088.12606 187.69856 6.29516 6.07637 756.01017
7087.51162 186.85039 6.26680 6.04891 755.13268
7087.39815 186.70455 6.26190 6.04419 754.90811
7086.65321 185.66865 6.22829 6.01065 755.58495
7086.54905 185.51413 6.22327 6.00565 755.86813
7085.99841 184.79995 6.19929 5.98253 755.14431
7085.50311 184.14804 6.17745 5.96142 754.07095
7085.23358 183.75162 6.16450 5.94859 754.11037
7084.60180 182.94458 6.13769 5.92246 752.72241
7084.35196 182.61153 6.12627 5.91168 752.37447
7083.66384 181.61352 6.09531 5.87937 751.67847
7083.70302 181.65462 6.09655 5.88070 751.94615
7083.14604 181.01813 6.07661 5.86010 748.99431
7082.64557 180.43239 6.05674 5.84114 747.35252
7082.17115 179.80968 6.03605 5.82098 746.51598
7081.61076 179.10525 6.01225 5.79817 745.17474
7081.26853 178.65354 5.99721 5.78355 744.62169
7080.54280 177.62921 5.96346 5.75039 744.28341
7080.61428 177.72533 5.96663 5.75350 744.37080
7079.90055 176.82310 5.93629 5.72429 742.76410
7079.58730 176.42479 5.92326 5.71140 742.08773
7079.01590 175.67752 5.89820 5.68721 741.18477
7078.44865 174.87381 5.87166 5.66119 740.86944
7078.38523 174.77177 5.86834 5.65789 740.97596
7077.63017 173.82183 5.83679 5.62713 740.26883
7077.52191 173.68132 5.83213 5.62259 740.36058
7076.78013 172.67834 5.79924 5.59012 740.28778
7076.59159 172.41973 5.79179 5.58174 739.56674
7076.07750 171.77613 5.77199 5.56091 737.57561
7075.58156 171.12342 5.74976 5.53978 737.03474
7075.41217 170.90776 5.74270 5.53280 736.70443
7074.72881 170.11037 5.71582 5.50698 734.41861
7074.44795 169.76599 5.70406 5.49583 733.71173
7073.66161 168.74689 5.67038 5.46284 732.46821
7073.66880 168.75416 5.67063 5.46308 732.50603
7072.88212 167.79635 5.63826 5.43207 730.47350
7072.52827 167.31541 5.62227 5.41650 730.22886
7072.18433 166.85422 5.60692 5.40157 729.91358
7071.68714 166.29931 5.58799 5.38361 727.99781
7071.21871 165.67955 5.56733 5.36354 727.48576
7070.56531 164.81406 5.53853 5.33553 726.85849
7070.50758 164.74943 5.53629 5.33343 726.66028
7069.72968 163.74349 5.50499 5.30087 724.54765
7069.73027 163.74465 5.50502 5.30091 724.54556
7069.01910 162.91640 5.47787 5.27409 721.66016
7068.62930 162.45383 5.46226 5.25912 721.18881
7068.08770 161.75459 5.43949 5.23648 721.79371
7067.63943 161.19665 5.42070 5.21842 721.22146
7067.30868 160.78631 5.40683 5.20514 720.43895
7066.64438 159.95669 5.37900 5.17828 719.20150
7066.47032 159.74703 5.37198 5.17149 718.78810
7065.66058 158.70824 5.33704 5.13786 717.72438
7065.65785 158.69472 5.33663 5.13742 717.86048
7064.95046 157.83842 5.30812 5.10970 716.24295
7064.70323 157.54527 5.29808 5.10021 715.59698
7064.19923 156.94070 5.27768 5.08064 714.42160
7063.73398 156.44364 5.26092 5.06455 712.42235
7063.13149 155.68242 5.23515 5.03991 711.59846
7062.60960 154.99085 5.21269 5.01752 711.14821
7062.53149 154.91436 5.21030 5.01504 710.60077
7061.74776 154.00920 5.18224 4.98574 707.02069
7061.66992 153.91614 5.17908 4.98273 706.85323
7060.80047 152.92434 5.14526 4.95062 704.16931
7060.57635 152.65697 5.13624 4.94196 703.56029
7059.81268 151.66264 5.10309 4.90977 704.47762
7059.71401 151.52365 5.09859 4.90528 704.87635
7059.16636 150.90613 5.07799 4.88528 703.70119
7058.76782 150.44248 5.06211 4.87027 702.50639
7058.26914 149.88025 5.04314 4.85207 700.92832
7057.61489 149.10192 5.01693 4.82688 699.53625
7057.28694 148.64897 5.00176 4.81221 699.76158
7056.63781 147.82628 4.97437 4.78558 699.13617
7056.78886 148.01289 4.98058 4.79162 699.36823
7055.86270 147.01423 4.94626 4.75929 696.00902
7055.87306 147.02468 4.94663 4.75963 696.05373
7054.92941 146.02256 4.91481 4.72719 691.04637
7054.68901 145.75437 4.90663 4.71851 689.80971
7053.89748 144.79920 4.87419 4.68758 688.53493
7053.72519 144.60253 4.86759 4.68122 688.05821
7053.05400 143.81090 4.84084 4.65559 686.67719
7052.73266 143.42656 4.82775 4.64315 686.11992
7052.22602 142.84554 4.80821 4.62434 684.64862
7051.75687 142.29412 4.78954 4.60649 683.90262
7051.48896 141.99421 4.77943 4.59678 683.79590
7050.85262 141.33259 4.75722 4.57536 682.62747
7050.28614 140.66863 4.73465 4.55387 681.32299
7049.55862 139.71471 4.70287 4.52298 681.51505
7049.55147 139.70852 4.70265 4.52278 681.46705
7048.74899 138.71358 4.66915 4.49057 680.81960
7048.99290 138.97599 4.67809 4.49907 681.68151
7048.12127 138.12518 4.64863 4.47153 677.26521
7047.92961 137.92797 4.64169 4.46514 676.57186
7047.07276 137.04207 4.61290 4.43646 672.17247
7046.70755 136.65393 4.60099 4.42390 670.06670
7045.96974 135.75632 4.57093 4.39484 669.26472
7045.86032 135.62825 4.56655 4.39069 669.08318
7045.24633 134.98686 4.54453 4.36993 666.66879
7044.86561 134.57840 4.53065 4.35671 665.40701
7044.30127 133.97243 4.50983 4.33709 663.55540
7043.80216 133.44749 4.49181 4.32010 661.77116
7043.20679 132.75046 4.46815 4.29753 660.72138
7042.70755 132.14515 4.44758 4.27793 660.20232
7042.42313 131.82425 4.43679 4.26755 660.08112
7041.77091 131.07330 4.41161 4.24324 660.73542
7041.65828 130.95237 4.40746 4.23932 660.49729
7040.87822 130.12535 4.37911 4.21255 657.63894
7040.66419 129.89338 4.37120 4.20504 657.00574
7039.81479 128.95824 4.33904 4.17477 654.98540
7039.72296 128.85337 4.33570 4.17137 654.67484
7038.82871 127.85416 4.30473 4.13902 650.78548
7039.08465 128.11486 4.31350 4.14746 651.96045
7038.08922 127.17795 4.28071 4.11713 646.63776
7037.89568 126.98528 4.27406 4.11089 645.78476
7036.92746 125.98115 4.23945 4.07839 642.26189
7036.78365 125.82617 4.23411 4.07337 641.85314
7035.90878 124.84154 4.20052 4.04150 640.10234
7035.85057 124.78306 4.19850 4.03960 639.85957
7035.01871 123.88098 4.16745 4.01040 637.71352
7034.91400 123.75955 4.16333 4.00647 637.58522
7034.13531 122.96364 4.13566 3.98070 634.61301
7033.73086 122.51844 4.12060 3.96629 634.75324
7033.14814 121.82801 4.09733 3.94394 635.77821
7032.90103 121.58862 4.08887 3.93619 634.61904
7032.24714 120.88676 4.06465 3.91347 632.58971
7031.96951 120.57905 4.05412 3.90351 632.07074
7031.44092 120.07761 4.03623 3.88727 629.59536
7031.01629 119.65740 4.02180 3.87367 627.60819
7030.43939 119.09497 4.00457 3.85546 623.40012
7029.96730 118.65251 3.98973 3.84114 620.40019
7029.27381 117.92096 3.96395 3.81746 618.53083
7028.97112 117.60383 3.95300 3.80719 617.57716
7028.37833 117.02228 3.93255 3.78836 614.96384
7027.96052 116.60103 3.91781 3.77473 613.36494
7027.37764 116.01047 3.89711 3.75561 611.18646
7026.97717 115.62136 3.88332 3.74301 609.34235
7026.25353 114.88105 3.85739 3.71904 606.85038
7025.79330 114.35864 3.83925 3.70213 606.30040
7025.39907 113.92599 3.82412 3.68813 605.34410
7024.97772 113.51349 3.80955 3.67477 603.54448
7024.45435 112.98202 3.79104 3.65757 603.19882
7023.97758 112.50792 3.77454 3.64222 602.44998
7023.43790 111.96509 3.75522 3.62465 600.29607
7022.93742 111.45462 3.73686 3.60812 598.73982
7022.46870 110.97323 3.72102 3.59254 596.41421
7022.10621 110.61366 3.70980 3.58090 593.84414
7021.59691 110.16576 3.69450 3.56640 589.95476
7021.14807 109.75532 3.67950 3.55311 587.54811
7020.47167 109.14252 3.65719 3.53327 583.58650
7020.00769 108.71543 3.64190 3.51944 581.00023
7019.27454 107.97170 3.61521 3.49537 578.34606
7018.99897 107.70741 3.60566 3.48681 577.02890
7018.23899 106.94931 3.57844 3.46227 573.98074
7018.07862 106.77452 3.57221 3.45661 573.67233
7017.32373 106.08906 3.54720 3.43442 569.27188
7016.86585 105.63177 3.53059 3.41962 567.23086
7016.17152 104.87888 3.50357 3.39524 566.60622
7015.99238 104.71630 3.49771 3.38998 566.22049
7015.21885 103.93822 3.46966 3.36479 564.84942
7015.14834 103.85520 3.46667 3.36210 564.83700
7014.35980 103.16689 3.44112 3.33982 559.16724
7014.09289 102.92363 3.43210 3.33195 557.61007
7013.17482 102.06142 3.40007 3.30403 552.73035
7013.21867 102.10187 3.40150 3.30534 553.02868
7012.21496 101.22671 3.37206 3.27701 543.59674
7012.10934 101.13063 3.36866 3.27390 542.81354
7011.14768 100.27124 3.33637 3.24608 536.56820
7010.91804 100.04908 3.32809 3.23889 535.42169
7010.11110 99.30006 3.30022 3.21464 530.57791
7009.82714 99.03968 3.29044 3.20621 528.80992
7009.08835 98.33836 3.26401 3.18351 524.69028
7008.86260 98.13382 3.25638 3.17689 523.18335
7008.15038 97.50847 3.23273 3.15664 518.03271
7007.59374 96.98188 3.21284 3.13959 514.57483
7006.98701 96.38590 3.19071 3.12030 512.39830
7006.56641 95.96477 3.17500 3.10667 512.09607
7006.09622 95.51570 3.15811 3.09213 510.13884
7005.64705 95.10845 3.14276 3.07895 506.73513
7005.16715 94.68660 3.12676 3.06529 502.90595
7004.50710 94.08672 3.10394 3.04587 498.36313
7004.31866 93.91357 3.09731 3.04026 497.17307
7003.50271 93.26259 3.07376 3.01919 488.13091
7003.24264 93.04206 3.06662 3.01205 485.04007
7002.24062 92.18014 3.03586 2.98415 475.22624
7002.14111 92.09248 3.03251 2.98131 474.44351
7001.15898 91.21253 2.99956 2.95282 466.45479
7001.09766 91.15264 2.99733 2.95088 466.08104
7000.22324 90.40810 2.96995 2.92678 457.85697
6999.87982 90.09456 2.95837 2.91663 455.12772
6999.18731 89.48645 2.93644 2.89694 448.42966
6998.73663 89.08263 2.92223 2.88387 444.58367
6998.18469 88.58980 2.90439 2.86792 441.59005
6997.58547 88.06232 2.88632 2.85084 437.08200
6997.05456 87.56730 2.87000 2.83482 432.18561
6996.50661 87.03727 2.85258 2.81766 427.82781
6996.39312 86.94708 2.84978 2.81474 426.47906
6995.50388 86.25789 2.82950 2.79243 415.25506
6995.24214 86.02799 2.82355 2.78498 412.54867
6994.25168 85.18751 2.80544 2.75778 401.36255
6994.31604 85.23431 2.80658 2.75929 402.24802
6993.29471 84.41916 2.77945 2.73290 389.78903
6992.84028 83.99426 2.76840 2.71915 384.36627
6992.10227 83.31902 2.75567 2.69729 375.49638
6991.70012 82.93835 2.73664 2.68496 371.59065
6991.02593 82.28738 2.68716 2.66389 365.11904
6990.44223 81.71276 2.67198 2.64529 359.60838
6989.66702 80.81647 2.68218 2.61627 354.03079
6989.14272 80.13280 2.57975 2.59414 352.69800
6988.42639 79.03448 2.41138 2.55858 353.50535
6988.11148 78.51707 2.40974 2.54183 353.28620
6987.63320 77.61188 2.38620 2.51253 355.00835
6987.11656 76.59760 2.36061 2.47969 357.11614
6987.17076 76.69949 2.36333 2.48299 356.94803
6986.68505 75.86567 2.34079 2.45600 357.08473
6986.22655 75.11578 2.32364 2.43172 354.95133
6985.93675 74.61848 2.31072 2.41562 354.75164
6985.50070 73.74638 2.28634 2.38739 357.12355
6985.43707 73.66975 2.28438 2.38491 356.63233
6985.17202 73.33943 2.27586 2.37422 354.89659
6984.55541 72.52608 2.25478 2.34789 351.96936
6984.88901 72.89581 2.26403 2.35986 354.65114
6984.11993 72.17601 2.24682 2.33655 346.66414
6983.92273 72.01390 2.24315 2.33131 344.41449
6983.14102 71.30217 2.22660 2.30827 336.94745
6982.78091 70.98223 2.21927 2.29791 333.55790
6982.12037 70.37550 2.20529 2.27827 328.15967
6981.62573 69.92645 2.19492 2.26373 324.08445
6981.04325 69.36748 2.18182 2.24563 319.95046
6980.49062 68.84458 2.16926 2.22871 317.31916
6979.96562 68.31278 2.15620 2.21149 315.02607
6979.47407 67.83352 2.14486 2.19597 311.57626
6978.99796 67.36166 2.13337 2.18070 308.61419
6978.45022 66.83373 2.12020 2.16361 305.30683
6978.04923 66.43049 2.11093 2.15055 302.57774
6977.47625 65.91036 2.10033 2.13372 297.87124
6977.03456 65.48081 2.09008 2.11981 295.02914
6976.39160 64.87352 2.07429 2.10015 291.12856
6976.03382 64.52640 2.06542 2.08891 289.01755
6975.35233 63.87948 2.04862 2.06797 284.87067
6975.05352 63.59704 2.04118 2.05883 283.10421
6974.31260 62.89602 2.02257 2.03613 278.69536
6974.15960 62.75780 2.01893 2.03166 277.73924
6973.24233 61.94258 1.99699 2.00527 272.06315
6972.90018 61.60005 1.98754 1.99418 270.28718
6972.07768 60.75623 1.96410 1.96686 266.04345
6972.05124 60.73911 1.96365 1.96631 265.83823
6971.12159 59.85520 1.93847 1.93769 261.90297
6971.05836 59.79356 1.93670 1.93570 261.66126
6970.08004 58.87391 1.91037 1.90592 256.33034
6970.27820 59.04912 1.91543 1.91160 257.50336
6969.29730 58.22970 1.89173 1.88507 251.64268
6969.14002 58.10643 1.88837 1.88108 250.62051
6968.36056 57.46867 1.87253 1.86043 245.50649
6968.10782 57.27248 1.86749 1.85408 243.88101
6967.51810 56.86615 1.85604 1.84093 240.12478
6966.63071 56.18246 1.83591 1.81879 235.11843
6966.47929 56.06893 1.83260 1.81512 234.25675
6965.45731 55.30015 1.81019 1.79023 228.61333
6964.97349 54.89694 1.79814 1.77718 226.19292
6964.08259 54.06715 1.77311 1.75032 222.13818
6963.96646 53.96026 1.76989 1.74686 221.59556
6963.15406 53.25085 1.74823 1.72389 217.88564
6962.63931 52.76796 1.73333 1.70826 216.15288
6961.93021 52.05376 1.71103 1.68514 213.28721
6961.54084 51.65839 1.69862 1.67234 211.59723
6960.87695 50.95454 1.67639 1.64955 208.91313
6960.68606 50.76572 1.67035 1.64344 208.09227
6960.07918 50.17224 1.65133 1.62423 205.45290
6959.89854 50.02770 1.64674 1.61955 204.58543
6959.18960 49.43535 1.62750 1.60037 201.32111
6958.68796 48.97045 1.61231 1.58532 199.12641
6958.49027 48.81372 1.60770 1.58025 198.17449
6957.70740 48.25338 1.59209 1.56211 194.32757
6957.81510 48.32275 1.59398 1.56435 194.86276
6956.79043 47.68549 1.57454 1.54372 189.98825
6956.31092 47.36275 1.56386 1.53327 187.86121
6955.68303 46.96012 1.55088 1.52024 185.10470
6954.69928 46.27533 1.52885 1.49807 180.97061
6954.54610 46.16619 1.52532 1.49454 180.33121
6953.48917 45.39931 1.50041 1.46971 176.47381
6952.89829 44.91618 1.48466 1.45407 174.31717
6952.11813 44.20900 1.46143 1.43118 171.31143
6951.58019 43.71389 1.44510 1.41515 169.29028
6950.93472 43.04014 1.42270 1.39334 166.85535
6950.73687 42.85902 1.41669 1.38748 166.10578
6950.10018 42.28762 1.39753 1.36898 163.70314
6949.77441 41.97284 1.38691 1.35879 162.47181
6949.56705 41.81825 1.38171 1.35378 161.69603
6948.77123 41.27486 1.36347 1.33619 158.76962
6948.74016 41.24909 1.36259 1.33536 158.65526
6947.74417 40.60520 1.34054 1.31451 155.11170
6947.35690 40.34707 1.33217 1.30616 153.76854
6946.67718 39.91296 1.31943 1.29210 151.48347
6945.73120 39.25008 1.29856 1.27064 148.31135
6945.92887 39.37600 1.30282 1.27472 148.95411
6944.88373 38.76443 1.28173 1.25492 145.88182
6944.19843 38.32472 1.26690 1.24069 143.74630
6943.79601 38.05496 1.25785 1.23195 142.47869
6942.85065 37.47041 1.23799 1.21303 139.64538
6942.89966 37.49853 1.23894 1.21394 139.78818
6941.91072 36.94573 1.22025 1.19604 136.99540
6940.99609 36.36326 1.20056 1.17719 134.37432
6941.00045 36.36740 1.20070 1.17732 134.38901
6939.92094 35.75700 1.18004 1.15756 131.52485
6939.15563 35.26310 1.16325 1.14157 129.42986
6938.64900 34.90301 1.15109 1.12992 127.99847
6937.72283 34.28329 1.13002 1.10985 125.48910
6937.95712 34.42955 1.13501 1.11459 126.09547
6936.94687 33.84334 1.11509 1.09561 123.59646
6936.30365 33.46295 1.10218 1.08330 122.04051
6936.08315 33.34892 1.09831 1.07960 121.57617
6934.96951 32.73786 1.07757 1.05982 119.11099
6934.26125 32.28888 1.06239 1.04529 117.39541
6933.75258 31.94451 1.05058 1.03414 116.10983
6932.79799 31.34229 1.02982 1.01464 113.83376
6932.52474 31.15680 1.02386 1.00864 113.18456
6931.59524 30.48003 1.00354 0.98673 110.98767
6931.41993 30.37082 1.00017 0.98319 110.61826
6931.14948 30.20404 0.99466 0.97780 110.03170
6930.30460 29.79724 0.98044 0.96463 108.48694
6930.28448 29.77426 0.97963 0.96388 108.40850
6929.92855 29.66357 0.97567 0.96030 107.95466
6928.77295 29.29047 0.96281 0.94822 106.53277
6927.54765 28.80387 0.94626 0.93247 104.86271
6926.92313 28.50116 0.93594 0.92267 103.85005
6926.03869 28.01866 0.91955 0.90705 102.24758
6925.02541 27.44860 0.90017 0.88859 100.38521
6924.62157 27.19430 0.89153 0.88036 99.55122
6923.59762 26.48661 0.86742 0.85745 97.22453
6923.27048 26.24815 0.85928 0.84973 96.43886
6922.90758 26.01791 0.85141 0.84228 95.69032
6921.98985 25.49393 0.83349 0.82531 94.01822
6922.62120 25.77897 0.84324 0.83454 94.88998
6921.88980 25.52544 0.83456 0.82633 94.16565
6920.72943 25.15240 0.82181 0.81426 93.17530
6919.53929 24.64890 0.80459 0.79796 91.75183
6918.82685 24.26498 0.79152 0.78553 90.58977
6917.77455 23.60807 0.76920 0.76426 88.47589
6917.31602 23.30331 0.75867 0.75440 87.48726
6916.96618 23.09064 0.75122 0.74751 86.80496
6916.04828 22.57809 0.73440 0.73092 85.32002
6916.37458 22.72166 0.73884 0.73557 85.66938
6915.75967 22.50251 0.73207 0.72847 85.20196
6914.61209 22.08489 0.71971 0.71495 84.39241
6913.58401 21.63601 0.70533 0.70042 83.28920
6913.31635 21.50930 0.70093 0.69632 82.92400
6912.20326 20.98125 0.68250 0.67923 81.38841
6911.24446 20.46233 0.66482 0.66243 79.83339
6911.39205 20.52939 0.66711 0.66460 80.01835
6910.50092 20.13756 0.65370 0.65191 78.95985
6909.55889 19.75160 0.64049 0.63942 77.86388
6909.73968 19.81218 0.64256 0.64138 78.02153
6909.08526 19.60477 0.63547 0.63467 77.53694
6907.95606 19.30640 0.62528 0.62501 77.02405
6906.64599 18.82902 0.60903 0.60955 75.84626
6906.16245 18.61415 0.60175 0.60260 75.23200
6905.42890 18.28651 0.59064 0.59199 74.27791
6904.35044 17.81097 0.57450 0.57659 72.89373
6903.77090 17.51549 0.56449 0.56703 71.95345
6903.21947 17.24176 0.55524 0.55817 71.09403
6902.17993 16.72113 0.53752 0.54131 69.42323
6901.89427 16.56383 0.53216 0.53622 68.89211
6901.45410 16.37408 0.52569 0.53008 68.31882
6900.40517 15.91765 0.51013 0.51530 66.84114
6899.83410 15.64683 0.50090 0.50653 65.93268
6900.11394 15.74771 0.50434 0.50980 66.22332
6899.20703 15.51677 0.49647 0.50232 65.72487
6897.99081 15.19848 0.48557 0.49202 64.97263
6896.77408 14.77441 0.47115 0.47829 63.69632
6896.87040 14.80299 0.47212 0.47922 63.77470
6896.02476 14.53546 0.46306 0.47056 62.98941
6895.05799 14.26562 0.45392 0.46182 62.21389
6894.00311 13.95006 0.44308 0.45161 61.21373
6893.67882 13.84893 0.43966 0.44833 60.88075
6893.32581 13.75295 0.43646 0.44522 60.58739
6892.52535 13.58544 0.43106 0.43980 60.14965
6891.75616 13.45733 0.42723 0.43565 59.86577
6890.96559 13.36913 0.42500 0.43280 59.80802
6890.08077 13.29883 0.42346 0.43052 59.86219
6889.03409 13.22910 0.42222 0.42827 59.95666
6887.78279 13.10330 0.41982 0.42419 59.89817
6886.88923 12.93984 0.41608 0.41890 59.51588
6886.12177 12.77292 0.41188 0.41350 59.02518
6884.85155 12.38706 0.40073 0.40101 57.51817
6883.55519 11.90893 0.38580 0.38553 55.39861
6882.65914 11.48509 0.37233 0.37181 53.40222
6881.99029 11.12707 0.36107 0.36022 51.72590
6880.91905 10.51016 0.34136 0.34025 48.79506
6880.30653 10.12515 0.32896 0.32778 46.96827
6879.31819 9.39958 0.30524 0.30429 43.48743
6878.57439 8.74319 0.28364 0.28304 40.31331
0.00000 0.00000 0.00000 0.00000 0.00000
