6776.18662 10.04184 0.23950 0.32508 123.48175
6776.38819 10.06169 0.24043 0.32573 123.53418
6777.38869 10.16545 0.24529 0.32909 123.87729
6778.38919 10.27380 0.25049 0.33259 124.13632
6779.38969 10.39011 0.25599 0.33636 124.46158
6780.39020 10.50372 0.26136 0.34004 124.72699
6781.39070 10.61183 0.26649 0.34354 124.87956
6782.39120 10.73874 0.27226 0.34765 125.24956
6783.39170 10.86681 0.27803 0.35179 125.59377
6784.39220 11.02062 0.28465 0.35677 126.23319
6784.53538 11.04603 0.28573 0.35759 126.36557
6785.39270 11.18914 0.29187 0.36223 127.00853
6786.39320 11.30353 0.29724 0.36593 127.21026
6787.39370 11.44873 0.30387 0.37063 127.60463
6788.39420 11.58161 0.31001 0.37493 127.80937
6789.39470 11.72599 0.31655 0.37961 128.13341
6790.39520 11.88237 0.32356 0.38467 128.57654
6791.39570 12.04521 0.33088 0.38994 129.09144
6791.42319 12.05021 0.33110 0.39010 129.11186
6792.39620 12.21855 0.33853 0.39555 129.70912
6793.39670 12.39050 0.34613 0.40112 130.29778
6794.39720 12.55460 0.35300 0.40643 130.67651
6795.39770 12.70120 0.35959 0.41118 130.80641
6796.39820 12.87616 0.36672 0.41684 131.02521
6797.30750 13.05439 0.37355 0.42261 131.32434
6797.39870 13.07387 0.37430 0.42324 131.37419
6798.39920 13.28665 0.38209 0.43013 131.77136
6799.39970 13.48003 0.38974 0.43639 132.08895
6800.40020 13.66659 0.39737 0.44243 132.38620
6801.40070 13.87724 0.40614 0.44925 133.01840
6802.18147 14.05858 0.41384 0.45512 133.73082
6802.40120 14.11003 0.41605 0.45678 133.93508
6803.40170 14.31801 0.42506 0.46352 134.53410
6804.40220 14.50259 0.43302 0.46949 134.91955
6805.40270 14.70282 0.44144 0.47597 135.24088
6806.40320 14.94049 0.45098 0.48367 135.95870
6806.89057 15.06276 0.45580 0.48763 136.37034
6807.40370 15.19127 0.46087 0.49179 136.79442
6808.40420 15.41387 0.46998 0.49899 137.28304
6809.40470 15.62444 0.47894 0.50581 137.59065
6810.40520 15.83438 0.48824 0.51261 137.83323
6811.32922 16.06695 0.49839 0.52014 138.44612
6811.40570 16.08696 0.49923 0.52078 138.50225
6812.40620 16.30127 0.50812 0.52772 138.92235
6813.40670 16.54017 0.51798 0.53545 139.39038
6814.40720 16.77644 0.52759 0.54310 139.75629
6815.40770 17.03350 0.53782 0.55143 140.31319
6815.54490 17.07113 0.53931 0.55264 140.41173
6816.40820 17.30432 0.54856 0.56019 140.97098
6817.40870 17.57101 0.55917 0.56883 141.52576
6818.40920 17.83475 0.56973 0.57736 142.01829
6819.31864 18.07531 0.57924 0.58515 142.41978
6819.40970 18.10122 0.58026 0.58599 142.47975
6820.41021 18.37523 0.59117 0.59486 142.96638
6821.41071 18.63475 0.60139 0.60326 143.45662
6822.41121 18.91374 0.61224 0.61229 144.00915
6822.92903 19.07950 0.61852 0.61766 144.46262
6823.41171 19.23125 0.62430 0.62257 144.84778
6824.41221 19.50326 0.63470 0.63138 145.14964
6825.41271 19.77723 0.64509 0.64025 145.42619
6826.41321 20.05674 0.65577 0.64930 145.72304
6826.49816 20.08368 0.65679 0.65017 145.78115
6827.41371 20.35950 0.66730 0.65910 146.22291
6828.41421 20.64056 0.67787 0.66820 146.44557
6829.41471 20.96573 0.68960 0.67872 147.08235
6829.80174 21.08787 0.69395 0.68268 147.43174
6830.41521 21.28505 0.70107 0.68906 147.99985
6831.41571 21.60406 0.71283 0.69939 148.57014
6832.41621 21.91295 0.72353 0.70939 148.81648
6832.91911 22.09205 0.72919 0.71519 149.07092
6833.41671 22.29269 0.73518 0.72168 149.45738
6834.41721 22.63662 0.74513 0.73282 149.63947
6835.41771 22.98388 0.75635 0.74406 150.17854
6835.70408 23.09623 0.76011 0.74769 150.48622
6836.41821 23.34968 0.76910 0.75590 151.09302
6837.41871 23.66434 0.77982 0.76609 151.40880
6838.41921 23.97337 0.78987 0.77609 151.56145
6838.83189 24.10042 0.79386 0.78020 151.71127
6839.41971 24.29454 0.80014 0.78649 152.17170
6840.42021 24.64766 0.81224 0.79792 152.76202
6841.42071 24.98024 0.82359 0.80869 153.14896
6841.77621 25.10460 0.82773 0.81271 153.33204
6842.42121 25.34968 0.83579 0.82065 153.86199
6843.42171 25.69967 0.84682 0.83198 154.34920
6844.42221 26.06908 0.85921 0.84393 155.00942
6844.52030 26.10879 0.86054 0.84522 155.10736
6845.42271 26.45248 0.87206 0.85635 155.77476
6846.42321 26.80009 0.88341 0.86760 156.15380
6847.25967 27.11297 0.89391 0.87773 156.72113
6847.42371 27.17967 0.89617 0.87989 156.94927
6848.42421 27.55634 0.90896 0.89208 157.75841
6849.42471 27.91094 0.92171 0.90356 158.10820
6849.98468 28.11715 0.92833 0.91024 158.36937
6850.42521 28.30167 0.93416 0.91621 158.78467
6851.42571 28.69267 0.94746 0.92887 159.44456
6852.42621 29.08594 0.96047 0.94160 160.07175
6852.50992 29.12134 0.96163 0.94275 160.14603
6853.42671 29.49904 0.97479 0.95497 160.85120
6854.42721 29.89127 0.98847 0.96767 161.47907
6854.98014 30.12552 0.99664 0.97525 161.97036
6855.42771 30.33981 1.00390 0.98219 162.53494
6856.42821 30.77320 1.01718 0.99622 163.00097
6857.32763 31.12971 1.02746 1.00776 163.30897
6857.42871 31.17309 1.02877 1.00917 163.35176
6858.42921 31.62632 1.04395 1.02384 164.22006
6859.42971 32.02522 1.05752 1.03675 164.75840
6859.67195 32.13389 1.06117 1.04027 164.97927
6860.43022 32.48264 1.07284 1.05156 165.69406
6861.43072 32.90721 1.08798 1.06531 166.30754
6861.94398 33.13808 1.09570 1.07278 166.72014
6862.43122 33.35776 1.10312 1.07989 167.12377
6863.43172 33.78530 1.11945 1.09373 167.69523
6864.29147 34.14226 1.13121 1.10529 168.05434
6864.43222 34.21099 1.13349 1.10751 168.19620
6865.43272 34.63725 1.14787 1.12131 168.97853
6866.43322 35.06413 1.16243 1.13513 169.50755
6866.60374 35.14644 1.16528 1.13780 169.66485
6867.43372 35.55794 1.17974 1.15112 170.52149
6868.43422 36.00990 1.19512 1.16575 171.14042
6868.71841 36.15063 1.19991 1.17030 171.41110
6869.43472 36.51481 1.21237 1.18209 172.17508
6870.43522 36.97958 1.22872 1.19714 172.83106
6870.78328 37.15481 1.23462 1.20281 173.16020
6871.43572 37.48597 1.24596 1.21353 173.79973
6872.43622 37.93145 1.26116 1.22795 174.23334
6872.92117 38.15900 1.26904 1.23532 174.53780
6873.43672 38.42277 1.27807 1.24386 174.98614
6874.43722 38.89450 1.29424 1.25913 175.76639
6875.02294 39.16318 1.30343 1.26783 176.26585
6875.43772 39.38178 1.31110 1.27491 176.69484
6876.43822 39.92351 1.32857 1.29244 177.41959
6876.88397 40.16736 1.33572 1.30034 177.65215
6877.43872 40.46574 1.34447 1.31000 177.95589
6878.43922 40.96591 1.36168 1.32619 178.66523
6878.82401 41.17155 1.36918 1.33285 179.05965
6879.43972 41.50355 1.38065 1.34359 179.65654
6880.44022 42.00171 1.39711 1.35972 180.26656
6880.77909 42.17573 1.40314 1.36535 180.51259
6881.44072 42.53719 1.41581 1.37706 181.16632
6882.44122 43.05778 1.43368 1.39391 181.88569
6882.69803 43.17992 1.43784 1.39786 182.06426
6883.44172 43.52579 1.44924 1.40906 182.55478
6884.44222 44.06263 1.46840 1.42644 183.34680
6884.65965 44.18410 1.47241 1.43037 183.56307
6885.44272 44.61318 1.48695 1.44426 184.23891
6886.44322 45.10758 1.50345 1.46027 184.68592
6886.58712 45.18828 1.50631 1.46288 184.81944
6887.44372 45.69823 1.52406 1.47939 185.82696
6888.37481 46.19247 1.54002 1.49539 186.46143
6888.44422 46.23213 1.54123 1.49667 186.53173
6889.44472 46.79184 1.56114 1.51479 187.37617
6890.18765 47.19665 1.57489 1.52790 187.92191
6890.44522 47.34583 1.57964 1.53273 188.18948
6891.44572 47.94054 1.60013 1.55198 189.28602
6891.96485 48.20084 1.60881 1.56041 189.49336
6892.44622 48.48171 1.61736 1.56950 189.90482
6893.44672 49.11034 1.63527 1.58985 190.76955
6893.60349 49.20502 1.63835 1.59291 190.94420
6894.44722 49.68224 1.65571 1.60836 191.70617
6895.36328 50.20921 1.67357 1.62542 192.48850
6895.44772 50.26104 1.67525 1.62710 192.58017
6896.44822 50.83049 1.69381 1.64554 193.37515
6897.07401 51.21339 1.70749 1.65793 194.05924
6897.44872 51.45859 1.71548 1.66587 194.57482
6898.44922 52.01639 1.73290 1.68393 195.28026
6898.77752 52.21757 1.73960 1.69044 195.62575
6899.44972 52.65964 1.75567 1.70475 196.53991
6900.45023 53.21221 1.77265 1.72264 197.27004
6900.46670 53.22176 1.77293 1.72295 197.28993
6901.45073 53.81508 1.79320 1.74216 198.49007
6902.13274 54.22594 1.80712 1.75546 199.11543
6902.45123 54.41458 1.81328 1.76156 199.40984
6903.45173 54.98932 1.83016 1.78017 200.19673
6903.87344 55.23013 1.83887 1.78796 200.52098
6904.45223 55.60046 1.85134 1.79995 201.21252
6905.41895 56.23431 1.87055 1.82047 202.44632
6905.45273 56.25785 1.87132 1.82124 202.49853
6906.45323 56.90599 1.89454 1.84222 203.80343
6906.98148 57.23849 1.90461 1.85298 204.38091
6907.45373 57.57433 1.91245 1.86385 204.94826
6908.43438 58.24268 1.93254 1.88549 205.94761
6908.45423 58.25587 1.93298 1.88592 205.97282
6909.45473 58.88493 1.95261 1.90628 207.17055
6910.09708 59.24686 1.96282 1.91800 207.87275
6910.45523 59.47819 1.97032 1.92549 208.37323
6911.45573 60.12559 1.99136 1.94645 209.61738
6911.64083 60.25105 1.99467 1.95051 209.88821
6912.45623 60.79698 2.01076 1.96818 211.03050
6913.17059 61.25523 2.02603 1.98302 211.94736
6913.45673 61.45385 2.03252 1.98945 212.39320
6914.45723 62.10486 2.04885 2.01052 213.74498
6914.68545 62.25941 2.05393 2.01552 214.08552
6915.45773 62.80681 2.07270 2.03324 215.36641
6916.16325 63.26360 2.08328 2.04803 216.34760
6916.45823 63.47063 2.08955 2.05473 216.82986
6917.45873 64.16586 2.11142 2.07724 218.45625
6917.61220 64.26778 2.11455 2.08054 218.67864
6918.45923 64.79786 2.12686 2.09770 219.92434
6919.18645 65.27197 2.14162 2.11305 221.11299
6919.45973 65.48297 2.14904 2.11988 221.67276
6920.46023 66.19771 2.16454 2.14302 223.23739
6920.56641 66.27615 2.16614 2.14556 223.39451
6921.46073 66.95006 2.18423 2.16737 225.01717
6921.90397 67.28033 2.19423 2.17807 225.93520
6922.46123 67.67901 2.20349 2.19097 227.02469
6923.33499 68.28452 2.21921 2.21057 228.61883
6923.46173 68.37841 2.22228 2.21361 228.87956
6924.46223 69.08008 2.23803 2.23633 230.81763
6924.74911 69.28870 2.24312 2.24308 231.41251
6925.46273 69.81716 2.25797 2.26019 232.95216
6926.12798 70.29289 2.26904 2.27559 234.35513
6926.46323 70.55240 2.27486 2.28399 235.13248
6927.46373 71.23223 2.29089 2.30600 237.16488
6927.55536 71.29707 2.29284 2.30810 237.36576
6928.46423 71.92555 2.30520 2.32845 239.33784
6928.98223 72.30126 2.31377 2.34061 240.54625
6929.46473 72.66439 2.32384 2.35236 241.72260
6930.40621 73.30544 2.33497 2.37312 243.90201
6930.46523 73.35061 2.33590 2.37458 244.05411
6931.46573 74.12618 2.35433 2.39969 246.68224
6931.70854 74.30962 2.35887 2.40563 247.32901
6932.46623 74.87139 2.36979 2.42381 249.35841
6933.03375 75.31381 2.37818 2.43813 250.86418
6933.46673 75.68243 2.38653 2.45007 252.08785
6934.34715 76.31799 2.39687 2.47064 254.58663
6934.46723 76.40897 2.39913 2.47359 254.93531
6935.46773 77.20087 2.42013 2.49922 258.03072
6935.65502 77.32218 2.42164 2.50315 258.56152
6936.46823 77.87357 2.43381 2.52100 260.86153
6937.03247 78.32636 2.45112 2.53566 262.75130
6937.46873 78.66653 2.46043 2.54667 264.26406
6938.37092 79.33054 2.47870 2.56817 267.44042
6938.46923 79.41515 2.48745 2.57091 267.80656
6939.46973 80.21105 2.63348 2.59667 271.67137
6939.62433 80.33473 2.65347 2.60068 272.30700
6940.47024 81.00669 2.71088 2.62243 275.77190
6940.90311 81.33891 2.70153 2.63318 277.67781
6941.47074 81.78346 2.69237 2.64758 280.27618
6942.14260 82.34310 2.70559 2.66569 283.44326
6942.47124 82.62200 2.71748 2.67472 285.03822
6943.47174 83.33542 2.74399 2.69782 290.37940
6943.48585 83.34728 2.74434 2.69820 290.45401
6944.47224 84.29022 2.77300 2.72873 296.08457
6944.54664 84.35146 2.77560 2.73071 296.53465
6945.47274 85.01119 2.80808 2.75207 301.50441
6945.91020 85.35565 2.82077 2.76322 304.09500
6946.47324 85.81734 2.83414 2.77816 307.74065
6947.16574 86.35983 2.84894 2.79573 312.36792
6947.47374 86.62007 2.85611 2.80415 314.42406
6948.35590 87.36402 2.87677 2.82824 320.37308
6948.47424 87.46816 2.87970 2.83161 321.17114
6949.47474 88.30050 2.90291 2.85855 328.28269
6949.55830 88.36820 2.90478 2.86074 328.89496
6950.47524 89.10373 2.92573 2.88455 335.75918
6950.78532 89.37238 2.93365 2.89325 337.95991
6951.47574 89.95940 2.95125 2.91226 343.04512
6951.98530 90.37657 2.96426 2.92576 346.87356
6952.47624 90.81708 2.97811 2.94002 350.33362
6953.16369 91.38075 2.99604 2.95827 355.73704
6953.47674 91.63982 3.00455 2.96666 357.69853
6954.47724 92.38356 3.02944 2.99073 364.74202
6954.47881 92.38494 3.02948 2.99078 364.75358
6955.47774 93.28136 3.05702 3.01980 372.73809
6955.59282 93.38912 3.06030 3.02329 373.63659
6956.47824 94.20838 3.08835 3.04981 379.71167
6956.68571 94.39331 3.09488 3.05579 381.11270
6957.47874 95.08235 3.11916 3.07810 386.92216
6957.85549 95.39749 3.13025 3.08830 389.68946
6958.47924 95.93705 3.14949 3.10577 394.20113
6958.99371 96.40167 3.16623 3.12081 397.68710
6959.47974 96.84108 3.18187 3.13504 400.92090
6960.12760 97.40586 3.20223 3.15332 405.45304
6960.48024 97.74011 3.21430 3.16414 407.58370
6961.24359 98.41004 3.23837 3.18583 412.80713
6961.48074 98.61719 3.24588 3.19253 414.40757
6962.37886 99.41423 3.27474 3.21834 420.54006
6962.48124 99.50793 3.27810 3.22137 421.07861
6963.48174 100.27700 3.30605 3.24627 427.31471
6963.64050 100.41841 3.31120 3.25085 428.34975
6964.48224 101.19999 3.33950 3.27615 433.54449
6964.71777 101.42259 3.34667 3.28335 435.21271
6965.48274 102.19824 3.37182 3.30846 440.03506
6965.70564 102.42678 3.38002 3.31586 441.02399
6966.48324 103.12760 3.40573 3.33855 445.70435
6966.82278 103.43096 3.41669 3.34837 447.88394
6967.48374 104.05933 3.43931 3.36871 451.48157
6967.88580 104.43515 3.45288 3.38088 453.73831
6968.48424 105.00930 3.47353 3.39947 456.91163
6968.94205 105.43933 3.48905 3.41339 459.39509
6969.48474 105.93509 3.50689 3.42944 462.59797
6970.04082 106.44351 3.52520 3.44590 465.76942
6970.48524 106.86379 3.54033 3.45950 468.29041
6971.16583 107.44770 3.56135 3.47840 472.33009
6971.48574 107.74412 3.57183 3.48800 473.27365
6972.29798 108.45188 3.59722 3.51091 477.66878
6972.48624 108.61669 3.60321 3.51625 478.88302
6973.36213 109.45607 3.63305 3.54342 483.32229
6973.48674 109.57521 3.63733 3.54728 483.93199
6974.43967 110.46025 3.66883 3.57593 489.15608
6974.48724 110.51166 3.67047 3.57759 489.37273
6975.33602 111.46444 3.70059 3.60844 493.05130
6975.48774 111.61272 3.70588 3.61324 493.74669
6976.38459 112.46862 3.73646 3.64095 498.12531
6976.48824 112.56730 3.73992 3.64414 498.63840
6977.42203 113.47280 3.77196 3.67346 503.06379
6977.48874 113.54057 3.77434 3.67565 503.33180
6978.48061 114.47699 3.80740 3.70596 508.41371
6978.48924 114.48531 3.80770 3.70623 508.45457
6979.48172 115.48117 3.84269 3.73847 512.60858
6979.48974 115.48915 3.84297 3.73873 512.64628
6980.49025 116.42900 3.87594 3.76916 517.07086
6980.55156 116.48536 3.87790 3.77098 517.23901
6981.49075 117.34521 3.90808 3.79882 521.28504
6981.62908 117.48954 3.91311 3.80349 521.85371
6982.49125 118.37983 3.94418 3.83231 525.07975
6982.60926 118.49372 3.94825 3.83600 525.59888
6983.49175 119.47202 3.97956 3.86767 529.10165
6983.51578 119.49791 3.98034 3.86851 529.22952
6984.49225 120.47037 4.01349 3.89999 533.78228
6984.52281 120.50209 4.01460 3.90101 533.88549
6985.49275 121.48443 4.04863 3.93282 537.83671
6985.51403 121.50628 4.04939 3.93352 537.91851
6986.46275 122.51046 4.08411 3.96603 541.14593
6986.49325 122.54141 4.08519 3.96703 541.27048
6987.44082 123.51464 4.11887 3.99854 544.90041
6987.49375 123.56963 4.12077 4.00032 545.08560
6988.40545 124.51883 4.15363 4.03105 548.62175
6988.49425 124.61463 4.15692 4.03415 548.88904
6989.47951 125.52301 4.18821 4.06356 552.19497
6989.49475 125.53681 4.18868 4.06400 552.25557
6990.41890 126.52720 4.22281 4.09606 555.27286
6990.49525 126.60767 4.22557 4.09867 555.54007
6991.40753 127.53138 4.25757 4.12857 559.17071
6991.49575 127.62764 4.26094 4.13169 559.39916
6992.26957 128.53556 4.28989 4.16108 561.70733
6992.49625 128.79558 4.29769 4.16950 562.70200
6993.14349 129.53975 4.32266 4.19359 564.30917
6993.49675 129.91220 4.33561 4.20565 565.51030
6994.08537 130.54393 4.35713 4.22610 567.48440
6994.49725 130.98041 4.37217 4.24023 568.91548
6995.04845 131.54812 4.39165 4.25861 571.04819
6995.49775 132.01503 4.40764 4.27372 572.75750
6995.98416 132.55230 4.42599 4.29112 574.16288
6996.49825 133.11344 4.44521 4.30928 575.74311
6996.89812 133.55649 4.46028 4.32362 576.84253
6997.49875 134.21735 4.48286 4.34502 578.81000
6997.84067 134.56067 4.49465 4.35613 580.20590
6998.49925 135.20301 4.51649 4.37693 581.76923
6998.83087 135.56485 4.52872 4.38864 582.40549
6999.49975 136.30424 4.55423 4.41258 584.38281
6999.73890 136.56904 4.56305 4.42115 585.18141
7000.50025 137.50464 4.59122 4.45144 587.62929
7000.55981 137.57322 4.59348 4.45366 587.80479
7001.50075 138.54225 4.62707 4.48503 591.39609
7001.53188 138.57741 4.62826 4.48617 591.48663
7002.40177 139.58159 4.66227 4.51867 593.59356
7002.50125 139.68918 4.66593 4.52216 593.92405
7003.25009 140.58577 4.69613 4.55118 595.34195
7003.50175 140.87372 4.70592 4.56050 595.98597
7004.16410 141.58996 4.73037 4.58369 598.20455
7004.50225 141.96296 4.74303 4.59577 599.26814
7005.04508 142.59414 4.76436 4.61620 600.54840
7005.50275 143.13107 4.78252 4.63358 601.54236
7005.91783 143.59833 4.79836 4.64871 602.86824
7006.50325 144.18655 4.81856 4.66775 605.13468
7006.91809 144.60251 4.83257 4.68122 606.03876
7007.50375 145.23645 4.85407 4.70174 607.27208
7007.83366 145.60669 4.86686 4.71373 608.28227
7008.50425 146.43952 4.89208 4.74069 610.44978
7008.63280 146.61088 4.89723 4.74623 610.73014
7009.50475 147.57583 4.93004 4.77747 613.43747
7009.53911 147.61506 4.93137 4.77874 613.53166
7010.38459 148.61925 4.96518 4.81125 615.42433
7010.50525 148.76534 4.97012 4.81598 615.65759
7011.21479 149.62343 4.99896 4.84376 617.06705
7011.50575 149.96724 5.01058 4.85489 617.72474
7012.12288 150.62762 5.03304 4.87627 619.97489
7012.50625 151.02060 5.04652 4.88899 621.56755
7013.00774 151.63180 5.06703 4.90878 622.53525
7013.50675 152.20933 5.08651 4.92747 623.85022
7013.86694 152.63598 5.10090 4.94128 624.70154
7014.50725 153.42840 5.12744 4.96694 625.78573
7014.68662 153.64017 5.13470 4.97379 626.18524
7015.50775 154.59315 5.16592 5.00464 628.86054
7015.55058 154.64435 5.16743 5.00630 629.00463
7016.36387 155.64854 5.19867 5.03881 629.71031
7016.50825 155.80259 5.20399 5.04380 630.06259
7017.20441 156.65272 5.23254 5.07132 631.54766
7017.50875 157.01955 5.24486 5.08319 632.22784
7018.07694 157.65690 5.26645 5.10383 633.98336
7018.50925 158.13886 5.28277 5.11943 635.39611
7018.94365 158.66109 5.30032 5.13634 636.38392
7019.50975 159.31364 5.32235 5.15746 637.98015
7019.78729 159.66527 5.33411 5.16884 638.41572
7020.51026 160.55642 5.36399 5.19769 639.83753
7020.60833 160.66946 5.36781 5.20135 640.11506
7021.44391 161.67364 5.40158 5.23386 642.04261
7021.51076 161.75541 5.40433 5.23651 642.18206
7022.25067 162.67782 5.43506 5.26637 643.60352
7022.51126 163.00641 5.44625 5.27701 643.98189
7023.05955 163.68201 5.46811 5.29888 645.33710
7023.51176 164.21686 5.48399 5.31619 647.36764
7023.87801 164.68619 5.49919 5.33139 648.17289
7024.51226 165.40301 5.52352 5.35459 649.23578
7024.77736 165.69038 5.53306 5.36389 649.60917
7025.51276 166.55844 5.56213 5.39200 651.35594
7025.61683 166.69456 5.56668 5.39640 651.53138
7026.42087 167.69874 5.60032 5.42891 653.07092
7026.51326 167.80592 5.60393 5.43238 653.33874
7027.19014 168.70293 5.63370 5.46142 654.15475
7027.51376 169.09987 5.64702 5.47427 654.87572
7028.00780 169.70711 5.66740 5.49393 655.95993
7028.51426 170.35972 5.68913 5.51506 656.75822
7028.81860 170.71130 5.70092 5.52644 657.67825
7029.51476 171.48812 5.72740 5.55159 659.97532
7029.69560 171.71548 5.73502 5.55895 660.30984
7030.47939 172.71967 5.76549 5.59145 662.70407
7030.51526 172.76021 5.76675 5.59277 662.85862
7031.19718 173.72385 5.79861 5.62396 663.13987
7031.51576 174.15611 5.81285 5.63796 663.47821
7031.98113 174.72803 5.83201 5.65647 664.53460
7032.51626 175.37197 5.85359 5.67732 665.87914
7032.79985 175.73222 5.86563 5.68898 666.53446
7033.51676 176.56704 5.89362 5.71600 668.16723
7033.66548 176.73640 5.89923 5.72149 668.34879
7034.49214 177.74059 5.93261 5.75400 669.53635
7034.51726 177.76824 5.93355 5.75489 669.63064
7035.32680 178.74477 5.96630 5.78650 671.80314
7035.51776 178.98133 5.97419 5.79416 672.20981
7036.15193 179.74895 5.99997 5.81901 673.81477
7036.51826 180.18920 6.01464 5.83326 674.80350
7036.91168 180.75314 6.03350 5.85152 674.87011
7037.51876 181.61968 6.06031 5.87957 675.74844
7037.61942 181.75732 6.06426 5.88403 676.05688
7038.38887 182.76151 6.09685 5.91654 677.59007
7038.51926 182.93277 6.10261 5.92208 677.78133
7039.16597 183.76569 6.13027 5.94905 679.01261
7039.51976 184.21339 6.14521 5.96354 679.74866
7039.96287 184.76987 6.16381 5.98156 680.70589
7040.52026 185.41884 6.18562 6.00256 682.38848
7040.79726 185.77406 6.19744 6.01406 682.91144
7041.52076 186.64855 6.22677 6.04237 684.97846
7041.63058 186.77824 6.23110 6.04657 685.30632
7042.39090 187.78243 6.26417 6.07908 685.32202
7042.52126 187.95035 6.26969 6.08452 685.32303
7043.16156 188.78661 6.29734 6.11159 686.30689
7043.52176 189.23717 6.31262 6.12617 687.17088
7043.94266 189.79079 6.33063 6.14410 687.99064
7044.52226 190.57567 6.35374 6.16951 689.66673
7044.67188 190.79498 6.36081 6.17661 689.75640
7045.41549 191.79916 6.39443 6.20911 690.69886
7045.52276 191.93580 6.39896 6.21354 690.93228
7046.26004 192.80335 6.42808 6.24162 693.13184
7046.52326 193.12415 6.43879 6.25201 693.82260
7047.03143 193.80753 6.46147 6.27413 694.56423
7047.52376 194.41975 6.48191 6.29395 695.75932
7047.79093 194.81172 6.49479 6.30664 695.85639
7048.49662 195.81590 6.52798 6.33915 696.44013
7048.52426 195.85309 6.52921 6.34035 696.48092
7049.31616 196.82008 6.56151 6.37166 698.54797
7049.52476 197.08595 6.57032 6.38026 699.00466
7050.10323 197.82427 6.59513 6.40417 700.15631
7050.52526 198.37810 6.61277 6.42209 701.27113
7050.84289 198.82845 6.62578 6.43667 702.12837
7051.52576 199.66519 6.65291 6.46376 703.08372
7051.66203 199.83264 6.65846 6.46918 703.17914
7052.45598 200.83682 6.69183 6.50169 704.78805
7052.52626 200.92722 6.69486 6.50462 704.94432
7053.16705 201.84100 6.72502 6.53420 705.47919
7053.52676 202.29394 6.74012 6.54886 706.31000
7053.94099 202.84519 6.75842 6.56671 707.02838
7054.52726 203.57659 6.78283 6.59039 708.46787
7054.74413 203.84937 6.79192 6.59922 708.97450
7055.49060 204.85356 6.82521 6.63172 710.17197
7055.52776 204.90128 6.82679 6.63327 710.25152
7056.22523 205.85774 6.85847 6.66423 711.21273
7056.52826 206.25132 6.87152 6.67697 711.84291
7057.01315 206.86192 6.89203 6.69674 712.94029
7057.52876 207.53831 6.91390 6.71864 714.08978
7057.73706 207.86611 6.92329 6.72925 714.41665
7058.45091 208.87029 6.95523 6.76176 715.52445
7058.52926 208.96642 6.95850 6.76487 715.71450
7059.13503 209.87448 6.98832 6.79427 716.08009
7059.52976 210.43251 7.00672 6.81233 716.35044
7059.94775 210.87866 7.02163 6.82677 717.30821
7060.53027 211.51610 7.04299 6.84741 718.84624
7060.79663 211.88285 7.05513 6.85928 719.26204
7061.53077 212.82305 7.08647 6.88972 720.95452
7061.57921 212.88703 7.08859 6.89179 721.04065
7062.31329 213.89121 7.12174 6.92430 722.11501
7062.53127 214.19062 7.13165 6.93399 722.42679
7063.06948 214.89540 7.15500 6.95681 723.49998
7063.53177 215.49976 7.17532 6.97637 724.35265
7063.82323 215.89958 7.18838 6.98932 724.82033
7064.53227 216.87235 7.21729 7.02081 726.78318
7064.55200 216.90377 7.21830 7.02183 726.78055
7065.23020 217.90795 7.25164 7.05433 727.07159
7065.53277 218.33673 7.26575 7.06821 727.41022
7065.96346 218.91213 7.28484 7.08684 728.15809
7066.53327 219.62455 7.30853 7.10991 729.57120
7066.75004 219.91632 7.31822 7.11935 729.90567
7067.52619 220.92050 7.35161 7.15186 731.63054
7067.53377 220.93031 7.35194 7.15218 731.64785
7068.30228 221.92469 7.38486 7.18437 732.71924
7068.53427 222.21222 7.39433 7.19368 732.86437
7069.07578 222.92887 7.41796 7.21688 733.39783
7069.53477 223.51876 7.43766 7.23597 734.51073
7069.84447 223.93305 7.45128 7.24938 735.09461
7070.53527 224.80989 7.48078 7.27777 736.57666
7070.63463 224.93724 7.48502 7.28189 736.78220
7071.28590 225.94142 7.51460 7.31440 737.75236
7071.53577 226.24963 7.52468 7.32438 738.45906
7072.06248 226.94561 7.54808 7.34691 739.34553
7072.53627 227.56081 7.56847 7.36683 740.33827
7072.81471 227.94979 7.58129 7.37942 740.67943
7073.53677 228.94995 7.61435 7.41180 741.65025
7073.53986 228.95397 7.61449 7.41193 741.65655
7074.31194 229.95816 7.64777 7.44444 743.21027
7074.53727 230.23309 7.65697 7.45334 743.81035
7075.05440 230.96234 7.68104 7.47694 744.39497
7075.53777 231.59485 7.70202 7.49742 745.32330
7075.80656 231.96653 7.71434 7.50945 745.67720
7076.51262 232.97071 7.74743 7.54196 746.40775
7076.53827 233.00841 7.74870 7.54318 746.42488
7077.29600 233.97490 7.77928 7.57447 748.34291
7077.53877 234.29098 7.78840 7.58470 748.79155
7078.02878 234.97908 7.81043 7.60698 748.73654
7078.53927 235.59919 7.83125 7.62705 750.00739
7078.80726 235.98326 7.84384 7.63949 750.33192
7079.51191 236.98745 7.87694 7.67199 750.99128
7079.53977 237.02532 7.87820 7.67322 751.03205
7080.30400 237.99163 7.91031 7.70450 752.75080
7080.54027 238.30142 7.92056 7.71453 753.18902
7081.04989 238.99582 7.94346 7.73701 753.91929
7081.54077 239.60225 7.96364 7.75664 755.10544
7081.82125 240.00000 7.97674 7.76952 755.38517
