7081.69365 238.99582 7.94140 7.73701 905.50534
7081.54077 238.81102 7.93517 7.73103 905.14480
7080.93211 237.99163 7.90798 7.70450 904.65251
7080.54027 237.42526 7.88999 7.68617 904.66083
7080.20209 236.98745 7.87417 7.67199 904.15394
7079.53977 236.09543 7.84528 7.64312 903.49827
7079.45856 235.98326 7.84178 7.63949 903.44384
7078.71155 234.97908 7.80637 7.60698 902.74432
7078.53927 234.76189 7.79969 7.59995 902.40095
7077.97125 233.97490 7.77753 7.57447 901.59490
7077.53877 233.34906 7.75852 7.55421 901.89315
7077.24305 232.97071 7.74359 7.54196 902.01105
7076.53827 232.05332 7.71440 7.51226 901.14381
7076.47414 231.96653 7.71204 7.50945 901.07206
7075.70529 230.96234 7.67589 7.47694 899.96571
7075.53777 230.75854 7.67010 7.47035 899.61344
7074.97684 229.95816 7.64553 7.44444 899.54334
7074.53727 229.34658 7.62277 7.42464 899.30464
7074.23289 228.95397 7.61023 7.41193 898.89039
7073.53677 228.00084 7.58031 7.38107 898.35789
7073.49676 227.94979 7.57881 7.37942 898.29508
7072.70116 226.94561 7.54408 7.34691 896.85871
7072.53627 226.74192 7.53844 7.34032 896.52582
7071.95971 225.94142 7.51379 7.31440 896.23866
7071.53577 225.32737 7.49312 7.29452 895.52397
7071.26539 224.93724 7.48227 7.28189 895.20819
7070.53527 223.94753 7.44981 7.24985 894.67994
7070.52411 223.93305 7.44930 7.24938 894.66253
7069.80488 222.92887 7.41483 7.21688 894.39528
7069.53477 222.55851 7.40357 7.20489 894.19788
7069.03895 221.92469 7.38425 7.18437 893.22482
7068.53427 221.29498 7.36114 7.16398 892.87662
7068.23449 220.92050 7.34870 7.15186 892.92552
7067.53377 220.01933 7.31993 7.12269 892.34759
7067.45389 219.91632 7.31583 7.11935 892.22309
7066.71439 218.91213 7.28298 7.08684 891.67962
7066.53327 218.66484 7.27493 7.07884 891.58324
7065.93870 217.90795 7.24899 7.05433 890.59251
7065.53277 217.40399 7.23322 7.03802 889.75076
7065.16485 216.90377 7.21732 7.02183 889.63326
7064.53227 215.97121 7.18983 6.99164 888.76819
7064.48139 215.89958 7.18741 6.98932 888.68462
7063.75638 214.89540 7.15491 6.95681 888.44446
7063.53177 214.58492 7.14489 6.94676 888.34024
7062.97648 213.89121 7.11910 6.92430 887.29932
7062.53127 213.30156 7.10194 6.90521 886.86384
7062.21916 212.88703 7.08842 6.89179 886.54594
7061.53077 212.03481 7.05976 6.86420 885.21442
7061.41400 211.88285 7.05491 6.85928 885.05848
7060.69375 210.87866 7.02339 6.82677 884.78198
7060.53027 210.65759 7.01571 6.81962 884.63372
7059.85374 209.87448 6.98830 6.79427 883.72513
7059.52976 209.47038 6.97613 6.78118 883.76426
7059.06480 208.87029 6.95635 6.76176 883.32840
7058.52926 208.19887 6.93244 6.74002 882.25371
7058.28904 207.86611 6.92521 6.72925 881.69613
7057.58588 206.86192 6.89308 6.69674 881.18398
7057.52876 206.78850 6.89033 6.69436 881.13213
7056.83806 205.85774 6.85933 6.66423 880.64415
7056.52826 205.42959 6.84632 6.65037 880.61139
7056.07148 204.85356 6.82748 6.63172 879.90092
7055.52776 204.19481 6.80499 6.61040 878.69054
7055.26405 203.84937 6.79605 6.59922 878.37250
7054.52726 202.87885 6.76161 6.56780 877.73260
7054.50075 202.84519 6.76037 6.56671 877.69624
7053.76179 201.84100 6.72909 6.53420 877.40765
7053.52676 201.53992 6.71906 6.52445 877.07090
7052.96239 200.83682 6.69434 6.50169 876.12396
7052.52626 200.26991 6.67678 6.48334 875.58146
7052.17345 199.83264 6.66420 6.46918 874.85105
7051.52576 199.02360 6.63498 6.44299 874.45905
7051.36750 198.82845 6.62900 6.43667 874.29050
7050.62169 197.82427 6.60135 6.40417 873.73462
7050.52526 197.71971 6.59805 6.40078 873.37816
7049.82738 196.82008 6.56610 6.37166 872.54270
7049.52476 196.39855 6.55406 6.35801 872.57942
7049.04874 195.81590 6.53352 6.33915 871.65101
7048.52426 195.15610 6.51112 6.31779 870.88422
7048.26544 194.81172 6.50080 6.30664 870.74355
7047.52376 193.90172 6.47205 6.27718 869.39916
7047.44887 193.80753 6.46872 6.27413 869.29182
7046.72668 192.80335 6.43465 6.24162 869.43298
7046.52326 192.50890 6.42551 6.23209 869.63014
7045.95492 191.79916 6.40017 6.20911 868.74896
7045.52276 191.26285 6.38332 6.19175 868.05466
7045.13060 190.79498 6.37070 6.17661 867.29982
7044.52226 190.05961 6.34631 6.15280 865.28216
7044.33909 189.79079 6.33882 6.14410 865.08857
7043.66497 188.78661 6.30648 6.11159 866.11403
7043.52176 188.59945 6.29931 6.10553 865.99873
7042.86125 187.78243 6.27188 6.07908 864.70664
7042.52126 187.34153 6.25759 6.06481 864.77448
7041.99108 186.77824 6.24151 6.04657 863.97734
7041.52076 186.28742 6.22373 6.03068 862.68303
7041.13936 185.77406 6.20722 6.01406 862.45268
7040.52026 184.94596 6.18070 5.98726 862.32867
7040.37462 184.76987 6.17381 5.98156 862.08969
7039.59369 183.76569 6.14169 5.94905 861.39659
7039.51976 183.67568 6.13906 5.94613 861.26693
7038.78279 182.76151 6.10596 5.91654 860.24050
7038.51926 182.41028 6.09465 5.90517 860.29323
7037.99989 181.75732 6.07632 5.88403 859.23567
7037.51876 181.15228 6.05958 5.86444 857.69936
7037.22258 180.75314 6.04505 5.85152 857.66982
7036.51826 179.88012 6.01965 5.82326 856.79978
7036.41281 179.74895 6.01574 5.81901 856.67042
7035.67697 178.74477 5.97726 5.78650 856.93312
7035.51776 178.52442 5.97079 5.77937 857.05861
7034.83571 177.74059 5.94738 5.75400 855.41220
7034.51726 177.36771 5.93177 5.74192 854.57544
7033.96227 176.73640 5.91631 5.72149 853.56977
7033.51676 176.28928 5.90211 5.70701 852.63773
7033.08785 175.73222 5.87924 5.68898 853.04702
7032.51626 174.92723 5.85249 5.66292 853.54513
7032.33620 174.72803 5.84733 5.65647 853.00209
7031.51576 173.77151 5.81519 5.62551 851.30436
7031.47729 173.72385 5.81338 5.62396 851.25227
7030.61914 172.71967 5.78649 5.59145 849.32507
7030.51526 172.59506 5.78267 5.58742 848.92492
7029.94038 171.71548 5.74955 5.55895 849.45628
7029.51476 171.13804 5.73545 5.54025 849.87850
7029.14000 170.71130 5.71980 5.52644 848.94763
7028.51426 169.96146 5.69262 5.50216 848.01461
7028.29326 169.70711 5.68686 5.49393 847.52478
7027.51376 168.84972 5.65725 5.46617 845.22483
7027.39435 168.70293 5.65207 5.46142 845.11404
7026.63100 167.69874 5.62118 5.42891 845.22228
7026.51326 167.55835 5.61629 5.42437 845.02499
7025.83265 166.69456 5.58430 5.39640 844.75081
7025.51276 166.30104 5.57185 5.38366 844.37803
7024.96049 165.69038 5.55762 5.36389 842.82422
7024.51226 165.18969 5.53683 5.34769 842.63484
7024.05988 164.68619 5.51808 5.33139 842.63526
7023.51176 164.01591 5.50490 5.30969 841.53036
7023.26466 163.68201 5.49098 5.29888 840.91290
7022.51126 162.72667 5.46159 5.26795 840.43447
7022.46985 162.67782 5.46032 5.26637 840.37921
7021.64878 161.67364 5.42145 5.23386 839.62960
7021.51076 161.50236 5.41648 5.22832 839.54615
7020.76953 160.66946 5.39358 5.20135 837.86594
7020.51026 160.38138 5.38242 5.19203 837.20694
7019.94532 159.66527 5.35704 5.16884 837.13115
7019.50975 159.16481 5.34264 5.15264 836.34221
7019.10470 158.66109 5.32702 5.13634 836.15584
7018.50925 157.87070 5.29490 5.11075 836.71124
7018.30966 157.65690 5.29023 5.10383 836.10490
7017.50875 156.77612 5.26350 5.07531 834.06548
7017.40317 156.65272 5.25768 5.07132 833.90902
7016.51825 155.64854 5.23265 5.03881 832.02319
7016.50825 155.63705 5.23220 5.03844 832.02240
7015.70313 154.64435 5.19036 5.00630 832.75897
7015.50775 154.40497 5.18689 4.99855 832.41836
7014.85758 153.64017 5.16317 4.97379 831.24082
7014.50725 153.23948 5.14573 4.96082 830.65262
7013.98111 152.63598 5.13026 4.94128 829.84192
7013.50675 152.12833 5.11395 4.92485 828.46546
7013.09925 151.63180 5.09516 4.90878 828.27640
7012.50625 150.88569 5.07009 4.88462 828.47045
7012.28216 150.62762 5.06281 4.87627 828.13534
7011.50575 149.71866 5.02911 4.84684 827.37145
7011.41987 149.62343 5.02565 4.84376 827.19079
7010.50525 148.62035 5.00021 4.81129 825.00932
7010.50428 148.61925 5.00017 4.81125 825.00778
7009.66153 147.61506 4.96292 4.77874 824.49249
7009.50475 147.43532 4.96138 4.77292 824.31954
7008.82878 146.61088 4.92571 4.74623 824.30383
7008.50425 146.18473 4.91375 4.73244 823.97842
7008.04950 145.60669 4.90471 4.71373 823.32891
7007.50375 144.98338 4.87577 4.69355 822.56504
7007.11218 144.60251 4.86430 4.68122 821.28806
7006.50325 144.00909 4.84940 4.66201 820.39120
7006.15402 143.59833 4.82963 4.64871 820.66322
7005.50275 142.84786 4.80742 4.62441 819.72117
7005.27525 142.59414 4.80030 4.61620 819.38575
7004.50225 141.70506 4.76703 4.58742 818.67929
7004.39220 141.58996 4.76313 4.58369 818.36147
7003.50175 140.64854 4.73495 4.55322 816.10738
7003.44734 140.58577 4.73277 4.55118 816.06533
7002.57504 139.58159 4.69585 4.51867 815.34079
7002.50125 139.50265 4.69395 4.51612 815.17971
7001.71304 138.57741 4.66281 4.48617 814.90385
7001.50075 138.33508 4.65153 4.47832 814.72485
7000.76992 137.57322 4.63557 4.45366 812.90676
7000.50025 137.24516 4.62331 4.44304 812.67922
6999.96004 136.56904 4.59647 4.42115 811.83704
6999.49975 136.08078 4.59007 4.40534 810.72286
6999.04466 135.56485 4.56804 4.38864 810.25778
6998.49925 134.95464 4.54377 4.36889 810.36911
6998.09308 134.56067 4.53889 4.35613 810.12949
6997.49875 133.96719 4.51112 4.33692 808.73794
6997.11853 133.55649 4.49532 4.32362 807.90122
6996.49825 132.90390 4.48255 4.30250 806.52764
6996.18093 132.55230 4.46420 4.29112 806.17501
6995.49775 131.79065 4.43972 4.26646 805.59418
6995.27548 131.54812 4.43392 4.25861 805.27898
6994.49725 130.71754 4.40031 4.23172 803.91810
6994.32988 130.54393 4.39501 4.22610 803.52696
6993.49675 129.64187 4.36574 4.19690 802.33017
6993.40297 129.53975 4.36167 4.19359 802.27026
6992.53461 128.53556 4.32896 4.16108 801.45461
6992.49625 128.49267 4.32783 4.15969 801.30392
6991.67796 127.53138 4.29608 4.12857 800.86276
6991.49575 127.33029 4.28825 4.12206 800.81118
6990.71842 126.52720 4.26453 4.09606 799.12997
6990.49525 126.29118 4.25727 4.08842 798.81034
6989.76721 125.52301 4.22641 4.06356 797.36765
6989.49475 125.24780 4.21935 4.05465 796.89079
6988.73398 124.51883 4.19301 4.03105 796.50594
6988.49425 124.29148 4.18221 4.02369 795.85176
6987.76547 123.51464 4.16352 3.99854 794.81926
6987.49375 123.21812 4.15139 3.98894 794.60906
6986.79828 122.51046 4.12392 3.96603 793.15362
6986.49325 122.20771 4.11802 3.95623 792.30424
6985.82190 121.50628 4.08749 3.93352 791.41300
6985.49275 121.17667 4.07655 3.92285 790.57235
6984.85672 120.50209 4.06042 3.90101 789.87980
6984.49225 120.09414 4.03870 3.88781 790.22914
6983.90902 119.49791 4.02291 3.86851 788.37783
6983.49175 119.03707 4.01189 3.85359 786.98575
6983.01230 118.49372 3.98707 3.83600 786.91590
6982.49125 118.00162 3.97283 3.82007 785.30530
6982.00681 117.48954 3.95697 3.80349 784.88673
6981.49075 116.92386 3.93173 3.78518 784.76426
6981.01395 116.48536 3.92079 3.77098 783.02825
6980.49025 115.98480 3.90270 3.75478 783.12239
6979.95989 115.48117 3.88163 3.73847 782.57793
6979.48974 115.05220 3.87127 3.72458 780.43691
6978.93778 114.47699 3.84851 3.70596 779.94817
6978.48924 114.01619 3.83020 3.69105 779.45760
6977.94681 113.47280 3.81544 3.67346 778.48877
6977.48874 112.99723 3.79566 3.65806 778.10572
6976.94943 112.46862 3.77698 3.64095 776.87361
6976.48824 112.02706 3.76408 3.62665 775.66425
6975.92448 111.46444 3.74009 3.60844 774.95634
6975.48774 111.00287 3.72527 3.59350 774.12669
6974.99607 110.46025 3.70966 3.57593 772.85196
6974.48724 109.93393 3.68984 3.55889 772.19810
6973.99635 109.45607 3.67340 3.54342 771.37949
6973.48674 108.95069 3.65591 3.52706 770.50608
6972.96407 108.45188 3.63656 3.51091 769.29034
6972.48624 108.01354 3.62075 3.49672 767.55948
6971.89586 107.44770 3.60054 3.47840 766.02160
6971.48574 107.06674 3.58687 3.46607 765.98473
6970.81156 106.44351 3.56462 3.44590 765.79498
6970.48524 106.12666 3.55335 3.43564 765.16393
6969.75034 105.43933 3.52822 3.41339 762.95897
6969.48474 105.19112 3.51876 3.40535 762.22906
6968.72018 104.43515 3.49206 3.38088 761.33135
6968.48424 104.21170 3.48376 3.37365 760.77811
6967.66874 103.43096 3.45508 3.34837 759.18450
6967.48374 103.24685 3.44859 3.34241 759.00462
6966.57560 102.42678 3.41755 3.31586 756.05898
6966.48324 102.33313 3.41408 3.31283 756.09764
6965.60434 101.42259 3.38378 3.28335 754.11226
6965.48274 101.31204 3.38005 3.27977 753.26466
6964.59100 100.41841 3.34766 3.25085 752.71903
6964.48224 100.31109 3.34384 3.24737 752.69892
6963.48174 99.41631 3.30929 3.21840 748.76496
6963.47922 99.41423 3.30921 3.21834 748.75178
6962.48124 98.61125 3.27943 3.19234 745.88825
6962.27607 98.41004 3.27135 3.18583 746.01339
6961.48074 97.62951 3.24285 3.16056 745.18378
6961.23879 97.40586 3.23436 3.15332 744.60987
6960.48024 96.74669 3.20793 3.13198 741.42110
6960.09967 96.40167 3.19548 3.12081 740.27485
6959.47974 95.83459 3.17350 3.10245 738.62989
6959.00120 95.39749 3.15628 3.08830 737.35788
6958.47924 94.90337 3.13813 3.07231 736.58097
6957.92729 94.39331 3.11754 3.05579 735.31201
6957.47874 94.00505 3.10205 3.04323 733.57808
6956.78897 93.38912 3.07917 3.02329 730.72211
6956.47824 93.07543 3.06822 3.01313 729.36699
6955.77478 92.38494 3.04307 2.99078 727.37803
6955.47774 92.12188 3.03273 2.98226 726.52116
6954.63448 91.38075 3.00261 2.95827 723.25592
6954.47724 91.24217 2.99706 2.95378 722.50227
6953.47674 90.44716 2.96527 2.92805 718.67450
6953.39583 90.37657 2.96241 2.92576 718.64734
6952.47624 89.62753 2.93162 2.90151 712.89600
6952.19301 89.37238 2.92121 2.89325 711.97824
6951.47574 88.73028 2.89442 2.87247 709.60905
6951.08116 88.36820 2.87934 2.86074 708.54576
6950.47524 87.80646 2.85533 2.84256 707.20274
6949.94929 87.36402 2.83541 2.82824 704.09592
6949.47474 86.98079 2.81900 2.81583 700.43536
6948.71845 86.35983 2.79080 2.79573 694.91193
6948.47424 86.15855 2.78038 2.78921 693.12955
6947.56491 85.35565 2.74274 2.76322 688.54024
6947.47374 85.26739 2.73926 2.76036 688.42503
6946.47324 84.42187 2.69679 2.73299 681.79634
6946.39397 84.35146 2.69255 2.73071 681.22312
6945.47274 83.54303 2.65139 2.70454 671.27376
6945.25794 83.34728 2.64638 2.69820 671.07167
6944.47224 82.74362 2.63138 2.67866 665.17634
6944.01185 82.34310 2.61002 2.66569 660.88939
6943.47174 81.82891 2.57611 2.64905 658.53615
6942.93073 81.33891 2.54312 2.63318 654.84419
6942.47124 80.95719 2.51902 2.62083 649.39034
6941.75340 80.33473 2.45455 2.60068 641.68380
6941.47074 80.11421 2.43617 2.59354 637.00128
6940.63283 79.33054 2.38968 2.56817 628.86208
6940.47024 79.17339 2.38294 2.56308 627.26106
6939.56756 78.32636 2.34702 2.53566 613.84029
6939.46973 78.20542 2.34260 2.53174 613.46345
6938.80638 77.32218 2.31536 2.50315 610.73717
6938.46923 76.90247 2.29639 2.48956 605.92018
6938.06251 76.31799 2.27947 2.47064 601.81655
6937.56937 75.31381 2.25009 2.43813 601.68487
6937.46873 75.13834 2.24409 2.43245 599.89326
6937.03437 74.30962 2.21597 2.40563 595.69018
6936.50027 73.30544 2.19038 2.37312 588.35628
6936.46823 73.25107 2.18920 2.37136 587.78171
6935.83786 72.30126 2.15964 2.34061 576.97353
6935.46773 71.78039 2.14477 2.32375 569.10374
6935.14245 71.29707 2.13330 2.30810 561.52243
6934.46723 70.37174 2.11818 2.27814 544.93915
6934.38634 70.29289 2.11710 2.27559 542.61031
6933.46673 69.43425 2.10385 2.24779 517.41838
6933.29338 69.28870 2.10309 2.24308 512.82160
6932.46623 68.65356 2.09505 2.22252 491.43907
6931.98499 68.28452 2.08936 2.21057 480.11184
6931.46573 67.82581 2.08249 2.19573 469.58083
6930.82565 67.28033 2.07114 2.17807 457.22924
6930.46523 66.96948 2.06614 2.16800 450.78427
6929.68586 66.27615 2.05525 2.14556 437.08358
6929.46473 66.06282 2.05124 2.13865 433.40975
6928.57356 65.27197 2.04051 2.11305 419.37687
6928.46423 65.16414 2.03825 2.10956 417.89929
6927.48943 64.26778 2.01791 2.08054 405.94538
6927.46373 64.24426 2.01754 2.07978 405.69468
6926.46323 63.33956 1.99831 2.05049 393.73057
6926.38237 63.26360 1.99645 2.04803 392.69051
6925.46273 62.41960 1.98150 2.02071 381.51267
6925.29051 62.25941 1.97725 2.01552 379.50580
6924.46223 61.44835 1.95713 1.98927 370.43232
6924.24954 61.25523 1.95431 1.98302 368.02394
6923.46173 60.49695 1.93360 1.95847 359.66774
6923.19897 60.25105 1.92755 1.95051 356.88101
6922.46123 59.56358 1.91239 1.92825 349.21517
6922.12769 59.24686 1.90283 1.91800 345.85142
6921.46073 58.62818 1.88719 1.89797 339.22412
6921.04765 58.24268 1.87740 1.88549 335.21961
6920.46023 57.57324 1.85951 1.86382 329.90096
6920.14424 57.23849 1.85181 1.85298 326.93379
6919.45973 56.58193 1.83365 1.83173 320.73843
6919.08012 56.23431 1.82341 1.82047 317.13545
6918.45923 55.71336 1.80932 1.80361 311.74043
6917.85988 55.23013 1.79547 1.78796 307.12747
6917.45873 54.91689 1.78725 1.77782 303.43621
6916.56707 54.22594 1.76792 1.75546 295.17490
6916.45823 54.13120 1.76547 1.75239 294.25857
6915.45773 53.30073 1.74191 1.72550 285.74353
6915.36584 53.22176 1.73935 1.72295 284.98816
6914.45723 52.49943 1.72134 1.69956 277.42676
6914.13194 52.21757 1.71266 1.69044 274.86419
6913.45673 51.63310 1.69449 1.67152 269.64002
6912.97715 51.21339 1.68434 1.65793 266.00389
6912.45623 50.68218 1.66650 1.64073 262.34920
6911.98153 50.20921 1.65154 1.62542 258.99605
6911.45573 49.70117 1.63809 1.60898 255.28588
6910.94970 49.20502 1.62038 1.59291 251.78465
6910.45523 48.69994 1.60642 1.57656 248.23651
6909.92111 48.20084 1.59454 1.56041 244.71552
6909.45473 47.72799 1.57749 1.54510 242.10536
6908.95316 47.19665 1.55980 1.52790 238.90329
6908.45423 46.68776 1.54428 1.51142 235.51417
6907.93296 46.19247 1.52699 1.49539 232.04124
6907.45373 45.78416 1.51489 1.48217 228.79644
6906.70261 45.18828 1.49606 1.46288 223.75043
6906.45323 45.02275 1.49082 1.45752 222.06781
6905.45273 44.42344 1.47294 1.43812 215.43277
6905.09812 44.18410 1.46545 1.43037 213.17029
6904.45223 43.72309 1.45142 1.41545 209.14114
6903.70006 43.17992 1.43352 1.39786 204.57500
6903.45173 43.00440 1.42823 1.39218 203.09163
6902.45123 42.22671 1.40304 1.36701 197.24703
6902.39122 42.17573 1.40127 1.36535 196.90466
6901.45073 41.39393 1.37567 1.34005 191.53980
6901.18315 41.17155 1.36854 1.33285 190.03834
6900.45023 40.48290 1.34498 1.31055 186.38544
6900.11203 40.16736 1.33542 1.30034 184.69214
6899.44972 39.45566 1.31426 1.27730 180.97741
6899.17091 39.16318 1.30429 1.26783 179.42554
6898.44922 38.51850 1.28204 1.24696 175.54115
6898.02992 38.15900 1.27005 1.23532 173.30516
6897.44872 37.76783 1.25829 1.22266 170.35774
6896.49908 37.15481 1.23798 1.20281 165.69351
6896.44822 37.11668 1.23671 1.20158 165.44176
6895.44772 36.39424 1.21231 1.17819 160.59949
6895.11949 36.15063 1.20380 1.17030 159.03767
6894.44722 35.71639 1.18890 1.15625 155.96739
6893.63340 35.14644 1.17009 1.13780 152.28302
6893.44672 35.02922 1.16626 1.13400 151.47009
6892.44622 34.46018 1.14713 1.11558 147.31619
6891.90262 34.14226 1.13630 1.10529 145.32615
6891.44572 33.85537 1.12668 1.09600 143.55108
6890.44522 33.17396 1.10354 1.07394 139.42147
6890.39090 33.13808 1.10229 1.07278 139.20564
6889.44472 32.56224 1.08292 1.05414 135.59224
6888.80681 32.13389 1.06874 1.04027 133.14082
6888.44422 31.92174 1.06142 1.03340 131.82731
6887.44372 31.33395 1.04072 1.01437 128.27296
6887.13684 31.12971 1.03433 1.00776 127.18071
6886.44322 30.64941 1.02071 0.99221 124.78447
6885.66203 30.12552 1.00398 0.97525 122.10867
6885.44272 29.99322 0.99952 0.97097 121.38670
6884.44222 29.41696 0.98007 0.95232 118.19025
6883.98002 29.12134 0.97035 0.94275 116.67656
6883.44172 28.82494 0.96024 0.93315 115.06435
6882.44122 28.29271 0.94217 0.91592 112.35559
6882.18732 28.11715 0.93606 0.91024 111.53609
6881.44072 27.53286 0.91486 0.89132 108.92690
6880.92528 27.11297 0.89989 0.87773 107.09810
6880.44022 26.74404 0.88753 0.86578 105.46451
6879.43972 26.11131 0.86637 0.84530 102.53210
6879.43536 26.10879 0.86628 0.84522 102.52017
6878.43922 25.65334 0.85009 0.83048 100.20487
6877.43872 25.23584 0.83651 0.81696 98.09102
6877.15196 25.10460 0.83250 0.81271 97.46428
6876.43822 24.86779 0.82471 0.80505 96.21314
6875.43772 24.50875 0.81248 0.79342 94.44706
6874.58436 24.10042 0.79828 0.78020 92.67307
6874.43722 24.01232 0.79530 0.77735 92.32730
6873.43672 23.43191 0.77459 0.75856 89.98667
6872.94176 23.09623 0.76221 0.74769 88.63990
6872.43622 22.70774 0.74912 0.73512 87.17000
6871.58645 22.09205 0.73110 0.71519 85.04593
6871.43572 21.99974 0.72835 0.71220 84.72423
6870.43522 21.49550 0.71090 0.69587 82.78675
6869.56257 21.08787 0.69726 0.68268 81.17142
6869.43472 21.04176 0.69578 0.68118 80.98852
6868.43422 20.68767 0.68437 0.66972 79.61853
6867.43372 20.26594 0.66961 0.65607 78.05208
6867.11063 20.08368 0.66343 0.65017 77.38527
6866.43322 19.61471 0.64718 0.63499 75.67092
6865.63637 19.07950 0.62794 0.61766 73.73306
6865.43272 18.96367 0.62368 0.61391 73.31255
6864.43222 18.49816 0.60697 0.59884 71.64399
6863.66008 18.07531 0.59377 0.58515 70.13436
6863.43172 17.98634 0.59093 0.58227 69.82380
6862.43122 17.64388 0.57953 0.57119 68.66336
6861.43072 17.24209 0.56560 0.55818 67.29482
6861.09142 17.07113 0.55973 0.55264 66.69941
6860.43022 16.70952 0.54714 0.54094 65.43619
6859.42971 16.15878 0.52712 0.52311 63.51103
6859.26156 16.06695 0.52365 0.52014 63.19194
6858.42921 15.70698 0.51071 0.50848 61.97661
6857.42871 15.31794 0.49837 0.49589 60.68648
6856.72540 15.06276 0.49043 0.48763 59.83476
6856.42821 14.97866 0.48775 0.48490 59.57017
6855.42771 14.69086 0.47777 0.47559 58.69684
6854.42721 14.32443 0.46491 0.46372 57.49533
6853.85921 14.05858 0.45574 0.45512 56.55753
6853.42671 13.86736 0.44904 0.44893 55.88857
6852.42621 13.43917 0.43473 0.43507 54.47910
6851.67321 13.05439 0.42340 0.42261 53.32457
6851.42571 12.92377 0.41955 0.41838 52.91886
6850.42521 12.41066 0.40319 0.40177 51.19617
6849.77623 12.05021 0.39031 0.39010 49.85610
6849.42471 11.89507 0.38453 0.38508 49.30060
6848.42421 11.47647 0.36947 0.37153 47.81557
6847.42371 11.05275 0.35607 0.35781 46.28123
6847.40819 11.04603 0.35585 0.35759 46.25637
6846.42321 10.78872 0.34763 0.34926 45.40866
6845.42271 10.53394 0.33887 0.34102 44.56325
6844.42221 10.19592 0.32714 0.33007 43.35779
6844.04380 10.04184 0.32195 0.32508 42.77732
6843.42171 9.84284 0.31548 0.31864 42.05269
6842.42121 9.57477 0.30710 0.30996 41.10670
6841.42071 9.31850 0.29908 0.30167 40.18448
6840.42021 9.04470 0.29022 0.29280 39.16612
6840.39123 9.03766 0.28997 0.29258 39.14039
6839.41971 8.84305 0.28296 0.28628 38.45007
6838.41921 8.73926 0.27802 0.28292 38.12855
6837.41871 8.65787 0.27350 0.28028 37.90870
6836.41821 8.58503 0.26912 0.27792 37.71076
6835.41771 8.47459 0.26528 0.27435 37.32518
6834.41721 8.29065 0.26069 0.26839 36.58174
6833.47215 8.03347 0.25336 0.26007 35.48668
6833.41671 8.01717 0.25293 0.25954 35.41664
6832.41621 7.63424 0.24016 0.24714 33.73741
6831.41571 7.16942 0.22658 0.23210 31.66776
6831.18155 7.02929 0.22248 0.22756 31.03743
6830.41521 6.53465 0.20571 0.21155 28.80502
6829.59199 6.02510 0.18969 0.19505 26.52286
6829.41471 5.89040 0.18528 0.19069 25.91508
6828.47721 5.02092 0.15549 0.16254 21.97965
0.00000 0.00000 0.00000 0.00000 0.00000
