7456.50937 203.04472 6.62753 6.57317 1368.14001
7457.63280 202.95589 6.62446 6.57029 1370.00666
7458.91721 202.82272 6.62013 6.56598 1372.12671
7459.67365 202.71473 6.61647 6.56248 1373.33876
7460.09768 202.66543 6.61488 6.56089 1374.06153
7461.29659 202.48861 6.60903 6.55516 1376.07647
7462.64236 202.25758 6.60151 6.54768 1378.32582
7464.15008 201.92528 6.59055 6.53693 1380.84642
7465.58732 201.52667 6.57757 6.52402 1383.13284
7466.18216 201.32864 6.57125 6.51761 1384.05788
7466.69309 201.17641 6.56640 6.51268 1384.86816
7468.12223 200.71675 6.55176 6.49780 1387.12363
7469.45663 200.18472 6.53510 6.48058 1389.20755
7469.34371 200.22402 6.53633 6.48185 1389.02468
7470.50108 199.81356 6.52329 6.46856 1390.90956
7472.14138 199.07135 6.49997 6.44454 1393.52460
7472.71549 198.75358 6.48982 6.43425 1394.41458
7472.53605 198.84917 6.49289 6.43734 1394.13429
7473.65733 198.39164 6.47830 6.42253 1395.95045
7474.71990 197.91729 6.46288 6.40718 1397.63478
7474.77897 197.89218 6.46207 6.40636 1397.72803
7476.18560 197.25836 6.44122 6.38584 1399.88087
7477.51475 196.53324 6.41735 6.36237 1401.88682
7477.50815 196.53765 6.41749 6.36251 1401.87670
7478.95770 195.73479 6.39117 6.33652 1404.20045
7480.05643 194.97153 6.36620 6.31181 1405.98010
7479.83334 195.10988 6.37072 6.31629 1405.62302
7480.83717 194.54252 6.35220 6.29793 1407.20967
7481.38557 194.18178 6.34040 6.28625 1408.05986
7481.89789 193.86230 6.32997 6.27590 1408.84393
7482.69446 193.39780 6.31477 6.26087 1410.07479
7482.98908 193.22077 6.30894 6.25514 1410.53718
7484.04901 192.56495 6.28722 6.23391 1412.11701
7484.48153 192.28547 6.27790 6.22486 1412.74436
7484.78748 192.10874 6.27203 6.21914 1413.19029
7485.86951 191.47616 6.25131 6.19866 1414.82282
7486.13349 191.30466 6.24581 6.19311 1415.22129
7486.86670 190.86944 6.23229 6.17902 1416.32221
7487.80849 190.30481 6.21521 6.16074 1417.70325
7488.30611 189.98417 6.20547 6.15036 1418.41152
7489.34108 189.29011 6.18321 6.12789 1419.94559
7489.41525 189.22750 6.18115 6.12586 1420.06118
7489.89396 188.94881 6.17208 6.11684 1420.77762
7490.94367 188.31063 6.15131 6.09618 1422.28488
7490.59817 188.50904 6.15779 6.10260 1421.78718
7491.77164 187.86249 6.13654 6.08167 1423.48828
7492.80904 187.22001 6.11536 6.06087 1424.89751
7493.09539 187.03962 6.10940 6.05503 1425.26332
7494.21166 186.33049 6.08606 6.03208 1426.78039
7495.11704 185.68826 6.06488 6.01129 1428.05969
7496.44361 184.61812 6.02973 5.97664 1429.92436
7498.46433 182.30895 5.95668 5.90189 1432.89929
7499.53944 180.45599 5.89699 5.84190 1434.74947
7500.55320 177.59693 5.80314 5.74935 1437.09915
7500.86650 175.81026 5.74470 5.69151 1438.37092
7500.95461 173.73004 5.67623 5.62416 1439.80564
7480.93199 173.05158 5.65396 5.60220 1427.53539
7480.90480 172.29634 5.63170 5.57775 1428.56784
7480.85698 171.68330 5.61300 5.55790 1429.40292
7480.84729 171.68003 5.61289 5.55780 1429.40286
7480.88185 171.77759 5.61609 5.56096 1429.27098
7480.93960 171.89427 5.61977 5.56473 1429.13294
7481.03866 172.15902 5.62768 5.57330 1428.83432
7484.88001 176.09170 5.75388 5.70062 1425.68937
7488.29583 176.99573 5.78350 5.72988 1427.18580
7491.01365 176.71530 5.77427 5.72080 1429.62876
7490.71741 176.87457 5.77949 5.72596 1429.22665
7491.40085 176.54733 5.76878 5.71537 1430.13970
7490.73021 176.89243 5.78007 5.72654 1429.22030
7490.35661 177.14541 5.78838 5.73473 1428.72419
7488.87786 177.96484 5.81526 5.76126 1426.68870
7487.09628 178.69367 5.83915 5.78485 1424.40351
7485.89371 179.06266 5.85127 5.79680 1422.95364
7486.47596 178.85434 5.84443 5.79005 1423.67858
7486.55354 178.78024 5.84199 5.78765 1423.82954
7486.10314 179.07802 5.85178 5.79729 1423.11563
7486.72658 178.64883 5.83767 5.78340 1424.13192
7485.87617 179.30020 5.85906 5.80449 1422.67248
7485.78341 179.37299 5.86145 5.80684 1422.50234
7485.21857 179.86164 5.87741 5.82266 1421.47712
7484.35516 180.57857 5.90103 5.84587 1419.83137
7482.99008 181.54206 5.93101 5.87706 1417.62444
7481.73707 182.26497 5.95262 5.90046 1415.64741
7481.54862 182.37899 5.95637 5.90416 1415.32945
7480.85632 182.77375 5.96965 5.91693 1414.18395
7480.10432 183.23907 5.98488 5.93200 1412.80252
7479.90489 183.36147 5.98884 5.93596 1412.43526
7478.75675 184.05128 6.01150 5.95829 1410.35235
7477.81310 184.56863 6.02844 5.97504 1408.68621
7477.41602 184.77008 6.03502 5.98156 1408.01263
7476.82429 185.07981 6.04514 5.99159 1406.91225
7477.25589 184.82547 6.03683 5.98335 1407.75707
7476.59908 185.29884 6.05231 5.99868 1406.37624
7475.87636 185.82404 6.06955 6.01568 1404.84817
7475.17740 186.31627 6.08571 6.03162 1403.51168
7473.93503 187.09598 6.11124 6.05686 1400.96717
7472.93339 187.65403 6.12957 6.07492 1399.02778
7471.63048 188.27430 6.14986 6.09500 1396.46412
7470.39473 188.75212 6.16549 6.11047 1394.05968
7469.82619 188.98588 6.17324 6.11804 1392.92832
7470.17159 188.82240 6.16781 6.11275 1393.64534
7469.35264 189.24297 6.18188 6.12636 1391.90990
7468.85358 189.50812 6.19062 6.13495 1390.79059
7468.50270 189.71511 6.19704 6.14165 1390.01911
7467.34847 190.32371 6.21432 6.16135 1387.61905
7466.54906 190.73077 6.22682 6.17453 1385.92076
7465.58830 191.17153 6.24155 6.18880 1383.96092
7464.26307 191.70013 6.25898 6.20591 1381.11906
7462.99213 192.15400 6.27379 6.22060 1378.36446
7462.21772 192.39165 6.28157 6.22830 1376.70315
7460.88798 192.74526 6.29317 6.23974 1373.85445
7459.31213 193.03206 6.30260 6.24903 1370.52160
7457.96982 193.22452 6.30892 6.25526 1367.70259
7456.62015 193.36866 6.31366 6.25992 1364.97961
7455.29996 193.46474 6.31681 6.26303 1362.09707
7453.91232 193.52159 6.31868 6.26487 1358.98622
7452.52933 193.51632 6.31850 6.26470 1355.85851
7451.25193 193.47264 6.31706 6.26329 1352.98021
7449.91307 193.39027 6.31436 6.26062 1349.96047
7448.55038 193.25159 6.30982 6.25613 1346.89999
7447.48655 193.10976 6.30514 6.25154 1344.49935
7446.48011 192.99355 6.30132 6.24778 1342.11544
7445.12932 192.80798 6.29522 6.24177 1338.85410
7443.94162 192.58619 6.28795 6.23459 1335.93942
7443.01380 192.37205 6.28093 6.22766 1333.68070
7441.42851 191.89852 6.26535 6.21233 1329.72425
7439.54170 191.13234 6.24024 6.18753 1325.19126
7438.19645 190.41393 6.21855 6.16427 1321.58008
7437.45248 189.96867 6.20499 6.14986 1319.49301
7436.33334 189.26331 6.18222 6.12702 1316.41603
7436.16201 189.14437 6.17827 6.12317 1315.94027
7435.42112 188.67057 6.16265 6.10783 1313.76885
7434.90589 188.35749 6.15239 6.09770 1312.29257
7434.64731 188.21667 6.14776 6.09314 1311.55630
7433.42773 187.48365 6.12362 6.06941 1308.05884
7432.68180 186.98281 6.10722 6.05319 1305.85949
7431.88252 186.43015 6.08906 6.03530 1303.46741
7430.94345 185.73311 6.06615 6.01274 1300.83679
7430.09557 185.05024 6.04365 5.99063 1298.12001
7429.08858 184.13395 6.01362 5.96097 1294.71979
7428.64538 183.71727 5.99988 5.94748 1293.21541
7427.66978 182.72982 5.96741 5.91551 1289.84077
7427.79329 182.84129 5.97107 5.91912 1290.26289
7426.89917 181.99650 5.94499 5.89177 1287.15558
7426.62121 181.72724 5.93679 5.88306 1286.17573
7425.68061 180.77659 5.90658 5.85228 1282.80275
7425.54784 180.64740 5.90229 5.84810 1282.32950
7424.51097 179.57300 5.86682 5.81332 1278.43836
7423.97332 178.94077 5.84607 5.79285 1276.27162
7423.31012 178.14111 5.81979 5.76696 1273.65703
7422.74928 177.46393 5.79754 5.74504 1271.39373
7422.00681 176.42974 5.76347 5.71156 1268.24581
7421.37045 175.49463 5.73277 5.68129 1265.53585
7420.69673 174.36209 5.69560 5.64462 1262.34142
7420.10606 173.19318 5.65636 5.60678 1259.14788
7419.85096 172.68013 5.64065 5.59017 1257.74971
7419.60760 172.24063 5.62820 5.57595 1256.50866
7419.06822 171.14469 5.59309 5.54047 1253.52839
7418.84478 170.70269 5.57869 5.52616 1252.26471
7418.50028 170.04895 5.55694 5.50499 1250.28373
7417.97297 168.90968 5.51946 5.46811 1247.08211
7417.66392 168.25648 5.49799 5.44697 1245.16065
7417.42698 167.74336 5.48109 5.43036 1243.67816
7416.97957 166.72225 5.44748 5.39730 1240.81224
7416.58478 165.83872 5.41842 5.36870 1238.10460
7416.20047 164.86983 5.38634 5.33733 1235.29835
7415.83098 163.74355 5.35090 5.30087 1232.36368
7415.51234 162.74245 5.31992 5.26846 1229.70116
7415.21635 161.84250 5.29047 5.23933 1227.17291
7415.17297 161.71373 5.28619 5.23516 1226.79550
7414.77984 160.47191 5.24511 5.19496 1223.15952
7414.40198 159.06582 5.19893 5.14944 1219.25687
7414.11016 157.79966 5.15728 5.10845 1215.71606
7413.91492 156.86626 5.12651 5.07823 1213.23102
7413.78517 156.15413 5.10306 5.05518 1211.32365
7413.63900 155.14348 5.07043 5.02246 1208.69942
7413.47463 154.11165 5.03947 4.98906 1206.04230
7413.29005 152.76432 4.99499 4.94544 1202.41047
7413.17156 151.46749 4.95241 4.90346 1199.00940
7413.08198 150.33776 4.91528 4.86688 1195.97038
7413.00770 149.17233 4.87709 4.82916 1192.80898
7412.95192 147.98217 4.83771 4.79063 1189.56480
7412.91993 146.77270 4.79916 4.75147 1186.36233
7412.91269 145.61667 4.76370 4.71405 1183.41736
7432.91535 144.76128 4.73985 4.68636 1340.11021
7432.93912 143.92852 4.71260 4.65940 1339.77937
7432.97160 143.07081 4.68460 4.63163 1339.49482
7433.02111 142.21100 4.65631 4.60380 1339.25986
7433.08206 141.30464 4.62649 4.57446 1339.04493
7433.15523 140.35475 4.59527 4.54370 1338.83813
7433.22982 139.39959 4.56405 4.51278 1338.48659
7433.32045 138.35237 4.53005 4.47888 1338.10151
7433.39609 137.26930 4.49581 4.44382 1337.57479
7433.47062 136.21580 4.46279 4.40971 1337.01949
7433.53259 135.17788 4.42971 4.37611 1336.35308
7433.58511 134.34229 4.40237 4.34906 1335.74364
7433.66605 133.48838 4.37415 4.32142 1335.33832
7433.62348 133.86379 4.38657 4.33357 1335.45550
7433.74522 132.95270 4.35650 4.30408 1335.34777
7433.88161 132.04317 4.32652 4.27463 1335.39197
7434.03741 131.02884 4.29337 4.24180 1335.44230
7434.19587 129.95468 4.25877 4.20702 1335.41673
7434.32534 129.02043 4.22929 4.17678 1335.36637
7434.47425 128.10498 4.20056 4.14714 1335.60214
7434.59245 127.35088 4.17664 4.12273 1335.79042
7434.65369 126.95276 4.16384 4.10984 1335.88355
7434.80773 125.86265 4.12829 4.07455 1336.02987
7434.95450 124.73125 4.09086 4.03792 1336.02843
7435.08347 123.61449 4.05400 4.00177 1335.91240
7435.20093 122.51441 4.01801 3.96616 1335.77753
7435.31234 121.34715 3.98048 3.92837 1335.65655
7435.40277 120.12107 3.94182 3.88868 1335.30538
7435.45740 119.06104 3.90831 3.85436 1334.97704
7435.52482 117.96922 3.87305 3.81902 1334.70499
7435.56447 116.81642 3.83516 3.78170 1334.25245
7435.59940 115.74401 3.79960 3.74698 1333.80746
7435.62091 114.66941 3.76420 3.71219 1333.33504
7435.63985 113.65483 3.73118 3.67935 1333.00551
7435.65680 112.69341 3.70044 3.64822 1332.73255
7435.68477 111.65937 3.66781 3.61475 1332.74379
7415.69854 110.49452 3.62406 3.57704 1079.60190
7415.68475 109.77115 3.60075 3.55362 1077.20497
7415.64807 108.95972 3.57372 3.52735 1074.28753
7415.59826 108.08921 3.54502 3.49917 1071.16858
7415.54104 107.27915 3.51846 3.47295 1068.19953
7415.45522 106.39707 3.48939 3.44439 1064.81490
7415.36442 105.44961 3.45811 3.41372 1061.27927
7415.26569 104.53599 3.42808 3.38414 1057.88592
7415.16123 103.62216 3.39801 3.35456 1054.49919
7415.06254 102.83258 3.37145 3.32900 1051.59542
7414.93383 102.02770 3.34519 3.30294 1048.39933
7414.84642 101.51959 3.32952 3.28649 1046.44669
7414.77852 101.08838 3.31642 3.27253 1044.89617
7414.62182 100.19381 3.28838 3.24357 1041.51861
7414.47018 99.38041 3.26137 3.21724 1038.42111
7414.33643 98.74946 3.24036 3.19682 1035.92576
7414.15744 98.08970 3.21862 3.17546 1032.98304
7414.10761 97.95269 3.21410 3.17102 1032.25547
7413.83988 96.98949 3.18229 3.13984 1028.13595
7413.56359 95.93601 3.14756 3.10574 1023.95162
7413.43521 95.40574 3.13010 3.08857 1022.03993
7413.45812 95.53217 3.13426 3.09266 1022.40679
7413.24625 95.03020 3.11757 3.07641 1019.73665
7412.86286 94.01676 3.08362 3.04360 1014.72290
7412.52761 93.18665 3.05690 3.01673 1010.45320
7412.45912 93.04284 3.05248 3.01208 1009.60074
7412.07321 92.07794 3.02272 2.98084 1004.64927
7411.74815 91.25886 2.99598 2.95432 1000.55251
7411.58058 90.91288 2.98435 2.94312 998.48654
7411.31348 90.28785 2.96344 2.92289 995.17376
7411.02841 89.60762 2.94099 2.90087 991.73500
7410.88793 89.36610 2.93300 2.89305 990.08282
7410.52429 88.67066 2.90991 2.87054 985.87320
7410.19253 87.92634 2.88519 2.84644 982.15099
7410.20457 87.99227 2.88735 2.84857 982.27615
7409.85789 87.44001 2.86891 2.83070 978.37796
7409.25921 86.39990 2.83408 2.79702 971.78386
7409.23747 86.37425 2.83320 2.79619 971.54308
7408.93053 85.87716 2.81624 2.78010 968.20673
7408.49546 85.26310 2.79531 2.76022 963.41302
7408.07138 84.62227 2.77475 2.73948 958.75219
7407.52107 83.72240 2.74654 2.71035 952.86798
7407.57384 83.82343 2.74970 2.71362 953.41454
7407.22822 83.33031 2.73387 2.69765 949.73275
7406.87235 82.88914 2.71895 2.68337 945.86067
7406.18088 81.97688 2.68705 2.65384 938.41917
7405.42371 80.81749 2.64542 2.61630 931.16228
7405.58753 81.06500 2.65438 2.62432 932.71404
7405.04752 80.30503 2.62678 2.59971 927.57805
7404.91507 80.16053 2.62151 2.59504 926.28718
7404.39815 79.50689 2.59831 2.57388 921.34178
7403.88572 78.85887 2.57611 2.55290 916.25298
7403.84165 78.79927 2.57408 2.55097 915.80938
7403.13695 77.99192 2.54595 2.52483 908.47039
7402.88562 77.68972 2.53502 2.51505 905.88218
7402.06580 76.70611 2.49924 2.48321 897.48495
7402.15898 76.81745 2.50318 2.48681 898.45219
7401.36378 75.90140 2.47258 2.45716 890.28084
7401.42091 75.97259 2.47483 2.45946 890.85039
7400.47205 74.95683 2.44095 2.42658 881.04682
7399.71023 74.01210 2.40713 2.39599 873.61246
7399.29524 73.44922 2.38779 2.37777 869.56951
7399.07188 73.18936 2.37928 2.36936 867.32602
7399.13989 73.24120 2.38113 2.37104 868.05006
7398.68317 72.81847 2.36682 2.35735 863.24813
7397.59253 71.64751 2.32561 2.31944 852.16470
7396.78674 70.59830 2.29013 2.28548 844.77731
7396.95895 70.81074 2.29682 2.29236 846.30064
7396.16735 69.90607 2.26764 2.26307 839.15127
7396.41415 70.17115 2.27636 2.27165 841.36106
7395.50177 69.22387 2.24290 2.24098 832.93723
7395.25517 68.96136 2.23267 2.23249 830.48385
7394.34778 67.95384 2.19514 2.19987 821.36474
7394.01496 67.57483 2.18409 2.18760 818.08865
7393.29143 66.69683 2.15799 2.15918 811.13827
7393.28758 66.70269 2.15815 2.15937 811.08270
7392.64596 65.99313 2.13438 2.13640 804.67095
7392.23618 65.55132 2.11818 2.12209 800.54246
7391.46605 64.66384 2.08834 2.09336 793.08728
7390.85095 63.89850 2.06704 2.06859 787.26115
7390.68055 63.66846 2.06024 2.06114 785.69087
7390.20688 63.13329 2.04306 2.04381 781.17486
7389.92303 62.81631 2.03180 2.03355 778.45069
7389.19474 61.97574 2.00274 2.00634 771.53300
7389.62836 62.43136 2.01820 2.02109 775.74397
7388.73490 61.57902 1.99020 1.99350 766.84590
7387.99565 60.79923 1.96786 1.96825 759.74730
7387.11950 59.77947 1.93456 1.93524 751.90284
7387.26020 59.94032 1.93995 1.94045 752.99952
7386.34539 58.93102 1.90857 1.90777 745.64005
7386.57561 59.17125 1.91561 1.91555 747.73527
7385.65603 58.24447 1.88910 1.88555 738.88469
7385.34737 57.92064 1.88098 1.87506 735.89557
7384.54066 57.04418 1.85603 1.84669 728.34495
7384.60546 57.12206 1.85841 1.84921 728.94323
7383.67018 56.17441 1.82983 1.81853 720.06725
7383.53053 56.01693 1.82555 1.81344 718.80599
7382.77513 55.25431 1.80219 1.78875 711.74935
7383.01383 55.47610 1.81000 1.79593 714.02230
7382.12819 54.69417 1.78192 1.77061 705.48428
7381.93843 54.52513 1.77764 1.76514 703.66803
7380.95582 53.62221 1.74762 1.73591 694.35117
7381.81948 54.32277 1.77353 1.75859 702.77731
7380.78320 53.58323 1.74428 1.73465 692.41670
7380.23640 53.16213 1.73133 1.72102 687.07358
7380.04606 53.01254 1.72736 1.71617 685.22898
7379.27095 52.51426 1.70662 1.70004 677.33054
7378.44905 51.90656 1.68922 1.68037 670.03658
7377.44405 51.10369 1.66338 1.65438 660.93263
7377.26170 50.95631 1.65847 1.64961 659.15325
7376.31507 50.19024 1.63742 1.62481 650.19441
7375.73359 49.68661 1.62322 1.60850 644.71822
7374.98563 49.02625 1.60353 1.58713 637.78839
7374.19624 48.28512 1.58572 1.56313 630.32332
7373.85910 47.92186 1.57418 1.55137 627.28166
7373.66493 47.77858 1.56883 1.54674 625.44711
7373.54839 47.65817 1.56509 1.54284 624.40926
7373.10253 47.33903 1.55604 1.53251 620.13000
7374.04108 47.91563 1.57568 1.55117 629.30478
7372.87692 47.31417 1.55416 1.53170 617.72265
7371.66482 46.58833 1.53274 1.50820 605.97899
7371.50068 46.45859 1.52714 1.50400 604.44084
7370.64418 45.97037 1.50610 1.48820 596.20884
7370.08526 45.62781 1.49754 1.47711 590.78362
7369.82695 45.44769 1.49248 1.47128 588.38618
7369.15045 45.11589 1.47980 1.46054 582.68201
7368.99946 45.03381 1.47665 1.45788 581.44797
7367.64049 44.32043 1.45425 1.43479 568.72220
7366.09323 43.30659 1.42051 1.40196 554.40766
7365.05972 42.46773 1.39700 1.37481 544.93779
7364.11347 41.63286 1.36606 1.34778 536.28528
7364.35924 41.83791 1.37348 1.35442 538.53191
7363.51142 41.14855 1.35355 1.33210 530.76911
7364.09729 41.57332 1.36457 1.34585 536.15202
7363.40807 41.13932 1.35306 1.33180 529.80564
7362.68882 40.69818 1.33616 1.31752 523.21744
7363.45039 41.10114 1.35225 1.33057 530.20856
7362.50465 40.67312 1.33462 1.31671 521.54618
7361.45151 40.18161 1.31671 1.30080 511.91528
7361.15491 40.03445 1.31262 1.29604 509.35610
7360.19596 39.54923 1.30017 1.28033 501.74365
7359.23728 39.07191 1.27994 1.26487 493.19583
7358.54862 38.69440 1.26467 1.25265 487.15039
7357.59288 38.12169 1.24893 1.23411 478.73626
7357.04168 37.80261 1.23600 1.22378 473.91681
7357.48623 38.01882 1.24541 1.23078 477.75301
7356.63541 37.65460 1.22949 1.21899 470.50765
7355.63094 37.19839 1.21249 1.20422 462.05297
7355.49734 37.13122 1.21028 1.20205 460.92540
7354.44542 36.65233 1.19518 1.18655 452.20383
7353.35230 36.12833 1.17318 1.16958 443.20955
7352.59322 35.72292 1.15973 1.15646 436.89689
7351.84599 35.27664 1.14776 1.14201 430.74241
7351.32856 35.02312 1.13730 1.13380 427.03303
7351.16620 34.93755 1.13378 1.13103 425.81658
7350.13890 34.42168 1.11445 1.11433 417.54164
7349.30772 33.99088 1.10256 1.10039 410.85198
7349.58457 34.11882 1.10568 1.10453 413.03993
7348.51772 33.65276 1.08751 1.08944 404.78950
7347.35807 33.09816 1.06614 1.07149 395.80092
7347.18713 33.00924 1.06344 1.06861 394.45776
7346.39758 32.61370 1.05208 1.05580 388.34373
7345.54990 32.23588 1.03796 1.04357 382.03688
7344.31890 31.57655 1.01245 1.02223 372.46930
7343.34648 30.96355 0.99450 1.00238 364.78403
7342.86347 30.65800 0.98449 0.99249 361.41826
7343.00496 30.74154 0.98730 0.99520 362.38159
7342.23752 30.34163 0.97335 0.98225 356.99827
7342.22510 30.33314 0.97304 0.98197 356.89618
7343.76673 30.78351 0.98937 0.99655 366.26304
7343.18962 30.71250 0.98659 0.99426 363.10646
7341.71690 30.47390 0.97637 0.98653 354.92286
7339.63621 29.95243 0.95622 0.96965 342.74775
7337.87341 29.26287 0.93016 0.94733 331.45186
7336.83566 28.74504 0.91207 0.93056 324.30555
7335.95921 28.25771 0.89740 0.91479 317.97110
7335.42618 27.99118 0.88846 0.90616 314.34756
7335.17455 27.86031 0.88349 0.90192 312.60787
7334.03533 27.29000 0.86142 0.88346 305.02501
7333.06515 26.75007 0.84373 0.86598 298.43654
7333.03581 26.71675 0.84257 0.86490 298.11515
7332.53084 26.46215 0.83323 0.85666 294.71289
7332.41726 26.42836 0.83197 0.85557 294.11023
7333.76638 26.79865 0.84577 0.86755 301.03705
7333.09700 26.69968 0.84203 0.86435 298.21455
7331.44003 26.41183 0.83046 0.85503 290.96285
7329.29310 25.78058 0.80739 0.83459 280.43338
7327.77552 25.12913 0.78618 0.81351 271.72569
7327.04517 24.76835 0.77178 0.80183 267.22423
7325.93804 24.18175 0.75095 0.78284 260.11028
7325.29356 23.82898 0.73900 0.77142 256.08924
7325.04740 23.69063 0.73424 0.76694 254.53530
7324.43683 23.37509 0.72304 0.75672 250.72106
7324.57616 23.44263 0.72550 0.75891 251.57125
7325.95046 23.79635 0.73809 0.77036 257.12517
7325.22293 23.71635 0.73512 0.76777 255.06725
7323.52347 23.42144 0.72486 0.75822 249.33092
7321.24507 22.78040 0.70109 0.73747 240.01997
7319.18634 21.81041 0.66941 0.70607 229.52862
7318.62992 21.47222 0.65721 0.69512 225.81048
7318.21846 21.22405 0.64799 0.68709 223.01372
7318.69718 21.45760 0.65678 0.69465 225.76929
7319.22502 21.60334 0.66240 0.69936 227.77414
7318.34894 21.42074 0.65511 0.69345 225.00348
7316.76688 21.00155 0.64000 0.67988 219.29980
7315.54457 20.58934 0.62647 0.66654 214.42089
7316.51964 20.84979 0.63489 0.67497 217.66754
7316.20787 20.77979 0.63270 0.67270 216.74616
7315.24313 20.67662 0.62959 0.66936 214.96176
7313.24945 20.30521 0.61743 0.65734 209.96153
7311.09457 19.62454 0.59378 0.63531 202.12061
7309.09597 18.64407 0.55944 0.60356 191.54552
7309.04155 18.55892 0.55652 0.60081 190.67544
7309.35747 18.68148 0.56086 0.60478 192.01868
7309.47374 18.76410 0.56372 0.60745 192.88513
7309.43556 18.75272 0.56331 0.60708 192.75705
7308.07309 18.43860 0.55186 0.59691 189.15214
7306.67312 18.01260 0.53741 0.58312 184.52639
7305.85530 17.75296 0.52889 0.57472 181.72230
7305.89750 17.77271 0.52954 0.57536 181.93153
7305.74177 17.73511 0.52830 0.57414 181.52132
7304.62794 17.53149 0.52165 0.56755 179.31329
7303.18785 17.19718 0.51075 0.55672 175.81752
7302.02953 16.87972 0.50036 0.54645 172.54244
7301.28461 16.68127 0.49392 0.54002 170.52399
7301.04724 16.61357 0.49174 0.53783 169.83283
7300.08976 16.35884 0.48368 0.52958 167.26727
7298.87052 16.03418 0.47355 0.51907 164.03258
7297.79488 15.69696 0.46288 0.50816 160.63665
7298.02153 15.76276 0.46493 0.51029 161.28948
7298.83642 15.84638 0.46728 0.51299 162.03340
7298.73716 15.89025 0.46880 0.51441 162.51648
7296.85894 15.86584 0.46926 0.51362 162.70767
7294.13750 15.41174 0.45658 0.49892 158.67926
7292.54944 14.88594 0.44004 0.48190 153.48479
7291.89365 14.69340 0.43397 0.47567 151.62069
7292.06797 14.74495 0.43560 0.47734 152.12329
0.00000 0.00000 0.00000 0.00000 0.00000
