6754.37719 10.02527 0.23774 0.32455 122.69098
6754.50826 10.04184 0.23848 0.32508 122.76276
6755.37769 10.15369 0.24355 0.32871 123.25120
6756.37819 10.28917 0.24965 0.33309 123.85893
6757.37869 10.39996 0.25494 0.33668 124.11933
6758.37919 10.51802 0.26048 0.34050 124.42063
6759.37969 10.62027 0.26529 0.34381 124.63806
6760.38019 10.73854 0.27074 0.34764 124.88520
6761.38069 10.86642 0.27651 0.35178 125.23141
6762.38119 11.01539 0.28304 0.35660 125.80949
6762.57434 11.04603 0.28437 0.35759 125.93839
6763.38169 11.16888 0.28979 0.36157 126.39749
6764.38219 11.30727 0.29609 0.36605 126.75551
6765.38269 11.43831 0.30220 0.37029 126.97497
6766.38319 11.57740 0.30859 0.37480 127.25696
6767.38369 11.71929 0.31515 0.37939 127.54599
6768.38419 11.85620 0.32128 0.38382 127.86154
6769.38469 12.02883 0.32875 0.38941 128.52089
6769.50432 12.05021 0.32968 0.39010 128.60577
6770.38519 12.20155 0.33622 0.39500 129.14243
6771.38569 12.36604 0.34329 0.40033 129.59482
6772.38619 12.51997 0.35011 0.40531 129.84950
6773.38669 12.69611 0.35753 0.41101 130.22309
6774.38719 12.86101 0.36444 0.41635 130.33555
6775.36555 13.05439 0.37204 0.42261 130.64347
6775.38769 13.05923 0.37223 0.42277 130.65715
6776.38819 13.27770 0.38088 0.42984 131.18245
6777.38869 13.44191 0.38766 0.43515 131.31640
6778.38919 13.65349 0.39600 0.44200 131.87128
6779.38969 13.86142 0.40450 0.44874 132.42896
6780.28399 14.05858 0.41294 0.45512 133.14737
6780.39020 14.08226 0.41395 0.45589 133.23483
6781.39070 14.29343 0.42292 0.46272 133.84704
6782.39120 14.48350 0.43112 0.46887 134.11867
6783.39170 14.69147 0.43988 0.47561 134.55171
6784.39220 14.91964 0.44925 0.48299 135.16081
6784.98543 15.06276 0.45511 0.48763 135.58377
6785.39270 15.15849 0.45905 0.49073 135.84271
6786.39320 15.36418 0.46758 0.49738 136.36006
6787.39370 15.56806 0.47629 0.50398 136.56552
6788.39420 15.79010 0.48566 0.51117 136.96118
6789.39470 16.01710 0.49519 0.51852 137.35847
6789.57750 16.06695 0.49721 0.52014 137.51936
6790.39520 16.28150 0.50592 0.52708 138.12369
6791.39570 16.50540 0.51515 0.53433 138.39990
6792.39620 16.74704 0.52498 0.54215 138.82400
6793.39670 17.00778 0.53555 0.55059 139.40707
6793.63060 17.07113 0.53813 0.55264 139.55147
6794.39720 17.27508 0.54628 0.55925 140.13143
6795.39770 17.52539 0.55639 0.56735 140.64507
6796.39820 17.78206 0.56665 0.57566 141.04906
6797.39870 18.04529 0.57712 0.58418 141.48598
6797.49625 18.07531 0.57828 0.58515 141.57235
6798.39920 18.34959 0.58896 0.59403 142.31401
6799.39970 18.61793 0.59963 0.60272 142.71244
6800.40020 18.89620 0.61059 0.61173 143.17279
6801.02610 19.07950 0.61773 0.61766 143.53115
6801.40070 19.18982 0.62198 0.62123 143.74759
6802.40120 19.47310 0.63274 0.63040 144.17379
6803.40170 19.73407 0.64283 0.63885 144.37311
6804.40220 20.00407 0.65320 0.64759 144.79590
6804.64177 20.08368 0.65623 0.65017 144.98333
6805.40270 20.32620 0.66544 0.65802 145.48808
6806.40320 20.62137 0.67637 0.66758 145.84829
6807.40370 20.91836 0.68719 0.67719 146.19264
6807.89547 21.08787 0.69339 0.68268 146.60264
6808.40420 21.27008 0.70008 0.68858 147.13687
6809.40470 21.57100 0.71120 0.69832 147.51774
6810.40520 21.88535 0.72233 0.70849 147.88385
6810.99586 22.09205 0.72897 0.71519 148.12344
6811.40570 22.24888 0.73361 0.72026 148.31067
6812.40620 22.56195 0.74271 0.73040 148.47550
6813.40670 22.89912 0.75363 0.74131 148.86147
6813.93114 23.09623 0.76052 0.74769 149.37810
6814.40720 23.26835 0.76655 0.75327 149.78639
6815.40770 23.57617 0.77749 0.76323 150.05806
6816.40820 23.90288 0.78832 0.77381 150.42352
6816.97296 24.10042 0.79474 0.78020 150.74065
6817.40870 24.26931 0.80035 0.78567 151.15460
6818.40920 24.64485 0.81294 0.79783 151.97141
6819.40970 24.96943 0.82409 0.80834 152.24413
6819.79043 25.10460 0.82867 0.81271 152.47698
6820.41021 25.34425 0.83638 0.82047 152.97444
6821.41071 25.68223 0.84735 0.83141 153.55484
6822.41121 26.01551 0.85836 0.84220 153.93788
6822.65384 26.10879 0.86151 0.84522 154.12377
6823.41171 26.39831 0.87146 0.85459 154.69944
6824.41221 26.73599 0.88281 0.86552 154.97028
6825.41271 27.10051 0.89492 0.87732 155.49517
6825.44316 27.11297 0.89535 0.87773 155.52459
6826.41321 27.50399 0.90857 0.89039 156.35620
6827.41371 27.87168 0.92108 0.90229 156.84412
6828.05185 28.11715 0.92948 0.91024 157.24577
6828.41421 28.27733 0.93492 0.91542 157.67231
6829.41471 28.66877 0.94818 0.92809 158.31932
6830.41521 29.01633 0.95999 0.93935 158.85140
6830.66375 29.12134 0.96343 0.94275 159.05503
6831.41571 29.43710 0.97417 0.95297 159.66160
6832.41621 29.82318 0.98766 0.96547 160.21097
6833.12008 30.12552 0.99825 0.97525 160.87380
6833.41671 30.27122 1.00329 0.97997 161.29957
6834.41721 30.69389 1.01650 0.99365 161.72785
6835.38854 31.12971 1.02927 1.00776 162.12684
6835.41771 31.14439 1.02973 1.00824 162.15806
6836.41821 31.60281 1.04504 1.02308 163.06971
6837.41871 32.00908 1.05913 1.03623 163.68144
6837.72012 32.13389 1.06346 1.04027 163.85690
6838.41921 32.43300 1.07399 1.04995 164.29542
6839.41971 32.79383 1.08626 1.06163 164.67688
6840.20729 33.13808 1.09842 1.07278 165.22538
6840.42021 33.23966 1.10190 1.07607 165.44221
6841.42071 33.68520 1.11729 1.09049 166.19739
6842.42121 34.11070 1.13245 1.10427 166.72722
6842.48745 34.14226 1.13357 1.10529 166.78989
6843.42171 34.60044 1.14900 1.12012 167.77152
6844.42221 35.03887 1.16383 1.13431 168.35194
6844.62603 35.14644 1.16772 1.13780 168.61913
6845.42271 35.57417 1.18295 1.15164 169.70495
6846.42321 36.03017 1.19863 1.16640 170.35361
6846.67880 36.15063 1.20274 1.17030 170.52634
6847.42371 36.48901 1.21411 1.18126 171.12950
6848.42421 36.90616 1.22865 1.19476 171.59764
6848.93233 37.15481 1.23759 1.20281 172.01601
6849.42471 37.40459 1.24560 1.21090 172.49980
6850.42521 37.83338 1.26038 1.22478 172.80662
6851.10066 38.15900 1.27183 1.23532 173.28984
6851.42571 38.33776 1.27820 1.24111 173.68695
6852.42621 38.80613 1.29417 1.25627 174.25844
6853.13776 39.16318 1.30677 1.26783 174.90919
6853.42671 39.33688 1.31301 1.27345 175.38202
6854.42721 39.86418 1.33001 1.29052 176.05551
6854.96875 40.16736 1.33877 1.30034 176.38260
6855.42771 40.40033 1.34573 1.30788 176.55484
6856.42821 40.87508 1.36173 1.32325 177.04487
6856.99829 41.17155 1.37256 1.33285 177.84273
6857.42871 41.41461 1.38127 1.34072 178.42338
6858.42921 41.89555 1.39738 1.35628 178.86699
6858.97105 42.17573 1.40717 1.36535 179.28052
6859.42971 42.44742 1.41661 1.37415 179.89095
6860.43022 42.97918 1.43498 1.39136 180.72903
6860.78714 43.17992 1.44139 1.39786 181.10570
6861.43072 43.52986 1.45309 1.40919 181.68149
6862.43122 44.01862 1.47050 1.42501 182.14226
6862.72146 44.18410 1.47650 1.43037 182.44629
6863.43172 44.59197 1.49033 1.44358 183.20654
6864.43222 45.08235 1.50689 1.45945 183.61250
6864.65260 45.18828 1.51059 1.46288 183.69015
6865.43272 45.59811 1.52492 1.47615 184.49188
6866.43322 46.14985 1.54249 1.49401 185.38371
6866.50446 46.19247 1.54377 1.49539 185.46796
6867.43372 46.73810 1.56393 1.51305 186.47053
6868.23079 47.19665 1.57938 1.52790 187.22107
6868.43422 47.32106 1.58358 1.53192 187.47322
6869.43472 47.84634 1.60151 1.54893 188.11811
6870.05212 48.20084 1.61312 1.56041 188.56295
6870.43522 48.45924 1.62086 1.56877 188.94110
6871.43572 49.07418 1.63847 1.58868 189.69308
6871.63740 49.20502 1.64249 1.59291 189.97806
6872.43622 49.69879 1.66042 1.60890 190.98171
6873.39169 50.20921 1.67694 1.62542 191.53682
6873.43672 50.23376 1.67763 1.62622 191.56365
6874.43722 50.80866 1.69805 1.64483 192.57913
6875.17393 51.21339 1.71287 1.65793 193.23129
6875.43772 51.37038 1.71798 1.66301 193.46371
6876.43822 51.94948 1.73521 1.68176 194.31836
6876.87901 52.21757 1.74456 1.69044 194.77576
6877.43872 52.57312 1.75768 1.70195 195.45295
6878.43922 53.17877 1.77713 1.72156 196.45437
6878.51044 53.22176 1.77840 1.72295 196.52555
6879.43972 53.78408 1.79722 1.74115 197.44713
6880.11059 54.22594 1.81224 1.75546 198.33806
6880.44022 54.44472 1.81893 1.76254 198.79033
6881.44072 55.00024 1.83637 1.78052 199.46243
6881.80314 55.23013 1.84441 1.78796 199.87865
6882.44122 55.67513 1.86029 1.80237 200.86106
6883.44172 56.21437 1.87532 1.81983 201.70786
6883.47229 56.23431 1.87595 1.82047 201.74771
6884.44222 56.89507 1.89961 1.84186 203.18643
6885.01612 57.23849 1.90916 1.85298 203.70577
6885.44272 57.52033 1.91662 1.86211 204.08870
6886.41716 58.24268 1.93782 1.88549 205.36789
6886.44322 58.26145 1.93849 1.88610 205.40872
6887.44372 58.90349 1.95802 1.90688 206.66907
6888.01445 59.24686 1.96791 1.91800 207.23311
6888.44422 59.53501 1.97790 1.92733 207.81677
6889.44472 60.18936 1.99884 1.94851 209.11736
6889.53925 60.25105 2.00055 1.95051 209.23834
6890.44522 60.83935 2.01642 1.96955 210.40589
6891.06799 61.25523 2.03201 1.98302 211.28157
6891.44572 61.50296 2.03863 1.99104 211.76998
6892.44622 62.06376 2.05299 2.00919 212.83646
6892.73727 62.25941 2.05967 2.01552 213.29306
6893.44672 62.78579 2.07669 2.03256 214.54340
6894.16501 63.26360 2.08947 2.04803 215.58984
6894.44722 63.45960 2.09391 2.05438 216.04346
6895.44772 64.13556 2.11555 2.07626 217.56359
6895.63462 64.26778 2.11905 2.08054 217.87822
6896.44822 64.82137 2.13204 2.09846 219.15411
6897.12230 65.27197 2.14590 2.11305 220.21422
6897.44872 65.52076 2.15368 2.12110 220.88859
6898.44922 66.22320 2.16935 2.14384 222.38125
6898.52199 66.27615 2.17033 2.14556 222.49312
6899.44972 66.96446 2.18882 2.16784 224.11051
6899.88698 67.28033 2.19726 2.17807 224.93906
6900.45023 67.66738 2.20543 2.19060 225.96801
6901.39357 68.28452 2.22210 2.21057 227.62116
6901.45073 68.32516 2.22320 2.21189 227.72975
6902.45123 69.02076 2.23965 2.23441 229.60733
6902.82230 69.28870 2.24485 2.24308 230.36119
6903.45173 69.75642 2.25700 2.25822 231.66563
6904.21593 70.29289 2.26949 2.27559 233.23546
6904.45223 70.47345 2.27252 2.28144 233.75965
6905.45273 71.20123 2.29042 2.30500 235.93421
6905.57951 71.29707 2.29251 2.30810 236.21712
6906.45323 71.90796 2.30408 2.32788 238.08311
6907.02141 72.30126 2.31199 2.34061 239.30775
6907.45373 72.63374 2.32021 2.35137 240.37211
6908.35265 73.30544 2.33320 2.37312 242.55198
6908.45423 73.38682 2.33448 2.37575 242.81701
6909.45473 74.13211 2.35286 2.39988 245.31429
6909.71690 74.30962 2.35664 2.40563 245.91321
6910.45523 74.81266 2.36480 2.42191 247.67523
6911.11147 75.31381 2.37500 2.43813 249.36815
6911.45573 75.58500 2.38011 2.44691 250.27199
6912.43488 76.31799 2.39284 2.47064 252.97681
6912.45623 76.33570 2.39321 2.47122 253.03965
6913.45673 77.10470 2.41309 2.49611 256.00483
6913.73397 77.32218 2.41741 2.50315 256.84373
6914.45723 77.88491 2.42707 2.52137 259.06679
6915.02946 78.32636 2.44661 2.53566 260.89915
6915.45773 78.66155 2.45603 2.54651 262.30026
6916.45823 79.31979 2.47134 2.56782 265.71801
6916.47203 79.33054 2.47232 2.56817 265.76693
6917.45873 80.12439 2.60625 2.59387 269.44676
6917.74892 80.33473 2.64642 2.60068 270.56040
6918.45923 80.88298 2.70399 2.61842 273.07097
6919.05626 81.33891 2.69808 2.63318 275.43298
6919.45973 81.65997 2.68767 2.64358 277.20231
6920.34514 82.34310 2.68823 2.66569 281.28760
6920.46023 82.43387 2.69287 2.66863 281.83913
6921.46073 83.22111 2.72205 2.69412 286.82783
6921.62177 83.34728 2.72516 2.69820 287.71252
6922.46123 84.11366 2.75223 2.72301 292.21839
6922.72079 84.35146 2.76059 2.73071 293.65562
6923.46173 84.95562 2.79107 2.75027 297.91961
6923.95834 85.35565 2.81166 2.76322 300.86906
6924.46223 85.76016 2.82366 2.77631 304.00543
6925.20771 86.35983 2.84065 2.79573 308.83422
6925.46273 86.58267 2.84721 2.80294 310.43058
6926.44078 87.36402 2.86903 2.82824 317.09134
6926.46323 87.38340 2.86955 2.82886 317.24871
6927.46373 88.17482 2.89137 2.85448 323.79332
6927.71495 88.36820 2.89710 2.86074 325.22979
6928.46423 88.95780 2.91401 2.87983 330.47579
6928.95156 89.37238 2.92618 2.89325 334.00733
6929.46473 89.82221 2.93986 2.90781 337.53009
6930.14929 90.37657 2.95682 2.92576 342.66518
6930.46523 90.64522 2.96536 2.93446 344.94611
6931.32329 91.38075 2.98872 2.95827 351.18598
6931.46573 91.50634 2.99282 2.96233 352.17583
6932.46623 92.34395 3.02081 2.98945 359.53012
6932.51458 92.38494 3.02219 2.99078 359.87886
6933.46673 93.23977 3.04861 3.01845 367.21204
6933.62339 93.38912 3.05314 3.02329 368.38700
6934.46723 94.14049 3.07862 3.04761 374.38327
6934.76287 94.39331 3.08767 3.05579 376.53791
6935.46773 95.00411 3.10918 3.07557 381.68118
6935.99045 95.39749 3.12309 3.08830 385.23002
6936.46823 95.77956 3.13675 3.10067 387.96606
6937.18378 96.40167 3.15891 3.12081 393.07803
6937.46873 96.66167 3.16821 3.12923 394.93890
6938.32283 97.40586 3.19500 3.15332 400.84015
6938.46923 97.53373 3.19961 3.15746 401.86432
6939.46697 98.41004 3.23121 3.18583 408.63941
6939.46973 98.41253 3.23130 3.18591 408.65665
6940.47024 99.26020 3.26214 3.21335 415.77177
6940.64622 99.41423 3.26772 3.21834 416.97983
6941.47074 100.14123 3.29390 3.24187 422.44067
6941.77923 100.41841 3.30400 3.25085 424.42579
6942.47124 101.10701 3.32896 3.27314 427.81985
6942.79553 101.42259 3.33931 3.28335 429.92044
6943.47174 102.10125 3.36095 3.30532 434.33501
6943.81415 102.42678 3.37256 3.31586 436.19558
6944.47224 103.00678 3.39391 3.33464 440.47919
6944.98469 103.43096 3.40924 3.34837 443.64293
6945.47274 103.84334 3.42398 3.36172 445.81322
6946.13592 104.43515 3.44542 3.38088 449.52179
6946.47324 104.75552 3.45690 3.39125 451.46692
6947.22075 105.43933 3.48146 3.41339 455.76359
6947.47374 105.66981 3.48981 3.42085 457.20423
6948.31588 106.44351 3.51760 3.44590 462.05095
6948.47424 106.59080 3.52285 3.45066 462.94749
6949.41365 107.44770 3.55368 3.47840 468.33813
6949.47474 107.50780 3.55582 3.48035 468.62362
6950.47524 108.44773 3.58943 3.51078 473.89261
6950.47962 108.45188 3.58957 3.51091 473.91480
6951.47574 109.39281 3.62298 3.54137 479.14543
6951.54106 109.45607 3.62523 3.54342 479.46435
6952.47624 110.33224 3.65666 3.57179 484.25121
6952.61494 110.46025 3.66091 3.57593 485.18934
6953.47674 111.39420 3.69021 3.60616 489.06410
6953.54869 111.46444 3.69267 3.60844 489.18413
6954.47724 112.28098 3.72191 3.63487 493.13599
6954.67228 112.46862 3.72850 3.64095 494.18612
6955.47774 113.21248 3.75483 3.66503 498.60733
6955.75203 113.47280 3.76406 3.67346 499.98233
6956.47824 114.21007 3.78990 3.69732 502.91123
6956.74906 114.47699 3.79930 3.70596 504.12395
6957.47874 115.18586 3.82421 3.72891 507.50009
6957.78732 115.48117 3.83459 3.73847 509.00535
6958.47924 116.15101 3.85813 3.76016 512.23301
6958.81549 116.48536 3.86984 3.77098 513.69543
6959.47974 117.13326 3.89252 3.79196 516.70335
6959.84370 117.48954 3.90496 3.80349 518.35381
6960.48024 118.13035 3.92724 3.82423 520.97995
6960.86581 118.49372 3.94023 3.83600 522.88258
6961.48074 119.13879 3.96152 3.85688 525.40935
6961.80463 119.49791 3.97234 3.86851 527.04847
6962.48124 120.18171 3.99521 3.89064 530.24933
6962.82911 120.50209 4.00653 3.90101 531.12404
6963.48174 121.10772 4.02753 3.92062 533.34957
6963.87326 121.50628 4.04135 3.93352 534.98989
6964.48224 122.14641 4.06350 3.95425 537.19248
6964.82803 122.51046 4.07606 3.96603 538.34762
6965.48274 123.16517 4.09870 3.98723 541.10342
6965.82771 123.51464 4.11086 3.99854 542.48650
6966.48324 124.18144 4.13392 4.02013 545.09874
6966.83571 124.51883 4.14569 4.03105 546.77843
6967.48374 125.17142 4.16824 4.05217 549.42296
6967.82445 125.52301 4.18034 4.06356 550.73896
6968.48424 126.19489 4.20357 4.08531 553.29167
6968.78981 126.52720 4.21497 4.09606 554.21821
6969.48474 127.25064 4.23983 4.11949 556.77690
6969.76043 127.53138 4.24961 4.12857 557.81520
6970.48524 128.35757 4.27674 4.15532 560.06280
6970.65398 128.53556 4.28216 4.16108 561.00607
6971.48574 129.40327 4.31019 4.18917 563.45601
6971.61036 129.53975 4.31491 4.19359 563.51493
6972.48624 130.40179 4.34468 4.22150 567.02686
6972.62722 130.54393 4.34956 4.22610 567.64215
6973.48674 131.43066 4.38005 4.25480 570.86110
6973.59960 131.54812 4.38407 4.25861 571.27987
6974.48724 132.50233 4.41676 4.28950 574.16977
6974.53323 132.55230 4.41847 4.29112 574.31084
6975.46950 133.55649 4.45279 4.32362 577.41339
6975.48774 133.57504 4.45343 4.32422 577.48682
6976.42669 134.56067 4.48720 4.35613 580.88722
6976.48824 134.62765 4.48949 4.35830 581.07320
6977.32364 135.56485 4.52133 4.38864 583.34830
6977.48874 135.75261 4.52771 4.39472 583.77261
6978.27326 136.56904 4.55579 4.42115 586.67838
6978.48924 136.80604 4.56311 4.42882 587.66030
6979.09362 137.57322 4.58634 4.45366 589.25134
6979.48974 138.00236 4.60109 4.46755 590.47848
6980.04628 138.57741 4.62096 4.48617 592.72462
6980.49025 139.06409 4.63734 4.50192 593.42294
6980.99500 139.58159 4.65490 4.51867 594.30268
6981.49075 140.07794 4.67188 4.53474 596.37989
6981.92752 140.58577 4.68916 4.55118 597.48645
6982.49125 141.19346 4.70985 4.57086 599.33688
6982.86173 141.58996 4.72341 4.58369 600.62362
6983.49175 142.30306 4.74759 4.60678 602.33830
6983.76035 142.59414 4.75749 4.61620 603.22197
6984.49225 143.38337 4.78439 4.64175 605.70875
6984.67874 143.59833 4.79164 4.64871 606.17529
6985.49275 144.49898 4.82232 4.67787 608.67573
6985.58230 144.60251 4.82580 4.68122 608.90799
6986.46511 145.60669 4.86014 4.71373 611.17364
6986.49325 145.64294 4.86134 4.71490 611.20292
6987.23919 146.61088 4.89037 4.74623 613.15350
6987.49375 146.88708 4.89955 4.75518 614.07574
6988.10944 147.61506 4.92445 4.77874 615.37788
6988.49425 148.05931 4.93941 4.79312 616.52306
6989.07079 148.61925 4.95853 4.81125 618.35270
6989.49475 149.03941 4.97277 4.82485 619.37885
6989.99248 149.62343 4.99244 4.84376 620.47083
6990.49525 150.21320 5.01236 4.86285 621.80235
6990.84538 150.62762 5.02631 4.87627 622.56671
6991.49575 151.34587 5.05080 4.89952 624.64763
6991.73534 151.63180 5.06043 4.90878 625.17228
6992.49625 152.51672 5.09033 4.93742 627.11928
6992.60164 152.63598 5.09437 4.94128 627.43106
6993.43244 153.64017 5.12816 4.97379 629.11008
6993.49675 153.71867 5.13088 4.97633 629.20230
6994.24535 154.64435 5.16060 5.00630 631.05072
6994.49725 154.96048 5.16984 5.01654 631.96996
6995.06223 155.64854 5.19242 5.03881 633.30223
6995.49775 156.12930 5.20891 5.05437 634.66596
6995.92840 156.65272 5.22643 5.07132 635.59445
6996.49825 157.31979 5.24896 5.09291 637.03280
6996.77582 157.65690 5.26030 5.10383 637.58093
6997.49875 158.52118 5.28944 5.13181 639.40464
6997.63212 158.66109 5.29420 5.13634 639.97675
6998.49925 159.57092 5.32491 5.16579 642.00387
6998.57539 159.66527 5.32805 5.16884 642.01031
6999.36773 160.66946 5.36165 5.20135 643.06016
6999.49975 160.82320 5.36683 5.20633 643.43210
7000.21757 161.67364 5.39540 5.23386 645.19279
7000.50025 162.00770 5.40667 5.24468 645.90606
7001.07661 162.67782 5.42926 5.26637 647.53143
7001.50075 163.18079 5.44651 5.28265 648.47591
7001.90258 163.68201 5.46243 5.29888 649.54098
7002.50125 164.44808 5.48531 5.32368 651.43433
7002.66917 164.68619 5.49321 5.33139 651.45358
7003.48074 165.69038 5.52715 5.36389 652.97148
7003.50175 165.71623 5.52801 5.36473 653.01756
7004.29369 166.69456 5.56084 5.39640 654.62179
7004.50225 166.95159 5.56947 5.40472 655.06159
7005.08002 167.69874 5.59443 5.42891 655.89142
7005.50275 168.20633 5.61150 5.44534 656.90028
7005.90845 168.70293 5.62817 5.46142 657.92114
7006.50325 169.36680 5.65052 5.48291 659.64038
7006.82733 169.70711 5.66197 5.49393 660.34283
7007.50375 170.48699 5.68812 5.51918 661.52755
7007.68401 170.71130 5.69562 5.52644 661.92775
7008.50425 171.67890 5.72851 5.55776 664.10755
7008.53292 171.71548 5.72974 5.55895 664.14708
7009.23591 172.71967 5.75983 5.59145 665.34600
7009.50475 173.04340 5.77028 5.60193 666.17393
7010.01815 173.72385 5.79326 5.62396 666.69063
7010.50525 174.34145 5.81374 5.64396 667.63037
7010.81324 174.72803 5.82669 5.65647 668.23262
7011.50575 175.56351 5.85480 5.68352 669.95320
7011.65404 175.73222 5.86048 5.68898 670.42563
7012.50625 176.71044 5.89345 5.72065 673.04801
7012.52632 176.73640 5.89432 5.72149 673.08073
7013.30666 177.74059 5.92781 5.75400 674.40777
7013.50675 177.97576 5.93571 5.76161 674.97246
7014.07282 178.74477 5.96131 5.78650 675.55755
7014.50725 179.29982 5.97984 5.80447 676.29588
7014.87949 179.74895 5.99488 5.81901 677.26954
7015.50775 180.54905 6.02169 5.84491 678.51633
7015.67402 180.75314 6.02863 5.85152 678.70538
7016.48228 181.75732 6.05945 5.88403 679.85984
7016.50825 181.78652 6.06029 5.88497 679.97889
7017.22281 182.76151 6.09197 5.91654 681.02992
7017.50875 183.12966 6.10430 5.92846 681.55203
7018.03908 183.76569 6.12554 5.94905 682.94740
7018.50925 184.35278 6.14519 5.96805 683.95310
7018.82983 184.76987 6.15906 5.98156 684.48219
7019.50975 185.55847 6.18568 6.00708 686.54914
7019.66664 185.77406 6.19282 6.01406 686.70887
7020.41543 186.77824 6.22609 6.04657 687.69775
7020.51026 186.90140 6.23019 6.05056 687.86264
7021.16388 187.78243 6.25953 6.07908 688.68005
7021.51076 188.24026 6.27471 6.09390 689.22334
7021.91874 188.78661 6.29275 6.11159 689.80928
7022.51126 189.53077 6.31789 6.13568 691.01104
7022.72267 189.79079 6.32610 6.14410 691.65632
7023.46710 190.79498 6.35645 6.17661 693.60881
7023.51176 190.84626 6.35821 6.17827 693.75918
7024.30992 191.79916 6.39028 6.20911 695.47005
7024.51226 192.03917 6.39820 6.21688 695.71726
7025.10396 192.80335 6.42342 6.24162 696.02040
7025.51276 193.32167 6.44072 6.25840 696.95207
7025.87081 193.80753 6.45690 6.27413 697.47115
7026.51326 194.63171 6.48435 6.30081 698.68576
7026.64006 194.81172 6.49030 6.30664 698.78466
7027.39027 195.81590 6.52360 6.33915 699.88305
7027.51376 195.96752 6.52867 6.34406 700.18639
7028.15458 196.82008 6.55696 6.37166 701.17692
7028.51426 197.31061 6.57313 6.38754 701.64435
7028.93263 197.82427 6.59062 6.40417 702.59839
7029.51476 198.59025 6.61436 6.42896 704.10898
7029.67848 198.82845 6.62117 6.43667 704.48733
7030.51526 199.80956 6.65364 6.46843 707.11787
7030.53200 199.83264 6.65441 6.46918 707.13497
7031.16614 200.83682 6.68718 6.50169 706.74673
7031.51576 201.34056 6.70384 6.51800 706.96418
7031.90932 201.84100 6.72048 6.53420 707.78383
7032.51626 202.60797 6.74606 6.55903 709.08780
7032.70028 202.84519 6.75399 6.56671 709.50383
7033.51676 203.82885 6.78678 6.59855 711.34383
7033.53339 203.84937 6.78746 6.59922 711.35561
7034.30740 204.85356 6.82055 6.63172 711.76938
7034.51726 205.10940 6.82912 6.64001 712.33684
7035.10890 205.85774 6.85411 6.66423 713.72459
7035.51776 206.36333 6.87091 6.68060 714.70476
7035.89771 206.86192 6.88762 6.69674 715.33926
7036.51826 207.70676 6.91433 6.72409 716.55826
7036.62048 207.86611 6.91898 6.72925 716.68670
7037.28197 208.87029 6.95058 6.76176 717.11619
7037.51876 209.18195 6.96105 6.77185 717.49032
7038.03751 209.87448 6.98393 6.79427 718.36129
7038.51926 210.49454 7.00453 6.81434 719.32602
7038.81668 210.87866 7.01733 6.82677 719.92077
7039.51976 211.81658 7.04837 6.85714 721.06899
7039.56918 211.88285 7.05057 6.85928 721.14725
7040.37831 212.88703 7.08415 6.89179 723.09047
7040.52026 213.05669 7.08982 6.89728 723.47218
7041.14161 213.89121 7.11744 6.92430 724.46205
7041.52076 214.39018 7.13408 6.94045 725.23151
7041.88848 214.89540 7.15060 6.95681 725.51115
7042.52126 215.75912 7.17919 6.98477 725.26549
7042.62891 215.89958 7.18360 6.98932 725.40471
7043.34589 216.90377 7.21341 7.02183 727.15342
7043.52176 217.12292 7.22084 7.02892 727.56683
7044.12035 217.90795 7.24706 7.05433 728.56795
7044.52226 218.40802 7.26370 7.07052 729.54462
7044.87600 218.91213 7.28034 7.08684 729.87443
7045.52276 219.80131 7.30972 7.11563 730.72981
7045.61421 219.91632 7.31354 7.11935 730.93520
7046.42246 220.92050 7.34702 7.15186 732.87391
7046.52326 221.05066 7.35136 7.15607 733.07499
7047.13421 221.92469 7.38011 7.18437 733.61003
7047.52376 222.41945 7.39662 7.20038 734.46127
7047.86861 222.92887 7.41335 7.21688 734.64959
7048.52426 223.84514 7.44354 7.24654 735.40820
7048.59783 223.93305 7.44646 7.24938 735.61626
7049.40609 224.93724 7.48020 7.28189 737.48656
7049.52476 225.11420 7.48573 7.28762 737.59961
7050.06912 225.94142 7.50983 7.31440 738.50724
7050.52526 226.51079 7.52888 7.33283 739.67198
7050.85750 226.94561 7.54341 7.34691 740.27221
7051.52576 227.76268 7.57031 7.37336 741.07377
7051.67235 227.94979 7.57646 7.37942 741.15540
7052.43169 228.95397 7.60968 7.41193 742.30959
7052.52626 229.07495 7.61370 7.41584 742.52920
7053.16568 229.95816 7.64286 7.44444 743.35095
7053.52676 230.42766 7.65844 7.45963 744.04415
7053.92921 230.96234 7.67614 7.47694 744.73553
7054.52726 231.74133 7.70199 7.50216 745.87163
7054.68692 231.96653 7.70941 7.50945 746.02967
7055.40316 232.97071 7.74268 7.54196 746.84032
7055.52776 233.13428 7.74822 7.54726 747.03798
7056.11686 233.97490 7.77432 7.57447 747.99975
7056.52826 234.56871 7.79196 7.59369 748.83256
7056.82264 234.97908 7.80567 7.60698 749.13461
7057.52876 235.89671 7.83620 7.63668 750.46648
7057.58885 235.98326 7.83904 7.63949 750.51870
7058.33242 236.98745 7.87225 7.67199 751.62699
7058.52926 237.23757 7.88058 7.68009 752.01607
7059.04409 237.99163 7.90535 7.70450 752.47006
7059.52976 238.68001 7.92803 7.72679 752.85154
7059.81967 238.99582 7.93850 7.73701 753.41319
7060.53027 239.78653 7.96486 7.76261 754.99495
7060.68203 240.00000 7.97188 7.76952 755.16901
