7056.75957 241.91273 8.05148 7.83144 822.63453
7056.67711 241.77807 8.04714 7.82708 822.73521
7056.20708 241.26095 8.02983 7.81034 821.19639
7055.60459 240.53120 8.00547 7.78672 819.71797
7055.25123 240.05744 7.98987 7.77138 819.26511
7054.60585 239.24727 7.96291 7.74515 818.02377
7054.33860 238.89337 7.95122 7.73370 817.62315
7053.61842 237.87729 7.91784 7.70080 817.15177
7053.48863 237.69792 7.91192 7.69499 817.03400
7052.88773 236.87518 7.88466 7.66836 816.40928
7052.45686 236.24954 7.86424 7.64811 816.27544
7052.31294 236.05952 7.85793 7.64195 815.97353
7051.61504 235.18659 7.82887 7.61370 814.83488
7051.46307 234.98937 7.82237 7.60731 814.93454
7050.71095 233.99752 7.79164 7.57520 814.22077
7050.48994 233.71359 7.78324 7.56601 813.44599
7049.90207 232.89222 7.75648 7.53942 812.83421
7049.55128 232.41586 7.74074 7.52400 812.46990
7049.21565 231.99477 7.72684 7.51037 811.73773
7048.54067 231.09664 7.69698 7.48129 810.79416
7048.51453 231.06679 7.69597 7.48033 810.71460
7047.72150 230.07164 7.66304 7.44811 809.07892
7047.58600 229.90712 7.65751 7.44278 808.73136
7046.85297 228.95983 7.62614 7.41212 807.54852
7046.44968 228.40366 7.60781 7.39411 807.15696
7046.08617 227.88417 7.59061 7.37729 806.96958
7045.54268 227.15957 7.56675 7.35384 806.19675
7045.41972 227.00733 7.56172 7.34891 805.93617
7044.63613 225.99744 7.52785 7.31622 804.66192
7044.49676 225.81713 7.52227 7.31038 804.28422
7043.86449 224.95049 7.49686 7.28232 802.69339
7043.59953 224.63642 7.48635 7.27215 801.99996
7043.00144 223.85170 7.45990 7.24675 800.99550
7042.45789 223.06615 7.43431 7.22132 801.07970
7042.36199 222.95441 7.43061 7.21770 800.97328
7041.58939 221.93498 7.39705 7.18470 801.00436
7041.65989 222.02323 7.39999 7.18756 801.13992
7040.91814 221.12365 7.37003 7.15844 799.20526
7040.55609 220.70195 7.35593 7.14478 798.16081
7039.84284 219.71742 7.32327 7.11291 797.58301
7039.34563 218.93720 7.29787 7.08765 798.05746
7039.27227 218.84190 7.29470 7.08457 797.94363
7038.54431 217.84555 7.26177 7.05231 797.19131
7038.80057 218.15373 7.27191 7.06229 797.90361
7037.99893 217.27523 7.24239 7.03385 795.01971
7037.52580 216.73206 7.22414 7.01627 793.57533
7036.85464 215.79229 7.19641 6.98584 792.04910
7036.51796 215.32091 7.18082 6.97058 791.85227
7036.19397 214.91188 7.16705 6.95734 791.22698
7035.53240 214.02678 7.13780 6.92869 790.38322
7035.53222 214.03225 7.13797 6.92887 790.32758
7034.70603 213.01480 7.10403 6.89593 788.41161
7034.49897 212.74498 7.09500 6.88719 787.99081
7033.86121 211.87948 7.06658 6.85917 787.82319
7033.54601 211.48059 7.05343 6.84626 787.81371
7033.05254 210.81973 7.03167 6.82487 787.80861
7032.47133 210.01438 7.00505 6.79880 787.18987
7032.30620 209.79119 6.99768 6.79157 786.99493
7031.56804 208.76474 6.96355 6.75834 786.62531
7031.58365 208.77158 6.96382 6.75856 786.78327
7030.98883 208.03213 6.93993 6.73462 785.22799
7030.72038 207.72408 6.93095 6.72465 783.94427
7030.21712 207.13269 6.91246 6.70551 782.04504
7029.67838 206.52593 6.89172 6.68586 780.38511
7029.06895 205.73429 6.86547 6.66024 779.38114
7028.39594 204.74103 6.83285 6.62808 779.52375
7028.61303 205.03555 6.84255 6.63762 779.74353
7027.77977 204.03138 6.80900 6.60511 777.63397
7027.59195 203.80375 6.80137 6.59774 777.17444
7026.92984 202.95750 6.77317 6.57034 775.98732
7026.53668 202.48339 6.75735 6.55499 774.98768
7025.88382 201.56462 6.72682 6.52525 774.73999
7025.28647 200.59344 6.69520 6.49381 775.69293
7025.57556 201.00313 6.70868 6.50707 775.88739
7024.74357 199.99668 6.67509 6.47449 774.06436
7024.67929 199.91343 6.67233 6.47180 774.07772
7023.95985 199.05979 6.64394 6.44416 773.50445
7023.55508 198.58595 6.62965 6.42882 771.67920
7022.96802 197.78224 6.60469 6.40280 770.51374
7022.55181 197.22772 6.58605 6.38485 770.18068
7022.22004 196.81207 6.57230 6.37140 769.49973
7021.48791 195.81273 6.53901 6.33905 768.90513
7021.70263 196.08329 6.54806 6.34780 769.31673
7020.82863 195.07874 6.51434 6.31528 766.63295
7020.65576 194.87607 6.50751 6.30872 766.14883
7019.90004 193.95587 6.47666 6.27893 764.38819
7019.49597 193.44629 6.45975 6.26244 763.62474
7019.01282 192.76874 6.43723 6.24050 763.47054
7018.58090 192.20872 6.41863 6.22237 762.83115
7018.25725 191.80998 6.40536 6.20946 762.11595
7017.49248 190.77567 6.37069 6.17598 761.60813
7017.69447 191.03021 6.37939 6.18422 761.91150
7016.83873 190.02909 6.34763 6.15181 758.67897
7016.54482 189.67598 6.33714 6.14038 757.44390
7015.90209 188.82101 6.30869 6.11270 757.90718
7015.55083 188.38271 6.29423 6.09851 757.85695
7015.03710 187.69554 6.27146 6.07627 757.35846
7014.48156 186.90483 6.24527 6.05067 757.27919
7014.61176 187.08265 6.25115 6.05643 757.35431
7013.75997 186.12216 6.21881 6.02533 754.63683
7013.51343 185.82261 6.20877 6.01564 754.06802
7012.74255 184.82500 6.17545 5.98334 753.00798
7012.53206 184.55918 6.16658 5.97473 752.64134
7011.97961 183.82423 6.14210 5.95094 752.12091
7011.66745 183.44416 6.12932 5.93864 751.42840
7011.25578 182.96045 6.11318 5.92298 750.28827
7010.65504 182.23593 6.08850 5.89952 749.03867
7010.40855 181.93670 6.07882 5.88984 748.31292
7009.64949 181.02349 6.05136 5.86027 745.35255
7009.42481 180.73514 6.04168 5.85094 745.04955
7008.68917 179.74878 6.00867 5.81901 744.52931
7008.61895 179.66298 6.00582 5.81623 744.38197
7007.97077 178.86517 5.97913 5.79040 743.12436
7007.64302 178.44868 5.96518 5.77692 742.50830
7007.20697 177.93602 5.94785 5.76032 741.46641
7006.62396 177.22985 5.92450 5.73746 741.37797
7006.32185 176.84675 5.91183 5.72506 741.44765
7005.60636 175.95768 5.88187 5.69628 740.07360
7005.29743 175.54863 5.86831 5.68304 739.81595
7004.65342 174.59331 5.83670 5.65211 740.57280
7004.63302 174.58276 5.83630 5.65177 740.35942
7004.04263 173.86652 5.81236 5.62858 739.09119
7003.74886 173.49006 5.79976 5.61639 738.74405
7003.49736 173.23714 5.79093 5.60821 737.65971
7002.81534 172.56109 5.76874 5.58632 733.99936
7002.20140 171.80970 5.74595 5.56200 731.84237
7001.60416 171.05383 5.72028 5.53753 731.10687
7001.40822 170.82209 5.71249 5.53002 730.63891
7000.59662 169.79418 5.67828 5.49675 729.49204
7000.76368 169.99307 5.68501 5.50319 729.87628
6999.89212 169.01334 5.65173 5.47147 727.20951
6999.60881 168.68577 5.64073 5.46086 726.45505
6998.88156 167.76812 5.60985 5.43116 725.24755
6998.48385 167.24660 5.59257 5.41427 725.54181
6998.06456 166.66839 5.57357 5.39556 726.64109
6997.58386 166.03417 5.55245 5.37502 726.77205
6997.56953 166.03152 5.55231 5.37494 726.55833
6996.77877 165.15935 5.52274 5.34670 723.78788
6996.50718 164.83984 5.51183 5.33636 723.25231
6995.69365 163.84129 5.48013 5.30403 721.10522
6995.60963 163.74586 5.47733 5.30094 720.68557
6994.85654 162.80485 5.44673 5.27048 719.27313
6994.83019 162.76135 5.44528 5.26907 719.38399
6994.20942 162.12173 5.42335 5.24837 716.78837
6993.74576 161.62503 5.40655 5.23229 715.09995
6993.13000 160.90149 5.38206 5.20886 713.70467
6992.66910 160.36336 5.36384 5.19144 712.62627
6992.24168 159.84362 5.34640 5.17462 711.88991
6991.66864 159.15643 5.32317 5.15237 710.79455
6991.34891 158.77868 5.31043 5.14014 710.12072
6990.57322 157.79361 5.27744 5.10825 709.44630
6990.58060 157.80498 5.27782 5.10862 709.42682
6989.78192 156.82448 5.24484 5.07688 708.14397
6989.71720 156.75777 5.24256 5.07472 707.86615
6988.98573 155.90725 5.21416 5.04719 707.45965
6988.64828 155.52054 5.20095 5.03467 707.42402
6988.04860 154.77890 5.17747 5.01066 705.97715
6987.69391 154.34015 5.16449 4.99645 704.69267
6987.32755 153.93637 5.15102 4.98338 703.46807
6986.74043 153.26090 5.12786 4.96152 702.25862
6986.51271 153.00785 5.11936 4.95332 701.56916
6985.83168 152.27438 5.09433 4.92958 699.26793
6985.62758 152.05494 5.08685 4.92247 698.58397
6984.84197 151.22811 5.05864 4.89571 695.69711
6984.48439 150.82099 5.04479 4.88253 694.80714
6983.64405 149.80646 5.01056 4.84968 693.58838
6983.64119 149.80366 5.01047 4.84959 693.57534
6982.84355 148.84126 4.97798 4.81844 692.43117
6982.72978 148.72888 4.97410 4.81480 691.91279
6981.99067 147.86686 4.94504 4.78689 690.47299
6981.68706 147.51918 4.93325 4.77564 689.73866
6981.09082 146.81073 4.90905 4.75270 688.87900
6980.75859 146.40854 4.89647 4.73968 688.61957
6980.41613 146.05177 4.88594 4.72813 687.50582
6979.81345 145.42457 4.86563 4.70783 685.36573
6979.34601 144.88887 4.84724 4.69049 684.32315
6978.74197 144.20630 4.82413 4.66839 682.90121
6978.38157 143.79315 4.81009 4.65502 682.16184
6977.66383 142.91966 4.78061 4.62674 681.43852
6977.81805 143.09767 4.78666 4.63250 681.72860
6976.92454 142.19536 4.75561 4.60329 678.07250
6976.77891 142.04011 4.75030 4.59826 677.60163
6975.88428 141.11228 4.71853 4.56823 674.34311
6975.51316 140.69236 4.70425 4.55463 673.50142
6974.73510 139.70619 4.67105 4.52271 673.45663
6974.76620 139.75441 4.67265 4.52427 673.32082
6974.01402 138.91215 4.64396 4.49700 671.59739
6973.83803 138.72320 4.63752 4.49089 671.05856
6973.13581 137.97501 4.61182 4.46666 668.93702
6972.82379 137.63810 4.60015 4.45576 668.17110
6972.19866 136.96551 4.57905 4.43398 665.10688
6971.78560 136.52357 4.56555 4.41968 663.24094
6971.23710 135.90688 4.54469 4.39971 663.59460
6970.82514 135.46135 4.52949 4.38529 663.17498
6970.35509 134.95873 4.51238 4.36902 661.59915
6969.84911 134.41494 4.49374 4.35141 660.12198
6969.44454 133.99318 4.47931 4.33776 658.81438
6968.83362 133.34901 4.45719 4.31691 656.88434
6968.40534 132.88035 4.44114 4.30174 655.81756
6967.79125 132.18945 4.41762 4.27937 654.64532
6967.58877 131.98340 4.41050 4.27270 653.89655
6966.84280 131.19488 4.38347 4.24717 651.63973
6966.65113 130.98622 4.37635 4.24042 651.16434
6965.87250 130.18000 4.34858 4.21432 648.55175
6965.61510 129.90186 4.33908 4.20531 647.86692
6964.79581 129.00478 4.30820 4.17627 646.10363
6964.74169 128.94690 4.30630 4.17440 645.90732
6963.84270 127.99109 4.27671 4.14346 641.41601
6963.87755 128.02687 4.27790 4.14461 641.57637
6962.92135 127.05718 4.24448 4.11322 639.28811
6962.76286 126.89058 4.23883 4.10783 639.30198
6961.84960 125.89125 4.20470 4.07548 637.93713
6961.89772 125.94485 4.20653 4.07721 638.05127
6960.97372 124.99329 4.17371 4.04641 634.96921
6960.88400 124.90305 4.17060 4.04349 634.64095
6959.97551 123.95870 4.13801 4.01291 631.83082
6960.14349 124.10804 4.14327 4.01775 632.79304
6959.18251 123.26676 4.11360 3.99051 627.04687
6958.65433 122.72848 4.09499 3.97309 625.24577
6957.83813 121.76269 4.06206 3.94182 624.89967
6957.94257 121.88525 4.06624 3.94579 624.96291
6957.06692 121.00865 4.03574 3.91741 621.73959
6956.89764 120.83037 4.02961 3.91164 621.24813
6956.07789 119.99291 4.00021 3.88453 618.79401
6955.92718 119.84456 3.99511 3.87973 618.13502
6955.09500 119.00051 3.96882 3.85240 613.49636
6954.94329 118.85157 3.96404 3.84758 612.62541
6954.09940 118.00474 3.93428 3.82017 609.66596
6953.95251 117.85635 3.92917 3.81536 609.53391
6953.10244 117.01308 3.90015 3.78806 608.40980
6952.94889 116.85543 3.89462 3.78296 607.93487
6952.11324 116.02725 3.86563 3.75615 604.56246
6951.93110 115.85065 3.85945 3.75043 603.83926
6951.05637 114.96387 3.82832 3.72173 600.96294
6950.93665 114.83568 3.82387 3.71758 600.70904
6950.11857 114.02335 3.79537 3.69128 597.70350
6950.08719 113.99597 3.79440 3.69039 597.51175
6949.14770 113.13169 3.76372 3.66241 592.69630
6948.97921 112.97122 3.75804 3.65722 591.94462
6948.01374 112.02510 3.72471 3.62659 588.12540
6947.93620 111.94984 3.72203 3.62415 587.81243
6946.96651 110.97599 3.68836 3.59263 583.94304
6947.05766 111.06339 3.69107 3.59546 584.59663
6946.05629 110.12783 3.66085 3.56517 577.57301
6945.92840 110.00317 3.65635 3.56113 577.03713
6944.96727 109.05594 3.62271 3.53047 575.78037
6944.94840 109.03846 3.62209 3.52990 575.73725
6944.00303 108.12644 3.58956 3.50038 572.00785
6943.99622 108.11819 3.58927 3.50011 572.01236
6943.09521 107.29495 3.55960 3.47346 567.28149
6942.93278 107.14349 3.55416 3.46856 566.46788
6942.16588 106.45634 3.52929 3.44631 562.01619
6941.73429 106.08461 3.51572 3.43428 559.22928
6940.92503 105.29747 3.48734 3.40880 555.81623
6940.62358 104.97161 3.47569 3.39825 555.27232
6940.03442 104.41186 3.45539 3.38013 552.51286
6939.69748 104.09620 3.44393 3.36991 550.86440
6939.08151 103.53485 3.42344 3.35173 547.39860
6938.55198 103.03903 3.40542 3.33568 544.70063
6938.04228 102.54817 3.38737 3.31979 542.54041
6937.56608 102.10929 3.37127 3.30558 540.02444
6937.10033 101.69266 3.35718 3.29210 536.23638
6936.44260 101.08425 3.33724 3.27240 531.05036
6936.15199 100.81844 3.32757 3.26380 530.24582
6935.37958 100.14257 3.30246 3.24192 527.26733
6935.07209 99.85922 3.29209 3.23274 525.44803
6934.21669 99.06733 3.26283 3.20711 520.46724
6934.06447 98.92679 3.25762 3.20256 519.63250
6933.12964 98.05684 3.22533 3.17439 514.36488
6933.40563 98.28769 3.23400 3.18187 516.51272
6932.36080 97.48585 3.20373 3.15591 506.66794
6931.80919 96.99298 3.18531 3.13995 503.01512
6930.98768 96.19678 3.15573 3.11418 498.85699
6930.87803 96.08698 3.15164 3.11062 498.38024
6930.14688 95.43666 3.12718 3.08957 493.27135
6929.80687 95.13617 3.11593 3.07984 490.75958
6929.15364 94.56364 3.09452 3.06131 485.89469
6928.68109 94.14036 3.07827 3.04761 482.59888
6928.18969 93.72071 3.06226 3.03402 478.52995
6927.48037 93.09821 3.04102 3.01387 473.20538
6927.15226 92.79298 3.03084 3.00399 471.31847
6926.40372 92.14553 3.00708 2.98303 464.94058
6926.24003 92.00155 3.00151 2.97837 463.60739
6925.27937 91.19724 2.97108 2.95233 454.83013
6925.41578 91.30566 2.97505 2.95584 456.24320
6924.38817 90.51702 2.94579 2.93031 445.06104
6924.03500 90.22673 2.93506 2.92091 441.64535
6923.26276 89.59620 2.91223 2.90050 433.76663
6922.70581 89.11758 2.89516 2.88500 428.55331
6922.16107 88.63363 2.87822 2.86934 423.72698
6921.57630 88.12432 2.86058 2.85285 418.27145
6921.01078 87.62633 2.84434 2.83673 412.88390
6920.33771 86.94991 2.82290 2.81483 408.13261
6920.33349 86.94633 2.82279 2.81471 408.08988
6919.45568 86.26841 2.80221 2.79277 397.60950
6919.09811 85.95632 2.79331 2.78266 393.85308
6918.10352 85.05576 2.77147 2.75351 386.34580
6918.33806 85.25356 2.77710 2.75991 387.89909
6917.27642 84.41079 2.74314 2.73263 377.12919
6916.89939 84.06159 2.72834 2.72133 372.73665
6916.13119 83.39171 2.72384 2.69964 363.47355
6915.67903 82.97045 2.70642 2.68600 359.13624
6915.03519 82.36201 2.66017 2.66631 353.13704
6914.39266 81.74810 2.62479 2.64643 347.08995
6913.61532 80.85055 2.63845 2.61737 342.08179
6913.00411 80.03707 2.51292 2.59104 339.37244
6912.30097 78.87797 2.36940 2.55352 339.21129
6912.10078 78.52498 2.37043 2.54209 339.48882
6911.67611 77.77073 2.35258 2.51767 339.94227
6911.11172 76.77195 2.33011 2.48534 340.51561
6911.02002 76.60460 2.32603 2.47992 340.69230
6910.58171 75.75227 2.30469 2.45233 342.02843
6910.22901 75.18675 2.29295 2.43402 340.64915
6910.03800 74.90214 2.28660 2.42481 340.30366
6909.48280 73.96173 2.26240 2.39436 342.85231
6909.80169 74.36103 2.27215 2.40729 343.38455
6909.33760 73.92275 2.26230 2.39310 340.35089
6909.27059 73.85519 2.26083 2.39091 339.85349
6908.43965 73.19441 2.24818 2.36952 330.57587
6908.47427 73.21556 2.24852 2.37021 331.01318
6907.51333 72.50995 2.23571 2.34736 321.17625
6907.14251 72.24440 2.23103 2.33877 317.48391
6906.31746 71.58899 2.21885 2.31755 310.70009
6905.75282 71.12530 2.21012 2.30254 306.44817
6905.15581 70.62174 2.20041 2.28624 302.34157
6904.40357 69.94080 2.18702 2.26419 297.78908
6904.06551 69.61231 2.18018 2.25356 296.01875
6903.32394 68.94600 2.16689 2.23199 291.68341
6903.02202 68.64870 2.16070 2.22236 290.19032
6902.23968 67.92336 2.14550 2.19888 285.95603
6902.02957 67.72264 2.14124 2.19239 284.87864
6901.16549 66.91442 2.12364 2.16622 280.36427
6901.03315 66.79023 2.12087 2.16220 279.73882
6900.08339 65.90029 2.10332 2.13339 275.38865
6900.02001 65.83663 2.10203 2.13133 275.07668
6899.02724 64.90357 2.08062 2.10112 269.93019
6898.96693 64.84625 2.07926 2.09927 269.63720
6897.97724 63.88709 2.05634 2.06822 264.96322
6898.08301 63.98675 2.05876 2.07144 265.47788
6897.11526 63.12584 2.03789 2.04357 260.38014
6896.86518 62.89480 2.03212 2.03609 259.12964
6896.02167 62.10252 2.01203 2.01044 255.10841
6895.57385 61.66573 2.00061 1.99630 253.07654
6894.76620 60.77907 1.97666 1.96760 249.96941
6894.85170 60.86260 1.97891 1.97030 250.36465
6894.05133 60.11495 1.95873 1.94610 246.58208
6893.95453 60.02751 1.95637 1.94327 246.11419
6893.21275 59.39931 1.93948 1.92293 242.34273
6892.84940 59.08894 1.93105 1.91289 240.49345
6892.33982 58.67964 1.91972 1.89964 238.09858
6891.61568 58.11075 1.90402 1.88122 235.14484
6891.16568 57.72467 1.89460 1.86872 232.81047
6890.34484 57.00926 1.87651 1.84556 228.70860
6890.20517 56.89683 1.87330 1.84192 228.05545
6889.19205 56.02775 1.84821 1.81379 223.49518
6889.31878 56.13244 1.85117 1.81718 224.07921
6888.26972 55.29851 1.82728 1.79018 219.21294
6887.61759 54.69312 1.80930 1.77058 216.50863
6886.83582 53.86452 1.78430 1.74376 213.56263
6886.74657 53.78105 1.78177 1.74105 213.19474
6885.94804 52.99834 1.75782 1.71572 210.00305
6885.64164 52.69819 1.74854 1.70600 208.77666
6884.82795 51.85266 1.72202 1.67863 205.62003
6884.51628 51.51489 1.71137 1.66769 204.45534
6883.70107 50.58497 1.68164 1.63759 201.35952
6883.87939 50.77592 1.68776 1.64377 202.07668
6882.97688 49.89697 1.65961 1.61531 198.66904
6883.32788 50.19332 1.66909 1.62491 199.93922
6882.46877 49.56304 1.64888 1.60450 196.72270
6882.14265 49.31243 1.64048 1.59639 195.37598
6881.75759 49.07598 1.63292 1.58874 193.59594
6880.74235 48.42462 1.61440 1.56765 189.12777
6880.62849 48.35115 1.61247 1.56527 188.63726
6879.57309 47.64802 1.59122 1.54251 184.33261
6878.91510 47.14751 1.57479 1.52631 181.81612
6878.28960 46.66722 1.55943 1.51076 179.44379
6877.48510 45.98767 1.53735 1.48876 176.47898
6877.12430 45.67820 1.52726 1.47874 175.15304
6876.19627 44.84581 1.49996 1.45179 171.78407
6875.86020 44.50351 1.48864 1.44071 170.57454
6875.01225 43.64158 1.45996 1.41281 167.46393
6874.75264 43.35475 1.45038 1.40352 166.54065
6874.10970 42.65543 1.42693 1.38088 164.44891
6874.25591 42.80798 1.43206 1.38582 164.92247
6873.30812 42.03119 1.40570 1.36068 161.62073
6873.74675 42.34832 1.41653 1.37094 163.21208
6872.73487 41.70527 1.39472 1.35012 159.66661
6872.06596 41.26476 1.37988 1.33586 157.41752
6871.52429 40.86944 1.36613 1.32307 155.58671
6870.64358 40.24564 1.34579 1.30287 152.69487
6870.73323 40.31073 1.34777 1.30498 152.98296
6869.66766 39.62236 1.32745 1.28269 149.70190
6869.27572 39.34187 1.31828 1.27361 148.48621
6868.82761 39.07606 1.30908 1.26501 147.15325
6867.79510 38.43853 1.28715 1.24437 144.13465
6867.52749 38.26153 1.28117 1.23864 143.35579
6866.62738 37.64154 1.26012 1.21857 140.72933
6866.15908 37.33192 1.24957 1.20855 139.38801
6865.69827 37.03961 1.23955 1.19908 138.11210
6864.66846 36.35732 1.21633 1.17700 135.44580
6864.85196 36.46599 1.22004 1.18051 135.90505
6863.86171 35.90304 1.20080 1.16229 133.40225
6862.92986 35.30935 1.18055 1.14307 130.97802
6862.87677 35.25545 1.17870 1.14132 130.79885
6861.86129 34.67949 1.15898 1.12268 128.37262
6861.33598 34.32874 1.14698 1.11132 127.02168
6860.77314 33.98114 1.13516 1.10007 125.65771
6859.77203 33.34723 1.11340 1.07955 123.22633
6859.97769 33.47044 1.11764 1.08354 123.70383
6858.82546 32.81806 1.09523 1.06242 121.15337
6857.84338 32.15035 1.07245 1.04080 118.74694
6857.23501 31.66320 1.05537 1.02503 117.04053
6856.39436 30.95853 1.03216 1.00222 114.76695
6856.70097 31.17569 1.03888 1.00925 115.45145
6855.81437 30.61876 1.02208 0.99122 113.65200
6855.70254 30.54965 1.02004 0.98898 113.42596
6855.57040 30.48121 1.01795 0.98677 113.18830
6854.59420 30.13099 1.00610 0.97543 111.81713
6853.62701 29.71368 0.99131 0.96192 110.24473
6853.81559 29.79176 0.99410 0.96445 110.54171
6852.59327 29.36852 0.97923 0.95075 108.95706
6851.28995 28.79028 0.95938 0.93203 106.98990
6850.44663 28.32393 0.94335 0.91693 105.43872
6849.61526 27.77094 0.92435 0.89903 103.61965
6848.75224 27.17403 0.90384 0.87970 101.66193
6848.44798 26.94261 0.89588 0.87221 100.90243
6847.48454 26.23531 0.87151 0.84932 98.56607
6847.99727 26.54111 0.88208 0.85922 99.56986
6847.35763 26.23111 0.87134 0.84918 98.56195
6846.43879 25.83887 0.85770 0.83648 97.32255
6846.24303 25.74612 0.85448 0.83348 97.02886
6845.62486 25.52495 0.84681 0.82632 96.35191
6844.34365 25.00383 0.82874 0.80945 94.77362
6843.21526 24.40711 0.80811 0.79013 92.91398
6842.59355 23.99819 0.79405 0.77689 91.59337
6841.60480 23.31902 0.77053 0.75491 89.37701
6841.90670 23.49344 0.77670 0.76055 89.94009
6841.13442 23.10212 0.76277 0.74789 88.69372
6840.11565 22.57255 0.74507 0.73074 87.10615
6840.56042 22.76133 0.75115 0.73685 87.61494
6839.69906 22.45774 0.74170 0.72702 86.89777
6838.45895 21.98359 0.72730 0.71167 85.72709
6837.46245 21.49263 0.71072 0.69578 84.27433
6837.18186 21.32727 0.70493 0.69043 83.73772
6836.18225 20.85322 0.68828 0.67508 82.26625
6835.58789 20.52985 0.67712 0.66461 81.24999
6835.53714 20.50858 0.67639 0.66392 81.18838
6834.60696 20.14891 0.66389 0.65228 80.16173
6833.59694 19.75514 0.65016 0.63953 79.02400
6833.86131 19.84239 0.65321 0.64236 79.25894
6832.88941 19.55201 0.64306 0.63296 78.51606
6831.58106 19.09983 0.62737 0.61832 77.26853
6830.47998 18.60486 0.61030 0.60230 75.73315
6830.44370 18.58545 0.60963 0.60167 75.66854
6829.29857 18.09646 0.59279 0.58584 74.10093
6828.14090 17.50853 0.57254 0.56680 72.14504
6828.31892 17.59500 0.57552 0.56960 72.43129
6827.14865 17.05143 0.55678 0.55201 70.64788
6826.01343 16.42336 0.53511 0.53167 68.45267
6826.50061 16.65918 0.54328 0.53931 69.25402
6825.44203 16.22098 0.52805 0.52512 67.82226
6824.39102 15.75404 0.51183 0.51001 66.24591
6824.59069 15.81219 0.51387 0.51189 66.41607
6824.16495 15.70580 0.51013 0.50844 66.12639
6823.01959 15.41274 0.49988 0.49896 65.31126
6821.74517 14.99780 0.48549 0.48552 63.97908
6821.08924 14.73883 0.47658 0.47714 63.04711
6821.10229 14.74421 0.47676 0.47731 63.06674
6820.23519 14.52394 0.46921 0.47018 62.39305
6819.20909 14.28816 0.46106 0.46255 61.68426
6818.18631 14.01692 0.45166 0.45377 60.76660
6817.78803 13.92631 0.44849 0.45084 60.46426
6817.73435 13.90840 0.44786 0.45026 60.39606
6816.95713 13.82262 0.44513 0.44748 60.24884
6816.04058 13.75915 0.44325 0.44542 60.23698
6814.88424 13.66805 0.44074 0.44248 60.16178
6813.59110 13.49499 0.43584 0.43687 59.74455
6812.24069 13.22663 0.42879 0.42819 58.97212
6811.00664 12.88230 0.41948 0.41704 57.81668
6810.55004 12.72782 0.41525 0.41204 57.27529
6809.43787 12.31178 0.40236 0.39857 55.54987
6808.12837 11.68604 0.38186 0.37831 52.71398
6807.37880 11.24678 0.36752 0.36409 50.70917
6806.55591 10.70647 0.34987 0.34660 48.21312
6805.59462 10.00896 0.32672 0.32402 44.96757
6804.98081 9.48284 0.30919 0.30699 42.50947
6804.09574 8.63869 0.28091 0.27966 38.57785
0.00000 0.00000 0.00000 0.00000 0.00000
