7039.51976 239.24216 7.95926 7.74499 900.15757
7039.31914 238.99582 7.95208 7.73701 899.76808
7038.51926 238.00109 7.91572 7.70481 898.34392
7038.51212 237.99163 7.91547 7.70450 898.33657
7037.77363 236.98745 7.88441 7.67199 897.85656
7037.51876 236.66881 7.87323 7.66168 897.36308
7037.01021 235.98326 7.84955 7.63949 897.00245
7036.51826 235.33266 7.83105 7.61842 896.45255
7036.23822 234.97908 7.82031 7.60698 896.07860
7035.56426 233.97490 7.78432 7.57447 895.85596
7035.51776 233.90312 7.78289 7.57215 895.79412
7034.82714 232.97071 7.75573 7.54196 894.93304
7034.51726 232.59701 7.73990 7.52986 894.20542
7034.00513 231.96653 7.72336 7.50945 893.36156
7033.51676 231.40540 7.70548 7.49129 892.95097
7033.17410 230.96234 7.68809 7.47694 892.90031
7032.51626 229.98557 7.65416 7.44532 893.15960
7032.49433 229.95816 7.65345 7.44444 893.11789
7031.70733 228.95397 7.62113 7.41193 891.94812
7031.51576 228.71537 7.61179 7.40420 891.60280
7030.92813 227.94979 7.59205 7.37942 890.86872
7030.51526 227.46249 7.57597 7.36364 889.85825
7030.14143 226.94561 7.55353 7.34691 889.70397
7029.51476 225.96352 7.52214 7.31512 890.71938
7029.49610 225.94142 7.52153 7.31440 890.66187
7028.75360 224.93724 7.49126 7.28189 888.88740
7028.51426 224.63700 7.48125 7.27217 888.49650
7027.91484 223.93305 7.46278 7.24938 886.98942
7027.51376 223.46704 7.44755 7.23430 885.87853
7027.14072 222.92887 7.42585 7.21688 886.00725
7026.51326 222.02260 7.40043 7.18754 886.14439
7026.43532 221.92469 7.39689 7.18437 886.00597
7025.71852 220.92050 7.35840 7.15186 885.83563
7025.51276 220.63423 7.35060 7.14259 885.74033
7024.89929 219.91632 7.32785 7.11935 884.16547
7024.51226 219.45774 7.31134 7.10451 883.83986
7024.08451 218.91213 7.29259 7.08684 884.01996
7023.51176 218.19844 7.27279 7.06374 883.02414
7023.28268 217.90795 7.26255 7.05433 882.56092
7022.52592 216.90377 7.22853 7.02183 881.98675
7022.51126 216.88242 7.22797 7.02113 881.98502
7021.84333 215.89958 7.19777 6.98932 881.19770
7021.51076 215.44689 7.18110 6.97466 880.93171
7021.07005 214.89540 7.16705 6.95681 880.22889
7020.51026 214.21354 7.14339 6.93474 878.96151
7020.27411 213.89121 7.13121 6.92430 878.85321
7019.55539 212.88703 7.09957 6.89179 878.76925
7019.50975 212.83082 7.09810 6.88997 878.68291
7018.83969 211.88285 7.06299 6.85928 878.65437
7018.50925 211.39883 7.04619 6.84361 878.85742
7018.05545 210.87866 7.03669 6.82677 877.54639
7017.50875 210.22745 7.01011 6.80569 876.28674
7017.24050 209.87448 6.99813 6.79427 875.97535
7016.50825 208.94986 6.97179 6.76433 874.59950
7016.44308 208.87029 6.96850 6.76176 874.54248
7015.73646 207.86611 6.93214 6.72925 875.64143
7015.50775 207.54176 6.92337 6.71875 875.43594
7014.96620 206.86192 6.90446 6.69674 874.22376
7014.50725 206.28113 6.88196 6.67794 873.52003
7014.17945 205.85774 6.86792 6.66423 873.17183
7013.50675 205.04902 6.84813 6.63805 871.62770
7013.35944 204.85356 6.83879 6.63172 871.47113
7012.66418 203.84937 6.80439 6.59922 871.78435
7012.50625 203.63135 6.79882 6.59216 871.75067
7011.89068 202.84519 6.76833 6.56671 870.94894
7011.50575 202.33075 6.75197 6.55005 870.67182
7011.10504 201.84100 6.73766 6.53420 869.84251
7010.50525 201.09252 6.71373 6.50997 868.78748
7010.31560 200.83682 6.70329 6.50169 868.68195
7009.58105 199.83264 6.67418 6.46918 868.48404
7009.50475 199.73462 6.67182 6.46601 868.40993
7008.85180 198.82845 6.63474 6.43667 868.13175
7008.50425 198.30904 6.62303 6.41986 867.64565
7008.14270 197.82427 6.61113 6.40417 867.25583
7007.50375 197.00605 6.57827 6.37768 866.42343
7007.33492 196.82008 6.57318 6.37166 865.88161
7006.50325 195.92823 6.54672 6.34278 864.37969
7006.41621 195.81590 6.54258 6.33915 864.44567
7005.66401 194.81172 6.50616 6.30664 863.95631
7005.50275 194.61354 6.50070 6.30022 863.62782
7004.89044 193.80753 6.47770 6.27413 863.21100
7004.50225 193.28448 6.45447 6.25720 863.05631
7004.09190 192.80335 6.44264 6.24162 862.03366
7003.50175 192.08685 6.42033 6.21843 860.85911
7003.29242 191.79916 6.40771 6.20911 860.83391
7002.54172 190.79498 6.37826 6.17661 860.58506
7002.50125 190.74249 6.37632 6.17491 860.54616
7001.86637 189.79079 6.34316 6.14410 860.28820
7001.50075 189.26876 6.32527 6.12720 860.31791
7001.07591 188.78661 6.31319 6.11159 859.21558
7000.50025 188.11281 6.29134 6.08978 857.80828
7000.23908 187.78243 6.27685 6.07908 857.46860
6999.49975 186.85930 6.25466 6.04920 856.41585
6999.43742 186.77824 6.25204 6.04657 856.35321
6998.69127 185.77406 6.21061 6.01406 856.19772
6998.49925 185.52108 6.20488 6.00587 856.39527
6997.84272 184.76987 6.17894 5.98156 855.99616
6997.49875 184.37591 6.16304 5.96880 855.19682
6997.00972 183.76569 6.14635 5.94905 854.27065
6996.49825 183.15144 6.12782 5.92916 853.35618
6996.19270 182.76151 6.11352 5.91654 853.05733
6995.49775 181.79215 6.08093 5.88516 853.07570
6995.47022 181.75732 6.08045 5.88403 852.97852
6994.74010 180.75314 6.04855 5.85152 852.18973
6994.49725 180.45550 6.03552 5.84189 851.95031
6993.91551 179.74895 6.02135 5.81901 850.91647
6993.49675 179.23439 5.99963 5.80235 850.24802
6993.10342 178.74477 5.98065 5.78650 849.75905
6992.49625 177.97890 5.96049 5.76171 849.10984
6992.31058 177.74059 5.95124 5.75400 848.95727
6991.54788 176.73640 5.91434 5.72149 848.78291
6991.49575 176.67191 5.91237 5.71940 848.70893
6990.73422 175.73222 5.88502 5.68898 847.70988
6990.49525 175.43824 5.87244 5.67946 847.42513
6989.86460 174.72803 5.85052 5.65647 845.47297
6989.49475 174.30562 5.84214 5.64280 844.64000
6989.00983 173.72385 5.81545 5.62396 844.92314
6988.49425 173.12720 5.79605 5.60465 844.71976
6988.16774 172.71967 5.78978 5.59145 844.07893
6987.49375 171.73746 5.75045 5.55966 843.79884
6987.47616 171.71548 5.74977 5.55895 843.78179
6986.62834 170.71130 5.72148 5.52644 842.34874
6986.49325 170.55767 5.71506 5.52146 841.99490
6985.81476 169.70711 5.68472 5.49393 841.42498
6985.49275 169.32086 5.67382 5.48142 840.90413
6985.00672 168.70293 5.65524 5.46142 840.64502
6984.49225 168.03249 5.62671 5.43972 840.66669
6984.19627 167.69874 5.61835 5.42891 839.89642
6983.49175 166.88405 5.59387 5.40254 838.37964
6983.33681 166.69456 5.58410 5.39640 838.21950
6982.50847 165.69038 5.55939 5.36389 837.09731
6982.49125 165.67029 5.55884 5.36324 837.06239
6981.72598 164.68619 5.51549 5.33139 837.15630
6981.49075 164.36193 5.50805 5.32089 837.22421
6980.92675 163.68201 5.49018 5.29888 835.45556
6980.49025 163.19485 5.47143 5.28311 835.01915
6980.03878 162.67782 5.45402 5.26637 835.05588
6979.48974 162.07923 5.43676 5.24699 833.23767
6979.15453 161.67364 5.42240 5.23386 832.82126
6978.48924 160.84394 5.39246 5.20700 832.49242
6978.34203 160.66946 5.38807 5.20135 832.27272
6977.50622 159.66527 5.35258 5.16884 831.31765
6977.48874 159.64523 5.35163 5.16820 831.27959
6976.64668 158.66109 5.32807 5.13634 829.89247
6976.48824 158.47737 5.32059 5.13039 829.62075
6975.79399 157.65690 5.28562 5.10383 828.69029
6975.48774 157.29172 5.28056 5.09200 828.33142
6974.97947 156.65272 5.25356 5.07132 828.28614
6974.48724 156.05945 5.23241 5.05211 827.75720
6974.12662 155.64854 5.22245 5.03881 827.18352
6973.48674 154.86034 5.19360 5.01329 826.36048
6973.30417 154.64435 5.18710 5.00630 825.61983
6972.48624 153.65409 5.15746 4.97424 824.40674
6972.47475 153.64017 5.15697 4.97379 824.40077
6971.62991 152.63598 5.11969 4.94128 823.94700
6971.48574 152.47757 5.11428 4.93616 824.00654
6970.71858 151.63180 5.09248 4.90878 823.66520
6970.48524 151.36508 5.08023 4.90014 823.20339
6969.83586 150.62762 5.05464 4.87627 821.97260
6969.48474 150.23361 5.04772 4.86351 821.25739
6968.96304 149.62343 5.01807 4.84376 820.69788
6968.48424 149.07743 5.00380 4.82608 819.92560
6968.09613 148.61925 4.99327 4.81125 819.63258
6967.48374 147.90259 4.95974 4.78805 818.99278
6967.21708 147.61506 4.95245 4.77874 818.27302
6966.48324 146.79273 4.92498 4.75212 817.14732
6966.32433 146.61088 4.91743 4.74623 816.80165
6965.52391 145.60669 4.89059 4.71373 815.42373
6965.48274 145.56336 4.88920 4.71232 815.29913
6964.67261 144.60251 4.85310 4.68122 815.02226
6964.48224 144.37379 4.84548 4.67381 815.00418
6963.80219 143.59833 4.82188 4.64871 813.98164
6963.48174 143.24082 4.80898 4.63714 813.44201
6962.82149 142.59414 4.78496 4.61620 812.22710
6962.48124 142.27148 4.77650 4.60575 811.52574
6961.88359 141.58996 4.75304 4.58369 810.89426
6961.48074 141.12671 4.73360 4.56870 810.48825
6960.99767 140.58577 4.72283 4.55118 809.82109
6960.48024 139.99183 4.69753 4.53196 809.40241
6960.11494 139.58159 4.68096 4.51867 808.90622
6959.47974 138.88788 4.66558 4.49622 807.80387
6959.19265 138.57741 4.65096 4.48617 807.20586
6958.47924 137.81240 4.62510 4.46140 805.91961
6958.26094 137.57322 4.61980 4.45366 805.57466
6957.47874 136.57305 4.58271 4.42128 804.85056
6957.47543 136.56904 4.58259 4.42115 804.84785
6956.55912 135.56485 4.55105 4.38864 803.61726
6956.47824 135.47802 4.54768 4.38583 803.45925
6955.60182 134.56067 4.51675 4.35613 801.27124
6955.47774 134.42915 4.51252 4.35188 801.02809
6954.71751 133.55649 4.48063 4.32362 800.75526
6954.47724 133.28256 4.47092 4.31476 800.51370
6953.77195 132.55230 4.44791 4.29112 799.88758
6953.47674 132.25962 4.43833 4.28164 799.82502
6952.78456 131.54812 4.41084 4.25861 798.57306
6952.47624 131.23526 4.40189 4.24848 797.56273
6951.82442 130.54393 4.37817 4.22610 796.52137
6951.47574 130.17334 4.36332 4.21410 795.84713
6950.89998 129.53975 4.34524 4.19359 795.34400
6950.47524 129.05204 4.32734 4.17780 795.50716
6950.00265 128.53556 4.30868 4.16108 793.93562
6949.47474 127.95901 4.29445 4.14242 792.13696
6949.09631 127.53138 4.27873 4.12857 792.21192
6948.47424 126.86765 4.25394 4.10709 791.46088
6948.15464 126.52720 4.24629 4.09606 791.00041
6947.47374 125.79424 4.21648 4.07234 790.22583
6947.21335 125.52301 4.20686 4.06356 789.74276
6946.47324 124.75497 4.18424 4.03869 788.48378
6946.24767 124.51883 4.17418 4.03105 788.02499
6945.47274 123.74204 4.14866 4.00590 786.43994
6945.22797 123.51464 4.14150 3.99854 786.25027
6944.47224 122.78973 4.11242 3.97507 785.13335
6944.20937 122.51046 4.10413 3.96603 784.68052
6943.47174 121.72237 4.07764 3.94052 783.96187
6943.26189 121.50628 4.06917 3.93352 783.65583
6942.47124 120.71420 4.04375 3.90788 781.73249
6942.26584 120.50209 4.03604 3.90101 781.41719
6941.47074 119.66724 4.00516 3.87399 780.51939
6941.31153 119.49791 4.00005 3.86851 779.99668
6940.47024 118.52358 3.96920 3.83696 779.28635
6940.44281 118.49372 3.96812 3.83600 779.29164
6939.46973 117.55421 3.93525 3.80558 776.65252
6939.40532 117.48954 3.93307 3.80349 776.50988
6938.46923 116.53707 3.89874 3.77265 775.05789
6938.41736 116.48536 3.89683 3.77098 774.94890
6937.46873 115.50253 3.86367 3.73916 773.94833
6937.44808 115.48117 3.86293 3.73847 773.92766
6936.46823 114.48975 3.82802 3.70638 772.34939
6936.45365 114.47699 3.82758 3.70596 772.30231
6935.46773 113.66613 3.79734 3.67971 769.17831
6935.27737 113.47280 3.79058 3.67346 768.98219
6934.46723 112.63181 3.76266 3.64623 768.18568
6934.30458 112.46862 3.75627 3.64095 767.91938
6933.46673 111.62864 3.72711 3.61375 766.91067
6933.29693 111.46444 3.72133 3.60844 766.56204
6932.46623 110.61619 3.69175 3.58098 763.66548
6932.32321 110.46025 3.68728 3.57593 763.30031
6931.46573 109.61473 3.65872 3.54856 761.75184
6931.30665 109.45607 3.65201 3.54342 761.56660
6930.46523 108.61168 3.62374 3.51609 760.57978
6930.30116 108.45188 3.61801 3.51091 760.28596
6929.46473 107.64524 3.58811 3.48480 758.54540
6929.25885 107.44770 3.58203 3.47840 758.11210
6928.46423 106.71777 3.55521 3.45477 755.41238
6928.16358 106.44351 3.54518 3.44590 754.22349
6927.46373 105.78135 3.52272 3.42446 754.53808
6927.09562 105.43933 3.50983 3.41339 754.75720
6926.46323 104.85803 3.48872 3.39457 752.85902
6926.02596 104.43515 3.47463 3.38088 752.02485
6925.46273 103.91332 3.45401 3.36399 750.57454
6924.94227 103.43096 3.43726 3.34837 749.12005
6924.46223 102.97958 3.42155 3.33376 747.95724
6923.87097 102.42678 3.39962 3.31586 746.82338
6923.46173 101.99668 3.38514 3.30194 747.12187
6922.90736 101.42259 3.36701 3.28335 745.10760
6922.46123 101.01256 3.35218 3.27008 742.99147
6921.82924 100.41841 3.33094 3.25085 741.94516
6921.46073 100.07701 3.31806 3.23979 741.06415
6920.73162 99.41423 3.29302 3.21834 738.84030
6920.46023 99.15810 3.28398 3.21005 738.34786
6919.67035 98.41004 3.25553 3.18583 737.15265
6919.45973 98.21405 3.24817 3.17948 736.65805
6918.51143 97.40586 3.21810 3.15332 732.86377
6918.45923 97.36104 3.21637 3.15187 732.86960
6917.45873 96.57413 3.18620 3.12639 728.60483
6917.27713 96.40167 3.17993 3.12081 728.12404
6916.45823 95.61415 3.14956 3.09532 727.31912
6916.22391 95.39749 3.14138 3.08830 726.85266
6915.45773 94.69413 3.11461 3.06553 724.94630
6915.11934 94.39331 3.10273 3.05579 723.78952
6914.45723 93.82382 3.08037 3.03736 721.31177
6913.98947 93.38912 3.06423 3.02329 719.69224
6913.45673 92.84379 3.04569 3.00563 717.73690
6912.98966 92.38494 3.02878 2.99078 716.94940
6912.45623 91.89740 3.00922 2.97499 716.06768
6911.83290 91.38075 2.98852 2.95827 712.45797
6911.45573 91.07289 2.97619 2.94830 710.11576
6910.66317 90.37657 2.94801 2.92576 706.79820
6910.45523 90.19428 2.94054 2.91986 705.99281
6909.45473 89.41977 2.90838 2.89479 701.71718
6909.40204 89.37238 2.90641 2.89325 701.76933
6908.45423 88.56269 2.87210 2.86704 696.88201
6908.23021 88.36820 2.86404 2.86074 695.89384
6907.45373 87.69340 2.83353 2.83890 692.32079
6907.06131 87.36402 2.81859 2.82824 689.89237
6906.45323 86.87807 2.79741 2.81250 684.93988
6905.87547 86.35983 2.77441 2.79573 682.65092
6905.45273 85.97214 2.75253 2.78318 681.36650
6904.68125 85.35565 2.72687 2.76322 674.43707
6904.45223 85.16271 2.72047 2.75697 672.75088
6903.54672 84.35146 2.67657 2.73071 668.46421
6903.45173 84.26343 2.67102 2.72786 667.80135
6902.45123 83.35694 2.63376 2.69851 657.62690
6902.44121 83.34728 2.63347 2.69820 657.59118
6901.45073 82.57241 2.60099 2.67312 645.59255
6901.16629 82.34310 2.58417 2.66569 642.16199
6900.45023 81.72884 2.53451 2.64581 639.10057
6900.03356 81.33891 2.51421 2.63318 638.65149
6899.44972 80.86778 2.48228 2.61793 630.17462
6898.85087 80.33473 2.43672 2.60068 623.80209
6898.44922 80.01141 2.40952 2.59021 617.48202
6897.68344 79.33054 2.35901 2.56817 607.20537
6897.44872 79.10524 2.34859 2.56087 604.45706
6896.70566 78.32636 2.32614 2.53566 596.23082
6896.44822 77.99231 2.31351 2.52485 595.16288
6895.93515 77.32218 2.28798 2.50315 590.89295
6895.44772 76.59468 2.26659 2.47960 587.15373
6895.25203 76.31799 2.25915 2.47064 584.44790
6894.71881 75.31381 2.22011 2.43813 580.33516
6894.44722 74.88239 2.20734 2.42417 574.37230
6894.14975 74.30962 2.19634 2.40563 571.53612
6893.65489 73.30544 2.16783 2.37312 566.30549
6893.44672 72.96886 2.15641 2.36222 561.80923
6893.03094 72.30126 2.13295 2.34061 552.54644
6892.44622 71.47588 2.12117 2.31389 538.93371
6892.25886 71.29707 2.11892 2.30810 534.28507
6891.44572 70.60457 2.10986 2.28568 513.47055
6891.07039 70.29289 2.10824 2.27559 502.72184
6890.44522 69.78761 2.10465 2.25923 486.52079
6889.78549 69.28870 2.09857 2.24308 470.58608
6889.44472 69.00533 2.09479 2.23391 463.30534
6888.45638 68.28452 2.08519 2.21057 442.47237
6888.44422 68.27356 2.08501 2.21022 442.26230
6887.44372 67.42576 2.07204 2.18277 425.15326
6887.27051 67.28033 2.06933 2.17807 422.36034
6886.44322 66.52937 2.05862 2.15376 410.26106
6886.15758 66.27615 2.05567 2.14556 405.83331
6885.44272 65.61808 2.04523 2.12425 395.49543
6885.06005 65.27197 2.04089 2.11305 390.65600
6884.44222 64.68934 2.02940 2.09419 383.39592
6883.98666 64.26778 2.02111 2.08054 377.95882
6883.44172 63.73248 2.01405 2.06321 371.91688
6882.87734 63.26360 2.00265 2.04803 366.24322
6882.44122 62.90041 1.99445 2.03628 362.14112
6881.75007 62.25941 1.98464 2.01552 354.74197
6881.44072 61.95899 1.97595 2.00580 351.63317
6880.69537 61.25523 1.96055 1.98302 344.25530
6880.44022 60.99492 1.95629 1.97459 341.90080
6879.69188 60.25105 1.93418 1.95051 334.99411
6879.43972 60.00234 1.92964 1.94246 332.70181
6878.66961 59.24686 1.91250 1.91800 325.76578
6878.43922 59.02184 1.90465 1.91071 323.71747
6877.61682 58.24268 1.88776 1.88549 316.46708
6877.43872 58.04106 1.88270 1.87896 315.03428
6876.70272 57.23849 1.85969 1.85298 308.71393
6876.43822 56.98878 1.85502 1.84490 306.43859
6875.59458 56.23431 1.83317 1.82047 299.29701
6875.43772 56.10359 1.82916 1.81624 297.89405
6874.43722 55.34137 1.81146 1.79157 289.59260
6874.30007 55.23013 1.80801 1.78796 288.70818
6873.43672 54.55742 1.78829 1.76619 281.90854
6873.03970 54.22594 1.77991 1.75546 278.66993
6872.43622 53.67898 1.76484 1.73775 274.15243
6871.92277 53.22176 1.75127 1.72295 270.31161
6871.43572 52.80236 1.73957 1.70937 266.67570
6870.80385 52.21757 1.72374 1.69044 262.17136
6870.43522 51.87393 1.71315 1.67931 259.58418
6869.73955 51.21339 1.69370 1.65793 254.79808
6869.43472 50.88443 1.68453 1.64728 252.82658
6868.76105 50.20921 1.66236 1.62542 248.35229
6868.43422 49.88641 1.65264 1.61497 246.18768
6867.75476 49.20502 1.63213 1.59291 241.76624
6867.43372 48.85594 1.62043 1.58161 239.70855
6866.84757 48.20084 1.60286 1.56041 235.87833
6866.43322 47.72003 1.58785 1.54484 233.29976
6865.91540 47.19665 1.56925 1.52790 229.93919
6865.43272 46.74045 1.55461 1.51313 227.03949
6864.73439 46.19247 1.53868 1.49539 223.14606
6864.43222 45.99636 1.53234 1.48904 221.19385
6863.43172 45.30612 1.51169 1.46669 214.78797
6863.27257 45.18828 1.50801 1.46288 213.81174
6862.43122 44.64942 1.49028 1.44544 208.66210
6861.76038 44.18410 1.47615 1.43037 204.70219
6861.43072 43.91711 1.46771 1.42173 202.80833
6860.50437 43.17992 1.44340 1.39786 197.56574
6860.43022 43.12254 1.44160 1.39601 197.15191
6859.42971 42.28286 1.41499 1.36882 191.64829
6859.31050 42.17573 1.41127 1.36535 190.99952
6858.42921 41.35989 1.38371 1.33894 186.25603
6858.23142 41.17155 1.37791 1.33285 185.20120
6857.42871 40.31762 1.34849 1.30520 180.82856
6857.26240 40.16736 1.34409 1.30034 179.96355
6856.42821 39.33529 1.31933 1.27340 175.99551
6856.25105 39.16318 1.31342 1.26783 175.13811
6855.42771 38.55018 1.29242 1.24798 170.98453
6854.92423 38.15900 1.28006 1.23532 168.50333
6854.42721 37.81464 1.26857 1.22417 166.12881
6853.44889 37.15481 1.24674 1.20281 161.57626
6853.42671 37.13724 1.24616 1.20224 161.47148
6852.42621 36.37299 1.21984 1.17750 156.84576
6852.12351 36.15063 1.21229 1.17030 155.48568
6851.42571 35.70907 1.19720 1.15601 152.49561
6850.63314 35.14644 1.17847 1.13780 149.09072
6850.42521 35.01362 1.17406 1.13350 148.23556
6849.42471 34.41623 1.15382 1.11416 144.27461
6849.01476 34.14226 1.14452 1.10529 142.64765
6848.42421 33.72596 1.13039 1.09181 140.26798
6847.48873 33.13808 1.11021 1.07278 136.87913
6847.42371 33.09962 1.10887 1.07153 136.66481
6846.42321 32.47563 1.08777 1.05133 133.11639
6845.92578 32.13389 1.07628 1.04027 131.27350
6845.42271 31.84329 1.06624 1.03086 129.56100
6844.42221 31.23034 1.04539 1.01102 126.15131
6844.27247 31.12971 1.04219 1.00776 125.64270
6843.42171 30.56511 1.02571 0.98948 122.90900
6842.74734 30.12552 1.01159 0.97525 120.73472
6842.42121 29.92696 1.00465 0.96883 119.69325
6841.42071 29.30484 0.98335 0.94869 116.53955
6841.14712 29.12134 0.97712 0.94275 115.65837
6840.42021 28.69179 0.96241 0.92884 113.51244
6839.60737 28.11715 0.94243 0.91024 110.89165
6839.41971 27.95984 0.93679 0.90514 110.23183
6838.41921 27.23269 0.91056 0.88160 107.13765
6838.26490 27.11297 0.90641 0.87773 106.62410
6837.41871 26.55543 0.88780 0.85968 104.10336
6836.63300 26.10879 0.87302 0.84522 102.03323
6836.41821 26.00748 0.86953 0.84194 101.53732
6835.41771 25.62089 0.85558 0.82943 99.53083
6834.41721 25.19187 0.84151 0.81554 97.47778
6834.23408 25.10460 0.83863 0.81271 97.08149
6833.41671 24.81400 0.82880 0.80330 95.65298
6832.41621 24.37556 0.81345 0.78911 93.70306
6831.92272 24.10042 0.80389 0.78020 92.57894
6831.41571 23.74581 0.79151 0.76872 91.20281
6830.49786 23.09623 0.76749 0.74769 88.66265
6830.41521 23.03170 0.76522 0.74561 88.41686
6829.41471 22.36436 0.74404 0.72400 86.00587
6829.00762 22.09205 0.73641 0.71519 85.09126
6828.41421 21.82191 0.72812 0.70644 84.08943
6827.41371 21.42061 0.71426 0.69345 82.49827
6826.67315 21.08787 0.70273 0.68268 81.19425
6826.41321 20.97950 0.69903 0.67917 80.77718
6825.41271 20.53217 0.68356 0.66469 79.10094
6824.61324 20.08368 0.66784 0.65017 77.46020
6824.41221 19.94328 0.66298 0.64562 76.94780
6823.41171 19.28184 0.63969 0.62421 74.53954
6823.10102 19.07950 0.63251 0.61766 73.80566
6822.41121 18.73447 0.62002 0.60649 72.55581
6821.41071 18.26365 0.60406 0.59125 70.86967
6821.01330 18.07531 0.59801 0.58515 70.19289
6820.41021 17.86975 0.59128 0.57850 69.48193
6819.40970 17.48730 0.57812 0.56612 68.15229
6818.57754 17.07113 0.56359 0.55264 66.68937
6818.40920 16.97132 0.56008 0.54941 66.33586
6817.40870 16.45300 0.54162 0.53263 64.51318
6816.69053 16.06695 0.52740 0.52014 63.15886
6816.40820 15.94205 0.52280 0.51609 62.72391
6815.40770 15.56033 0.50950 0.50373 61.42538
6814.40720 15.17815 0.49755 0.49136 60.13239
6814.12349 15.06276 0.49384 0.48763 59.74003
6813.40670 14.84411 0.48652 0.48055 59.03608
6812.40620 14.50973 0.47476 0.46972 57.93936
6811.40570 14.11397 0.46084 0.45691 56.55476
6811.29452 14.05858 0.45884 0.45512 56.35167
6810.40520 13.66333 0.44499 0.44232 54.96021
6809.40470 13.17397 0.42970 0.42648 53.38399
6809.17771 13.05439 0.42628 0.42261 53.02556
6808.40420 12.64439 0.41376 0.40934 51.71964
6807.40370 12.08548 0.39408 0.39124 49.65023
6807.33840 12.05021 0.39279 0.39010 49.51661
6806.40320 11.66362 0.37866 0.37759 48.11926
6805.40270 11.24194 0.36439 0.36394 46.59880
6804.93363 11.04603 0.35816 0.35759 45.88702
6804.40220 10.90535 0.35367 0.35304 45.41318
6803.40170 10.66193 0.34544 0.34516 44.58615
6802.40120 10.35331 0.33481 0.33517 43.47513
6801.59646 10.04184 0.32432 0.32508 42.31061
6801.40070 9.98178 0.32234 0.32314 42.09189
6800.40020 9.72309 0.31365 0.31477 41.17184
6799.39970 9.48081 0.30568 0.30692 40.30699
6798.39920 9.22373 0.29741 0.29860 39.34759
6797.39924 9.03766 0.29074 0.29258 38.69387
6797.39870 9.03757 0.29074 0.29257 38.69356
6796.39820 8.93889 0.28620 0.28938 38.39328
6795.39770 8.87604 0.28276 0.28734 38.24077
6794.39720 8.79594 0.27809 0.28475 37.99420
6793.39670 8.64486 0.27247 0.27986 37.42006
6792.39620 8.41936 0.26564 0.27256 36.49867
6791.39570 8.11590 0.25723 0.26274 35.21018
6791.20490 8.03347 0.25457 0.26007 34.85206
6790.39520 7.67726 0.24315 0.24854 33.31010
6789.39470 7.16684 0.22677 0.23201 31.07311
6789.18096 7.02929 0.22263 0.22756 30.46572
6788.39420 6.48029 0.20413 0.20979 28.04308
6787.80224 6.02510 0.18906 0.19505 26.03629
6787.39370 5.64765 0.17696 0.18283 24.35056
6786.76874 5.02092 0.15487 0.16254 21.58133
0.00000 0.00000 0.00000 0.00000 0.00000
