7012.39429 245.72082 8.14611 7.95472 747.70115
7011.82530 244.92928 8.11994 7.92910 746.91792
7011.50085 244.50945 8.10603 7.91550 746.24446
7010.83549 243.58639 8.07544 7.88562 745.31024
7010.14706 242.52306 8.04387 7.85120 744.29023
7010.77019 243.37365 8.06954 7.87874 745.85733
7009.93929 242.37128 8.03851 7.84629 743.05931
7009.57986 241.92890 8.02341 7.83196 742.24118
7008.90408 241.03577 7.99383 7.80305 740.94496
7008.49246 240.49969 7.97600 7.78570 740.12893
7007.83197 239.58177 7.94562 7.75598 739.14548
7007.16508 238.55687 7.91197 7.72280 738.93067
7007.67522 239.26155 7.93527 7.74561 739.60361
7006.85472 238.24712 7.90153 7.71277 738.08896
7006.63245 237.96780 7.89229 7.70373 737.88918
7006.03901 237.20588 7.86701 7.67907 736.96991
7005.54554 236.60403 7.84689 7.65958 735.55120
7004.81959 235.58379 7.81320 7.62655 734.59661
7004.24133 234.71177 7.78415 7.59832 734.30173
7004.41792 234.97361 7.79293 7.60680 734.40457
7003.63680 233.92878 7.76020 7.57298 732.50259
7003.63325 233.91720 7.75988 7.57260 732.53199
7003.05920 233.19495 7.73713 7.54922 730.82063
7002.58590 232.60709 7.71719 7.53019 729.69895
7001.83938 231.58935 7.68350 7.49724 728.43660
7001.12526 230.49666 7.64755 7.46187 728.09346
7001.21030 230.62142 7.65166 7.46591 728.17117
7000.56040 229.68502 7.62072 7.43559 727.44039
7000.59245 229.72558 7.62208 7.43691 727.51655
7000.05385 229.04642 7.59939 7.41492 726.21718
6999.67758 228.54106 7.58265 7.39856 725.55350
6999.70126 228.57931 7.58390 7.39980 725.54796
6998.91912 227.71152 7.55456 7.37171 722.70502
6998.15019 226.71174 7.52154 7.33934 721.93913
6997.43843 225.70058 7.48884 7.30660 721.26569
6997.43891 225.70644 7.48900 7.30679 721.23434
6996.75833 224.77506 7.46070 7.27664 719.38678
6996.54722 224.46960 7.45044 7.26675 719.21044
6996.37672 224.26698 7.44356 7.26020 718.72893
6995.71051 223.46453 7.41668 7.23422 716.81794
6994.89441 222.34192 7.37938 7.19787 715.50314
6994.27458 221.34523 7.34664 7.16561 715.55266
6994.41932 221.58359 7.35446 7.17333 715.49684
6993.75995 220.66166 7.32389 7.14348 714.54276
6993.50087 220.27698 7.31118 7.13103 714.33700
6993.44790 220.23654 7.30976 7.12972 714.01251
6992.71682 219.33655 7.27961 7.10058 712.04025
6992.43857 218.98148 7.26776 7.08909 711.38972
6991.69520 218.01187 7.23544 7.05770 709.78739
6991.36186 217.58075 7.22109 7.04374 709.04495
6990.70272 216.63519 7.18990 7.01313 708.23966
6990.72126 216.63311 7.18991 7.01306 708.47388
6990.44741 216.34930 7.18131 7.00388 707.07499
6989.67150 215.39407 7.15128 6.97295 704.41297
6989.34042 214.96338 7.13680 6.95901 703.98395
6988.57468 213.96896 7.10397 6.92682 703.36878
6988.18179 213.42164 7.08582 6.90910 702.78604
6987.54665 212.47048 7.05440 6.87831 702.26072
6987.43459 212.30648 7.04899 6.87300 702.16788
6987.13988 211.92479 7.03626 6.86064 701.52972
6986.58373 211.19435 7.01191 6.83699 700.36785
6986.42724 211.00246 7.00549 6.83078 699.93740
6985.63250 209.97445 6.97111 6.79750 698.17168
6985.56366 209.88788 6.96820 6.79470 698.00038
6984.81946 208.91518 6.93578 6.76321 696.41221
6984.45355 208.43243 6.91937 6.74758 695.75104
6983.98889 207.79323 6.90000 6.72689 694.54357
6983.57930 207.24892 6.88346 6.70927 693.31712
6983.29492 206.89692 6.87166 6.69787 692.55720
6982.48507 205.81210 6.83539 6.66276 691.06767
6982.66447 206.04501 6.84325 6.67030 691.45713
6981.84303 205.01088 6.80862 6.63682 689.41904
6981.46162 204.50939 6.79189 6.62058 688.59378
6981.06910 203.96906 6.77394 6.60309 687.95329
6980.70757 203.54363 6.75975 6.58932 687.34455
6980.11962 202.78034 6.73444 6.56461 686.91154
6979.46047 201.87677 6.70442 6.53536 685.77404
6979.59156 202.05711 6.71042 6.54119 686.02262
6978.80189 201.06272 6.67716 6.50900 684.04209
6978.53438 200.73208 6.66608 6.49830 683.34867
6977.87220 199.84569 6.63654 6.46960 682.09669
6977.57488 199.46480 6.62363 6.45727 681.47463
6977.02751 198.74790 6.60087 6.43407 680.04519
6976.46442 197.96615 6.57719 6.40876 678.60249
6976.58213 198.13004 6.58252 6.41406 678.80342
6975.75138 197.11149 6.54815 6.38109 676.58068
6975.32554 196.55076 6.52956 6.36294 675.70568
6974.73401 195.70975 6.50162 6.33571 675.04998
6974.57381 195.52512 6.49537 6.32973 674.52633
6973.96511 194.71353 6.46834 6.30346 673.39836
6973.54559 194.12941 6.44897 6.28455 672.85267
6973.69884 194.33613 6.45585 6.29124 673.11638
6972.92209 193.44019 6.42557 6.26224 670.51681
6972.78986 193.28357 6.42029 6.25717 670.10936
6971.93827 192.29172 6.38688 6.22506 667.32164
6971.46927 191.70951 6.36753 6.20621 666.70292
6970.76283 190.75404 6.33568 6.17528 666.49443
6970.60362 190.54695 6.32893 6.16858 666.11482
6970.12421 189.93857 6.31083 6.14888 664.21080
6969.65021 189.33172 6.29155 6.12924 662.89938
6969.29810 188.89516 6.27673 6.11510 662.06498
6968.54925 187.91445 6.24401 6.08335 660.57520
6968.34734 187.64963 6.23513 6.07478 660.18301
6967.67241 186.71613 6.20412 6.04456 659.28652
6967.56498 186.59450 6.20000 6.04062 658.91586
6966.97656 185.81491 6.17397 6.01539 657.86120
6966.70483 185.46125 6.16219 6.00394 657.31092
6966.34368 185.03643 6.14791 5.99018 656.22081
6965.65040 184.15781 6.11844 5.96174 654.62541
6965.58512 184.07830 6.11577 5.95917 654.45176
6964.76796 183.08283 6.08241 5.92694 652.22807
6964.67863 182.97321 6.07872 5.92339 651.99209
6963.89772 181.99665 6.04599 5.89178 650.15494
6963.80544 181.88416 6.04264 5.88814 649.77551
6963.18046 181.13900 6.02035 5.86401 647.29935
6962.82697 180.71279 6.00610 5.85022 646.96998
6962.41997 180.23255 5.99001 5.83467 646.39863
6961.80149 179.51591 5.96585 5.81147 644.36072
6961.09690 178.61364 5.93565 5.78226 642.88659
6960.32974 177.53228 5.89970 5.74725 642.17144
6960.56817 177.85381 5.91042 5.75766 642.52882
6959.80625 176.87444 5.87770 5.72596 640.97102
6959.83544 176.90715 5.87881 5.72702 641.07278
6959.25605 176.23041 5.85593 5.70511 639.31788
6958.81962 175.72644 5.83898 5.68879 637.93422
6958.25894 175.04126 5.81592 5.66661 636.49953
6957.75512 174.42840 5.79535 5.64677 635.18875
6957.34765 173.93000 5.77863 5.63064 634.14187
6956.63722 173.02691 5.74820 5.60140 632.75995
6956.53030 172.89611 5.74389 5.59717 632.45818
6955.74404 171.89706 5.71376 5.56482 629.80991
6956.25030 172.47299 5.73118 5.58347 632.08137
6955.40492 171.60437 5.70365 5.55535 627.84245
6954.51844 170.57104 5.66856 5.52190 625.12237
6953.92219 169.76043 5.64165 5.49565 624.71496
6953.76571 169.57701 5.63552 5.48972 624.57699
6953.38788 169.12194 5.62037 5.47498 624.28264
6952.87605 168.52185 5.60024 5.45556 623.01233
6952.56223 168.15551 5.58784 5.44370 621.96476
6951.85907 167.32713 5.55997 5.41688 619.97476
6951.57264 166.98761 5.54852 5.40589 619.18855
6950.74311 165.96129 5.51404 5.37266 617.29216
6950.73834 165.95800 5.51392 5.37256 617.25684
6949.93952 164.97884 5.48102 5.34086 615.36481
6949.83456 164.84690 5.47645 5.33659 615.19330
6949.22914 164.13861 5.45330 5.31366 613.22087
6948.88898 163.73603 5.44157 5.30063 611.72885
6948.49160 163.27743 5.42706 5.28578 610.21878
6947.93220 162.65533 5.40564 5.26564 608.41865
6947.29748 161.89177 5.38004 5.24092 606.78207
6946.67064 161.09067 5.35315 5.21499 605.68235
6946.72759 161.16963 5.35578 5.21754 605.72207
6945.89061 160.19466 5.32294 5.18598 603.20580
6945.98239 160.29918 5.32648 5.18937 603.53034
6945.09452 159.30548 5.29302 5.15720 601.56433
6944.89264 159.07872 5.28544 5.14986 601.29318
6944.08179 158.13031 5.25347 5.11915 599.18738
6943.82350 157.82782 5.24325 5.10936 598.43333
6943.17666 157.05489 5.21726 5.08434 596.85865
6942.91545 156.74360 5.20673 5.07426 596.19435
6942.53504 156.31295 5.19224 5.06032 594.98614
6942.05088 155.78566 5.17432 5.04325 593.29810
6941.60787 155.28542 5.15712 5.02706 592.00896
6940.99242 154.60213 5.13621 5.00493 589.21947
6940.48112 154.00727 5.11754 4.98568 587.34313
6939.77934 153.15072 5.08843 4.95795 585.92571
6939.46436 152.77607 5.07583 4.94582 585.11805
6938.67887 151.75189 5.04157 4.91266 584.08963
6939.14809 152.30854 5.06030 4.93068 585.24933
6938.32272 151.42420 5.03027 4.90206 582.24265
6938.20526 151.29766 5.02596 4.89796 581.82417
6937.41666 150.46589 4.99765 4.87103 578.84946
6936.96957 149.98101 4.98117 4.85534 577.23391
6936.31055 149.21973 4.95546 4.83069 575.55423
6936.10182 148.99763 4.94801 4.82350 575.18452
6935.48067 148.31709 4.92508 4.80147 574.14362
6935.06423 147.85653 4.90951 4.78656 572.77175
6934.54391 147.28426 4.89001 4.76803 570.97756
6933.97245 146.64549 4.86829 4.74735 569.26582
6933.53794 146.14474 4.85331 4.73114 567.37510
6932.98191 145.50660 4.83326 4.71049 565.35377
6932.84428 145.35832 4.82815 4.70568 564.88667
6932.14096 144.59818 4.80211 4.68108 562.50695
6931.62453 144.02858 4.78272 4.66264 560.85638
6930.74796 142.96556 4.74698 4.62822 559.05447
6930.91100 143.15568 4.75340 4.63438 559.46388
6930.05828 142.18458 4.72049 4.60294 557.08270
6930.12143 142.25814 4.72298 4.60532 557.24295
6929.26009 141.32359 4.69117 4.57507 554.33968
6929.55399 141.60927 4.70098 4.58432 555.65919
6928.75367 140.86673 4.67543 4.56028 551.71026
6928.02585 140.13059 4.65019 4.53645 548.59383
6927.22531 139.22235 4.61968 4.50705 547.70329
6927.07692 139.07003 4.61453 4.50211 547.36243
6926.34668 138.25898 4.58706 4.47586 545.06448
6926.25745 138.15812 4.58360 4.47259 544.81323
6925.60733 137.49626 4.56073 4.45117 542.32456
6925.11900 136.97730 4.54479 4.43437 539.92138
6924.52363 136.32650 4.52438 4.41330 537.41164
6924.05332 135.82332 4.50694 4.39701 535.90110
6923.43326 135.12102 4.48311 4.37427 534.16842
6922.98952 134.60944 4.46578 4.35771 533.04785
6922.73118 134.32794 4.45622 4.34860 532.21820
6922.18310 133.74185 4.43623 4.32962 530.34415
6921.92928 133.47523 4.42710 4.32099 529.43067
6921.32724 132.85671 4.40586 4.30097 527.10889
6921.07883 132.60822 4.39735 4.29293 526.07538
6920.39832 131.93240 4.37411 4.27105 523.17285
6920.05369 131.58471 4.36215 4.25979 521.77326
6919.36607 130.89859 4.33861 4.23758 518.90270
6918.97992 130.50258 4.32496 4.22476 517.32195
6918.30960 129.81758 4.30171 4.20258 515.45967
6917.98012 129.47910 4.29013 4.19163 514.92784
6917.27362 128.75138 4.26568 4.16807 512.19278
6916.98862 128.45383 4.25689 4.15844 510.61739
6916.28486 127.72773 4.23349 4.13493 507.41354
6915.97792 127.41182 4.22241 4.12470 506.32996
6915.23410 126.62886 4.19555 4.09936 503.68089
6914.90094 126.28349 4.18364 4.08818 502.42874
6914.04630 125.34449 4.15155 4.05778 499.80979
6914.15849 125.45507 4.15537 4.06136 500.28983
6913.34034 124.62443 4.12668 4.03447 497.04194
6913.21861 124.50257 4.12247 4.03052 496.54818
6912.34324 123.61089 4.09176 4.00166 493.11592
6912.40138 123.67106 4.09383 4.00360 493.33484
6911.51366 122.81160 4.06404 3.97578 489.37224
6911.48114 122.78103 4.06297 3.97479 489.22047
6910.57867 121.93754 4.03363 3.94748 484.70050
6910.20946 121.57195 4.02096 3.93565 483.24539
6909.44330 120.81350 3.99499 3.91110 481.41107
6909.27004 120.64709 3.98927 3.90571 480.76542
6908.45820 119.85712 3.96154 3.88013 477.14857
6908.21079 119.60911 3.95340 3.87211 475.96347
6907.47084 118.88904 3.93126 3.84879 471.65611
6906.90578 118.32277 3.91170 3.83046 469.24547
6906.08757 117.43247 3.88086 3.80164 466.66402
6906.19184 117.53202 3.88431 3.80486 467.15443
6905.48975 116.84646 3.86042 3.78267 464.03078
6905.32137 116.68775 3.85486 3.77753 463.21826
6904.48232 115.88418 3.82672 3.75152 459.32990
6904.13975 115.53776 3.81464 3.74030 457.92716
6903.56617 114.96898 3.79481 3.72189 455.47890
6903.65510 115.06045 3.79799 3.72485 455.81625
6902.89304 114.41441 3.77512 3.70394 451.29285
6902.18864 113.77942 3.75272 3.68338 447.58855
6901.48371 113.11163 3.72921 3.66176 444.10501
6900.94085 112.57020 3.71030 3.64424 441.90293
6900.52430 112.16770 3.69640 3.63121 440.74453
6900.05030 111.71449 3.68033 3.61653 439.31176
6899.63412 111.32975 3.66665 3.60408 437.14431
6898.93073 110.67008 3.64583 3.58272 432.71481
6898.61036 110.35451 3.63582 3.57251 430.96854
6897.92381 109.72573 3.61351 3.55215 427.37847
6897.27843 109.09176 3.59108 3.53163 424.44543
6896.65082 108.43081 3.56786 3.51023 422.01530
6896.59655 108.38712 3.56629 3.50882 421.66610
6895.87694 107.71253 3.54240 3.48698 417.96651
6895.79524 107.63135 3.53955 3.48435 417.59427
6894.95757 106.89674 3.51341 3.46057 412.88808
6894.88631 106.82495 3.51087 3.45824 412.57021
6893.92805 106.00124 3.48135 3.43158 406.91959
6893.91592 105.99023 3.48095 3.43122 406.85352
6892.88565 105.10410 3.44928 3.40254 400.66590
6892.64021 104.87969 3.44140 3.39527 399.34280
6891.81565 104.15366 3.41560 3.37177 395.92466
6891.35113 103.73357 3.40064 3.35817 393.71142
6890.62058 103.04860 3.37625 3.33599 389.65643
6890.26425 102.71784 3.36434 3.32528 387.81676
6889.71243 102.20271 3.34581 3.30861 384.97780
6889.41791 101.94341 3.33731 3.30021 383.05855
6888.86954 101.47442 3.32265 3.28503 379.15782
6888.03555 100.73074 3.29725 3.26096 374.14123
6887.41022 100.12233 3.27535 3.24126 371.07721
6886.90945 99.62116 3.25798 3.22504 368.61718
6886.86730 99.59376 3.25702 3.22415 368.29722
6886.07052 98.90085 3.23245 3.20172 363.57902
6886.37610 99.13304 3.24079 3.20923 365.62841
6885.45386 98.45779 3.21664 3.18737 359.26195
6884.84975 97.96324 3.19919 3.17136 355.53054
6883.91813 97.16863 3.17139 3.14564 349.96505
6883.51127 96.80709 3.15879 3.13394 347.54832
6882.84720 96.20740 3.13818 3.11452 344.54795
6882.56986 95.98009 3.13031 3.10716 343.23562
6881.89168 95.39423 3.11007 3.08820 339.42435
6881.49699 95.04735 3.09838 3.07697 337.09539
6880.98111 94.63786 3.08475 3.06371 333.95450
6880.06759 93.83348 3.05771 3.03767 328.80862
6880.06669 93.82048 3.05726 3.03725 328.85921
6879.20195 93.12431 3.03659 3.01471 323.52126
6879.07058 93.01318 3.03358 3.01112 322.71951
6878.05261 92.17460 3.00875 2.98397 316.86961
6877.46423 91.65663 2.99225 2.96720 313.71323
6876.61537 90.85452 2.96781 2.94123 309.40255
6877.09660 91.25461 2.97970 2.95419 312.01034
6876.45213 90.78054 2.96594 2.93884 308.38678
6875.52488 90.06772 2.94576 2.91576 303.49666
6874.52642 89.17427 2.92019 2.88684 298.82280
6874.02152 88.66664 2.90425 2.87041 296.93336
6874.04323 88.70699 2.90560 2.87171 296.99329
6873.23909 88.03459 2.88610 2.84994 293.16555
6872.75588 87.62983 2.87790 2.83684 290.95905
6871.72666 86.68529 2.85703 2.80626 286.47882
6871.62845 86.59208 2.85388 2.80325 286.06081
6870.62868 85.66415 2.80900 2.77321 281.83353
6869.10578 83.87593 2.73927 2.71532 275.66214
6868.47574 82.92492 2.70847 2.68453 273.14760
6868.25730 82.61901 2.69434 2.67463 272.29334
6867.30121 81.15615 2.68269 2.62727 268.66576
6866.58667 79.68862 2.49175 2.57976 266.35338
6866.70649 79.92850 2.53949 2.58753 266.71246
6866.42344 79.42127 2.44844 2.57110 265.82708
6865.95107 78.66135 2.41674 2.54650 264.30657
6865.92834 78.63102 2.41652 2.54552 264.22982
6865.49249 77.92108 2.39317 2.52254 263.04700
6866.07453 78.66645 2.41527 2.54667 264.92992
6865.80239 78.40053 2.41120 2.53806 263.88444
6866.03824 78.59309 2.41442 2.54429 264.83979
6865.50664 78.19525 2.40531 2.53141 262.75258
6865.49022 78.17239 2.40442 2.53067 262.70816
6864.51584 77.46580 2.38588 2.50780 259.45717
6864.07748 77.12659 2.38124 2.49682 257.73595
6863.28282 76.49702 2.36910 2.47644 254.94892
6862.66226 76.01898 2.35984 2.46096 252.83143
6861.99676 75.44569 2.35111 2.44240 250.57773
6861.40647 74.96350 2.34383 2.42679 248.67940
6860.77150 74.41733 2.33371 2.40911 246.64519
6859.90425 73.62782 2.31855 2.38355 243.91202
6859.74039 73.46733 2.31539 2.37836 243.39953
6858.87168 72.69862 2.30098 2.35347 240.70518
6858.95370 72.75234 2.30184 2.35521 240.95150
6858.03402 71.99089 2.28738 2.33056 238.15027
6857.39941 71.41751 2.27626 2.31200 236.24508
6856.44403 70.48076 2.25592 2.28167 233.51264
6856.59663 70.62684 2.25913 2.28640 233.92514
6855.65231 69.75952 2.24082 2.25832 231.16530
6855.26427 69.39139 2.23303 2.24641 229.98982
6854.41371 68.54927 2.21350 2.21915 227.43309
6854.15928 68.30227 2.20783 2.21115 226.65028
6853.32442 67.45341 2.18761 2.18367 224.11328
6853.23123 67.36421 2.18538 2.18078 223.83588
6852.40361 66.54436 2.16487 2.15424 221.38708
6852.24013 66.38552 2.16140 2.14910 220.89763
6851.44695 65.60592 2.14413 2.12386 218.60401
6850.95737 65.12382 2.13135 2.10825 217.15211
6850.17792 64.27879 2.10851 2.08090 214.77929
6850.91324 64.96658 2.12665 2.10316 216.92950
6850.06840 64.28757 2.10923 2.08118 214.57090
6849.64545 63.92164 2.09961 2.06934 213.38483
6849.07464 63.46072 2.08743 2.05441 211.83998
6848.36563 62.86784 2.07143 2.03522 209.88254
6847.93274 62.49664 2.06124 2.02320 208.69711
6847.08790 61.77629 2.04083 1.99988 206.55035
6846.62582 61.35501 2.02886 1.98625 205.25668
6845.76759 60.55883 2.00586 1.96047 202.83185
6845.53959 60.34801 1.99969 1.95365 202.18203
6844.59880 59.44979 1.97316 1.92457 199.51005
6844.59857 59.44865 1.97313 1.92453 199.50802
6843.60721 58.52411 1.94530 1.89460 196.72306
6843.20097 58.12253 1.93319 1.88160 195.54205
6842.25040 57.12950 1.90619 1.84945 192.82945
6842.16909 57.04597 1.90361 1.84675 192.58892
6841.22498 56.04836 1.87208 1.81445 189.72636
6841.15520 55.96577 1.86949 1.81178 189.50145
6840.32871 55.09962 1.84209 1.78374 187.02046
6840.27479 55.04082 1.84022 1.78184 186.85259
6839.51798 54.27100 1.81571 1.75691 184.61376
6839.97853 54.69521 1.82918 1.77065 185.89364
6839.03389 53.90941 1.80425 1.74521 183.44701
6839.95651 54.58627 1.82561 1.76712 185.69422
6838.86125 53.87967 1.80341 1.74425 183.21582
6838.17417 53.39293 1.78793 1.72849 181.61614
6837.66058 53.04504 1.77689 1.71723 180.40016
6836.59313 52.27757 1.75215 1.69238 177.88261
6836.08799 51.88418 1.73943 1.67965 176.63822
6835.08125 51.06209 1.71269 1.65303 174.08902
6834.76213 50.79515 1.70393 1.64439 173.27735
6833.82206 49.99107 1.67759 1.61836 170.82751
6833.18990 49.40429 1.65789 1.59936 169.06906
6832.60927 48.84280 1.63963 1.58119 167.41495
6832.17420 48.46072 1.62865 1.56882 166.36299
6831.38954 47.69293 1.60479 1.54396 164.19387
6830.76069 47.06163 1.58322 1.52353 162.31065
6830.17297 46.42149 1.56172 1.50280 160.45070
6830.69077 46.88146 1.57720 1.51769 161.84231
6830.44408 46.72464 1.57193 1.51262 161.32649
6829.65586 46.12485 1.55179 1.49320 159.49052
6829.73689 46.17575 1.55349 1.49485 159.65180
6828.80998 45.55277 1.53246 1.47468 157.68673
6828.24888 45.15446 1.51897 1.46179 156.43270
6827.38343 44.49720 1.49672 1.44051 154.41588
6827.22633 44.37008 1.49241 1.43639 154.03192
6826.81459 44.11281 1.48366 1.42806 153.22837
6825.72158 43.35219 1.45777 1.40344 150.87810
6826.12915 43.62048 1.46692 1.41213 151.71786
6825.16902 43.02346 1.44661 1.39280 149.87065
6824.56148 42.65457 1.43397 1.38086 148.75625
6823.95086 42.26861 1.42074 1.36836 147.59755
6822.90471 41.57746 1.39716 1.34599 145.53913
6822.78583 41.49960 1.39452 1.34347 145.30933
6821.80766 40.85661 1.37215 1.32265 143.38915
6821.24259 40.45579 1.35849 1.30968 142.18385
6821.25481 40.47599 1.35914 1.31033 142.24574
6820.17065 39.82200 1.33937 1.28916 140.58828
6819.64684 39.48125 1.32875 1.27813 139.70870
6819.03464 39.07817 1.31487 1.26508 138.52614
6818.30450 38.62534 1.29900 1.25042 137.20764
6817.96391 38.41287 1.29169 1.24354 136.60531
6816.91345 37.72414 1.26803 1.22124 134.64092
6816.75220 37.61169 1.26413 1.21760 134.31169
6816.01529 37.16801 1.24881 1.20324 133.06282
6814.86018 36.39643 1.22216 1.17826 130.84922
6814.09077 35.82083 1.20225 1.15963 129.12632
6813.12129 35.02913 1.17491 1.13400 126.69004
6813.68453 35.43714 1.18900 1.14721 127.90941
6813.36219 35.22069 1.18153 1.14020 127.27640
6812.86928 34.96762 1.17274 1.13201 126.61984
6813.75106 35.37090 1.18676 1.14506 127.62183
6812.68258 34.95650 1.17231 1.13165 126.69779
6811.42432 34.43287 1.15411 1.11470 125.42786
6811.23513 34.33111 1.15058 1.11140 125.15985
6810.55636 34.07113 1.14143 1.10298 124.62692
6809.02975 33.39284 1.11782 1.08103 123.08789
6807.44670 32.49355 1.08657 1.05191 120.67288
6806.73210 31.98790 1.06913 1.03554 119.14128
6805.85062 31.39782 1.04828 1.01644 117.35767
6805.56758 31.20051 1.04173 1.01005 116.78660
6804.66237 30.54884 1.02212 0.98896 115.12384
6805.39402 30.97071 1.03475 1.00261 116.05643
6805.74769 31.15113 1.04024 1.00846 116.43397
6804.58933 30.71072 1.02685 0.99420 115.81091
6803.42185 30.18556 1.01016 0.97720 114.71752
6803.06748 30.02141 1.00440 0.97188 114.29085
6801.73735 29.36970 0.98132 0.95079 112.62856
6800.44498 28.62420 0.95549 0.92665 110.52552
6799.85522 28.23574 0.94200 0.91408 109.32600
6798.98842 27.66161 0.92208 0.89549 107.54397
6799.79179 28.10183 0.93740 0.90974 108.77531
6799.27757 27.88556 0.92983 0.90274 108.28985
6798.07647 27.32497 0.91025 0.88459 106.88776
6797.92686 27.23397 0.90709 0.88165 106.61207
6797.79396 27.19684 0.90577 0.88044 106.57149
6796.34814 26.62146 0.88560 0.86182 105.33282
6794.96373 25.93223 0.86158 0.83950 103.45742
6794.73329 25.80037 0.85700 0.83524 103.04378
6793.79743 25.31665 0.84020 0.81958 101.56830
6793.25115 25.03045 0.83024 0.81031 100.73817
6793.77076 25.26222 0.83833 0.81781 101.33196
6792.83628 24.91024 0.82599 0.80642 100.57775
6791.78424 24.50507 0.81180 0.79330 99.66129
6791.99993 24.57032 0.81410 0.79542 99.76403
6791.49178 24.42322 0.80892 0.79065 99.55308
6789.85053 23.89590 0.79050 0.77358 98.63056
6788.27033 23.20487 0.76626 0.75121 96.74172
6788.20970 23.17432 0.76517 0.75022 96.64476
6787.14351 22.69535 0.74872 0.73472 95.29694
6785.95305 22.11300 0.73109 0.71586 93.80848
6785.48746 21.87136 0.72366 0.70804 93.09125
6784.49623 21.33649 0.70526 0.69073 91.28567
6783.40808 20.70448 0.68324 0.67027 88.98274
6784.77023 21.35941 0.70611 0.69147 91.13946
6783.66317 20.92987 0.69096 0.67756 89.91744
6782.64086 20.50391 0.67628 0.66377 88.65672
6782.93204 20.59625 0.67947 0.66676 88.86834
6782.88860 20.60536 0.67977 0.66706 88.95755
6781.62117 20.26512 0.66800 0.65604 88.35771
6780.13499 19.80171 0.65195 0.64104 87.24562
6779.13135 19.41836 0.63878 0.62863 86.06175
6779.85377 19.64872 0.64669 0.63609 86.66409
6779.01283 19.43592 0.63938 0.62920 86.27575
6778.14106 19.22993 0.63232 0.62253 85.94143
6777.49515 19.07975 0.62719 0.61767 85.71466
6777.19081 19.02799 0.62542 0.61599 85.71394
6776.81650 19.01141 0.62486 0.61546 85.95042
6776.75380 19.00724 0.62472 0.61532 85.97846
6775.52821 18.92730 0.62207 0.61273 86.70240
6773.92105 18.74656 0.61608 0.60688 87.35244
6772.18542 18.42226 0.60525 0.59638 87.31051
6770.41060 17.94991 0.58942 0.58109 86.39539
6768.98815 17.44884 0.57253 0.56487 84.85913
6768.12627 17.09123 0.56042 0.55329 83.43860
6766.75630 16.43971 0.53833 0.53220 80.73655
6765.38688 15.65800 0.51165 0.50690 77.18190
6764.54490 15.10709 0.49279 0.48906 74.51747
6763.43640 14.30772 0.46541 0.46318 70.56816
6762.40481 13.46964 0.43659 0.43605 66.30532
6761.51603 12.64020 0.41141 0.40920 62.62236
6761.09094 12.23229 0.39744 0.39600 60.53848
0.00000 0.00000 0.00000 0.00000 0.00000
