7002.30544 245.66874 8.14258 7.95303 746.42485
7001.70185 244.80316 8.11406 7.92501 745.70839
7001.45109 244.47007 8.10303 7.91423 745.22926
7000.95058 243.78188 8.07987 7.89195 744.52626
7000.36692 242.94590 8.05513 7.86489 743.12844
7000.44215 243.06107 8.05846 7.86862 743.27875
6999.65213 242.01947 8.02472 7.83490 741.54539
6999.85967 242.26896 8.03323 7.84297 742.07364
6999.18383 241.48527 8.00678 7.81760 739.95913
6998.42870 240.55314 7.97570 7.78743 738.39480
6997.73679 239.54146 7.94261 7.75468 738.55647
6997.23585 238.78730 7.91769 7.73026 738.09294
6997.21638 238.77323 7.91719 7.72981 737.96781
6996.48784 237.74125 7.88307 7.69640 737.00385
6996.66680 237.97034 7.89071 7.70381 737.40041
6996.07896 237.24909 7.86652 7.68046 735.85633
6995.50606 236.52512 7.84241 7.65703 734.46390
6994.99819 235.81805 7.81891 7.63414 733.69153
6994.42711 235.03572 7.79297 7.60881 732.73982
6994.09379 234.57038 7.77731 7.59375 732.28846
6993.40249 233.53688 7.74670 7.56029 730.91476
6993.70133 233.92571 7.75820 7.57288 731.89870
6993.17084 233.30245 7.73882 7.55270 729.91467
6992.57212 232.54688 7.71333 7.52824 728.50077
6991.95970 231.72381 7.68599 7.50159 727.33414
6991.24293 230.68193 7.65154 7.46787 726.53486
6991.19951 230.61364 7.64930 7.46566 726.52336
6990.50830 229.61661 7.61630 7.43338 725.72215
6990.65328 229.78659 7.62202 7.43888 726.16411
6990.29186 229.36828 7.60793 7.42534 725.00782
6989.68508 228.63854 7.58342 7.40172 723.15206
6989.23916 228.05394 7.56410 7.38279 722.60052
6988.61140 227.25603 7.53768 7.35696 721.96227
6988.13986 226.61836 7.51646 7.33632 721.07653
6987.44518 225.60138 7.48377 7.30339 720.05506
6987.47412 225.64431 7.48504 7.30478 720.11431
6986.90792 224.88929 7.46238 7.28034 718.44627
6986.53700 224.38663 7.44548 7.26407 717.79124
6986.35503 224.15772 7.43779 7.25666 717.33322
6985.70426 223.35144 7.41082 7.23056 715.57957
6985.00185 222.40324 7.37930 7.19986 714.27090
6984.38062 221.42320 7.34706 7.16813 714.14125
6984.41867 221.50465 7.34969 7.17077 713.99221
6983.89375 220.77342 7.32541 7.14710 713.17673
6983.52547 220.27193 7.30871 7.13086 712.51989
6983.21657 219.88280 7.29570 7.11827 711.73719
6982.42335 218.79849 7.25963 7.08316 710.35713
6982.63254 219.07439 7.26883 7.09210 710.78962
6981.86218 218.09620 7.23614 7.06043 708.91946
6981.65721 217.84452 7.22776 7.05228 708.29964
6981.08226 217.11192 7.20298 7.02856 706.94632
6980.64871 216.57930 7.18599 7.01132 706.14173
6980.02186 215.75754 7.16163 6.98472 704.84304
6979.38185 214.85131 7.13119 6.95538 703.89925
6979.45763 214.96681 7.13500 6.95912 703.95365
6978.66813 213.93109 7.10059 6.92559 702.25434
6978.28494 213.41385 7.08335 6.90885 701.55322
6977.75980 212.64184 7.05785 6.88385 701.02939
6977.47999 212.27253 7.04554 6.87190 700.44889
6977.00260 211.62719 7.02399 6.85101 699.58261
6976.26624 210.55937 6.98865 6.81644 698.77475
6976.75344 211.20633 7.01023 6.83738 699.76287
6975.91544 210.18778 6.97606 6.80441 697.34943
6975.54607 209.72390 6.96052 6.78939 696.39853
6974.96541 208.95388 6.93483 6.76446 695.22055
6974.56139 208.44782 6.91761 6.74808 694.24515
6973.98282 207.66587 6.89390 6.72277 692.58203
6973.38842 206.82034 6.86690 6.69539 691.53673
6973.74869 207.29358 6.88288 6.71072 692.27592
6972.88771 206.27244 6.84827 6.67766 689.68061
6972.70358 206.04847 6.84078 6.67041 689.14434
6971.91017 205.06274 6.80773 6.63850 686.91615
6971.31664 204.28128 6.78191 6.61320 686.48069
6970.83406 203.56653 6.75838 6.59006 686.71316
6970.45349 203.04487 6.74103 6.57317 686.02879
6970.32439 202.88245 6.73558 6.56791 685.66886
6969.54896 201.85980 6.70147 6.53481 684.08564
6969.59528 201.92020 6.70350 6.53676 684.18082
6968.85974 200.97479 6.67190 6.50616 682.46764
6968.59783 200.64570 6.66084 6.49550 681.81805
6968.05188 199.93723 6.63729 6.47257 680.58552
6967.55313 199.29888 6.61554 6.45190 679.53330
6967.10124 198.69318 6.59686 6.43229 678.28047
6966.39315 197.71233 6.56625 6.40054 676.69817
6966.60985 198.00136 6.57600 6.40990 677.07558
6965.75856 196.92282 6.53965 6.37498 675.06812
6965.40761 196.44462 6.52377 6.35950 674.48634
6964.97588 195.85332 6.50406 6.34036 673.79973
6964.62669 195.42200 6.48963 6.32640 672.86774
6964.22366 194.89831 6.47208 6.30944 672.03710
6963.63046 194.13171 6.44646 6.28463 670.58322
6963.54833 194.04116 6.44338 6.28169 670.26482
6962.72611 193.00529 6.40899 6.24816 669.29709
6962.79857 193.09536 6.41198 6.25108 669.39202
6962.01530 192.15481 6.38048 6.22063 667.63294
6961.61617 191.66289 6.36402 6.20470 666.43808
6961.05969 190.94225 6.33972 6.18137 665.34582
6960.63874 190.41689 6.32249 6.16437 664.15974
6960.17449 189.81955 6.30504 6.14503 662.43838
6959.53720 188.97145 6.27706 6.11757 661.17636
6959.51244 188.95109 6.27634 6.11691 661.02875
6958.68726 187.89440 6.24103 6.08271 659.19170
6958.42667 187.54879 6.22954 6.07152 658.70020
6957.92305 186.85680 6.20648 6.04912 657.98264
6957.65386 186.54817 6.19602 6.03912 657.07946
6957.06046 185.76791 6.16999 6.01386 655.95051
6956.57146 185.11627 6.14828 5.99277 655.08976
6956.42244 184.94319 6.14245 5.98717 654.61158
6955.59772 183.88396 6.10705 5.95288 652.86036
6956.18892 184.57485 6.13032 5.97524 654.70651
6955.26684 183.59303 6.09695 5.94346 651.00979
6954.67319 182.91832 6.07416 5.92161 648.90463
6953.88866 181.92230 6.04111 5.88937 647.43663
6953.68123 181.65956 6.03349 5.88086 647.00385
6953.13859 180.98813 6.01322 5.85913 645.85109
6952.70146 180.43898 5.99444 5.84135 644.81431
6952.41001 180.08554 5.98254 5.82991 643.96402
6951.75756 179.29500 5.95606 5.80432 642.21850
6951.18259 178.56082 5.93150 5.78055 640.98688
6950.46735 177.53791 5.89748 5.74743 640.43415
6950.62702 177.76673 5.90510 5.75484 640.54969
6949.94165 176.88852 5.87572 5.72641 639.13873
6949.76256 176.66175 5.86814 5.71907 638.74778
6949.30036 176.11467 5.84974 5.70136 637.41566
6948.81836 175.53065 5.83014 5.68245 636.11965
6948.55378 175.22400 5.81977 5.67253 635.28907
6947.83933 174.39298 5.79169 5.64562 633.09822
6947.37328 173.81266 5.77236 5.62684 631.98862
6946.59335 172.79592 5.73833 5.59392 630.62751
6946.98101 173.26644 5.75394 5.60915 631.66754
6946.14418 172.32115 5.72413 5.57855 628.12795
6945.96259 172.11662 5.71795 5.57193 627.23238
6945.13658 171.17217 5.68659 5.54136 625.42637
6944.52609 170.41013 5.66125 5.51669 624.69032
6944.10954 169.84876 5.64245 5.49851 624.02959
6943.72364 169.38408 5.62684 5.48347 622.97496
6943.38858 168.96685 5.61287 5.46996 622.26286
6942.76173 168.19427 5.58693 5.44495 620.78152
6942.73671 168.17497 5.58625 5.44433 620.61515
6941.86032 167.14314 5.55147 5.41092 618.12073
6941.73002 166.98700 5.54622 5.40587 617.78278
6940.97100 166.05674 5.51497 5.37575 615.98489
6940.78219 165.84704 5.50790 5.36897 615.32831
6940.06004 164.95905 5.47802 5.34022 613.65210
6939.83504 164.67675 5.46831 5.33108 613.27370
6939.42388 164.20798 5.45309 5.31590 611.78185
6938.89889 163.59829 5.43499 5.29617 609.45097
6938.60078 163.25250 5.42396 5.28497 608.40658
6938.05715 162.63913 5.40281 5.26512 606.74424
6937.72710 162.28773 5.39094 5.25374 605.48618
6936.87581 161.30676 5.35779 5.22198 602.83982
6936.47060 160.80771 5.34105 5.20583 601.93657
6935.70393 159.82506 5.30846 5.17402 601.92766
6935.87060 160.03221 5.31534 5.18072 601.93775
6935.14396 159.18232 5.28685 5.15321 600.50787
6935.00896 159.03587 5.28188 5.14847 599.99496
6934.30526 158.24351 5.25499 5.12282 597.67465
6933.83035 157.69539 5.23649 5.10507 596.30744
6933.28375 157.03701 5.21436 5.08376 594.99321
6932.88598 156.56309 5.19842 5.06842 593.99868
6932.60350 156.24550 5.18773 5.05814 593.07333
6932.01719 155.58117 5.16494 5.03663 591.36645
6931.84886 155.40057 5.15873 5.03078 590.77567
6931.06176 154.54690 5.13225 5.00315 587.17869
6930.60251 154.01349 5.11550 4.98588 585.51267
6929.77320 153.01319 5.08147 4.95350 583.68216
6929.45563 152.61267 5.06807 4.94053 583.12830
6928.79902 151.73280 5.03876 4.91205 582.55398
6929.40104 152.41362 5.06173 4.93409 584.33439
6928.74994 151.79488 5.04053 4.91406 581.21408
6928.06120 151.09110 5.01644 4.89127 578.24299
6927.29918 150.22691 4.98750 4.86330 577.20875
6926.90799 149.78868 4.97272 4.84911 576.42808
6926.34814 149.12965 4.95046 4.82777 574.88955
6926.04909 148.79001 4.93900 4.81678 573.99853
6925.66359 148.37555 4.92485 4.80336 572.67303
6925.08472 147.74670 4.90364 4.78300 570.67434
6924.69582 147.31685 4.88898 4.76909 569.44750
6924.05309 146.61323 4.86508 4.74631 567.31794
6923.59852 146.10011 4.84975 4.72970 565.26972
6922.87597 145.24891 4.82218 4.70214 563.11611
6923.02394 145.41569 4.82800 4.70754 563.51593
6922.18675 144.52753 4.79751 4.67879 560.56012
6921.63758 143.90927 4.77656 4.65877 558.93659
6920.83980 142.92089 4.74336 4.62678 557.52125
6921.21922 143.35953 4.75814 4.64098 558.53439
6920.37211 142.46713 4.72776 4.61209 555.38558
6920.24250 142.33559 4.72325 4.60783 554.86273
6919.39452 141.44653 4.69298 4.57905 551.72499
6919.18354 141.22041 4.68523 4.57173 550.94265
6918.44071 140.43385 4.65852 4.54626 548.76097
6918.09580 140.07047 4.64628 4.53450 548.20733
6917.42794 139.33231 4.62128 4.51060 546.56697
6917.14094 139.03516 4.61113 4.50099 545.37981
6916.47321 138.30589 4.58644 4.47738 543.21685
6916.14838 137.95238 4.57419 4.46593 542.25143
6915.57541 137.34364 4.55372 4.44623 540.11130
6915.15063 136.87645 4.53982 4.43110 538.09301
6914.71131 136.41747 4.52528 4.41624 536.10362
6914.05666 135.71891 4.50125 4.39363 533.90822
6913.52560 135.11194 4.48073 4.37398 532.47489
6912.96879 134.47530 4.45913 4.35337 531.03078
6912.81239 134.30267 4.45326 4.34778 530.56125
6912.20804 133.64965 4.43100 4.32664 528.58030
6912.26195 133.71190 4.43312 4.32866 528.71426
6911.49449 132.97116 4.40756 4.30468 525.25197
6911.22501 132.70546 4.39848 4.29607 524.10851
6910.40283 131.91232 4.37110 4.27040 520.25581
6909.86548 131.34374 4.35183 4.25199 519.10592
6909.21072 130.64477 4.32810 4.22936 517.90367
6909.05247 130.48817 4.32273 4.22429 517.22928
6908.27845 129.68754 4.29534 4.19837 514.16275
6908.14310 129.54947 4.29051 4.19391 513.68031
6907.32483 128.72597 4.26278 4.16725 510.15912
6907.00017 128.38421 4.25248 4.15618 508.50131
6906.23161 127.57442 4.22607 4.12997 505.34089
6906.11092 127.45485 4.22180 4.12610 504.87012
6905.26046 126.57070 4.19141 4.09747 501.76854
6904.99382 126.29430 4.18190 4.08853 500.79527
6904.08541 125.30529 4.14808 4.05651 497.94104
6904.20243 125.42721 4.15226 4.06046 498.35957
6903.26900 124.46088 4.11908 4.02917 494.88772
6903.74189 124.91782 4.13488 4.04396 497.03819
6902.72405 124.00097 4.10293 4.01428 491.71878
6902.27384 123.56801 4.08790 4.00027 489.65115
6901.38447 122.68033 4.05725 3.97153 486.14118
6901.19781 122.49187 4.05075 3.96543 485.42967
6900.32117 121.59933 4.02010 3.93654 483.16142
6900.34012 121.61663 4.02070 3.93710 483.22239
6899.45469 120.75196 3.99080 3.90910 479.54347
6899.25140 120.54928 3.98378 3.90254 478.69139
6898.40218 119.70166 3.95477 3.87510 475.12381
6898.35831 119.65995 3.95353 3.87375 474.83428
6897.49094 118.82255 3.92702 3.84664 469.95584
6897.01956 118.34997 3.91055 3.83134 468.00545
6896.15249 117.42494 3.87851 3.80140 465.07428
6896.28700 117.55823 3.88313 3.80571 465.64925
6895.46059 116.74735 3.85492 3.77946 462.03943
6895.34563 116.63816 3.85109 3.77593 461.47787
6894.50473 115.82140 3.82259 3.74949 457.70374
6894.59906 115.90711 3.82560 3.75226 458.19919
6893.74478 115.15170 3.79896 3.72781 453.53800
6893.28148 114.71296 3.78354 3.71360 451.33604
6892.63117 114.10161 3.76212 3.69381 448.07432
6892.20891 113.71323 3.74855 3.68124 446.62538
6891.50007 113.03263 3.72483 3.65921 444.31495
6891.12177 112.66338 3.71188 3.64725 442.55388
6890.57739 112.14937 3.69377 3.63061 439.80496
6890.16179 111.75526 3.67975 3.61785 437.92591
6889.64612 111.28305 3.66305 3.60257 435.24655
6888.99654 110.67284 3.64385 3.58281 431.27747
6888.65741 110.34126 3.63335 3.57208 429.34777
6888.05685 109.80489 3.61426 3.55471 426.12113
6887.33646 109.11598 3.58988 3.53241 422.68542
6886.70296 108.45347 3.56661 3.51096 420.16894
6886.58262 108.34507 3.56275 3.50745 419.52001
6885.88384 107.68851 3.53951 3.48620 416.00995
6886.10466 107.86005 3.54566 3.49175 417.48486
6885.36913 107.29434 3.52530 3.47344 412.49960
6884.63080 106.66457 3.50278 3.45305 408.18885
6883.60698 105.70447 3.46868 3.42197 402.83561
6883.74491 105.83142 3.47323 3.42608 403.58734
6882.73712 104.92178 3.44097 3.39663 399.21986
6882.71311 104.89744 3.44012 3.39584 399.15423
6881.80260 104.09630 3.41158 3.36991 394.28908
6881.48495 103.80559 3.40121 3.36050 392.61436
6880.74064 103.13292 3.37726 3.33872 388.48139
6880.32564 102.75791 3.36386 3.32658 386.13685
6879.66441 102.14365 3.34187 3.30670 382.71605
6879.36484 101.86965 3.33276 3.29783 380.90248
6878.80818 101.38537 3.31768 3.28215 377.04982
6878.01224 100.66398 3.29290 3.25879 372.44680
6877.46901 100.12718 3.27359 3.24142 369.79721
6877.05331 99.72818 3.25952 3.22850 367.64449
6877.18574 99.83620 3.26335 3.23200 368.47794
6876.48912 99.30484 3.24447 3.21480 363.82451
6876.05302 98.95812 3.23221 3.20357 361.03302
6875.01160 98.08667 3.20146 3.17536 354.73870
6874.92273 98.00946 3.19873 3.17286 354.19621
6873.93831 97.17814 3.16952 3.14595 349.52564
6873.59317 96.87033 3.15878 3.13598 347.59187
6872.81861 96.19158 3.13556 3.11401 342.99788
6872.40919 95.82405 3.12293 3.10211 340.72161
6871.89008 95.36030 3.10690 3.08710 337.80852
6871.55896 95.08452 3.09748 3.07817 335.86039
6870.93632 94.57694 3.08035 3.06174 332.17748
6870.12180 93.85531 3.05608 3.03838 327.64713
6869.99873 93.74675 3.05257 3.03486 326.97606
6869.11279 93.00973 3.03149 3.01100 321.51695
6869.25315 93.11305 3.03433 3.01435 322.42211
6868.26969 92.35282 3.01208 2.98974 316.48455
6867.71579 91.89130 2.99715 2.97480 313.52524
6866.75999 91.05413 2.97240 2.94770 308.59256
6866.78834 91.05036 2.97213 2.94757 308.81126
6866.18202 90.58424 2.95853 2.93248 305.46190
6865.30065 89.84558 2.93645 2.90857 301.27921
6864.60150 89.19990 2.91752 2.88767 298.41998
6864.17475 88.79413 2.90620 2.87453 296.36080
6864.04669 88.69853 2.90379 2.87144 295.70864
6863.25312 88.03745 2.88629 2.85004 292.03225
6862.70009 87.56913 2.87299 2.83488 289.47916
6861.68210 86.61979 2.84974 2.80414 285.08534
6861.46365 86.40742 2.84263 2.79727 284.14769
6860.47480 85.44782 2.79328 2.76620 280.06718
6859.30720 84.07847 2.73532 2.72187 275.37790
6858.64673 83.14722 2.71178 2.69172 272.73540
6858.26206 82.61961 2.68843 2.67464 271.22538
6857.28571 81.10303 2.68001 2.62555 267.51232
6856.60046 79.68720 2.49010 2.57971 265.58817
6856.79513 80.05369 2.56245 2.59158 266.04834
6856.57201 79.67999 2.48911 2.57948 265.47763
6856.09115 78.95911 2.41786 2.55614 264.08416
6855.77260 78.45708 2.40994 2.53989 263.12182
6855.39064 77.79574 2.38632 2.51848 262.01600
6856.30859 78.93751 2.41336 2.55544 265.13515
6855.93893 78.61289 2.41288 2.54494 263.76916
6856.18319 78.79436 2.41294 2.55081 264.73180
6855.51095 78.29990 2.40625 2.53480 261.98419
6855.48392 78.27761 2.40560 2.53408 261.87758
6854.43681 77.50535 2.38577 2.50908 257.97576
6853.95398 77.12772 2.38045 2.49686 256.22318
6853.33658 76.63726 2.37162 2.48098 254.07999
6852.61540 76.09825 2.36109 2.46353 251.65076
6851.93583 75.51389 2.35254 2.44461 249.44409
6851.19302 74.89084 2.34308 2.42444 247.07961
6851.05496 74.76163 2.34070 2.42026 246.63789
6850.15932 74.03673 2.32807 2.39679 243.88996
6849.73559 73.67330 2.32157 2.38503 242.59916
6848.72479 72.76196 2.30449 2.35552 239.49441
6848.50839 72.56236 2.30063 2.34906 238.83396
6847.59373 71.70258 2.28353 2.32123 236.16103
6847.40031 71.52496 2.27986 2.31548 235.62512
6846.53053 70.69490 2.26272 2.28861 233.09761
6846.30428 70.48118 2.25830 2.28169 232.39662
6845.49316 69.70015 2.24194 2.25640 229.92435
6845.15438 69.37372 2.23504 2.24584 228.92383
6844.38915 68.61082 2.21746 2.22114 226.61735
6844.05589 68.28508 2.21007 2.21059 225.61725
6843.30916 67.51901 2.19199 2.18579 223.36561
6843.16568 67.38186 2.18856 2.18135 222.93518
6842.40130 66.62795 2.16984 2.15695 220.66436
6842.09905 66.32931 2.16331 2.14728 219.79231
6841.48261 65.71047 2.14967 2.12724 218.02031
6841.22473 65.48773 2.14420 2.12003 217.29622
6840.43075 64.70875 2.12336 2.09482 214.95146
6840.45591 64.72024 2.12361 2.09519 215.01105
6839.91738 64.26750 2.11190 2.08053 213.52649
6839.44103 63.85267 2.10103 2.06710 212.19167
6838.98269 63.47269 2.09064 2.05480 211.04808
6838.20216 62.80915 2.07245 2.03332 209.00557
6837.88403 62.52778 2.06475 2.02421 208.10869
6837.01151 61.78032 2.04396 2.00001 205.76112
6836.52681 61.33644 2.03138 1.98564 204.39190
6835.61021 60.46115 2.00601 1.95731 201.78449
6835.48483 60.34332 2.00258 1.95349 201.43235
6834.51713 59.40874 1.97488 1.92324 198.66958
6834.59098 59.47773 1.97692 1.92547 198.87350
6833.59401 58.54746 1.94878 1.89536 196.06864
6833.08784 58.04224 1.93366 1.87900 194.60737
6832.14750 57.03362 1.90588 1.84635 191.90545
6832.51784 57.40714 1.91686 1.85844 192.97437
6831.52424 56.46237 1.88783 1.82786 190.16503
6830.86413 55.77258 1.86616 1.80553 188.19197
6829.99515 54.77313 1.83421 1.77317 185.45381
6830.25674 55.05277 1.84316 1.78222 186.23360
6829.48601 54.27126 1.81816 1.75692 184.06440
6830.07138 54.80201 1.83509 1.77411 185.58805
6829.14347 54.05057 1.81123 1.74978 183.29877
6829.87204 54.57568 1.82782 1.76678 184.98839
6828.84290 53.91538 1.80707 1.74540 182.70336
6828.01455 53.32471 1.78826 1.72628 180.72382
6827.56231 53.00542 1.77803 1.71594 179.66513
6826.53042 52.25287 1.75384 1.69158 177.22539
6825.94590 51.79043 1.73880 1.67661 175.78364
6824.94332 50.93978 1.71093 1.64907 173.19524
6824.66429 50.70064 1.70308 1.64133 172.48084
6823.84046 49.97488 1.67922 1.61784 170.29088
6823.58559 49.75905 1.67208 1.61085 169.63697
6822.68852 48.97997 1.64612 1.58563 167.27080
6821.73611 48.04490 1.61835 1.55536 164.73640
6821.14461 47.38961 1.59630 1.53414 162.85864
6820.90345 47.16115 1.58856 1.52675 162.19855
6820.26782 46.49576 1.56622 1.50521 160.25394
6820.78076 46.93953 1.58111 1.51957 161.60781
6820.45263 46.72083 1.57378 1.51249 160.90168
6819.65804 46.11581 1.55342 1.49291 159.00973
6819.68724 46.12850 1.55385 1.49332 159.05454
6818.77125 45.50616 1.53285 1.47317 157.09296
6818.31132 45.17945 1.52175 1.46259 156.07639
6817.42012 44.51141 1.49909 1.44097 154.03377
6817.24067 44.36998 1.49427 1.43639 153.60335
6816.82769 44.10783 1.48535 1.42790 152.78636
6815.78017 43.38755 1.46074 1.40459 150.58767
6816.43160 43.79641 1.47475 1.41782 151.83436
6815.20225 43.08945 1.45054 1.39493 149.66939
6814.15521 42.39588 1.42683 1.37248 147.59768
6813.80867 42.15246 1.41849 1.36460 146.86977
6812.86500 41.52345 1.39702 1.34424 145.01106
6812.77531 41.46433 1.39499 1.34232 144.83513
6811.78306 40.80312 1.37199 1.32092 142.83741
6811.34321 40.48902 1.36125 1.31075 141.91184
6811.21868 40.42564 1.35917 1.30870 141.74190
6810.13196 39.76070 1.33917 1.28717 140.08205
6809.76024 39.51818 1.33164 1.27932 139.44666
6808.99919 39.02784 1.31460 1.26345 138.03756
6808.25971 38.55349 1.29806 1.24809 136.65920
6807.98110 38.37756 1.29204 1.24240 136.15780
6806.98692 37.73156 1.26976 1.22148 134.31912
6806.99051 37.72982 1.26971 1.22143 134.31089
6805.87171 37.06506 1.24667 1.19991 132.47049
6804.53274 36.09078 1.21302 1.16837 129.59682
6804.05457 35.70325 1.19957 1.15582 128.42010
6803.09682 34.92053 1.17259 1.13048 125.96442
6804.08968 35.62361 1.19687 1.15324 128.10113
6803.51050 35.26448 1.18445 1.14162 127.04147
6803.09314 35.06027 1.17736 1.13501 126.49497
6803.78500 35.36778 1.18804 1.14496 127.29295
6802.63581 34.92650 1.17259 1.13068 126.26425
6801.33459 34.36680 1.15302 1.11256 124.96911
6801.24627 34.31176 1.15110 1.11077 124.81372
6800.57448 34.04605 1.14182 1.10217 124.25392
6799.09302 33.40497 1.11942 1.08142 122.82033
6797.41895 32.45070 1.08626 1.05053 120.24886
6796.54234 31.82552 1.06451 1.03029 118.34615
6795.64417 31.17911 1.04224 1.00936 116.39351
6795.55624 31.10710 1.03996 1.00703 116.18639
6794.72100 30.51185 1.02201 0.98776 114.67640
6795.90150 31.17017 1.04206 1.00907 116.13425
6795.76792 31.13601 1.04097 1.00797 116.11815
6794.52444 30.64973 1.02602 0.99222 115.35125
6793.43164 30.14963 1.00991 0.97603 114.26930
6792.93047 29.91024 1.00149 0.96828 113.68340
6791.63760 29.25146 0.97820 0.94696 111.94903
6790.42716 28.53515 0.95335 0.92377 109.89815
6789.99948 28.24233 0.94317 0.91429 108.98182
6789.15417 27.71704 0.92492 0.89728 107.39180
6789.96674 28.14503 0.93984 0.91114 108.57003
6789.22319 27.82335 0.92857 0.90073 107.81240
6788.00164 27.23940 0.90818 0.88182 106.33523
6788.08138 27.25563 0.90877 0.88235 106.33156
6787.71624 27.12310 0.90409 0.87806 106.07180
6786.28030 26.53605 0.88350 0.85905 104.74924
6784.97838 25.87186 0.86035 0.83755 102.80710
6784.70776 25.71570 0.85492 0.83249 102.33666
6783.80570 25.24924 0.83867 0.81739 101.00642
6783.54634 25.10950 0.83380 0.81287 100.59022
6783.86593 25.24873 0.83867 0.81738 100.94436
6783.01527 24.94263 0.82792 0.80747 100.31663
6781.93557 24.55692 0.81436 0.79498 99.52007
6781.94235 24.54317 0.81389 0.79454 99.44527
6781.27807 24.34051 0.80673 0.78798 99.12706
6779.64479 23.76662 0.78673 0.76940 97.95842
6778.19420 23.10112 0.76327 0.74785 96.02929
6778.32323 23.15787 0.76531 0.74969 96.19576
6777.08635 22.60678 0.74662 0.73185 94.70399
6775.83034 21.96833 0.72733 0.71118 92.96068
6775.63549 21.86597 0.72412 0.70787 92.67766
6774.53923 21.27648 0.70372 0.68878 90.68623
6773.70586 20.79678 0.68697 0.67325 88.94450
6774.69842 21.27110 0.70356 0.68861 90.50148
6773.84790 20.93989 0.69189 0.67789 89.56072
6772.81439 20.55911 0.67872 0.66556 88.54887
6772.81740 20.53508 0.67791 0.66478 88.41881
6772.80218 20.54678 0.67830 0.66516 88.49541
6771.55895 20.21329 0.66671 0.65436 87.89284
6770.10350 19.74245 0.65041 0.63912 86.70257
6769.39667 19.47370 0.64115 0.63042 85.87646
6769.89579 19.62926 0.64651 0.63546 86.27083
6769.06941 19.42696 0.63952 0.62891 85.94290
6768.25999 19.23945 0.63307 0.62284 85.60652
6767.69185 19.11939 0.62897 0.61895 85.40878
6767.42927 19.07848 0.62758 0.61763 85.42758
6766.80044 19.05474 0.62678 0.61686 85.91368
6766.18544 19.01186 0.62532 0.61547 86.28475
6765.21965 18.93184 0.62265 0.61288 86.82119
6763.61750 18.70249 0.61498 0.60546 87.18998
6761.87514 18.32154 0.60219 0.59312 86.82469
6760.16906 17.81121 0.58500 0.57660 85.57636
6758.91714 17.33390 0.56883 0.56115 83.89560
6758.03685 16.95306 0.55588 0.54882 82.40222
6756.58025 16.22184 0.53098 0.52515 79.33351
6755.23443 15.39963 0.50283 0.49853 75.50979
6754.41832 14.82385 0.48314 0.47989 72.67526
6753.37325 14.03960 0.45592 0.45450 68.75497
6752.72305 13.50969 0.43788 0.43735 66.11990
6751.64696 12.55233 0.40839 0.40636 61.90075
6750.92564 11.82723 0.38296 0.38288 58.08715
0.00000 0.00000 0.00000 0.00000 0.00000
