7010.50525 239.94484 7.98750 7.76773 894.84009
7009.84279 238.99582 7.95531 7.73701 894.69989
7009.50475 238.54230 7.94181 7.72233 894.36916
7009.10367 237.99163 7.92297 7.70450 894.03915
7008.50425 237.13352 7.89085 7.67672 893.86871
7008.38640 236.98745 7.88774 7.67199 893.64114
7007.62484 235.98326 7.85492 7.63949 892.60784
7007.50375 235.82164 7.84779 7.63425 892.39539
7006.77787 234.97908 7.82724 7.60698 891.21357
7006.50325 234.65385 7.81557 7.59645 891.05543
7006.04421 233.97490 7.78913 7.57447 890.81209
7005.50275 233.16073 7.76550 7.54811 890.39857
7005.36075 232.97071 7.75947 7.54196 890.26169
7004.65193 231.96653 7.72499 7.50945 890.08730
7004.50225 231.75700 7.71609 7.50267 890.01103
7003.85564 230.96234 7.69713 7.47694 888.59411
7003.50175 230.51938 7.68270 7.46260 887.88310
7003.10137 229.95816 7.65725 7.44444 887.63827
7002.50125 229.13587 7.63517 7.41782 887.17474
7002.36761 228.95397 7.62908 7.41193 887.03515
7001.69612 227.94979 7.59035 7.37942 887.32237
7001.50075 227.66719 7.58059 7.37027 887.33730
7000.89033 226.94561 7.56244 7.34691 885.60857
7000.50025 226.45222 7.54480 7.33094 884.96330
7000.11837 225.94142 7.52371 7.31440 884.54998
6999.49975 225.04056 7.50634 7.28524 883.48994
6999.43228 224.93724 7.50287 7.28189 883.47001
6998.73613 223.93305 7.46138 7.24938 883.44826
6998.49925 223.58653 7.45206 7.23817 883.83121
6997.94261 222.92887 7.43072 7.21688 883.50072
6997.49875 222.39783 7.41121 7.19968 882.51316
6997.14057 221.92469 7.39468 7.18437 881.94012
6996.49825 221.10805 7.37417 7.15793 880.78319
6996.35779 220.92050 7.36769 7.15186 880.63501
6995.67197 219.91632 7.32861 7.11935 880.67644
6995.49775 219.67595 7.32429 7.11157 880.56473
6994.92501 218.91213 7.29738 7.08684 879.93696
6994.49725 218.33399 7.27518 7.06813 879.54922
6994.16147 217.90795 7.26435 7.05433 878.94020
6993.49675 217.08429 7.23658 7.02767 877.65747
6993.35385 216.90377 7.22979 7.02183 877.36846
6992.71666 215.89958 7.19997 6.98932 877.05138
6992.49625 215.60951 7.19343 6.97993 876.69778
6991.98379 214.89540 7.16799 6.95681 876.56384
6991.49575 214.23250 7.14280 6.93535 876.10120
6991.22288 213.89121 7.13761 6.92430 875.59050
6990.49525 212.89557 7.09920 6.89207 875.10322
6990.48853 212.88703 7.09890 6.89179 875.09074
6989.69762 211.88285 7.06960 6.85928 873.52922
6989.49475 211.63381 7.06122 6.85122 873.25481
6988.90188 210.87866 7.03238 6.82677 873.43976
6988.49425 210.37868 7.01606 6.81059 872.95419
6988.10823 209.87448 7.00512 6.79427 872.38952
6987.49375 209.00348 6.96936 6.76607 872.25210
6987.38432 208.87029 6.96389 6.76176 872.02187
6986.61898 207.86611 6.94062 6.72925 870.55560
6986.49325 207.70214 6.93396 6.72394 870.07702
6985.92023 206.86192 6.90267 6.69674 869.97222
6985.49275 206.28958 6.88624 6.67821 869.64537
6985.17042 205.85774 6.87236 6.66423 869.30630
6984.49225 204.87317 6.83486 6.63236 869.49909
6984.47629 204.85356 6.83422 6.63172 869.46319
6983.65008 203.84937 6.80909 6.59922 867.64002
6983.49175 203.65214 6.79889 6.59283 867.30594
6982.88272 202.84519 6.77155 6.56671 866.66989
6982.49125 202.35542 6.76161 6.55085 865.95146
6982.11122 201.84100 6.73745 6.53420 865.74655
6981.49075 200.95926 6.70832 6.50565 865.65963
6981.38481 200.83682 6.70523 6.50169 865.30714
6980.53813 199.83264 6.67095 6.46918 864.18679
6980.49025 199.77409 6.66874 6.46729 864.18927
6979.72897 198.82845 6.63979 6.43667 863.18236
6979.48974 198.51930 6.63404 6.42667 862.28784
6979.02103 197.82427 6.60678 6.40417 862.04454
6978.48924 197.09285 6.58393 6.38049 862.05587
6978.27723 196.82008 6.57996 6.37166 861.74109
6977.51584 195.81590 6.53816 6.33915 861.00150
6977.48874 195.78072 6.53702 6.33801 860.96916
6976.73480 194.81172 6.50987 6.30664 859.95863
6976.48824 194.50230 6.49793 6.29662 859.54882
6975.95295 193.80753 6.47247 6.27413 858.91393
6975.48774 193.21268 6.45603 6.25487 858.26634
6975.18269 192.80335 6.44518 6.24162 858.05208
6974.48724 191.83989 6.40516 6.21043 858.00141
6974.45414 191.79916 6.40411 6.20911 857.94008
6973.66107 190.79498 6.37492 6.17661 856.92512
6973.48674 190.55161 6.36401 6.16873 856.87745
6972.92861 189.79079 6.34524 6.14410 855.59355
6972.48624 189.23916 6.32903 6.12624 854.66481
6972.13865 188.78661 6.30986 6.11159 854.27858
6971.48574 187.94346 6.28248 6.08429 854.30933
6971.34757 187.78243 6.27758 6.07908 854.26496
6970.55068 186.77824 6.24377 6.04657 853.96005
6970.48524 186.69887 6.24032 6.04400 853.80494
6969.71504 185.77406 6.21541 6.01406 852.06414
6969.48474 185.49155 6.20733 6.00492 851.66968
6968.92746 184.76987 6.17370 5.98156 851.10154
6968.48424 184.21624 6.16229 5.96363 850.49656
6968.13381 183.76569 6.14805 5.94905 850.11464
6967.48374 182.90083 6.11317 5.92105 849.80445
6967.36668 182.76151 6.10943 5.91654 849.55993
6966.58259 181.75732 6.07849 5.88403 848.39225
6966.48324 181.62497 6.07445 5.87975 848.12255
6965.84424 180.75314 6.04547 5.85152 847.36945
6965.48274 180.32654 6.03469 5.83771 846.69745
6965.04621 179.74895 6.01595 5.81901 846.41462
6964.48224 178.99911 5.98657 5.79474 846.32098
6964.26971 178.74477 5.98242 5.78650 845.90605
6963.48815 177.74059 5.94380 5.75400 845.06977
6963.48174 177.73272 5.94347 5.75374 845.06314
6962.54603 176.73640 5.91665 5.72149 843.44019
6962.48124 176.67056 5.91409 5.71936 843.25662
6961.74251 175.73222 5.87800 5.68898 842.53951
6961.48074 175.40115 5.86761 5.67826 842.19815
6960.93674 174.72803 5.84772 5.65647 841.56125
6960.48024 174.15483 5.82603 5.63791 841.03607
6960.12551 173.72385 5.81068 5.62396 840.45202
6959.47974 172.94142 5.79091 5.59863 839.57099
6959.29929 172.71967 5.78213 5.59145 839.10338
6958.59750 171.71548 5.75024 5.55895 838.69431
6958.47924 171.57458 5.74810 5.55438 838.48986
6957.80561 170.71130 5.71381 5.52644 838.23243
6957.47874 170.30089 5.69831 5.51315 837.94097
6956.97781 169.70711 5.68486 5.49393 836.95041
6956.47824 169.10210 5.66020 5.47434 836.25740
6956.13505 168.70293 5.64622 5.46142 835.52932
6955.47774 167.93894 5.62308 5.43669 834.13966
6955.28657 167.69874 5.61508 5.42891 834.02361
6954.51631 166.69456 5.57828 5.39640 833.75040
6954.47724 166.64779 5.57687 5.39489 833.67469
6953.62969 165.69038 5.55015 5.36389 832.82383
6953.47674 165.51832 5.54115 5.35832 832.83156
6952.74790 164.68619 5.51487 5.33139 831.69791
6952.47624 164.34423 5.50706 5.32032 831.37362
6951.98171 163.68201 5.47915 5.29888 830.49070
6951.47574 163.06704 5.46401 5.27897 829.58089
6951.16342 162.67782 5.45322 5.26637 829.48716
6950.47524 161.83017 5.41861 5.23893 828.86532
6950.33491 161.67364 5.41394 5.23386 828.48671
6949.48209 160.66946 5.38173 5.20135 827.07924
6949.47474 160.66092 5.38143 5.20108 827.06616
6948.66184 159.66527 5.34583 5.16884 826.44871
6948.47424 159.45702 5.34013 5.16210 825.94773
6947.82764 158.66109 5.31459 5.13634 825.55027
6947.47374 158.22305 5.29693 5.12215 825.36686
6946.97923 157.65690 5.28349 5.10383 824.43060
6946.47324 157.06917 5.26169 5.08480 823.57443
6946.11362 156.65272 5.24317 5.07132 822.85292
6945.47274 155.93026 5.22734 5.04793 821.71922
6945.20514 155.64854 5.21490 5.03881 821.74760
6944.47224 154.80335 5.18420 5.01145 821.03545
6944.34544 154.64435 5.18102 5.00630 820.63304
6943.56186 153.64017 5.14659 4.97379 820.15036
6943.47174 153.53430 5.14241 4.97037 820.08839
6942.70342 152.63598 5.11405 4.94128 819.11594
6942.47124 152.37896 5.10555 4.93296 818.56806
6941.80761 151.63180 5.07812 4.90878 817.24818
6941.47074 151.24369 5.06474 4.89621 816.72504
6940.95966 150.62762 5.04710 4.87627 816.42320
6940.47024 150.04549 5.02442 4.85742 816.08062
6940.09670 149.62343 5.00956 4.84376 815.43510
6939.46973 148.91337 4.99145 4.82077 814.40484
6939.19826 148.61925 4.97739 4.81125 813.72905
6938.46923 147.82906 4.95228 4.78567 811.93450
6938.28756 147.61506 4.94683 4.77874 811.74232
6937.46873 146.62737 4.90844 4.74677 811.60761
6937.45428 146.61088 4.90799 4.74623 811.56957
6936.70287 145.60669 4.88089 4.71373 810.98739
6936.46823 145.33868 4.86910 4.70505 810.80701
6935.69758 144.60251 4.84509 4.68122 809.43521
6935.46773 144.37223 4.83804 4.67376 808.98854
6934.78663 143.59833 4.80921 4.64871 807.95956
6934.46723 143.24209 4.79737 4.63718 807.38844
6933.91697 142.59414 4.77681 4.61620 807.17524
6933.46673 142.08340 4.75843 4.59967 806.65026
6933.00905 141.58996 4.73933 4.58369 805.67170
6932.46623 141.00035 4.72201 4.56460 804.59316
6932.09127 140.58577 4.70807 4.55118 803.95335
6931.46573 139.90110 4.68195 4.52902 802.81793
6931.18198 139.58159 4.67402 4.51867 802.50800
6930.46523 138.73714 4.64322 4.49134 802.42623
6930.32037 138.57741 4.63722 4.48617 802.17447
6929.46473 137.66961 4.61029 4.45678 800.46357
6929.37415 137.57322 4.60617 4.45366 800.27824
6928.56339 136.56904 4.57464 4.42115 799.08713
6928.46423 136.46680 4.57195 4.41784 798.66021
6927.60803 135.56485 4.53783 4.38864 797.75751
6927.46373 135.41794 4.53270 4.38389 797.68382
6926.64607 134.56067 4.50706 4.35613 797.05301
6926.46323 134.36431 4.49914 4.34978 796.64337
6925.70031 133.55649 4.47118 4.32362 795.01761
6925.46273 133.30820 4.46325 4.31559 794.49893
6924.77855 132.55230 4.43547 4.29112 793.84382
6924.46223 132.22350 4.42463 4.28047 793.11573
6923.84427 131.54812 4.40175 4.25861 792.34761
6923.46173 131.13220 4.38689 4.24514 791.84035
6922.90780 130.54393 4.36638 4.22610 790.93646
6922.46123 130.05332 4.35065 4.21022 790.51326
6921.97058 129.53975 4.33241 4.19359 789.59902
6921.46073 128.99732 4.31228 4.17603 788.96706
6921.05895 128.53556 4.29906 4.16108 787.96214
6920.46023 127.85123 4.27807 4.13893 786.73427
6920.17103 127.53138 4.26501 4.12857 786.66364
6919.45973 126.76394 4.24152 4.10373 786.00987
6919.21753 126.52720 4.23231 4.09606 785.10999
6918.45923 125.79535 4.20528 4.07237 783.34108
6918.18291 125.52301 4.19772 4.06356 783.52215
6917.45873 124.82613 4.17245 4.04100 782.02116
6917.17442 124.51883 4.16086 4.03105 781.60641
6916.45823 123.75467 4.13780 4.00631 780.84544
6916.21975 123.51464 4.12879 3.99854 780.33479
6915.45773 122.72637 4.10133 3.97302 779.02479
6915.24608 122.51046 4.09474 3.96603 778.61583
6914.45723 121.71678 4.06472 3.94034 776.93185
6914.25924 121.50628 4.05809 3.93352 776.74971
6913.45673 120.66083 4.03050 3.90615 775.87534
6913.29835 120.50209 4.02386 3.90101 775.54670
6912.45623 119.62656 3.99532 3.87267 774.37994
6912.32929 119.49791 3.99129 3.86851 773.81335
6911.45573 118.54671 3.95991 3.83771 771.77402
6911.40845 118.49372 3.95825 3.83600 771.83204
6910.45523 117.50688 3.92349 3.80405 770.60138
6910.43672 117.48954 3.92285 3.80349 770.53831
6909.45473 116.60517 3.89285 3.77486 769.09713
6909.33330 116.48536 3.88866 3.77098 769.06280
6908.45423 115.60794 3.85785 3.74258 767.22601
6908.32874 115.48117 3.85362 3.73847 767.04313
6907.45373 114.59028 3.82198 3.70963 766.03440
6907.34194 114.47699 3.81802 3.70596 765.88613
6906.45323 113.60910 3.78794 3.67787 763.93004
6906.31705 113.47280 3.78317 3.67346 763.72712
6905.45273 112.61013 3.75300 3.64553 762.35668
6905.30703 112.46862 3.74808 3.64095 762.03127
6904.45223 111.64338 3.71875 3.61423 760.23999
6904.27142 111.46444 3.71224 3.60844 759.99075
6903.45173 110.58965 3.68456 3.58012 758.11502
6903.33106 110.46025 3.68071 3.57593 757.74353
6902.45123 109.59675 3.65002 3.54798 756.15946
6902.30390 109.45607 3.64509 3.54342 755.86106
6901.45073 108.62743 3.61575 3.51660 754.00607
6901.26386 108.45188 3.60928 3.51091 753.46052
6900.45023 107.73301 3.58440 3.48764 752.41011
6900.15287 107.44770 3.57430 3.47840 752.60471
6899.44972 106.78674 3.55006 3.45701 750.74689
6899.07559 106.44351 3.53824 3.44590 749.54499
6898.44922 105.84171 3.51619 3.42641 748.46121
6898.03647 105.43933 3.50153 3.41339 747.86682
6897.44872 104.88406 3.48248 3.39541 746.57602
6896.97471 104.43515 3.46545 3.38088 745.56488
6896.44822 103.95288 3.44814 3.36527 744.03588
6895.89257 103.43096 3.42986 3.34837 742.77597
6895.44772 103.00016 3.41352 3.33442 742.09596
6894.80693 102.42678 3.39251 3.31586 740.18749
6894.44722 102.08482 3.38064 3.30479 739.42798
6893.81399 101.42259 3.35832 3.28335 737.76507
6893.44672 101.07292 3.34659 3.27203 736.30306
6892.75011 100.41841 3.32260 3.25085 734.76038
6892.44622 100.12799 3.31137 3.24144 734.77864
6891.52574 99.41423 3.28543 3.21834 731.44874
6891.44572 99.34632 3.28290 3.21614 731.12871
6890.44739 98.41004 3.24734 3.18583 728.94483
6890.44522 98.40809 3.24727 3.18577 728.93839
6889.44472 97.50503 3.21331 3.15653 726.01863
6889.33703 97.40586 3.20949 3.15332 725.76885
6888.44422 96.62041 3.17994 3.12789 722.50253
6888.20671 96.40167 3.17180 3.12081 721.96024
6887.44372 95.71209 3.14474 3.09849 719.81014
6887.09500 95.39749 3.13233 3.08830 718.84202
6886.44322 94.79193 3.11020 3.06870 717.58346
6886.00595 94.39331 3.09448 3.05579 716.44920
6885.44272 93.90320 3.07487 3.03993 714.57041
6884.87347 93.38912 3.05673 3.02329 712.26286
6884.44222 92.95959 3.04212 3.00938 710.48463
6883.84129 92.38494 3.02069 2.99078 708.28452
6883.44172 92.03474 3.00655 2.97944 707.01158
6882.58904 91.38075 2.98039 2.95827 703.90165
6882.44122 91.26456 2.97572 2.95451 703.32612
6881.44072 90.42727 2.94142 2.92740 697.61356
6881.38330 90.37657 2.93938 2.92576 697.40517
6880.44022 89.58043 2.90568 2.89999 692.41126
6880.20988 89.37238 2.89691 2.89325 691.76247
6879.43972 88.69753 2.86817 2.87140 688.47694
6879.07330 88.36820 2.85433 2.86074 687.24390
6878.43922 87.80327 2.82928 2.84246 684.87947
6877.91457 87.36402 2.80813 2.82824 681.60587
6877.43872 86.97964 2.79154 2.81579 677.90177
6876.74130 86.35983 2.76384 2.79573 674.87283
6876.43822 86.09607 2.74862 2.78719 673.26322
6875.54824 85.35565 2.71118 2.76322 666.66374
6875.43772 85.25486 2.70800 2.75996 666.11785
6874.43722 84.48125 2.67752 2.73491 657.98548
6874.28472 84.35146 2.66986 2.73071 657.64745
6873.43672 83.60958 2.62769 2.70669 649.18195
6873.16506 83.34728 2.61843 2.69820 647.24942
6872.43622 82.78136 2.59973 2.67988 638.51675
6871.91221 82.34310 2.56791 2.66569 633.14135
6871.43572 81.89967 2.53155 2.65134 630.13735
6870.83956 81.33891 2.49163 2.63318 626.17220
6870.43522 81.00524 2.47197 2.62238 620.86815
6869.63028 80.33473 2.41995 2.60068 609.81989
6869.43472 80.17692 2.40641 2.59557 606.59038
6868.52804 79.33054 2.34453 2.56817 596.14500
6868.43422 79.23726 2.34047 2.56515 595.13675
6867.49511 78.32636 2.30582 2.53566 580.75742
6867.43372 78.25097 2.30329 2.53322 580.32753
6866.77501 77.32218 2.27512 2.50315 577.47097
6866.43322 76.85487 2.25449 2.48802 573.09884
6866.06656 76.31799 2.23595 2.47064 568.18463
6865.59343 75.31381 2.21088 2.43813 567.25557
6865.43272 75.01463 2.20310 2.42845 565.65530
6865.00760 74.30962 2.17727 2.40563 561.43283
6864.43222 73.44307 2.15014 2.37757 549.92731
6864.34352 73.30544 2.14804 2.37312 548.00849
6863.74592 72.30126 2.12535 2.34061 535.89277
6863.43172 71.91889 2.11671 2.32823 527.68584
6862.75646 71.29707 2.11156 2.30810 507.85141
6862.43122 70.98653 2.11082 2.29805 499.34525
6861.50159 70.29289 2.10682 2.27559 474.41775
6861.43072 70.23798 2.10611 2.27381 472.69716
6860.43022 69.50041 2.10034 2.24994 449.66439
6860.16283 69.28870 2.09749 2.24308 444.24873
6859.42971 68.70797 2.09003 2.22428 430.32003
6858.85604 68.28452 2.08603 2.21057 419.79921
6858.42921 67.90889 2.08054 2.19841 413.23359
6857.67995 67.28033 2.07190 2.17807 401.82896
6857.42871 67.05610 2.06856 2.17081 398.25213
6856.46594 66.27615 2.05933 2.14556 386.31420
6856.42821 66.24305 2.05888 2.14449 385.87899
6855.42771 65.34099 2.04721 2.11528 373.21924
6855.35311 65.27197 2.04641 2.11305 372.38372
6854.42721 64.40166 2.02983 2.08487 362.31199
6854.28023 64.26778 2.02753 2.08054 360.68848
6853.42671 63.45316 2.01545 2.05417 351.89636
6853.22573 63.26360 2.01011 2.04803 349.85422
6852.42621 62.49371 1.99640 2.02311 342.04596
6852.18195 62.25941 1.99252 2.01552 339.70264
6851.42571 61.50541 1.97158 1.99111 332.81075
6851.16794 61.25523 1.96754 1.98302 330.45848
6850.42521 60.49321 1.94954 1.95835 324.07654
6850.17649 60.25105 1.94198 1.95051 321.88486
6849.42471 59.50955 1.92830 1.92650 315.43334
6849.15873 59.24686 1.92098 1.91800 313.19791
6848.42421 58.51226 1.89846 1.89422 307.12483
6848.11742 58.24268 1.89447 1.88549 304.39754
6847.42371 57.56042 1.87650 1.86340 299.28618
6847.09093 57.23849 1.86709 1.85298 296.98659
6846.42321 56.67315 1.85673 1.83468 291.37268
6845.91873 56.23431 1.84238 1.82047 287.26444
6845.42271 55.82245 1.83060 1.80714 283.23777
6844.72584 55.23013 1.81798 1.78796 277.74394
6844.42221 54.96126 1.80866 1.77926 275.44600
6843.56372 54.22594 1.78968 1.75546 268.97391
6843.42171 54.09349 1.78634 1.75117 267.96254
6842.50884 53.22176 1.75930 1.72295 261.60645
6842.42121 53.14008 1.75718 1.72030 260.99685
6841.46602 52.21757 1.73112 1.69044 254.54243
6841.42071 52.17329 1.72977 1.68901 254.23944
6840.42021 51.23972 1.70353 1.65878 247.55180
6840.39309 51.21339 1.70275 1.65793 247.37513
6839.45689 50.20921 1.67058 1.62542 241.46896
6839.41971 50.17083 1.66953 1.62418 241.25110
6838.41921 49.21948 1.63783 1.59338 235.72386
6838.40516 49.20502 1.63738 1.59291 235.63701
6837.53206 48.20084 1.61023 1.56041 230.08603
6837.41871 48.07379 1.60581 1.55629 229.38890
6836.55354 47.19665 1.57667 1.52790 224.07164
6836.41821 47.07429 1.57284 1.52394 223.22494
6835.41771 46.26379 1.54771 1.49770 216.99218
6835.32381 46.19247 1.54569 1.49539 216.41428
6834.41721 45.61315 1.52822 1.47663 210.85992
6833.82820 45.18828 1.51514 1.46288 207.39229
6833.41671 44.89827 1.50550 1.45349 205.00008
6832.43761 44.18410 1.48323 1.43037 199.47910
6832.41621 44.16579 1.48267 1.42978 199.36080
6831.41571 43.31691 1.45421 1.40230 193.91002
6831.25509 43.17992 1.44979 1.39786 193.04955
6830.41521 42.44012 1.42620 1.37391 188.52154
6830.10428 42.17573 1.41700 1.36535 186.97718
6829.41471 41.58008 1.39711 1.34607 183.82810
6828.99951 41.17155 1.38337 1.33285 181.68431
6828.41421 40.52280 1.36053 1.31184 178.53969
6828.05097 40.16736 1.35060 1.30034 176.68392
6827.41371 39.50031 1.33038 1.27874 173.40483
6827.06792 39.16318 1.31899 1.26783 171.63752
6826.41321 38.69141 1.30371 1.25256 168.48804
6825.71520 38.15900 1.28563 1.23532 165.16652
6825.41271 37.92978 1.27807 1.22790 163.75081
6824.41221 37.24907 1.25524 1.20586 159.25141
6824.27833 37.15481 1.25208 1.20281 158.65565
6823.41171 36.50511 1.22986 1.18178 154.79494
6822.93648 36.15063 1.21745 1.17030 152.72738
6822.41121 35.81179 1.20617 1.15933 150.55717
6821.44446 35.14644 1.18351 1.13780 146.66431
6821.41071 35.12412 1.18277 1.13707 146.54332
6820.41021 34.55264 1.16368 1.11857 142.94999
6819.80125 34.14226 1.14971 1.10529 140.56754
6819.40970 33.86823 1.14033 1.09642 139.05812
6818.40920 33.20109 1.11721 1.07482 135.32931
6818.31368 33.13808 1.11504 1.07278 134.97959
6817.40870 32.53559 1.09438 1.05327 131.70772
6816.83791 32.13389 1.08117 1.04027 129.63632
6816.40820 31.87761 1.07244 1.03197 128.19521
6815.40770 31.26561 1.05098 1.01216 124.87876
6815.20391 31.12971 1.04675 1.00776 124.21693
6814.40720 30.61634 1.03170 0.99114 121.75602
6813.64203 30.12552 1.01629 0.97525 119.39063
6813.40670 29.97739 1.01113 0.97046 118.64842
6812.40620 29.32731 0.98840 0.94941 115.51856
6812.07914 29.12134 0.98131 0.94275 114.59036
6811.40570 28.73590 0.96796 0.93027 112.75653
6810.56775 28.11715 0.94621 0.91024 110.02545
6810.40520 27.97865 0.94130 0.90575 109.45039
6809.40470 27.16098 0.91212 0.87928 106.03663
6809.34030 27.11297 0.91042 0.87773 105.83134
6808.40420 26.54372 0.89145 0.85930 103.24988
6807.55081 26.10879 0.87710 0.84522 101.19782
6807.40370 26.04549 0.87490 0.84317 100.88368
6806.40320 25.66331 0.86152 0.83080 98.95079
6805.40270 25.23167 0.84656 0.81682 96.93226
6805.14860 25.10460 0.84232 0.81271 96.37657
6804.40220 24.80762 0.83202 0.80310 94.99921
6803.40170 24.38082 0.81705 0.78928 93.16939
6802.92102 24.10042 0.80726 0.78020 92.06397
6802.40120 23.72158 0.79367 0.76794 90.61160
6801.53204 23.09623 0.77075 0.74769 88.18386
6801.40070 22.99278 0.76705 0.74435 87.79415
6800.40020 22.28101 0.74482 0.72130 85.27988
6800.09528 22.09205 0.73965 0.71519 84.63818
6799.39970 21.81881 0.73147 0.70634 83.61172
6798.39920 21.43093 0.71809 0.69378 82.09123
6797.66064 21.08787 0.70598 0.68268 80.76523
6797.39870 20.96401 0.70164 0.67867 80.29831
6796.39820 20.45733 0.68371 0.66227 78.42546
6795.77249 20.08368 0.67045 0.65017 77.06246
6795.39770 19.82454 0.66124 0.64178 76.12117
6794.39720 19.20172 0.63964 0.62162 73.86871
6794.18765 19.07950 0.63531 0.61766 73.42778
6793.39670 18.73589 0.62296 0.60654 72.18520
6792.39620 18.25675 0.60657 0.59103 70.47655
6792.04645 18.07531 0.60067 0.58515 69.83057
6791.39570 17.82463 0.59219 0.57704 68.94645
6790.39520 17.42190 0.57813 0.56400 67.54708
6789.72676 17.07113 0.56569 0.55264 66.31471
6789.39470 16.88209 0.55905 0.54652 65.64276
6788.39420 16.36410 0.54047 0.52975 63.82317
6787.81626 16.06695 0.52973 0.52014 62.77655
6787.39370 15.89166 0.52347 0.51446 62.17162
6786.39320 15.53043 0.51092 0.50277 60.95736
6785.39270 15.17352 0.49928 0.49121 59.73220
6785.12385 15.06276 0.49571 0.48763 59.35592
6784.39220 14.83777 0.48823 0.48034 58.62367
6783.39170 14.49512 0.47624 0.46925 57.49150
6782.46414 14.05858 0.46056 0.45512 55.93697
6782.39120 14.02268 0.45930 0.45396 55.80570
6781.39070 13.58057 0.44399 0.43964 54.26784
6780.39020 13.06846 0.42819 0.42307 52.63717
6780.36372 13.05439 0.42776 0.42261 52.59269
6779.38969 12.53160 0.41134 0.40569 50.89196
6778.55328 12.05021 0.39426 0.39010 49.09723
6778.38919 11.97711 0.39157 0.38774 48.82770
6777.38869 11.58774 0.37759 0.37513 47.43188
6776.38819 11.21952 0.36517 0.36321 46.11289
6775.97302 11.04603 0.35959 0.35759 45.47358
6775.38769 10.88680 0.35424 0.35244 44.92982
6774.38719 10.62158 0.34526 0.34385 44.02517
6773.38669 10.29678 0.33416 0.33334 42.85123
6772.71931 10.04184 0.32563 0.32508 41.90047
6772.38619 9.94433 0.32226 0.32193 41.54869
6771.38569 9.69891 0.31384 0.31398 40.67159
6770.38519 9.46788 0.30585 0.30650 39.84624
6769.38469 9.26372 0.29891 0.29989 39.12072
6768.38419 9.12418 0.29382 0.29538 38.64870
6767.38369 9.07176 0.29109 0.29368 38.54036
6766.90326 9.03766 0.28930 0.29258 38.45224
6766.38319 8.99976 0.28726 0.29135 38.34408
6765.38269 8.85952 0.28114 0.28681 37.82987
6764.38219 8.64091 0.27300 0.27973 36.95873
6763.38169 8.34131 0.26477 0.27003 35.72081
6762.59164 8.03347 0.25517 0.26007 34.41260
6762.38119 7.94602 0.25245 0.25724 34.04069
6761.38069 7.44940 0.23569 0.24116 31.90055
6760.70593 7.02929 0.22283 0.22756 30.07216
6760.38019 6.79539 0.21527 0.21999 29.05653
6759.37969 6.04443 0.18963 0.19568 25.80107
6759.35486 6.02510 0.18903 0.19505 25.71701
6758.37919 5.15793 0.15901 0.16698 21.90095
6758.25191 5.02092 0.15426 0.16254 21.32447
0.00000 0.00000 0.00000 0.00000 0.00000
