7000.50025 239.44581 7.97154 7.75158 893.32005
7000.17024 238.99582 7.95431 7.73701 892.95807
6999.49975 238.11938 7.93189 7.70864 891.97963
6999.40590 237.99163 7.92876 7.70450 891.87823
6998.74152 236.98745 7.88600 7.67199 892.11726
6998.49925 236.64560 7.87811 7.66093 892.33509
6997.92603 235.98326 7.85833 7.63949 891.70374
6997.49875 235.46520 7.83676 7.62271 890.78770
6997.13119 234.97908 7.82158 7.60698 890.24449
6996.49825 234.11402 7.79780 7.57897 889.22317
6996.40208 233.97490 7.79421 7.57447 888.99436
6995.76370 232.97071 7.75640 7.54196 889.24161
6995.49775 232.58875 7.74627 7.52960 889.21142
6995.03784 231.96653 7.73002 7.50945 888.66158
6994.49725 231.24254 7.69848 7.48601 888.03225
6994.26732 230.96234 7.69225 7.47694 887.45652
6993.50224 229.95816 7.66012 7.44444 886.36266
6993.49675 229.95117 7.65984 7.44421 886.35167
6992.77009 228.95397 7.62610 7.41193 885.68089
6992.49625 228.59329 7.61609 7.40025 885.30368
6992.04611 227.94979 7.59575 7.37942 885.19630
6991.49575 227.17261 7.56513 7.35426 884.92159
6991.31060 226.94561 7.56145 7.34691 884.44221
6990.58920 225.94142 7.52542 7.31440 884.01581
6990.49525 225.80047 7.52009 7.30984 883.93534
6989.89228 224.93724 7.49836 7.28189 882.67588
6989.49475 224.44831 7.48270 7.26607 881.94811
6989.08713 223.93305 7.46245 7.24938 881.94408
6988.49425 223.16464 7.43616 7.22451 881.75860
6988.31686 222.92887 7.42974 7.21688 881.55615
6987.61529 221.92469 7.39586 7.18437 881.19070
6987.49375 221.75624 7.38815 7.17891 881.13185
6986.81726 220.92050 7.36801 7.15186 879.62102
6986.49325 220.50973 7.35327 7.13856 879.02606
6986.06977 219.91632 7.32789 7.11935 878.82470
6985.49275 219.11314 7.30529 7.09335 878.42924
6985.34732 218.91213 7.29851 7.08684 878.29893
6984.66473 217.90795 7.26146 7.05433 878.51363
6984.49225 217.66737 7.25246 7.04655 878.38818
6983.86062 216.90377 7.23502 7.02183 876.91762
6983.49175 216.38593 7.21592 7.00506 876.17280
6983.16158 215.89958 7.19694 6.98932 875.61346
6982.49125 215.02825 7.17785 6.96111 874.59910
6982.39276 214.89540 7.17282 6.95681 874.51729
6981.70128 213.89121 7.13177 6.92430 874.59162
6981.49075 213.59363 7.12324 6.91467 874.42625
6980.89686 212.88703 7.10226 6.89179 873.06561
6980.49025 212.38906 7.08380 6.87567 872.98335
6980.09152 211.88285 7.06421 6.85928 872.92760
6979.48974 211.13248 7.04850 6.83499 871.59989
6979.30012 210.87866 7.03823 6.82677 871.35142
6978.59165 209.87448 7.00066 6.79427 871.19731
6978.48924 209.73035 6.99813 6.78960 871.17254
6977.85568 208.87029 6.96696 6.76176 870.65059
6977.48874 208.36853 6.94773 6.74551 870.48572
6977.11467 207.86611 6.93506 6.72925 869.57037
6976.48824 206.99187 6.90995 6.70095 868.57251
6976.39213 206.86192 6.90534 6.69674 868.51410
6975.64836 205.85774 6.87011 6.66423 867.88693
6975.48774 205.64820 6.86630 6.65745 867.67655
6974.91505 204.85356 6.83629 6.63172 867.45628
6974.48724 204.27387 6.81562 6.61296 867.14522
6974.15693 203.84937 6.80755 6.59922 866.64633
6973.48674 202.95041 6.77229 6.57011 866.01992
6973.40109 202.84519 6.76846 6.56671 865.84236
6972.60910 201.84100 6.73857 6.53420 864.46216
6972.48624 201.69349 6.73424 6.52942 864.13508
6971.83739 200.83682 6.70148 6.50169 863.41770
6971.48574 200.39486 6.68722 6.48738 863.49826
6971.02784 199.83264 6.67593 6.46918 863.37737
6970.48524 199.10911 6.64319 6.44576 863.10317
6970.25580 198.82845 6.63441 6.43667 862.25125
6969.51528 197.82427 6.61124 6.40417 860.76309
6969.48474 197.78835 6.60959 6.40300 860.69010
6968.76230 196.82008 6.57254 6.37166 860.21912
6968.48424 196.45929 6.56268 6.35998 859.84263
6968.00161 195.81590 6.54202 6.33915 859.48568
6967.48374 195.08880 6.51303 6.31561 859.46821
6967.25820 194.81172 6.50404 6.30664 859.04146
6966.48324 193.85717 6.47829 6.27574 857.49693
6966.44456 193.80753 6.47588 6.27413 857.43816
6965.68589 192.80335 6.44291 6.24162 856.72217
6965.48274 192.55361 6.43782 6.23354 856.33503
6964.92599 191.79916 6.40449 6.20911 856.06756
6964.48224 191.20232 6.38657 6.18979 855.86684
6964.15069 190.79498 6.37481 6.17661 855.33752
6963.48174 189.83457 6.34324 6.14551 854.35252
6963.44625 189.79079 6.34177 6.14410 854.22711
6962.54148 188.78661 6.31250 6.11159 852.89356
6962.48124 188.72207 6.31102 6.10950 852.74994
6961.77528 187.78243 6.27267 6.07908 852.27043
6961.48074 187.39690 6.26358 6.06660 851.97912
6961.00046 186.77824 6.24866 6.04657 851.48167
6960.48024 186.11484 6.21733 6.02510 850.82346
6960.20282 185.77406 6.20870 6.01406 850.32201
6959.47974 184.83781 6.17924 5.98375 849.64257
6959.42523 184.76987 6.17642 5.98156 849.56450
6958.64790 183.76569 6.14145 5.94905 848.79401
6958.47924 183.56173 6.13608 5.94244 848.47688
6957.86094 182.76151 6.11065 5.91654 847.87935
6957.47874 182.25632 6.08876 5.90018 847.85435
6957.08108 181.75732 6.07744 5.88403 846.77901
6956.47824 180.93688 6.05218 5.85747 845.78319
6956.33665 180.75314 6.04339 5.85152 845.67935
6955.52819 179.74895 6.01743 5.81901 844.50523
6955.47774 179.68901 6.01531 5.81707 844.40360
6954.75883 178.74477 5.97555 5.78650 844.08693
6954.47724 178.38856 5.96612 5.77497 843.68914
6953.92010 177.74059 5.94603 5.75400 842.76536
6953.47674 177.21105 5.92654 5.73685 843.00003
6953.07460 176.73640 5.90932 5.72149 842.62763
6952.47624 176.05139 5.89059 5.69931 840.86611
6952.21891 175.73222 5.87980 5.68898 840.50686
6951.47574 174.78412 5.84527 5.65829 839.89122
6951.43009 174.72803 5.84426 5.65647 839.81766
6950.66157 173.72385 5.80911 5.62396 839.48745
6950.47524 173.48989 5.79915 5.61639 839.33901
6949.83430 172.71967 5.78129 5.59145 838.18556
6949.47474 172.24498 5.76388 5.57609 837.24700
6949.08990 171.71548 5.74461 5.55895 836.93733
6948.47424 170.95356 5.72200 5.53428 836.31439
6948.27326 170.71130 5.71389 5.52644 835.98314
6947.49096 169.70711 5.67700 5.49393 835.59881
6947.47374 169.68632 5.67632 5.49326 835.57206
6946.66085 168.70293 5.64824 5.46142 834.45887
6946.47324 168.47380 5.63902 5.45400 834.20931
6945.81389 167.69874 5.61161 5.42891 832.76195
6945.47274 167.30734 5.60361 5.41624 832.33256
6944.92637 166.69456 5.57625 5.39640 832.31381
6944.47224 166.17771 5.56012 5.37967 831.58357
6944.08130 165.69038 5.54861 5.36389 831.08870
6943.47174 164.94339 5.51684 5.33971 830.50731
6943.24679 164.68619 5.50818 5.33139 830.09748
6942.48037 163.68201 5.48020 5.29888 828.94838
6942.47124 163.67149 5.47987 5.29854 828.91071
6941.66616 162.67782 5.44388 5.26637 827.92540
6941.47074 162.45199 5.43674 5.25906 827.54652
6940.82954 161.67364 5.41384 5.23386 826.84301
6940.47024 161.22723 5.39517 5.21941 826.61009
6939.99526 160.66946 5.37899 5.20135 825.81515
6939.46973 160.05945 5.36143 5.18160 824.86988
6939.13291 159.66527 5.34310 5.16884 824.31946
6938.46923 158.90757 5.32217 5.14431 823.03436
6938.26490 158.66109 5.31471 5.13634 822.79803
6937.46873 157.66815 5.27659 5.10419 822.47621
6937.45896 157.65690 5.27630 5.10383 822.45828
6936.64109 156.65272 5.24285 5.07132 821.85935
6936.46823 156.45080 5.23502 5.06478 821.66372
6935.68114 155.64854 5.20886 5.03881 820.66270
6935.46773 155.42190 5.20138 5.03147 820.35439
6934.84629 154.64435 5.17656 5.00630 819.05269
6934.46723 154.18040 5.16061 4.99128 818.02007
6934.03299 153.64017 5.14580 4.97379 818.16369
6933.46673 152.96477 5.12169 4.95193 817.65343
6933.17093 152.63598 5.10731 4.94128 816.98478
6932.46623 151.86122 5.08686 4.91620 815.29539
6932.26760 151.63180 5.07837 4.90878 815.00206
6931.46573 150.69226 5.04503 4.87836 814.16168
6931.40964 150.62762 5.04384 4.87627 814.08309
6930.59316 149.62343 5.00701 4.84376 813.97041
6930.46523 149.47545 5.00178 4.83897 813.82044
6929.71264 148.61925 4.97686 4.81125 812.63658
6929.46473 148.33743 4.96502 4.80213 812.29620
6928.81096 147.61506 4.93983 4.77874 810.93004
6928.46423 147.23610 4.92797 4.76647 810.11128
6927.89774 146.61088 4.90519 4.74623 809.06341
6927.46373 146.08906 4.88904 4.72934 808.91551
6927.06519 145.60669 4.87468 4.71373 809.15638
6926.46323 144.95460 4.85329 4.69262 807.96498
6926.14243 144.60251 4.84000 4.68122 807.25549
6925.46273 143.84111 4.81573 4.65657 806.16632
6925.24550 143.59833 4.80867 4.64871 805.84312
6924.46223 142.69908 4.77428 4.61960 805.11212
6924.37065 142.59414 4.77123 4.61620 805.03566
6923.48419 141.58996 4.73832 4.58369 803.96308
6923.46173 141.56383 4.73721 4.58285 803.94848
6922.59315 140.58577 4.70726 4.55118 802.87730
6922.46123 140.44156 4.70213 4.54651 802.64367
6921.67376 139.58159 4.66915 4.51867 801.22569
6921.46073 139.35730 4.66321 4.51141 800.73223
6920.76625 138.57741 4.63567 4.48617 799.90153
6920.46023 138.24752 4.62349 4.47549 799.34147
6919.85172 137.57322 4.60255 4.45366 798.72550
6919.45973 137.07145 4.58586 4.43741 798.62249
6919.02591 136.56904 4.56962 4.42115 797.08359
6918.45923 135.99379 4.54997 4.40253 796.14650
6918.03803 135.56485 4.53621 4.38864 796.32054
6917.45873 134.99046 4.51625 4.37005 794.82314
6917.06718 134.56067 4.50027 4.35613 794.14019
6916.45823 133.87082 4.47838 4.33380 793.81603
6916.15876 133.55649 4.46623 4.32362 793.19405
6915.45773 132.80461 4.44074 4.29928 792.07286
6915.22662 132.55230 4.43355 4.29112 791.79173
6914.45723 131.74774 4.40220 4.26507 790.17414
6914.27228 131.54812 4.39589 4.25861 789.90242
6913.45673 130.64719 4.36742 4.22944 789.21530
6913.35877 130.54393 4.36307 4.22610 789.04470
6912.45623 129.58066 4.33239 4.19491 787.63892
6912.41783 129.53975 4.33104 4.19359 787.60488
6911.51798 128.53556 4.29536 4.16108 786.32998
6911.45573 128.47046 4.29398 4.15897 785.99868
6910.65355 127.53138 4.26422 4.12857 785.49377
6910.45523 127.31127 4.25528 4.12145 785.44623
6909.61734 126.52720 4.23146 4.09606 784.08393
6909.45473 126.37178 4.22577 4.09103 783.95059
6908.62804 125.52301 4.19495 4.06356 782.31895
6908.45423 125.34862 4.18983 4.05791 781.86855
6907.64869 124.51883 4.16017 4.03105 780.45862
6907.45373 124.32191 4.15315 4.02467 780.00558
6906.68330 123.51464 4.12650 3.99854 778.93164
6906.45323 123.26871 4.11761 3.99058 778.74570
6905.72025 122.51046 4.09125 3.96603 777.59357
6905.45273 122.24415 4.08238 3.95741 776.94744
6904.72840 121.50628 4.05608 3.93352 775.62790
6904.45223 121.22995 4.04678 3.92458 775.00568
6903.76146 120.50209 4.02191 3.90101 774.28618
6903.45173 120.16799 4.00994 3.89020 774.42141
6902.80958 119.49791 3.98769 3.86851 772.97288
6902.45123 119.09160 3.97555 3.85535 772.09282
6901.90284 118.49372 3.95608 3.83600 771.50118
6901.45073 118.05948 3.93993 3.82194 770.16097
6900.84479 117.48954 3.92076 3.80349 768.70365
6900.45023 117.11640 3.90809 3.79141 768.80882
6899.80129 116.48536 3.88490 3.77098 768.17987
6899.44972 116.13468 3.87338 3.75963 767.35556
6898.79285 115.48117 3.85043 3.73847 766.14143
6898.44922 115.15829 3.83851 3.72802 765.07826
6897.75857 114.47699 3.81567 3.70596 763.70001
6897.44872 114.17821 3.80499 3.69629 762.93938
6896.73638 113.47280 3.77976 3.67346 761.68217
6896.44822 113.17436 3.76997 3.66379 761.52315
6895.72267 112.46862 3.74445 3.64095 759.92872
6895.44772 112.20428 3.73523 3.63239 759.25403
6894.68728 111.46444 3.70978 3.60844 757.92642
6894.44722 111.21311 3.70052 3.60030 757.75077
6893.75085 110.46025 3.67772 3.57593 755.86068
6893.44672 110.15896 3.66794 3.56618 755.13329
6892.71976 109.45607 3.64155 3.54342 753.69706
6892.44622 109.18024 3.63222 3.53449 753.75417
6891.59554 108.45188 3.60663 3.51091 752.37987
6891.44572 108.32739 3.60173 3.50688 751.62632
6890.54503 107.44770 3.57158 3.47840 749.95605
6890.44522 107.35071 3.56811 3.47526 749.81614
6889.47593 106.44351 3.53438 3.44590 747.34525
6889.44472 106.41209 3.53334 3.44488 747.32978
6888.44422 105.44582 3.49814 3.41360 745.70528
6888.43730 105.43933 3.49789 3.41339 745.68886
6887.44372 104.52719 3.46703 3.38386 742.76661
6887.34772 104.43515 3.46339 3.38088 742.60437
6886.44322 103.59742 3.43256 3.35376 740.25942
6886.26753 103.43096 3.42720 3.34837 739.90176
6885.44272 102.66946 3.39805 3.32372 737.73943
6885.16883 102.42678 3.38918 3.31586 736.92021
6884.44222 101.70405 3.36492 3.29247 735.40616
6884.18656 101.42259 3.35551 3.28335 734.84903
6883.44172 100.69748 3.33045 3.25988 733.07222
6883.11190 100.41841 3.32003 3.25085 732.43977
6882.44122 99.87233 3.29908 3.23317 731.17325
6881.94880 99.41423 3.28282 3.21834 730.15046
6881.44072 98.92560 3.26443 3.20252 729.39219
6880.84211 98.41004 3.24467 3.18583 726.88975
6880.44022 98.06053 3.23223 3.17451 725.25399
6879.75617 97.40586 3.20719 3.15332 724.50584
6879.43972 97.11530 3.19614 3.14391 723.78224
6878.62449 96.40167 3.16979 3.12081 720.69912
6878.43922 96.23221 3.16310 3.11533 720.24998
6877.47034 95.39749 3.13088 3.08830 716.16525
6877.43872 95.36938 3.12984 3.08739 716.06391
6876.43822 94.44613 3.09413 3.05750 713.89224
6876.38035 94.39331 3.09213 3.05579 713.74926
6875.43772 93.55594 3.05973 3.02869 710.84765
6875.25170 93.38912 3.05361 3.02329 709.54780
6874.43722 92.64542 3.02803 2.99921 706.00758
6874.13969 92.38494 3.01815 2.99078 706.21267
6873.43672 91.81054 2.99477 2.97218 703.02277
6872.95302 91.38075 2.97765 2.95827 701.13127
6872.43622 90.92171 2.95893 2.94341 699.46860
6871.79156 90.37657 2.93637 2.92576 696.16876
6871.43572 90.07568 2.92405 2.91602 694.31555
6870.61585 89.37238 2.89372 2.89325 690.42164
6870.43522 89.20974 2.88664 2.88799 689.84228
6869.47626 88.36820 2.85067 2.86074 685.88708
6869.43472 88.33000 2.84904 2.85951 685.78699
6868.43422 87.50497 2.81095 2.83280 679.11399
6868.27792 87.36402 2.80434 2.82824 678.61284
6867.43372 86.67384 2.77481 2.80589 672.39652
6867.06661 86.35983 2.76004 2.79573 670.19865
6866.43322 85.82616 2.72768 2.77845 666.05717
6865.85722 85.35565 2.70691 2.76322 660.60555
6865.43272 84.97455 2.69695 2.75088 659.98612
6864.60898 84.35146 2.66417 2.73071 654.70114
6864.43222 84.21060 2.65473 2.72615 652.34219
6863.50181 83.34728 2.60921 2.69820 642.82853
6863.43172 83.28773 2.60764 2.69627 642.18823
6862.43122 82.53251 2.57492 2.67183 628.46908
6862.21441 82.34310 2.55874 2.66569 626.48044
6861.43072 81.62617 2.50647 2.64248 620.45975
6861.12841 81.33891 2.48677 2.63318 618.54560
6860.43022 80.79170 2.44518 2.61547 607.42893
6859.97446 80.33473 2.41275 2.60068 604.66341
6859.42971 79.84330 2.37455 2.58477 598.25612
6858.86808 79.33054 2.33437 2.56817 590.53612
6858.42921 78.88503 2.32129 2.55374 585.87742
6857.89316 78.32636 2.29790 2.53566 578.56249
6857.42871 77.72495 2.27814 2.51619 574.44079
6857.10030 77.32218 2.26949 2.50315 570.14397
6856.42821 76.41150 2.23451 2.47367 565.49491
6856.35615 76.31799 2.23101 2.47064 564.53070
6855.85976 75.31381 2.20170 2.43813 562.48177
6855.42771 74.44457 2.18090 2.40999 557.29376
6855.34734 74.30962 2.17607 2.40563 555.86004
6854.74493 73.30544 2.13811 2.37312 544.18673
6854.42721 72.82591 2.12926 2.35759 536.93214
6854.06031 72.30126 2.12100 2.34061 528.37849
6853.42671 71.64915 2.11384 2.31950 510.47174
6852.97578 71.29707 2.11132 2.30810 497.10441
6852.42621 70.81749 2.11067 2.29257 482.97068
6851.71932 70.29289 2.10577 2.27559 465.14672
6851.42571 70.07077 2.10345 2.26840 458.34318
6850.42521 69.35052 2.09892 2.24508 436.64021
6850.34863 69.28870 2.09800 2.24308 435.19428
6849.42471 68.56330 2.08997 2.21960 418.45705
6849.05889 68.28452 2.08760 2.21057 412.22723
6848.42421 67.72274 2.07910 2.19239 402.73761
6847.85273 67.28033 2.07441 2.17807 394.26017
6847.42371 66.91589 2.06909 2.16627 389.74175
6846.69993 66.27615 2.06022 2.14556 381.06207
6846.42321 66.02588 2.05804 2.13746 377.11747
6845.59436 65.27197 2.04859 2.11305 367.12157
6845.42271 65.10079 2.04576 2.10751 365.39522
6844.52656 64.26778 2.03107 2.08054 355.70673
6844.42221 64.16691 2.02921 2.07728 354.64323
6843.48708 63.26360 2.01289 2.04803 345.34553
6843.42171 63.20117 2.01131 2.04601 344.70204
6842.44501 62.25941 1.99424 2.01552 335.38798
6842.42121 62.23465 1.99371 2.01472 335.17953
6841.44424 61.25523 1.96975 1.98302 326.49224
6841.42071 61.23044 1.96932 1.98221 326.29474
6840.44874 60.25105 1.94572 1.95051 317.99984
6840.42021 60.22274 1.94490 1.94959 317.75780
6839.46068 59.24686 1.92323 1.91800 309.75284
6839.41971 59.20593 1.92207 1.91667 309.44842
6838.41921 58.35090 1.89726 1.88899 302.10088
6838.30447 58.24268 1.89522 1.88549 301.17365
6837.41871 57.32730 1.87272 1.85586 293.73017
6837.32682 57.23849 1.87038 1.85298 292.97910
6836.41821 56.46125 1.85306 1.82782 285.57421
6836.16039 56.23431 1.84512 1.82047 283.53463
6835.41771 55.60878 1.82914 1.80022 277.66131
6834.98542 55.23013 1.82087 1.78796 274.38333
6834.41721 54.72639 1.80417 1.77166 270.17621
6833.85278 54.22594 1.79225 1.75546 266.06854
6833.41671 53.80612 1.78142 1.74187 263.05953
6832.81690 53.22176 1.76153 1.72295 258.98897
6832.41621 52.83441 1.75244 1.71041 256.28557
6831.78421 52.21757 1.73411 1.69044 252.08347
6831.41571 51.86908 1.72273 1.67916 249.64969
6830.72197 51.21339 1.70621 1.65793 245.04426
6830.41521 50.87003 1.69438 1.64682 243.14117
6829.73255 50.20921 1.67240 1.62542 239.31862
6829.41471 49.90652 1.66432 1.61562 237.59421
6828.75976 49.20502 1.63972 1.59291 233.60979
6828.41421 48.79915 1.62716 1.57977 231.48913
6827.87884 48.20084 1.61258 1.56041 228.14265
6827.41371 47.70709 1.59513 1.54442 225.28675
6826.87455 47.19665 1.57838 1.52790 221.97687
6826.41321 46.80559 1.56723 1.51524 219.12907
6825.60847 46.19247 1.54755 1.49539 214.19305
6825.41271 46.06375 1.54397 1.49122 213.00261
6824.41221 45.40688 1.52433 1.46996 207.05626
6824.12414 45.18828 1.51744 1.46288 205.40104
6823.41171 44.67306 1.50015 1.44620 201.35935
6822.77008 44.18410 1.48524 1.43037 197.83478
6822.41121 43.87056 1.47565 1.42022 195.87548
6821.58734 43.17992 1.45167 1.39786 191.52324
6821.41071 43.03248 1.44713 1.39309 190.71470
6820.41073 42.17573 1.41868 1.36535 185.83149
6820.41021 42.17526 1.41867 1.36534 185.82872
6819.42135 41.17155 1.38579 1.33285 180.63482
6819.40970 41.15823 1.38533 1.33242 180.57340
6818.45925 40.16736 1.35171 1.30034 175.63917
6818.40920 40.11289 1.35025 1.29857 175.38171
6817.45589 39.16318 1.32059 1.26783 170.54698
6817.40870 39.12815 1.31933 1.26670 170.31918
6816.40820 38.41623 1.29628 1.24365 165.60742
6816.07906 38.15900 1.28746 1.23532 164.06190
6815.40770 37.66769 1.27106 1.21942 160.99695
6814.66487 37.15481 1.25375 1.20281 157.70979
6814.40720 36.95598 1.24694 1.19638 156.55813
6813.40670 36.21349 1.22132 1.17234 152.21658
6813.32019 36.15063 1.21911 1.17030 151.84555
6812.40620 35.54953 1.19873 1.15084 148.13447
6811.78451 35.14644 1.18498 1.13780 145.90380
6811.40570 34.92335 1.17760 1.13057 144.49589
6810.40520 34.28530 1.15618 1.10992 140.66278
6810.19768 34.14226 1.15124 1.10529 139.86862
6809.40470 33.60380 1.13276 1.08786 136.88104
6808.70359 33.13808 1.11653 1.07278 134.30984
6808.40420 32.93570 1.10946 1.06623 133.22462
6807.40370 32.23708 1.08582 1.04361 129.61310
6807.25485 32.13389 1.08239 1.04027 129.08260
6806.40320 31.63782 1.06536 1.02421 126.29201
6805.62193 31.12971 1.04828 1.00776 123.72546
6805.40270 30.98193 1.04391 1.00298 123.03611
6804.40220 30.36629 1.02554 0.98305 120.04141
6804.00468 30.12552 1.01750 0.97525 118.85041
6803.40170 29.75850 1.00475 0.96337 117.12801
6802.45557 29.12134 0.98256 0.94275 114.18441
6802.40120 29.08759 0.98139 0.94165 114.02241
6801.40070 28.40149 0.95750 0.91944 110.92161
6801.02463 28.11715 0.94742 0.91024 109.69521
6800.40020 27.60569 0.92917 0.89368 107.56640
6799.77635 27.11297 0.91171 0.87773 105.49602
6799.39970 26.85700 0.90293 0.86944 104.38084
6798.39920 26.32431 0.88555 0.85220 101.89641
6797.94940 26.10879 0.87842 0.84522 100.87455
6797.39870 25.88789 0.87069 0.83807 99.77010
6796.39820 25.49468 0.85685 0.82534 97.84485
6795.56972 25.10460 0.84343 0.81271 96.10746
6795.39770 25.03768 0.84111 0.81054 95.79285
6794.39720 24.64424 0.82730 0.79781 94.03268
6793.39670 24.10599 0.80841 0.78038 91.85304
6793.38777 24.10042 0.80821 0.78020 91.83114
6792.39620 23.36957 0.78190 0.75654 89.04894
6792.01579 23.09623 0.77179 0.74769 87.99045
6791.39570 22.62898 0.75588 0.73257 86.27483
6790.56807 22.09205 0.74077 0.71519 84.45391
6790.39520 22.02011 0.73871 0.71286 84.19070
6789.39470 21.65239 0.72704 0.70095 82.76814
6788.39420 21.23819 0.71217 0.68754 81.14333
6788.09992 21.08787 0.70687 0.68268 80.57249
6787.39370 20.73192 0.69428 0.67115 79.25191
6786.39320 20.16072 0.67401 0.65266 77.16852
6786.25448 20.08368 0.67128 0.65017 76.88846
6785.39270 19.57175 0.65323 0.63360 75.03695
6784.62944 19.07950 0.63615 0.61766 73.26266
6784.39220 18.96166 0.63198 0.61385 72.83516
6783.39170 18.51862 0.61634 0.59950 71.24166
6782.51368 18.07531 0.60141 0.58515 69.66527
6782.39120 18.02638 0.59976 0.58357 69.49335
6781.39070 17.64434 0.58665 0.57120 68.15718
6780.39020 17.16264 0.56965 0.55561 66.46789
6780.22031 17.07113 0.56637 0.55264 66.14675
6779.38969 16.63038 0.55070 0.53838 64.59902
6778.38919 16.10829 0.53201 0.52147 62.76167
6778.30348 16.06695 0.53052 0.52014 62.61779
6777.38869 15.72473 0.51819 0.50906 61.46184
6776.38819 15.38658 0.50691 0.49811 60.31300
6775.59524 15.06276 0.49636 0.48763 59.19987
6775.38769 14.99710 0.49420 0.48550 58.98420
6774.38719 14.68415 0.48345 0.47537 57.96742
6773.38669 14.28710 0.46945 0.46252 56.60853
6772.92082 14.05858 0.46116 0.45512 55.78613
6772.38619 13.80709 0.45227 0.44698 54.88899
6771.38569 13.34540 0.43707 0.43203 53.35202
6770.82754 13.05439 0.42833 0.42261 52.45367
6770.38519 12.80475 0.42075 0.41453 51.67026
6769.38469 12.23898 0.40146 0.39621 49.65347
6769.02757 12.05021 0.39470 0.39010 48.95296
6768.38419 11.79497 0.38539 0.38184 48.02334
6767.38369 11.44216 0.37310 0.37042 46.76967
6766.45844 11.04603 0.35999 0.35759 45.33634
6766.38319 11.02336 0.35923 0.35686 45.25740
6765.38269 10.76366 0.35040 0.34845 44.36821
6764.38219 10.47141 0.34053 0.33899 43.33950
6763.38169 10.11384 0.32846 0.32742 42.02261
6763.18594 10.04184 0.32607 0.32508 41.75543
6762.38119 9.82467 0.31855 0.31805 40.98148
6761.38069 9.59441 0.31036 0.31060 40.16600
6760.38019 9.38191 0.30302 0.30372 39.41381
6759.37969 9.21918 0.29730 0.29845 38.85423
6758.37919 9.13791 0.29391 0.29582 38.62124
6757.37869 9.08011 0.29085 0.29395 38.49415
6756.97709 9.03766 0.28896 0.29258 38.35248
6756.37819 8.96951 0.28575 0.29037 38.11679
6755.37769 8.77194 0.27789 0.28397 37.34977
6754.37719 8.50018 0.26915 0.27518 36.24227
6753.37669 8.14602 0.25892 0.26371 34.75814
6753.13753 8.03347 0.25520 0.26007 34.27931
6752.37619 7.66019 0.24286 0.24798 32.67866
6751.37569 7.08924 0.22458 0.22950 30.21758
6751.28312 7.02929 0.22263 0.22756 29.95780
6750.37519 6.39651 0.20125 0.20707 27.21250
6749.90970 6.02510 0.18857 0.19505 25.61000
6749.37469 5.51635 0.17127 0.17858 23.37204
6748.90408 5.02092 0.15445 0.16254 21.23353
0.00000 0.00000 0.00000 0.00000 0.00000
