6673.75704 10.04184 0.23425 0.32508 120.82021
6674.33717 10.11020 0.23740 0.32730 121.06511
6675.33767 10.22251 0.24271 0.33093 121.38126
6676.33817 10.33793 0.24813 0.33467 121.69750
6677.33867 10.45871 0.25373 0.33858 122.05482
6678.33917 10.57744 0.25921 0.34242 122.35911
6679.33967 10.70455 0.26492 0.34654 122.72809
6680.34017 10.82515 0.27030 0.35044 123.11311
6681.34067 10.96428 0.27649 0.35495 123.55509
6681.88635 11.04603 0.28007 0.35759 123.86586
6682.34117 11.11416 0.28305 0.35980 124.10482
6683.34167 11.25000 0.28923 0.36420 124.43556
6684.34217 11.40557 0.29612 0.36923 124.96240
6685.34267 11.53992 0.30228 0.37358 125.18408
6686.34317 11.68579 0.30897 0.37830 125.52201
6687.34367 11.82891 0.31556 0.38294 125.80011
6688.34417 11.98629 0.32242 0.38803 126.33880
6688.69073 12.05021 0.32520 0.39010 126.66723
6689.34467 12.16460 0.33024 0.39380 127.06549
6690.34517 12.33724 0.33780 0.39939 127.64378
6691.34567 12.49130 0.34463 0.40438 127.87396
6692.34617 12.65349 0.35174 0.40963 128.14635
6693.34667 12.83359 0.35916 0.41546 128.44325
6694.34717 13.03273 0.36662 0.42191 128.77655
6694.44648 13.05439 0.36740 0.42261 128.81900
6695.34767 13.23933 0.37441 0.42860 129.17426
6696.34817 13.43017 0.38169 0.43477 129.38414
6697.34867 13.61818 0.38927 0.44086 129.73203
6698.34917 13.80792 0.39729 0.44700 130.23424
6699.34967 14.04248 0.40713 0.45460 131.14037
6699.41986 14.05858 0.40782 0.45512 131.19999
6700.35018 14.25211 0.41623 0.46138 131.73821
6701.35068 14.44419 0.42456 0.46760 132.04458
6702.35118 14.64620 0.43316 0.47414 132.41468
6703.35168 14.86087 0.44205 0.48109 132.87774
6704.21003 15.06276 0.45018 0.48763 133.43448
6704.35218 15.09647 0.45151 0.48872 133.52795
6705.35268 15.32108 0.46074 0.49599 134.03245
6706.35318 15.53241 0.46971 0.50283 134.37679
6707.35368 15.72019 0.47790 0.50891 134.57568
6708.35418 15.97433 0.48859 0.51714 135.26012
6708.69859 16.06695 0.49238 0.52014 135.54687
6709.35468 16.23550 0.49926 0.52559 135.99356
6710.35518 16.48612 0.50947 0.53371 136.56784
6711.35568 16.71601 0.51885 0.54115 136.86717
6712.35618 16.97518 0.52929 0.54954 137.44874
6712.69598 17.07113 0.53315 0.55264 137.72186
6713.35668 17.24761 0.54029 0.55836 138.12345
6714.35718 17.51182 0.55101 0.56691 138.64923
6715.35768 17.72466 0.55971 0.57380 138.80932
6716.35818 17.99626 0.57043 0.58259 139.38237
6716.63330 18.07531 0.57355 0.58515 139.56881
6717.35868 18.27623 0.58153 0.59166 139.97767
6718.35918 18.54956 0.59249 0.60050 140.43983
6719.35968 18.81791 0.60323 0.60919 140.81522
6720.21776 19.07950 0.61339 0.61766 141.42347
6720.36018 19.12415 0.61512 0.61911 141.53496
6721.36068 19.41062 0.62615 0.62838 142.00853
6722.36118 19.67481 0.63648 0.63693 142.21121
6723.36168 19.95886 0.64764 0.64613 142.61599
6723.81020 20.08368 0.65248 0.65017 142.89611
6724.36218 20.23815 0.65850 0.65517 143.12893
6725.36268 20.54449 0.67019 0.66509 143.60072
6726.36318 20.83991 0.68123 0.67465 143.92488
6727.13039 21.08787 0.69050 0.68268 144.39436
6727.36368 21.16816 0.69352 0.68528 144.58854
6728.36418 21.50800 0.70631 0.69628 145.39356
6729.36468 21.81630 0.71786 0.70626 145.75112
6730.19680 22.09205 0.72702 0.71519 145.94822
6730.36518 22.15350 0.72901 0.71718 146.03180
6731.36568 22.50420 0.73986 0.72853 146.26004
6732.36618 22.85681 0.75145 0.73994 146.66458
6733.05997 23.09623 0.76008 0.74769 147.35059
6733.36668 23.19945 0.76385 0.75104 147.59166
6734.36718 23.54285 0.77622 0.76215 148.17432
6735.36768 23.84919 0.78680 0.77207 148.30807
6736.05643 24.10042 0.79529 0.78020 148.77685
6736.36818 24.22606 0.79958 0.78427 149.10752
6737.36868 24.56019 0.81112 0.79509 149.47292
6738.36918 24.89245 0.82279 0.80584 149.79568
6738.95617 25.10460 0.83020 0.81271 150.13689
6739.36968 25.27195 0.83588 0.81813 150.54880
6740.37019 25.62349 0.84776 0.82951 150.98637
6741.37069 25.95221 0.85890 0.84015 151.37896
6741.78951 26.10879 0.86419 0.84522 151.78699
6742.37119 26.32539 0.87161 0.85223 152.12941
6743.37169 26.68221 0.88396 0.86378 152.55753
6744.37219 27.08015 0.89754 0.87667 153.35460
6744.44931 27.11297 0.89868 0.87773 153.43403
6745.37269 27.48795 0.91162 0.88987 154.21258
6746.37319 27.81718 0.92304 0.90053 154.29637
6747.12908 28.11715 0.93327 0.91024 154.83206
6747.37369 28.22607 0.93700 0.91376 155.10920
6748.37419 28.62153 0.95069 0.92656 155.77474
6749.37469 29.03136 0.96458 0.93983 156.52633
6749.60577 29.12134 0.96751 0.94275 156.62978
6750.37519 29.41590 0.97733 0.95228 157.09497
6751.37569 29.78015 0.99055 0.96407 157.63236
6752.21514 30.12552 1.00293 0.97525 158.24505
6752.37619 30.20567 1.00572 0.97785 158.46692
6753.37669 30.65247 1.02023 0.99231 159.11109
6754.37719 31.09519 1.03305 1.00664 159.47931
6754.45079 31.12971 1.03412 1.00776 159.52987
6755.37769 31.53241 1.04788 1.02080 160.14073
6756.37819 31.94365 1.06229 1.03411 160.76256
6756.82779 32.13389 1.06902 1.04027 161.05865
6757.37869 32.37812 1.07745 1.04818 161.48973
6758.37919 32.82121 1.09316 1.06252 162.21998
6759.17452 33.13808 1.10437 1.07278 162.74998
6759.37969 33.22484 1.10743 1.07559 162.94233
6760.38019 33.64406 1.12195 1.08916 163.43406
6761.38069 34.04635 1.13636 1.10218 163.75994
6761.59163 34.14226 1.13971 1.10529 163.91804
6762.38119 34.52616 1.15317 1.11772 164.71364
6763.38169 34.96009 1.16799 1.13176 165.23975
6763.78726 35.14644 1.17453 1.13780 165.53417
6764.38219 35.44414 1.18530 1.14743 166.16145
6765.38269 35.87151 1.20052 1.16127 166.57162
6765.95304 36.15063 1.21018 1.17030 167.08411
6766.38319 36.37714 1.21807 1.17764 167.60306
6767.38369 36.86584 1.23560 1.19346 168.42684
6768.01979 37.15481 1.24570 1.20281 168.87626
6768.38419 37.32644 1.25153 1.20837 169.28042
6769.38469 37.78498 1.26743 1.22321 169.90185
6770.15455 38.15900 1.28084 1.23532 170.47458
6770.38519 38.28578 1.28526 1.23943 170.75189
6771.38569 38.78205 1.30243 1.25549 171.53518
6772.18893 39.16318 1.31588 1.26783 172.07137
6772.38619 39.27614 1.31989 1.27149 172.33204
6773.38669 39.82013 1.33817 1.28910 173.20940
6774.03852 40.16736 1.34858 1.30034 173.47840
6774.38719 40.34293 1.35359 1.30602 173.58020
6775.38769 40.85875 1.37130 1.32272 174.31934
6775.99170 41.17155 1.38269 1.33285 174.82336
6776.38819 41.38544 1.39046 1.33977 175.26763
6777.38869 41.84118 1.40591 1.35452 175.88282
6778.04169 42.17573 1.41751 1.36535 176.31283
6778.38919 42.37521 1.42461 1.37181 176.72463
6779.38969 42.87450 1.44240 1.38798 177.31479
6779.97713 43.17992 1.45252 1.39786 177.74639
6780.39020 43.39654 1.45959 1.40488 178.05825
6781.39070 43.93181 1.47921 1.42220 178.85869
6781.83258 44.18410 1.48800 1.43037 179.33281
6782.39120 44.50459 1.49938 1.44075 179.91304
6783.39170 44.97864 1.51550 1.45609 180.22483
6783.76383 45.18828 1.52287 1.46288 180.58112
6784.39220 45.57442 1.53662 1.47538 181.40399
6785.39270 46.08384 1.55338 1.49187 181.91107
6785.59677 46.19247 1.55698 1.49539 182.10075
6786.39320 46.60968 1.57186 1.50890 182.88562
6787.39370 47.18847 1.59221 1.52763 183.82022
6787.40687 47.19665 1.59249 1.52790 183.83727
6788.39420 47.76225 1.61252 1.54621 184.81530
6789.21733 48.20084 1.62723 1.56041 185.20263
6789.39470 48.31773 1.63080 1.56419 185.36194
6790.39520 48.97050 1.64973 1.58532 186.27177
6790.75597 49.20502 1.65720 1.59291 186.76429
6791.39570 49.58588 1.67134 1.60524 187.44255
6792.39620 50.15320 1.69114 1.62361 188.24543
6792.48873 50.20921 1.69297 1.62542 188.33902
6793.39670 50.72378 1.70977 1.64208 189.03792
6794.28198 51.21339 1.72737 1.65793 189.74510
6794.39720 51.28541 1.72994 1.66026 189.92323
6795.39770 51.82474 1.74707 1.67772 190.67292
6796.09199 52.21757 1.76023 1.69044 191.17238
6796.39820 52.42079 1.76793 1.69702 191.59555
6797.39870 53.02513 1.78830 1.71658 192.57116
6797.70196 53.22176 1.79503 1.72295 192.95061
6798.39920 53.68369 1.81114 1.73790 193.89001
6799.27809 54.22594 1.82999 1.75546 194.80432
6799.39970 54.30435 1.83230 1.75799 194.94599
6800.40020 54.89625 1.85043 1.77716 195.81536
6800.93001 55.23013 1.86246 1.78796 196.39374
6801.40070 55.53166 1.87264 1.79773 196.95264
6802.40120 56.12336 1.89100 1.81688 197.80137
6802.58597 56.23431 1.89422 1.82047 197.95729
6803.40170 56.73664 1.91219 1.83674 198.89259
6804.24245 57.23849 1.92799 1.85298 199.86174
6804.40220 57.34458 1.93095 1.85642 200.02421
6805.40270 58.02009 1.94930 1.87828 200.86905
6805.70649 58.24268 1.95709 1.88549 201.32111
6806.40320 58.72345 1.97314 1.90105 202.34617
6807.27605 59.24686 1.98727 1.91800 203.17085
6807.40370 59.33316 1.99023 1.92079 203.34475
6808.40420 60.02253 2.01375 1.94311 204.78368
6808.76045 60.25105 2.02032 1.95051 205.19716
6809.40470 60.67126 2.03224 1.96411 206.00212
6810.30060 61.25523 2.05191 1.98302 207.12760
6810.40520 61.32868 2.05422 1.98539 207.28835
6811.40570 61.94426 2.07002 2.00532 208.34981
6811.92175 62.25941 2.08004 2.01552 208.96353
6812.40620 62.57689 2.09078 2.02580 209.73763
6813.40670 63.22094 2.10871 2.04665 211.01619
6813.46712 63.26360 2.10966 2.04803 211.11133
6814.40720 63.92971 2.12961 2.06960 212.62093
6814.88915 64.26778 2.14010 2.08054 213.39205
6815.40770 64.62106 2.14762 2.09198 214.14773
6816.39661 65.27197 2.16613 2.11305 215.57336
6816.40820 65.28114 2.16643 2.11335 215.59812
6817.40870 66.01317 2.18555 2.13704 217.26076
6817.75825 66.27615 2.19018 2.14556 217.77271
6818.40920 66.75723 2.20083 2.16113 218.77782
6819.13420 67.28033 2.21559 2.17807 220.09371
6819.40970 67.48168 2.21942 2.18458 220.61469
6820.41021 68.15351 2.23478 2.20633 222.21594
6820.60765 68.28452 2.23818 2.21057 222.54366
6821.41071 68.80962 2.24995 2.22757 223.88561
6822.17083 69.28870 2.25793 2.24308 225.10150
6822.41121 69.46027 2.26134 2.24864 225.55074
6823.41171 70.23863 2.27971 2.27384 227.70453
6823.48553 70.29289 2.28040 2.27559 227.85415
6824.41221 70.95086 2.29342 2.29689 229.67223
6824.88933 71.29707 2.30088 2.30810 230.64970
6825.41271 71.68325 2.30643 2.32060 231.76388
6826.30363 72.30126 2.31923 2.34061 233.58543
6826.41321 72.38158 2.32104 2.34321 233.83282
6827.41371 73.08634 2.33234 2.36602 235.95615
6827.72430 73.30544 2.33538 2.37312 236.63841
6828.41421 73.82350 2.34541 2.38989 238.25305
6829.07447 74.30962 2.35398 2.40563 239.83218
6829.41471 74.57316 2.35703 2.41416 240.67844
6830.41521 75.23486 2.36814 2.43558 242.81901
6830.51645 75.31381 2.36946 2.43813 243.05976
6831.41571 76.03034 2.37857 2.46133 245.33591
6831.75762 76.31799 2.38335 2.47064 246.30453
6832.41621 76.85485 2.39509 2.48802 248.13122
6833.06479 77.32218 2.40370 2.50315 249.88024
6833.41671 77.58167 2.40521 2.51155 250.88161
6834.41721 78.29590 2.42851 2.53467 253.68322
6834.45806 78.32636 2.42988 2.53566 253.80803
6835.41771 79.03156 2.43947 2.55849 256.70219
6835.80118 79.33054 2.45573 2.56817 257.93275
6836.41821 79.82714 2.52746 2.58424 259.95780
6837.11780 80.33473 2.61988 2.60068 262.36429
6837.41871 80.56984 2.65241 2.60829 263.41598
6838.38084 81.33891 2.66311 2.63318 267.00323
6838.41921 81.36979 2.66205 2.63418 267.14863
6839.41971 82.07191 2.65057 2.65691 270.70236
6839.77409 82.34310 2.65824 2.66569 272.16580
6840.42021 82.85139 2.67663 2.68215 275.00661
6841.06135 83.34728 2.69162 2.69820 277.94540
6841.42071 83.68285 2.70341 2.70907 279.64638
6842.19505 84.35146 2.72868 2.73071 283.61774
6842.42121 84.52855 2.73768 2.73644 284.82407
6843.42171 85.32229 2.78066 2.76214 290.20588
6843.46262 85.35565 2.78199 2.76322 290.43385
6844.42221 86.10917 2.80319 2.78761 296.13125
6844.74140 86.35983 2.81031 2.79573 298.07345
6845.42271 86.94510 2.82919 2.81467 302.17732
6845.94830 87.36402 2.84306 2.82824 305.48395
6846.42321 87.74546 2.85494 2.84058 308.64743
6847.22381 88.36820 2.87310 2.86074 313.98033
6847.42371 88.52689 2.87787 2.86588 315.06005
6848.42421 89.26860 2.90040 2.88989 321.70311
6848.54757 89.37238 2.90360 2.89325 322.59078
6849.42471 90.10290 2.92621 2.91690 328.68009
6849.75068 90.37657 2.93498 2.92576 330.94815
6850.42521 90.96155 2.95372 2.94470 335.65330
6850.94778 91.38075 2.96716 2.95827 339.46185
6851.42571 91.77730 2.98030 2.97111 342.92646
6852.15867 92.38494 3.00086 2.99078 348.21456
6852.42621 92.61928 3.00868 2.99836 350.08961
6853.29951 93.38912 3.03185 3.02329 356.90391
6853.42671 93.50817 3.03558 3.02714 357.82868
6854.42721 94.39282 3.06666 3.05578 364.60944
6854.42777 94.39331 3.06667 3.05579 364.61329
6855.42771 95.27211 3.09789 3.08424 371.44250
6855.57189 95.39749 3.10237 3.08830 372.38920
6856.42821 96.09171 3.12722 3.11078 378.57787
6856.83098 96.40167 3.13845 3.12081 380.83748
6857.42871 96.89136 3.15603 3.13666 384.69447
6858.02921 97.40586 3.17475 3.15332 388.91454
6858.42921 97.76296 3.18773 3.16488 391.49899
6859.16689 98.41004 3.21101 3.18583 396.33190
6859.42971 98.64440 3.21955 3.19342 398.01239
6860.30063 99.41423 3.24754 3.21834 403.60600
6860.43022 99.53090 3.25176 3.22211 404.41220
6861.41218 100.41841 3.28393 3.25085 410.39090
6861.43072 100.43633 3.28458 3.25143 410.48709
6862.43122 101.30635 3.31568 3.27959 417.16034
6862.56264 101.42259 3.31951 3.28335 418.14973
6863.43172 102.26190 3.34688 3.31052 423.72924
6863.60143 102.42678 3.35282 3.31586 424.52273
6864.43222 103.15482 3.37945 3.33943 429.77372
6864.76783 103.43096 3.38937 3.34837 432.04212
6865.43272 104.00795 3.41005 3.36705 434.67257
6865.90501 104.43515 3.42544 3.38088 437.00296
6866.43322 104.91181 3.44254 3.39631 440.17531
6867.01382 105.43933 3.46151 3.41339 443.43424
6867.43372 105.81891 3.47509 3.42568 445.82770
6868.14005 106.44351 3.49754 3.44590 450.01407
6868.43422 106.71662 3.50732 3.45474 451.60774
6869.21073 107.44770 3.53335 3.47840 455.57070
6869.43472 107.66435 3.54108 3.48542 456.62971
6870.30471 108.45188 3.56922 3.51091 461.47091
6870.43522 108.57269 3.57352 3.51482 462.14795
6871.38007 109.45607 3.60482 3.54342 466.94403
6871.43572 109.50922 3.60673 3.54514 467.20519
6872.43622 110.44003 3.63976 3.57528 472.35578
6872.45691 110.46025 3.64042 3.57593 472.47370
6873.40625 111.46444 3.67220 3.60844 477.12875
6873.43672 111.49284 3.67321 3.60936 477.29946
6874.43722 112.38324 3.70506 3.63818 481.70339
6874.53400 112.46862 3.70803 3.64095 481.99380
6875.43772 113.26476 3.73619 3.66672 486.64919
6875.66481 113.47280 3.74354 3.67346 487.88707
6876.43822 114.18482 3.76861 3.69651 491.82614
6876.74092 114.47699 3.77887 3.70596 493.19246
6877.43872 115.18031 3.80347 3.72873 495.91577
6877.74083 115.48117 3.81400 3.73847 497.13730
6878.43922 116.18458 3.83851 3.76124 499.85027
6878.74164 116.48536 3.84903 3.77098 501.09869
6879.43972 117.15031 3.87228 3.79251 504.29992
6879.78654 117.48954 3.88412 3.80349 505.79850
6880.44022 118.13753 3.90658 3.82447 508.48451
6880.80176 118.49372 3.91927 3.83600 509.90188
6881.44072 119.20995 3.94251 3.85918 511.92571
6881.71147 119.49791 3.95125 3.86851 513.33354
6882.44122 120.19830 3.97475 3.89118 517.15622
6882.77499 120.50209 3.98550 3.90101 518.13927
6883.44172 121.10754 4.00631 3.92061 520.33075
6883.83787 121.50628 4.02015 3.93352 521.89152
6884.44222 122.12576 4.04161 3.95358 524.18932
6884.83360 122.51046 4.05491 3.96603 525.78530
6885.44272 123.11162 4.07572 3.98549 528.34204
6885.84448 123.51464 4.08965 3.99854 529.89563
6886.44322 124.10520 4.11010 4.01766 532.38803
6886.85543 124.51883 4.12439 4.03105 534.00202
6887.44372 125.11465 4.14488 4.05034 536.22248
6887.84965 125.52301 4.15897 4.06356 537.82328
6888.44422 126.14694 4.18045 4.08375 539.77922
6888.80904 126.52720 4.19351 4.09606 541.01355
6889.44472 127.16813 4.21547 4.11681 543.51903
6889.79018 127.53138 4.22812 4.12857 544.59741
6890.44522 128.24727 4.25196 4.15175 546.62311
6890.70258 128.53556 4.26054 4.16108 547.75923
6891.44572 129.37109 4.28748 4.18813 550.40003
6891.61926 129.53975 4.29344 4.19359 551.03552
6892.44622 130.30687 4.31967 4.21842 553.39844
6892.67724 130.54393 4.32779 4.22610 554.08637
6893.44672 131.31997 4.35447 4.25122 557.23825
6893.66878 131.54812 4.36226 4.25861 558.05811
6894.44722 132.36930 4.39040 4.28519 560.62439
6894.62615 132.55230 4.39666 4.29112 561.29768
6895.44772 133.42839 4.42656 4.31948 563.94422
6895.56979 133.55649 4.43094 4.32362 564.37482
6896.44822 134.44810 4.46152 4.35249 567.75969
6896.54690 134.56067 4.46535 4.35613 567.98457
6897.43689 135.56485 4.49934 4.38864 570.21168
6897.44872 135.57763 4.49977 4.38905 570.24746
6898.35761 136.56904 4.53367 4.42115 572.87394
6898.44922 136.67467 4.53696 4.42457 573.19497
6899.23201 137.57322 4.56434 4.45366 576.21752
6899.44972 137.80175 4.57206 4.46106 577.04063
6900.18720 138.57741 4.59885 4.48617 579.49320
6900.45023 138.86081 4.60835 4.49534 579.84674
6901.14542 139.58159 4.63277 4.51867 581.11048
6901.45073 139.88775 4.64328 4.52859 582.37602
6902.08781 140.58577 4.66698 4.55118 584.45041
6902.45123 140.97534 4.68021 4.56379 585.61122
6903.03601 141.58996 4.70119 4.58369 587.69536
6903.45173 142.04199 4.71659 4.59833 589.00939
6903.93846 142.59414 4.73526 4.61620 590.24644
6904.45223 143.15751 4.75438 4.63444 591.80597
6904.85169 143.59833 4.76937 4.64871 592.99275
6905.45273 144.25954 4.79179 4.67011 594.81388
6905.76086 144.60251 4.80337 4.68122 595.72231
6906.45323 145.35893 4.82931 4.70570 597.81436
6906.67079 145.60669 4.83775 4.71373 598.34848
6907.45373 146.58723 4.86741 4.74547 600.63799
6907.47276 146.61088 4.86815 4.74623 600.68831
6908.34582 147.61506 4.90207 4.77874 602.82702
6908.45423 147.73342 4.90608 4.78257 603.17449
6909.24130 148.61925 4.93612 4.81125 605.56156
6909.45473 148.87166 4.94461 4.81942 605.84643
6910.19190 149.62343 4.96993 4.84376 607.30875
6910.45523 149.88213 4.97879 4.85213 608.37091
6911.10236 150.62762 5.00405 4.87627 610.20739
6911.45573 151.02410 5.01746 4.88910 611.25581
6911.98321 151.63180 5.03794 4.90878 612.57920
6912.45623 152.16791 5.05607 4.92613 613.94330
6912.86317 152.63598 5.07187 4.94128 615.01153
6913.45673 153.31260 5.09474 4.96319 616.67484
6913.73779 153.64017 5.10589 4.97379 617.35205
6914.45723 154.49152 5.13384 5.00135 619.29548
6914.58499 154.64435 5.13838 5.00630 619.79880
6915.41759 155.64854 5.17020 5.03881 622.26910
6915.45773 155.69585 5.17185 5.04034 622.34053
6916.27625 156.65272 5.20422 5.07132 624.38735
6916.45823 156.85891 5.21118 5.07799 624.91319
6917.12020 157.65690 5.23801 5.10383 626.29991
6917.45873 158.04371 5.25110 5.11635 627.39686
6918.01391 158.66109 5.27202 5.13634 628.93507
6918.45923 159.14442 5.28820 5.15198 629.52275
6918.92231 159.66527 5.30570 5.16884 630.42183
6919.45973 160.27071 5.32618 5.18844 632.23513
6919.79118 160.66946 5.33958 5.20135 632.99032
6920.46023 161.45742 5.36617 5.22686 634.67790
6920.64362 161.67364 5.37345 5.23386 635.15425
6921.46073 162.59524 5.40454 5.26370 637.73968
6921.53252 162.67782 5.40734 5.26637 637.93782
6922.33772 163.68201 5.44045 5.29888 639.64863
6922.46123 163.84108 5.44507 5.30403 640.07590
6923.09671 164.68619 5.47127 5.33139 641.42296
6923.46173 165.10513 5.48568 5.34495 642.40520
6923.95495 165.69038 5.50531 5.36389 643.69767
6924.46223 166.28153 5.52531 5.38303 645.12773
6924.79203 166.69456 5.53919 5.39640 645.74929
6925.46273 167.51384 5.56668 5.42293 647.27160
6925.61637 167.69874 5.57290 5.42891 647.64054
6926.46323 168.69741 5.60652 5.46124 649.94982
6926.46817 168.70293 5.60671 5.46142 649.96822
6927.35769 169.70711 5.64054 5.49393 652.40523
6927.46373 169.82510 5.64449 5.49775 652.57526
6928.19356 170.71130 5.67401 5.52644 653.37013
6928.46423 171.02249 5.68448 5.53651 654.26194
6929.02731 171.71548 5.70814 5.55895 655.50036
6929.46473 172.27355 5.72547 5.57701 656.69437
6929.79721 172.71967 5.73855 5.59145 657.70317
6930.46523 173.54089 5.76592 5.61804 659.31230
6930.61309 173.72385 5.77213 5.62396 659.62481
6931.42943 174.72803 5.80576 5.65647 661.53526
6931.46573 174.77247 5.80725 5.65791 661.62212
6932.21561 175.73222 5.83936 5.68898 663.01043
6932.46623 176.02835 5.84933 5.69857 663.72268
6933.04653 176.73640 5.87311 5.72149 665.15331
6933.46673 177.24750 5.89026 5.73803 666.21942
6933.85442 177.74059 5.90678 5.75400 666.99032
6934.46723 178.48376 5.93172 5.77805 668.52771
6934.67444 178.74477 5.94046 5.78650 668.95895
6935.46773 179.73490 5.97369 5.81856 670.88656
6935.48096 179.74895 5.97417 5.81901 670.93329
6936.40158 180.75314 6.00798 5.85152 672.83318
6936.46823 180.83206 6.01068 5.85408 672.97098
6937.12512 181.75732 6.03894 5.88403 674.31798
6937.46873 182.17852 6.05213 5.89767 675.53662
6937.92083 182.76151 6.07181 5.91654 676.28412
6938.46923 183.45087 6.09487 5.93886 677.52438
6938.71179 183.76569 6.10538 5.94905 677.97662
6939.46973 184.71885 6.13737 5.97990 679.68530
6939.50970 184.76987 6.13908 5.98156 679.76874
6940.27874 185.77406 6.17260 6.01406 681.16783
6940.47024 186.00863 6.18047 6.02166 681.66658
6941.07610 186.77824 6.20622 6.04657 682.98175
6941.47074 187.27580 6.22288 6.06268 683.87255
6941.84258 187.78243 6.23974 6.07908 684.38073
6942.47124 188.59186 6.26680 6.10528 685.67099
6942.62216 188.78661 6.27329 6.11159 685.98124
6943.43687 189.79079 6.30680 6.14410 688.13214
6943.47174 189.84024 6.30829 6.14570 688.20783
6944.11651 190.79498 6.33693 6.17661 689.33470
6944.47224 191.21603 6.35147 6.19024 690.45695
6944.96044 191.79916 6.37100 6.20911 691.54262
6945.47274 192.40008 6.39094 6.22857 692.17424
6945.78161 192.80335 6.40437 6.24162 692.51382
6946.47324 193.69607 6.43423 6.27052 694.07690
6946.56057 193.80753 6.43796 6.27413 694.27271
6947.33709 194.81172 6.47156 6.30664 695.87699
6947.47374 194.97892 6.47717 6.31205 696.25941
6948.08566 195.81590 6.50500 6.33915 697.14176
6948.47424 196.30372 6.52133 6.35494 698.08305
6948.87737 196.82008 6.53858 6.37166 698.99749
6949.47474 197.59236 6.56450 6.39666 700.24720
6949.66150 197.82427 6.57241 6.40417 700.69681
6950.40535 198.82845 6.60311 6.43667 702.73240
6950.47524 198.91366 6.60567 6.43943 703.01919
6951.12357 199.83264 6.63601 6.46918 703.76229
6951.47574 200.29918 6.65151 6.48429 704.45147
6951.86571 200.83682 6.66935 6.50169 705.01407
6952.47624 201.63793 6.69609 6.52762 706.22109
6952.63886 201.84100 6.70290 6.53420 706.66520
6953.45252 202.84519 6.73659 6.56671 708.62893
6953.47674 202.87518 6.73758 6.56768 708.64814
6954.25700 203.84937 6.76993 6.59922 709.50463
6954.47724 204.11956 6.77899 6.60796 710.09682
6955.01337 204.85356 6.80342 6.63172 711.09767
6955.47774 205.44016 6.82307 6.65071 712.21983
6955.79211 205.85774 6.83704 6.66423 712.81560
6956.47824 206.73425 6.86635 6.69261 714.44656
6956.57637 206.86192 6.87073 6.69674 714.62434
6957.27753 207.86611 6.90214 6.72925 715.91043
6957.47874 208.13699 6.91002 6.73802 716.60581
6957.97215 208.87029 6.93407 6.76176 716.97034
6958.47924 209.51227 6.95561 6.78254 718.22461
6958.75244 209.87448 6.96763 6.79427 718.77732
6959.47974 210.83267 6.99961 6.82529 720.26860
6959.51471 210.87866 7.00114 6.82677 720.34007
6960.23275 211.88285 7.03449 6.85928 721.33835
6960.48024 212.21595 7.04557 6.87007 721.79910
6960.98063 212.88703 7.06793 6.89179 722.75358
6961.48074 213.49158 7.08822 6.91136 724.20611
6961.76715 213.89121 7.10152 6.92430 724.64043
6962.48124 214.87279 7.13412 6.95608 725.87020
6962.50070 214.89540 7.13488 6.95681 725.91779
6963.33665 215.89958 7.16840 6.98932 727.10867
6963.48174 216.09217 7.17416 6.99555 727.50420
6964.01295 216.90377 7.19826 7.02183 728.55932
6964.48224 217.49275 7.21830 7.04089 729.70930
6964.77613 217.90795 7.23206 7.05433 730.07315
6965.48274 218.89772 7.26489 7.08638 731.11332
6965.49325 218.91213 7.26537 7.08684 731.13081
6966.21039 219.91632 7.29870 7.11935 732.17862
6966.48324 220.26868 7.31048 7.13076 732.81111
6967.00374 220.92050 7.33230 7.15186 734.18543
6967.48374 221.52004 7.35238 7.17127 735.45686
6967.77433 221.92469 7.36583 7.18437 735.90208
6968.48424 222.88960 7.39791 7.21561 737.17102
6968.51171 222.92887 7.39922 7.21688 737.20495
6969.20148 223.93305 7.43242 7.24938 737.94668
6969.48474 224.30715 7.44492 7.26150 738.53149
6969.97756 224.93724 7.46620 7.28189 739.64337
6970.48524 225.68786 7.48850 7.30619 740.82644
6970.65021 225.94142 7.49612 7.31440 741.14172
6971.42775 226.94561 7.52951 7.34691 742.16650
6971.48574 227.01742 7.53190 7.34923 742.22806
6972.19623 227.94979 7.56277 7.37942 743.21397
6972.48624 228.31313 7.57496 7.39118 744.06236
6972.95256 228.95397 7.59627 7.41193 744.87810
6973.48674 229.68602 7.62063 7.43563 745.77068
6973.68033 229.95816 7.62962 7.44444 746.04785
6974.43891 230.96234 7.66310 7.47694 747.61899
6974.48724 231.02649 7.66523 7.47902 747.71743
6975.14621 231.96653 7.69642 7.50945 748.56235
6975.48774 232.42003 7.71142 7.52413 749.27743
6975.87417 232.97071 7.72982 7.54196 749.75600
6976.48824 233.84416 7.75783 7.57024 750.78846
6976.57891 233.97490 7.76161 7.57447 751.03950
6977.25231 234.97908 7.79300 7.60698 752.04334
6977.48874 235.30991 7.80415 7.61769 752.36249
6977.97915 235.98326 7.82646 7.63949 753.19934
6978.48924 236.62038 7.84775 7.66011 754.53810
6978.74237 236.98745 7.85993 7.67199 754.81434
6979.46906 237.99163 7.89323 7.70450 755.99264
6979.48974 238.02013 7.89419 7.70543 756.03056
6980.20814 238.99582 7.92664 7.73701 757.31361
6980.49025 239.37683 7.93917 7.74935 757.39425
6980.98325 240.00000 7.95985 7.76952 757.89904
