6991.49575 239.99795 7.98545 7.76945 893.36817
6990.75207 238.99582 7.95859 7.73701 892.48885
6990.49525 238.64903 7.94206 7.72579 892.15158
6989.98019 237.99163 7.92275 7.70450 891.15270
6989.49475 237.35713 7.90399 7.68396 890.40734
6989.20998 236.98745 7.88915 7.67199 890.42000
6988.49425 236.07404 7.85685 7.64242 890.08518
6988.42607 235.98326 7.85414 7.63949 890.02256
6987.72656 234.97908 7.82444 7.60698 889.61686
6987.49375 234.62364 7.80705 7.59547 889.79865
6987.00438 233.97490 7.79214 7.57447 888.49578
6986.49325 233.29060 7.77449 7.55232 887.27155
6986.27699 232.97071 7.75879 7.54196 887.33645
6985.58836 231.96653 7.72607 7.50945 887.26024
6985.49275 231.83962 7.72239 7.50534 887.12768
6984.87611 230.96234 7.69269 7.47694 886.85490
6984.49225 230.41194 7.67092 7.45913 886.73483
6984.11659 229.95816 7.65891 7.44444 885.79634
6983.49175 229.15980 7.63476 7.41859 884.63844
6983.33915 228.95397 7.62486 7.41193 884.46937
6982.59091 227.94979 7.59824 7.37942 883.47064
6982.49125 227.82490 7.59481 7.37538 883.26663
6981.87743 226.94561 7.55804 7.34691 883.05106
6981.49075 226.38092 7.53941 7.32863 882.99820
6981.12900 225.94142 7.52774 7.31440 882.07411
6980.49025 225.02695 7.49990 7.28480 881.78897
6980.42577 224.93724 7.49609 7.28189 881.83361
6979.61872 223.93305 7.46761 7.24938 880.55228
6979.48974 223.77427 7.46393 7.24424 880.20068
6978.90216 222.92887 7.42622 7.21688 880.03605
6978.48924 222.34056 7.41191 7.19783 879.90320
6978.17860 221.92469 7.39956 7.18437 879.50909
6977.48874 220.98569 7.36293 7.15397 878.81470
6977.43728 220.92050 7.36073 7.15186 878.71484
6976.69848 219.91632 7.33247 7.11935 877.97714
6976.48824 219.64051 7.32390 7.11042 877.67049
6975.93947 218.91213 7.29316 7.08684 876.95308
6975.48774 218.31215 7.28040 7.06742 876.35975
6975.20051 217.90795 7.26764 7.05433 876.20498
6974.49916 216.90377 7.22712 7.02183 876.12321
6974.48724 216.88526 7.22667 7.02123 876.13306
6973.83235 215.89958 7.20058 6.98932 875.33829
6973.48674 215.43839 7.18352 6.97439 874.82212
6973.05990 214.89540 7.16418 6.95681 874.16717
6972.48624 214.18188 7.14669 6.93371 872.87354
6972.26713 213.89121 7.13736 6.92430 872.47215
6971.53732 212.88703 7.09842 6.89179 872.50867
6971.48574 212.82174 7.09732 6.88968 872.53756
6970.74719 211.88285 7.06710 6.85928 872.21966
6970.48524 211.54396 7.05226 6.84831 871.73659
6969.95426 210.87866 7.03431 6.82677 870.58170
6969.48474 210.29981 7.01535 6.80804 869.59775
6969.17407 209.87448 6.99947 6.79427 869.33366
6968.48424 208.92213 6.96728 6.76344 868.88421
6968.44497 208.87029 6.96609 6.76176 868.85210
6967.77990 207.86611 6.93340 6.72925 869.01263
6967.48374 207.42660 6.91778 6.71502 868.48901
6967.04435 206.86192 6.90676 6.69674 867.65222
6966.48324 206.15993 6.87980 6.67402 866.59213
6966.24888 205.85774 6.86709 6.66423 866.23933
6965.49092 204.85356 6.83819 6.63172 865.29616
6965.48274 204.84395 6.83788 6.63141 865.27188
6964.76605 203.84937 6.80143 6.59922 864.99372
6964.48224 203.45933 6.78804 6.58659 864.86218
6964.00468 202.84519 6.77347 6.56671 864.13195
6963.48174 202.14176 6.74450 6.54394 863.53265
6963.21228 201.84100 6.73264 6.53420 862.87263
6962.48124 201.02675 6.71526 6.50784 861.78506
6962.34041 200.83682 6.70639 6.50169 861.78632
6961.62290 199.83264 6.66875 6.46918 861.51554
6961.48074 199.63295 6.66339 6.46272 861.51366
6960.88431 198.82845 6.63719 6.43667 860.86883
6960.48024 198.25408 6.61864 6.41808 860.00405
6960.16778 197.82427 6.60339 6.40417 859.74337
6959.47974 196.94229 6.58073 6.37561 858.81296
6959.38191 196.82008 6.57612 6.37166 858.62900
6958.61572 195.81590 6.53909 6.33915 857.72728
6958.47924 195.64265 6.53661 6.33354 857.51229
6957.86935 194.81172 6.50388 6.30664 857.28744
6957.47874 194.29490 6.48690 6.28991 856.86060
6957.09539 193.80753 6.47450 6.27413 856.25069
6956.47824 192.99858 6.44481 6.24794 855.66145
6956.31857 192.80335 6.43754 6.24162 855.32945
6955.52739 191.79916 6.40703 6.20911 854.14486
6955.47774 191.73897 6.40575 6.20717 854.03312
6954.77922 190.79498 6.36847 6.17661 853.80348
6954.47724 190.37060 6.35642 6.16287 853.43431
6954.03826 189.79079 6.34853 6.14410 852.29515
6953.47674 189.09931 6.31683 6.12171 852.42108
6953.21141 188.78661 6.30487 6.11159 852.26611
6952.47624 187.89519 6.28108 6.08273 850.54841
6952.38790 187.78243 6.27623 6.07908 850.42512
6951.62660 186.77824 6.24008 6.04657 849.90209
6951.47574 186.58825 6.23446 6.04042 849.67365
6950.86865 185.77406 6.20910 6.01406 849.38759
6950.47524 185.24925 6.18770 5.99707 849.18340
6950.07438 184.76987 6.17380 5.98156 848.29540
6949.47474 184.04736 6.15453 5.95817 847.13299
6949.24717 183.76569 6.14005 5.94905 846.75327
6948.47424 182.80321 6.11327 5.91789 845.46401
6948.44158 182.76151 6.11217 5.91654 845.43444
6947.71841 181.75732 6.07169 5.88403 845.42795
6947.47374 181.41535 6.06316 5.87296 844.89637
6946.98104 180.75314 6.04487 5.85152 844.31446
6946.47324 180.11905 6.02188 5.83099 843.77857
6946.16994 179.74895 6.00787 5.81901 843.12909
6945.47274 178.90164 5.98388 5.79158 842.19769
6945.33319 178.74477 5.97921 5.78650 842.09892
6944.49192 177.74059 5.94009 5.75400 841.78608
6944.47224 177.71801 5.93956 5.75327 841.72855
6943.70181 176.73640 5.91144 5.72149 840.81452
6943.47174 176.45045 5.89752 5.71223 840.54271
6942.88208 175.73222 5.87756 5.68898 839.60899
6942.47124 175.23622 5.86036 5.67292 838.81635
6942.05268 174.72803 5.83978 5.65647 838.17899
6941.47074 174.00092 5.81753 5.63293 837.48268
6941.25258 173.72385 5.80907 5.62396 837.27501
6940.47024 172.72791 5.77277 5.59172 836.56991
6940.46343 172.71967 5.77248 5.59145 836.54720
6939.72249 171.71548 5.74832 5.55895 835.47513
6939.46973 171.40782 5.73725 5.54899 835.14161
6938.89166 170.71130 5.70752 5.52644 834.30382
6938.46923 170.22778 5.69744 5.51078 833.24078
6938.05521 169.70711 5.67774 5.49393 832.92839
6937.46873 168.97671 5.65138 5.47028 832.37236
6937.24424 168.70293 5.64511 5.46142 832.08587
6936.46937 167.69874 5.60768 5.42891 831.82188
6936.46823 167.69736 5.60763 5.42887 831.82145
6935.51137 166.69456 5.57553 5.39640 830.25591
6935.46773 166.65075 5.57403 5.39498 830.08585
6934.68581 165.69038 5.53969 5.36389 829.11637
6934.46723 165.42302 5.53014 5.35524 828.84442
6933.87002 164.68619 5.51126 5.33139 828.54714
6933.46673 164.13555 5.48851 5.31356 828.50665
6933.11313 163.68201 5.47419 5.29888 827.53081
6932.46623 162.92053 5.45623 5.27423 826.14891
6932.26648 162.67782 5.44482 5.26637 825.99967
6931.46573 161.72845 5.41365 5.23564 824.73595
6931.41950 161.67364 5.41239 5.23386 824.66696
6930.62439 160.66946 5.37395 5.20135 824.50457
6930.46523 160.47553 5.36787 5.19507 824.35073
6929.77989 159.66527 5.34292 5.16884 823.33570
6929.46473 159.30422 5.32925 5.15716 822.74257
6928.90627 158.66109 5.30622 5.13634 821.70822
6928.46423 158.15271 5.29047 5.11988 820.79129
6928.02071 157.65690 5.27514 5.10383 819.71543
6927.46373 157.01646 5.24946 5.08309 819.97257
6927.14835 156.65272 5.23937 5.07132 820.21722
6926.46323 155.87703 5.21464 5.04621 818.87724
6926.26093 155.64854 5.20509 5.03881 818.51655
6925.46273 154.68854 5.17826 5.00773 817.03186
6925.42651 154.64435 5.17705 5.00630 816.90630
6924.64367 153.64017 5.13986 4.97379 816.52389
6924.46223 153.43669 5.13435 4.96721 816.22099
6923.78909 152.63598 5.10815 4.94128 815.57987
6923.46173 152.25332 5.09310 4.92890 815.18003
6922.91134 151.63180 5.07414 4.90878 814.20979
6922.46123 151.11782 5.05639 4.89214 813.46331
6922.03173 150.62762 5.03844 4.87627 812.74079
6921.46073 149.97190 5.01568 4.85504 811.95356
6921.16066 149.62343 5.00544 4.84376 811.60560
6920.46023 148.81814 4.97635 4.81769 810.65794
6920.28623 148.61925 4.96861 4.81125 810.41837
6919.45973 147.65664 4.94015 4.78009 809.59150
6919.42022 147.61506 4.93849 4.77874 809.47176
6918.49260 146.61088 4.90401 4.74623 807.82505
6918.45923 146.57148 4.90309 4.74496 807.83596
6917.64799 145.60669 4.87115 4.71373 807.32623
6917.45873 145.41366 4.86393 4.70748 806.69723
6916.74349 144.60251 4.84126 4.68122 805.69313
6916.45823 144.26922 4.82707 4.67043 805.51383
6915.86302 143.59833 4.80450 4.64871 804.64969
6915.45773 143.15185 4.79107 4.63425 803.95663
6914.96415 142.59414 4.76939 4.61620 803.30701
6914.45723 142.03914 4.75080 4.59823 802.38670
6914.06363 141.58996 4.73618 4.58369 802.00100
6913.45673 140.89713 4.71146 4.56126 801.46186
6913.17030 140.58577 4.70053 4.55118 800.92816
6912.45623 139.77715 4.67417 4.52501 800.17456
6912.27864 139.58159 4.66711 4.51867 799.87510
6911.45573 138.69776 4.63540 4.49006 798.28267
6911.34719 138.57741 4.63218 4.48617 798.14068
6910.45523 137.60521 4.59789 4.45469 796.69803
6910.42308 137.57322 4.59652 4.45366 796.57413
6909.55313 136.56904 4.56898 4.42115 796.20275
6909.45473 136.47166 4.56570 4.41800 795.99774
6908.60451 135.56485 4.53192 4.38864 794.59253
6908.45423 135.40966 4.52810 4.38362 794.19102
6907.64669 134.56067 4.49792 4.35613 792.45138
6907.45373 134.35439 4.49009 4.34945 792.11468
6906.74969 133.55649 4.46654 4.32362 791.77672
6906.45323 133.21817 4.45354 4.31267 791.66294
6905.84553 132.55230 4.43043 4.29112 791.04384
6905.45273 132.13815 4.41824 4.27771 790.27539
6904.89530 131.54812 4.39546 4.25861 789.28637
6904.45223 131.09176 4.38009 4.24383 788.25028
6903.93868 130.54393 4.36210 4.22610 787.47920
6903.45173 130.01591 4.34276 4.20901 786.85802
6903.00613 129.53975 4.32698 4.19359 786.35649
6902.45123 128.91318 4.30589 4.17331 786.21360
6902.10786 128.53556 4.29386 4.16108 785.00481
6901.45073 127.83777 4.27141 4.13849 782.58063
6901.15185 127.53138 4.26092 4.12857 782.08287
6900.45023 126.85144 4.23788 4.10656 781.76268
6900.13455 126.52720 4.22631 4.09606 781.80966
6899.44972 125.80994 4.20246 4.07285 780.64971
6899.17417 125.52301 4.19270 4.06356 780.18421
6898.44922 124.79629 4.16547 4.04003 778.44260
6898.17681 124.51883 4.15697 4.03105 777.89919
6897.44872 123.78231 4.13125 4.00720 776.32265
6897.19454 123.51464 4.12122 3.99854 775.99487
6896.44822 122.69706 4.09458 3.97207 775.84565
6896.26913 122.51046 4.08781 3.96603 775.61788
6895.44772 121.65131 4.05752 3.93822 774.62823
6895.30060 121.50628 4.05338 3.93352 774.25378
6894.44722 120.71633 4.02413 3.90795 770.87982
6894.24414 120.50209 4.01684 3.90101 770.72583
6893.44672 119.60987 3.98816 3.87213 771.17919
6893.33831 119.49791 3.98410 3.86851 770.68047
6892.44622 118.49813 3.95329 3.83614 769.47917
6892.44167 118.49372 3.95315 3.83600 769.47890
6891.44572 117.64877 3.92163 3.80864 766.91864
6891.29059 117.48954 3.91676 3.80349 766.64067
6890.44522 116.64835 3.88765 3.77626 764.79857
6890.27917 116.48536 3.88111 3.77098 764.44810
6889.44472 115.63996 3.85356 3.74361 763.26702
6889.28354 115.48117 3.84810 3.73847 762.93874
6888.44422 114.64232 3.81790 3.71132 761.59508
6888.27673 114.47699 3.81297 3.70596 761.28154
6887.44372 113.70307 3.78425 3.68091 758.50969
6887.21884 113.47280 3.77570 3.67346 758.30316
6886.44322 112.66151 3.74937 3.64719 758.11182
6886.24619 112.46862 3.74228 3.64095 757.72167
6885.44272 111.66299 3.71413 3.61487 756.85724
6885.23639 111.46444 3.70743 3.60844 756.47368
6884.44222 110.64692 3.67930 3.58197 754.10739
6884.27006 110.46025 3.67395 3.57593 753.69865
6883.44172 109.66094 3.64705 3.55005 751.65517
6883.21207 109.45607 3.63910 3.54342 751.19059
6882.44122 108.75530 3.61511 3.52074 751.01417
6882.12753 108.45188 3.60423 3.51091 750.59100
6881.44072 107.82068 3.58069 3.49048 748.24973
6881.04991 107.44770 3.56806 3.47840 747.47542
6880.44022 106.87934 3.54794 3.46000 745.83945
6879.99398 106.44351 3.53206 3.44590 745.22527
6879.43972 105.88324 3.51271 3.42776 745.02337
6878.96388 105.43933 3.49601 3.41339 743.83822
6878.43922 104.94513 3.47810 3.39739 742.67899
6877.89071 104.43515 3.46025 3.38088 741.28887
6877.43872 104.03329 3.44542 3.36787 739.64429
6876.79426 103.43096 3.42364 3.34837 738.15701
6876.43822 103.09791 3.41178 3.33759 737.31762
6875.72433 102.42678 3.38641 3.31586 736.13810
6875.43772 102.12269 3.37570 3.30602 736.53067
6874.68850 101.42259 3.35308 3.28335 732.80078
6874.43722 101.20017 3.34559 3.27615 732.21509
6873.55736 100.41841 3.31698 3.25085 731.06324
6873.43672 100.31235 3.31301 3.24741 730.54030
6872.44885 99.41423 3.27947 3.21834 727.64133
6872.43622 99.40208 3.27902 3.21794 727.63179
6871.43572 98.48934 3.24505 3.18840 724.99521
6871.34878 98.41004 3.24207 3.18583 724.76622
6870.43522 97.60256 3.21169 3.15969 721.56617
6870.22198 97.40586 3.20428 3.15332 721.11060
6869.43472 96.70347 3.17763 3.13058 718.61602
6869.09685 96.40167 3.16625 3.12081 717.52509
6868.43422 95.81290 3.14380 3.10175 715.34821
6867.96537 95.39749 3.12790 3.08830 713.78640
6867.43372 94.90578 3.10918 3.07238 712.69562
6866.84495 94.39331 3.08951 3.05579 710.35404
6866.43322 94.04365 3.07572 3.04447 708.67278
6865.69596 93.38912 3.05076 3.02329 705.41340
6865.43272 93.13312 3.04219 3.01500 704.99494
6864.55486 92.38494 3.01507 2.99078 701.86248
6864.43222 92.28070 3.01098 2.98740 701.34031
6863.43172 91.38578 2.97491 2.95843 698.07244
6863.42624 91.38075 2.97471 2.95827 698.06077
6862.43122 90.51516 2.93911 2.93025 693.92741
6862.27728 90.37657 2.93336 2.92576 693.46054
6861.43072 89.65398 2.90306 2.90237 689.31939
6861.09297 89.37238 2.89057 2.89325 687.33599
6860.43022 88.81279 2.86622 2.87514 683.71781
6859.93049 88.36820 2.84732 2.86074 681.82154
6859.42971 87.92860 2.82751 2.84651 679.69055
6858.76008 87.36402 2.80008 2.82824 675.67001
6858.42921 87.08551 2.78740 2.81922 673.65633
6857.53939 86.35983 2.75679 2.79573 666.64856
6857.42871 86.26330 2.75126 2.79260 666.00886
6856.42821 85.54170 2.70711 2.76924 657.64299
6856.21784 85.35565 2.69745 2.76322 657.22196
6855.42771 84.66310 2.67739 2.74080 652.71227
6855.05962 84.35146 2.66197 2.73071 649.61481
6854.42721 83.77487 2.62953 2.71204 642.84759
6853.98232 83.34728 2.60954 2.69820 639.57469
6853.42671 82.87987 2.58941 2.68307 634.52339
6852.75122 82.34310 2.54886 2.66569 626.04997
6852.42621 82.04316 2.51787 2.65598 623.72865
6851.65873 81.33891 2.47984 2.63318 617.68837
6851.42571 81.15839 2.46814 2.62734 613.93670
6850.44886 80.33473 2.40380 2.60068 600.63849
6850.42521 80.31666 2.40267 2.60009 600.19473
6849.42471 79.49394 2.33186 2.57346 582.86181
6849.25753 79.33054 2.32003 2.56817 580.99098
6848.42421 78.39973 2.29911 2.53803 573.49201
6848.35123 78.32636 2.29579 2.53566 572.08685
6847.54622 77.32218 2.25843 2.50315 565.75248
6847.42371 77.15324 2.25448 2.49768 565.35942
6846.91122 76.31799 2.23083 2.47064 564.95432
6846.42321 75.53529 2.19884 2.44530 556.53667
6846.28610 75.31381 2.19168 2.43813 553.26111
6845.81406 74.30962 2.16863 2.40563 549.68180
6845.42271 73.58490 2.14784 2.38216 543.76775
6845.22931 73.30544 2.13942 2.37312 539.08955
6844.51336 72.30126 2.11341 2.34061 522.05236
6844.42221 72.20085 2.11343 2.33736 519.54783
6843.42171 71.36886 2.11271 2.31042 490.07720
6843.32522 71.29707 2.11180 2.30810 487.35708
6842.42121 70.57939 2.11065 2.28487 464.66475
6842.04460 70.29289 2.10644 2.27559 455.95259
6841.42071 69.82250 2.10065 2.26036 442.41907
6840.71343 69.28870 2.09909 2.24308 428.44220
6840.42021 69.04643 2.09464 2.23524 423.33433
6839.41971 68.32277 2.09071 2.21181 405.48350
6839.36662 68.28452 2.09045 2.21057 404.70881
6838.41921 67.53063 2.07817 2.18617 392.99619
6838.11890 67.28033 2.07576 2.17807 388.79411
6837.41871 66.63996 2.06900 2.15734 379.86750
6837.02109 66.27615 2.06318 2.14556 374.65324
6836.41821 65.72712 2.05867 2.12778 366.89387
6835.92912 65.27197 2.05238 2.11305 361.51168
6835.41771 64.75680 2.04202 2.09637 356.48267
6834.90033 64.26778 2.03475 2.08054 351.10452
6834.41721 63.79119 2.02615 2.06511 346.40308
6833.86899 63.26360 2.01567 2.04803 341.06319
6833.41671 62.82689 2.00820 2.03389 336.75782
6832.83675 62.25941 1.99616 2.01552 331.41398
6832.41621 61.82275 1.98587 2.00139 327.79860
6831.84335 61.25523 1.97406 1.98302 322.74507
6831.41571 60.80450 1.96271 1.96842 319.25015
6830.86391 60.25105 1.94923 1.95051 314.56942
6830.41521 59.79533 1.93838 1.93575 310.76669
6829.80448 59.24686 1.92395 1.91800 306.17995
6829.41471 58.90841 1.91504 1.90704 303.46088
6828.70391 58.24268 1.89741 1.88549 297.66003
6828.41421 57.93697 1.89030 1.87559 295.31560
6827.70002 57.23849 1.87426 1.85298 289.39114
6827.41371 56.98624 1.86775 1.84482 287.05729
6826.54610 56.23431 1.84874 1.82047 280.23493
6826.41321 56.12463 1.84530 1.81692 279.17640
6825.41271 55.25854 1.82404 1.78888 271.55937
6825.38091 55.23013 1.82341 1.78796 271.32579
6824.41221 54.36329 1.79713 1.75990 264.32887
6824.26041 54.22594 1.79425 1.75546 263.25560
6823.41171 53.39439 1.77047 1.72854 257.53145
6823.23685 53.22176 1.76430 1.72295 256.37060
6822.41121 52.41223 1.74484 1.69674 250.94153
6822.20681 52.21757 1.73850 1.69044 249.53609
6821.41071 51.48675 1.71510 1.66678 244.63845
6821.10585 51.21339 1.70889 1.65793 242.99794
6820.41021 50.49877 1.68383 1.63480 238.88191
6820.14275 50.20921 1.67351 1.62542 237.18291
6819.40970 49.39514 1.65078 1.59907 232.77360
6819.22500 49.20502 1.64310 1.59291 231.63993
6818.40920 48.23362 1.61496 1.56147 226.66153
6818.37958 48.20084 1.61426 1.56041 226.47716
6817.40870 47.27567 1.58255 1.53046 220.53184
6817.31629 47.19665 1.58009 1.52790 219.96444
6816.40820 46.49038 1.56017 1.50503 214.41159
6816.01464 46.19247 1.54997 1.49539 212.05653
6815.40770 45.79532 1.53840 1.48253 208.45322
6814.56414 45.18828 1.51944 1.46288 203.61160
6814.40720 45.06949 1.51549 1.45903 202.72831
6813.40670 44.32734 1.49129 1.43501 197.22284
6813.22707 44.18410 1.48703 1.43037 196.24281
6812.40620 43.46585 1.46387 1.40712 191.90867
6812.05188 43.17992 1.45383 1.39786 190.29199
6811.40570 42.65027 1.43732 1.38072 187.18316
6810.90988 42.17573 1.42136 1.36535 184.56160
6810.40520 41.66116 1.40262 1.34870 181.94518
6809.92716 41.17155 1.38712 1.33285 179.47144
6809.40470 40.60258 1.36735 1.31443 176.74467
6808.95364 40.16736 1.35348 1.30034 174.46597
6808.40420 39.59769 1.33753 1.28190 171.69643
6807.94287 39.16318 1.32316 1.26783 169.39866
6807.40370 38.77976 1.30954 1.25542 166.86269
6806.58259 38.15900 1.28938 1.23532 163.05147
6806.40320 38.02054 1.28457 1.23084 162.22351
6805.40270 37.32425 1.26121 1.20830 157.80130
6805.16454 37.15481 1.25564 1.20281 156.76452
6804.40220 36.57724 1.23551 1.18411 153.41053
6803.77068 36.15063 1.22095 1.17030 150.88622
6803.40170 35.93297 1.21344 1.16326 149.58957
6802.40120 35.24180 1.19000 1.14088 145.59118
6802.27146 35.14644 1.18675 1.13780 145.06145
6801.40070 34.59445 1.16817 1.11993 141.74979
6800.71417 34.14226 1.15285 1.10529 139.16626
6800.40020 33.92041 1.14519 1.09811 137.97078
6799.39970 33.24747 1.12187 1.07632 134.29194
6799.23726 33.13808 1.11803 1.07278 133.70441
6798.39920 32.56136 1.09822 1.05411 130.69490
6797.78620 32.13389 1.08384 1.04027 128.51633
6797.39870 31.90444 1.07601 1.03284 127.24981
6796.39820 31.29417 1.05497 1.01309 123.99156
6796.15030 31.12971 1.04969 1.00776 123.19972
6795.39770 30.64823 1.03545 0.99218 120.92713
6794.53038 30.12552 1.01894 0.97525 118.42492
6794.39720 30.04248 1.01612 0.97257 118.04923
6793.39670 29.40328 0.99359 0.95187 115.03918
6792.99918 29.12134 0.98376 0.94275 113.77089
6792.39620 28.72004 0.96978 0.92975 111.94176
6791.61183 28.11715 0.94872 0.91024 109.36307
6791.39570 27.93029 0.94211 0.90419 108.59866
6790.39520 27.11534 0.91286 0.87780 105.22599
6790.39200 27.11297 0.91278 0.87773 105.21592
6789.39470 26.54697 0.89391 0.85941 102.62225
6788.49728 26.10879 0.87971 0.84522 100.55386
6788.39420 26.06544 0.87827 0.84382 100.34098
6787.39370 25.68560 0.86473 0.83152 98.45014
6786.39320 25.25069 0.84957 0.81744 96.44565
6786.06752 25.10460 0.84456 0.81271 95.81680
6785.39270 24.86002 0.83590 0.80479 94.71251
6784.39220 24.35593 0.81810 0.78847 92.60700
6783.96947 24.10042 0.80897 0.78020 91.60361
6783.39170 23.66537 0.79368 0.76612 89.95751
6782.62807 23.09623 0.77279 0.74769 87.77538
6782.39120 22.91378 0.76635 0.74179 87.09630
6781.39070 22.23762 0.74583 0.71990 84.73300
6781.14336 22.09205 0.74181 0.71519 84.24099
6780.39020 21.81292 0.73339 0.70615 83.19059
6779.38969 21.43239 0.72036 0.69383 81.70285
6778.68374 21.08787 0.70775 0.68268 80.38460
6778.38919 20.93707 0.70237 0.67780 79.82513
6777.38869 20.39353 0.68309 0.66020 77.83032
6776.82576 20.08368 0.67202 0.65017 76.70588
6776.38819 19.81675 0.66268 0.64153 75.74340
6775.38769 19.17655 0.64036 0.62080 73.42794
6775.22283 19.07950 0.63697 0.61766 73.07847
6774.38719 18.70766 0.62383 0.60562 71.74641
6773.38669 18.22717 0.60732 0.59007 70.03695
6773.08996 18.07531 0.60221 0.58515 69.49804
6772.38619 17.80280 0.59284 0.57633 68.54571
6771.38569 17.37455 0.57784 0.56247 67.04743
6770.82085 17.07113 0.56707 0.55264 65.98054
6770.38519 16.82829 0.55837 0.54478 65.12932
6769.38469 16.32894 0.54054 0.52862 63.37796
6768.85050 16.06695 0.53118 0.52014 62.46582
6768.38419 15.88237 0.52457 0.51416 61.83255
6767.38369 15.54734 0.51271 0.50331 60.70091
6766.38319 15.14747 0.49973 0.49037 59.33628
6766.18353 15.06276 0.49699 0.48763 59.04521
6765.38269 14.81038 0.48844 0.47946 58.22324
6764.38219 14.45837 0.47607 0.46806 57.05154
6763.54095 14.05858 0.46188 0.45512 55.62370
6763.38169 13.98078 0.45902 0.45260 55.33985
6762.38119 13.52831 0.44320 0.43795 53.77638
6761.48815 13.05439 0.42879 0.42261 52.28021
6761.38069 12.99251 0.42690 0.42061 52.08290
6760.38019 12.44798 0.40935 0.40298 50.28009
6759.65716 12.05021 0.39504 0.39010 48.79712
6759.37969 11.93264 0.39078 0.38630 48.36710
6758.37919 11.59378 0.37866 0.37533 47.16066
6757.37869 11.18800 0.36507 0.36219 45.70898
6757.03654 11.04603 0.36036 0.35759 45.19224
6756.37819 10.86439 0.35426 0.35171 44.57278
6755.37769 10.59271 0.34496 0.34292 43.62712
6754.37719 10.26263 0.33371 0.33223 42.43625
6753.76047 10.04184 0.32626 0.32508 41.62198
6753.37669 9.93536 0.32269 0.32164 41.23959
6752.37619 9.69193 0.31403 0.31376 40.37123
6751.37569 9.47065 0.30614 0.30659 39.58832
6750.37519 9.31578 0.30069 0.30158 39.06120
6749.37469 9.20655 0.29657 0.29804 38.72125
6748.37419 9.13898 0.29343 0.29586 38.55685
6747.37369 9.05887 0.28948 0.29326 38.31458
6747.24388 9.03766 0.28869 0.29258 38.23601
6746.37319 8.87916 0.28211 0.28744 37.63454
6745.37269 8.60644 0.27274 0.27862 36.53900
6744.37219 8.26772 0.26274 0.26765 35.13006
6743.84148 8.03347 0.25569 0.26007 34.13845
6743.37169 7.81436 0.24806 0.25297 33.20467
6742.37119 7.26425 0.23024 0.23517 30.85187
6742.00635 7.02929 0.22308 0.22756 29.84026
6741.37069 6.57763 0.20711 0.21294 27.88721
6740.64649 6.02510 0.18884 0.19505 25.50620
6740.37019 5.77235 0.18060 0.18687 24.40828
6739.65394 5.02092 0.15376 0.16254 21.16417
0.00000 0.00000 0.00000 0.00000 0.00000
