6936.77555 238.99582 7.94834 7.73701 885.73156
6936.46823 238.55296 7.93034 7.72268 885.64490
6935.96657 237.99163 7.91195 7.70450 884.64071
6935.46773 237.41690 7.89423 7.68590 883.69585
6935.16229 236.98745 7.88101 7.67199 883.48425
6934.46723 235.98541 7.84529 7.63956 883.06648
6934.46567 235.98326 7.84522 7.63949 883.06465
6933.75794 234.97908 7.81528 7.60698 882.60653
6933.46673 234.54375 7.79658 7.59288 882.71176
6933.04719 233.97490 7.78166 7.57447 881.57646
6932.46623 233.15324 7.75712 7.54787 880.61443
6932.33807 232.97071 7.75000 7.54196 880.59649
6931.61949 231.96653 7.71455 7.50945 879.97880
6931.46573 231.77216 7.70944 7.50316 879.64312
6930.88930 230.96234 7.68466 7.47694 879.20016
6930.46523 230.34422 7.66095 7.45693 879.09419
6930.17288 229.95816 7.65016 7.44444 878.63348
6929.46473 228.97624 7.61718 7.41265 877.97981
6929.44765 228.95397 7.61621 7.41193 877.94988
6928.69860 227.94979 7.58361 7.37942 876.96612
6928.46423 227.64398 7.57420 7.36952 876.49766
6927.91692 226.94561 7.54912 7.34691 875.40763
6927.46373 226.36491 7.52839 7.32811 875.46975
6927.13654 225.94142 7.51692 7.31440 875.47794
6926.46428 224.93724 7.48688 7.28189 874.56348
6926.46323 224.93590 7.48682 7.28185 874.56061
6925.72017 223.93305 7.45573 7.24938 873.76003
6925.46273 223.58754 7.44473 7.23820 873.42820
6924.97545 222.92887 7.41828 7.21688 872.75591
6924.46223 222.21930 7.39554 7.19391 872.34522
6924.24844 221.92469 7.38704 7.18437 872.17202
6923.54795 220.92050 7.35236 7.15186 871.97861
6923.46173 220.80203 7.34779 7.14802 871.90483
6922.80264 219.91632 7.32265 7.11935 871.09114
6922.46123 219.45454 7.30708 7.10440 870.66639
6922.04064 218.91213 7.28390 7.08684 869.94757
6921.46073 218.16101 7.26378 7.06253 868.99802
6921.27548 217.90795 7.25488 7.05433 868.83141
6920.54886 216.90377 7.21776 7.02183 868.34909
6920.46023 216.77336 7.21356 7.01760 868.32386
6919.89512 215.89958 7.19111 6.98932 867.74827
6919.45973 215.29815 7.17024 6.96985 867.41612
6919.12846 214.89540 7.15327 6.95681 866.54499
6918.45923 214.07452 7.13268 6.93023 865.53074
6918.31322 213.89121 7.12666 6.92430 865.55146
6917.52865 212.88703 7.08832 6.89179 865.06547
6917.45873 212.80352 7.08619 6.88909 864.84731
6916.80423 211.88285 7.05679 6.85928 864.42514
6916.45823 211.40150 7.03892 6.84370 864.29231
6916.04036 210.87866 7.02097 6.82677 863.45552
6915.45773 210.13018 6.99934 6.80254 862.49735
6915.26374 209.87448 6.99034 6.79427 862.25376
6914.52453 208.87029 6.95545 6.76176 861.65875
6914.45723 208.78322 6.95338 6.75894 861.57919
6913.81359 207.86611 6.92419 6.72925 861.08729
6913.45673 207.34951 6.90654 6.71253 860.36940
6913.09931 206.86192 6.89345 6.69674 860.14159
6912.45623 206.01294 6.86386 6.66926 859.43426
6912.33439 205.85774 6.85815 6.66423 859.22066
6911.56730 204.85356 6.82515 6.63172 858.22553
6911.45573 204.71833 6.82162 6.62735 857.96865
6910.79677 203.84937 6.79106 6.59922 857.15972
6910.45523 203.39384 6.77526 6.58447 856.74440
6909.99620 202.84519 6.76208 6.56671 856.07626
6909.45473 202.19358 6.73626 6.54561 855.95987
6909.17666 201.84100 6.72324 6.53420 855.68988
6908.45423 200.89009 6.69486 6.50341 854.75679
6908.41254 200.83682 6.69290 6.50169 854.70342
6907.65558 199.83264 6.65647 6.46918 854.06285
6907.45373 199.56944 6.64769 6.46066 853.87055
6906.89430 198.82845 6.62653 6.43667 853.05133
6906.45323 198.18305 6.60514 6.41578 852.36067
6906.19602 197.82427 6.59297 6.40417 852.28875
6905.45273 196.86246 6.56533 6.37303 851.45533
6905.41808 196.82008 6.56352 6.37166 851.38358
6904.61669 195.81590 6.52768 6.33915 850.01835
6904.45223 195.61012 6.52220 6.33249 849.73163
6903.85177 194.81172 6.49319 6.30664 849.33809
6903.45173 194.29532 6.47499 6.28992 848.83597
6903.07218 193.80753 6.45955 6.27413 848.35593
6902.45123 193.00019 6.43404 6.24800 847.72948
6902.28919 192.80335 6.42659 6.24162 847.37258
6901.51408 191.79916 6.39488 6.20911 846.50250
6901.45073 191.72213 6.39302 6.20662 846.34124
6900.67171 190.79498 6.35691 6.17661 845.45752
6900.45023 190.52057 6.34943 6.16772 845.48743
6899.92952 189.79079 6.33194 6.14410 845.17711
6899.44972 189.15250 6.30732 6.12343 844.50172
6899.14926 188.78661 6.29479 6.11159 844.02777
6898.44922 187.90482 6.26693 6.08304 843.08758
6898.35234 187.78243 6.26280 6.07908 842.94557
6897.56746 186.77824 6.22661 6.04657 842.06724
6897.44872 186.63759 6.22244 6.04202 841.81917
6896.78715 185.77406 6.19652 6.01406 841.37309
6896.44822 185.32168 6.17896 5.99942 841.25388
6896.00212 184.76987 6.16199 5.98156 840.56125
6895.44772 184.07605 6.13999 5.95909 839.79904
6895.19689 183.76569 6.12727 5.94905 839.43490
6894.44722 182.85187 6.09906 5.91946 838.15730
6894.37177 182.76151 6.09595 5.91654 838.01793
6893.61370 181.75732 6.06026 5.88403 837.46555
6893.44672 181.53260 6.05358 5.87675 837.01864
6892.88074 180.75314 6.03065 5.85152 836.49191
6892.44622 180.22170 6.01291 5.83432 836.16161
6892.01251 179.74895 5.99410 5.81901 835.77798
6891.44572 179.13561 5.97709 5.79916 834.60310
6891.13087 178.74477 5.96486 5.78650 834.12205
6890.44522 177.84990 5.93234 5.75753 833.78039
6890.35694 177.74059 5.92923 5.75400 833.67704
6889.57176 176.73640 5.89582 5.72149 833.14466
6889.44472 176.57964 5.88985 5.71641 832.98633
6888.76003 175.73222 5.86311 5.68898 832.16933
6888.44422 175.34374 5.84966 5.67640 831.80303
6887.92050 174.72803 5.82725 5.65647 830.77188
6887.44372 174.16852 5.80824 5.63836 829.77116
6887.08360 173.72385 5.79470 5.62396 829.35329
6886.44322 172.92876 5.76601 5.59822 828.85985
6886.27529 172.71967 5.75863 5.59145 828.51091
6885.56482 171.71548 5.73242 5.55895 828.06751
6885.44272 171.56771 5.72701 5.55416 827.92683
6884.70653 170.71130 5.69623 5.52644 826.53914
6884.44222 170.41479 5.68781 5.51684 825.88538
6883.87116 169.70711 5.66292 5.49393 825.26318
6883.44172 169.19135 5.64497 5.47723 824.65597
6882.98871 168.70293 5.62992 5.46142 824.04420
6882.44122 168.08545 5.60826 5.44143 823.99082
6882.10948 167.69874 5.59415 5.42891 823.38211
6881.44072 166.91210 5.56782 5.40345 822.10586
6881.26091 166.69456 5.56120 5.39640 821.92382
6880.44022 165.70774 5.52557 5.36446 820.95398
6880.42574 165.69038 5.52497 5.36389 820.93312
6879.61381 164.68619 5.49444 5.33139 820.54523
6879.43972 164.45366 5.48536 5.32386 820.65659
6878.85909 163.68201 5.46256 5.29888 819.77722
6878.43922 163.18211 5.44819 5.28269 818.83045
6878.00494 162.67782 5.42888 5.26637 818.26797
6877.43872 162.03942 5.40848 5.24570 816.96136
6877.12552 161.67364 5.39678 5.23386 816.49039
6876.43822 160.84557 5.36687 5.20705 815.88603
6876.28995 160.66946 5.36118 5.20135 815.69753
6875.46742 159.66527 5.32789 5.16884 815.20192
6875.43772 159.63098 5.32665 5.16773 815.14177
6874.55566 158.66109 5.29271 5.13634 813.48866
6874.43722 158.53139 5.28880 5.13214 813.55190
6873.65932 157.65690 5.25935 5.10383 813.29168
6873.43672 157.41075 5.24990 5.09586 812.71711
6872.78104 156.65272 5.22675 5.07132 811.66317
6872.43622 156.25665 5.21265 5.05850 811.16210
6871.91812 155.64854 5.19007 5.03881 810.64769
6871.43572 155.06459 5.17370 5.01991 810.29056
6871.07942 154.64435 5.16099 5.00630 809.03786
6870.43522 153.87460 5.13497 4.98138 807.82264
6870.24143 153.64017 5.12793 4.97379 807.82973
6869.43472 152.68986 5.09516 4.94303 807.16920
6869.38784 152.63598 5.09328 4.94128 807.10675
6868.53894 151.63180 5.06020 4.90878 806.48917
6868.43422 151.50859 5.05601 4.90479 806.39746
6867.63286 150.62762 5.02483 4.87627 804.74033
6867.43372 150.41213 5.01748 4.86929 804.28935
6866.74172 149.62343 4.99150 4.84376 803.45800
6866.43322 149.28808 4.97930 4.83290 802.73274
6865.85237 148.61925 4.95663 4.81125 801.93225
6865.43272 148.14857 4.94170 4.79601 801.93394
6864.90075 147.61506 4.92122 4.77874 801.43841
6864.43222 147.12902 4.90535 4.76301 800.58449
6863.96313 146.61088 4.88958 4.74623 799.53081
6863.43172 145.96835 4.86808 4.72543 798.20115
6863.14026 145.60669 4.85744 4.71373 797.96050
6862.43122 144.80733 4.83132 4.68785 797.26085
6862.24680 144.60251 4.82324 4.68122 796.96165
6861.43072 143.65175 4.79343 4.65044 796.59986
6861.38176 143.59833 4.79175 4.64871 796.51869
6860.45548 142.59414 4.75625 4.61620 794.85298
6860.43022 142.56798 4.75545 4.61535 794.78344
6859.56240 141.58996 4.72238 4.58369 793.85175
6859.42971 141.44342 4.71716 4.57895 793.67588
6858.66011 140.58577 4.68859 4.55118 792.86225
6858.42921 140.32605 4.67986 4.54278 792.65215
6857.74859 139.58159 4.65398 4.51867 791.61268
6857.42871 139.24649 4.64237 4.50783 790.82575
6856.74103 138.57741 4.62009 4.48617 789.44224
6856.42821 138.28020 4.60967 4.47654 789.05131
6855.77474 137.57322 4.58467 4.45366 788.61696
6855.42771 137.14095 4.57202 4.43966 788.32805
6854.95310 136.56904 4.55441 4.42115 787.36444
6854.42721 136.00851 4.53468 4.40300 786.56709
6854.00357 135.56485 4.52061 4.38864 785.73135
6853.42671 134.97860 4.49945 4.36966 784.20097
6853.04183 134.56067 4.48517 4.35613 783.75027
6852.42621 133.89121 4.46342 4.33446 783.07414
6852.11640 133.55649 4.45102 4.32362 782.67834
6851.42571 132.78804 4.42578 4.29875 782.33502
6851.19816 132.55230 4.41826 4.29112 781.86147
6850.42521 131.76022 4.38956 4.26547 780.10207
6850.22285 131.54812 4.38303 4.25861 779.76762
6849.42471 130.74303 4.35541 4.23254 777.77979
6849.23935 130.54393 4.34811 4.22610 777.58910
6848.42421 129.62567 4.31791 4.19637 777.51115
6848.33620 129.53975 4.31485 4.19359 777.23466
6847.42371 128.59819 4.28344 4.16311 776.35945
6847.36501 128.53556 4.28160 4.16108 776.24904
6846.42321 127.59225 4.25125 4.13054 773.44580
6846.36647 127.53138 4.24909 4.12857 773.40541
6845.44370 126.52720 4.21499 4.09606 773.05248
6845.42271 126.50460 4.21422 4.09533 773.03718
6844.49377 125.52301 4.18032 4.06356 772.01191
6844.42221 125.45132 4.17785 4.06124 771.84859
6843.49364 124.51883 4.14610 4.03105 769.90382
6843.42171 124.44519 4.14351 4.02866 769.78468
6842.48355 123.51464 4.11161 3.99854 767.65994
6842.42121 123.45126 4.10951 3.99649 767.55806
6841.52527 122.51046 4.07618 3.96603 766.62969
6841.42071 122.40511 4.07261 3.96262 766.44213
6840.50367 121.50628 4.04218 3.93352 764.32785
6840.42021 121.42485 4.03919 3.93089 764.11842
6839.50052 120.50209 4.00789 3.90101 762.21017
6839.41971 120.41970 4.00509 3.89835 762.22380
6838.41921 119.50749 3.97308 3.86882 760.50733
6838.40968 119.49791 3.97281 3.86851 760.46385
6837.51988 118.49372 3.94130 3.83600 759.42433
6837.41871 118.39361 3.93750 3.83276 759.30030
6836.47267 117.48954 3.90680 3.80349 756.91366
6836.41821 117.43599 3.90490 3.80176 756.79712
6835.47641 116.48536 3.87064 3.77098 755.57050
6835.41771 116.42658 3.86878 3.76908 755.48351
6834.48112 115.48117 3.83555 3.73847 754.31353
6834.41721 115.41863 3.83335 3.73645 754.18932
6833.42891 114.47699 3.80122 3.70596 751.68412
6833.41671 114.46505 3.80078 3.70558 751.66139
6832.41621 113.51895 3.76771 3.67495 749.03994
6832.36923 113.47280 3.76620 3.67346 748.95902
6831.41571 112.51528 3.73163 3.64246 747.95046
6831.36714 112.46862 3.73007 3.64095 747.84085
6830.41521 111.55243 3.69752 3.61129 745.83699
6830.31440 111.46444 3.69422 3.60844 745.49606
6829.41471 110.65181 3.66911 3.58213 743.10278
6829.23947 110.46025 3.66319 3.57593 742.97494
6828.41421 109.63472 3.63342 3.54920 741.84131
6828.22295 109.45607 3.62730 3.54342 741.40451
6827.41371 108.68366 3.59948 3.51842 739.79287
6827.16685 108.45188 3.59099 3.51091 739.20779
6826.41321 107.76656 3.56732 3.48873 736.84803
6826.08432 107.44770 3.55550 3.47840 736.34996
6825.41271 106.82117 3.53284 3.45812 734.71045
6825.01934 106.44351 3.51981 3.44590 734.06747
6824.41221 105.83967 3.49742 3.42635 733.71652
6823.97772 105.43933 3.48313 3.41339 732.58331
6823.41171 104.91019 3.46440 3.39626 731.30451
6822.91186 104.43515 3.44671 3.38088 730.49221
6822.41121 103.99700 3.43083 3.36669 728.54791
6821.78164 103.43096 3.41013 3.34837 726.37004
6821.41071 103.07932 3.39725 3.33699 726.99187
6820.62586 102.42678 3.37320 3.31586 725.44019
6820.41021 102.22204 3.36569 3.30923 725.07502
6819.62910 101.42259 3.33891 3.28335 722.85698
6819.40970 101.22994 3.33230 3.27712 721.42018
6818.52856 100.41841 3.30266 3.25085 719.35101
6818.40920 100.30584 3.29853 3.24720 719.18534
6817.40870 99.41901 3.26546 3.21849 715.80319
6817.40360 99.41423 3.26529 3.21834 715.79483
6816.40820 98.52402 3.23216 3.18952 712.80199
6816.28327 98.41004 3.22779 3.18583 712.49771
6815.40770 97.62543 3.19866 3.16043 709.92236
6815.16722 97.40586 3.19023 3.15332 709.35496
6814.40720 96.75496 3.16531 3.13225 706.13377
6814.00888 96.40167 3.15221 3.12081 704.83599
6813.40670 95.83707 3.13068 3.10253 704.06073
6812.89436 95.39749 3.11353 3.08830 701.55838
6812.40620 94.98052 3.09748 3.07480 700.03998
6811.67515 94.39331 3.07486 3.05579 698.68060
6811.40570 94.18029 3.06633 3.04890 697.22510
6810.47157 93.38912 3.03543 3.02329 692.02373
6810.40520 93.32127 3.03306 3.02109 691.83741
6809.43242 92.38494 2.99873 2.99078 688.05062
6809.40470 92.36092 2.99775 2.99000 687.94132
6808.40420 91.47879 2.96104 2.96144 684.80644
6808.29206 91.38075 2.95691 2.95827 684.34100
6807.40370 90.62104 2.92443 2.93367 680.13779
6807.12313 90.37657 2.91385 2.92576 679.00615
6806.40320 89.78969 2.88864 2.90676 674.32510
6805.91342 89.37238 2.86964 2.89325 671.78688
6805.40270 88.91872 2.84836 2.87857 669.88301
6804.78467 88.36820 2.82491 2.86074 667.60588
6804.40220 88.02494 2.80966 2.84963 665.89007
6803.53665 87.36402 2.77532 2.82824 660.50718
6803.40170 87.26554 2.77038 2.82505 659.73909
6802.40120 86.53470 2.74417 2.80139 648.99233
6802.21120 86.35983 2.73664 2.79573 648.27875
6801.40070 85.66135 2.69447 2.77312 643.05130
6801.04232 85.35565 2.67584 2.76322 640.35640
6800.40020 84.81460 2.65989 2.74570 635.43790
6799.86178 84.35146 2.63512 2.73071 631.27756
6799.39970 83.93352 2.60005 2.71718 625.86072
6798.77889 83.34728 2.55405 2.69820 619.96061
6798.39920 83.03092 2.54057 2.68796 615.92536
6797.49537 82.34310 2.50676 2.66569 602.59538
6797.39870 82.24905 2.49647 2.66265 602.04836
6796.42397 81.33891 2.43730 2.63318 593.72719
6796.39820 81.31924 2.43606 2.63255 593.27562
6795.39770 80.54941 2.36741 2.60763 574.60666
6795.18286 80.33473 2.35984 2.60068 572.53600
6794.39720 79.69742 2.31880 2.58004 561.12885
6793.97214 79.33054 2.28058 2.56817 556.44410
6793.39670 78.67551 2.27025 2.54696 551.32308
6793.09428 78.32636 2.26173 2.53566 547.42117
6792.39620 77.45295 2.22630 2.50738 538.29359
6792.29594 77.32218 2.22361 2.50315 536.72448
6791.76011 76.31799 2.19637 2.47064 535.75207
6791.39570 75.66720 2.16700 2.44957 531.49649
6791.19798 75.31381 2.15211 2.43813 527.82047
6790.64546 74.30962 2.13202 2.40563 519.46359
6790.39520 73.95578 2.12666 2.39417 513.93448
6789.79722 73.30544 2.11764 2.37312 497.78384
6789.39470 72.91445 2.11516 2.36046 487.07334
6788.58752 72.30126 2.12177 2.34061 464.93282
6788.39420 72.14689 2.12199 2.33561 460.21574
6787.39370 71.44769 2.12026 2.31298 436.40700
6787.18094 71.29707 2.12056 2.30810 431.82323
6786.39320 70.68480 2.11869 2.28828 416.54570
6785.81246 70.29289 2.11702 2.27559 407.44921
6785.39270 70.00585 2.11550 2.26630 401.11882
6784.49461 69.28870 2.11325 2.24308 387.12110
6784.39220 69.19529 2.11254 2.24006 385.78951
6783.39170 68.39293 2.10748 2.21408 371.96391
6783.26326 68.28452 2.10761 2.21057 370.33038
6782.39120 67.48988 2.09920 2.18485 360.22578
6782.15915 67.28033 2.09566 2.17807 357.62712
6781.39070 66.50753 2.09022 2.15305 349.88430
6781.15524 66.27615 2.08697 2.14556 347.24767
6780.39020 65.50200 2.07551 2.12050 339.32094
6780.16038 65.27197 2.07372 2.11305 337.21337
6779.38969 64.48655 2.05622 2.08762 330.30957
6779.17054 64.26778 2.05242 2.08054 328.31708
6778.38919 63.45409 2.04097 2.05420 321.64009
6778.20098 63.26360 2.03516 2.04803 320.03285
6777.38869 62.43175 2.01940 2.02110 313.03557
6777.19980 62.25941 2.01709 2.01552 311.39124
6776.38819 61.49410 1.99425 1.99075 305.74082
6776.14294 61.25523 1.98978 1.98302 303.91759
6775.38769 60.49319 1.97307 1.95835 297.81248
6775.13491 60.25105 1.96514 1.95051 295.76787
6774.38719 59.52847 1.95063 1.92712 289.89246
6774.08916 59.24686 1.94308 1.91800 287.54459
6773.38669 58.61569 1.92369 1.89757 282.01916
6772.96950 58.24268 1.91833 1.88549 278.81213
6772.38619 57.63526 1.90230 1.86583 274.46762
6772.00225 57.23849 1.89099 1.85298 271.61266
6771.38569 56.66514 1.88112 1.83442 267.19827
6770.93493 56.23431 1.86579 1.82047 264.08080
6770.38519 55.70941 1.85147 1.80348 260.29430
6769.88755 55.23013 1.84210 1.78796 256.96258
6769.38469 54.73531 1.82406 1.77195 253.66442
6768.84271 54.22594 1.81139 1.75546 249.98194
6768.38419 53.76899 1.80064 1.74066 247.32324
6767.80530 53.22176 1.77921 1.72295 244.27419
6767.38369 52.81711 1.76951 1.70985 241.63583
6766.81960 52.21757 1.75272 1.69044 238.13303
6766.38319 51.75313 1.73516 1.67540 235.51440
6765.87231 51.21339 1.72223 1.65793 232.43686
6765.38269 50.62699 1.70153 1.63895 229.59926
6765.01061 50.20921 1.68554 1.62542 227.41402
6764.38219 49.47800 1.66498 1.60175 223.76091
6764.11884 49.20502 1.65486 1.59291 222.19903
6763.38169 48.43567 1.63145 1.56801 217.79162
6763.14280 48.20084 1.62621 1.56041 216.35781
6762.38119 47.61644 1.60775 1.54149 211.83722
6761.82909 47.19665 1.59429 1.52790 208.65339
6761.38069 46.84151 1.58433 1.51640 206.11087
6760.55294 46.19247 1.56231 1.49539 201.52869
6760.38019 46.06483 1.55850 1.49126 200.59230
6759.37969 45.30441 1.53536 1.46664 195.24065
6759.22657 45.18828 1.53146 1.46288 194.51710
6758.37919 44.54313 1.50966 1.44199 190.58541
6757.97789 44.18410 1.49820 1.43037 188.50714
6757.37869 43.58108 1.47875 1.41085 185.43197
6756.96638 43.17992 1.46480 1.39786 183.34789
6756.37819 42.57940 1.44472 1.37842 180.37250
6755.98301 42.17573 1.43114 1.36535 178.38331
6755.37769 41.54208 1.40881 1.34484 175.33856
6755.01864 41.17155 1.39634 1.33285 173.54032
6754.37719 40.53111 1.37526 1.31211 170.36610
6753.96465 40.16736 1.36401 1.30034 168.42019
6753.37669 39.60641 1.34777 1.28218 165.65164
6752.88656 39.16318 1.33291 1.26783 163.35321
6752.37619 38.78186 1.31912 1.25549 161.07611
6751.60209 38.15900 1.29868 1.23532 157.63716
6751.37569 37.98205 1.29256 1.22959 156.63163
6750.37519 37.34230 1.27076 1.20888 152.79097
6750.10180 37.15481 1.26471 1.20281 151.77408
6749.37469 36.61699 1.24585 1.18540 148.78484
6748.75345 36.15063 1.22965 1.17030 146.27202
6748.37419 35.88739 1.22065 1.16178 144.80267
6747.38458 35.14644 1.19529 1.13780 140.92310
6747.37369 35.13891 1.19504 1.13755 140.88213
6746.37319 34.52625 1.17420 1.11772 137.33505
6745.78730 34.14226 1.16126 1.10529 135.25782
6745.37269 33.83736 1.15048 1.09542 133.73920
6744.39672 33.13808 1.12599 1.07278 130.25956
6744.37219 33.12104 1.12539 1.07223 130.17425
6743.37169 32.40003 1.10049 1.04889 126.68322
6742.98934 32.13389 1.09174 1.04027 125.39461
6742.37119 31.78228 1.07960 1.02889 123.51323
6741.37069 31.21905 1.06039 1.01065 120.62975
6741.22652 31.12971 1.05754 1.00776 120.24124
6740.37019 30.58643 1.04109 0.99017 117.87369
6739.70310 30.12552 1.02607 0.97525 115.84541
6739.36968 29.88402 1.01749 0.96744 114.77872
6738.37470 29.12134 0.99034 0.94275 111.54010
6738.36918 29.11719 0.99019 0.94261 111.52259
6737.36868 28.35868 0.96384 0.91806 108.34156
6737.05940 28.11715 0.95523 0.91024 107.34633
6736.36818 27.58185 0.93615 0.89291 105.14925
6735.73296 27.11297 0.91957 0.87773 103.21625
6735.36768 26.89543 0.91186 0.87069 102.26379
6734.36718 26.43367 0.89674 0.85574 100.09185
6733.61889 26.10879 0.88615 0.84522 98.57579
6733.36668 26.00910 0.88283 0.84199 98.10310
6732.36618 25.65729 0.87035 0.83060 96.46264
6731.36568 25.16144 0.85226 0.81455 94.37284
6731.26433 25.10460 0.85024 0.81271 94.14324
6730.36518 24.64377 0.83359 0.79779 92.26874
6729.51964 24.10042 0.81438 0.78020 90.17785
6729.36468 23.97086 0.80981 0.77601 89.70514
6728.36418 23.22533 0.78300 0.75187 86.92307
6728.17666 23.09623 0.77830 0.74769 86.43373
6727.36368 22.56531 0.76061 0.73051 84.50536
6726.50289 22.09205 0.74713 0.71519 82.91872
6726.36318 22.04006 0.74562 0.71350 82.73435
6725.36268 21.67895 0.73383 0.70181 81.38810
6724.36218 21.19440 0.71620 0.68613 79.56991
6724.16012 21.08787 0.71233 0.68268 79.17390
6723.36168 20.66855 0.69727 0.66910 77.65968
6722.40566 20.08368 0.67649 0.65017 75.57275
6722.36118 20.05378 0.67542 0.64920 75.46576
6721.36068 19.44898 0.65413 0.62962 73.31161
6720.70647 19.07950 0.64141 0.61766 71.99506
6720.36018 18.92449 0.63600 0.61264 71.44775
6719.35968 18.48007 0.62025 0.59826 69.88394
6718.55745 18.07531 0.60614 0.58515 68.46285
6718.35918 17.99236 0.60321 0.58247 68.17482
6717.35868 17.55674 0.58761 0.56836 66.66897
6716.46340 17.07113 0.57029 0.55264 64.98292
6716.35818 17.01111 0.56815 0.55070 64.77392
6715.35768 16.55222 0.55189 0.53584 63.18946
6714.35718 16.14249 0.53726 0.52258 61.78646
6714.19193 16.06695 0.53457 0.52014 61.52646
6713.35668 15.74321 0.52311 0.50966 60.43976
6712.35618 15.34899 0.50937 0.49689 59.10171
6711.66800 15.06276 0.49981 0.48763 58.13592
6711.35568 14.96323 0.49648 0.48440 57.81307
6710.35518 14.62185 0.48484 0.47335 56.68727
6709.35468 14.18553 0.46924 0.45923 55.18452
6709.09689 14.05858 0.46457 0.45512 54.73326
6708.35418 13.69932 0.45149 0.44349 53.45818
6707.35368 13.15227 0.43383 0.42578 51.70620
6707.16341 13.05439 0.43087 0.42261 51.41126
6706.35318 12.64990 0.41826 0.40952 50.12799
6705.35268 12.11121 0.39930 0.39208 48.17865
6705.23123 12.05021 0.39708 0.39010 47.95415
6704.35218 11.72448 0.38533 0.37956 46.80720
6703.35168 11.33491 0.37197 0.36694 45.43809
6702.65730 11.04603 0.36226 0.35759 44.40723
6702.35118 10.96230 0.35937 0.35488 44.12418
6701.35068 10.71734 0.35077 0.34695 43.30864
6700.35018 10.44424 0.34134 0.33811 42.36615
6699.34967 10.12823 0.33071 0.32788 41.23301
6699.04030 10.04184 0.32771 0.32508 40.92717
6698.34917 9.87041 0.32140 0.31953 40.33001
6697.34867 9.67154 0.31378 0.31310 39.64307
6696.34817 9.51947 0.30755 0.30817 39.14521
6695.34767 9.42671 0.30388 0.30517 38.88832
6694.34717 9.34297 0.30061 0.30246 38.66294
6693.34667 9.22610 0.29611 0.29868 38.27738
6692.34617 9.03995 0.28851 0.29265 37.59302
6692.33878 9.03766 0.28842 0.29258 37.58388
6691.34567 8.68782 0.27635 0.28125 36.17978
6690.34517 8.28879 0.26371 0.26833 34.55729
6689.85123 8.03347 0.25567 0.26007 33.50090
6689.34467 7.75621 0.24580 0.25109 32.34179
6688.34417 7.13951 0.22580 0.23113 29.76639
6688.18523 7.02929 0.22214 0.22756 29.30075
6687.34367 6.39473 0.19968 0.20702 26.62143
6686.93153 6.02510 0.18742 0.19505 25.06534
6686.34317 5.40542 0.16579 0.17499 22.40322
6686.00458 5.02092 0.15209 0.16254 20.80349
0.00000 0.00000 0.00000 0.00000 0.00000
