6924.46568 242.25726 8.03362 7.84259 804.74891
6924.24436 241.96214 8.02359 7.83304 804.35771
6923.50465 240.95355 7.99025 7.80039 803.17492
6923.48718 240.93110 7.98950 7.79966 803.13665
6922.78985 240.01700 7.95902 7.77007 801.73216
6922.44331 239.55972 7.94385 7.75527 801.02205
6921.97191 238.91142 7.92234 7.73428 800.28627
6921.41986 238.14363 7.89687 7.70942 799.56953
6921.16237 237.79495 7.88531 7.69814 799.12464
6920.48046 236.76937 7.85149 7.66493 798.83010
6920.33516 236.56751 7.84477 7.65840 798.61950
6919.81998 235.80383 7.81957 7.63368 798.33755
6919.40414 235.21161 7.80005 7.61451 797.81754
6919.18280 234.92064 7.79011 7.60509 797.38598
6918.44081 233.89629 7.75831 7.57192 796.19605
6918.50668 233.98353 7.76078 7.57475 796.32111
6917.77125 233.03485 7.73108 7.54404 795.37157
6917.43116 232.60238 7.71647 7.53004 794.60685
6916.90384 231.85684 7.69183 7.50590 793.88374
6916.41412 231.17660 7.66928 7.48388 793.25257
6916.14365 230.80848 7.65703 7.47196 792.82766
6915.43987 229.78005 7.62305 7.43867 792.34527
6915.51362 229.87798 7.62630 7.44184 792.48552
6914.81060 228.98510 7.59649 7.41293 790.80720
6914.39773 228.41967 7.57777 7.39463 790.22687
6914.06705 227.95131 7.56224 7.37947 789.88424
6913.51352 227.25092 7.53884 7.35679 788.56655
6913.17916 226.80139 7.52396 7.34224 787.97353
6912.47873 225.78453 7.49059 7.30932 787.38638
6912.48012 225.78869 7.49070 7.30946 787.37256
6911.85875 224.97772 7.46676 7.28320 785.23033
6911.48476 224.49781 7.45059 7.26767 784.48854
6911.03837 223.90340 7.43070 7.24842 783.73713
6910.44295 223.09704 7.40390 7.22232 782.65765
6910.24066 222.82791 7.39495 7.21361 782.39099
6909.52419 221.81562 7.36164 7.18084 782.91201
6909.45266 221.72098 7.35851 7.17777 782.89232
6908.85147 220.91818 7.33180 7.15178 781.96772
6908.50738 220.46652 7.31682 7.13716 781.23676
6907.99072 219.80372 7.29473 7.11571 780.15104
6907.29937 218.77359 7.26067 7.08236 779.97473
6907.34681 218.83788 7.26281 7.08444 780.04482
6906.62966 217.85775 7.23030 7.05271 779.05907
6906.52626 217.71781 7.22566 7.04818 778.90110
6905.97823 217.03377 7.20249 7.02603 777.65189
6905.55375 216.51489 7.18606 7.00924 776.22736
6905.10418 215.94231 7.16929 6.99070 774.53905
6904.48136 215.12696 7.14215 6.96430 773.33580
6904.26737 214.84595 7.13280 6.95521 772.95202
6903.53388 213.84055 7.09950 6.92266 772.00833
6903.45365 213.73888 7.09610 6.91937 771.83114
6902.79573 212.85659 7.06675 6.89081 770.81465
6902.46667 212.41034 7.05191 6.87636 770.36429
6902.03617 211.85322 7.03334 6.85832 769.55277
6901.41711 210.99851 7.00494 6.83065 768.75194
6901.29281 210.83712 6.99957 6.82543 768.48710
6900.56376 209.84347 6.96668 6.79326 768.50585
6900.46403 209.72114 6.96264 6.78930 768.43362
6899.83106 208.87478 6.93467 6.76190 768.02650
6899.46146 208.39620 6.91846 6.74641 767.26443
6899.00810 207.78309 6.89987 6.72656 766.07849
6898.40661 206.93902 6.87362 6.69924 765.05091
6898.38087 206.91581 6.87280 6.69849 764.91011
6897.60181 205.90662 6.83898 6.66581 763.51345
6897.54866 205.84008 6.83676 6.66366 763.39156
6896.86768 204.99127 6.80836 6.63618 761.82432
6896.54240 204.59975 6.79524 6.62351 760.94049
6896.00022 203.90402 6.77203 6.60098 759.88353
6895.51846 203.28211 6.75128 6.58085 758.99399
6895.21411 202.90377 6.73863 6.56860 758.29169
6894.48268 201.95128 6.70687 6.53777 757.04327
6894.25029 201.63384 6.69633 6.52749 756.79678
6893.64078 200.72240 6.66619 6.49799 756.98127
6893.52883 200.61032 6.66238 6.49436 756.46129
6892.94294 199.85037 6.63709 6.46976 755.31039
6892.49657 199.25669 6.61695 6.45054 754.92428
6892.20050 198.89289 6.60551 6.43876 754.46820
6891.48662 197.96299 6.57783 6.40866 753.42284
6891.43143 197.89439 6.57555 6.40643 753.30070
6890.65782 196.90480 6.54211 6.37440 751.81990
6890.53901 196.76336 6.53738 6.36982 751.49751
6889.84516 195.88617 6.50807 6.34142 750.16935
6889.47351 195.40255 6.49191 6.32577 749.57435
6889.05108 194.84729 6.47342 6.30779 748.97743
6888.55581 194.20704 6.45206 6.28706 748.16173
6888.32809 193.95389 6.44353 6.27887 747.36095
6887.52153 192.93719 6.40957 6.24596 745.79755
6887.40141 192.77805 6.40426 6.24080 745.64780
6886.67089 191.79859 6.37170 6.20910 744.86237
6886.50633 191.59098 6.36480 6.20237 744.53490
6885.94180 190.86730 6.34038 6.17895 743.69594
6885.53127 190.34705 6.32370 6.16211 742.70121
6885.18400 189.91440 6.31102 6.14810 741.34879
6884.56611 189.14866 6.28625 6.12331 739.76029
6884.37104 188.91547 6.27830 6.11576 739.33829
6883.55535 187.89706 6.24426 6.08279 737.55641
6883.50916 187.83981 6.24234 6.08094 737.46473
6882.75230 186.87331 6.21030 6.04965 737.47167
6882.52881 186.60427 6.20137 6.04094 737.37616
6881.90862 185.81071 6.17490 6.01525 736.46381
6881.50648 185.27639 6.15705 5.99795 735.99872
6881.13984 184.82950 6.14204 5.98349 735.21511
6880.45511 183.92562 6.11192 5.95422 734.49581
6880.41229 183.86638 6.10995 5.95231 734.48260
6879.62574 182.88556 6.07723 5.92055 733.02023
6879.64816 182.91401 6.07818 5.92148 733.05339
6878.85886 181.99614 6.04720 5.89176 730.90122
6878.57711 181.66114 6.03726 5.88092 729.72206
6877.97739 180.92434 6.01460 5.85706 727.79009
6877.58782 180.46319 5.99889 5.84213 726.90174
6877.13675 179.90790 5.98022 5.82416 726.02375
6876.58445 179.24030 5.95786 5.80255 724.79944
6876.27217 178.85988 5.94512 5.79023 724.16855
6875.53249 177.92905 5.91403 5.76010 723.02071
6875.47656 177.86344 5.91182 5.75797 722.86147
6874.67632 176.86558 5.87839 5.72567 721.73132
6874.57997 176.75304 5.87465 5.72203 721.69451
6873.83505 175.84387 5.84442 5.69259 721.58227
6873.44494 175.33215 5.82730 5.67603 721.20217
6873.05442 174.80916 5.80985 5.65910 720.91238
6872.56834 174.21963 5.79012 5.64001 719.99118
6872.26315 173.84305 5.77758 5.62782 719.46058
6871.55236 172.95541 5.74751 5.59909 718.48897
6871.66263 173.08672 5.75188 5.60334 718.74235
6870.75726 172.10244 5.72165 5.57147 714.44420
6870.63204 171.96214 5.71728 5.56693 713.91263
6869.77715 170.96650 5.68368 5.53470 711.86646
6869.57377 170.73429 5.67589 5.52718 711.30143
6868.86587 169.85991 5.64659 5.49887 710.17226
6868.60255 169.54622 5.63607 5.48872 709.62913
6868.06458 168.90341 5.61447 5.46791 708.52076
6867.64170 168.40007 5.59750 5.45162 707.64310
6867.15947 167.84704 5.57881 5.43371 706.39196
6866.47815 166.97359 5.54966 5.40544 705.83053
6866.35839 166.81140 5.54424 5.40019 705.82115
6865.56337 165.83485 5.51150 5.36857 704.67307
6865.55693 165.82729 5.51124 5.36833 704.66901
6864.75313 164.83940 5.47821 5.33635 705.24622
6864.65917 164.72636 5.47430 5.33269 705.20184
6864.00220 163.97783 5.45064 5.30845 702.73056
6863.65230 163.58528 5.43891 5.29575 701.11408
6863.10058 162.93596 5.41741 5.27473 699.85325
6862.66849 162.44760 5.40077 5.25892 698.77774
6862.20131 161.90663 5.38265 5.24140 697.69057
6861.69864 161.30986 5.36252 5.22208 696.76686
6861.50413 161.12007 5.35602 5.21594 695.87536
6860.75098 160.32637 5.32904 5.19025 693.20818
6860.39511 159.91112 5.31506 5.17680 692.47023
6859.64791 159.04676 5.28597 5.14882 690.83462
6859.41435 158.77016 5.27664 5.13987 690.41342
6858.60536 157.74807 5.24235 5.10678 689.84239
6858.54941 157.67720 5.23997 5.10448 689.80630
6857.86119 156.83160 5.21154 5.07711 689.04660
6857.67333 156.61791 5.20433 5.07019 688.54411
6857.12142 155.99115 5.18324 5.04990 687.25071
6856.72462 155.57052 5.16882 5.03628 686.91192
6856.13978 154.90570 5.14742 5.01476 686.25023
6855.64968 154.33159 5.13047 4.99618 684.19611
6855.27776 153.91006 5.11648 4.98253 683.18107
6854.65912 153.19341 5.09200 4.95933 682.15780
6854.45186 152.96121 5.08420 4.95181 681.62775
6853.73777 152.16621 5.05732 4.92608 679.83465
6853.70187 152.13509 5.05624 4.92507 679.62445
6852.84486 151.26862 5.02668 4.89702 676.27475
6852.53481 150.92794 5.01517 4.88599 675.47035
6851.68225 149.96290 4.98251 4.85475 673.59880
6851.49050 149.73825 4.97494 4.84748 673.29595
6850.71769 148.76869 4.94241 4.81609 672.99751
6850.74500 148.81192 4.94384 4.81749 672.87795
6849.97524 147.97300 4.91529 4.79033 670.82191
6849.69220 147.65779 4.90467 4.78013 670.13390
6849.05511 146.93993 4.88000 4.75689 669.00611
6848.70957 146.56415 4.86767 4.74472 667.89037
6848.14813 145.93206 4.84888 4.72426 665.28194
6847.73600 145.47801 4.83421 4.70956 664.46111
6847.26564 144.96743 4.81680 4.69303 664.57577
6846.73105 144.38101 4.79699 4.67405 663.73980
6846.35638 143.97050 4.78300 4.66076 662.62026
6845.74934 143.31366 4.76068 4.63949 661.03701
6845.39312 142.92557 4.74754 4.62693 660.16198
6844.73005 142.18100 4.72227 4.60283 658.86166
6844.69105 142.14481 4.72102 4.60165 658.67384
6843.90887 141.38511 4.69500 4.57706 655.38004
6843.41438 140.86438 4.67725 4.56020 653.88874
6842.61728 139.92741 4.64554 4.52987 653.02176
6842.62310 139.93230 4.64571 4.53003 653.05788
6841.73306 138.95852 4.61260 4.49850 651.05184
6841.80088 139.03095 4.61505 4.50085 651.23415
6840.83387 138.02593 4.58071 4.46831 648.25148
6840.81346 138.00387 4.57995 4.46760 648.21027
6839.87078 137.02167 4.54792 4.43580 644.43335
6839.71528 136.85832 4.54295 4.43051 643.68171
6838.86466 135.91378 4.51209 4.39994 643.00909
6838.79640 135.84464 4.50971 4.39770 642.99225
6837.98249 134.98711 4.48053 4.36994 641.19067
6837.85749 134.85240 4.47592 4.36558 640.83695
6837.06689 134.05828 4.44869 4.33987 638.07408
6836.75502 133.73318 4.43759 4.32934 637.19238
6836.02153 132.93532 4.41038 4.30352 635.63250
6835.83419 132.73567 4.40354 4.29705 635.15961
6835.14690 132.03751 4.37958 4.27445 632.90372
6834.76889 131.64812 4.36626 4.26184 631.75236
6834.12406 130.94683 4.34226 4.23914 630.45997
6833.83365 130.64684 4.33199 4.22943 629.60876
6833.22826 130.02666 4.31079 4.20935 627.75827
6832.84540 129.63837 4.29741 4.19678 626.53154
6832.24343 129.02073 4.27595 4.17679 624.84942
6831.84470 128.61615 4.26336 4.16369 622.83079
6831.25585 128.01188 4.24484 4.14413 619.94424
6830.87689 127.62454 4.23152 4.13159 618.74191
6830.29802 127.05182 4.21154 4.11305 616.67821
6829.82931 126.57713 4.19541 4.09768 616.16723
6829.27801 126.00203 4.17575 4.07906 616.07892
6828.84769 125.57093 4.16090 4.06511 614.58414
6828.29850 125.00400 4.14138 4.04675 612.95219
6827.89348 124.59546 4.12727 4.03353 611.72143
6827.31906 124.03253 4.10777 4.01531 609.62358
6826.98685 123.68285 4.09573 4.00398 608.83545
6826.44075 123.20711 4.07910 3.98858 605.81579
6825.78564 122.57836 4.05730 3.96823 603.20797
6825.19277 121.91187 4.03437 3.94665 602.61225
6824.89302 121.62060 4.02419 3.93722 601.50883
6824.29440 121.02545 4.00361 3.91796 599.48494
6823.89955 120.62727 3.98986 3.90507 598.24021
6823.32527 120.06786 3.97009 3.88696 596.32175
6822.89344 119.64763 3.95587 3.87335 594.51463
6822.27828 119.03043 3.93700 3.85337 591.03192
6821.89804 118.65993 3.92476 3.84138 589.06619
6821.24785 118.01194 3.90205 3.82040 588.57946
6820.91542 117.67669 3.89050 3.80955 588.48963
6820.27581 117.06123 3.86905 3.78962 586.13644
6819.96743 116.75654 3.85836 3.77976 584.99914
6819.29746 116.13147 3.83646 3.75952 582.11933
6818.98433 115.84334 3.82632 3.75020 580.66911
6818.15775 115.05827 3.79873 3.72478 577.29903
6817.89600 114.79086 3.78938 3.71612 576.59755
6817.13585 114.04842 3.76324 3.69209 573.89972
6816.98366 113.90496 3.75818 3.68745 573.27441
6816.13063 113.10328 3.72994 3.66149 569.66063
6815.95459 112.93963 3.72413 3.65619 568.86809
6815.03815 112.05917 3.69308 3.62769 565.28834
6814.97634 112.00049 3.69099 3.62579 565.05020
6814.00522 111.08399 3.65878 3.59612 560.76295
6814.05013 111.12500 3.66010 3.59745 561.06196
6813.04435 110.21408 3.63097 3.56796 553.94153
6812.89555 110.07371 3.62589 3.56342 553.24089
6811.97605 109.20367 3.59482 3.53525 551.37302
6811.84996 109.08698 3.59071 3.53147 551.14440
6810.98743 108.27685 3.56180 3.50525 547.73060
6810.83925 108.13848 3.55684 3.50077 547.01745
6810.03428 107.41310 3.53079 3.47728 542.97796
6809.71700 107.11323 3.51998 3.46758 541.59221
6809.12902 106.57887 3.50074 3.45028 538.62500
6808.65537 106.19452 3.48679 3.43784 535.23541
6807.92917 105.52335 3.46247 3.41611 531.80483
6807.42974 105.01802 3.44439 3.39975 530.31514
6807.01356 104.63671 3.43057 3.38740 528.23503
6806.45128 104.11632 3.41165 3.37056 525.47218
6806.05402 103.76358 3.39877 3.35914 523.28875
6805.31615 103.09115 3.37433 3.33737 519.40802
6805.04476 102.83369 3.36498 3.32904 518.26750
6804.25204 102.12599 3.33876 3.30612 513.61660
6804.14138 102.01880 3.33502 3.30265 513.11850
6803.19841 101.22026 3.30922 3.27680 507.26483
6803.06367 101.10300 3.30521 3.27301 506.42137
6802.06242 100.20349 3.27167 3.24389 500.58299
6801.92169 100.07715 3.26700 3.23980 499.78164
6801.04493 99.26542 3.23694 3.21352 495.17814
6801.13610 99.34623 3.23995 3.21614 495.71528
6800.25961 98.67244 3.21463 3.19432 488.04611
6799.72074 98.20194 3.19689 3.17909 484.43677
6799.17115 97.74871 3.17994 3.16442 480.19927
6798.39035 97.07057 3.15419 3.14247 474.75975
6797.92670 96.60860 3.13696 3.12751 472.77651
6797.32854 96.04571 3.11570 3.10929 469.46834
6797.08016 95.82043 3.10704 3.10199 467.88603
6796.32175 95.15308 3.08170 3.08039 462.53686
6796.23878 95.08552 3.07914 3.07820 461.84006
6795.24078 94.27433 3.04796 3.05194 452.93693
6795.18827 94.22935 3.04624 3.05049 452.51838
6794.18119 93.39785 3.01503 3.02357 445.90376
6793.83301 93.08631 3.00469 3.01348 443.18836
6793.07177 92.40173 2.98121 2.99132 436.16171
6792.81340 92.17610 2.97265 2.98402 434.15244
6792.22258 91.67987 2.95391 2.96795 429.22650
6791.73466 91.28897 2.93968 2.95530 424.32192
6791.30917 90.96026 2.92781 2.94466 419.88982
6790.42528 90.26044 2.90365 2.92200 410.92197
6790.25733 90.11704 2.89866 2.91736 409.44997
6789.26823 89.32704 2.87212 2.89178 399.24575
6789.12717 89.21011 2.86843 2.88800 397.84473
6788.17627 88.42522 2.84332 2.86259 388.36842
6787.72946 88.02744 2.82987 2.84971 384.38755
6786.97494 87.32431 2.80836 2.82695 378.04666
6786.73102 87.08868 2.80168 2.81932 375.95523
6786.22268 86.65517 2.78496 2.80529 371.23959
6785.68403 86.23389 2.76266 2.79165 367.07388
6785.04058 85.69117 2.73288 2.77408 361.02547
6784.37468 85.06042 2.69674 2.75366 354.98630
6784.13792 84.87963 2.68716 2.74781 352.36691
6783.26004 84.10553 2.64645 2.72275 343.51502
6783.33350 84.16824 2.65094 2.72478 344.36252
6782.29768 83.37128 2.61735 2.69898 331.74546
6781.61604 82.74073 2.61030 2.67857 325.85090
6780.70266 81.74606 2.55980 2.64637 319.55875
6780.23249 81.15684 2.56058 2.62729 317.10817
6779.48318 80.05300 2.44246 2.59156 314.95981
6779.16591 79.52274 2.34113 2.57439 314.77777
6778.69658 78.80101 2.30670 2.55102 313.76112
6778.13262 77.72523 2.29536 2.51620 315.08084
6778.19424 77.86355 2.29800 2.52068 314.63416
6777.77056 77.18301 2.28849 2.49865 314.38406
6777.66637 77.05720 2.28717 2.49457 313.83246
6777.57310 76.98087 2.28678 2.49210 312.92393
6777.27853 76.71213 2.28430 2.48340 310.50603
6776.69473 76.29735 2.28083 2.46997 305.88234
6776.49583 76.12340 2.27877 2.46434 304.89426
6775.57276 75.50230 2.27697 2.44424 296.45009
6775.17050 75.20364 2.27575 2.43457 292.98407
6774.34132 74.53579 2.27046 2.41295 287.46636
6774.12044 74.39101 2.26962 2.40826 285.83840
6773.40127 73.88221 2.26554 2.39179 280.94862
6772.50331 73.18495 2.25930 2.36922 275.81595
6772.18810 72.90999 2.25612 2.36032 274.18967
6771.25050 72.14254 2.24776 2.33547 269.27839
6770.96741 71.89059 2.24463 2.32731 267.97630
6769.96949 70.95546 2.23193 2.29704 263.61658
6769.83286 70.82528 2.23003 2.29283 263.05169
6768.85495 69.85006 2.21494 2.26126 259.07940
6768.81260 69.80748 2.21424 2.25988 258.91381
6767.84516 68.83789 2.19700 2.22849 256.04788
6767.71034 68.69917 2.19447 2.22400 255.64956
6766.76379 67.69219 2.17570 2.19140 252.02664
6766.78203 67.71103 2.17605 2.19201 252.09772
6765.84021 66.73271 2.15640 2.16034 248.51367
6765.90327 66.79481 2.15762 2.16235 248.78530
6764.92826 65.85203 2.14085 2.13183 244.11283
6764.93187 65.85436 2.14088 2.13190 244.13448
6763.93239 64.90162 2.12021 2.10106 239.91244
6763.78752 64.75904 2.11695 2.09644 239.33088
6762.81628 63.76915 2.09369 2.06440 235.57201
6762.96305 63.91245 2.09710 2.06904 236.15154
6761.97363 62.99247 2.07508 2.03926 232.04494
6761.92323 62.94286 2.07386 2.03765 231.84672
6761.02434 62.12799 2.05373 2.01127 228.12601
6760.58364 61.71348 2.04317 1.99785 226.38080
6759.73520 60.80677 2.01926 1.96850 223.30516
6759.77492 60.84247 2.02019 1.96965 223.47040
6758.93373 60.04514 1.99865 1.94384 220.61301
6758.73589 59.85345 1.99338 1.93764 220.03954
6757.93000 59.08834 1.97236 1.91287 216.99451
6757.63227 58.80032 1.96428 1.90354 215.84505
6756.87959 58.05910 1.94338 1.87955 213.03616
6756.52460 57.71226 1.93474 1.86832 211.56863
6755.81364 56.96517 1.91468 1.84413 208.87891
6755.71950 56.88573 1.91233 1.84156 208.49509
6754.88674 56.10949 1.88898 1.81643 205.34302
6754.38441 55.57120 1.87266 1.79901 203.54140
6753.68384 54.79369 1.84857 1.77384 201.07985
6753.37561 54.46091 1.83817 1.76306 199.98667
6752.54471 53.46380 1.80663 1.73078 197.11923
6752.63776 53.57360 1.81014 1.73434 197.44355
6751.72592 52.56987 1.77799 1.70184 194.15714
6751.86562 52.71418 1.78262 1.70652 194.67492
6750.91007 51.77484 1.75225 1.67611 191.08950
6751.35885 52.16267 1.76481 1.68866 192.79874
6750.35863 51.40729 1.74040 1.66421 189.20561
6749.99111 51.12607 1.73131 1.65510 187.97097
6749.25834 50.54250 1.71241 1.63621 185.17711
6748.76865 50.15032 1.69976 1.62352 183.38682
6748.37770 49.86280 1.69047 1.61421 181.95675
6747.45297 49.16504 1.66744 1.59162 178.63983
6747.17238 48.93832 1.66025 1.58428 177.65107
6746.15812 48.09119 1.63579 1.55686 174.10345
6745.74630 47.71484 1.62358 1.54467 172.69010
6744.81900 46.77573 1.59215 1.51427 169.50292
6744.67807 46.63364 1.58742 1.50967 169.01962
6743.75284 45.66070 1.55475 1.47817 165.81226
6743.71819 45.62568 1.55356 1.47704 165.69267
6742.75952 44.61868 1.51938 1.44444 162.36763
6742.97648 44.83189 1.52665 1.45134 163.11302
6741.98777 43.91781 1.49548 1.42175 159.72700
6741.86928 43.81317 1.49191 1.41836 159.33165
6740.94744 42.94176 1.46197 1.39015 156.47071
6741.15710 43.11303 1.46784 1.39570 157.08535
6740.32339 42.48558 1.44626 1.37539 154.49719
6739.87139 42.12421 1.43377 1.36369 153.03477
6739.52838 41.86695 1.42488 1.35536 151.96884
6738.68295 41.30983 1.40579 1.33732 149.45075
6738.43709 41.13297 1.39960 1.33160 148.70884
6737.42735 40.40435 1.37426 1.30801 145.70856
6737.17277 40.21239 1.36840 1.30180 144.98075
6736.42067 39.68161 1.35234 1.28461 142.90912
6735.77554 39.19209 1.33594 1.26877 141.06455
6735.71531 39.15482 1.33468 1.26756 140.90594
6734.72307 38.54683 1.31321 1.24788 138.30335
6734.21776 38.20923 1.30155 1.23695 136.97121
6733.41885 37.62608 1.28130 1.21807 134.77665
6732.82048 37.18879 1.26613 1.20391 133.22695
6732.44278 36.91984 1.25681 1.19521 132.28620
6731.43378 36.18860 1.23131 1.17153 129.60883
6731.92161 36.49953 1.24221 1.18160 130.81945
6730.94784 35.95689 1.22320 1.16403 128.58615
6730.08995 35.48696 1.20676 1.14882 126.69780
6729.61077 35.19005 1.19633 1.13921 125.58669
6728.55250 34.48613 1.17186 1.11642 123.05823
6728.02784 34.10491 1.15851 1.10408 121.74082
6727.31352 33.55221 1.13932 1.08619 119.87256
6726.71364 33.09242 1.12323 1.07130 118.31891
6726.27219 32.75495 1.11140 1.06038 117.18259
6725.35966 32.02717 1.08599 1.03682 114.76681
6725.43032 32.07737 1.08778 1.03844 114.93854
6724.45164 31.37560 1.06272 1.01572 112.53828
6724.51244 31.39968 1.06354 1.01650 112.63005
6724.19441 31.21557 1.05728 1.01054 111.99215
6723.38779 30.87673 1.04659 0.99957 110.85126
6723.05925 30.73183 1.04218 0.99488 110.38751
6722.54787 30.53031 1.03585 0.98836 109.70302
6721.32038 30.04923 1.01941 0.97278 108.03115
6720.33143 29.53541 1.00094 0.95615 106.28026
6719.96224 29.34866 0.99433 0.95010 105.66656
6718.79204 28.69024 0.97131 0.92879 103.53089
6717.90939 28.09037 0.95027 0.90937 101.60774
6717.34639 27.63448 0.93434 0.89461 100.14971
6716.69260 27.16874 0.91799 0.87953 98.66126
6716.73649 27.18885 0.91871 0.88018 98.72595
6715.88558 26.68089 0.90079 0.86374 97.09907
6715.92427 26.69208 0.90119 0.86410 97.13427
6715.57373 26.57997 0.89715 0.86047 96.78273
6714.27151 26.05277 0.87839 0.84341 95.14057
6713.16775 25.47314 0.85793 0.82464 93.32780
6712.96942 25.35374 0.85373 0.82078 92.95432
6711.89662 24.78130 0.83351 0.80224 91.17631
6711.12519 24.30443 0.81671 0.78681 89.67148
6710.78991 24.08412 0.80900 0.77968 88.97363
6709.88818 23.56502 0.79074 0.76287 87.35790
6710.00120 23.61808 0.79262 0.76459 87.51978
6709.27479 23.30052 0.78113 0.75431 86.54634
6708.17339 22.78016 0.76252 0.73746 84.95316
6707.86808 22.61850 0.75728 0.73223 84.50191
6707.26425 22.36353 0.74940 0.72397 83.86896
6706.09567 21.79893 0.73164 0.70570 82.33129
6705.50831 21.47682 0.72031 0.69527 81.33807
6705.33146 21.37398 0.71658 0.69194 81.00056
6704.40924 21.00583 0.70323 0.68002 79.90085
6703.61523 20.65017 0.69060 0.66851 78.83243
6703.61118 20.64984 0.69059 0.66850 78.83254
6702.52110 20.25084 0.67637 0.65558 77.70503
6701.40578 19.78123 0.65967 0.64038 76.29812
6701.43679 19.78334 0.65976 0.64045 76.29484
6700.70823 19.54849 0.65135 0.63284 75.65833
6699.41926 19.07133 0.63441 0.61740 74.28190
6698.33251 18.55545 0.61623 0.60070 72.65970
6698.13445 18.45534 0.61271 0.59745 72.33758
6697.02891 17.90961 0.59357 0.57979 70.53809
6696.11302 17.39373 0.57547 0.56309 68.80616
6696.02019 17.33257 0.57333 0.56111 68.59319
6695.07789 16.85189 0.55639 0.54555 66.98506
6694.54729 16.57902 0.54678 0.53671 66.06979
6694.63488 16.62647 0.54845 0.53825 66.23201
6693.54238 16.23200 0.53437 0.52548 64.99511
6692.43508 15.77438 0.51811 0.51066 63.49893
6692.66174 15.83966 0.52046 0.51278 63.69314
6692.13931 15.70975 0.51575 0.50857 63.33155
6691.08218 15.45134 0.50641 0.50021 62.60232
6689.94168 15.13371 0.49503 0.48992 61.64299
6688.92511 14.82200 0.48400 0.47983 60.64751
6689.17723 14.88965 0.48638 0.48202 60.85524
6688.34165 14.68874 0.47929 0.47552 60.25000
6687.63229 14.56730 0.47498 0.47159 59.92349
6686.84728 14.47785 0.47183 0.46869 59.76941
6685.89223 14.39822 0.46905 0.46611 59.70865
6684.70962 14.28111 0.46505 0.46232 59.54642
6683.42054 14.07752 0.45808 0.45573 58.99123
6682.53852 13.86798 0.45087 0.44895 58.27090
6681.67065 13.60819 0.44238 0.44054 57.34571
6680.39142 13.11391 0.42773 0.42454 55.66334
6679.23592 12.58373 0.41187 0.40737 53.72413
6678.73487 12.31638 0.40290 0.39872 52.61329
6677.72135 11.70492 0.38204 0.37892 49.97235
6676.91912 11.19680 0.36491 0.36247 47.82203
6676.17463 10.65312 0.34652 0.34487 45.47630
6675.15982 9.78688 0.31701 0.31683 41.70093
6674.64102 9.27143 0.29941 0.30014 39.44392
6673.82841 8.37131 0.26858 0.27100 35.51908
0.00000 0.00000 0.00000 0.00000 0.00000
