6375.05978 10.04184 0.34013 0.32508 124.88498
6375.18759 10.04653 0.34041 0.32524 124.94400
6376.18809 10.07090 0.34168 0.32603 125.24921
6377.18859 10.06876 0.34175 0.32596 125.22232
6377.88843 10.04184 0.34091 0.32508 124.88415
6378.18909 10.02540 0.34031 0.32455 124.67758
6393.19660 10.01299 0.34604 0.32415 124.72749
6600.79768 10.04184 0.23099 0.32508 118.53284
6601.30065 10.10017 0.23366 0.32697 118.72944
6602.30115 10.22147 0.23924 0.33090 119.15185
6603.30165 10.33855 0.24473 0.33469 119.49519
6604.30215 10.45213 0.25006 0.33837 119.76041
6605.30265 10.56667 0.25542 0.34207 120.00286
6606.30315 10.67802 0.26063 0.34568 120.16865
6607.30365 10.80349 0.26628 0.34974 120.49006
6608.30415 10.92843 0.27192 0.35379 120.74784
6609.09928 11.04603 0.27694 0.35759 121.27494
6609.30465 11.07743 0.27828 0.35861 121.42198
6610.30515 11.25664 0.28585 0.36441 122.27580
6611.30565 11.41303 0.29277 0.36947 122.81802
6612.30615 11.55447 0.29916 0.37405 123.13469
6613.30665 11.69926 0.30569 0.37874 123.46457
6614.30715 11.84436 0.31228 0.38344 123.77363
6615.30765 12.01186 0.31962 0.38886 124.33791
6615.51918 12.05021 0.32126 0.39010 124.48861
6616.30815 12.17676 0.32682 0.39420 124.84050
6617.30865 12.33973 0.33394 0.39947 125.27096
6618.30915 12.49103 0.34043 0.40437 125.64836
6619.30965 12.65963 0.34757 0.40983 125.99311
6620.31016 12.84010 0.35501 0.41567 126.30176
6621.31066 13.03501 0.36278 0.42198 126.59468
6621.39904 13.05439 0.36349 0.42261 126.62769
6622.31116 13.24643 0.37098 0.42883 127.06266
6623.31166 13.44662 0.37861 0.43531 127.36295
6624.31216 13.63396 0.38619 0.44137 127.65058
6625.31266 13.82248 0.39419 0.44748 128.02255
6626.31316 14.03127 0.40300 0.45423 128.64919
6626.44208 14.05858 0.40412 0.45512 128.76407
6627.31366 14.22748 0.41136 0.46059 129.26794
6628.31416 14.42875 0.42009 0.46710 129.67845
6629.31466 14.62900 0.42867 0.47358 130.03934
6630.31516 14.85141 0.43784 0.48078 130.58026
6631.19873 15.06276 0.44639 0.48763 131.19274
6631.31566 15.09251 0.44758 0.48859 131.29164
6632.31616 15.33717 0.45750 0.49651 132.01163
6633.31666 15.55297 0.46654 0.50350 132.37271
6634.31716 15.77458 0.47583 0.51067 132.76339
6635.31766 15.99544 0.48508 0.51782 133.08581
6635.61099 16.06695 0.48797 0.52014 133.30727
6636.31816 16.23259 0.49466 0.52550 133.79198
6637.31866 16.47695 0.50459 0.53341 134.28848
6638.31916 16.70774 0.51406 0.54088 134.61046
6639.31966 16.95827 0.52427 0.54899 135.10757
6639.69392 17.07113 0.52876 0.55264 135.47695
6640.32016 17.25092 0.53601 0.55846 135.99837
6641.32066 17.49734 0.54605 0.56644 136.36251
6642.32116 17.75359 0.55629 0.57474 136.78389
6643.32166 18.03071 0.56726 0.58371 137.37555
6643.48024 18.07531 0.56904 0.58515 137.46728
6644.32216 18.30381 0.57805 0.59255 138.01934
6645.32266 18.56427 0.58846 0.60098 138.47432
6646.32316 18.83726 0.59941 0.60982 138.91243
6647.08954 19.07950 0.60883 0.61766 139.55013
6647.32366 19.15314 0.61167 0.62004 139.73594
6648.32416 19.43919 0.62277 0.62931 140.20968
6649.32466 19.70310 0.63310 0.63785 140.42309
6650.32516 19.98440 0.64416 0.64696 140.77309
6650.64146 20.08368 0.64803 0.65017 140.98330
6651.32566 20.29544 0.65624 0.65702 141.38371
6652.32616 20.58888 0.66753 0.66652 141.76697
6653.32666 20.87610 0.67840 0.67582 142.10453
6654.03841 21.08787 0.68640 0.68268 142.57366
6654.32716 21.17786 0.68986 0.68559 142.72299
6655.32766 21.48707 0.70191 0.69560 143.19800
6656.32816 21.80316 0.71395 0.70583 143.64609
6657.14708 22.09205 0.72365 0.71519 144.01789
6657.32866 22.16665 0.72600 0.71760 144.16226
6658.32916 22.52102 0.73726 0.72907 144.46463
6659.32966 22.87084 0.74906 0.74040 144.87133
6659.93218 23.09623 0.75733 0.74769 145.39748
6660.33017 23.23301 0.76250 0.75212 145.66047
6661.33067 23.55827 0.77466 0.76265 146.03843
6662.33117 23.86484 0.78561 0.77258 146.47188
6662.95978 24.10042 0.79383 0.78020 146.98982
6663.33167 24.25241 0.79916 0.78512 147.37289
6664.33217 24.59526 0.81139 0.79622 147.81805
6665.33267 24.93172 0.82341 0.80711 148.16474
6665.80713 25.10460 0.82946 0.81271 148.44748
6666.33317 25.30508 0.83645 0.81920 148.83993
6667.33367 25.67506 0.84937 0.83118 149.44884
6668.33417 26.03181 0.86177 0.84273 149.90200
6668.52975 26.10879 0.86443 0.84522 150.05647
6669.33467 26.40693 0.87485 0.85487 150.50751
6670.33517 26.74922 0.88679 0.86595 150.75513
6671.33567 27.09480 0.89897 0.87714 151.25787
6671.38353 27.11297 0.89959 0.87773 151.29978
6672.33617 27.47299 0.91219 0.88938 151.90140
6673.33667 27.85655 0.92560 0.90180 152.47144
6674.03943 28.11715 0.93471 0.91024 152.78127
6674.33717 28.24512 0.93921 0.91438 153.06512
6675.33767 28.65380 0.95350 0.92761 153.81983
6676.33817 29.05628 0.96763 0.94064 154.47466
6676.49287 29.12134 0.96992 0.94275 154.59642
6677.33867 29.47194 0.98206 0.95410 155.20174
6678.33917 29.87581 0.99655 0.96717 155.89194
6678.93819 30.12552 1.00526 0.97525 156.31137
6679.33967 30.31551 1.01188 0.98140 156.80292
6680.34017 30.71727 1.02440 0.99441 157.28520
6681.29887 31.12971 1.03695 1.00776 157.48997
6681.34067 31.14923 1.03758 1.00839 157.52021
6682.34117 31.58578 1.05275 1.02253 158.21731
6683.34167 32.01150 1.06791 1.03631 158.94724
6683.61373 32.13389 1.07224 1.04027 159.18184
6684.34217 32.46770 1.08397 1.05108 159.82572
6685.34267 32.89006 1.09923 1.06475 160.37179
6685.93565 33.13808 1.10808 1.07278 160.67239
6686.34317 33.32031 1.11446 1.07868 160.98341
6687.34367 33.75933 1.13007 1.09289 161.60849
6688.28115 34.14226 1.14385 1.10529 162.15275
6688.34417 34.17249 1.14493 1.10627 162.24012
6689.34467 34.63063 1.16088 1.12110 163.06796
6690.34517 35.08524 1.17625 1.13581 163.74591
6690.48195 35.14644 1.17840 1.13780 163.83012
6691.34567 35.55199 1.19350 1.15092 164.49092
6692.34617 36.00154 1.20918 1.16548 165.07218
6692.65068 36.15063 1.21457 1.17030 165.34533
6693.34667 36.50373 1.22851 1.18174 166.04989
6694.34717 36.95607 1.24419 1.19638 166.58894
6694.73223 37.15481 1.25093 1.20281 166.98271
6695.34767 37.47202 1.26194 1.21308 167.60118
6696.34817 37.92299 1.27794 1.22768 168.07141
6696.83236 38.15900 1.28633 1.23532 168.40945
6697.34867 38.42769 1.29601 1.24402 169.05632
6698.34917 38.87145 1.31154 1.25839 169.61698
6698.96221 39.16318 1.32182 1.26783 170.01002
6699.34967 39.38058 1.32968 1.27487 170.49917
6700.35018 39.90524 1.34723 1.29185 171.10621
6700.82787 40.16736 1.35496 1.30034 171.35567
6701.35068 40.44044 1.36360 1.30918 171.59900
6702.35118 40.93570 1.38116 1.32521 172.24877
6702.76845 41.17155 1.38992 1.33285 172.76129
6703.35168 41.50316 1.40179 1.34358 173.44220
6704.35218 41.99876 1.41875 1.35963 174.02677
6704.68930 42.17573 1.42503 1.36535 174.29531
6705.35268 42.54734 1.43851 1.37738 175.00331
6706.35318 43.03146 1.45558 1.39306 175.50084
6706.64253 43.17992 1.46075 1.39786 175.81402
6707.35368 43.55855 1.47408 1.41012 176.55436
6708.35418 44.10140 1.49366 1.42769 177.36449
6708.49655 44.18410 1.49670 1.43037 177.52247
6709.35468 44.64947 1.51271 1.44544 178.21725
6710.35518 45.14105 1.52999 1.46135 178.63303
6710.44057 45.18828 1.53166 1.46288 178.70551
6711.35568 45.71630 1.55078 1.47997 179.63399
6712.21466 46.19247 1.56644 1.49539 180.34824
6712.35618 46.27590 1.56936 1.49809 180.49986
6713.35668 46.83657 1.58981 1.51624 181.33997
6713.98303 47.19665 1.60245 1.52790 181.91056
6714.35718 47.41661 1.61005 1.53502 182.29541
6715.35768 47.87772 1.62626 1.54995 182.74813
6715.93316 48.20084 1.63720 1.56041 183.14326
6716.35818 48.48533 1.64593 1.56962 183.51682
6717.35868 49.11781 1.66504 1.59009 184.40126
6717.49005 49.20502 1.66800 1.59291 184.58536
6718.35918 49.70935 1.68671 1.60924 185.42190
6719.20953 50.20921 1.70402 1.62542 186.19906
6719.35968 50.30293 1.70712 1.62846 186.36912
6720.36018 50.87494 1.72737 1.64697 187.16689
6720.94850 51.21339 1.73954 1.65793 187.64202
6721.36068 51.46920 1.74854 1.66621 188.09061
6722.36118 52.02336 1.76596 1.68415 188.75173
6722.70123 52.21757 1.77319 1.69044 188.99093
6723.36168 52.63050 1.78811 1.70381 189.77584
6724.36218 53.21107 1.80807 1.72260 190.83537
6724.37921 53.22176 1.80842 1.72295 190.85326
6725.36268 53.82618 1.82924 1.74251 191.81939
6726.02137 54.22594 1.84283 1.75546 192.43941
6726.36318 54.44197 1.84956 1.76245 192.81528
6727.36368 55.06212 1.87076 1.78253 193.83052
6727.62150 55.23013 1.87685 1.78796 194.13708
6728.36418 55.70297 1.89333 1.80327 194.96140
6729.29393 56.23431 1.90943 1.82047 195.60849
6729.36468 56.28059 1.91095 1.82197 195.69201
6730.36518 56.93666 1.93448 1.84321 196.96072
6730.83838 57.23849 1.94410 1.85298 197.46557
6731.36568 57.60665 1.95371 1.86490 198.00542
6732.27381 58.24268 1.97320 1.88549 198.91689
6732.36618 58.30730 1.97560 1.88758 199.05049
6733.36668 58.86840 1.99277 1.90575 200.05155
6733.95419 59.24686 2.00478 1.91800 200.70505
6734.36718 59.54377 2.01564 1.92761 201.34085
6735.36768 60.20730 2.03738 1.94909 202.58685
6735.43122 60.25105 2.03857 1.95051 202.67525
6736.36818 60.84514 2.05568 1.96974 203.69990
6737.00805 61.25523 2.07010 1.98302 204.42351
6737.36868 61.48635 2.07688 1.99050 204.83838
6738.36918 62.15380 2.09686 2.01211 206.13313
6738.53049 62.25941 2.10033 2.01552 206.33017
6739.36968 62.83807 2.11941 2.03426 207.52116
6740.00199 63.26360 2.13003 2.04803 208.37649
6740.37019 63.51242 2.13619 2.05609 208.86658
6741.37069 64.14644 2.15727 2.07661 210.16585
6741.54743 64.26778 2.16080 2.08054 210.46725
6742.37119 64.79353 2.17428 2.09756 211.48608
6743.08996 65.27197 2.18836 2.11305 212.49901
6743.37169 65.49547 2.19544 2.12028 213.06603
6744.37219 66.18289 2.21032 2.14254 214.34520
6744.49463 66.27615 2.21175 2.14556 214.51024
6745.37269 66.94864 2.23042 2.16733 215.98931
6745.83940 67.28033 2.23817 2.17807 216.77224
6746.37319 67.64144 2.24557 2.18976 217.58459
6747.29877 68.28452 2.26095 2.21057 219.10471
6747.37369 68.33903 2.26243 2.21234 219.24138
6748.37419 68.99019 2.27559 2.23342 220.73107
6748.78382 69.28870 2.28055 2.24308 221.48663
6749.37469 69.74738 2.29286 2.25793 222.68897
6750.17195 70.29289 2.30200 2.27559 224.06739
6750.37519 70.43807 2.30477 2.28029 224.46124
6751.37569 71.09459 2.31949 2.30155 226.21819
6751.66364 71.29707 2.32249 2.30810 226.74270
6752.37619 71.80589 2.33061 2.32457 228.12705
6753.07326 72.30126 2.34022 2.34061 229.49985
6753.37669 72.52250 2.34432 2.34777 230.12981
6754.37719 73.24343 2.35468 2.37111 232.24074
6754.46541 73.30544 2.35541 2.37312 232.42254
6755.37769 73.95455 2.36673 2.39413 234.35156
6755.83995 74.30962 2.37171 2.40563 235.43869
6756.37819 74.73258 2.37768 2.41932 236.75642
6757.19382 75.31381 2.38581 2.43813 238.51870
6757.37869 75.45750 2.38687 2.44279 238.93942
6758.37919 76.26664 2.39526 2.46898 241.45857
6758.45217 76.31799 2.39601 2.47064 241.63428
6759.37969 76.93604 2.40808 2.49065 243.73867
6759.89981 77.32218 2.41155 2.50315 245.10094
6760.38019 77.68677 2.41320 2.51495 246.34743
6761.25562 78.32636 2.43591 2.53566 248.70723
6761.38069 78.42042 2.43907 2.53870 249.05388
6762.38119 79.11746 2.44961 2.56127 251.84301
6762.65365 79.33054 2.46075 2.56817 252.65694
6763.38169 79.91220 2.54626 2.58700 254.89813
6763.94792 80.33473 2.61876 2.60068 256.66075
6764.38219 80.66899 2.65651 2.61150 258.07143
6765.27679 81.33891 2.64901 2.63318 261.11037
6765.38269 81.42382 2.64527 2.63593 261.49205
6766.38319 82.13896 2.63504 2.65908 265.16424
6766.63107 82.34310 2.63873 2.66569 266.11441
6767.38369 82.95441 2.65270 2.68548 269.14337
6767.97526 83.34728 2.66269 2.69820 271.61703
6768.38419 83.68774 2.67445 2.70922 273.11323
6769.13532 84.35146 2.70438 2.73071 276.44702
6769.38469 84.54527 2.71413 2.73698 277.66851
6770.38519 85.28337 2.73642 2.76088 282.72656
6770.47153 85.35565 2.73764 2.76322 283.17065
6771.38569 86.08079 2.76095 2.78669 288.12670
6771.73797 86.35983 2.77433 2.79573 290.13505
6772.38619 86.91182 2.79952 2.81360 293.78892
6772.96733 87.36402 2.81861 2.82824 297.33084
6773.38669 87.70343 2.83606 2.83922 299.86649
6774.22034 88.36820 2.86986 2.86074 305.13935
6774.38719 88.49986 2.87545 2.86501 306.23941
6775.38769 89.31822 2.90221 2.89150 312.71825
6775.45394 89.37238 2.90349 2.89325 313.17048
6776.38819 90.08940 2.92123 2.91646 319.70700
6776.79852 90.37657 2.92925 2.92576 322.15485
6777.38869 90.83825 2.94286 2.94071 325.88735
6778.07240 91.38075 2.95876 2.95827 330.96348
6778.38919 91.63204 2.96636 2.96640 333.26754
6779.26051 92.38494 2.99074 2.99078 339.13558
6779.38969 92.50800 2.99466 2.99476 339.96592
6780.37004 93.38912 3.02026 3.02329 347.11298
6780.39020 93.40742 3.02080 3.02388 347.26584
6781.39070 94.27984 3.04979 3.05212 354.11560
6781.52429 94.39331 3.05373 3.05579 355.04825
6782.39120 95.10823 3.07839 3.07894 361.27900
6782.73143 95.39749 3.08839 3.08830 363.65537
6783.39170 95.94775 3.10796 3.10612 368.33319
6783.92986 96.40167 3.12408 3.12081 372.05733
6784.39220 96.80330 3.13841 3.13381 375.20802
6785.10862 97.40586 3.16008 3.15332 380.28355
6785.39270 97.66565 3.16945 3.16173 382.00355
6786.39320 98.39960 3.19604 3.18549 388.26305
6786.40517 98.41004 3.19642 3.18583 388.33229
6787.39370 99.24816 3.22691 3.21296 395.14473
6787.57699 99.41423 3.23296 3.21834 396.22514
6788.39420 100.11418 3.25829 3.24100 401.61517
6788.74568 100.41841 3.26944 3.25085 403.87443
6789.39470 101.03872 3.29213 3.27093 407.19250
6789.83331 101.42259 3.30493 3.28335 410.32337
6790.39520 101.95871 3.32194 3.30071 414.18964
6790.86605 102.42678 3.33836 3.31586 416.55796
6791.39570 102.89325 3.35554 3.33096 419.57418
6792.00577 103.43096 3.37504 3.34837 423.25324
6792.39620 103.78402 3.38768 3.35980 425.50682
6793.13204 104.43515 3.41128 3.38088 429.72171
6793.39670 104.68436 3.42027 3.38895 431.18444
6794.31024 105.43933 3.44738 3.41339 436.49936
6794.39720 105.51073 3.44994 3.41570 436.84452
6795.39770 106.34819 3.48005 3.44281 442.33686
6795.50365 106.44351 3.48348 3.44590 442.95079
6796.39820 107.26334 3.51292 3.47244 447.68721
6796.60102 107.44770 3.51951 3.47840 448.75822
6797.39870 108.17315 3.54541 3.50189 453.01481
6797.70980 108.45188 3.55540 3.51091 454.68997
6798.39920 109.07619 3.57764 3.53112 458.36777
6798.80501 109.45607 3.59109 3.54342 460.37784
6799.39970 109.98924 3.61045 3.56068 463.43812
6799.93162 110.46025 3.62673 3.57593 466.55252
6800.40020 110.95597 3.64211 3.59198 468.90399
6800.89648 111.46444 3.65870 3.60844 471.26311
6801.40070 111.93543 3.67571 3.62369 473.56382
6801.95279 112.46862 3.69448 3.64095 475.90023
6802.40120 112.88621 3.70922 3.65447 478.06651
6803.06572 113.47280 3.73004 3.67346 481.80796
6803.40170 113.78762 3.74109 3.68365 482.85894
6804.22335 114.47699 3.76535 3.70596 486.31508
6804.40220 114.63351 3.77089 3.71103 487.32522
6805.30916 115.48117 3.80073 3.73847 491.71955
6805.40270 115.56925 3.80382 3.74132 492.13583
6806.32127 116.48536 3.83582 3.77098 495.61718
6806.40320 116.56731 3.83868 3.77363 495.92338
6807.38546 117.48954 3.87107 3.80349 500.38022
6807.40370 117.50726 3.87169 3.80406 500.45628
6808.40420 118.45690 3.90506 3.83481 504.82947
6808.44240 118.49372 3.90638 3.83600 504.98651
6809.35008 119.49791 3.93833 3.86851 508.14982
6809.40470 119.55125 3.93994 3.87023 508.47684
6810.35243 120.50209 3.97256 3.90101 512.15290
6810.40520 120.55561 3.97442 3.90275 512.32531
6811.39889 121.50628 4.00738 3.93352 516.80164
6811.40570 121.51316 4.00762 3.93375 516.82616
6812.40620 122.42044 4.03904 3.96312 520.03674
6812.50212 122.51046 4.04214 3.96603 520.30704
6813.40670 123.37542 4.07224 3.99403 524.22542
6813.54855 123.51464 4.07706 3.99854 524.78314
6814.40720 124.33417 4.10549 4.02507 528.45289
6814.59042 124.51883 4.11187 4.03105 529.11663
6815.40770 125.34619 4.14035 4.05783 532.00239
6815.58488 125.52301 4.14646 4.06356 532.65926
6816.40820 126.36373 4.17540 4.09077 535.50032
6816.57796 126.52720 4.18107 4.09606 536.18943
6817.40870 127.31380 4.20823 4.12153 539.88447
6817.62685 127.53138 4.21589 4.12857 540.62407
6818.40920 128.37017 4.24342 4.15573 543.27894
6818.55957 128.53556 4.24843 4.16108 543.91192
6819.40970 129.46859 4.27879 4.19129 546.65728
6819.47692 129.53975 4.28128 4.19359 546.82160
6820.41021 130.49244 4.31401 4.22443 550.12551
6820.46460 130.54393 4.31578 4.22610 550.40231
6821.41071 131.42937 4.34623 4.25476 553.48076
6821.52644 131.54812 4.35027 4.25861 553.57820
6822.41121 132.44673 4.38101 4.28770 556.45047
6822.51588 132.55230 4.38464 4.29112 556.85353
6823.41171 133.48127 4.41639 4.32119 559.75987
6823.48374 133.55649 4.41896 4.32362 559.99269
6824.41221 134.54021 4.45255 4.35547 562.80047
6824.43200 134.56067 4.45325 4.35613 562.86734
6825.41271 135.54142 4.48682 4.38788 566.63423
6825.43519 135.56485 4.48762 4.38864 566.71172
6826.38083 136.56904 4.52201 4.42115 569.47695
6826.41321 136.60583 4.52318 4.42234 569.57853
6827.22046 137.57322 4.55241 4.45366 572.03018
6827.41371 137.77424 4.55922 4.46017 572.70785
6828.21343 138.57741 4.58706 4.48617 575.57894
6828.41421 138.78788 4.59416 4.49298 576.21091
6829.12475 139.58159 4.62120 4.51867 578.10372
6829.41471 139.88794 4.63158 4.52859 578.83646
6830.11416 140.58577 4.65518 4.55118 580.12515
6830.41521 140.88324 4.66533 4.56081 581.04469
6831.08668 141.58996 4.68948 4.58369 583.38438
6831.41571 141.94903 4.70163 4.59532 584.27235
6832.00304 142.59414 4.72353 4.61620 585.83152
6832.41621 143.03760 4.73860 4.63056 587.09338
6832.92481 143.59833 4.75760 4.64871 588.44967
6833.41671 144.11730 4.77526 4.66551 590.04184
6833.89692 144.60251 4.79177 4.68122 591.88601
6834.41721 145.14941 4.81043 4.69892 593.60097
6834.84093 145.60669 4.82616 4.71373 594.80870
6835.41771 146.31900 4.84792 4.73679 596.32519
6835.64219 146.61088 4.85655 4.74623 596.84978
6836.41821 147.43549 4.88462 4.77293 599.33505
6836.58453 147.61506 4.89075 4.77874 599.83252
6837.41871 148.53470 4.92177 4.80851 602.15308
6837.49533 148.61925 4.92464 4.81125 602.35661
6838.36799 149.62343 4.95861 4.84376 604.49622
6838.41921 149.68060 4.96054 4.84561 604.60150
6839.41445 150.62762 4.99272 4.87627 607.47265
6839.41971 150.63258 4.99289 4.87643 607.49273
6840.28633 151.63180 5.02654 4.90878 609.49325
6840.42021 151.78267 5.03164 4.91366 609.83135
6841.19540 152.63598 5.06060 4.94128 612.03758
6841.42071 152.89643 5.06938 4.94972 612.55797
6842.06251 153.64017 5.09443 4.97379 613.99263
6842.42121 154.03420 5.10801 4.98655 614.95956
6842.91729 154.64435 5.12703 5.00630 616.24341
6843.42171 155.24816 5.14525 5.02585 617.98476
6843.76520 155.64854 5.15879 5.03881 618.71148
6844.42221 156.40475 5.18446 5.06329 620.25812
6844.64092 156.65272 5.19281 5.07132 620.83936
6845.42271 157.52372 5.22228 5.09952 623.06527
6845.53773 157.65690 5.22675 5.10383 623.33794
6846.42321 158.64144 5.26007 5.13570 625.90955
6846.44056 158.66109 5.26073 5.13634 625.96354
6847.28088 159.66527 5.29435 5.16884 627.30140
6847.42371 159.82450 5.29969 5.17400 627.45066
6848.21450 160.66946 5.32818 5.20135 629.12931
6848.42421 160.89006 5.33565 5.20849 629.92747
6849.09753 161.67364 5.36207 5.23386 631.63655
6849.42471 162.04619 5.37466 5.24592 632.48404
6849.95268 162.67782 5.39580 5.26637 633.60693
6850.42521 163.24563 5.41509 5.28475 634.48341
6850.79714 163.68201 5.42898 5.29888 635.65321
6851.42571 164.46373 5.45241 5.32418 637.64449
6851.59699 164.68619 5.45988 5.33139 637.80696
6852.42621 165.63538 5.49212 5.36211 639.95632
6852.47312 165.69038 5.49397 5.36389 640.07298
6853.29568 166.69456 5.52767 5.39640 641.66589
6853.42671 166.84851 5.53284 5.40139 641.98226
6854.14735 167.69874 5.56138 5.42891 643.68934
6854.42721 168.01221 5.57199 5.43906 644.53536
6855.00711 168.70293 5.59523 5.46142 645.83796
6855.42771 169.19550 5.61177 5.47737 646.86934
6855.87008 169.70711 5.62901 5.49393 648.17803
6856.42821 170.35526 5.65078 5.51491 649.35352
6856.74800 170.71130 5.66260 5.52644 649.71254
6857.42871 171.46096 5.68798 5.55071 651.20436
6857.63279 171.71548 5.69662 5.55895 651.55794
6858.40067 172.71967 5.72705 5.59145 653.58011
6858.42921 172.75526 5.72813 5.59261 653.66800
6859.20649 173.72385 5.76050 5.62396 655.12060
6859.42971 173.97977 5.76911 5.63225 655.78149
6860.04621 174.72803 5.79412 5.65647 657.15026
6860.43022 175.17306 5.80908 5.67088 658.19078
6860.88424 175.73222 5.82784 5.68898 659.11594
6861.43072 176.39157 5.84992 5.71032 660.37724
6861.71795 176.73640 5.86152 5.72149 661.06359
6862.43122 177.60677 5.89072 5.74966 662.61713
6862.53493 177.74059 5.89520 5.75400 662.78184
6863.33629 178.74477 5.92876 5.78650 664.30744
6863.43172 178.85994 5.93261 5.79023 664.52619
6864.11245 179.74895 5.96235 5.81901 665.47425
6864.43222 180.13996 5.97532 5.83167 666.32901
6865.01027 180.75314 5.99626 5.85152 667.99532
6865.43272 181.24825 6.01240 5.86755 668.47147
6865.80012 181.75732 6.02713 5.88403 668.99073
6866.43322 182.52338 6.05188 5.90883 670.95405
6866.62359 182.76151 6.05998 5.91654 671.29492
6867.41753 183.76569 6.09352 5.94905 672.79860
6867.43372 183.78553 6.09418 5.94969 672.83588
6868.22243 184.76987 6.12716 5.98156 674.47359
6868.43422 185.02141 6.13559 5.98970 675.03358
6869.00519 185.77406 6.16067 6.01406 675.86004
6869.43472 186.29242 6.17803 6.03084 676.92335
6869.82073 186.77824 6.19426 6.04657 677.71235
6870.43522 187.54932 6.22004 6.07153 678.98722
6870.62581 187.78243 6.22787 6.07908 679.44494
6871.43572 188.78309 6.26132 6.11147 681.30625
6871.43853 188.78661 6.26144 6.11159 681.31198
6872.22498 189.79079 6.29470 6.14410 682.90204
6872.43622 190.07598 6.30311 6.15333 683.49342
6872.93293 190.79498 6.32504 6.17661 684.22444
6873.43672 191.42853 6.34648 6.19712 685.28132
6873.74216 191.79916 6.35886 6.20911 686.12042
6874.43722 192.61696 6.38611 6.23559 687.27365
6874.58774 192.80335 6.39229 6.24162 687.36313
6875.40005 193.80753 6.42581 6.27413 688.90896
6875.43772 193.85376 6.42736 6.27563 689.01350
6876.18840 194.81172 6.45934 6.30664 690.53528
6876.43822 195.10677 6.46923 6.31619 691.25221
6876.97149 195.81590 6.49284 6.33915 692.09423
6877.43872 196.40480 6.51254 6.35821 693.09928
6877.76873 196.82008 6.52640 6.37166 693.83805
6878.43922 197.69255 6.55564 6.39990 695.03656
6878.54044 197.82427 6.56015 6.40417 695.20183
6879.23742 198.82845 6.59067 6.43667 696.44111
6879.43972 199.08325 6.59843 6.44492 697.10375
6879.97270 199.83264 6.62345 6.46918 697.54624
6880.44022 200.43086 6.64337 6.48855 698.53659
6880.76476 200.83682 6.65694 6.50169 699.30717
6881.44072 201.71774 6.68635 6.53021 700.53689
6881.53601 201.84100 6.69045 6.53420 700.72365
6882.34170 202.84519 6.72403 6.56671 702.79460
6882.44122 202.96452 6.72801 6.57057 703.02546
6883.18312 203.84937 6.75742 6.59922 703.91505
6883.44172 204.15402 6.76763 6.60908 704.48694
6883.93520 204.85356 6.79080 6.63172 705.01800
6884.44222 205.53031 6.81335 6.65363 705.90774
6884.70239 205.85774 6.82428 6.66423 706.49614
6885.44272 206.76502 6.85469 6.69360 708.43257
6885.51486 206.86192 6.85800 6.69674 708.52780
6886.18885 207.86611 6.88928 6.72925 709.34184
6886.44322 208.21231 6.89945 6.74046 710.10505
6886.89697 208.87029 6.92123 6.76176 710.44347
6887.44372 209.55483 6.94415 6.78392 711.75703
6887.69243 209.87448 6.95475 6.79427 712.31582
6888.44422 210.86478 6.98776 6.82633 713.74440
6888.45481 210.87866 6.98822 6.82677 713.76518
6889.18512 211.88285 7.02157 6.85928 714.80336
6889.44472 212.21818 7.03278 6.87014 715.36205
6889.91801 212.88703 7.05493 6.89179 715.90932
6890.44522 213.57553 7.07787 6.91408 716.96523
6890.69455 213.89121 7.08841 6.92430 717.54100
6891.44572 214.83918 7.11999 6.95499 719.47560
6891.49225 214.89540 7.12187 6.95681 719.60311
6892.29781 215.89958 7.15528 6.98932 720.55137
6892.44622 216.09395 7.16110 6.99561 720.81591
6892.98932 216.90377 7.18515 7.02183 721.74136
6893.44672 217.46040 7.20397 7.03985 723.02934
6893.76632 217.90795 7.21886 7.05433 723.43449
6894.44722 218.86204 7.25042 7.08522 724.33160
6894.48459 218.91213 7.25209 7.08684 724.40026
6895.20574 219.91632 7.28547 7.11935 725.41747
6895.44772 220.22833 7.29589 7.12945 725.95951
6895.95743 220.92050 7.31882 7.15186 726.82596
6896.44822 221.58133 7.34084 7.17325 727.70153
6896.69180 221.92469 7.35218 7.18437 728.02251
6897.43231 222.92887 7.38557 7.21688 729.29752
6897.44872 222.94992 7.38627 7.21756 729.33562
6898.15458 223.93305 7.41887 7.24938 730.38707
6898.44922 224.31014 7.43140 7.26159 731.08229
6898.93071 224.93724 7.45262 7.28189 732.03058
6899.44972 225.69881 7.47500 7.30655 733.19728
6899.60808 225.94142 7.48234 7.31440 733.48205
6900.36408 226.94561 7.51584 7.34691 734.70627
6900.45023 227.05547 7.51944 7.35047 734.76934
6901.14716 227.94979 7.54901 7.37942 735.45452
6901.45073 228.33168 7.56173 7.39178 736.21246
6901.90593 228.95397 7.58244 7.41193 737.11966
6902.45123 229.67940 7.60653 7.43541 738.16970
6902.64042 229.95816 7.61572 7.44444 738.33583
6903.35292 230.96234 7.64904 7.47694 739.33543
6903.45173 231.09724 7.65350 7.48131 739.50987
6904.06812 231.96653 7.68235 7.50945 740.36324
6904.45223 232.46647 7.69891 7.52564 741.23494
6904.81276 232.97071 7.71570 7.54196 741.74779
6905.45273 233.88105 7.74481 7.57143 742.86638
6905.51831 233.97490 7.74750 7.57447 743.05040
6906.20690 234.97908 7.77895 7.60698 744.22474
6906.45323 235.30456 7.78995 7.61751 744.69968
6906.92366 235.98326 7.81229 7.63949 745.28045
6907.45373 236.70799 7.83640 7.66295 746.20640
6907.65386 236.98745 7.84564 7.67199 746.51653
6908.40000 237.99163 7.87904 7.70450 747.91131
6908.45423 238.06461 7.88146 7.70687 748.01384
6909.09439 238.99582 7.91227 7.73701 748.85396
6909.45473 239.50420 7.92911 7.75347 749.24679
6909.84411 240.00000 7.94543 7.76952 749.54326
