6911.45573 239.91772 7.97088 7.76686 883.26290
6910.79205 238.99582 7.93833 7.73701 882.59270
6910.45523 238.53572 7.92310 7.72212 882.11733
6910.01832 237.99163 7.90762 7.70450 881.47947
6909.45473 237.27774 7.88229 7.68139 881.42679
6909.23312 236.98745 7.87208 7.67199 881.22611
6908.49740 235.98326 7.84016 7.63949 880.29154
6908.45423 235.92830 7.83870 7.63771 880.20369
6907.75151 234.97908 7.80454 7.60698 879.35988
6907.45373 234.55259 7.79064 7.59317 879.22985
6907.05640 233.97490 7.77693 7.57447 878.51132
6906.45323 233.07769 7.74571 7.54542 878.09499
6906.37531 232.97071 7.74189 7.54196 878.04444
6905.64391 231.96653 7.71051 7.50945 877.34294
6905.45273 231.70778 7.70212 7.50108 877.12746
6904.87582 230.96234 7.67486 7.47694 876.07150
6904.45223 230.41442 7.65742 7.45921 875.33965
6904.12501 229.95816 7.64442 7.44444 875.11138
6903.45173 228.99677 7.61033 7.41331 874.81970
6903.41963 228.95397 7.60889 7.41193 874.77154
6902.71989 227.94979 7.57870 7.37942 874.54278
6902.45123 227.57888 7.56422 7.36741 874.35080
6901.94853 226.94561 7.54204 7.34691 873.30563
6901.45073 226.28341 7.52117 7.32547 872.60303
6901.18462 225.94142 7.51047 7.31440 872.07919
6900.49084 224.93724 7.47761 7.28189 871.87680
6900.45023 224.88914 7.47603 7.28034 871.82016
6899.73842 223.93305 7.44895 7.24938 871.59538
6899.44972 223.53669 7.43360 7.23655 871.21333
6898.96455 222.92887 7.41278 7.21688 870.24370
6898.44922 222.26744 7.39312 7.19546 869.37016
6898.19535 221.92469 7.38014 7.18437 869.11379
6897.44872 220.92334 7.34540 7.15195 868.25244
6897.44656 220.92050 7.34531 7.15186 868.24952
6896.73388 219.91632 7.31411 7.11935 867.91210
6896.44822 219.52135 7.29912 7.10656 867.74836
6895.98446 218.91213 7.27984 7.08684 867.03956
6895.44772 218.18523 7.25742 7.06331 866.56849
6895.23720 217.90795 7.24665 7.05433 866.26579
6894.46749 216.90377 7.21425 7.02183 865.25276
6894.44722 216.87560 7.21343 7.02091 865.23642
6893.80713 215.89958 7.18240 6.98932 864.55937
6893.44672 215.41100 7.16579 6.97350 864.23394
6893.06061 214.89540 7.14919 6.95681 863.85595
6892.44622 214.06448 7.12265 6.92991 863.39330
6892.29490 213.89121 7.11570 6.92430 863.19087
6891.44572 212.91304 7.08589 6.89263 861.97760
6891.42544 212.88703 7.08519 6.89179 861.93502
6890.69775 211.88285 7.04817 6.85928 861.32102
6890.44522 211.55465 7.03864 6.84866 861.00516
6889.93217 210.87866 7.01752 6.82677 860.43540
6889.44472 210.23566 6.99391 6.80596 859.86947
6889.16487 209.87448 6.98130 6.79427 859.42255
6888.44422 208.91179 6.95196 6.76310 858.73409
6888.41043 208.87029 6.95051 6.76176 858.67508
6887.65864 207.86611 6.91486 6.72925 857.57833
6887.44372 207.58950 6.90855 6.72029 856.77477
6886.92943 206.86192 6.88777 6.69674 856.40584
6886.44322 206.20893 6.86245 6.67560 856.13634
6886.17787 205.85774 6.85222 6.66423 855.79435
6885.46726 204.85356 6.81929 6.63172 855.81149
6885.44272 204.82105 6.81807 6.63067 855.78352
6884.66570 203.84937 6.78421 6.59922 854.39795
6884.44222 203.57009 6.77606 6.59017 854.04410
6883.89212 202.84519 6.75214 6.56671 853.44310
6883.44172 202.25701 6.73055 6.54767 852.84179
6883.08935 201.84100 6.71940 6.53420 852.46478
6882.44122 201.05382 6.69284 6.50872 852.39537
6882.26536 200.83682 6.68402 6.50169 852.15410
6881.46444 199.83264 6.65338 6.46918 850.60667
6881.44072 199.80234 6.65237 6.46820 850.57682
6880.72194 198.82845 6.61781 6.43667 850.07544
6880.44022 198.44728 6.60683 6.42433 849.24921
6879.99974 197.82427 6.58841 6.40417 848.95405
6879.43972 197.07424 6.56215 6.37988 848.73428
6879.23739 196.82008 6.55256 6.37166 848.38610
6878.45672 195.81590 6.52309 6.33915 847.52569
6878.43922 195.79404 6.52225 6.33844 847.49134
6877.67595 194.81172 6.48719 6.30664 846.62236
6877.43872 194.52516 6.47884 6.29736 846.14171
6876.87674 193.80753 6.45434 6.27413 845.40864
6876.43822 193.24994 6.43445 6.25608 844.89229
6876.08877 192.80335 6.42007 6.24162 844.50526
6875.43772 191.94574 6.39169 6.21386 844.06084
6875.31369 191.79916 6.38654 6.20911 843.69660
6874.49149 190.79498 6.35328 6.17661 843.04555
6874.43722 190.72694 6.35150 6.17440 843.03460
6873.71975 189.79079 6.32199 6.14410 842.38313
6873.43672 189.45554 6.31017 6.13324 841.43961
6872.91256 188.78661 6.29108 6.11159 840.89814
6872.43622 188.16172 6.26856 6.09136 840.63941
6872.13262 187.78243 6.25493 6.07908 840.22834
6871.43572 186.89845 6.22753 6.05046 839.46324
6871.33490 186.77824 6.22318 6.04657 839.26651
6870.51274 185.77406 6.18771 6.01406 837.92386
6870.43522 185.68023 6.18460 6.01103 837.78019
6869.73024 184.76987 6.15526 5.98156 837.23355
6869.43472 184.40615 6.14225 5.96978 836.83874
6868.92654 183.76569 6.12061 5.94905 836.24792
6868.43422 183.13852 6.10187 5.92874 835.83095
6868.12116 182.76151 6.08734 5.91654 835.28723
6867.43372 181.90344 6.06057 5.88876 834.29267
6867.31704 181.75732 6.05697 5.88403 833.90575
6866.59500 180.75314 6.02371 5.85152 833.52816
6866.43322 180.56546 6.01724 5.84545 833.21985
6865.78865 179.74895 5.99079 5.81901 832.43663
6865.43272 179.29963 5.97504 5.80447 832.65631
6864.90754 178.74477 5.95543 5.78650 832.02304
6864.43222 178.21182 5.93848 5.76925 831.07452
6864.05615 177.74059 5.92343 5.75400 830.59051
6863.43172 176.99720 5.89568 5.72993 829.49423
6863.21940 176.73640 5.88806 5.72149 829.23901
6862.43122 175.74206 5.85556 5.68930 828.64108
6862.42289 175.73222 5.85518 5.68898 828.62564
6861.60667 174.72803 5.82328 5.65647 827.71934
6861.43072 174.51350 5.81621 5.64953 827.52198
6860.77905 173.72385 5.78761 5.62396 826.64763
6860.43022 173.33035 5.77496 5.61122 825.85452
6859.93570 172.71967 5.75522 5.59145 825.17822
6859.42971 172.01898 5.73381 5.56877 824.52275
6859.19743 171.71548 5.72359 5.55895 824.39453
6858.42921 170.76593 5.69226 5.52821 823.88893
6858.38237 170.71130 5.69039 5.52644 823.80430
6857.55693 169.70711 5.65505 5.49393 822.75456
6857.42871 169.55638 5.65074 5.48905 822.49340
6856.63706 168.70293 5.62187 5.46142 821.37056
6856.42821 168.47888 5.61351 5.45417 821.25881
6855.78001 167.69874 5.59012 5.42891 820.77852
6855.42771 167.27405 5.57519 5.41516 820.27982
6854.94614 166.69456 5.55478 5.39640 819.80929
6854.42721 166.09125 5.53588 5.37687 818.96440
6854.07612 165.69038 5.52203 5.36389 818.24478
6853.42671 164.94799 5.49593 5.33986 817.01417
6853.19990 164.68619 5.48702 5.33139 816.68672
6852.44699 163.68201 5.45616 5.29888 816.13296
6852.42621 163.65773 5.45543 5.29809 816.05443
6851.64461 162.67782 5.42251 5.26637 815.69768
6851.42571 162.41818 5.41469 5.25796 815.45706
6850.76569 161.67364 5.38722 5.23386 814.14836
6850.42521 161.28588 5.37433 5.22131 813.50537
6849.88494 160.66946 5.35610 5.20135 812.57733
6849.42471 160.15290 5.33656 5.18463 811.62793
6849.01776 159.66527 5.32143 5.16884 811.35047
6848.42421 158.95416 5.29817 5.14582 810.71258
6848.14353 158.66109 5.28692 5.13634 809.75182
6847.42371 157.88724 5.26207 5.11128 809.16202
6847.21296 157.65690 5.25474 5.10383 809.28419
6846.42321 156.79940 5.22466 5.07607 807.51992
6846.29917 156.65272 5.21975 5.07132 807.36908
6845.47587 155.64854 5.18634 5.03881 807.34799
6845.42271 155.58289 5.18407 5.03669 807.37633
6844.66020 154.64435 5.15330 5.00630 806.31274
6844.42221 154.35194 5.14515 4.99684 805.62916
6843.81242 153.64017 5.12165 4.97379 805.00012
6843.42171 153.21707 5.10558 4.96010 804.15932
6842.91367 152.63598 5.08755 4.94128 803.47735
6842.42121 152.08639 5.06890 4.92349 802.59071
6842.02450 151.63180 5.05195 4.90878 802.09842
6841.42071 150.92391 5.03007 4.88586 801.70453
6841.15106 150.62762 5.01970 4.87627 801.18543
6840.42021 149.81624 4.99199 4.85000 800.06561
6840.24776 149.62343 4.98593 4.84376 799.75042
6839.41971 148.70828 4.95402 4.81413 798.23035
6839.33131 148.61925 4.95100 4.81125 798.13752
6838.41921 147.68059 4.92019 4.78086 797.51134
6838.36034 147.61506 4.91794 4.77874 797.42788
6837.48421 146.61088 4.88372 4.74623 796.45687
6837.41871 146.53221 4.88132 4.74369 796.35144
6836.65402 145.60669 4.85358 4.71373 794.89014
6836.41821 145.36076 4.84467 4.70576 794.32508
6835.73756 144.60251 4.81865 4.68122 793.53267
6835.41771 144.24239 4.80704 4.66956 793.18346
6834.84702 143.59833 4.78398 4.64871 792.64407
6834.41721 143.10845 4.76771 4.63285 792.34232
6833.94242 142.59414 4.75086 4.61620 791.53382
6833.41671 142.04565 4.73031 4.59844 790.28152
6833.00618 141.58996 4.71579 4.58369 789.78925
6832.41621 140.94676 4.69442 4.56287 788.87690
6832.08296 140.58577 4.68128 4.55118 788.37581
6831.41571 139.82410 4.65672 4.52653 788.09823
6831.19109 139.58159 4.64824 4.51867 787.77079
6830.41521 138.74393 4.61863 4.49156 786.32021
6830.24458 138.57741 4.61371 4.48617 785.84119
6829.41471 137.81015 4.58708 4.46133 784.61491
6829.18959 137.57322 4.57871 4.45366 784.45650
6828.41421 136.62698 4.55092 4.42303 783.15120
6828.36474 136.56904 4.54903 4.42115 783.09260
6827.44881 135.56485 4.51449 4.38864 782.30683
6827.41371 135.52801 4.51333 4.38745 782.23432
6826.46699 134.56067 4.48035 4.35613 779.96540
6826.41321 134.50515 4.47844 4.35434 779.85745
6825.55146 133.55649 4.44643 4.32362 779.26724
6825.41271 133.40459 4.44126 4.31871 779.13837
6824.61486 132.55230 4.41186 4.29112 778.08307
6824.41221 132.34364 4.40485 4.28436 777.67641
6823.65143 131.54812 4.37812 4.25861 776.39785
6823.41171 131.30176 4.36925 4.25063 775.93845
6822.67548 130.54393 4.34382 4.22610 774.58176
6822.41121 130.26930 4.33482 4.21721 774.06404
6821.69039 129.53975 4.30820 4.19359 772.54567
6821.41071 129.24836 4.29826 4.18416 773.13663
6820.70686 128.53556 4.27639 4.16108 772.07744
6820.41021 128.23706 4.26663 4.15142 770.54262
6819.76210 127.53138 4.24425 4.12857 769.71662
6819.40970 127.16413 4.23160 4.11668 769.40703
6818.80163 126.52720 4.20822 4.09606 768.59886
6818.40920 126.12966 4.19582 4.08320 767.84243
6817.81571 125.52301 4.17380 4.06356 766.87200
6817.40870 125.10185 4.15907 4.04992 766.29679
6816.83443 124.51883 4.14108 4.03105 765.29771
6816.40820 124.09147 4.12458 4.01721 764.48703
6815.84548 123.51464 4.10431 3.99854 763.60076
6815.40770 123.07528 4.09094 3.98432 762.80486
6814.85192 122.51046 4.06965 3.96603 761.95131
6814.40720 122.05075 4.05415 3.95115 761.39069
6813.85451 121.50628 4.03677 3.93352 760.23291
6813.40670 121.06631 4.01955 3.91928 759.29593
6812.85035 120.50209 4.00112 3.90101 758.24018
6812.40620 120.06214 3.98558 3.88677 758.04140
6811.79720 119.49791 3.96547 3.86851 757.24661
6811.40570 119.09586 3.95517 3.85549 755.98725
6810.85720 118.49372 3.93541 3.83600 755.42780
6810.40520 118.05781 3.91822 3.82189 754.59231
6809.81486 117.48954 3.90037 3.80349 753.15980
6809.40470 117.09988 3.88573 3.79087 752.07591
6808.77578 116.48536 3.86384 3.77098 750.82410
6808.40420 116.10256 3.85259 3.75859 750.56910
6807.77545 115.48117 3.82858 3.73847 749.52618
6807.40370 115.11730 3.81551 3.72669 748.90508
6806.74260 114.47699 3.79484 3.70596 747.55184
6806.40320 114.15756 3.78230 3.69562 746.66000
6805.66700 113.47280 3.75996 3.67346 744.51476
6805.40270 113.22008 3.75161 3.66527 743.95658
6804.65755 112.46862 3.72273 3.64095 743.29088
6804.40220 112.20910 3.71436 3.63255 742.95179
6803.53731 111.46444 3.68690 3.60844 740.99345
6803.40170 111.34005 3.68253 3.60441 741.12653
6802.53507 110.46025 3.65737 3.57593 738.66630
6802.40120 110.33232 3.65306 3.57179 738.09901
6801.50919 109.45607 3.61971 3.54342 737.20237
6801.40070 109.34962 3.61626 3.53998 737.09062
6800.45054 108.45188 3.58398 3.51091 734.97763
6800.40020 108.40501 3.58229 3.50940 734.85707
6799.39970 107.47504 3.55053 3.47929 732.38551
6799.37057 107.44770 3.54946 3.47840 732.32106
6798.39920 106.56924 3.51731 3.44997 729.30782
6798.26497 106.44351 3.51303 3.44590 729.01780
6797.39870 105.61210 3.48203 3.41898 727.73942
6797.21429 105.43933 3.47596 3.41339 727.36173
6796.39820 104.69447 3.44958 3.38927 725.11104
6796.12582 104.43515 3.43944 3.38088 724.72275
6795.39770 103.78837 3.41625 3.35994 722.19332
6794.98721 103.43096 3.40301 3.34837 720.34013
6794.39720 102.90302 3.38343 3.33128 720.25510
6793.83161 102.42678 3.36601 3.31586 719.53634
6793.39670 102.02540 3.35140 3.30287 718.23299
6792.78131 101.42259 3.33134 3.28335 715.54592
6792.39620 101.08078 3.31976 3.27229 713.34095
6791.70540 100.41841 3.29523 3.25085 712.76887
6791.39570 100.12856 3.28448 3.24146 712.25105
6790.56621 99.41423 3.25785 3.21834 708.83400
6790.39520 99.25142 3.25182 3.21307 708.64398
6789.48591 98.41004 3.22034 3.18583 706.84169
6789.39470 98.32873 3.21729 3.18320 706.56314
6788.39420 97.44294 3.18398 3.15452 703.34975
6788.35341 97.40586 3.18258 3.15332 703.25000
6787.39370 96.56969 3.15065 3.12625 699.73557
6787.20210 96.40167 3.14426 3.12081 699.08445
6786.39320 95.69627 3.11707 3.09798 695.84508
6786.02702 95.39749 3.10550 3.08830 695.10504
6785.39270 94.89617 3.08610 3.07207 693.43187
6784.81650 94.39331 3.06631 3.05579 690.96826
6784.39220 94.02174 3.05119 3.04377 689.64022
6783.65431 93.38912 3.02640 3.02329 685.93969
6783.39170 93.14279 3.01771 3.01531 684.33005
6782.56976 92.38494 2.98842 2.99078 680.34378
6782.39120 92.22603 2.98179 2.98563 679.83892
6781.41448 91.38075 2.94589 2.95827 675.88557
6781.39070 91.35996 2.94500 2.95760 675.78403
6780.39020 90.50895 2.90751 2.93005 670.80321
6780.24581 90.37657 2.90161 2.92576 670.45985
6779.38969 89.64369 2.87011 2.90204 666.22669
6779.07975 89.37238 2.85730 2.89325 664.88628
6778.38919 88.74784 2.82749 2.87303 662.68858
6777.94024 88.36820 2.81112 2.86074 660.08947
6777.38869 87.92788 2.79202 2.84649 655.12791
6776.62906 87.36402 2.76157 2.82824 649.91988
6776.38819 87.18616 2.75221 2.82248 648.56087
6775.38769 86.38751 2.72479 2.79662 639.89105
6775.35582 86.35983 2.72376 2.79573 639.69068
6774.38719 85.60938 2.67431 2.77143 629.24728
6774.09881 85.35565 2.65154 2.76322 627.26795
6773.38669 84.68866 2.62949 2.74163 624.60784
6772.95780 84.35146 2.61426 2.73071 619.34339
6772.38619 83.85404 2.57313 2.71461 611.79518
6771.85647 83.34728 2.53016 2.69820 606.51914
6771.38569 82.97070 2.51350 2.68601 600.41408
6770.61972 82.34310 2.48018 2.66569 590.53370
6770.38519 82.12058 2.45697 2.65849 588.60413
6769.55539 81.33891 2.41557 2.63318 581.30221
6769.38469 81.20927 2.40704 2.62899 578.07044
6768.38419 80.45227 2.34353 2.60448 559.33085
6768.26527 80.33473 2.33981 2.60068 559.01155
6767.38369 79.56346 2.28663 2.57571 548.13224
6767.13847 79.33054 2.26159 2.56817 544.03132
6766.38319 78.50731 2.24834 2.54152 534.47434
6766.21668 78.32636 2.24320 2.53566 531.85938
6765.51987 77.32218 2.20242 2.50315 525.98505
6765.38269 77.11424 2.19662 2.49642 524.47305
6764.92514 76.31799 2.17656 2.47064 521.05293
6764.38219 75.40478 2.13551 2.44108 512.45460
6764.32113 75.31381 2.13181 2.43813 511.00122
6763.64560 74.30962 2.12116 2.40563 497.51142
6763.38169 73.98846 2.11954 2.39523 491.50499
6762.59784 73.30544 2.11962 2.37312 470.46643
6762.38119 73.13046 2.12098 2.36745 464.90899
6761.38069 72.43928 2.12977 2.34508 439.77062
6761.19776 72.30126 2.12982 2.34061 435.78539
6760.38019 71.67738 2.12954 2.32041 419.41594
6759.84668 71.29707 2.13062 2.30810 409.05143
6759.37969 70.91565 2.13028 2.29575 401.57810
6758.45968 70.29289 2.12943 2.27559 388.45479
6758.37919 70.23505 2.12920 2.27372 387.22337
6757.37869 69.41466 2.13176 2.24716 373.15460
6757.23038 69.28870 2.13091 2.24308 371.27967
6756.37819 68.53878 2.12163 2.21881 361.01112
6756.07771 68.28452 2.12406 2.21057 357.41221
6755.37769 67.60727 2.11428 2.18865 350.12558
6755.03890 67.28033 2.10798 2.17807 346.70647
6754.37719 66.61211 2.10718 2.15643 340.39697
6754.05014 66.27615 2.09919 2.14556 337.03378
6753.37669 65.55983 2.08972 2.12237 330.56593
6753.09726 65.27197 2.08897 2.11305 328.12067
6752.37619 64.51000 2.06677 2.08838 322.00867
6752.13660 64.26778 2.06277 2.08054 319.93209
6751.37569 63.47174 2.05237 2.05477 313.51504
6751.15629 63.26360 2.04469 2.04803 311.53525
6750.37519 62.53194 2.03224 2.02435 305.82323
6750.09085 62.25941 2.02793 2.01552 303.88345
6749.37469 61.53840 2.00306 1.99218 298.11775
6749.08479 61.25523 2.00006 1.98302 295.76031
6748.37419 60.54786 1.98429 1.96012 290.27318
6748.05877 60.25105 1.97290 1.95051 287.77318
6747.37369 59.59931 1.96328 1.92941 282.49937
6747.00858 59.24686 1.95191 1.91800 279.76154
6746.37319 58.66165 1.93393 1.89905 274.99813
6745.91875 58.24268 1.92961 1.88549 271.68494
6745.37269 57.65213 1.91115 1.86637 267.78871
6744.98444 57.23849 1.90032 1.85298 265.04039
6744.37219 56.64791 1.89056 1.83386 260.86104
6743.95224 56.23431 1.87435 1.82047 258.05857
6743.37169 55.66399 1.85959 1.80201 254.20568
6742.93323 55.23013 1.85145 1.78796 251.37522
6742.37119 54.66894 1.82947 1.76980 247.76381
6741.90739 54.22594 1.82040 1.75546 244.73031
6741.37069 53.67161 1.80509 1.73751 241.78548
6740.92137 53.22176 1.78591 1.72295 239.49600
6740.37019 52.65474 1.77372 1.70459 236.16668
6739.97432 52.21757 1.76052 1.69044 233.75789
6739.36968 51.53078 1.73410 1.66821 230.23008
6739.07950 51.21339 1.72722 1.65793 228.51541
6738.36918 50.35955 1.69657 1.63029 224.42390
6738.22952 50.20921 1.69091 1.62542 223.60205
6737.36868 49.28983 1.66399 1.59566 218.56948
6737.27795 49.20502 1.66105 1.59291 218.03445
6736.36818 48.38662 1.63712 1.56642 212.65009
6736.16582 48.20084 1.63345 1.56041 211.46605
6735.36768 47.58614 1.61259 1.54051 206.91157
6734.87554 47.19665 1.60042 1.52790 204.17867
6734.36718 46.77883 1.58834 1.51437 201.40694
6733.65121 46.19247 1.56835 1.49539 197.52567
6733.36668 45.96969 1.56162 1.48818 196.01758
6732.36618 45.24238 1.53877 1.46463 191.40356
6732.30537 45.18828 1.53690 1.46288 191.10522
6731.36568 44.32967 1.50833 1.43508 186.29780
6731.21122 44.18410 1.50357 1.43037 185.52422
6730.36518 43.29618 1.47359 1.40163 181.25666
6730.24749 43.17992 1.46974 1.39786 180.66812
6729.36468 42.23991 1.43719 1.36743 176.23402
6729.30190 42.17573 1.43494 1.36535 175.92223
6728.36418 41.19879 1.40187 1.33373 171.26537
6728.33684 41.17155 1.40090 1.33285 171.13111
6727.36368 40.29034 1.37242 1.30432 166.51437
6727.21597 40.16736 1.36893 1.30034 165.84895
6726.36318 39.36088 1.34364 1.27423 161.92568
6726.14967 39.16318 1.33690 1.26783 160.93671
6725.36268 38.56848 1.31618 1.24858 157.51548
6724.85693 38.15900 1.30270 1.23532 155.32690
6724.36218 37.78550 1.28979 1.22323 153.22781
6723.36841 37.15481 1.26854 1.20281 149.59253
6723.36168 37.14986 1.26838 1.20265 149.56804
6722.36118 36.38422 1.24138 1.17787 145.57858
6722.05380 36.15063 1.23340 1.17030 144.36295
6721.36068 35.65849 1.21673 1.15437 141.72968
6720.68927 35.14644 1.19889 1.13780 139.13456
6720.36018 34.93030 1.19175 1.13080 137.95644
6719.35968 34.31280 1.17070 1.11081 134.52687
6719.11029 34.14226 1.16491 1.10529 133.65023
6718.35918 33.59317 1.14530 1.08751 130.97504
6717.74750 33.13808 1.12949 1.07278 128.80667
6717.35868 32.85810 1.11983 1.06372 127.46520
6716.35818 32.14741 1.09555 1.04071 124.10100
6716.33821 32.13389 1.09510 1.04027 124.03595
6715.35768 31.59553 1.07651 1.02284 121.20301
6714.51464 31.12971 1.06081 1.00776 118.98594
6714.35718 31.02812 1.05766 1.00447 118.53614
6713.35668 30.31002 1.03535 0.98123 115.55716
6713.10968 30.12552 1.02911 0.97525 114.77922
6712.35618 29.54636 1.00838 0.95650 112.31185
6711.80856 29.12134 0.99330 0.94275 110.55309
6711.35568 28.76525 0.98074 0.93122 109.09474
6710.56050 28.11715 0.95805 0.91024 106.47256
6710.35518 27.96218 0.95255 0.90522 105.83900
6709.35468 27.26166 0.92766 0.88254 102.92883
6709.13657 27.11297 0.92250 0.87773 102.30910
6708.35418 26.70701 0.90843 0.86459 100.49412
6707.35368 26.28663 0.89473 0.85098 98.51920
6706.89283 26.10879 0.88879 0.84522 97.69135
6706.35318 25.91233 0.88206 0.83886 96.80154
6705.35268 25.47851 0.86635 0.82482 94.91348
6704.67735 25.10460 0.85249 0.81271 93.41922
6704.35218 24.93144 0.84625 0.80711 92.72598
6703.35168 24.30976 0.82400 0.78698 90.33667
6703.05000 24.10042 0.81659 0.78020 89.55809
6702.35118 23.54946 0.79719 0.76237 87.54317
6701.69735 23.09623 0.78078 0.74769 85.83204
6701.35068 22.86552 0.77266 0.74023 84.97428
6700.35018 22.31720 0.75583 0.72247 83.07889
6699.91630 22.09205 0.74935 0.71519 82.33819
6699.34967 21.88364 0.74276 0.70844 81.58575
6698.34917 21.45232 0.72762 0.69448 79.98747
6697.65112 21.08787 0.71416 0.68268 78.64840
6697.34867 20.91409 0.70794 0.67705 78.02649
6696.34817 20.34238 0.68758 0.65854 76.00252
6695.92290 20.08368 0.67835 0.65017 75.08256
6695.34767 19.72720 0.66572 0.63863 73.81673
6694.34717 19.16371 0.64608 0.62039 71.82497
6694.18656 19.07950 0.64316 0.61766 71.52767
6693.34667 18.71945 0.63058 0.60600 70.26735
6692.34617 18.22897 0.61316 0.59013 68.56177
6692.05385 18.07531 0.60771 0.58515 68.02696
6691.34567 17.76556 0.59662 0.57512 66.96147
6690.34517 17.25679 0.57840 0.55865 65.20469
6690.00913 17.07113 0.57177 0.55264 64.55850
6689.34467 16.74879 0.56024 0.54221 63.45429
6688.34417 16.34355 0.54586 0.52909 62.08222
6687.66611 16.06695 0.53605 0.52014 61.14387
6687.34367 15.94871 0.53184 0.51631 60.74728
6686.34317 15.55498 0.51782 0.50356 59.42994
6685.34267 15.14191 0.50366 0.49019 58.03409
6685.15873 15.06276 0.50101 0.48763 57.76614
6684.34217 14.79108 0.49176 0.47883 56.89073
6683.34167 14.40228 0.47824 0.46625 55.59062
6682.62441 14.05858 0.46560 0.45512 54.38575
6682.34117 13.91469 0.46023 0.45046 53.87952
6681.34067 13.40811 0.44255 0.43406 52.15932
6680.73292 13.05439 0.43160 0.42261 51.06458
6680.34017 12.82269 0.42453 0.41511 50.35042
6679.33967 12.34027 0.40831 0.39949 48.71068
6678.77301 12.05021 0.39783 0.39010 47.64928
6678.33917 11.88207 0.39173 0.38466 47.05698
6677.33867 11.51566 0.37874 0.37280 45.77954
6676.33817 11.08737 0.36432 0.35893 44.26202
6676.23597 11.04603 0.36292 0.35759 44.11465
6675.33767 10.83195 0.35526 0.35066 43.41455
6674.33717 10.59755 0.34698 0.34307 42.64067
6673.33667 10.32885 0.33776 0.33438 41.71561
6672.35060 10.04184 0.32788 0.32508 40.70306
6672.33617 10.03745 0.32772 0.32494 40.68739
6671.33567 9.81776 0.31931 0.31783 39.93925
6670.33517 9.66244 0.31297 0.31280 39.43192
6669.33467 9.54458 0.30780 0.30899 39.09172
6668.33417 9.46032 0.30446 0.30626 38.86576
6667.33367 9.33415 0.29995 0.30217 38.45924
6666.33317 9.15359 0.29313 0.29633 37.81612
6665.92951 9.03766 0.28892 0.29258 37.37237
6665.33267 8.83701 0.28112 0.28608 36.57842
6664.33217 8.40530 0.26750 0.27210 34.84251
6663.59830 8.03347 0.25502 0.26007 33.31742
6663.33167 7.88933 0.25017 0.25540 32.72417
6662.33117 7.26162 0.22901 0.23508 30.11790
6661.99029 7.02929 0.22101 0.22756 29.14560
6661.33067 6.52371 0.20366 0.21119 27.02915
6660.77516 6.02510 0.18666 0.19505 24.95264
6660.33017 5.54652 0.16977 0.17956 22.91987
6659.87682 5.02092 0.15133 0.16254 20.71810
0.00000 0.00000 0.00000 0.00000 0.00000
