6885.41935 245.02200 8.09953 7.93210 733.54458
6885.32724 244.89751 8.09543 7.92807 733.36698
6884.58933 243.88712 8.06161 7.89536 732.15408
6884.64092 243.94020 8.06340 7.89708 732.35844
6884.17746 243.38600 8.04603 7.87914 730.77863
6883.59449 242.68076 8.02492 7.85630 728.48757
6883.01709 241.91169 7.99923 7.83141 727.80472
6882.37877 241.03865 7.97057 7.80314 727.51445
6882.06679 240.60447 7.95617 7.78909 727.01970
6881.37602 239.57563 7.92215 7.75578 726.26412
6881.26475 239.41518 7.91683 7.75059 726.13661
6880.83682 238.81079 7.89685 7.73102 725.55140
6880.41227 238.22946 7.87759 7.71220 724.80926
6880.24503 238.01359 7.87039 7.70521 724.42496
6879.47581 236.99709 7.83660 7.67231 722.85387
6879.27918 236.72877 7.82770 7.66362 722.50739
6878.60953 235.78089 7.79630 7.63293 721.56116
6878.39113 235.48764 7.78661 7.62344 721.13472
6877.87764 234.78735 7.76310 7.60077 720.31659
6877.34288 234.02917 7.73971 7.57623 719.18873
6877.35917 234.06316 7.74065 7.57733 719.17338
6876.57880 233.04796 7.70881 7.54446 717.02445
6876.38492 232.79424 7.70023 7.53625 716.64455
6875.60302 231.72220 7.66472 7.50154 715.32302
6875.25017 231.19489 7.64730 7.48447 714.96372
6875.15696 231.06477 7.64299 7.48026 714.82082
6874.64980 230.43729 7.62211 7.45995 713.73488
6874.27953 229.96985 7.60667 7.44481 713.43009
6873.49348 228.91708 7.57172 7.41073 712.36992
6873.45338 228.86513 7.56998 7.40905 712.26331
6872.82661 228.03088 7.54224 7.38204 710.96800
6872.49379 227.62149 7.52857 7.36879 710.11952
6871.84562 226.73884 7.49935 7.34022 708.99474
6871.32499 225.99608 7.47456 7.31617 708.39143
6871.22361 225.87353 7.47069 7.31220 708.05243
6870.47156 224.84701 7.43997 7.27897 706.00097
6870.48024 224.86361 7.44051 7.27951 705.98194
6869.83102 224.00654 7.41169 7.25176 704.75326
6869.56393 223.67258 7.40053 7.24095 704.07719
6868.80765 222.68074 7.36756 7.20884 702.52651
6868.10094 221.61726 7.33248 7.17442 702.06985
6868.19346 221.74777 7.33680 7.17864 702.19522
6867.51744 220.82061 7.30603 7.14863 701.10845
6867.63489 220.97462 7.31116 7.15361 701.34728
6866.99111 220.17759 7.28448 7.12781 699.70061
6866.67288 219.78460 7.27136 7.11509 698.89316
6866.13817 219.12625 7.24939 7.09377 697.45948
6865.53252 218.35510 7.22370 7.06881 696.18595
6865.15859 217.86116 7.20743 7.05282 695.98372
6864.40801 216.85010 7.17369 7.02009 695.37730
6864.44239 216.89642 7.17522 7.02159 695.44378
6863.70082 215.91188 7.14584 6.98972 693.10529
6863.55394 215.72155 7.13977 6.98355 692.73825
6862.96905 214.97621 7.11456 6.95942 691.52070
6862.40832 214.23337 7.08990 6.93538 690.44100
6861.98608 213.65182 7.07062 6.91655 689.82267
6861.25560 212.61238 7.03622 6.88290 689.00372
6861.37611 212.78033 7.04178 6.88834 689.17006
6860.65156 211.79397 7.00898 6.85641 688.01159
6860.56675 211.67571 7.00505 6.85258 687.89968
6860.15792 211.16925 6.98815 6.83618 686.88977
6859.63256 210.53108 6.96681 6.81552 685.49868
6859.15356 209.91256 6.94614 6.79550 684.48037
6858.48748 209.03419 6.91701 6.76706 683.22703
6858.35303 208.86459 6.91130 6.76157 682.94665
6857.58867 207.84213 6.87863 6.72847 681.20693
6857.88496 208.19773 6.88923 6.73999 682.46478
6857.27268 207.51594 6.86900 6.71791 679.54773
6856.64876 206.80144 6.84563 6.69478 678.21619
6855.97325 205.92248 6.81641 6.66633 677.54161
6855.50811 205.32049 6.79630 6.64684 676.47954
6854.90354 204.51119 6.76943 6.62064 675.48481
6854.15063 203.37624 6.73188 6.58390 675.24378
6854.58820 203.98253 6.75204 6.60353 675.80198
6853.80963 202.99740 6.71916 6.57163 674.06787
6853.60079 202.72538 6.71012 6.56283 673.66928
6853.09008 202.09150 6.68890 6.54231 672.45869
6852.61736 201.50557 6.66932 6.52334 671.32193
6852.18506 200.95763 6.65106 6.50560 670.39027
6851.52225 200.10109 6.62254 6.47787 669.06929
6851.34975 199.87835 6.61511 6.47066 668.73389
6850.58390 198.87317 6.58207 6.43812 667.26203
6850.58325 198.87255 6.58206 6.43810 667.25845
6849.93125 198.04913 6.55733 6.41144 665.09069
6849.83380 197.92801 6.55332 6.40752 664.85424
6849.26300 197.27731 6.53121 6.38646 663.13251
6848.54555 196.40095 6.50198 6.35809 661.33755
6848.09320 195.79035 6.48162 6.33832 660.59759
6847.49067 194.99650 6.45535 6.31262 660.27250
6847.48997 195.00185 6.45552 6.31279 660.21978
6846.69970 194.00177 6.42230 6.28042 659.29484
6846.72001 194.02932 6.42322 6.28131 659.33239
6846.02262 193.18564 6.39489 6.25400 657.41378
6845.68376 192.78699 6.38151 6.24109 656.48864
6845.03580 191.97700 6.35449 6.21487 655.06764
6844.57428 191.38611 6.33483 6.19574 654.15767
6844.24431 190.97341 6.32074 6.18238 653.52832
6843.58803 190.13919 6.29442 6.15538 651.76875
6843.54636 190.09087 6.29300 6.15381 651.59442
6842.72382 189.08263 6.26099 6.12117 649.21162
6842.53722 188.84987 6.25307 6.11364 648.84101
6841.78544 187.88238 6.22084 6.08232 647.46998
6841.40986 187.39231 6.20446 6.06645 646.82979
6840.97874 186.80334 6.18485 6.04738 646.33722
6840.69282 186.43787 6.17267 6.03555 645.79530
6840.63826 186.38728 6.17094 6.03392 645.53253
6839.93533 185.59585 6.14428 6.00829 643.30731
6839.62785 185.24344 6.13245 5.99689 642.38694
6838.79836 184.26825 6.09993 5.96532 641.08709
6838.53469 183.94625 6.08922 5.95489 640.89482
6837.75329 182.95708 6.05623 5.92287 639.26188
6837.73721 182.93834 6.05560 5.92226 639.21530
6837.05154 182.11815 6.02779 5.89571 637.62404
6836.71541 181.70700 6.01535 5.88240 636.49211
6836.26636 181.16795 5.99929 5.86495 634.79656
6835.77398 180.58922 5.97996 5.84621 633.47118
6835.34518 180.07337 5.96260 5.82952 632.46311
6834.69342 179.27566 5.93587 5.80369 631.00925
6834.24407 178.71714 5.91723 5.78561 630.10312
6833.47790 177.67010 5.88236 5.75171 629.36079
6833.74698 178.01826 5.89398 5.76299 629.79000
6833.01850 177.14666 5.86473 5.73477 628.02596
6832.76257 176.84748 5.85471 5.72508 627.34168
6832.20416 176.17683 5.83218 5.70337 626.02471
6831.96753 175.90528 5.82304 5.69458 625.34983
6831.50866 175.40461 5.80615 5.67837 623.83835
6830.87362 174.69135 5.78208 5.65528 621.90434
6830.39434 174.12346 5.76309 5.63690 620.57925
6829.77201 173.37990 5.73817 5.61283 619.97993
6829.63687 173.22374 5.73286 5.60777 619.86786
6828.84340 172.30360 5.70424 5.57798 617.50875
6828.66713 172.09662 5.69810 5.57128 616.73465
6827.81341 171.07100 5.66391 5.53808 614.75910
6827.45500 170.62120 5.64903 5.52352 614.10069
6826.84710 169.81334 5.62202 5.49737 613.42374
6826.80484 169.76745 5.62046 5.49588 613.28403
6826.38796 169.28823 5.60433 5.48037 612.14387
6825.90792 168.75144 5.58623 5.46299 610.71824
6825.42340 168.19057 5.56732 5.44483 609.45041
6824.82759 167.49511 5.54396 5.42232 607.94450
6824.48104 167.09143 5.53038 5.40925 607.06727
6823.73701 166.19444 5.50026 5.38021 605.47303
6823.74990 166.21239 5.50086 5.38079 605.47802
6822.87818 165.20552 5.46707 5.34820 603.17459
6823.31688 165.67670 5.48293 5.36345 604.67527
6822.35978 164.71596 5.45006 5.33235 600.89155
6821.75621 164.05929 5.42906 5.31109 598.57648
6820.94819 163.09122 5.39918 5.27975 597.44147
6820.91751 163.05822 5.39804 5.27868 597.38788
6820.16853 162.21191 5.36932 5.25129 595.36618
6819.78679 161.75764 5.35403 5.23658 594.48222
6819.29575 161.18324 5.33467 5.21799 593.35368
6818.80562 160.62272 5.31578 5.19984 592.04856
6818.36373 160.09089 5.29793 5.18262 591.13830
6817.81676 159.45119 5.27642 5.16191 589.85026
6817.61713 159.21848 5.26860 5.15438 589.37361
6816.92950 158.43695 5.24224 5.12908 587.56800
6816.81677 158.31573 5.23812 5.12516 587.20181
6815.96361 157.36240 5.20593 5.09429 584.78932
6815.85078 157.23699 5.20168 5.09023 584.46636
6814.97571 156.24125 5.16820 5.05800 582.16564
6815.02546 156.29994 5.17016 5.05990 582.27849
6814.16837 155.35884 5.13797 5.02943 579.83877
6814.22316 155.41416 5.13987 5.03122 580.04628
6813.39475 154.56523 5.11351 5.00374 576.22573
6813.05001 154.19610 5.10214 4.99179 574.72080
6812.25347 153.32856 5.07260 4.96371 572.82196
6811.64769 152.62809 5.04925 4.94103 572.36757
6811.15221 151.99532 5.02804 4.92054 571.81045
6810.94472 151.77287 5.02048 4.91334 571.07550
6810.47795 151.24822 5.00278 4.89636 569.82717
6810.01096 150.72205 4.98500 4.87933 568.63603
6809.72904 150.42444 4.97487 4.86969 567.69084
6809.08901 149.73631 4.95158 4.84741 565.69941
6808.85528 149.48509 4.94308 4.83928 564.97551
6808.13587 148.73467 4.91754 4.81499 562.50499
6807.70399 148.26051 4.90151 4.79964 561.29783
6806.97889 147.44761 4.87408 4.77332 559.34643
6806.90847 147.37664 4.87163 4.77102 559.09088
6806.05973 146.45528 4.84083 4.74120 556.43579
6806.09567 146.49410 4.84199 4.74245 556.59563
6805.19281 145.55126 4.81297 4.71193 552.53999
6805.31488 145.67664 4.81719 4.71599 552.98903
6804.34788 144.71719 4.78434 4.68493 549.22616
6803.59445 143.88637 4.75622 4.65803 547.88580
6802.82164 142.92765 4.72410 4.62700 547.70903
6803.17973 143.33999 4.73804 4.64035 548.39883
6802.38598 142.51195 4.70984 4.61354 545.67049
6802.17053 142.29499 4.70243 4.60652 544.83014
6801.32932 141.40453 4.67216 4.57769 542.26004
6801.07435 141.12743 4.66275 4.56872 541.52865
6800.36149 140.36190 4.63674 4.54394 539.37428
6800.12220 140.10196 4.62791 4.53552 538.68543
6799.53154 139.47979 4.60675 4.51538 536.79177
6799.21516 139.15835 4.59578 4.50497 535.66477
6798.59315 138.50962 4.57372 4.48397 533.58282
6798.18987 138.10088 4.55966 4.47074 532.15705
6797.50901 137.37969 4.53522 4.44739 529.99745
6797.32458 137.17071 4.52899 4.44063 529.26987
6796.84472 136.71944 4.51529 4.42602 526.57094
6796.22343 136.09843 4.49439 4.40591 524.13680
6795.63895 135.48301 4.47351 4.38599 522.27518
6795.16557 135.00299 4.45696 4.37045 520.45824
6794.57769 134.37027 4.43548 4.34997 519.14521
6794.21087 133.98333 4.42238 4.33744 518.77584
6793.76482 133.53068 4.40700 4.32279 517.65158
6793.28265 133.03761 4.39017 4.30683 515.83077
6792.88061 132.63373 4.37625 4.29375 514.37320
6792.33676 132.10321 4.35805 4.27658 512.23278
6791.80947 131.56504 4.33956 4.25915 510.38280
6791.32979 131.08921 4.32325 4.24375 508.56241
6790.72259 130.47706 4.30218 4.22393 506.35843
6790.20507 129.93133 4.28360 4.20627 504.70435
6789.81951 129.54088 4.27010 4.19363 503.37410
6789.30468 129.02150 4.25212 4.17681 501.53910
6788.98807 128.70110 4.24190 4.16644 500.14019
6788.53920 128.28460 4.22951 4.15296 497.46168
6787.87157 127.64736 4.20806 4.13233 494.43750
6787.40165 127.17336 4.19174 4.11698 492.77157
6786.78813 126.58623 4.17144 4.09798 490.16143
6786.12812 125.89982 4.14791 4.07576 488.28579
6785.83369 125.57645 4.13690 4.06529 488.06629
6785.46555 125.24349 4.12541 4.05451 486.98136
6784.75731 124.54032 4.10118 4.03174 484.21518
6784.34058 124.11547 4.08651 4.01799 482.72731
6783.83353 123.62055 4.06937 4.00197 480.75523
6783.44433 123.23532 4.05604 3.98950 479.25335
6782.94088 122.75684 4.03944 3.97401 477.10131
6782.44897 122.29689 4.02348 3.95912 474.92421
6781.75219 121.60962 3.99966 3.93687 472.20573
6781.43559 121.30129 3.98892 3.92689 470.92633
6780.74244 120.63152 3.96571 3.90520 468.02133
6780.38428 120.27585 3.95315 3.89369 466.72694
6779.70390 119.61094 3.93057 3.87217 463.80927
6779.90819 119.77537 3.93579 3.87749 465.20357
6779.21188 119.22032 3.91901 3.85952 460.13116
6778.14306 118.23682 3.88524 3.82768 454.98359
6777.28695 117.31258 3.85318 3.79776 452.36198
6777.42645 117.46037 3.85830 3.80254 452.82032
6776.57066 116.63144 3.82942 3.77571 449.98578
6776.62299 116.67535 3.83095 3.77713 450.15575
6775.71364 115.84815 3.80217 3.75035 446.66142
6775.58289 115.72835 3.79796 3.74647 445.97871
6774.57535 114.79084 3.76494 3.71612 441.34802
6774.58009 114.79429 3.76507 3.71624 441.37966
6773.60379 113.89375 3.73345 3.68708 436.76346
6773.38138 113.68515 3.72618 3.68033 435.73657
6772.48995 112.83459 3.69617 3.65279 431.80558
6772.49344 112.83507 3.69619 3.65281 431.85004
6771.66668 112.08895 3.66986 3.62866 427.70666
6771.38004 111.82402 3.66037 3.62008 426.39111
6770.77743 111.27606 3.64159 3.60234 423.32252
6770.57004 111.10746 3.63677 3.59688 421.77250
6769.81236 110.47187 3.61589 3.57631 416.89710
6768.98567 109.71917 3.58914 3.55194 412.77107
6768.45511 109.20616 3.57094 3.53533 410.52166
6767.95877 108.73091 3.55426 3.51995 408.73167
6767.52919 108.34274 3.54064 3.50738 407.35280
6766.79814 107.63687 3.51577 3.48453 403.95996
6766.71038 107.55056 3.51272 3.48173 403.57588
6765.96495 106.89693 3.48930 3.46057 399.62745
6765.70374 106.65803 3.48082 3.45284 398.29591
6764.81567 105.86484 3.45260 3.42716 393.63343
6764.89225 105.92904 3.45491 3.42924 394.07206
6763.89596 105.08297 3.42464 3.40185 388.36846
6763.87415 105.06038 3.42385 3.40112 388.27938
6762.91757 104.26068 3.39524 3.37523 382.70891
6762.46457 103.86103 3.38102 3.36229 380.23076
6761.83487 103.29691 3.36098 3.34403 376.87313
6761.56421 103.07968 3.35321 3.33700 375.21925
6760.85106 102.47759 3.33153 3.31751 371.16668
6760.21584 101.91790 3.31206 3.29939 367.56375
6759.88970 101.63543 3.30350 3.29024 365.33511
6759.03595 100.91036 3.27992 3.26677 360.69751
6758.47946 100.38889 3.26122 3.24989 358.54866
6757.73186 99.67801 3.23624 3.22688 354.64417
6757.89006 99.82134 3.24125 3.23152 355.51142
6756.93529 99.01248 3.21314 3.20533 350.00251
6756.91875 98.99901 3.21268 3.20489 349.90476
6755.94037 98.16978 3.18400 3.17805 344.26083
6755.91564 98.15191 3.18339 3.17747 344.10021
6755.05603 97.45693 3.15964 3.15497 339.01451
6754.46847 96.96682 3.14309 3.13911 335.64230
6753.78768 96.37320 3.12386 3.11989 331.84605
6753.30616 95.94806 3.10996 3.10613 329.24481
6753.25123 95.89503 3.10819 3.10441 328.95814
6752.57355 95.39347 3.09212 3.08817 324.87445
6752.14335 95.06787 3.08190 3.07763 322.30520
6751.05823 94.19171 3.05475 3.04927 316.42270
6750.92321 94.07326 3.05106 3.04543 315.77064
6750.04679 93.35728 3.03166 3.02226 311.58068
6749.66353 93.04254 3.02428 3.01207 309.44243
6748.86597 92.37370 3.00729 2.99041 305.17665
6748.30941 91.88166 2.99368 2.97448 302.44444
6747.58742 91.25173 2.97836 2.95409 298.93639
6746.86504 90.54842 2.96227 2.93132 295.62711
6747.10789 90.73729 2.96649 2.93744 296.81138
6746.49942 90.30069 2.95534 2.92330 293.81737
6745.52906 89.47282 2.91889 2.89650 289.37589
6744.66341 88.64938 2.87584 2.86985 285.58186
6745.64153 89.44351 2.91751 2.89555 289.99369
6744.39076 88.57261 2.87230 2.86736 284.36588
6743.39109 87.70547 2.83136 2.83929 280.22400
6742.61798 87.01565 2.80108 2.81696 277.18735
6741.68584 86.09194 2.76563 2.78705 273.57985
6740.86232 85.15429 2.74316 2.75670 270.71806
6739.97614 84.05711 2.69303 2.72118 267.28113
6739.19528 82.87305 2.65513 2.68285 264.23855
6739.00426 82.60426 2.64872 2.67415 263.49380
6738.21743 81.35442 2.64744 2.63369 260.52088
6737.61767 80.24640 2.58909 2.59782 258.41194
6738.83373 81.96349 2.63396 2.65340 262.75824
6737.99545 81.04291 2.65711 2.62360 259.70834
6738.99105 81.99190 2.63166 2.65432 263.33294
6738.03497 81.20251 2.65403 2.62877 259.87533
6738.11332 81.26463 2.65187 2.63078 260.14980
6737.41095 80.73518 2.66026 2.61364 257.77676
6736.71924 80.22878 2.60695 2.59725 255.56128
6736.54459 80.06376 2.57778 2.59190 254.98327
6735.83002 79.59280 2.49945 2.57666 252.81754
6735.28044 79.19466 2.46119 2.56377 251.20039
6734.22490 78.38452 2.44470 2.53754 248.17545
6733.60420 77.87428 2.42572 2.52102 246.39954
6732.79295 77.16805 2.41628 2.49816 244.10670
6732.26882 76.70680 2.40791 2.48323 242.69523
6731.64659 76.13371 2.39754 2.46468 240.84589
6731.04064 75.59015 2.39143 2.44708 239.14749
6730.39229 74.95989 2.38327 2.42668 237.33844
6729.70203 74.28608 2.37188 2.40486 235.25724
6729.09147 73.63559 2.36065 2.38380 233.35666
6728.61406 73.13491 2.35136 2.36760 231.87631
6728.08851 72.57144 2.34064 2.34936 230.22978
6727.68765 72.15133 2.33282 2.33576 228.99676
6727.11786 71.54747 2.32119 2.31621 227.23590
6726.72026 71.13317 2.31292 2.30279 226.03855
6726.26726 70.64227 2.30270 2.28690 224.61936
6726.28036 70.67393 2.30347 2.28793 224.69135
6725.52751 69.98916 2.28996 2.26576 222.57208
6724.85545 69.33330 2.27616 2.24453 220.64461
6724.27916 68.74896 2.26297 2.22561 218.92031
6723.88391 68.35724 2.25403 2.21293 217.79029
6723.39657 67.87369 2.24269 2.19727 216.45229
6723.01384 67.51141 2.23378 2.18555 215.41520
6722.49337 67.01935 2.22136 2.16962 213.95131
6721.96294 66.51751 2.20930 2.15337 212.47865
6721.46029 66.04362 2.19906 2.13803 211.21588
6720.61930 65.22667 2.17826 2.11158 208.87721
6719.96167 64.50780 2.15819 2.08831 206.86602
6719.63713 64.15004 2.14820 2.07673 205.87565
6719.31546 63.83211 2.13937 2.06644 204.97309
6718.87262 63.39456 2.12698 2.05227 203.71542
6718.33802 62.87952 2.11215 2.03560 202.22702
6717.67587 62.21104 2.09274 2.01396 200.33124
6717.33842 61.85424 2.08214 2.00241 199.33757
6716.84739 61.39577 2.06853 1.98757 197.97981
6716.12824 60.66831 2.04654 1.96402 195.92705
6715.43511 59.92065 2.02345 1.93981 193.84359
6714.85653 59.26365 2.00287 1.91854 192.10607
6714.47439 58.83084 1.98926 1.90453 190.95321
6713.87760 58.15326 1.96765 1.88260 189.07103
6713.53142 57.76630 1.95688 1.87007 188.07512
6712.83528 56.95247 1.93300 1.84372 186.01032
6713.13775 57.28279 1.94338 1.85442 186.89519
6712.36479 56.51308 1.91851 1.82950 184.68640
6712.62880 56.75996 1.92663 1.83749 185.42289
6711.79350 56.04169 1.90347 1.81424 183.25703
6711.66638 55.91742 1.89947 1.81021 182.90130
6711.14553 55.50997 1.88638 1.79702 181.65796
6710.42016 54.92984 1.86750 1.77824 179.89887
6709.92424 54.50944 1.85374 1.76463 178.65219
6709.20014 53.90492 1.83397 1.74506 176.85517
6709.29743 53.98279 1.83653 1.74758 177.09076
6708.25216 53.19202 1.81044 1.72199 174.70322
6707.27677 52.33843 1.78199 1.69435 172.22538
6706.36081 51.43910 1.75189 1.66524 169.69978
6705.97389 51.05226 1.73887 1.65271 168.60625
6705.05748 50.07069 1.70580 1.62094 165.83930
6705.02604 50.04029 1.70478 1.61995 165.75259
6704.07230 49.02595 1.67017 1.58712 162.86285
6704.22796 49.18778 1.67557 1.59236 163.31878
6703.24204 48.18591 1.64480 1.55992 160.66291
6703.67879 48.60205 1.65710 1.57339 161.75199
6702.71244 47.73693 1.63006 1.54539 159.39005
6702.44151 47.49978 1.62173 1.53771 158.68757
6701.50853 46.62330 1.59156 1.50934 156.12806
6701.91349 46.96269 1.60316 1.52032 157.12895
6701.28078 46.47578 1.58649 1.50456 155.67687
6701.00368 46.26608 1.57925 1.49777 155.05349
6700.71971 46.07067 1.57246 1.49145 154.46667
6699.76494 45.42586 1.55013 1.47057 152.53293
6699.15013 44.97259 1.53445 1.45590 151.19583
6698.16639 44.19502 1.50753 1.43073 148.92796
6698.19308 44.21193 1.50812 1.43127 148.97825
6697.41678 43.65179 1.48865 1.41314 147.33237
6696.90158 43.25887 1.47497 1.40042 146.19536
6697.00416 43.33267 1.47754 1.40281 146.40875
6696.01797 42.72131 1.45625 1.38302 144.62028
6695.24945 42.19588 1.43785 1.36601 143.10689
6694.37279 41.54235 1.41513 1.34485 141.22405
6693.90797 41.19562 1.40306 1.33363 140.21230
6693.52640 40.91959 1.39321 1.32469 139.40156
6692.67732 40.31454 1.37248 1.30510 137.69738
6693.75378 40.96824 1.39503 1.32626 139.51619
6692.56184 40.35501 1.37363 1.30641 137.83853
6691.30411 39.61602 1.35086 1.28249 136.09431
6690.34134 38.94636 1.32740 1.26081 134.20368
6689.29616 38.15444 1.29965 1.23517 131.93520
6689.12206 38.01896 1.29493 1.23079 131.55079
6688.20812 37.30895 1.27006 1.20780 129.46337
6687.73877 36.94229 1.25724 1.19593 128.36986
6687.04217 36.38026 1.23757 1.17774 126.73077
6686.58671 36.00455 1.22436 1.16558 125.61831
6686.70610 36.09590 1.22758 1.16853 125.88430
6685.78704 35.48167 1.20595 1.14865 124.14826
6686.70383 36.01390 1.22477 1.16588 125.60034
6686.22960 35.77045 1.21609 1.15800 124.96299
6685.54525 35.49743 1.20636 1.14916 124.32525
6685.26356 35.37990 1.20217 1.14535 124.04720
6684.48388 35.06774 1.19091 1.13525 123.33591
6682.97487 34.40608 1.16726 1.11383 121.79812
6681.78598 33.74274 1.14373 1.09235 120.06511
6680.89663 33.21397 1.12501 1.07524 118.64038
6679.68605 32.38888 1.09606 1.04853 116.24798
6679.32804 32.13369 1.08710 1.04026 115.47208
6678.52156 31.53225 1.06567 1.02079 113.64176
6678.50276 31.52708 1.06548 1.02063 113.63526
6678.45981 31.49001 1.06418 1.01943 113.52046
6677.69479 31.09014 1.05052 1.00648 112.54740
6678.23669 31.33076 1.05868 1.01427 113.06232
6677.35861 30.99365 1.04740 1.00336 112.45592
6675.91655 30.31220 1.02602 0.98130 111.12898
6675.11352 29.89234 1.01108 0.96770 110.04538
6674.26085 29.41931 0.99408 0.95239 108.74414
6673.13739 28.73476 0.96998 0.93023 106.81838
6673.09847 28.71088 0.96914 0.92946 106.75051
6672.43921 28.32527 0.95547 0.91697 105.66077
6671.60794 27.87361 0.93945 0.90235 104.44220
6672.35804 28.23993 0.95248 0.91421 105.36650
6671.08996 27.68524 0.93271 0.89625 104.00995
6669.81727 27.04748 0.91004 0.87561 102.31275
6670.05825 27.15964 0.91405 0.87924 102.59082
6668.82384 26.59067 0.89376 0.86082 101.17861
6667.51366 25.87360 0.86836 0.83761 99.14777
6668.27558 26.24545 0.88159 0.84964 100.13317
6667.59059 25.95158 0.87108 0.84013 99.42761
6666.59200 25.56892 0.85734 0.82774 98.59548
6665.92249 25.27675 0.84693 0.81828 97.86561
6665.69443 25.18656 0.84370 0.81536 97.66298
6664.53987 24.73899 0.82766 0.80088 96.65212
6663.38775 24.24007 0.80987 0.78472 95.38096
6664.18218 24.54418 0.82075 0.79457 96.07798
6662.85480 24.09741 0.80470 0.78011 95.20745
6661.34429 23.48160 0.78285 0.76017 93.58567
6660.36414 23.01687 0.76599 0.74513 92.22043
6659.68026 22.66716 0.75406 0.73380 91.20943
6658.53606 22.05776 0.73525 0.71408 89.64079
6657.90529 21.69435 0.72338 0.70231 88.55655
6657.77896 21.60341 0.72015 0.69937 88.22162
6657.02742 21.25819 0.70779 0.68819 87.16526
6657.01918 21.23714 0.70705 0.68751 87.06636
6656.73676 21.13337 0.70326 0.68415 86.78629
6655.61962 20.70531 0.68803 0.67029 85.63363
6654.71227 20.32537 0.67467 0.65799 84.51223
6656.10127 20.76577 0.69032 0.67225 85.52554
6655.09870 20.54031 0.68218 0.66495 85.25589
6653.92801 20.26706 0.67234 0.65611 84.87633
6652.80731 19.97457 0.66190 0.64664 84.25615
6651.83039 19.72153 0.65282 0.63845 83.78761
6652.34942 19.84036 0.65710 0.64229 83.96445
6651.58422 19.68420 0.65145 0.63724 83.81001
6651.08018 19.60587 0.64858 0.63470 83.85258
6650.27217 19.53025 0.64574 0.63225 84.18125
6649.02620 19.38709 0.64046 0.62762 84.57753
6647.49867 19.15563 0.63210 0.62013 84.81471
6645.97256 18.81975 0.62021 0.60925 84.47719
6644.53544 18.36457 0.60425 0.59452 83.32282
6643.39359 17.90864 0.58839 0.57976 81.73623
6641.94672 17.25169 0.56551 0.55849 79.36073
6640.83020 16.63714 0.54413 0.53859 76.85725
6639.90544 16.07310 0.52449 0.52033 74.43419
6638.76893 15.31428 0.49807 0.49577 71.05023
6637.99019 14.73118 0.47784 0.47689 68.37948
6636.90455 13.84207 0.44652 0.44811 64.14985
6635.76501 12.74850 0.41211 0.41271 59.41815
6634.83189 11.69758 0.37557 0.37869 54.22975
6634.63022 11.46275 0.36743 0.37108 53.10267
0.00000 0.00000 0.00000 0.00000 0.00000
