6357.17859 10.02315 0.34300 0.32448 123.77623
6358.17572 10.04184 0.34408 0.32508 124.02350
6358.17909 10.04189 0.34409 0.32509 124.02413
6359.17959 10.04598 0.34456 0.32522 124.08967
6359.38578 10.04184 0.34447 0.32508 124.04134
6360.18009 10.02030 0.34395 0.32439 123.78724
6369.18459 10.00713 0.34684 0.32396 123.84651
6574.28714 10.03321 0.23068 0.32481 116.59328
6574.36201 10.04184 0.23108 0.32508 116.61956
6575.28764 10.15248 0.23628 0.32867 116.98442
6576.28814 10.27635 0.24215 0.33268 117.41700
6577.28864 10.39372 0.24781 0.33648 117.73364
6578.28914 10.50450 0.25326 0.34006 117.93050
6579.28964 10.63465 0.25930 0.34428 118.33543
6580.29015 10.78153 0.26562 0.34903 118.91210
6581.29065 10.93786 0.27221 0.35409 119.57272
6581.92217 11.04603 0.27669 0.35759 120.07417
6582.29115 11.10919 0.27938 0.35964 120.37646
6583.29165 11.24720 0.28537 0.36411 120.87844
6584.29215 11.39052 0.29176 0.36875 121.24283
6585.29265 11.53403 0.29820 0.37339 121.58289
6586.29315 11.69307 0.30522 0.37854 122.09153
6587.29365 11.85645 0.31226 0.38383 122.60221
6588.29415 12.04587 0.32031 0.38996 123.41788
6588.32051 12.05021 0.32049 0.39010 123.43144
6589.29465 12.19815 0.32706 0.39489 123.75646
6590.29515 12.36751 0.33437 0.40037 124.26938
6591.29565 12.51805 0.34083 0.40525 124.57705
6592.29615 12.68953 0.34810 0.41080 124.97387
6593.29665 12.87137 0.35553 0.41668 125.26146
6594.15582 13.05439 0.36266 0.42261 125.69539
6594.29715 13.08642 0.36382 0.42365 125.75721
6595.29765 13.30109 0.37192 0.43060 126.23174
6596.29815 13.49259 0.37934 0.43680 126.47632
6597.29865 13.67849 0.38697 0.44281 126.79027
6598.29915 13.87988 0.39538 0.44933 127.29644
6599.16825 14.05858 0.40312 0.45512 127.83010
6599.29965 14.08576 0.40429 0.45600 127.90196
6600.30015 14.29607 0.41325 0.46281 128.53504
6601.30065 14.48429 0.42133 0.46890 128.95316
6602.30115 14.69755 0.43017 0.47580 129.41339
6603.30165 14.93101 0.43965 0.48336 130.07161
6603.83343 15.06276 0.44497 0.48763 130.49460
6604.30215 15.17368 0.44948 0.49122 130.80286
6605.30265 15.39785 0.45879 0.49847 131.29587
6606.30315 15.60404 0.46753 0.50515 131.55647
6607.30365 15.82110 0.47663 0.51218 131.89092
6608.29439 16.06695 0.48671 0.52014 132.49599
6608.30415 16.06948 0.48682 0.52022 132.50306
6609.30465 16.29872 0.49604 0.52764 133.10750
6610.30515 16.52530 0.50534 0.53497 133.41733
6611.30565 16.75866 0.51489 0.54253 133.77228
6612.30615 17.04636 0.52638 0.55184 134.65215
6612.38695 17.07113 0.52736 0.55264 134.73664
6613.30665 17.32806 0.53759 0.56096 135.41971
6614.30715 17.57186 0.54747 0.56885 135.75205
6615.30765 17.81824 0.55743 0.57683 136.07715
6616.24235 18.07531 0.56765 0.58515 136.61067
6616.30815 18.09515 0.56843 0.58579 136.66606
6617.30865 18.37692 0.57964 0.59492 137.25888
6618.30915 18.62586 0.58953 0.60297 137.67881
6619.30965 18.89126 0.60013 0.61157 138.09082
6619.94193 19.07950 0.60751 0.61766 138.50014
6620.31016 19.18621 0.61168 0.62112 138.70169
6621.31066 19.45498 0.62226 0.62982 139.00768
6622.31116 19.74458 0.63356 0.63919 139.47887
6623.31141 20.08368 0.64655 0.65017 140.42047
6623.31166 20.08377 0.64655 0.65017 140.42077
6624.31216 20.39574 0.65854 0.66027 141.03060
6625.31266 20.67652 0.66930 0.66936 141.27822
6626.31316 20.97763 0.68070 0.67911 141.72547
6626.67868 21.08787 0.68486 0.68268 141.99748
6627.31366 21.28000 0.69226 0.68890 142.40601
6628.31416 21.60143 0.70475 0.69930 142.98648
6629.31466 21.91186 0.71626 0.70935 143.29932
6629.86808 22.09205 0.72242 0.71519 143.41780
6630.31516 22.24795 0.72726 0.72023 143.50937
6631.31566 22.59153 0.73822 0.73136 143.72649
6632.31616 22.95232 0.75092 0.74304 144.32193
6632.66682 23.09623 0.75620 0.74769 144.76578
6633.31666 23.33832 0.76524 0.75553 145.36845
6634.31716 23.65941 0.77702 0.76593 145.72989
6635.31766 23.97977 0.78845 0.77630 145.97318
6635.67769 24.10042 0.79273 0.78020 146.21010
6636.31816 24.32598 0.80080 0.78750 146.78314
6637.31866 24.66671 0.81336 0.79854 147.17562
6638.31916 25.00169 0.82530 0.80938 147.51967
6638.58805 25.10460 0.82891 0.81271 147.72411
6639.31966 25.39074 0.83898 0.82197 148.33577
6640.32016 25.74118 0.85133 0.83332 148.75097
6641.32066 26.10872 0.86432 0.84522 149.30561
6641.32082 26.10879 0.86432 0.84522 149.30574
6642.32116 26.47829 0.87707 0.85718 149.85342
6643.32166 26.83666 0.88968 0.86878 150.25416
6644.06567 27.11297 0.89953 0.87773 150.69752
6644.32216 27.21978 0.90328 0.88119 151.04101
6645.32266 27.60387 0.91726 0.89362 151.77690
6646.32316 27.95351 0.92930 0.90494 152.03265
6646.73182 28.11715 0.93478 0.91024 152.31809
6647.32366 28.37580 0.94384 0.91861 152.92428
6648.32416 28.74265 0.95666 0.93049 153.29279
6649.25381 29.12134 0.96972 0.94275 153.93581
6649.32466 29.15195 0.97073 0.94374 153.99740
6650.32516 29.54586 0.98483 0.95649 154.53199
6651.32566 29.93081 0.99911 0.96895 155.06597
6651.80896 30.12552 1.00619 0.97525 155.36912
6652.32616 30.37082 1.01455 0.98319 155.91690
6653.32666 30.81081 1.02819 0.99744 156.40000
6654.08330 31.12971 1.03802 1.00776 156.80102
6654.32716 31.23807 1.04158 1.01127 156.94008
6655.32766 31.68568 1.05732 1.02576 157.76703
6656.32816 32.12909 1.07259 1.04012 158.62463
6656.33874 32.13389 1.07275 1.04027 158.63362
6657.32866 32.58030 1.08873 1.05472 159.43642
6658.32916 32.99547 1.10383 1.06816 159.93145
6658.65075 33.13808 1.10901 1.07278 160.16291
6659.32966 33.45169 1.12074 1.08293 160.73870
6660.33017 33.84372 1.13456 1.09562 160.98868
6660.93861 34.14226 1.14493 1.10529 161.61394
6661.33067 34.35672 1.15262 1.11223 162.18132
6662.33117 34.74583 1.16642 1.12483 162.65083
6663.22175 35.14644 1.18072 1.13780 163.23400
6663.33167 35.20252 1.18276 1.13961 163.35373
6664.33217 35.67563 1.19989 1.15493 164.14431
6665.33267 36.14996 1.21640 1.17028 164.91786
6665.33396 36.15063 1.21642 1.17030 164.91928
6666.33317 36.65579 1.23420 1.18666 165.89874
6667.33367 37.09364 1.25026 1.20083 166.31953
6667.45458 37.15481 1.25248 1.20281 166.43505
6668.33417 37.57571 1.26665 1.21644 167.05850
6669.33467 38.01767 1.28320 1.23075 167.45398
6669.59539 38.15900 1.28829 1.23532 167.75587
6670.33517 38.59169 1.30366 1.24933 168.79779
6671.33567 39.03502 1.31945 1.26368 169.42088
6671.59238 39.16318 1.32395 1.26783 169.72686
6672.33617 39.56381 1.33798 1.28080 170.48934
6673.33667 40.07131 1.35430 1.29723 170.84332
6673.51104 40.16736 1.35706 1.30034 170.93487
6674.33717 40.58095 1.36984 1.31373 171.24818
6675.33767 41.05796 1.38754 1.32917 171.81087
6675.53655 41.17155 1.39172 1.33285 172.05985
6676.33817 41.62004 1.40800 1.34737 172.94065
6677.33867 42.11122 1.42489 1.36327 173.48344
6677.45654 42.17573 1.42711 1.36535 173.59603
6678.33917 42.66971 1.44545 1.38135 174.53135
6679.33184 43.17992 1.46297 1.39786 175.20289
6679.33967 43.18427 1.46311 1.39800 175.21260
6680.34017 43.67353 1.48021 1.41384 176.01673
6681.31556 44.18410 1.49903 1.43037 176.66387
6681.34067 44.19906 1.49960 1.43086 176.69372
6682.34117 44.73728 1.51864 1.44828 177.47375
6683.16924 45.18828 1.53471 1.46288 178.14788
6683.34167 45.29656 1.53863 1.46639 178.37929
6684.34217 45.87077 1.55893 1.48497 179.35510
6684.93795 46.19247 1.56918 1.49539 179.79883
6685.34267 46.42482 1.57735 1.50291 180.18478
6686.34317 46.96794 1.59749 1.52049 180.88575
6686.73023 47.19665 1.60522 1.52790 181.29283
6687.34367 47.57240 1.61866 1.54006 182.02457
6688.34417 48.05220 1.63629 1.55559 182.50294
6688.59799 48.20084 1.64106 1.56041 182.74939
6689.34467 48.67622 1.65504 1.57580 183.29497
6690.18782 49.20502 1.67170 1.59291 184.10949
6690.34517 49.30340 1.67529 1.59610 184.29660
6691.34567 49.86285 1.69633 1.61421 185.10255
6691.95514 50.20921 1.70810 1.62542 185.56531
6692.34617 50.44825 1.71583 1.63316 185.97200
6693.34667 51.02903 1.73664 1.65196 186.82558
6693.65626 51.21339 1.74322 1.65793 187.10934
6694.34717 51.63003 1.75770 1.67142 187.78572
6695.34767 52.19664 1.77652 1.68976 188.51447
6695.38019 52.21757 1.77730 1.69044 188.55390
6696.34817 52.83225 1.79950 1.71034 189.66155
6696.99861 53.22176 1.81249 1.72295 190.26066
6697.34867 53.44232 1.81989 1.73009 190.77440
6698.34917 54.01673 1.84074 1.74868 191.67920
6698.67907 54.22594 1.84824 1.75546 192.02650
6699.34967 54.63436 1.86036 1.76868 192.67106
6700.35018 55.20442 1.88061 1.78713 193.37094
6700.38895 55.23013 1.88155 1.78796 193.41922
6701.35068 55.86937 1.90366 1.80866 194.64063
6701.94781 56.23431 1.91483 1.82047 195.18770
6702.35118 56.50366 1.92404 1.82919 195.70504
6703.35168 57.12253 1.94584 1.84923 196.74105
6703.53741 57.23849 1.94908 1.85298 196.90193
6704.35218 57.81304 1.96486 1.87158 197.71786
6704.95655 58.24268 1.97915 1.88549 198.41824
6705.35268 58.49679 1.98784 1.89372 198.85143
6706.35318 59.09663 2.00596 1.91314 199.81605
6706.60892 59.24686 2.01105 1.91800 200.11345
6707.35368 59.71011 2.02757 1.93300 200.99309
6708.13955 60.25105 2.04462 1.95051 202.04808
6708.35418 60.40139 2.04912 1.95537 202.36191
6709.35468 61.00957 2.06864 1.97506 203.30986
6709.72094 61.25523 2.07779 1.98302 203.78023
6710.35518 61.68421 2.08975 1.99690 204.62937
6711.29446 62.25941 2.10709 2.01552 205.57011
6711.35568 62.30308 2.10870 2.01694 205.66528
6712.35618 63.00289 2.13083 2.03959 207.13439
6712.74362 63.26360 2.13816 2.04803 207.65054
6713.35668 63.66917 2.14949 2.06116 208.43338
6714.18569 64.26778 2.16987 2.08054 209.76904
6714.35718 64.40061 2.17327 2.08484 210.07985
6715.35768 64.97019 2.18725 2.10328 211.11541
6715.77779 65.27197 2.19747 2.11305 211.86869
6716.35818 65.71487 2.21048 2.12739 212.90654
6717.18522 66.27615 2.22207 2.14556 213.82830
6717.35868 66.40498 2.22447 2.14973 214.05748
6718.35918 67.10343 2.24372 2.17234 215.52991
6718.59701 67.28033 2.24809 2.17807 215.97526
6719.35968 67.81889 2.25899 2.19550 217.23184
6720.03285 68.28452 2.27150 2.21057 218.31254
6720.36018 68.52185 2.27737 2.21826 218.89633
6721.36068 69.18872 2.29006 2.23985 220.44388
6721.49369 69.28870 2.29191 2.24308 220.70131
6722.36118 69.92571 2.30751 2.26370 222.34135
6722.89312 70.29289 2.31368 2.27559 223.25500
6723.36168 70.64155 2.31952 2.28688 224.19292
6724.36218 71.29449 2.33445 2.30802 225.92280
6724.36559 71.29707 2.33448 2.30810 225.92960
6725.36268 72.00048 2.34513 2.33087 227.81773
6725.81257 72.30126 2.35206 2.34061 228.65207
6726.36318 72.69708 2.35837 2.35342 229.75892
6727.14159 73.30544 2.36769 2.37312 231.52191
6727.36368 73.48533 2.37057 2.37894 232.04549
6728.36418 74.20102 2.38293 2.40211 234.17672
6728.51022 74.30962 2.38445 2.40563 234.50568
6729.36468 74.94808 2.39254 2.42629 236.49204
6729.83995 75.31381 2.39845 2.43813 237.52686
6730.36518 75.71067 2.40197 2.45098 238.70743
6731.17783 76.31799 2.40786 2.47064 240.65741
6731.36568 76.46757 2.41048 2.47548 241.14033
6732.36618 77.21552 2.42283 2.49970 243.69051
6732.53170 77.32218 2.42311 2.50315 244.06172
6733.36668 77.85762 2.42782 2.52048 246.00104
6734.00235 78.32636 2.44614 2.53566 247.71646
6734.36718 78.59676 2.45315 2.54441 248.71816
6735.36768 79.27959 2.46659 2.56652 251.47636
6735.43301 79.33054 2.47051 2.56817 251.66991
6736.36818 80.07915 2.58499 2.59240 254.54576
6736.71197 80.33473 2.62709 2.60068 255.61952
6737.36868 80.83112 2.66547 2.61675 257.69950
6737.99013 81.33891 2.65216 2.63318 259.79181
6738.36918 81.65568 2.64109 2.64344 261.12872
6739.32501 82.34310 2.63500 2.66569 264.57092
6739.36968 82.37658 2.63533 2.66678 264.73943
6740.37019 83.11368 2.64964 2.69064 268.72106
6740.68808 83.34728 2.65660 2.69820 270.05635
6741.37069 83.93758 2.67892 2.71731 272.63593
6741.86211 84.35146 2.69578 2.73071 274.62662
6742.37119 84.73368 2.70766 2.74308 277.06823
6743.17378 85.35565 2.72067 2.76322 280.95240
6743.37169 85.51746 2.72599 2.76846 281.94444
6744.37219 86.26822 2.75790 2.79276 287.33803
6744.48647 86.35983 2.76208 2.79573 287.96837
6745.37269 87.05626 2.79108 2.81827 292.99741
6745.78015 87.36402 2.80532 2.82824 295.46457
6746.37319 87.84604 2.83039 2.84384 299.02941
6747.00280 88.36820 2.85888 2.86074 302.83764
6747.37369 88.67897 2.87611 2.87080 305.16365
6748.23407 89.37238 2.90670 2.89325 310.71974
6748.37419 89.49018 2.91031 2.89707 311.61741
6749.37469 90.24574 2.92854 2.92153 318.66308
6749.53722 90.37657 2.93166 2.92576 319.81995
6750.37519 91.07968 2.95049 2.94852 324.97570
6750.76549 91.38075 2.95942 2.95827 327.17065
6751.37569 91.85084 2.97305 2.97349 331.41881
6752.04712 92.38494 2.98937 2.99078 336.20915
6752.37619 92.68483 2.99841 3.00049 338.35614
6753.18235 93.38912 3.01753 3.02329 344.48685
6753.37669 93.55501 3.02237 3.02866 345.99465
6754.37045 94.39331 3.04995 3.05579 352.82832
6754.37719 94.39911 3.05015 3.05598 352.87272
6755.37769 95.26749 3.07976 3.08409 359.72290
6755.52429 95.39749 3.08418 3.08830 360.64961
6756.37819 96.10820 3.10898 3.11131 366.58534
6756.73812 96.40167 3.11930 3.12081 369.19652
6757.37869 96.95078 3.13849 3.13859 373.44901
6757.92760 97.40586 3.15491 3.15332 377.33379
6758.37919 97.78750 3.16855 3.16567 380.53854
6759.17798 98.41004 3.19092 3.18583 385.20072
6759.37969 98.56975 3.19671 3.19100 386.33356
6760.38019 99.38471 3.22619 3.21738 393.40662
6760.41443 99.41423 3.22726 3.21834 393.62868
6761.38069 100.23882 3.25716 3.24503 400.02875
6761.59318 100.41841 3.26376 3.25085 401.42574
6762.38119 101.13553 3.28984 3.27406 405.95032
6762.70488 101.42259 3.29928 3.28335 408.27191
6763.38169 102.06007 3.31976 3.30399 412.82700
6763.75279 102.42678 3.33282 3.31586 414.65996
6764.38219 102.98763 3.35336 3.33402 418.14601
6764.89157 103.43096 3.36947 3.34837 421.30750
6765.38269 103.87003 3.38528 3.36258 424.16260
6766.06037 104.43515 3.40575 3.38088 428.61397
6766.38319 104.72653 3.41627 3.39031 430.34087
6767.15685 105.43933 3.44184 3.41339 434.41276
6767.38369 105.64252 3.44917 3.41997 435.82307
6768.38419 106.41808 3.47720 3.44507 441.46377
6768.41394 106.44351 3.47810 3.44590 441.57209
6769.38469 107.28415 3.50834 3.47311 447.01378
6769.57207 107.44770 3.51420 3.47840 448.11531
6770.38519 108.20181 3.54106 3.50282 452.13251
6770.64992 108.45188 3.55000 3.51091 453.40750
6771.38569 109.12948 3.57416 3.53285 457.13761
6771.73099 109.45607 3.58574 3.54342 458.79451
6772.38619 110.08163 3.60824 3.56367 461.55242
6772.80160 110.46025 3.62123 3.57593 463.86761
6773.38669 111.06285 3.63989 3.59544 466.99214
6773.78999 111.46444 3.65331 3.60844 468.93026
6774.38719 111.98895 3.67228 3.62542 472.03953
6774.91383 112.46862 3.68922 3.64095 474.69107
6775.38769 112.91059 3.70480 3.65525 476.90583
6775.99549 113.47280 3.72470 3.67346 479.99181
6776.38819 113.83751 3.73754 3.68526 481.53646
6777.17068 114.47699 3.76013 3.70596 484.72425
6777.38869 114.67214 3.76703 3.71228 485.77549
6778.23370 115.48117 3.79545 3.73847 489.59588
6778.38919 115.62632 3.80055 3.74317 490.29383
6779.28727 116.48536 3.83064 3.77098 494.13351
6779.38969 116.58126 3.83399 3.77409 494.60260
6780.38468 117.48954 3.86597 3.80349 499.40484
6780.39020 117.49501 3.86616 3.80367 499.42552
6781.39070 118.44076 3.89944 3.83428 503.74758
6781.44704 118.49372 3.90132 3.83600 503.98784
6782.37954 119.49791 3.93339 3.86851 507.53682
6782.39120 119.50905 3.93372 3.86887 507.60877
6783.39170 120.48486 3.96708 3.90046 511.84324
6783.40954 120.50209 3.96768 3.90101 511.91349
6784.39220 121.43104 3.99994 3.93109 516.18688
6784.46780 121.50628 4.00254 3.93352 516.45666
6785.39270 122.44924 4.03522 3.96405 519.69327
6785.46383 122.51046 4.03736 3.96603 520.01679
6786.39320 123.30751 4.06497 3.99183 523.29266
6786.60269 123.51464 4.07212 3.99854 524.01298
6787.39370 124.26244 4.09816 4.02275 527.67828
6787.65864 124.51883 4.10709 4.03105 528.67732
6788.39420 125.27212 4.13299 4.05543 531.07452
6788.65073 125.52301 4.14167 4.06356 532.10572
6789.39470 126.25586 4.16706 4.08728 534.89360
6789.65726 126.52720 4.17635 4.09606 535.71922
6790.39520 127.24914 4.20124 4.11944 538.62970
6790.67956 127.53138 4.21117 4.12857 539.59413
6791.39570 128.31763 4.23718 4.15403 541.62787
6791.60129 128.53556 4.24363 4.16108 542.63799
6792.39620 129.39057 4.27125 4.18876 545.40667
6792.53144 129.53975 4.27646 4.19359 545.65051
6793.39670 130.40912 4.30641 4.22173 548.74431
6793.54104 130.54393 4.31109 4.22610 549.48070
6794.39720 131.36617 4.33931 4.25272 552.05335
6794.58826 131.54812 4.34550 4.25861 552.44535
6795.39770 132.33688 4.37263 4.28414 555.22267
6795.60281 132.55230 4.38001 4.29112 555.89905
6796.39820 133.38216 4.40837 4.31798 558.33056
6796.57711 133.55649 4.41436 4.32362 559.04208
6797.39870 134.35459 4.44177 4.34946 562.35351
6797.59368 134.56067 4.44882 4.35613 562.92493
6798.39920 135.40371 4.47760 4.38342 565.42389
6798.55367 135.56485 4.48308 4.38864 565.93436
6799.39970 136.49165 4.51481 4.41864 567.91791
6799.47516 136.56904 4.51733 4.42115 568.21747
6800.37050 137.57322 4.54799 4.45366 571.59059
6800.40020 137.60449 4.54905 4.45467 571.68521
6801.30749 138.57741 4.58249 4.48617 574.13857
6801.40070 138.67936 4.58594 4.48947 574.37490
6802.21946 139.58159 4.61650 4.51867 576.33448
6802.40120 139.76622 4.62284 4.52465 576.98996
6803.20318 140.58577 4.65084 4.55118 579.82363
6803.40170 140.79378 4.65786 4.55792 580.07068
6804.25207 141.58996 4.68497 4.58369 582.57433
6804.40220 141.73623 4.68997 4.58843 583.20049
6805.16842 142.59414 4.71906 4.61620 585.13653
6805.40270 142.84918 4.72772 4.62446 585.73864
6806.09099 143.59833 4.75316 4.64871 587.60823
6806.40320 143.93185 4.76455 4.65951 588.55090
6807.04358 144.60251 4.78728 4.68122 590.63351
6807.40370 144.97485 4.79996 4.69327 591.86121
6808.01621 145.60669 4.82180 4.71373 593.87866
6808.40420 146.05712 4.83580 4.72831 595.05491
6808.83712 146.61088 4.85215 4.74623 596.15732
6809.40470 147.22967 4.87313 4.76627 597.73877
6809.76420 147.61506 4.88632 4.77874 598.80925
6810.40520 148.29832 4.90947 4.80086 600.79120
6810.69794 148.61925 4.92031 4.81125 601.56093
6811.40570 149.40631 4.94696 4.83673 603.57145
6811.61467 149.62343 4.95435 4.84376 604.22865
6812.40620 150.42600 4.98144 4.86974 605.69464
6812.59702 150.62762 4.98821 4.87627 606.08455
6813.40670 151.50373 5.01796 4.90463 608.59497
6813.52657 151.63180 5.02231 4.90878 608.96656
6814.40720 152.55716 5.05375 4.93873 611.87311
6814.47511 152.63598 5.05640 4.94128 612.01871
6815.33879 153.64017 5.09029 4.97379 613.81801
6815.40770 153.71794 5.09298 4.97631 613.96814
6816.16357 154.64435 5.12268 5.00630 615.53643
6816.40820 154.92941 5.13104 5.01553 616.51957
6817.01285 155.64854 5.15448 5.03881 617.91008
6817.40870 156.10898 5.17025 5.05372 618.67669
6817.87735 156.65272 5.18852 5.07132 619.73723
6818.40920 157.24734 5.20858 5.09057 621.15479
6818.75896 157.65690 5.22234 5.10383 621.89606
6819.40970 158.38180 5.24688 5.12729 623.70526
6819.65813 158.66109 5.25633 5.13634 624.34023
6820.41021 159.52994 5.28558 5.16446 626.20380
6820.54102 159.66527 5.29018 5.16884 626.72226
6821.41071 160.57195 5.32070 5.19820 628.69122
6821.49751 160.66946 5.32395 5.20135 628.72576
6822.41121 161.66935 5.35781 5.23372 631.22256
6822.41500 161.67364 5.35796 5.23386 631.23370
6823.28592 162.67782 5.39168 5.26637 633.35271
6823.41171 162.82210 5.39660 5.27104 633.65541
6824.10115 163.68201 5.42473 5.29888 634.88736
6824.41221 164.07176 5.43604 5.31150 635.93010
6824.91834 164.68619 5.45564 5.33139 637.22351
6825.41271 165.21309 5.47384 5.34844 638.77771
6825.81716 165.69038 5.48988 5.36389 639.69865
6826.41321 166.39247 5.51346 5.38662 641.04788
6826.67507 166.69456 5.52362 5.39640 641.70911
6827.41371 167.58293 5.55348 5.42516 643.19206
6827.51186 167.69874 5.55738 5.42891 643.41532
6828.39263 168.70293 5.59116 5.46142 645.73566
6828.41421 168.72847 5.59202 5.46225 645.78493
6829.22991 169.70711 5.62492 5.49393 647.63338
6829.41471 169.92274 5.63215 5.50091 647.97389
6830.10085 170.71130 5.65843 5.52644 648.52372
6830.41521 171.05972 5.67007 5.53772 649.25792
6830.98576 171.71548 5.69258 5.55895 650.74845
6831.41571 172.23046 5.70869 5.57562 652.07857
6831.77444 172.71967 5.72289 5.59145 652.92124
6832.41621 173.50603 5.74901 5.61691 654.24332
6832.60026 173.72385 5.75639 5.62396 654.65571
6833.41671 174.69916 5.78908 5.65554 656.54783
6833.44097 174.72803 5.79004 5.65647 656.60124
6834.29283 175.73222 5.82376 5.68898 658.67694
6834.41721 175.88043 5.82876 5.69378 658.96678
6835.13468 176.73640 5.85744 5.72149 660.61576
6835.41771 177.07603 5.86884 5.73248 661.26124
6835.92648 177.74059 5.89101 5.75400 661.88216
6836.41821 178.32114 5.91052 5.77279 663.11084
6836.77401 178.74477 5.92477 5.78650 663.97674
6837.41871 179.51075 5.95044 5.81130 665.49532
6837.61412 179.74895 5.95842 5.81901 665.90078
6838.41921 180.75039 5.99215 5.85143 667.51617
6838.42164 180.75314 5.99225 5.85152 667.52200
6839.24560 181.75732 6.02319 5.88403 668.80192
6839.41971 181.94529 6.02878 5.89011 669.41294
6840.06921 182.76151 6.05597 5.91654 670.65945
6840.42021 183.18475 6.07018 5.93024 671.50634
6840.90397 183.76569 6.08960 5.94905 672.65051
6841.42071 184.41255 6.11122 5.96999 673.62438
6841.69805 184.76987 6.12317 5.98156 674.07534
6842.42121 185.61022 6.15134 6.00876 676.09100
6842.55409 185.77406 6.15682 6.01406 676.37745
6843.36599 186.77824 6.19045 6.04657 678.07028
6843.42171 186.84734 6.19276 6.04881 678.18674
6844.14228 187.78243 6.22400 6.07908 679.29634
6844.42221 188.12625 6.23550 6.09021 679.91586
6844.94346 188.78661 6.25743 6.11159 680.90065
6845.42271 189.35777 6.27684 6.13008 682.08111
6845.76426 189.79079 6.29083 6.14410 682.84314
6846.42321 190.70128 6.31797 6.17357 684.35911
6846.49327 190.79498 6.32111 6.17661 684.47215
6847.30372 191.79916 6.35494 6.20911 685.80378
6847.42371 191.94204 6.35964 6.21374 685.88764
6848.17291 192.80335 6.38837 6.24162 687.18945
6848.42421 193.09182 6.39809 6.25096 687.99157
6848.97462 193.80753 6.42201 6.27413 689.00688
6849.42471 194.37768 6.44104 6.29259 689.86332
6849.75564 194.81172 6.45546 6.30664 690.37688
6850.42521 195.63973 6.48314 6.33344 691.89866
6850.56685 195.81590 6.48904 6.33915 692.20989
6851.36602 196.82008 6.52253 6.37166 693.87807
6851.42571 196.89483 6.52501 6.37408 694.00830
6852.12463 197.82427 6.55629 6.40417 694.94150
6852.42621 198.24134 6.56980 6.41767 695.35131
6852.81351 198.82845 6.58670 6.43667 696.01968
6853.42671 199.60320 6.61189 6.46175 697.47782
6853.61448 199.83264 6.61972 6.46918 697.89530
6854.42721 200.83128 6.65301 6.50151 699.87417
6854.43147 200.83682 6.65319 6.50169 699.88170
6855.17168 201.84100 6.68663 6.53420 700.79312
6855.42771 202.16950 6.69760 6.54483 701.29451
6855.93724 202.84519 6.72004 6.56671 702.24397
6856.42821 203.43934 6.73991 6.58594 703.23156
6856.78542 203.84937 6.75358 6.59922 703.68116
6857.42871 204.60792 6.77881 6.62377 704.96158
6857.61269 204.85356 6.78700 6.63172 705.28276
6858.34749 205.85774 6.82038 6.66423 706.30572
6858.42921 205.96042 6.82378 6.66756 706.48399
6859.15229 206.86192 6.85407 6.69674 708.12593
6859.42971 207.22537 6.86628 6.70851 708.58320
6859.87790 207.86611 6.88537 6.72925 709.53763
6860.43022 208.59294 6.90813 6.75278 710.91115
6860.63434 208.87029 6.91754 6.76176 711.14575
6861.42427 209.87448 6.95099 6.79427 712.84465
6861.43072 209.88258 6.95126 6.79453 712.85915
6862.16411 210.87866 6.98434 6.82677 713.89782
6862.43122 211.22891 6.99603 6.83811 714.38320
6862.87843 211.88285 7.01769 6.85928 714.65530
6863.43172 212.61938 7.04215 6.88313 715.58497
6863.64358 212.88703 7.05109 6.89179 716.05107
6864.43222 213.88720 7.08445 6.92417 717.92293
6864.43559 213.89121 7.08459 6.92430 717.93273
6865.28567 214.89540 7.11802 6.95681 719.59748
6865.43272 215.06214 7.12357 6.96221 719.80800
6866.05188 215.89958 7.15134 6.98932 720.45016
6866.43322 216.44330 7.16708 7.00692 721.51000
6866.73252 216.90377 7.18120 7.02183 721.83601
6867.43372 217.83001 7.21230 7.05181 723.00942
6867.49330 217.90795 7.21488 7.05433 723.13142
6868.23379 218.91213 7.24818 7.08684 724.29686
6868.43422 219.17102 7.25680 7.09522 724.71676
6868.94312 219.91632 7.28141 7.11935 725.07230
6869.43472 220.54221 7.30232 7.13961 726.17706
6869.72612 220.92050 7.31494 7.15186 726.77246
6870.43522 221.85860 7.34612 7.18223 728.09026
6870.48563 221.92469 7.34832 7.18437 728.18917
6871.22563 222.92887 7.38164 7.21688 729.38415
6871.43572 223.20513 7.39083 7.22582 729.78281
6871.96669 223.93305 7.41489 7.24938 730.59836
6872.43622 224.53259 7.43502 7.26879 731.61449
6872.73693 224.93724 7.44863 7.28189 732.07316
6873.40006 225.94142 7.47827 7.31440 733.28334
6873.43672 225.98870 7.47977 7.31593 733.38990
6874.16779 226.94561 7.51188 7.34691 734.55695
6874.43722 227.27846 7.52282 7.35769 734.78215
6874.96869 227.94979 7.54504 7.37942 735.42256
6875.43772 228.56213 7.56542 7.39924 736.46147
6875.71376 228.95397 7.57840 7.41193 736.84360
6876.43822 229.89366 7.60966 7.44235 738.34728
6876.48596 229.95816 7.61180 7.44444 738.42735
6877.20780 230.96234 7.64507 7.47694 739.45180
6877.43872 231.26603 7.65516 7.48678 739.91409
6877.95602 231.96653 7.67843 7.50945 740.78903
6878.43922 232.61208 7.69979 7.53035 741.69603
6878.69031 232.97071 7.71179 7.54196 741.95144
6879.39550 233.97490 7.74349 7.57447 743.17242
6879.43972 234.03553 7.74523 7.57643 743.31004
6880.03736 234.97908 7.77478 7.60698 743.71287
6880.44022 235.53398 7.79334 7.62494 744.29441
6880.78235 235.98326 7.80820 7.63949 745.01844
6881.44072 236.85773 7.83727 7.66780 746.25353
6881.53643 236.98745 7.84157 7.67199 746.41790
6882.29377 237.99163 7.87495 7.70450 748.00630
6882.44122 238.18473 7.88136 7.71075 748.26239
6883.06710 238.99582 7.90815 7.73701 748.73107
6883.44172 239.46955 7.92386 7.75235 749.24940
6883.80204 240.00000 7.94139 7.76952 749.56807
