6868.37731 245.64534 8.11733 7.95228 734.07788
6867.83938 244.91261 8.09311 7.92856 733.14341
6867.46360 244.39857 8.07605 7.91192 732.50855
6867.24893 244.13264 8.06699 7.90331 732.00307
6866.53060 243.20093 8.03780 7.87314 730.09644
6866.42356 243.06656 8.03390 7.86879 729.70262
6865.67283 242.08078 8.00215 7.83688 727.89564
6865.40398 241.73872 7.99076 7.82581 727.56232
6864.67823 240.73702 7.95778 7.79338 727.31827
6864.22848 240.07450 7.93595 7.77193 726.85433
6863.94014 239.67680 7.92275 7.75906 726.33388
6863.22066 238.62215 7.88797 7.72491 725.63846
6863.50054 239.00997 7.90077 7.73747 726.05705
6862.80565 238.10426 7.87069 7.70815 724.61223
6862.46604 237.67846 7.85646 7.69436 723.78209
6861.84826 236.83903 7.82864 7.66719 722.73513
6861.35640 236.15423 7.80596 7.64502 722.00517
6861.07532 235.77901 7.79350 7.63287 721.46961
6860.33595 234.72917 7.75856 7.59889 720.56779
6860.54929 235.01677 7.76822 7.60820 720.91394
6859.82486 234.09171 7.73869 7.57825 719.00701
6859.44918 233.60137 7.72437 7.56238 717.76908
6858.97897 232.97182 7.70345 7.54200 716.88128
6858.48913 232.32972 7.68211 7.52121 715.91815
6857.84124 231.44357 7.65273 7.49252 714.86411
6857.15496 230.34857 7.61664 7.45707 714.80294
6857.84140 231.27166 7.64733 7.48696 716.05926
6857.14727 230.48339 7.62086 7.46144 713.77891
6856.52010 229.72361 7.59569 7.43684 712.90489
6855.94847 228.95724 7.57035 7.41203 712.25922
6855.47670 228.34352 7.54989 7.39216 711.19828
6855.04823 227.76964 7.53082 7.37359 710.43476
6854.29656 226.71096 7.49587 7.33931 709.44963
6854.41988 226.88032 7.50148 7.34480 709.63995
6853.69476 225.91022 7.46917 7.31339 708.35841
6853.49068 225.63847 7.46110 7.30459 707.74924
6853.04104 225.05676 7.44401 7.28576 706.26686
6852.55209 224.43388 7.42319 7.26560 705.18157
6852.21095 223.99434 7.40846 7.25137 704.47240
6851.48222 223.03982 7.37676 7.22047 703.01594
6851.01690 222.38856 7.35519 7.19938 702.39857
6850.45185 221.51359 7.32635 7.17106 702.25164
6850.49686 221.59353 7.32897 7.17365 702.19097
6850.04799 221.01556 7.30974 7.15494 701.23353
6849.62516 220.46491 7.29143 7.13711 700.37853
6849.52208 220.35559 7.28774 7.13357 699.98949
6848.73573 219.42019 7.25645 7.10329 697.78586
6848.29666 218.85893 7.23776 7.08512 696.76935
6847.56033 217.86511 7.20492 7.05295 696.05320
6847.52029 217.81644 7.20331 7.05137 696.01457
6846.88775 216.99880 7.17587 7.02490 695.46915
6846.55044 216.56298 7.16201 7.01079 694.60620
6846.12101 216.01869 7.14615 6.99317 692.99995
6845.49846 215.21185 7.11976 6.96705 691.66217
6845.13039 214.72287 7.10347 6.95122 691.01069
6844.39539 213.69128 7.06933 6.91783 690.09638
6844.26137 213.51003 7.06329 6.91196 689.88712
6843.69360 212.69866 7.03641 6.88569 689.31477
6843.55907 212.51829 7.03041 6.87985 689.09529
6843.24115 212.13513 7.01758 6.86745 688.25021
6842.59107 211.31882 6.99039 6.84102 686.76293
6842.32219 210.97617 6.97897 6.82993 686.18649
6841.54403 209.96783 6.94535 6.79729 684.63863
6841.45329 209.85204 6.94148 6.79354 684.44677
6840.71229 208.87057 6.90882 6.76177 683.17740
6840.67975 208.81531 6.90696 6.75998 683.22806
6840.26233 208.32788 6.89049 6.74420 682.04157
6839.73692 207.71145 6.87202 6.72424 679.90498
6839.33241 207.21138 6.85680 6.70805 678.68051
6838.72034 206.48278 6.83231 6.68447 678.04355
6838.13402 205.73552 6.80744 6.66028 677.05639
6837.34646 204.63341 6.77081 6.62460 676.07018
6837.30682 204.57627 6.76892 6.62275 676.04066
6836.76847 203.82725 6.74411 6.59850 675.43768
6836.68264 203.73341 6.74096 6.59546 675.13809
6836.19168 203.13608 6.72100 6.57612 673.89854
6835.61540 202.42283 6.69713 6.55303 672.54986
6835.19592 201.88889 6.67933 6.53575 671.68791
6834.45119 200.90382 6.64656 6.50386 670.44473
6834.44191 200.89382 6.64622 6.50354 670.41187
6833.69333 199.91488 6.61370 6.47184 669.07394
6833.61278 199.81630 6.61038 6.46865 668.88359
6832.99290 199.04211 6.58442 6.44359 667.54182
6832.61759 198.56961 6.57035 6.42829 666.30438
6832.21632 198.07328 6.55541 6.41223 664.92840
6831.72050 197.45475 6.53457 6.39220 663.89305
6831.41915 197.11246 6.52307 6.38112 662.95281
6830.56785 196.03894 6.48725 6.34637 661.23840
6830.50718 195.95830 6.48457 6.34376 661.13859
6829.73788 194.97966 6.45204 6.31208 660.21823
6829.61947 194.83237 6.44715 6.30731 660.20370
6829.04969 194.12178 6.42354 6.28430 659.38716
6828.70569 193.71834 6.40997 6.27124 658.33666
6828.14645 193.02564 6.38679 6.24882 657.06798
6827.59157 192.32764 6.36351 6.22622 655.95371
6827.24718 191.89371 6.34907 6.21218 655.23931
6826.49192 190.90789 6.31588 6.18026 654.08792
6826.66763 191.13131 6.32356 6.18749 654.35774
6825.86348 190.15446 6.29227 6.15587 652.05489
6825.67699 189.93811 6.28599 6.14887 651.25739
6824.94889 189.03657 6.25672 6.11968 649.44586
6824.62820 188.63720 6.24330 6.10675 648.78738
6824.01226 187.87039 6.21770 6.08193 647.48064
6823.41989 187.07482 6.19122 6.05617 646.73148
6823.38106 187.02225 6.18947 6.05447 646.68260
6822.69240 186.17869 6.16118 6.02716 645.16349
6823.00182 186.53602 6.17320 6.03873 646.02665
6822.07863 185.53899 6.13958 6.00645 642.74264
6821.55111 184.92097 6.11885 5.98645 641.60915
6820.78883 183.95025 6.08672 5.95502 641.35664
6820.69063 183.83224 6.08275 5.95120 641.14629
6820.10218 183.11781 6.05882 5.92807 639.68923
6819.75409 182.70212 6.04487 5.91462 638.85922
6819.34624 182.21704 6.02829 5.89891 637.97270
6818.82113 181.60729 6.01034 5.87917 635.81530
6818.39102 181.10044 5.99429 5.86276 634.43313
6817.67402 180.22229 5.96486 5.83434 632.92503
6817.50523 180.01811 5.95801 5.82773 632.53685
6816.66929 178.98196 5.92331 5.79418 630.84483
6816.49275 178.75457 5.91573 5.78682 630.55672
6815.84825 177.91905 5.88790 5.75977 629.61754
6815.72382 177.77875 5.88318 5.75523 629.25039
6815.21840 177.16613 5.86261 5.73540 628.11842
6814.83728 176.72947 5.84790 5.72126 627.06733
6814.39212 176.20833 5.83041 5.70439 625.91902
6813.90355 175.63679 5.81126 5.68589 624.68024
6813.72285 175.44668 5.80484 5.67974 624.04346
6812.97423 174.62134 5.77692 5.65302 621.61108
6812.59380 174.18627 5.76230 5.63893 620.58794
6811.77900 173.22461 5.73010 5.60780 619.90413
6811.65409 173.07600 5.72505 5.60299 619.76532
6810.82609 172.07582 5.69471 5.57061 616.99364
6810.77191 172.01213 5.69275 5.56855 616.79959
6809.98745 171.08384 5.66156 5.53850 614.97210
6809.62208 170.62926 5.64637 5.52378 614.29516
6809.19578 170.10061 5.62870 5.50667 613.51435
6808.80885 169.65954 5.61380 5.49239 612.45927
6808.40733 169.17968 5.59769 5.47685 611.56355
6807.84431 168.53221 5.57595 5.45589 610.08167
6807.41885 168.03268 5.55914 5.43972 609.06223
6806.67478 167.11725 5.52853 5.41009 607.68192
6806.78083 167.24713 5.53288 5.41429 607.88290
6805.90327 166.24109 5.49899 5.38172 605.59107
6805.88890 166.22521 5.49845 5.38121 605.54779
6805.05595 165.27507 5.46649 5.35045 603.34819
6805.21175 165.44199 5.47213 5.35585 603.85389
6804.40791 164.61841 5.44389 5.32919 600.84492
6803.82664 163.98838 5.42409 5.30880 598.94357
6803.11142 163.13895 5.39798 5.28130 597.80694
6802.93808 162.94221 5.39121 5.27493 597.46624
6802.32656 162.26125 5.36804 5.25288 595.58183
6801.78242 161.62885 5.34680 5.23241 594.30343
6801.28624 161.03804 5.32693 5.21328 593.27800
6800.70348 160.33214 5.30326 5.19043 592.14108
6800.60263 160.20810 5.29908 5.18642 591.96921
6799.93347 159.45187 5.27359 5.16194 590.21302
6799.83992 159.35130 5.27018 5.15868 589.90860
6798.99062 158.41212 5.23844 5.12828 587.45827
6798.97911 158.40023 5.23804 5.12789 587.41719
6798.05558 157.39562 5.20409 5.09537 584.61043
6797.82107 157.13253 5.19520 5.08685 583.98697
6796.99687 156.17294 5.16297 5.05579 582.08233
6797.14922 156.34186 5.16865 5.06126 582.52219
6796.37944 155.53713 5.14109 5.03520 579.99398
6796.21447 155.36614 5.13517 5.02967 579.45169
6795.42312 154.54871 5.11000 5.00321 575.80426
6794.91938 154.00833 5.09282 4.98571 573.81212
6794.12815 153.09803 5.06210 4.95624 573.25307
6793.63193 152.49619 5.04194 4.93676 572.72497
6793.32596 152.10753 5.02893 4.92418 572.25724
6793.08706 151.85062 5.02020 4.91586 571.48243
6792.68242 151.43096 5.00592 4.90227 570.10916
6792.00643 150.69326 4.98098 4.87839 568.14863
6791.71905 150.37417 4.97015 4.86806 567.37905
6791.05980 149.66600 4.94616 4.84514 565.36640
6790.71362 149.28642 4.93332 4.83285 564.38465
6789.98071 148.46921 4.90568 4.80639 562.46474
6790.00993 148.50217 4.90680 4.80746 562.53735
6789.17760 147.63531 4.87739 4.77940 559.71767
6789.01840 147.46714 4.87166 4.77395 559.21190
6788.14955 146.55151 4.84057 4.74431 556.39691
6788.03420 146.43149 4.83698 4.74043 555.85760
6787.10585 145.44164 4.80625 4.70838 552.10685
6787.30925 145.65160 4.81334 4.71518 552.82131
6786.32773 144.67149 4.77965 4.68345 549.17583
6785.66445 143.94405 4.75529 4.65990 548.44122
6784.90045 143.01467 4.72401 4.62981 547.58892
6785.12351 143.27881 4.73290 4.63836 548.11131
6784.35117 142.45538 4.70492 4.61171 545.59843
6784.12936 142.23327 4.69735 4.60452 544.80284
6783.30932 141.35269 4.66742 4.57601 542.37133
6783.22711 141.25456 4.66411 4.57283 542.22604
6782.56293 140.58932 4.64139 4.55130 539.79263
6782.18176 140.19680 4.62802 4.53859 538.49614
6781.54307 139.52850 4.60520 4.51696 536.42754
6781.18421 139.17234 4.59297 4.50543 535.10716
6780.44611 138.38629 4.56633 4.47998 532.84627
6780.12748 138.04580 4.55465 4.46896 531.94722
6779.50758 137.39377 4.53254 4.44785 529.96038
6779.48240 137.33906 4.53088 4.44608 530.12513
6779.08790 137.00371 4.52052 4.43522 527.65014
6778.17175 136.13715 4.49269 4.40717 523.17727
6777.39221 135.27408 4.46311 4.37923 521.11027
6777.04417 134.90498 4.45055 4.36728 520.20670
6776.50262 134.31063 4.43046 4.34804 519.81838
6776.23520 134.02184 4.42067 4.33869 519.43232
6775.85021 133.64536 4.40774 4.32650 518.00456
6775.33583 133.13676 4.39027 4.31004 515.90641
6774.85296 132.65240 4.37367 4.29436 514.19600
6774.26742 132.08444 4.35416 4.27597 511.87643
6773.62555 131.40605 4.33098 4.25401 509.90199
6773.32592 131.09058 4.32022 4.24380 508.99039
6772.83122 130.61816 4.30389 4.22850 506.96206
6772.26989 130.04338 4.28420 4.20989 505.01422
6771.87455 129.64722 4.27056 4.19707 503.58491
6771.33838 129.13065 4.25247 4.18035 501.55662
6770.78636 128.56539 4.23465 4.16205 499.11439
6770.56719 128.34763 4.22808 4.15500 497.99676
6770.02471 127.86354 4.21251 4.13933 495.02722
6769.40954 127.27792 4.19196 4.12037 492.58062
6768.64101 126.51834 4.16584 4.09578 489.61830
6768.03647 125.88009 4.14409 4.07512 488.83522
6767.67065 125.46895 4.13008 4.06181 488.42557
6767.42747 125.25363 4.12257 4.05484 487.26593
6766.70545 124.53683 4.09781 4.03163 484.40783
6766.42352 124.24304 4.08768 4.02212 483.52045
6765.85202 123.71092 4.06920 4.00489 481.01948
6765.28034 123.14457 4.04961 3.98656 478.85432
6764.75161 122.60372 4.03089 3.96905 477.03028
6764.55495 122.42597 4.02468 3.96330 476.09092
6763.84237 121.75793 4.00144 3.94167 473.01976
6763.49790 121.43073 3.99004 3.93108 471.55826
6762.70753 120.67977 3.96397 3.90677 468.16056
6762.55910 120.52644 3.95862 3.90180 467.67610
6761.81977 119.85130 3.93485 3.87995 464.32563
6761.79210 119.82364 3.93391 3.87905 464.21284
6760.84256 118.99741 3.90808 3.85230 458.35344
6760.10621 118.28899 3.88368 3.82937 455.19093
6759.19615 117.31936 3.85009 3.79798 452.65511
6759.53862 117.65964 3.86187 3.80900 453.61757
6758.58599 116.77201 3.83096 3.78026 450.82649
6758.55853 116.74643 3.83007 3.77943 450.72921
6757.55813 115.81242 3.79735 3.74920 446.16952
6757.49026 115.74911 3.79512 3.74715 445.86012
6756.53204 114.85099 3.76364 3.71807 441.54743
6756.46504 114.78488 3.76133 3.71593 441.27815
6755.63121 114.01693 3.73423 3.69107 437.37525
6755.52753 113.92581 3.73103 3.68812 436.83553
6754.66667 113.16254 3.70412 3.66341 432.49094
6754.17614 112.69893 3.68775 3.64840 430.29279
6753.55454 112.11204 3.66722 3.62940 427.48867
6753.28361 111.86352 3.65832 3.62136 426.18796
6752.88510 111.50607 3.64534 3.60979 424.29702
6752.43675 111.14302 3.63296 3.59803 421.49970
6751.81378 110.61914 3.61664 3.58107 417.32378
6750.90539 109.81087 3.58888 3.55491 412.43469
6750.30845 109.23443 3.56857 3.53625 410.79292
6749.62406 108.54393 3.54430 3.51389 408.45587
6749.54881 108.48098 3.54205 3.51185 407.98952
6748.74454 107.72645 3.51525 3.48743 404.08086
6748.78405 107.75996 3.51644 3.48851 404.29853
6747.85577 106.95344 3.48783 3.46240 399.27246
6747.66889 106.78600 3.48185 3.45698 398.30776
6746.67333 105.88617 3.44969 3.42785 393.16539
6746.78319 105.98236 3.45313 3.43097 393.75285
6745.82767 105.16019 3.42379 3.40435 388.40250
6745.59431 104.95224 3.41644 3.39762 387.16665
6744.96766 104.40976 3.39720 3.38006 383.70573
6744.66967 104.18138 3.38899 3.37266 381.80112
6743.96909 103.60334 3.36828 3.35395 377.69013
6743.27487 103.01887 3.34747 3.33503 373.71029
6742.85761 102.65949 3.33452 3.32340 371.42935
6742.09065 102.00146 3.31167 3.30209 366.96849
6742.00505 101.93072 3.30947 3.29980 366.39184
6741.00864 101.10916 3.28368 3.27321 360.93389
6740.41329 100.57686 3.26468 3.25597 357.95791
6739.41605 99.61188 3.23141 3.22474 352.92692
6739.65102 99.82844 3.23864 3.23175 354.15792
6738.75250 99.02597 3.21108 3.20577 349.28430
6738.82589 99.09256 3.21341 3.20792 349.68837
6737.90090 98.32898 3.18702 3.18320 344.26469
6737.56947 98.02720 3.17681 3.17343 342.47395
6737.00484 97.57429 3.16171 3.15877 339.13151
6736.21707 96.90629 3.13955 3.13715 334.68396
6736.05710 96.74430 3.13416 3.13190 333.92435
6735.41627 96.25872 3.11869 3.11618 330.00641
6735.22531 96.09972 3.11356 3.11104 328.92563
6734.22555 95.33116 3.08979 3.08616 323.08094
6734.09767 95.22129 3.08643 3.08260 322.38956
6733.10505 94.44856 3.06336 3.05758 316.84826
6732.52357 93.95025 3.04855 3.04145 314.43966
6731.93746 93.45312 3.03504 3.02536 311.48197
6731.44022 93.04085 3.02570 3.01201 308.61182
6730.93527 92.61875 3.01611 2.99835 305.94533
6730.13477 91.94335 2.99888 2.97648 301.94049
6729.50342 91.37672 2.98604 2.95814 298.94681
6728.71531 90.61906 2.96696 2.93361 295.27723
6729.21142 91.04112 2.97880 2.94727 297.67415
6728.26406 90.32158 2.95272 2.92398 293.11158
6727.29509 89.47340 2.90828 2.89652 288.74458
6726.40653 88.59644 2.86402 2.86813 284.93688
6727.63695 89.60107 2.91426 2.90066 290.39964
6726.32874 88.70576 2.87000 2.87167 284.56559
6725.24332 87.75722 2.82442 2.84096 280.11027
6724.45984 87.06321 2.79720 2.81850 276.98297
6723.52173 86.08822 2.75995 2.78693 273.52972
6722.96831 85.46888 2.73924 2.76688 271.56524
6721.88787 84.20248 2.69403 2.72589 267.37723
6720.94402 82.75543 2.65034 2.67904 263.70912
6720.91353 82.71297 2.64912 2.67767 263.59287
6720.30088 81.75036 2.63681 2.64650 261.25662
6720.18121 81.56805 2.64065 2.64060 260.81482
6720.43821 81.86749 2.63427 2.65030 261.74997
6720.45153 81.89351 2.63422 2.65114 261.80240
6720.47215 81.93511 2.63423 2.65249 261.88431
6720.08538 81.60212 2.64272 2.64171 260.51815
6719.53658 81.18307 2.66524 2.62814 258.66695
6719.56502 81.18373 2.66447 2.62816 258.75251
6718.71538 80.60919 2.66343 2.60956 256.04328
6718.40618 80.38784 2.64204 2.60240 255.09553
6717.46165 79.70226 2.52868 2.58020 252.28686
6716.60784 79.05739 2.46940 2.55932 249.84831
6715.89200 78.44073 2.45787 2.53936 247.73429
6715.25833 77.91546 2.43599 2.52236 245.96898
6714.72390 77.44573 2.42671 2.50715 244.52751
6713.88233 76.69698 2.41828 2.48291 242.10769
6713.48216 76.31740 2.41012 2.47062 240.91701
6712.61371 75.49796 2.40018 2.44410 238.38934
6712.27902 75.15928 2.39540 2.43313 237.45728
6711.44406 74.32844 2.38182 2.40623 234.97579
6711.04790 73.91321 2.37470 2.39279 233.72292
6710.27254 73.08012 2.35952 2.36582 231.29717
6709.98728 72.77059 2.35351 2.35580 230.37835
6709.30458 72.02451 2.33911 2.33165 228.24673
6709.13461 71.83554 2.33538 2.32553 227.69664
6708.55163 71.24109 2.32351 2.30629 225.92571
6708.46408 71.13616 2.32125 2.30289 225.63285
6707.94096 70.66647 2.31204 2.28769 224.19118
6707.33098 70.09902 2.30067 2.26932 222.46345
6706.53245 69.28683 2.28282 2.24302 220.14353
6706.35850 69.11369 2.27878 2.23742 219.66719
6705.61713 68.39198 2.26215 2.21405 217.55364
6705.42800 68.19961 2.25775 2.20783 216.99383
6704.68093 67.49316 2.24101 2.18496 214.90924
6704.36982 67.19109 2.23313 2.17518 214.04728
6703.57872 66.41810 2.21404 2.15015 211.80915
6703.35507 66.20481 2.20951 2.14325 211.22983
6702.40592 65.26669 2.18590 2.11288 208.64164
6701.92812 64.74635 2.17118 2.09603 207.14995
6701.29634 64.04951 2.15148 2.07347 205.22767
6701.28141 64.04345 2.15133 2.07328 205.20297
6700.55403 63.31593 2.13061 2.04973 203.12593
6700.47001 63.23019 2.12812 2.04695 202.87868
6699.68953 62.49968 2.10688 2.02330 200.76415
6699.17270 61.99142 2.09180 2.00685 199.29173
6698.29074 61.06863 2.06384 1.97697 196.70991
6697.86074 60.58875 2.04911 1.96144 195.37858
6697.19828 59.83957 2.02561 1.93719 193.38438
6696.77804 59.36119 2.01062 1.92170 192.10053
6696.22897 58.71609 1.99006 1.90082 190.33935
6695.85660 58.28162 1.97602 1.88675 189.15135
6695.49424 57.88582 1.96437 1.87394 188.10199
6695.01684 57.34241 1.94931 1.85635 186.73089
6695.11369 57.44896 1.95231 1.85980 187.00229
6694.60996 56.97815 1.93804 1.84455 185.70014
6694.37407 56.77216 1.93135 1.83789 185.07203
6693.77918 56.26517 1.91478 1.82147 183.53511
6693.20736 55.75521 1.89828 1.80496 182.03962
6693.00721 55.59067 1.89291 1.79964 181.54663
6692.16806 54.90741 1.87059 1.77752 179.48174
6692.03045 54.78389 1.86653 1.77352 179.12178
6691.07259 54.01440 1.84113 1.74861 176.84034
6690.86898 53.84496 1.83555 1.74312 176.34236
6689.83250 52.97339 1.80660 1.71491 173.78158
6689.09756 52.29065 1.78374 1.69281 171.83590
6688.27517 51.46545 1.75600 1.66609 169.50029
6687.83883 51.02435 1.74113 1.65181 168.26323
6687.01199 50.12556 1.71073 1.62271 165.74072
6686.91037 50.02230 1.70725 1.61937 165.44668
6686.05244 49.10316 1.67568 1.58962 162.83478
6686.13536 49.19159 1.67868 1.59248 163.08506
6685.23648 48.27858 1.65039 1.56292 160.65687
6685.64109 48.66051 1.66155 1.57529 161.63685
6684.78890 47.91144 1.63872 1.55104 159.64410
6684.31611 47.50366 1.62449 1.53784 158.43400
6683.44194 46.66929 1.59580 1.51082 156.01232
6683.70633 46.88597 1.60323 1.51784 156.64884
6683.19577 46.49738 1.58986 1.50526 155.49185
6682.66635 46.07922 1.57540 1.49172 154.25171
6682.74768 46.12736 1.57708 1.49328 154.39963
6681.89499 45.58014 1.55803 1.47557 152.74917
6681.02157 44.94659 1.53604 1.45506 150.88264
6680.09058 44.19425 1.50985 1.43070 148.68826
6680.06210 44.16996 1.50901 1.42991 148.61783
6679.39087 43.68067 1.49202 1.41407 147.19170
6678.83466 43.25983 1.47736 1.40045 145.95889
6678.98813 43.36984 1.48119 1.40401 146.28236
6677.96213 42.72753 1.45864 1.38322 144.40919
6677.14888 42.16579 1.43899 1.36503 142.78622
6676.32222 41.53930 1.41715 1.34475 140.97666
6675.87745 41.20654 1.40555 1.33398 140.02271
6675.53977 40.96651 1.39692 1.32621 139.31611
6674.59658 40.29538 1.37384 1.30448 137.41825
6675.92890 41.08707 1.40144 1.33011 139.64076
6674.55753 40.40742 1.37727 1.30811 137.75524
6673.10203 39.52509 1.34980 1.27955 135.63511
6672.14126 38.82519 1.32501 1.25689 133.62622
6671.12214 38.01778 1.29676 1.23075 131.27527
6671.04613 37.95609 1.29460 1.22875 131.09255
6670.14276 37.23983 1.26951 1.20557 128.99111
6669.67810 36.87491 1.25668 1.19375 127.92845
6668.97888 36.29318 1.23623 1.17492 126.21889
6668.78617 36.12589 1.23035 1.16950 125.72387
6668.86940 36.19998 1.23296 1.17190 125.94394
6667.89846 35.57020 1.21067 1.15151 124.17210
6668.73389 36.04269 1.22746 1.16681 125.45994
6668.33222 35.83730 1.22011 1.16016 124.91750
6667.69037 35.59497 1.21141 1.15232 124.35647
6667.25435 35.42344 1.20528 1.14676 123.96865
6666.21413 35.00363 1.19013 1.13317 123.01450
6664.68784 34.25889 1.16352 1.10906 121.18783
6663.66291 33.66365 1.14243 1.08979 119.60193
6662.72365 33.07742 1.12168 1.07082 117.99661
6661.53477 32.23381 1.09209 1.04351 115.48052
6661.46486 32.18068 1.09022 1.04179 115.32262
6660.63926 31.58211 1.06870 1.02241 113.52973
6660.70594 31.63686 1.07068 1.02418 113.70273
6660.52131 31.51855 1.06648 1.02035 113.36767
6659.71853 31.10367 1.05236 1.00692 112.36163
6660.18267 31.30834 1.05913 1.01354 112.78856
6659.25722 30.94257 1.04730 1.00170 112.14371
6657.80898 30.23827 1.02470 0.97890 110.68905
6657.05736 29.83328 1.01014 0.96579 109.61425
6656.23470 29.36854 0.99343 0.95075 108.33514
6655.12812 28.69445 0.96965 0.92893 106.43455
6655.17256 28.72040 0.97057 0.92977 106.50700
6654.45141 28.29954 0.95564 0.91614 105.33028
6653.74643 27.92221 0.94224 0.90393 104.30597
6654.36650 28.22313 0.95296 0.91367 105.08009
6653.04949 27.64831 0.93242 0.89506 103.64546
6651.74098 26.98021 0.90861 0.87343 101.87123
6652.00619 27.11003 0.91324 0.87763 102.21381
6650.78076 26.52620 0.89240 0.85873 100.71395
6649.52521 25.84351 0.86814 0.83663 98.79446
6650.64806 26.37036 0.88697 0.85369 100.14871
6649.65214 25.97665 0.87279 0.84094 99.26924
6648.56059 25.54510 0.85731 0.82697 98.29512
6647.99737 25.30428 0.84870 0.81918 97.71166
6647.59584 25.14469 0.84297 0.81401 97.34358
6646.50609 24.70494 0.82717 0.79977 96.30537
6645.51607 24.28563 0.81218 0.78620 95.25829
6646.04549 24.49071 0.81953 0.79284 95.73242
6644.79274 24.05157 0.80375 0.77862 94.83481
6643.33230 23.45726 0.78257 0.75938 93.26063
6642.29255 22.95447 0.76437 0.74311 91.77484
6641.52454 22.54808 0.75088 0.72995 90.62743
6640.46361 21.95776 0.73270 0.71084 89.07415
6640.25554 21.84229 0.72901 0.70710 88.75199
6639.76396 21.57506 0.71970 0.69845 87.91148
6638.90161 21.15086 0.70435 0.68472 86.53921
6639.27973 21.30998 0.71016 0.68987 87.01484
6638.76953 21.12081 0.70323 0.68374 86.50183
6637.60988 20.67709 0.68743 0.66938 85.29913
6636.86001 20.35903 0.67620 0.65908 84.35971
6638.16120 20.76392 0.69067 0.67219 85.27068
6637.19208 20.55553 0.68308 0.66544 85.04799
6636.05199 20.30366 0.67394 0.65729 84.74676
6634.96130 20.03686 0.66433 0.64865 84.24402
6634.10168 19.82993 0.65682 0.64195 83.92805
6634.25077 19.86924 0.65823 0.64323 84.00322
6633.63845 19.74834 0.65384 0.63931 83.90267
6632.97912 19.64811 0.65018 0.63607 83.96558
6632.10981 19.54707 0.64640 0.63280 84.21347
6630.87833 19.39086 0.64061 0.62774 84.52697
6629.26240 19.11637 0.63068 0.61885 84.61490
6627.74705 18.73959 0.61731 0.60666 84.02599
6626.28842 18.23338 0.59954 0.59027 82.51259
6625.11507 17.72290 0.58170 0.57374 80.73644
6623.76935 17.06441 0.55871 0.55243 78.24154
6622.70159 16.44391 0.53707 0.53234 75.66674
6621.81305 15.86456 0.51688 0.51358 73.14368
6620.86955 15.23384 0.49485 0.49317 70.36275
6619.80359 14.40729 0.46609 0.46641 66.57540
6618.72747 13.45938 0.43314 0.43572 62.13400
6617.69573 12.39544 0.39966 0.40128 57.46276
6616.90154 11.44948 0.36643 0.37065 52.82009
0.00000 0.00000 0.00000 0.00000 0.00000
