6872.40777 242.68638 8.03770 7.85649 802.28838
6871.87025 241.95421 8.01312 7.83278 801.57043
6871.45066 241.38140 7.99423 7.81424 800.97231
6871.19507 241.06213 7.98365 7.80390 800.35436
6870.48391 240.13967 7.95294 7.77404 798.94586
6870.39358 240.02700 7.94919 7.77039 798.73088
6869.63579 239.03202 7.91620 7.73818 797.40629
6869.42035 238.76067 7.90715 7.72940 796.92554
6868.76620 237.85805 7.87728 7.70018 796.07017
6868.33235 237.21823 7.85620 7.67947 795.91171
6868.04770 236.82585 7.84313 7.66676 795.56959
6867.34562 235.79643 7.80924 7.63344 795.20223
6867.46813 235.96724 7.81487 7.63897 795.34364
6866.75307 235.03539 7.78381 7.60880 794.06182
6866.45063 234.65802 7.77106 7.59658 793.41909
6865.89377 233.90069 7.74819 7.57207 791.86927
6865.39556 233.20716 7.72670 7.54962 791.36384
6865.14096 232.86859 7.71531 7.53865 791.45647
6864.41783 231.84157 7.68149 7.50541 791.48970
6864.49176 231.94155 7.68479 7.50864 791.60823
6863.77065 231.02075 7.65415 7.47883 789.99154
6863.44145 230.59109 7.63987 7.46493 789.41603
6862.96911 229.95871 7.61894 7.44445 788.71935
6862.46117 229.29281 7.59676 7.42290 787.80698
6862.01636 228.69250 7.57691 7.40346 787.18953
6861.35964 227.64291 7.54235 7.36948 787.70749
6861.63706 228.01697 7.55474 7.38159 788.09617
6860.92527 227.20822 7.52768 7.35541 785.76963
6860.47616 226.66590 7.50959 7.33786 784.56939
6859.93779 225.94306 7.48547 7.31445 783.83268
6859.45421 225.31376 7.46705 7.29408 782.25139
6859.10522 224.84716 7.45260 7.27898 781.43249
6858.37303 223.81573 7.41818 7.24559 780.91514
6858.42555 223.88789 7.42056 7.24792 780.97342
6857.69705 222.91327 7.38821 7.21637 779.86972
6857.46070 222.59890 7.37775 7.20619 779.45526
6856.98577 221.98445 7.35736 7.18630 778.81561
6856.49115 221.35431 7.33655 7.16590 778.73158
6856.17819 220.95114 7.32320 7.15285 778.53074
6855.45597 220.00513 7.29173 7.12223 777.21131
6855.19772 219.64616 7.27983 7.11061 776.95821
6854.58957 218.70659 7.24887 7.08019 777.29427
6854.46304 218.54896 7.24360 7.07509 777.01409
6854.00222 217.95548 7.22389 7.05587 776.15026
6853.52694 217.33823 7.20329 7.03589 775.35819
6853.33691 217.12340 7.19587 7.02894 774.80137
6852.58197 216.22544 7.16798 6.99987 772.09947
6852.30715 215.87298 7.15756 6.98846 771.19133
6851.56697 214.87398 7.12424 6.95612 770.32187
6851.47400 214.75570 7.12033 6.95229 770.12795
6850.84198 213.93873 7.09321 6.92584 769.00176
6850.48882 213.48254 7.07802 6.91107 768.38801
6850.06590 212.94658 7.06017 6.89372 767.55351
6849.46259 212.16461 7.03416 6.86840 766.51966
6849.18463 211.79658 7.02193 6.85649 766.14321
6848.45948 210.77869 6.98818 6.82354 765.58969
6848.34379 210.62319 6.98299 6.81850 765.40143
6847.75354 209.78029 6.95508 6.79122 765.50051
6847.49239 209.43139 6.94365 6.77992 765.64890
6847.13327 208.99644 6.92924 6.76584 765.43448
6846.50814 208.21132 6.90301 6.74043 764.27675
6846.27547 207.91486 6.89418 6.73083 763.45299
6845.49892 206.90860 6.86299 6.69825 761.51499
6845.43900 206.83308 6.86041 6.69581 761.41910
6844.70274 205.85788 6.82779 6.66424 760.48944
6844.55198 205.65211 6.82096 6.65758 760.35489
6844.06761 205.08444 6.80196 6.63920 759.00790
6843.58032 204.51328 6.78284 6.62071 757.65674
6843.18484 204.02410 6.76651 6.60487 756.81277
6842.57177 203.29429 6.74212 6.58125 755.23833
6842.16998 202.78408 6.72505 6.56473 754.52204
6841.41778 201.73093 6.69013 6.53064 754.14502
6841.36476 201.65513 6.68762 6.52818 754.13591
6840.76735 200.82576 6.66013 6.50133 753.79851
6840.55242 200.56722 6.65147 6.49296 753.30467
6840.06815 199.97808 6.63178 6.47389 752.14479
6839.51856 199.29787 6.60875 6.45187 751.03425
6839.16828 198.85240 6.59483 6.43745 750.67928
6838.43620 197.88393 6.56566 6.40610 750.03706
6838.41079 197.85277 6.56461 6.40509 749.99115
6837.65251 196.86121 6.53126 6.37299 748.97729
6837.51675 196.69235 6.52565 6.36752 748.71542
6836.90052 195.92273 6.49993 6.34261 747.60636
6836.51890 195.44235 6.48387 6.32706 746.93267
6836.10975 194.93622 6.46699 6.31067 746.12816
6835.57011 194.26405 6.44450 6.28891 745.12190
6835.29502 193.95372 6.43405 6.27886 744.27529
6834.49353 192.94233 6.40031 6.24612 742.93576
6834.44298 192.87455 6.39804 6.24393 742.89408
6833.66364 191.88313 6.36498 6.21183 741.69589
6833.51909 191.70300 6.35903 6.20600 741.42174
6832.91662 190.95210 6.33365 6.18169 740.42268
6832.56195 190.53569 6.31979 6.16821 739.50299
6832.05061 189.90194 6.30117 6.14770 737.66793
6831.50464 189.21510 6.27911 6.12546 736.48124
6831.20161 188.83388 6.26613 6.11312 736.12231
6830.45456 187.85872 6.23364 6.08155 735.12604
6830.52548 187.95059 6.23670 6.08452 735.23248
6829.71002 186.96007 6.20372 6.05246 734.65504
6829.54685 186.77201 6.19745 6.04637 734.49071
6828.84195 185.89904 6.16832 6.01811 733.57875
6828.52220 185.50084 6.15497 6.00522 732.95032
6827.96923 184.81386 6.13205 5.98298 732.06110
6827.41780 184.07203 6.10733 5.95896 731.77614
6827.27651 183.88769 6.10119 5.95300 731.63924
6826.55380 183.00228 6.07160 5.92433 730.30042
6826.67387 183.14249 6.07627 5.92887 730.60143
6825.74737 182.14188 6.04218 5.89648 727.56016
6825.48291 181.83213 6.03263 5.88645 726.61071
6824.70802 180.84542 6.00254 5.85451 724.62372
6824.55242 180.65630 5.99605 5.84839 724.39759
6823.95177 179.92711 5.97145 5.82478 723.32602
6823.58390 179.48769 5.95676 5.81055 722.54878
6823.15239 178.97463 5.93948 5.79395 721.63200
6822.61717 178.35305 5.91859 5.77382 720.37207
6822.24435 177.91424 5.90381 5.75962 719.44149
6821.54336 177.05555 5.87517 5.73182 718.59672
6821.39053 176.87098 5.86903 5.72584 718.63651
6820.56749 175.85081 5.83505 5.69282 718.55149
6820.45248 175.70161 5.83006 5.68799 718.43326
6819.76985 174.81727 5.80049 5.65936 717.77867
6819.56776 174.58124 5.79254 5.65172 717.35238
6819.03727 173.93871 5.77104 5.63092 716.44913
6818.62424 173.46467 5.75502 5.61557 715.44038
6818.19127 172.95772 5.73770 5.59916 714.61746
6817.65713 172.33366 5.71894 5.57896 712.59695
6817.41480 172.07481 5.71117 5.57058 711.40477
6816.69222 171.27820 5.68448 5.54479 709.20017
6816.39880 170.94251 5.67312 5.53392 708.51631
6815.59435 169.99303 5.64129 5.50318 706.89058
6815.50368 169.88528 5.63766 5.49970 706.72715
6814.67402 168.88310 5.60403 5.46725 705.37754
6814.59056 168.78445 5.60072 5.46406 705.21772
6813.83031 167.88501 5.57049 5.43494 703.78237
6813.51539 167.49204 5.55734 5.42222 703.49780
6813.02989 166.89131 5.53719 5.40277 702.80217
6812.60853 166.40954 5.52096 5.38718 701.80759
6812.20621 165.92875 5.50490 5.37161 701.82151
6811.62601 165.26131 5.48272 5.35000 701.63902
6811.27770 164.85316 5.46876 5.33679 701.10355
6810.54099 163.94670 5.43974 5.30745 699.53866
6810.54694 163.95829 5.44008 5.30782 699.50857
6809.67019 162.95318 5.40820 5.27528 696.81921
6809.64780 162.92814 5.40734 5.27447 696.76915
6808.80613 161.96808 5.37492 5.24339 694.93165
6808.80898 161.96924 5.37496 5.24343 694.96432
6807.99739 161.13766 5.34665 5.21651 692.01321
6807.61617 160.72656 5.33273 5.20320 690.87505
6806.91697 159.89583 5.30481 5.17631 689.78755
6806.67164 159.61647 5.29536 5.16726 689.25618
6806.07729 158.95489 5.27300 5.14585 687.77913
6805.59356 158.39231 5.25403 5.12763 686.89863
6805.13074 157.84120 5.23550 5.10979 686.28384
6804.55384 157.14236 5.21199 5.08717 685.53120
6804.37298 156.92414 5.20464 5.08011 685.27891
6803.66859 156.12788 5.17798 5.05433 684.55632
6803.54480 155.99364 5.17344 5.04998 684.50129
6802.69691 155.05603 5.14194 5.01963 683.19186
6802.65974 155.01602 5.14071 5.01833 683.01872
6801.73642 154.01162 5.10979 4.98582 679.13886
6801.61189 153.87220 5.10505 4.98130 678.87860
6800.77523 152.89818 5.07202 4.94977 677.62582
6800.77571 152.89969 5.07207 4.94982 677.61392
6799.98994 152.07819 5.04409 4.92323 675.12733
6799.80809 151.88966 5.03767 4.91712 674.53367
6799.02605 151.08188 5.01020 4.89097 671.93474
6798.66029 150.69086 4.99693 4.87832 670.90884
6797.93331 149.85445 4.96871 4.85124 669.70034
6797.51632 149.34793 4.95164 4.83484 669.39275
6797.12527 148.85711 4.93510 4.81895 669.33306
6796.74363 148.44042 4.92100 4.80546 668.40141
6796.33524 148.01673 4.90657 4.79175 667.10937
6795.70307 147.32653 4.88318 4.76940 665.64449
6795.39627 146.98625 4.87131 4.75839 665.08044
6794.72950 146.26993 4.84857 4.73520 662.76991
6794.42890 145.94028 4.83898 4.72452 662.12090
6793.68971 145.11610 4.81164 4.69784 661.63403
6793.62314 145.04607 4.80921 4.69558 661.44009
6792.78790 144.17616 4.77960 4.66741 658.71147
6792.64631 144.02646 4.77448 4.66257 658.34042
6791.77363 143.10679 4.74317 4.63280 655.92636
6791.67696 143.00654 4.73976 4.62955 655.63617
6790.75152 142.01979 4.70622 4.59761 653.25761
6790.84322 142.11450 4.70945 4.60067 653.53300
6789.86222 141.13491 4.67590 4.56896 650.05634
6789.51843 140.75864 4.66313 4.55678 649.32952
6788.72321 139.79185 4.63050 4.52548 649.11959
6788.75985 139.84705 4.63235 4.52727 648.96805
6787.97472 139.01012 4.60381 4.50017 647.02927
6787.76253 138.79814 4.59659 4.49331 646.29294
6786.97907 137.95668 4.56778 4.46607 644.53851
6786.81115 137.76821 4.56121 4.45997 644.27050
6786.11747 137.07290 4.53902 4.43746 641.70853
6785.78823 136.73366 4.52908 4.42648 640.78867
6785.12540 136.04040 4.50598 4.40404 639.57096
6784.78920 135.70766 4.49437 4.39326 638.30686
6784.09438 134.96720 4.46919 4.36929 636.66501
6783.76059 134.61061 4.45701 4.35775 635.93291
6783.15037 133.96885 4.43507 4.33697 634.38646
6782.93780 133.72516 4.42679 4.32908 634.18491
6782.41541 133.27173 4.41109 4.31441 631.38627
6781.78222 132.67818 4.39057 4.29519 628.65698
6781.08654 131.90482 4.36421 4.27015 627.61779
6780.71818 131.51358 4.35082 4.25749 626.79811
6780.17827 130.92100 4.33056 4.23831 625.90762
6779.81345 130.52954 4.31718 4.22563 625.18104
6779.36204 130.08628 4.30202 4.21128 623.54476
6778.86351 129.59339 4.28497 4.19533 621.87410
6778.35909 129.08771 4.26735 4.17896 620.45947
6777.82906 128.57520 4.25114 4.16237 617.68123
6777.25068 127.96244 4.23223 4.14253 615.17014
6776.85806 127.55165 4.21818 4.12923 614.93466
6776.35046 127.06640 4.20131 4.11352 614.42315
6775.82979 126.53238 4.18302 4.09623 613.19507
6775.37693 126.07884 4.16738 4.08155 611.62214
6774.86378 125.58502 4.15028 4.06556 609.78958
6774.32786 125.03583 4.13132 4.04779 608.34640
6773.97794 124.69157 4.11940 4.03664 607.16547
6773.40883 124.18282 4.10167 4.02017 604.40304
6772.89887 123.69678 4.08479 4.00444 602.45351
6772.20168 123.00813 4.06096 3.98214 600.16729
6771.71208 122.49042 4.04305 3.96538 599.18024
6771.25347 121.98134 4.02550 3.94890 598.65797
6770.90733 121.66328 4.01438 3.93861 597.14810
6770.25283 121.01318 3.99183 3.91756 595.08291
6769.90511 120.65437 3.97948 3.90594 594.21619
6769.30858 120.09814 3.95973 3.88794 591.92385
6768.83327 119.62651 3.94370 3.87267 590.00138
6768.26121 119.04245 3.92608 3.85376 588.13544
6767.97032 118.77422 3.91750 3.84508 587.35681
6767.26975 118.11746 3.89423 3.82382 585.11185
6766.94155 117.80563 3.88324 3.81372 583.71855
6766.17378 117.07629 3.85774 3.79011 580.78845
6765.97189 116.87229 3.85060 3.78351 580.25528
6765.19230 116.15996 3.82559 3.76045 576.71973
6765.08814 116.06384 3.82222 3.75733 576.27169
6764.13096 115.23092 3.79267 3.73037 571.17242
6763.74495 114.85976 3.77965 3.71836 569.76835
6762.83458 113.88981 3.74564 3.68695 568.22572
6762.96091 114.01437 3.75001 3.69099 568.63145
6761.99469 113.11404 3.71818 3.66184 564.59618
6761.97061 113.09161 3.71738 3.66111 564.49581
6760.97016 112.15756 3.68436 3.63088 560.24582
6760.90898 112.10050 3.68233 3.62903 559.99529
6759.95687 111.20811 3.65046 3.60014 556.10066
6759.86231 111.11629 3.64751 3.59717 555.55909
6759.00620 110.32783 3.62266 3.57164 551.01741
6758.84473 110.18466 3.61773 3.56701 550.61893
6758.02368 109.45707 3.59145 3.54345 547.27175
6757.61483 109.06913 3.57762 3.53090 545.47179
6756.96737 108.45791 3.55575 3.51111 542.94094
6756.63097 108.14933 3.54468 3.50112 541.38931
6756.13240 107.70408 3.52867 3.48670 538.80355
6755.61968 107.28699 3.51351 3.47320 535.34044
6755.09648 106.84769 3.49763 3.45898 532.08246
6754.27715 106.11882 3.47119 3.43538 527.75469
6753.84357 105.69848 3.45603 3.42178 526.14388
6753.13428 104.98326 3.43031 3.39862 524.02877
6752.96350 104.82859 3.42469 3.39362 523.15912
6752.15748 104.07243 3.39714 3.36914 519.59615
6752.08087 104.00084 3.39453 3.36682 519.26137
6751.14060 103.18383 3.36465 3.34037 513.37858
6751.02304 103.07794 3.36080 3.33694 512.79077
6750.02501 102.17588 3.32758 3.30774 510.42157
6750.04892 102.19620 3.32832 3.30840 510.55492
6749.10193 101.38140 3.30103 3.28202 502.63645
6748.87502 101.17905 3.29425 3.27547 500.91177
6748.17168 100.57123 3.27180 3.25579 496.44962
6747.81117 100.29153 3.26114 3.24674 493.55999
6747.17214 99.76401 3.24130 3.22966 488.82767
6746.51194 99.20818 3.22049 3.21167 484.18432
6746.11615 98.86714 3.20763 3.20063 481.57767
6745.33548 98.19739 3.18231 3.17894 476.16599
6745.18962 98.07604 3.17775 3.17502 475.09812
6744.19116 97.25280 3.14644 3.14836 467.44341
6743.88951 96.98299 3.13618 3.13963 465.42004
6742.89462 96.02028 3.09966 3.10846 460.42881
6742.98997 96.10669 3.10293 3.11126 461.02830
6742.06259 95.27853 3.07146 3.08445 454.56688
6742.00897 95.23666 3.06987 3.08310 454.06788
6741.13654 94.51708 3.04269 3.05980 448.77827
6740.78925 94.20188 3.03063 3.04960 447.27625
6740.18826 93.71867 3.01222 3.03395 441.89020
6739.50494 93.13934 2.99306 3.01520 435.04734
6739.21414 92.86704 2.98432 3.00638 432.43094
6738.48790 92.31346 2.96568 2.98846 424.58810
6738.29800 92.15528 2.96003 2.98334 422.95781
6737.29787 91.38643 2.93317 2.95845 412.83636
6737.19054 91.29265 2.93000 2.95542 411.92144
6736.23737 90.55131 2.90617 2.93142 402.21615
6735.77878 90.15504 2.89337 2.91859 398.21071
6735.15332 89.62452 2.87578 2.90141 392.38699
6734.63934 89.19825 2.86167 2.88761 387.44357
6734.15198 88.79085 2.84927 2.87443 382.83383
6733.38913 88.14741 2.82497 2.85360 375.31361
6732.93580 87.74096 2.80552 2.84044 372.13056
6732.14755 86.98317 2.76393 2.81591 367.72190
6732.28955 87.10093 2.77067 2.81972 369.07148
6731.31562 86.36078 2.72977 2.79576 358.01385
6730.80076 85.90825 2.70655 2.78111 353.28649
6729.88661 85.00630 2.65282 2.75191 345.93210
6730.45371 85.46999 2.67884 2.76692 351.76825
6729.34746 84.71987 2.64208 2.74264 338.61723
6728.59394 84.04597 2.61427 2.72082 331.30663
6727.91276 83.44695 2.59019 2.70143 324.42251
6727.20731 82.70938 2.57715 2.67755 319.48158
6726.66675 82.10413 2.54501 2.65796 316.05910
6725.93358 81.26442 2.55257 2.63077 311.71456
6725.15435 80.05855 2.42325 2.59174 310.04875
6725.12480 80.01757 2.41426 2.59041 309.95493
6724.49878 79.03417 2.29510 2.55857 308.71892
6724.27270 78.69407 2.29918 2.54756 308.19423
6724.21476 78.59065 2.30064 2.54422 308.21793
6723.90760 78.28027 2.30238 2.53417 306.24057
6723.70680 78.12237 2.30264 2.52906 304.85544
6723.22428 77.71017 2.30045 2.51571 302.10580
6722.61647 77.24426 2.30252 2.50063 297.31556
6722.46385 77.10981 2.30257 2.49628 296.23324
6721.53878 76.48264 2.30436 2.47597 289.05092
6721.34757 76.34455 2.30414 2.47150 287.81876
6720.41167 75.66526 2.30414 2.44951 281.50455
6719.76130 75.17723 2.30346 2.43371 277.19229
6719.12659 74.62793 2.30036 2.41593 273.94084
6718.49471 74.10417 2.29631 2.39897 270.90225
6718.04229 73.70564 2.29262 2.38607 268.79594
6717.24081 72.99284 2.28590 2.36300 265.21832
6716.92117 72.68791 2.28227 2.35313 263.93822
6716.07659 71.89124 2.27270 2.32734 260.37107
6715.81935 71.62855 2.26913 2.31883 259.35469
6714.99104 70.80439 2.25646 2.29215 256.74762
6714.70354 70.50201 2.25140 2.28236 256.05824
6713.93676 69.67814 2.23756 2.25569 253.22781
6713.67298 69.39189 2.23252 2.24642 252.25250
6712.99251 68.64824 2.21879 2.22235 249.83242
6712.74640 68.37794 2.21354 2.21360 248.93135
6712.13537 67.75444 2.20151 2.19341 246.47649
6711.91088 67.51407 2.19664 2.18563 245.63122
6711.30241 66.96504 2.18550 2.16786 242.94744
6710.84408 66.54120 2.17706 2.15414 240.90213
6710.08967 65.77312 2.16297 2.12927 237.54806
6709.85759 65.54208 2.15795 2.12179 236.60470
6709.11952 64.82361 2.14116 2.09853 233.67235
6708.89209 64.59404 2.13578 2.09110 232.80825
6708.12882 63.87211 2.11861 2.06773 229.76345
6707.86275 63.61346 2.11226 2.05936 228.72195
6707.06344 62.83248 2.09275 2.03408 225.59643
6706.85512 62.63414 2.08764 2.02766 224.90113
6705.96482 61.75469 2.06436 1.99918 222.13714
6705.64140 61.39799 2.05478 1.98764 220.97512
6704.95729 60.64400 2.03402 1.96323 218.53633
6704.81779 60.50876 2.03034 1.95885 218.00670
6704.08428 59.77512 2.00989 1.93510 215.25876
6703.91184 59.60337 2.00505 1.92954 214.60711
6703.12295 58.86490 1.98407 1.90563 211.56186
6702.76294 58.51145 1.97355 1.89419 210.22567
6701.93689 57.64729 1.94985 1.86622 207.09689
6701.60671 57.27700 1.94005 1.85423 205.85604
6700.94676 56.53066 1.91706 1.83007 203.54666
6700.56511 56.09651 1.90355 1.81601 202.19524
6700.02928 55.46683 1.88389 1.79563 200.31235
6699.60414 54.97164 1.86818 1.77960 198.81275
6699.21844 54.54960 1.85470 1.76593 197.40806
6698.68401 53.94361 1.83521 1.74632 195.48812
6698.56282 53.82908 1.83152 1.74261 195.02641
6697.98032 53.28482 1.81390 1.72499 192.78546
6697.64281 52.98859 1.80430 1.71540 191.62027
6697.06468 52.49616 1.78825 1.69946 189.76813
6696.48346 51.97802 1.77140 1.68268 187.66900
6696.17844 51.72502 1.76317 1.67449 186.51206
6695.35177 51.05203 1.74120 1.65271 183.50029
6695.18981 50.90853 1.73649 1.64806 182.91537
6694.21063 50.12175 1.71073 1.62259 179.43886
6694.08765 50.01871 1.70738 1.61926 179.00542
6693.09034 49.18043 1.67936 1.59212 175.53962
6692.61737 48.73947 1.66546 1.57784 173.90683
6691.81142 47.93063 1.64146 1.55166 171.13739
6691.48612 47.60423 1.63040 1.54109 170.01728
6690.67958 46.72721 1.60060 1.51270 167.18841
6690.55666 46.60111 1.59633 1.50862 166.76518
6689.69956 45.68285 1.56508 1.47889 163.76597
6689.69829 45.68366 1.56511 1.47892 163.76320
6688.79133 44.76246 1.53351 1.44910 160.59258
6688.95453 44.91603 1.53882 1.45407 161.14934
6688.06729 44.13623 1.51194 1.42882 158.37564
6687.71386 43.83551 1.50156 1.41909 157.31262
6686.89356 43.05178 1.47445 1.39372 154.51409
6686.88274 43.02458 1.47351 1.39283 154.45789
6686.27022 42.55432 1.45718 1.37761 152.54526
6685.71881 42.11911 1.44200 1.36352 150.81376
6685.54593 41.98372 1.43728 1.35914 150.27914
6684.61933 41.38754 1.41648 1.33984 147.62500
6684.15558 41.05070 1.40471 1.32893 146.26010
6683.21688 40.29217 1.37869 1.30438 143.44714
6683.04916 40.16030 1.37459 1.30011 142.97072
6682.36677 39.66270 1.35953 1.28400 141.12935
6681.75754 39.20314 1.34387 1.26912 139.41389
6681.66515 39.14686 1.34185 1.26730 139.17633
6680.65190 38.51266 1.31931 1.24677 136.56707
6680.13313 38.15402 1.30685 1.23516 135.20808
6679.33170 37.54642 1.28561 1.21549 133.12913
6678.83125 37.17231 1.27249 1.20338 131.79241
6678.44022 36.89375 1.26272 1.19436 130.75799
6677.48579 36.21463 1.23889 1.17238 128.29613
6678.13453 36.59985 1.25247 1.18485 129.79898
6676.94860 36.01620 1.23178 1.16595 127.33912
6675.81853 35.32740 1.20752 1.14365 124.77260
6675.24021 34.90136 1.19258 1.12986 123.30355
6674.23040 34.10131 1.16456 1.10396 120.62769
6674.15588 34.04081 1.16243 1.10200 120.42517
6673.24046 33.31501 1.13688 1.07851 118.00710
6672.83571 32.99812 1.12572 1.06825 116.95093
6672.15828 32.43424 1.10594 1.04999 115.09546
6671.78034 32.12152 1.09494 1.03987 114.06773
6671.60329 32.01358 1.09107 1.03638 113.69180
6670.61756 31.37419 1.06810 1.01568 111.52580
6670.98445 31.57783 1.07526 1.02227 112.22676
6670.33419 31.25558 1.06399 1.01184 111.09204
6669.51302 30.93901 1.05358 1.00159 109.97691
6669.07350 30.76611 1.04817 0.99599 109.40714
6668.27465 30.44794 1.03817 0.98569 108.38813
6667.01125 29.83150 1.01649 0.96574 106.35179
6666.24858 29.38413 1.00049 0.95125 104.88698
6665.52891 28.93852 0.98483 0.93683 103.45956
6664.44372 28.16711 0.95764 0.91185 101.00128
6664.39926 28.13231 0.95642 0.91073 100.89065
6663.48621 27.47178 0.93312 0.88934 98.79253
6663.30679 27.36655 0.92939 0.88594 98.45898
6662.92699 27.13532 0.92117 0.87845 97.72383
6662.02535 26.66761 0.90452 0.86331 96.24165
6662.12304 26.70019 0.90569 0.86437 96.34343
6661.29444 26.37642 0.89406 0.85388 95.34127
6660.07007 25.77873 0.87271 0.83453 93.49195
6659.48211 25.46057 0.86140 0.82424 92.51002
6658.78268 25.06647 0.84741 0.81148 91.28708
6657.72914 24.42424 0.82464 0.79069 89.27762
6657.69283 24.40204 0.82386 0.78997 89.20847
6656.89054 23.93483 0.80733 0.77484 87.76751
6656.08130 23.50086 0.79187 0.76079 86.42939
6656.34783 23.63245 0.79658 0.76505 86.83117
6655.18908 23.12922 0.77823 0.74876 85.30562
6654.03457 22.53730 0.75785 0.72960 83.57528
6654.14943 22.59267 0.75961 0.73139 83.72201
6653.05421 22.07295 0.74371 0.71457 82.37593
6651.92619 21.45770 0.72260 0.69465 80.55150
6652.48683 21.72075 0.73206 0.70317 81.34767
6651.48940 21.32644 0.71768 0.69040 80.19182
6650.44338 20.91314 0.70260 0.67702 78.97880
6649.91255 20.68561 0.69448 0.66966 78.31536
6649.46075 20.50550 0.68804 0.66382 77.79876
6648.41562 20.08393 0.67293 0.65018 76.57498
6647.44860 19.67420 0.65826 0.63691 75.35514
6647.68508 19.76718 0.66159 0.63992 75.62686
6646.55845 19.37373 0.64743 0.62719 74.52646
6645.32798 18.87280 0.62955 0.61097 73.04727
6644.57635 18.50652 0.61656 0.59911 71.88185
6643.92385 18.16136 0.60440 0.58794 70.73340
6642.89313 17.58770 0.58413 0.56937 68.84036
6642.64159 17.44834 0.57920 0.56486 68.37868
6642.04306 17.12470 0.56773 0.55438 67.30344
6641.11163 16.66579 0.55140 0.53952 65.78628
6641.16763 16.68009 0.55192 0.53998 65.82409
6640.54535 16.44679 0.54353 0.53243 65.10386
6639.46527 16.03408 0.52870 0.51907 63.80195
6638.68127 15.70253 0.51684 0.50834 62.71568
6639.24068 15.88184 0.52333 0.51414 63.26068
6638.25587 15.67000 0.51549 0.50729 62.72344
6637.18558 15.43385 0.50680 0.49964 62.10576
6636.13998 15.17778 0.49750 0.49135 61.37724
6635.20992 14.95430 0.48945 0.48412 60.70556
6635.17573 14.95554 0.48948 0.48416 60.72137
6634.47806 14.81933 0.48456 0.47975 60.37021
6633.64814 14.69308 0.48002 0.47566 60.09952
6632.71324 14.58361 0.47608 0.47212 59.92211
6631.59724 14.44281 0.47112 0.46756 59.66129
6630.28903 14.22290 0.46343 0.46044 59.09195
6629.03111 13.90728 0.45239 0.45022 58.03441
6628.25303 13.63552 0.44315 0.44142 57.04092
6627.21486 13.18519 0.42928 0.42684 55.47558
6626.04175 12.61062 0.41208 0.40824 53.45068
6625.40642 12.23869 0.39947 0.39620 51.92418
6624.56335 11.68893 0.38040 0.37841 49.58511
6623.72811 11.13156 0.36140 0.36036 47.26280
6623.05837 10.61172 0.34358 0.34353 45.04601
6622.07155 9.74224 0.31367 0.31539 41.32541
6621.50419 9.15574 0.29351 0.29640 38.79432
6620.73148 8.23520 0.26176 0.26660 34.82071
0.00000 0.00000 0.00000 0.00000 0.00000
