6876.43822 239.72742 7.95373 7.76070 880.17834
6875.90111 238.99582 7.92998 7.73701 879.67283
6875.43772 238.36422 7.90985 7.71656 879.10246
6875.14120 237.99163 7.89610 7.70450 878.40840
6874.43722 237.07840 7.86791 7.67494 878.01028
6874.36361 236.98745 7.86526 7.67199 878.04039
6873.59875 235.98326 7.82994 7.63949 877.68354
6873.43672 235.78262 7.82326 7.63299 877.25045
6872.85417 234.97908 7.79740 7.60698 876.72367
6872.43622 234.36197 7.77729 7.58700 876.75890
6872.15527 233.97490 7.76473 7.57447 876.05699
6871.47058 232.97071 7.73537 7.54196 875.55661
6871.43572 232.92450 7.73384 7.54046 875.52521
6870.70048 231.96653 7.69988 7.50945 874.41869
6870.43522 231.63758 7.68964 7.49880 873.89479
6869.93928 230.96234 7.66866 7.47694 873.43670
6869.43472 230.26009 7.64373 7.45421 873.09261
6869.20660 229.95816 7.63362 7.44444 872.81080
6868.49972 228.95397 7.60133 7.41193 872.54896
6868.43422 228.86633 7.59848 7.40909 872.47277
6867.71643 227.94979 7.56596 7.37942 871.22992
6867.43372 227.58081 7.55556 7.36747 870.88308
6866.95925 226.94561 7.53542 7.34691 870.30819
6866.43322 226.25589 7.51052 7.32458 869.75191
6866.19148 225.94142 7.50113 7.31440 869.28233
6865.56433 224.93724 7.47209 7.28189 869.17207
6865.43272 224.76229 7.46578 7.27623 869.22938
6864.70327 223.93305 7.43675 7.24938 868.36361
6864.43222 223.60818 7.42649 7.23887 867.68537
6863.92711 222.92887 7.40475 7.21688 867.06889
6863.43172 222.28401 7.38096 7.19600 866.41200
6863.16220 221.92469 7.37116 7.18437 866.11200
6862.44951 220.92050 7.33789 7.15186 865.90072
6862.43122 220.89546 7.33694 7.15105 865.88849
6861.69933 219.91632 7.30551 7.11935 865.15763
6861.43072 219.55934 7.29388 7.10779 864.86471
6860.93050 218.91213 7.27088 7.08684 864.13568
6860.43022 218.27473 7.24945 7.06621 863.39663
6860.14542 217.90795 7.23787 7.05433 862.95644
6859.42971 216.97044 7.20569 7.02398 862.17280
6859.37854 216.90377 7.20309 7.02183 862.10834
6858.72729 215.89958 7.17569 6.98932 861.66129
6858.42921 215.50439 7.16251 6.97652 861.33037
6857.95644 214.89540 7.13998 6.95681 860.74980
6857.42871 214.21155 7.11936 6.93467 859.84599
6857.15174 213.89121 7.10848 6.92430 859.18812
6856.42821 213.03069 7.07853 6.89644 858.81072
6856.31765 212.88703 7.07353 6.89179 858.81711
6855.57360 211.88285 7.04161 6.85928 858.35013
6855.42771 211.69495 7.03524 6.85320 858.12798
6854.79622 210.87866 7.00598 6.82677 857.34209
6854.42721 210.40210 6.99287 6.81135 856.85885
6854.01079 209.87448 6.97478 6.79427 856.22550
6853.42671 209.11736 6.94857 6.76976 855.44997
6853.23887 208.87029 6.94128 6.76176 855.29614
6852.52358 207.86611 6.90851 6.72925 854.78665
6852.42621 207.73635 6.90439 6.72505 854.54063
6851.81348 206.86192 6.87739 6.69674 854.14613
6851.42571 206.34448 6.86038 6.67999 853.97480
6851.02539 205.85774 6.84375 6.66423 853.18439
6850.42521 205.10382 6.81788 6.63983 852.21557
6850.22875 204.85356 6.81087 6.63172 851.93420
6849.45380 203.84937 6.77570 6.59922 851.04022
6849.42471 203.81412 6.77445 6.59807 850.97702
6848.69319 202.84519 6.74490 6.56671 850.46878
6848.42421 202.48891 6.73224 6.55517 850.16879
6847.87288 201.84100 6.70959 6.53420 848.98442
6847.42371 201.31511 6.69251 6.51717 848.80793
6847.03728 200.83682 6.67696 6.50169 848.81218
6846.42321 200.10581 6.65084 6.47803 847.41475
6846.20594 199.83264 6.64136 6.46918 847.05050
6845.48910 198.82845 6.61091 6.43667 847.06870
6845.42271 198.73399 6.60802 6.43362 846.96297
6844.76623 197.82427 6.57933 6.40417 846.07421
6844.42221 197.40103 6.56671 6.39046 845.65663
6843.94462 196.82008 6.54568 6.37166 844.70768
6843.42171 196.17291 6.52447 6.35071 843.91900
6843.14065 195.81590 6.51321 6.33915 843.58547
6842.42121 194.86404 6.48058 6.30833 843.14579
6842.37967 194.81172 6.47877 6.30664 843.08840
6841.61168 193.80753 6.44604 6.27413 842.57145
6841.42071 193.56840 6.43796 6.26639 842.31219
6840.80814 192.80335 6.41035 6.24162 841.47752
6840.42021 192.31508 6.39552 6.22582 841.11750
6840.00319 191.79916 6.37902 6.20911 840.45441
6839.41971 191.07335 6.35284 6.18562 839.68146
6839.17088 190.79498 6.34453 6.17661 839.50635
6838.41921 189.84571 6.31663 6.14588 838.87431
6838.37877 189.79079 6.31491 6.14410 838.81071
6837.58939 188.78661 6.28127 6.11159 837.76206
6837.41871 188.57363 6.27431 6.10469 837.54119
6836.78355 187.78243 6.24756 6.07908 836.81187
6836.41821 187.35304 6.23185 6.06518 836.08279
6835.95478 186.77824 6.21359 6.04657 835.44245
6835.41771 186.10257 6.19137 6.02470 834.93106
6835.15603 185.77406 6.17864 6.01406 834.67161
6834.41721 184.80955 6.14914 5.98284 834.30811
6834.38333 184.76987 6.14789 5.98156 834.23906
6833.55657 183.76569 6.11246 5.94905 833.04555
6833.41671 183.60591 6.10769 5.94387 832.71632
6832.73500 182.76151 6.08002 5.91654 831.94834
6832.41621 182.36448 6.06578 5.90369 831.72233
6831.92620 181.75732 6.04710 5.88403 830.72099
6831.41571 181.06924 6.02686 5.86175 829.85558
6831.17197 180.75314 6.01592 5.85152 829.80619
6830.41521 179.82587 5.98396 5.82150 828.72703
6830.34592 179.74895 5.98168 5.81901 828.56240
6829.41610 178.74477 5.94708 5.78650 827.60528
6829.41471 178.74328 5.94703 5.78646 827.60261
6828.62721 177.74059 5.91529 5.75400 827.18918
6828.41421 177.48036 5.90667 5.74557 826.91118
6827.80137 176.73640 5.88050 5.72149 826.18238
6827.41371 176.27326 5.86615 5.70649 825.62646
6826.95854 175.73222 5.84762 5.68898 824.94247
6826.41321 175.09881 5.82606 5.66847 823.94154
6826.09768 174.72803 5.81390 5.65647 823.42285
6825.41271 173.88882 5.78585 5.62930 822.67019
6825.27583 173.72385 5.78000 5.62396 822.50593
6824.46568 172.71967 5.74633 5.59145 821.82426
6824.41221 172.64866 5.74430 5.58915 821.74178
6823.69145 171.71548 5.71469 5.55895 820.45544
6823.41171 171.38372 5.70316 5.54821 820.21114
6822.85614 170.71130 5.68269 5.52644 819.71096
6822.41121 170.19987 5.66322 5.50988 818.80086
6821.99042 169.70711 5.64707 5.49393 818.05335
6821.41071 169.03053 5.62658 5.47203 817.88898
6821.10674 168.70293 5.61440 5.46142 817.81002
6820.41021 167.93506 5.58928 5.43656 816.59302
6820.20380 167.69874 5.58168 5.42891 816.14155
6819.40970 166.76146 5.54905 5.39857 815.10506
6819.35326 166.69456 5.54680 5.39640 815.03899
6818.52194 165.69038 5.51367 5.36389 814.40103
6818.40920 165.55677 5.50923 5.35957 814.25254
6817.67317 164.68619 5.47865 5.33139 813.46354
6817.40870 164.35483 5.46804 5.32066 813.39098
6816.86400 163.68201 5.44842 5.29888 812.01411
6816.40820 163.15955 5.43032 5.28196 810.86030
6816.00509 162.67782 5.41489 5.26637 810.64607
6815.40770 161.99041 5.39201 5.24412 809.72906
6815.13654 161.67364 5.38038 5.23386 809.40671
6814.40720 160.77615 5.35190 5.20481 809.17727
6814.31304 160.66946 5.34827 5.20135 809.01265
6813.43710 159.66527 5.31371 5.16884 807.82735
6813.40670 159.63108 5.31261 5.16774 807.77511
6812.55630 158.66109 5.28000 5.13634 806.36156
6812.40620 158.49650 5.27439 5.13101 806.24987
6811.58686 157.65690 5.24628 5.10383 805.47890
6811.40570 157.46474 5.23985 5.09761 805.10687
6810.72252 156.65272 5.21194 5.07132 804.48952
6810.40520 156.29073 5.19953 5.05960 804.02667
6809.82802 155.64854 5.17867 5.03881 803.09899
6809.40470 155.15577 5.16116 5.02286 802.67812
6808.97524 154.64435 5.14550 5.00630 801.53762
6808.40420 153.95257 5.12476 4.98391 800.63440
6808.14333 153.64017 5.11332 4.97379 800.64437
6807.40370 152.80389 5.08523 4.94672 799.73240
6807.24968 152.63598 5.07986 4.94128 799.41911
6806.40320 151.69993 5.04738 4.91098 797.94955
6806.34038 151.63180 5.04510 4.90878 797.81804
6805.41725 150.62762 5.01126 4.87627 796.06074
6805.40270 150.61187 5.01068 4.87576 796.03255
6804.55359 149.62343 4.97792 4.84376 795.41546
6804.40220 149.45751 4.97242 4.83839 795.08895
6803.60044 148.61925 4.94367 4.81125 794.22948
6803.40170 148.41317 4.93689 4.80458 794.29211
6802.62899 147.61506 4.91024 4.77874 792.68210
6802.40120 147.37339 4.90191 4.77092 792.15013
6801.73847 146.61088 4.87566 4.74623 791.78479
6801.40070 146.19967 4.86401 4.73292 791.06618
6800.92459 145.60669 4.84589 4.71373 790.52372
6800.40020 145.03021 4.82517 4.69506 789.94208
6799.98806 144.60251 4.81157 4.68122 788.96033
6799.39970 143.95980 4.78905 4.66041 788.12136
6799.07349 143.59833 4.77626 4.64871 787.74806
6798.39920 142.87386 4.75334 4.62526 786.60148
6798.14419 142.59414 4.74270 4.61620 786.25874
6797.39870 141.76299 4.71462 4.58929 785.56937
6797.23635 141.58996 4.70965 4.58369 785.27472
6796.39820 140.71701 4.67722 4.55543 783.45983
6796.27421 140.58577 4.67273 4.55118 783.22870
6795.39770 139.66207 4.64243 4.52128 781.43789
6795.31972 139.58159 4.63929 4.51867 781.20259
6794.39720 138.59794 4.60696 4.48683 780.84969
6794.37719 138.57741 4.60631 4.48617 780.86266
6793.39670 137.59832 4.57198 4.45447 779.43111
6793.37241 137.57322 4.57115 4.45366 779.35159
6792.54597 136.56904 4.54115 4.42115 778.37283
6792.39620 136.41529 4.53605 4.41617 777.92956
6791.59828 135.56485 4.50669 4.38864 776.96116
6791.39570 135.36301 4.49988 4.38211 776.40482
6790.64883 134.56067 4.47258 4.35613 775.49033
6790.39520 134.28186 4.46295 4.34711 775.32444
6789.67202 133.55649 4.43844 4.32362 773.61005
6789.39470 133.27051 4.42866 4.31437 773.05565
6788.70774 132.55230 4.40374 4.29112 771.95316
6788.39420 132.24298 4.39344 4.28110 771.12140
6787.74264 131.54812 4.36942 4.25861 770.39411
6787.39370 131.17542 4.35646 4.24654 770.06696
6786.79316 130.54393 4.33565 4.22610 769.16239
6786.39320 130.11127 4.32039 4.21209 768.83795
6785.74292 129.53975 4.30056 4.19359 767.58188
6785.39270 129.21920 4.28988 4.18321 767.06284
6784.78087 128.53556 4.26764 4.16108 765.95002
6784.39220 128.12217 4.25509 4.14770 764.52632
6783.85393 127.53138 4.23575 4.12857 764.33965
6783.39170 127.03725 4.21792 4.11258 764.13180
6782.87387 126.52720 4.20062 4.09606 762.90672
6782.39120 126.05003 4.18457 4.08062 761.81960
6781.86522 125.52301 4.16566 4.06356 760.74814
6781.39070 125.06596 4.15030 4.04876 759.46722
6780.87581 124.51883 4.13151 4.03105 759.15562
6780.39020 124.01273 4.11366 4.01466 758.71067
6779.86970 123.51464 4.09691 3.99854 757.28723
6779.38969 123.02139 4.07960 3.98257 756.68734
6778.87931 122.51046 4.06158 3.96603 755.78073
6778.38919 122.03939 4.04583 3.95078 754.53265
6777.86936 121.50628 4.02685 3.93352 753.99397
6777.38869 121.03551 4.01049 3.91828 752.70497
6776.79295 120.50209 3.99244 3.90101 751.42750
6776.38819 120.11563 3.97839 3.88850 751.86395
6775.76235 119.49791 3.95781 3.86851 750.41519
6775.38769 119.10075 3.94618 3.85565 748.90209
6774.83628 118.49372 3.92577 3.83600 748.73350
6774.38719 118.07294 3.91075 3.82238 747.67345
6773.80022 117.48954 3.89072 3.80349 746.72938
6773.38669 117.06570 3.87566 3.78977 746.41356
6772.76515 116.48536 3.85551 3.77098 744.67495
6772.38619 116.10846 3.84234 3.75878 744.14857
6771.77082 115.48117 3.82019 3.73847 743.69919
6771.38569 115.12247 3.80774 3.72686 742.62747
6770.69713 114.47699 3.78482 3.70596 740.82536
6770.38519 114.18054 3.77428 3.69637 740.11189
6769.64004 113.47280 3.74956 3.67346 738.48840
6769.38469 113.21814 3.74049 3.66521 738.22205
6768.56484 112.46862 3.71391 3.64095 735.73545
6768.38419 112.30405 3.70823 3.63562 735.74719
6767.41937 111.46444 3.67794 3.60844 734.14084
6767.38369 111.43054 3.67675 3.60734 734.05427
6766.47300 110.46025 3.64612 3.57593 732.05197
6766.38319 110.36911 3.64310 3.57298 731.84915
6765.40339 109.45607 3.60982 3.54342 729.58988
6765.38269 109.43679 3.60913 3.54280 729.53959
6764.38219 108.50269 3.57612 3.51256 727.15560
6764.32769 108.45188 3.57426 3.51091 727.03081
6763.38169 107.56523 3.54258 3.48221 725.00976
6763.25957 107.44770 3.53841 3.47840 724.83203
6762.38119 106.63873 3.50906 3.45222 722.62043
6762.16193 106.44351 3.50194 3.44590 721.89309
6761.38069 105.75161 3.47678 3.42350 719.20357
6761.05351 105.43933 3.46549 3.41339 718.69402
6760.38019 104.80378 3.44262 3.39281 717.60469
6759.97833 104.43515 3.42923 3.38088 716.41053
6759.37969 103.90210 3.40961 3.36362 714.63794
6758.80261 103.43096 3.39234 3.34837 713.77106
6758.37919 103.07624 3.37943 3.33689 712.62632
6757.64892 102.42678 3.35530 3.31586 710.21593
6757.37869 102.16253 3.34559 3.30731 710.10892
6756.64450 101.42259 3.32141 3.28335 707.99991
6756.37819 101.17621 3.31318 3.27538 706.62215
6755.57041 100.41841 3.28492 3.25085 705.41465
6755.37769 100.24172 3.27836 3.24513 705.00839
6754.42542 99.41423 3.24759 3.21834 701.40147
6754.37719 99.36989 3.24593 3.21690 701.29789
6753.37669 98.46559 3.21194 3.18763 698.71042
6753.31465 98.41004 3.20984 3.18583 698.52892
6752.37619 97.60261 3.17907 3.15969 694.77840
6752.15573 97.40586 3.17152 3.15332 694.16680
6751.37569 96.73270 3.14536 3.13153 690.83637
6750.95268 96.40167 3.13234 3.12081 688.13450
6750.37519 95.92468 3.11376 3.10537 687.42722
6749.74901 95.39749 3.09285 3.08830 685.90384
6749.37469 95.07479 3.08004 3.07786 684.06427
6748.58032 94.39331 3.05256 3.05579 680.63380
6748.37419 94.22137 3.04537 3.05023 679.63536
6747.37369 93.39643 3.01165 3.02352 673.70974
6747.36573 93.38912 3.01138 3.02329 673.66226
6746.37319 92.42869 2.97444 2.99219 669.53013
6746.32891 92.38494 2.97253 2.99078 669.54592
6745.37269 91.53109 2.93557 2.96314 666.74689
6745.19205 91.38075 2.92905 2.95827 665.68997
6744.37219 90.70517 2.89776 2.93640 660.66565
6744.00903 90.37657 2.88327 2.92576 659.48600
6743.37169 89.86305 2.86076 2.90914 654.92971
6742.79280 89.37238 2.83969 2.89325 651.77228
6742.37119 88.98979 2.82094 2.88087 650.16562
6741.55953 88.36820 2.79267 2.86074 643.14959
6741.37069 88.21084 2.78642 2.85565 642.89065
6740.37019 87.44171 2.75297 2.83075 635.68605
6740.28340 87.36402 2.74943 2.82824 635.14096
6739.36968 86.65405 2.72336 2.80525 625.76260
6739.03399 86.35983 2.71205 2.79573 623.59319
6738.36918 85.79591 2.66580 2.77747 618.21159
6737.83847 85.35565 2.61088 2.76322 613.08972
6737.36868 84.96295 2.57126 2.75051 608.72548
6736.64348 84.35146 2.56764 2.73071 601.64409
6736.36818 84.10520 2.55388 2.72274 598.20621
6735.57980 83.34728 2.50022 2.69820 589.74288
6735.36768 83.16073 2.49215 2.69216 587.46678
6734.36718 82.39997 2.44501 2.66753 571.38525
6734.30642 82.34310 2.44124 2.66569 570.79052
6733.36668 81.41617 2.38226 2.63569 562.34527
6733.27048 81.33891 2.37772 2.63318 560.87274
6732.36618 80.73398 2.33844 2.61360 544.81432
6731.94457 80.33473 2.31017 2.60068 539.46943
6731.36568 79.83070 2.28310 2.58436 528.93005
6730.89288 79.33054 2.24539 2.56817 523.50192
6730.36518 78.73937 2.21525 2.54903 517.06443
6729.97930 78.32636 2.20741 2.53566 510.54527
6729.36468 77.36168 2.18180 2.50443 507.10431
6729.33608 77.32218 2.17943 2.50315 506.69820
6728.69668 76.31799 2.13263 2.47064 499.28657
6728.36418 75.82010 2.12947 2.45452 494.01264
6727.99131 75.31381 2.12595 2.43813 485.83297
6727.36368 74.66702 2.12241 2.41720 469.97550
6726.94146 74.30962 2.12540 2.40563 459.61084
6726.36318 73.81822 2.13657 2.38972 446.43917
6725.69636 73.30544 2.13991 2.37312 431.77244
6725.36268 73.03589 2.13995 2.36439 425.22939
6724.36218 72.35609 2.15342 2.34238 405.14380
6724.28897 72.30126 2.15357 2.34061 403.82006
6723.36168 71.62825 2.15451 2.31882 390.70542
6722.91477 71.29707 2.15696 2.30810 384.37972
6722.36118 70.81513 2.15734 2.29250 376.81303
6721.73108 70.29289 2.15707 2.27559 368.64196
6721.36068 69.96555 2.15599 2.26499 364.21442
6720.59928 69.28870 2.15508 2.24308 355.44829
6720.36018 69.05842 2.15263 2.23563 352.96960
6719.53948 68.28452 2.14507 2.21057 344.47565
6719.35968 68.09782 2.14426 2.20453 342.81517
6718.53802 67.28033 2.13122 2.17807 335.02634
6718.35918 67.09081 2.12844 2.17193 333.49516
6717.60098 66.27615 2.12050 2.14556 326.66016
6717.35868 66.01319 2.11572 2.13704 324.35913
6716.68044 65.27197 2.10261 2.11305 318.62877
6716.35818 64.92033 2.09680 2.10167 316.11044
6715.71912 64.26778 2.08127 2.08054 310.58614
6715.35768 63.89197 2.07372 2.06837 307.94323
6714.66387 63.26360 2.06097 2.04803 303.09140
6714.35718 62.98337 2.05330 2.03896 300.56524
6713.64690 62.25941 2.03917 2.01552 294.81483
6713.35668 61.97048 2.03224 2.00617 292.57388
6712.62190 61.25523 2.01284 1.98302 286.85612
6712.35618 60.98848 2.00800 1.97438 284.86840
6711.57671 60.25105 1.98942 1.95051 278.95132
6711.35568 60.03583 1.98326 1.94354 277.33184
6710.54817 59.24686 1.96702 1.91800 271.51466
6710.35518 59.06348 1.96126 1.91206 270.12961
6709.52373 58.24268 1.93881 1.88549 264.40627
6709.35468 58.04962 1.93559 1.87924 263.30340
6708.61823 57.23849 1.91299 1.85298 258.25587
6708.35418 56.97408 1.90653 1.84442 256.50721
6707.61453 56.23431 1.88832 1.82047 251.70061
6707.35368 55.97656 1.87896 1.81213 249.95586
6706.55637 55.23013 1.86027 1.78796 245.32518
6706.35318 55.03148 1.85488 1.78153 244.27040
6705.58303 54.22594 1.82739 1.75546 239.69570
6705.35268 53.96525 1.82080 1.74702 238.29577
6704.69525 53.22176 1.79841 1.72295 234.42237
6704.35218 52.83183 1.78428 1.71032 232.39959
6703.82958 52.21757 1.76534 1.69044 229.35895
6703.35168 51.66166 1.74815 1.67244 226.58003
6702.94264 51.21339 1.73359 1.65793 224.17997
6702.35118 50.54480 1.71070 1.63629 220.75126
6702.01195 50.20921 1.70106 1.62542 218.75942
6701.35068 49.59150 1.68082 1.60543 214.91075
6700.91154 49.20502 1.66832 1.59291 212.38539
6700.35018 48.72714 1.65505 1.57744 209.18369
6699.75957 48.20084 1.64094 1.56041 205.85472
6699.34967 47.85936 1.63094 1.54935 203.59914
6698.53549 47.19665 1.60807 1.52790 199.23515
6698.34917 47.03316 1.60317 1.52260 198.22817
6697.34867 46.22911 1.57755 1.49657 193.31494
6697.30632 46.19247 1.57613 1.49539 193.12892
6696.34817 45.38748 1.55120 1.46933 188.47621
6696.13719 45.18828 1.54435 1.46288 187.40138
6695.34767 44.39582 1.51625 1.43723 183.45025
6695.13341 44.18410 1.51009 1.43037 182.38229
6694.34717 43.32886 1.47946 1.40269 178.42770
6694.20295 43.17992 1.47418 1.39786 177.71461
6693.34667 42.26254 1.44453 1.36817 173.45196
6693.26121 42.17573 1.44114 1.36535 173.03243
6692.34617 41.24635 1.40948 1.33527 168.58828
6692.26797 41.17155 1.40727 1.33285 168.21653
6691.34567 40.36102 1.37877 1.30661 163.95730
6691.11161 40.16736 1.37360 1.30034 162.93314
6690.34517 39.43427 1.35199 1.27661 159.47845
6690.05916 39.16318 1.34169 1.26783 158.17456
6689.34467 38.61125 1.32334 1.24996 155.14121
6688.77127 38.15900 1.30772 1.23532 152.71564
6688.34417 37.84007 1.29638 1.22500 151.08505
6687.34367 37.19493 1.27501 1.20411 147.47738
6687.28960 37.15481 1.27362 1.20281 147.26091
6686.34317 36.39008 1.24666 1.17806 143.45177
6686.03623 36.15063 1.23812 1.17030 142.25526
6685.34267 35.64474 1.22077 1.15393 139.65446
6684.68041 35.14644 1.20358 1.13780 137.18305
6684.34217 34.92388 1.19567 1.13059 136.00382
6683.34167 34.29779 1.17481 1.11032 132.65729
6683.11738 34.14226 1.16936 1.10529 131.88509
6682.34117 33.55354 1.14833 1.08623 129.13108
6681.78506 33.13808 1.13375 1.07278 127.20417
6681.34067 32.82099 1.12265 1.06251 125.71808
6680.37500 32.13389 1.09912 1.04027 122.53316
6680.34017 32.11263 1.09838 1.03958 122.42899
6679.33967 31.62499 1.08184 1.02380 119.89690
6678.53503 31.12971 1.06487 1.00776 117.58501
6678.33917 30.97752 1.05997 1.00284 116.98433
6677.33867 30.18485 1.03470 0.97717 113.89502
6677.26564 30.12552 1.03265 0.97525 113.65479
6676.33817 29.39019 1.00628 0.95145 110.60908
6675.99333 29.12134 0.99661 0.94275 109.51095
6675.33767 28.57529 0.97763 0.92507 107.34372
6674.77451 28.11715 0.96148 0.91024 105.52066
6674.33717 27.82719 0.95105 0.90085 104.29979
6673.33667 27.17819 0.92833 0.87984 101.59267
6673.23501 27.11297 0.92602 0.87773 101.32103
6672.33617 26.67387 0.91095 0.86351 99.36718
6671.33567 26.28305 0.89773 0.85086 97.56762
6670.89266 26.10879 0.89192 0.84522 96.81050
6670.33517 25.89226 0.88437 0.83821 95.84541
6669.33467 25.40411 0.86649 0.82241 93.84200
6668.83425 25.10460 0.85551 0.81271 92.67567
6668.33417 24.79962 0.84437 0.80284 91.50787
6667.35267 24.10042 0.81937 0.78020 88.91959
6667.33367 24.08395 0.81879 0.77967 88.86043
6666.33317 23.36145 0.79331 0.75628 86.20068
6665.90764 23.09623 0.78379 0.74769 85.20138
6665.33267 22.75209 0.77194 0.73655 83.94028
6664.33217 22.23156 0.75599 0.71970 82.19618
6664.06341 22.09205 0.75172 0.71519 81.73368
6663.33167 21.81027 0.74258 0.70606 80.75078
6662.33117 21.31920 0.72508 0.69017 78.96684
6661.90687 21.08787 0.71661 0.68268 78.12673
6661.33067 20.76440 0.70489 0.67221 76.97963
6660.33017 20.15403 0.68313 0.65245 74.83261
6660.21310 20.08368 0.68062 0.65017 74.58440
6659.32966 19.57012 0.66249 0.63354 72.78550
6658.41616 19.07950 0.64531 0.61766 71.06601
6658.32916 19.04177 0.64398 0.61644 70.93584
6657.32866 18.61013 0.62869 0.60247 69.45122
6656.32816 18.09439 0.61030 0.58577 67.66832
6656.29267 18.07531 0.60961 0.58515 67.60285
6655.32766 17.61971 0.59306 0.57040 66.04721
6654.32716 17.07189 0.57351 0.55267 64.16314
6654.32559 17.07113 0.57348 0.55264 64.16054
6653.32666 16.67623 0.55937 0.53986 62.82597
6652.32616 16.28117 0.54524 0.52707 61.51132
6651.82772 16.06695 0.53764 0.52014 60.78728
6651.32566 15.86630 0.53053 0.51364 60.11919
6650.32516 15.46293 0.51619 0.50058 58.78004
6649.38113 15.06276 0.50235 0.48763 57.44112
6649.32466 15.04365 0.50169 0.48701 57.37872
6648.32416 14.69588 0.48964 0.47575 56.25290
6647.32366 14.28835 0.47519 0.46256 54.88673
6646.86016 14.05858 0.46666 0.45512 54.08241
6646.32316 13.77464 0.45606 0.44593 53.07742
6645.32266 13.21764 0.43734 0.42789 51.26140
6645.02764 13.05439 0.43244 0.42261 50.78174
6644.32216 12.67434 0.42079 0.41031 49.59363
6643.32166 12.18073 0.40346 0.39433 47.85345
6643.05554 12.05021 0.39867 0.39010 47.38058
6642.32116 11.77276 0.38862 0.38112 46.41993
6641.32066 11.39107 0.37524 0.36876 45.09961
6640.50254 11.04603 0.36346 0.35759 43.87951
6640.32016 10.99975 0.36184 0.35610 43.72990
6639.31966 10.78448 0.35403 0.34913 43.04778
6638.31916 10.56405 0.34612 0.34199 42.34113
6637.31866 10.31869 0.33764 0.33405 41.51755
6636.31816 10.07866 0.32893 0.32628 40.71196
6636.10069 10.04184 0.32750 0.32508 40.59427
6635.31766 9.89033 0.32175 0.32018 40.08270
6634.31716 9.73804 0.31510 0.31525 39.61248
6633.31666 9.62016 0.31013 0.31143 39.27881
6632.31616 9.49477 0.30525 0.30737 38.89319
6631.31566 9.32943 0.29942 0.30202 38.33688
6630.31516 9.07497 0.29026 0.29378 37.38733
6630.21763 9.03766 0.28884 0.29258 37.24221
6629.31466 8.64747 0.27515 0.27994 35.69101
6628.31416 8.15684 0.25884 0.26406 33.71989
6628.11126 8.03347 0.25460 0.26007 33.21552
6627.31366 7.51331 0.23692 0.24323 31.07987
6626.58667 7.02929 0.22020 0.22756 29.08303
6626.31316 6.81614 0.21272 0.22066 28.19531
6625.41563 6.02510 0.18556 0.19505 24.91270
6625.31266 5.91605 0.18178 0.19152 24.45839
6624.56142 5.02092 0.14989 0.16254 20.68448
0.00000 0.00000 0.00000 0.00000 0.00000
