6306.15308 10.01328 0.34031 0.32416 121.98449
6307.15358 10.02012 0.34100 0.32438 122.08163
6308.15408 10.03658 0.34192 0.32491 122.29923
6309.15458 10.03759 0.34219 0.32495 122.32484
6310.15508 10.00462 0.34141 0.32388 121.93302
6316.15808 10.01999 0.34423 0.32438 122.23835
6317.15858 10.03885 0.34536 0.32499 122.49523
6317.42447 10.04184 0.34554 0.32508 122.53430
6318.15908 10.04790 0.34601 0.32528 122.62796
6318.60812 10.04184 0.34592 0.32508 122.56689
6319.15958 10.03172 0.34578 0.32476 122.45769
6320.16008 10.01599 0.34548 0.32425 122.29236
6527.82391 10.04184 0.23010 0.32508 114.87856
6528.26413 10.10400 0.23283 0.32710 115.18647
6529.26463 10.24347 0.23900 0.33161 115.83550
6530.26513 10.36078 0.24434 0.33541 116.29256
6531.26563 10.48176 0.24993 0.33933 116.62740
6532.26613 10.59433 0.25517 0.34297 116.84836
6533.26663 10.70318 0.26023 0.34649 116.98674
6534.26713 10.80952 0.26520 0.34994 117.07348
6535.26763 10.95462 0.27146 0.35463 117.58227
6535.78309 11.04603 0.27524 0.35759 118.03171
6536.26813 11.13863 0.27903 0.36059 118.52344
6537.26863 11.31019 0.28640 0.36614 119.25924
6538.26913 11.44195 0.29233 0.37041 119.59755
6539.26963 11.57339 0.29834 0.37467 119.82856
6540.27014 11.71969 0.30503 0.37940 120.19085
6541.27064 11.90174 0.31279 0.38529 120.91605
6541.97988 12.05021 0.31903 0.39010 121.67440
6542.27114 12.11267 0.32169 0.39212 122.00825
6543.27164 12.28141 0.32901 0.39759 122.53012
6544.27214 12.43493 0.33591 0.40256 122.86953
6545.27264 12.58904 0.34255 0.40754 123.06649
6546.27314 12.75620 0.34959 0.41296 123.32776
6547.27364 12.95313 0.35704 0.41933 123.79151
6547.78016 13.05439 0.36072 0.42261 124.05343
6548.27414 13.15032 0.36440 0.42572 124.22404
6549.27464 13.33173 0.37126 0.43159 124.35405
6550.27514 13.51197 0.37837 0.43742 124.51601
6551.27564 13.68345 0.38543 0.44297 124.65694
6552.27614 13.90357 0.39457 0.45010 125.42660
6552.95520 14.05858 0.40102 0.45512 125.99370
6553.27664 14.12995 0.40403 0.45743 126.23922
6554.27714 14.32149 0.41239 0.46363 126.61564
6555.27764 14.53115 0.42123 0.47042 127.11524
6556.27814 14.70876 0.42867 0.47617 127.41281
6557.27864 14.92917 0.43764 0.48330 127.93214
6557.80250 15.06276 0.44290 0.48763 128.39350
6558.27914 15.18989 0.44790 0.49174 128.86609
6559.27964 15.41982 0.45719 0.49919 129.42310
6560.28014 15.64266 0.46646 0.50640 129.88228
6561.28064 15.86789 0.47619 0.51369 130.31211
6562.00938 16.06695 0.48460 0.52014 130.97965
6562.28114 16.14327 0.48773 0.52261 131.23585
6563.28164 16.40128 0.49842 0.53096 131.93315
6564.28214 16.62805 0.50749 0.53830 132.23677
6565.28264 16.84410 0.51597 0.54529 132.62632
6566.16179 17.07113 0.52495 0.55264 133.16134
6566.28314 17.10322 0.52623 0.55368 133.23502
6567.28364 17.35723 0.53640 0.56191 133.73584
6568.28414 17.60824 0.54650 0.57003 134.15921
6569.28464 17.86345 0.55668 0.57829 134.59435
6570.03525 18.07531 0.56501 0.58515 135.09443
6570.28514 18.14998 0.56792 0.58757 135.29768
6571.28564 18.41458 0.57846 0.59614 135.74722
6572.28614 18.66162 0.58847 0.60413 135.98075
6573.28664 18.92374 0.59892 0.61262 136.37586
6573.78793 19.07950 0.60488 0.61766 136.93250
6574.28714 19.23039 0.61073 0.62255 137.31114
6575.28764 19.52255 0.62204 0.63200 137.86091
6576.28814 19.79868 0.63286 0.64094 138.21456
6577.24412 20.08368 0.64400 0.65017 138.74900
6577.28864 20.09820 0.64456 0.65064 138.78472
6578.28914 20.43539 0.65746 0.66155 139.66319
6579.28964 20.73321 0.66881 0.67120 140.09856
6580.29015 21.06809 0.68153 0.68204 140.87060
6580.35397 21.08787 0.68229 0.68268 140.90758
6581.29065 21.36704 0.69296 0.69172 141.33166
6582.29115 21.65811 0.70435 0.70114 141.63801
6583.29165 21.93366 0.71435 0.71006 141.88375
6583.73219 22.09205 0.71965 0.71519 142.08336
6584.29215 22.31539 0.72677 0.72242 142.47104
6585.29265 22.67975 0.73859 0.73421 142.93880
6586.29315 23.02251 0.75105 0.74531 143.47369
6586.50218 23.09623 0.75376 0.74769 143.60738
6587.29365 23.34769 0.76352 0.75583 143.96146
6588.29415 23.67558 0.77575 0.76645 144.39922
6589.29465 24.03406 0.78864 0.77805 145.05871
6589.46794 24.10042 0.79101 0.78020 145.21003
6590.29515 24.41049 0.80223 0.79024 145.83617
6591.29565 24.71856 0.81358 0.80021 146.16350
6592.29615 25.04818 0.82554 0.81088 146.57255
6592.44012 25.10460 0.82753 0.81271 146.69203
6593.29665 25.44921 0.83964 0.82387 147.51392
6594.29715 25.80966 0.85259 0.83554 148.03979
6595.12771 26.10879 0.86327 0.84522 148.45504
6595.29765 26.17464 0.86561 0.84735 148.58113
6596.29815 26.53034 0.87832 0.85887 149.01852
6597.29865 26.87802 0.89076 0.87012 149.34391
6597.85674 27.11297 0.89920 0.87773 149.88920
6598.29915 27.31392 0.90633 0.88423 150.44209
6599.29965 27.70155 0.91993 0.89678 151.08445
6600.30015 28.06482 0.93283 0.90854 151.57741
6600.43964 28.11715 0.93467 0.91024 151.70207
6601.30065 28.44134 0.94618 0.92073 152.25947
6602.30115 28.83799 0.96030 0.93357 152.88132
6603.00999 29.12134 0.97016 0.94275 153.31663
6603.30165 29.24280 0.97431 0.94668 153.53568
6604.30215 29.64019 0.98845 0.95954 154.12547
6605.30265 30.02632 1.00272 0.97204 154.66084
6605.51993 30.12552 1.00637 0.97525 154.90582
6606.30315 30.50649 1.01912 0.98759 155.76252
6607.30365 30.93006 1.03216 1.00130 155.97330
6607.74738 31.12971 1.03846 1.00776 156.19077
6608.30415 31.37073 1.04665 1.01556 156.49692
6609.30465 31.75224 1.06027 1.02792 157.15036
6610.23856 32.13389 1.07396 1.04027 157.66970
6610.30515 32.16482 1.07505 1.04127 157.73186
6611.30565 32.63505 1.09190 1.05649 158.71872
6612.30615 33.05011 1.10685 1.06993 159.22290
6612.50079 33.13808 1.10996 1.07278 159.37700
6613.30665 33.49077 1.12254 1.08420 159.91392
6614.30715 33.91540 1.13785 1.09794 160.44757
6614.84587 34.14226 1.14607 1.10529 160.69889
6615.30765 34.34916 1.15348 1.11199 161.01864
6616.30815 34.79691 1.16924 1.12648 161.68567
6617.10022 35.14644 1.18144 1.13780 162.13514
6617.30865 35.25616 1.18557 1.14135 162.37534
6618.30915 35.69479 1.20193 1.15555 163.15708
6619.27844 36.15063 1.21839 1.17030 163.94128
6619.30965 36.16721 1.21903 1.17084 163.97810
6620.31016 36.68416 1.23838 1.18758 165.06592
6621.31066 37.14728 1.25433 1.20257 165.69219
6621.32624 37.15481 1.25461 1.20281 165.70447
6622.31116 37.61835 1.27052 1.21782 166.36437
6623.31166 38.05642 1.28623 1.23200 166.74430
6623.49285 38.15900 1.29022 1.23532 166.98893
6624.31216 38.62102 1.30679 1.25028 168.03545
6625.31266 39.12470 1.32580 1.26658 168.92459
6625.38652 39.16318 1.32731 1.26783 168.99692
6626.31316 39.67559 1.34491 1.28442 170.00169
6627.31366 40.13776 1.35914 1.29938 170.30071
6627.36539 40.16736 1.36006 1.30034 170.33507
6628.31416 40.64639 1.37564 1.31585 170.75099
6629.31466 41.15664 1.39467 1.33236 171.59282
6629.33973 41.17155 1.39525 1.33285 171.62845
6630.31516 41.71650 1.41452 1.35049 172.68055
6631.22681 42.17573 1.43067 1.36535 173.27147
6631.31566 42.22758 1.43252 1.36703 173.38114
6632.31616 42.74900 1.45157 1.38391 174.15230
6633.10350 43.17992 1.46660 1.39786 174.88202
6633.31666 43.30119 1.47090 1.40179 175.10650
6634.31716 43.82704 1.48981 1.41881 175.85100
6634.97627 44.18410 1.50272 1.43037 176.36885
6635.31766 44.37649 1.50957 1.43660 176.71039
6636.31816 44.81059 1.52482 1.45065 177.09683
6637.05246 45.18828 1.53835 1.46288 177.51886
6637.31866 45.34687 1.54432 1.46801 177.82581
6638.31916 45.89327 1.56367 1.48570 178.62563
6638.82566 46.19247 1.57388 1.49539 179.17415
6639.31966 46.49742 1.58479 1.50526 179.80340
6640.32016 47.04660 1.60501 1.52304 180.55362
6640.56563 47.19665 1.61052 1.52790 180.84556
6641.32066 47.63456 1.62566 1.54207 181.61659
6642.32116 48.15239 1.64398 1.55884 182.05871
6642.40137 48.20084 1.64559 1.56041 182.11169
6643.32166 48.81943 1.66479 1.58043 182.99506
6643.95189 49.20502 1.67681 1.59291 183.61025
6644.32216 49.42304 1.68474 1.59997 184.12919
6645.32266 49.97312 1.70544 1.61778 184.99355
6645.71911 50.20921 1.71339 1.62542 185.36460
6646.32316 50.56930 1.72582 1.63708 185.94109
6647.32366 51.12808 1.74608 1.65517 186.64816
6647.46399 51.21339 1.74925 1.65793 186.79299
6648.32416 51.71211 1.76568 1.67408 187.50581
6649.21306 52.21757 1.78364 1.69044 188.18194
6649.32466 52.29350 1.78641 1.69290 188.33848
6650.32516 52.92267 1.80924 1.71327 189.44266
6650.80906 53.22176 1.81896 1.72295 189.94176
6651.32566 53.55217 1.83037 1.73364 190.54198
6652.32616 54.13200 1.85124 1.75242 191.32919
6652.47565 54.22594 1.85434 1.75546 191.48410
6653.32666 54.75093 1.87195 1.77245 192.41441
6654.19212 55.23013 1.88880 1.78796 193.17097
6654.32716 55.31166 1.89185 1.79060 193.29177
6655.32766 55.90045 1.91149 1.80967 194.09091
6655.87686 56.23431 1.92250 1.82047 194.58765
6656.32816 56.53506 1.93331 1.83021 195.16256
6657.32866 57.18656 1.95662 1.85130 196.39125
6657.40613 57.23849 1.95820 1.85298 196.47521
6658.32916 57.86328 1.97456 1.87321 197.27387
6658.82653 58.24268 1.98815 1.88549 197.98624
6659.32966 58.60772 2.00120 1.89731 198.80504
6660.33017 59.19977 2.01925 1.91647 199.66875
6660.40303 59.24686 2.02095 1.91800 199.75144
6661.33067 59.88163 2.04328 1.93855 200.97594
6661.97417 60.25105 2.05482 1.95051 201.58990
6662.33117 60.45135 2.06021 1.95699 201.94927
6663.33167 61.09764 2.08243 1.97791 203.10926
6663.57257 61.25523 2.08771 1.98302 203.39641
6664.33217 61.72692 2.10194 1.99829 204.19642
6665.12733 62.25941 2.11859 2.01552 205.22582
6665.33267 62.41152 2.12409 2.02045 205.56721
6666.33317 63.06202 2.14456 2.04151 206.78045
6666.62325 63.26360 2.14917 2.04803 207.19816
6667.33367 63.76749 2.16599 2.06434 208.28271
6668.07879 64.26778 2.18193 2.08054 209.28785
6668.33417 64.43935 2.18661 2.08610 209.62847
6669.33467 65.11832 2.20614 2.10808 211.04218
6669.56986 65.27197 2.21134 2.11305 211.37729
6670.33517 65.82427 2.22814 2.13093 212.58018
6670.99179 66.27615 2.23628 2.14556 213.35359
6671.33567 66.51983 2.24267 2.15345 213.84763
6672.33617 67.17994 2.26172 2.17482 215.25558
6672.47100 67.28033 2.26428 2.17807 215.50436
6673.33667 67.87421 2.27812 2.19729 216.86525
6673.91234 68.28452 2.28907 2.21057 217.83427
6674.33717 68.59539 2.29777 2.22064 218.59923
6675.33767 69.24627 2.30908 2.24171 220.08197
6675.39475 69.28870 2.31010 2.24308 220.19026
6676.33817 69.98603 2.32808 2.26566 221.97634
6676.76638 70.29289 2.33295 2.27559 222.76048
6677.33867 70.71277 2.34241 2.28918 223.85885
6678.15521 71.29707 2.35412 2.30810 225.39597
6678.33917 71.43647 2.35719 2.31261 225.76721
6679.33967 72.10325 2.36870 2.33420 227.54154
6679.62458 72.30126 2.37284 2.34061 228.10493
6680.34017 72.80254 2.38326 2.35684 229.53853
6681.09266 73.30544 2.38919 2.37312 230.95832
6681.34067 73.48059 2.39234 2.37879 231.46891
6682.34117 74.20914 2.40504 2.40237 233.63110
6682.47958 74.30962 2.40634 2.40563 233.93999
6683.34167 74.92476 2.41598 2.42554 235.86669
6683.86462 75.31381 2.42025 2.43813 236.99158
6684.34217 75.70019 2.42402 2.45064 238.10559
6685.11109 76.31799 2.43066 2.47064 240.04748
6685.34267 76.50013 2.43414 2.47654 240.64954
6686.34317 77.22581 2.44478 2.50003 243.14331
6686.47130 77.32218 2.44506 2.50315 243.47314
6687.34367 77.97436 2.45511 2.52426 245.77728
6687.88498 78.32636 2.46818 2.53566 247.11640
6688.34417 78.62433 2.47602 2.54531 248.19347
6689.31075 79.33054 2.49416 2.56817 250.85048
6689.34467 79.35843 2.49666 2.56907 250.95111
6690.34517 80.10271 2.60816 2.59317 253.88468
6690.65273 80.33473 2.64500 2.60068 254.81484
6691.34567 80.87425 2.68308 2.61814 257.00295
6692.02350 81.33891 2.65766 2.63318 259.17920
6692.34617 81.56998 2.64480 2.64066 260.28135
6693.31690 82.34310 2.63209 2.66569 263.68065
6693.34667 82.36747 2.63221 2.66648 263.78757
6694.34717 83.10045 2.64212 2.69021 267.55497
6694.66398 83.34728 2.64814 2.69820 268.80058
6695.34767 83.98020 2.66519 2.71869 271.62043
6695.78679 84.35146 2.67185 2.73071 273.48986
6696.34817 84.76485 2.67811 2.74409 276.03235
6697.15316 85.35565 2.69993 2.76322 279.71832
6697.34867 85.50323 2.70662 2.76800 280.53119
6698.34917 86.25316 2.73669 2.79227 285.18154
6698.48500 86.35983 2.74014 2.79573 285.90252
6699.34967 87.02796 2.76588 2.81736 290.59670
6699.77433 87.36402 2.78297 2.82824 292.95666
6700.35018 87.83645 2.80788 2.84353 296.17889
6701.05570 88.36820 2.83039 2.86074 300.42322
6701.35068 88.59456 2.84015 2.86807 302.28961
6702.31815 89.37238 2.88032 2.89325 308.29577
6702.35118 89.40038 2.88163 2.89416 308.49909
6703.35168 90.15892 2.91903 2.91871 315.18684
6703.62791 90.37657 2.93004 2.92576 317.04786
6704.35218 90.97101 2.95411 2.94500 321.88777
6704.87164 91.38075 2.96515 2.95827 325.49012
6705.35268 91.76340 2.97479 2.97066 328.84475
6706.10645 92.38494 2.99076 2.99078 334.05606
6706.35318 92.61615 2.99746 2.99826 335.28528
6707.34621 93.38912 3.01669 3.02329 342.04099
6707.35368 93.39499 3.01683 3.02348 342.10347
6708.35418 94.24193 3.04179 3.05089 349.16860
6708.53482 94.39331 3.04653 3.05579 350.41289
6709.35468 95.07165 3.06782 3.07775 356.20805
6709.73124 95.39749 3.07839 3.08830 358.70881
6710.35518 95.93597 3.09609 3.10574 362.80775
6710.91969 96.40167 3.11175 3.12081 366.83258
6711.35568 96.77105 3.12422 3.13277 369.78955
6712.11592 97.40586 3.14597 3.15332 375.00996
6712.35618 97.61683 3.15346 3.16015 376.53974
6713.32528 98.41004 3.18115 3.18583 383.36223
6713.35668 98.43580 3.18206 3.18666 383.57694
6714.35718 99.31225 3.21343 3.21504 390.04305
6714.49066 99.41423 3.21702 3.21834 391.05155
6715.35768 100.06512 3.24030 3.23941 396.18362
6715.78715 100.41841 3.25314 3.25085 398.76135
6716.35818 100.92644 3.27171 3.26729 402.27578
6716.92182 101.42259 3.28861 3.28335 406.05766
6717.35868 101.83262 3.30147 3.29663 409.06913
6718.01530 102.42678 3.32198 3.31586 413.20388
6718.35918 102.71969 3.33296 3.32534 415.20816
6719.19525 103.43096 3.35880 3.34837 420.49061
6719.35968 103.57888 3.36414 3.35316 421.43258
6720.34414 104.43515 3.39513 3.38088 427.26057
6720.36018 104.44982 3.39566 3.38135 427.34634
6721.36068 105.35895 3.42853 3.41079 432.74928
6721.44805 105.43933 3.43141 3.41339 433.21091
6722.36118 106.27205 3.46135 3.44035 437.96878
6722.55308 106.44351 3.46754 3.44590 439.07482
6723.36168 107.11191 3.49157 3.46753 443.87459
6723.79198 107.44770 3.50368 3.47840 445.82374
6724.36218 107.93434 3.52115 3.49416 448.65470
6724.92368 108.45188 3.53963 3.51091 451.58923
6725.36268 108.86416 3.55436 3.52426 453.61972
6726.03720 109.45607 3.57546 3.54342 457.34810
6726.36318 109.74641 3.58586 3.55282 459.07609
6727.13272 110.46025 3.61119 3.57593 462.77380
6727.36368 110.70167 3.61870 3.58375 463.92003
6728.13117 111.46444 3.64313 3.60844 467.87993
6728.36418 111.67556 3.65072 3.61527 469.02121
6729.28068 112.46862 3.67923 3.64095 473.95504
6729.36468 112.54156 3.68181 3.64331 474.42460
6730.36518 113.44989 3.71392 3.67271 479.34335
6730.39088 113.47280 3.71474 3.67346 479.47471
6731.36568 114.36348 3.74629 3.70229 484.09112
6731.48527 114.47699 3.75029 3.70596 484.60565
6732.36618 115.35078 3.78092 3.73425 487.95866
6732.52223 115.48117 3.78550 3.73847 488.58797
6733.36668 116.17269 3.80983 3.76086 492.03621
6733.69268 116.48536 3.82080 3.77098 493.39951
6734.36718 117.09364 3.84230 3.79067 496.80662
6734.80605 117.48954 3.85620 3.80349 498.89697
6735.36768 118.05222 3.87576 3.82170 500.87860
6735.83347 118.49372 3.89147 3.83600 502.74963
6736.36818 119.05286 3.91010 3.85410 504.62592
6736.77972 119.49791 3.92358 3.86851 506.42720
6737.36868 120.03842 3.94155 3.88600 509.55122
6737.84735 120.50209 3.95803 3.90101 511.28758
6738.36918 121.03440 3.97645 3.91825 512.93766
6738.87721 121.50628 3.99288 3.93352 515.18373
6739.36968 121.98937 4.00969 3.94916 517.04693
6739.89130 122.51046 4.02778 3.96603 518.78919
6740.37019 122.96071 4.04349 3.98061 520.96522
6740.99426 123.51464 4.06279 3.99854 523.77220
6741.37069 123.85283 4.07446 4.00949 524.73130
6742.12104 124.51883 4.09760 4.03105 527.65199
6742.37119 124.75646 4.10592 4.03874 528.79739
6743.15538 125.52301 4.13233 4.06356 531.70012
6743.37169 125.73839 4.13978 4.07053 532.45791
6744.16199 126.52720 4.16710 4.09606 535.19892
6744.37219 126.73168 4.17414 4.10268 535.99837
6745.17861 127.53138 4.20189 4.12857 538.82279
6745.37269 127.73920 4.20922 4.13530 539.25719
6746.13782 128.53556 4.23443 4.16108 542.31825
6746.37319 128.78656 4.24198 4.16921 543.36936
6747.07914 129.53975 4.26742 4.19359 545.37304
6747.37369 129.82322 4.27735 4.20277 546.47651
6748.06390 130.54393 4.30199 4.22610 548.49939
6748.37419 130.85522 4.31273 4.23618 549.56470
6749.09584 131.54812 4.33656 4.25861 552.37761
6749.37469 131.83875 4.34650 4.26802 553.22980
6750.10788 132.55230 4.37111 4.29112 555.99511
6750.37519 132.81102 4.37992 4.29949 556.47188
6751.14616 133.55649 4.40540 4.32362 558.29342
6751.37569 133.76622 4.41261 4.33041 559.38075
6752.20004 134.56067 4.43993 4.35613 562.72183
6752.37619 134.74880 4.44637 4.36222 563.16109
6753.16999 135.56485 4.47423 4.38864 565.71267
6753.37669 135.77567 4.48146 4.39547 566.37099
6754.12006 136.56904 4.50863 4.42115 568.30361
6754.37719 136.84669 4.51721 4.43014 569.30226
6755.01923 137.57322 4.53932 4.45366 571.54538
6755.37769 137.94783 4.55219 4.46579 572.56089
6755.99916 138.57741 4.57387 4.48617 574.58956
6756.37819 138.98673 4.58779 4.49942 575.57434
6756.93344 139.58159 4.60803 4.51867 577.07090
6757.37869 140.02708 4.62326 4.53310 578.59328
6757.90610 140.58577 4.64225 4.55118 580.11092
6758.37919 141.08172 4.65923 4.56724 581.67559
6758.93869 141.58996 4.67656 4.58369 583.52737
6759.37969 142.01457 4.69096 4.59744 584.34962
6759.91645 142.59414 4.71063 4.61620 585.66169
6760.38019 143.08884 4.72747 4.63222 587.08051
6760.85357 143.59833 4.74477 4.64871 588.30063
6761.38069 144.14796 4.76353 4.66650 589.91953
6761.80557 144.60251 4.77890 4.68122 591.14636
6762.38119 145.21798 4.79998 4.70114 592.67457
6762.76310 145.60669 4.81341 4.71373 593.91297
6763.38169 146.32447 4.83523 4.73696 595.92291
6763.61670 146.61088 4.84386 4.74623 596.55820
6764.38219 147.41546 4.87123 4.77228 598.84790
6764.56549 147.61506 4.87799 4.77874 599.33922
6765.38269 148.50646 4.90817 4.80760 601.48127
6765.48972 148.61925 4.91198 4.81125 601.80293
6766.38319 149.58331 4.94470 4.84246 604.25688
6766.41845 149.62343 4.94606 4.84376 604.32700
6767.29020 150.62762 4.97997 4.87627 606.10081
6767.38369 150.73076 4.98347 4.87961 606.37014
6768.30508 151.63180 5.01399 4.90878 608.91207
6768.38419 151.71018 5.01665 4.91131 609.09810
6769.26860 152.63598 5.04807 4.94128 611.49112
6769.38469 152.76184 5.05233 4.94536 611.84422
6770.15515 153.64017 5.08194 4.97379 613.48318
6770.38519 153.89967 5.09086 4.98219 613.96444
6771.01071 154.64435 5.11435 5.00630 615.57042
6771.38569 155.07543 5.12724 5.02026 616.94227
6771.88095 155.64854 5.14637 5.03881 617.99534
6772.38619 156.21167 5.16559 5.05704 619.18262
6772.76299 156.65272 5.18034 5.07132 619.93181
6773.38669 157.35686 5.20411 5.09411 621.38828
6773.65440 157.65690 5.21426 5.10383 622.06788
6774.38719 158.44129 5.24080 5.12922 624.28370
6774.58772 158.66109 5.24821 5.13634 624.82995
6775.38769 159.54815 5.27824 5.16505 626.89161
6775.49706 159.66527 5.28219 5.16884 627.23476
6776.38592 160.66946 5.31602 5.20135 629.29396
6776.38819 160.67198 5.31611 5.20143 629.29626
6777.38869 161.67038 5.34987 5.23376 631.69250
6777.39151 161.67364 5.34999 5.23386 631.69930
6778.24825 162.67782 5.38371 5.26637 633.59156
6778.38919 162.83701 5.38915 5.27152 633.90872
6779.09325 163.68201 5.41694 5.29888 635.32603
6779.38969 164.05485 5.42767 5.31095 636.25622
6779.90624 164.68619 5.44777 5.33139 637.43674
6780.39020 165.20293 5.46558 5.34811 638.85721
6780.80828 165.69038 5.48188 5.36389 639.78039
6781.39070 166.36757 5.50468 5.38582 641.07255
6781.67757 166.69456 5.51568 5.39640 641.76851
6782.39120 167.51901 5.54343 5.42309 643.41844
6782.54977 167.69874 5.54946 5.42891 643.81723
6783.39170 168.63799 5.58114 5.45932 646.10899
6783.44729 168.70293 5.58332 5.46142 646.23379
6784.30997 169.70711 5.61712 5.49393 648.15526
6784.39220 169.80168 5.62031 5.49699 648.34876
6785.12158 170.71130 5.65074 5.52644 649.55928
6785.39270 171.02318 5.66115 5.53653 650.21339
6786.08733 171.71548 5.68484 5.55895 651.71431
6786.39320 172.05893 5.69594 5.57006 652.24003
6786.87590 172.71967 5.71507 5.59145 653.33881
6787.39370 173.33251 5.73532 5.61129 654.61535
6787.72212 173.72385 5.74872 5.62396 655.19667
6788.39420 174.50864 5.77503 5.64937 656.80005
6788.58355 174.72803 5.78241 5.65647 657.26366
6789.39470 175.65044 5.81341 5.68633 659.39478
6789.46496 175.73222 5.81616 5.68898 659.56104
6790.29016 176.73640 5.84979 5.72149 661.11260
6790.39520 176.86262 5.85401 5.72557 661.32796
6791.10220 177.74059 5.88344 5.75400 662.50395
6791.39570 178.07004 5.89450 5.76466 663.33254
6791.96218 178.74477 5.91712 5.78650 664.56091
6792.39620 179.24815 5.93408 5.80280 665.64607
6792.81731 179.74895 5.95081 5.81901 666.55948
6793.39670 180.45113 5.97437 5.84174 667.76591
6793.65538 180.75314 5.98481 5.85152 668.41508
6794.39720 181.65760 6.01290 5.88080 669.72067
6794.47820 181.75732 6.01581 5.88403 669.85830
6795.35264 182.76151 6.04851 5.91654 671.85555
6795.39770 182.81247 6.05024 5.91819 671.98369
6796.14997 183.76569 6.08202 5.94905 673.20653
6796.39820 184.07872 6.09251 5.95918 673.59659
6796.97160 184.76987 6.11563 5.98156 674.83564
6797.39870 185.25048 6.13184 5.99711 676.07268
6797.81358 185.77406 6.14934 6.01406 676.74504
6798.39920 186.47919 6.17291 6.03689 678.02297
6798.64426 186.77824 6.18290 6.04657 678.52991
6799.39970 187.71729 6.21437 6.07697 679.93346
6799.45447 187.78243 6.21656 6.07908 680.06312
6800.28653 188.78661 6.25002 6.11159 681.92569
6800.40020 188.92003 6.25454 6.11591 682.19764
6801.08579 189.79079 6.28348 6.14410 683.37047
6801.40070 190.22014 6.29600 6.15800 684.15527
6801.80943 190.79498 6.31361 6.17661 684.77093
6802.40120 191.48275 6.33700 6.19887 686.21963
6802.66152 191.79916 6.34755 6.20911 686.86748
6803.40170 192.70937 6.37798 6.23858 688.04528
6803.48424 192.80335 6.38111 6.24162 688.13077
6804.37302 193.80753 6.41463 6.27413 689.78832
6804.40220 193.84074 6.41575 6.27521 689.87794
6805.12521 194.81172 6.44805 6.30664 690.78260
6805.40270 195.15191 6.45941 6.31765 691.35929
6805.93418 195.81590 6.48155 6.33915 692.38274
6806.40320 196.38376 6.50061 6.35753 693.45419
6806.74927 196.82008 6.51520 6.37166 694.10084
6807.40370 197.64024 6.54269 6.39821 695.33596
6807.55307 197.82427 6.54896 6.40417 695.61351
6808.30744 198.82845 6.57951 6.43667 697.37636
6808.40420 198.93996 6.58289 6.44028 697.75289
6809.08237 199.83264 6.61245 6.46918 698.75702
6809.40470 200.24036 6.62604 6.48238 699.35742
6809.87448 200.83682 6.64588 6.50169 700.23367
6810.40520 201.50514 6.66819 6.52333 701.24256
6810.66163 201.84100 6.67936 6.53420 701.59838
6811.40570 202.78581 6.71089 6.56479 703.12750
6811.45612 202.84519 6.71288 6.56671 703.26315
6812.32825 203.84937 6.74633 6.59922 704.59664
6812.40620 203.93960 6.74934 6.60214 704.72013
6813.09200 204.85356 6.77970 6.63172 705.52041
6813.40670 205.25282 6.79302 6.64465 706.17301
6813.88885 205.85774 6.81322 6.66423 707.12704
6814.40720 206.46453 6.83347 6.68388 708.57101
6814.71237 206.86192 6.84690 6.69674 709.01768
6815.40770 207.81637 6.87687 6.72764 710.22317
6815.44421 207.86611 6.87827 6.72925 710.33475
6816.14723 208.87029 6.91020 6.76176 711.14029
6816.40820 209.18864 6.92088 6.77206 711.73262
6816.95051 209.87448 6.94364 6.79427 712.83766
6817.40870 210.45185 6.96290 6.81296 713.76563
6817.74421 210.87866 6.97711 6.82677 714.42271
6818.40920 211.72661 7.00539 6.85423 715.70406
6818.52817 211.88285 7.01059 6.85928 715.89660
6819.31264 212.88703 7.04405 6.89179 717.39199
6819.40970 213.00108 7.04787 6.89548 717.65676
6820.09118 213.89121 7.07741 6.92430 718.79395
6820.41021 214.31291 7.09145 6.93795 719.38648
6820.87951 214.89540 7.11079 6.95681 720.39276
6821.41071 215.52465 7.13209 6.97718 720.90579
6821.69878 215.89958 7.14419 6.98932 721.07937
6822.41121 216.88450 7.17345 7.02120 722.77400
6822.42524 216.90377 7.17408 7.02183 722.79680
6823.21000 217.90795 7.20776 7.05433 724.23007
6823.41171 218.16843 7.21638 7.06277 724.62051
6823.95116 218.91213 7.24110 7.08684 725.25946
6824.41221 219.50735 7.26092 7.10611 726.12989
6824.72081 219.91632 7.27449 7.11935 726.62392
6825.41271 220.77918 7.30321 7.14728 728.17978
6825.51774 220.92050 7.30791 7.15186 728.33177
6826.24022 221.92469 7.34119 7.18437 729.14165
6826.41321 222.15840 7.34892 7.19193 729.38949
6826.97430 222.92887 7.37447 7.21688 730.09084
6827.41371 223.48055 7.39289 7.23474 731.04669
6827.75726 223.93305 7.40783 7.24938 731.66464
6828.41421 224.77457 7.43619 7.27663 732.84634
6828.53460 224.93724 7.44154 7.28189 733.03883
6829.16718 225.94142 7.47109 7.31440 733.85077
6829.41471 226.26141 7.48152 7.32476 734.25680
6829.99855 226.94561 7.50459 7.34691 734.92171
6830.41521 227.42418 7.52046 7.36240 735.82087
6830.81847 227.94979 7.53792 7.37942 736.66122
6831.41571 228.70905 7.56324 7.40400 737.94408
6831.59367 228.95397 7.57137 7.41193 738.16289
6832.32746 229.95816 7.60460 7.44444 739.16587
6832.41621 230.07481 7.60847 7.44821 739.32359
6833.07684 230.96234 7.63788 7.47694 740.36741
6833.41671 231.39360 7.65227 7.49090 741.08139
6833.85563 231.96653 7.67134 7.50945 741.90333
6834.41721 232.69513 7.69543 7.53304 743.00045
6834.61170 232.97071 7.70465 7.54196 743.16889
6835.31032 233.97490 7.73645 7.57447 744.12961
6835.41771 234.12201 7.74068 7.57923 744.44245
6836.02727 234.97908 7.76780 7.60698 745.44618
6836.41821 235.48037 7.78464 7.62321 746.19970
6836.77961 235.98326 7.80118 7.63949 746.67532
6837.41871 236.83511 7.82943 7.66706 747.71044
6837.53099 236.98745 7.83447 7.67199 747.87313
6838.25872 237.99163 7.86772 7.70450 748.98673
6838.41921 238.20077 7.87466 7.71127 749.28531
6839.03915 238.99582 7.90092 7.73701 749.83405
6839.41971 239.45632 7.91627 7.75192 750.31273
6839.82466 240.00000 7.93426 7.76952 750.90426
