6822.84600 245.77328 8.11457 7.95642 736.13788
6822.62974 245.52279 8.10620 7.94831 735.52989
6821.80089 244.55993 8.07408 7.91714 733.11266
6821.20051 243.78573 8.04818 7.89208 732.69673
6820.48466 242.77423 8.01831 7.85933 731.53850
6820.40876 242.66427 8.01482 7.85577 731.42641
6819.93449 242.04408 7.99403 7.83569 730.48960
6819.49525 241.46573 7.97486 7.81697 729.72272
6819.09546 240.95425 7.95787 7.80041 728.89558
6818.32880 239.90165 7.92299 7.76634 727.78240
6818.23474 239.77204 7.91873 7.76214 727.65129
6817.56939 238.83469 7.88775 7.73180 726.87028
6817.40678 238.62676 7.88086 7.72506 726.53369
6816.89158 237.93110 7.85780 7.70254 725.72021
6816.44008 237.32529 7.83769 7.68293 724.98363
6816.14534 236.94597 7.82510 7.67065 724.39809
6815.36551 235.88640 7.78996 7.63635 723.22042
6815.44721 235.99612 7.79360 7.63990 723.35554
6814.72639 235.04617 7.76204 7.60915 722.06476
6814.54424 234.82014 7.75431 7.60183 721.69282
6813.95921 234.06899 7.73079 7.57752 720.18162
6813.58152 233.57482 7.71638 7.56152 719.07435
6813.29810 233.23771 7.70532 7.55060 718.27670
6812.59395 232.35519 7.67567 7.52203 716.70336
6812.12866 231.74945 7.65569 7.50242 716.37059
6811.44957 230.77604 7.62363 7.47091 716.38836
6811.48459 230.84506 7.62588 7.47315 716.28753
6810.78341 229.91727 7.59505 7.44311 714.93939
6810.37691 229.36370 7.57672 7.42519 714.37131
6809.98556 228.84126 7.55937 7.40828 713.76130
6809.35101 227.96453 7.53031 7.37990 712.90824
6809.51803 228.18941 7.53779 7.38718 713.16986
6808.70979 227.18163 7.50425 7.35455 711.35351
6808.49562 226.91338 7.49534 7.34587 710.87411
6807.82094 226.03430 7.46589 7.31741 709.68664
6807.49701 225.62224 7.45330 7.30407 708.76778
6806.96579 224.92707 7.43264 7.28156 707.24598
6806.43271 224.21002 7.40857 7.25835 706.49025
6806.30019 224.04603 7.40311 7.25304 706.18949
6805.50371 223.01649 7.36895 7.21971 704.64593
6805.17007 222.55845 7.35374 7.20488 704.22717
6804.62321 221.75928 7.32733 7.17901 703.80949
6804.70013 221.87717 7.33122 7.18283 703.84403
6804.23001 221.31658 7.31246 7.16468 702.53622
6803.65942 220.63378 7.28974 7.14258 701.58137
6803.12880 219.96067 7.26750 7.12079 701.23097
6802.43805 219.04309 7.23701 7.09108 700.02432
6802.46739 219.08565 7.23842 7.09246 700.05641
6801.69238 218.10216 7.20562 7.06062 698.49986
6801.53940 217.91702 7.19951 7.05463 698.11463
6800.84765 217.02644 7.16956 7.02580 696.86264
6800.53456 216.62795 7.15673 7.01290 696.12954
6800.02641 215.97847 7.13790 6.99187 694.49015
6799.47670 215.25576 7.11408 6.96847 693.49175
6799.16840 214.86135 7.10098 6.95571 692.90437
6798.38604 213.79917 7.06567 6.92132 691.84230
6798.36659 213.77388 7.06483 6.92050 691.80797
6797.71525 212.89249 7.03563 6.89197 690.90440
6797.51073 212.64099 7.02721 6.88383 690.43876
6796.96885 211.93438 7.00365 6.86095 689.50284
6796.59313 211.43845 6.98718 6.84490 688.89734
6796.53482 211.38454 6.98535 6.84315 688.63438
6795.81390 210.54535 6.95728 6.81598 686.66428
6795.59591 210.29011 6.94871 6.80772 686.07010
6794.74359 209.27484 6.91484 6.77485 683.90846
6794.43661 208.89052 6.90206 6.76241 683.77229
6793.70800 207.93043 6.87127 6.73133 683.08794
6793.53194 207.71145 6.86494 6.72424 682.43086
6792.96076 206.97838 6.84194 6.70051 680.93414
6792.59648 206.50786 6.82597 6.68528 680.40135
6792.26568 206.11246 6.81277 6.67248 679.57662
6791.56509 205.22925 6.78331 6.64389 678.16207
6791.13785 204.67394 6.76488 6.62591 677.44187
6790.45872 203.71167 6.73296 6.59476 676.90762
6790.62725 203.95097 6.74090 6.60250 677.03066
6789.89027 203.02942 6.71011 6.57267 675.52192
6789.59902 202.65353 6.69758 6.56050 675.01736
6789.14357 202.09902 6.67903 6.54255 673.97995
6788.58794 201.40153 6.65582 6.51997 672.87913
6788.36467 201.12448 6.64659 6.51100 672.40948
6787.66616 200.26956 6.61804 6.48333 670.85393
6787.60544 200.19873 6.61568 6.48103 670.69218
6786.76295 199.18295 6.58144 6.44815 668.70181
6786.72411 199.13477 6.57985 6.44659 668.59521
6785.96750 198.23126 6.55294 6.41734 666.45958
6785.69169 197.90536 6.54244 6.40679 666.13365
6784.98764 197.04530 6.51345 6.37895 664.97976
6784.44385 196.34447 6.49017 6.35626 663.96888
6784.13838 195.93518 6.47659 6.34301 663.61719
6783.58661 195.24322 6.45349 6.32061 662.56839
6783.38323 194.99226 6.44509 6.31248 662.13348
6782.58522 193.97804 6.41124 6.27965 660.71432
6782.65666 194.06922 6.41429 6.28260 660.83952
6781.87996 193.11882 6.38251 6.25184 659.16474
6781.72018 192.92645 6.37607 6.24561 658.79924
6781.09158 192.17572 6.35091 6.22130 657.32760
6780.67862 191.67632 6.33427 6.20514 656.36691
6780.19061 191.08289 6.31423 6.18593 655.37808
6779.61340 190.36791 6.29126 6.16278 653.98776
6779.32031 190.00494 6.28079 6.15103 652.96726
6778.61031 189.11155 6.25171 6.12211 651.46731
6778.96484 189.53116 6.26586 6.13569 652.30205
6778.03258 188.51438 6.23148 6.10278 649.39848
6777.43901 187.80566 6.20776 6.07983 647.98989
6776.74699 186.89444 6.17752 6.05033 647.61886
6776.64730 186.78455 6.17385 6.04678 647.47759
6776.07535 186.07653 6.15020 6.02386 647.01496
6775.79203 185.73392 6.13873 6.01276 646.36162
6775.36547 185.25037 6.12248 5.99711 645.07068
6774.73116 184.49470 6.09718 5.97265 643.65480
6774.45036 184.16073 6.08599 5.96184 643.01408
6773.71442 183.28049 6.05654 5.93334 641.34391
6773.54524 183.07600 6.04974 5.92672 640.97653
6772.71929 182.06718 6.01568 5.89406 639.37748
6772.76932 182.12569 6.01759 5.89596 639.51485
6771.98458 181.20496 5.99009 5.86615 636.71029
6771.74250 180.91766 5.98067 5.85685 636.11154
6771.20248 180.27537 5.95892 5.83605 634.94766
6770.83104 179.86814 5.94525 5.82287 633.81280
6770.02891 178.90372 5.91285 5.79165 632.09490
6769.51024 178.20761 5.88972 5.76911 631.63809
6769.72180 178.46271 5.89824 5.77737 632.07252
6769.05815 177.75668 5.87443 5.75452 629.82738
6768.66592 177.32032 5.85970 5.74039 628.72072
6767.86197 176.40344 5.82909 5.71071 627.82633
6767.66128 176.17030 5.82131 5.70316 627.46499
6766.80959 175.16296 5.78747 5.67055 625.46826
6766.71589 175.05293 5.78377 5.66699 625.24921
6765.93603 174.11858 5.75248 5.63674 623.65460
6765.77179 173.92489 5.74601 5.63047 623.26951
6765.17006 173.21897 5.72164 5.60762 622.06076
6764.88712 172.89642 5.71109 5.59718 621.24599
6764.39034 172.33608 5.69447 5.57904 619.26743
6763.86933 171.75184 5.67628 5.56012 617.43940
6763.18757 170.95166 5.64904 5.53422 615.99498
6762.48909 170.04759 5.61893 5.50495 615.13260
6762.52349 170.08943 5.62034 5.50631 615.19655
6761.74394 169.16394 5.58928 5.47634 613.58083
6761.99864 169.45355 5.59898 5.48572 614.23501
6761.07454 168.45117 5.56519 5.45327 611.45042
6761.05716 168.43204 5.56454 5.45265 611.40009
6760.18229 167.49062 5.53267 5.42217 608.68381
6759.85237 167.13269 5.52059 5.41059 607.64981
6759.06525 166.21986 5.49000 5.38104 606.36193
6758.98439 166.12860 5.48694 5.37808 606.30113
6758.31310 165.39660 5.46244 5.35438 605.08856
6757.87407 164.90787 5.44584 5.33856 603.82602
6757.29721 164.24395 5.42368 5.31707 602.40069
6756.87117 163.76232 5.40951 5.30148 600.71961
6756.42005 163.24602 5.39335 5.28476 599.27038
6755.90987 162.66575 5.37353 5.26598 598.11948
6755.50142 162.21275 5.35821 5.25131 597.00655
6754.77920 161.36663 5.32981 5.22392 595.45082
6754.63250 161.19623 5.32407 5.21841 595.12569
6753.83260 160.27555 5.29304 5.18860 593.28698
6753.72283 160.14913 5.28879 5.18451 593.03597
6752.87085 159.15415 5.25530 5.15230 591.22656
6752.98821 159.28800 5.25979 5.15663 591.49891
6752.13861 158.35667 5.22831 5.12648 589.15875
6752.33181 158.54619 5.23476 5.13262 589.88569
6751.57244 157.81144 5.20972 5.10883 586.86570
6751.02641 157.26082 5.19100 5.09100 584.82794
6750.21621 156.36370 5.16093 5.06196 583.91917
6749.98699 156.12186 5.15285 5.05413 583.42386
6749.24602 155.29853 5.12473 5.02748 581.50784
6749.01043 155.03325 5.11619 5.01889 580.78178
6748.43357 154.41393 5.09773 4.99884 578.33148
6748.07315 154.02237 5.08524 4.98617 577.07622
6747.43990 153.35018 5.06209 4.96441 575.27944
6746.72259 152.53079 5.03451 4.93788 573.61836
6746.41092 152.13764 5.02131 4.92515 573.27404
6746.02571 151.71546 5.00704 4.91148 572.24065
6745.72675 151.40394 4.99646 4.90140 571.28243
6745.01135 150.62203 4.97001 4.87609 569.34588
6744.85023 150.44881 4.96411 4.87048 568.88204
6744.13563 149.69146 4.93840 4.84596 566.73830
6744.06865 149.62623 4.93618 4.84385 566.47759
6743.23833 148.78662 4.90756 4.81667 563.58979
6742.92662 148.46027 4.89648 4.80610 562.59556
6742.11058 147.59640 4.86734 4.77814 560.05046
6742.04297 147.52565 4.86493 4.77585 559.82406
6741.17706 146.62854 4.83438 4.74681 558.05737
6740.99963 146.44318 4.82872 4.74081 557.62060
6740.09608 145.48341 4.79899 4.70973 554.15916
6740.14082 145.53061 4.80062 4.71126 554.30262
6739.18577 144.54373 4.76686 4.67931 551.31877
6738.68771 143.99124 4.74807 4.66143 550.11251
6737.91282 143.06229 4.71669 4.63136 548.88092
6738.20420 143.39333 4.72791 4.64207 549.50437
6737.38981 142.55465 4.69932 4.61492 546.88014
6737.20628 142.37236 4.69310 4.60902 546.23409
6736.34115 141.47683 4.66263 4.58003 543.45789
6736.09264 141.20936 4.65354 4.57137 542.76733
6735.36458 140.44050 4.62733 4.54648 540.62125
6735.32212 140.39141 4.62567 4.54489 540.53661
6734.65346 139.73856 4.60328 4.52376 538.03694
6734.48043 139.57761 4.59774 4.51855 537.30837
6733.64042 138.77592 4.57029 4.49259 533.88751
6733.25499 138.40029 4.55753 4.48043 532.47087
6732.39037 137.51555 4.52722 4.45179 531.10688
6732.22144 137.33782 4.52156 4.44604 530.57508
6731.43186 136.53582 4.49696 4.42007 526.85867
6731.11000 136.20075 4.48560 4.40923 525.88580
6730.38545 135.43330 4.45955 4.38438 523.74855
6730.06759 135.10607 4.44829 4.37379 522.73518
6729.36627 134.34487 4.42233 4.34915 520.90471
6729.22752 134.19873 4.41734 4.34442 520.49402
6728.60329 133.57117 4.39582 4.32410 518.33541
6728.30266 133.26688 4.38539 4.31425 517.32503
6727.70201 132.67088 4.36496 4.29495 515.17265
6727.32551 132.31123 4.35258 4.28331 513.68352
6726.55137 131.52892 4.32568 4.25799 511.08600
6726.61447 131.56921 4.32711 4.25929 511.53275
6725.99151 131.03222 4.30853 4.24191 508.45714
6725.44587 130.53409 4.29125 4.22578 506.05560
6724.57651 129.68901 4.26221 4.19842 502.69948
6724.27948 129.40101 4.25206 4.18910 501.59290
6723.45493 128.56478 4.22497 4.16203 499.31397
6723.36701 128.48427 4.22256 4.15942 498.99667
6722.45515 127.58580 4.19301 4.13034 495.50710
6722.29475 127.41632 4.18729 4.12485 494.96388
6721.45193 126.58290 4.15858 4.09787 491.93384
6721.17220 126.29561 4.14866 4.08857 491.01031
6720.41968 125.51629 4.12178 4.06334 488.64028
6720.44448 125.55302 4.12303 4.06453 488.60350
6719.53020 124.66907 4.09252 4.03591 485.03273
6719.42668 124.56637 4.08896 4.03259 484.66060
6718.51003 123.68674 4.05842 4.00411 481.03764
6718.43854 123.61430 4.05591 4.00177 480.79344
6717.49874 122.71619 4.02467 3.97269 477.00843
6717.75568 122.95162 4.03288 3.98031 478.15720
6716.73850 122.05789 4.00176 3.95138 473.26062
6716.48908 121.82905 3.99379 3.94397 472.17092
6715.57132 120.98474 3.96426 3.91664 468.02777
6715.32982 120.75643 3.95641 3.90925 467.27226
6714.50662 119.98363 3.92926 3.88423 465.32955
6714.27836 119.76666 3.92221 3.87721 464.37834
6713.52310 119.06234 3.90057 3.85441 459.76471
6712.99626 118.55964 3.88324 3.83813 457.52970
6712.20644 117.75904 3.85518 3.81221 454.78338
6712.06904 117.60845 3.84998 3.80734 454.39382
6711.50090 117.06995 3.83114 3.78991 452.00326
6711.16421 116.75807 3.82023 3.77981 450.54407
6710.52559 116.15747 3.79926 3.76037 447.70747
6710.17190 115.82855 3.78765 3.74972 446.13092
6709.60092 115.31197 3.76942 3.73299 443.45365
6709.04750 114.79778 3.75137 3.71635 440.98526
6708.82325 114.58722 3.74400 3.70953 439.98520
6708.23710 114.10411 3.72691 3.69389 436.78133
6707.83235 113.75602 3.71456 3.68262 434.65568
6706.96078 113.00623 3.68807 3.65835 430.15089
6706.57289 112.66068 3.67587 3.64716 428.89470
6705.61183 111.76808 3.64442 3.61827 425.19978
6705.72493 111.87098 3.64814 3.62160 425.75242
6704.71629 110.97812 3.61726 3.59269 420.36742
6704.69878 110.95951 3.61669 3.59209 420.28251
6703.77933 110.15937 3.59095 3.56619 414.73646
6703.17047 109.60747 3.57113 3.54832 411.83140
6702.30605 108.74929 3.54090 3.52054 408.22557
6702.29514 108.73194 3.54030 3.51998 408.23821
6701.58664 108.08381 3.51722 3.49900 404.75629
6701.43506 107.93796 3.51205 3.49428 404.07660
6701.01629 107.58009 3.49928 3.48269 401.81312
6700.58217 107.24494 3.48726 3.47184 399.10172
6699.79350 106.59788 3.46426 3.45089 394.56283
6698.92931 105.81853 3.43646 3.42566 390.17339
6698.82828 105.72133 3.43300 3.42252 389.71169
6698.02633 105.04491 3.40896 3.40062 385.09042
6697.92428 104.95815 3.40588 3.39781 384.54267
6696.92296 104.11914 3.37626 3.37065 380.21821
6696.65626 103.88938 3.36805 3.36321 378.83066
6695.73426 103.07150 3.33912 3.33673 373.72166
6695.71081 103.05121 3.33840 3.33608 373.59481
6694.84569 102.32751 3.31261 3.31265 368.71737
6694.42940 101.95408 3.30022 3.30056 366.38433
6693.80952 101.43075 3.28456 3.28362 362.33893
6692.98988 100.69986 3.26019 3.25996 357.76110
6692.52930 100.24579 3.24420 3.24526 355.59821
6692.18852 99.94330 3.23384 3.23546 353.75237
6692.08995 99.86477 3.23121 3.23292 353.16002
6691.27277 99.21714 3.21027 3.21196 348.25554
6691.17784 99.14176 3.20777 3.20952 347.68830
6690.13173 98.32230 3.18082 3.18299 341.44627
6689.92207 98.14468 3.17501 3.17724 340.25190
6689.00354 97.40818 3.15153 3.15339 335.06736
6688.44197 96.92529 3.13702 3.13776 332.17521
6687.86167 96.42179 3.12165 3.12146 329.65477
6687.41661 96.05137 3.11059 3.10947 327.25565
6687.00782 95.71084 3.10066 3.09845 324.90458
6686.27238 95.11395 3.08402 3.07912 320.89437
6686.14063 95.00235 3.08097 3.07551 320.19267
6685.17239 94.24473 3.06133 3.05098 314.85529
6684.88331 94.00820 3.05514 3.04333 313.35025
6683.90470 93.18481 3.03661 3.01667 308.21644
6683.80604 93.09981 3.03497 3.01392 307.69748
6682.95891 92.41316 3.02007 2.99169 303.32193
6682.37964 91.91381 3.00199 2.97553 300.53232
6681.74774 91.36772 2.97283 2.95785 297.58105
6681.33677 90.99607 2.95427 2.94582 295.70892
6681.24948 90.93780 2.95159 2.94393 295.29830
6680.32625 90.23163 2.91796 2.92107 291.09799
6679.30766 89.33629 2.87337 2.89208 287.16700
6678.41682 88.43998 2.83400 2.86307 283.47246
6678.67844 88.69355 2.84509 2.87128 284.58294
6677.66746 87.78811 2.80515 2.84196 280.43772
6677.72391 87.83746 2.80717 2.84356 280.66390
6676.66260 86.90257 2.77339 2.81330 276.54338
6675.48658 85.67503 2.72169 2.77356 272.04326
6674.61099 84.58406 2.68153 2.73824 268.70168
6674.14651 83.97108 2.66321 2.71840 266.90911
6673.52475 83.06866 2.64467 2.68918 264.53852
6673.57127 83.11066 2.64487 2.69054 264.70358
6673.54338 83.09686 2.64502 2.69009 264.61089
6673.48599 83.01138 2.64399 2.68733 264.38899
6673.58677 83.12687 2.64499 2.69107 264.75996
6673.28171 82.88683 2.64467 2.68330 263.70881
6672.45762 82.27052 2.64450 2.66334 260.99706
6672.30525 82.14450 2.64525 2.65926 260.50346
6671.32998 81.41726 2.67215 2.63572 257.53280
6671.06885 81.21394 2.68616 2.62914 256.82054
6670.15696 80.51035 2.68998 2.60636 254.18662
6669.35418 79.85084 2.58483 2.58501 251.82597
6668.77930 79.32950 2.51363 2.56813 250.09559
6668.16532 78.81788 2.49513 2.55157 248.34364
6667.53429 78.23315 2.47844 2.53264 246.45554
6666.81198 77.56688 2.45582 2.51107 244.34596
6666.33759 77.10218 2.45301 2.49603 242.89294
6665.61921 76.40043 2.43901 2.47331 240.72700
6665.39902 76.17332 2.43463 2.46596 240.03432
6664.62487 75.44362 2.42620 2.44234 237.82262
6664.31918 75.12031 2.42162 2.43187 236.94305
6663.63968 74.47298 2.41123 2.41091 234.97451
6663.01673 73.84342 2.39908 2.39053 233.09590
6662.28266 73.03582 2.38344 2.36439 230.73648
6662.07874 72.81921 2.37901 2.35738 230.11841
6661.47432 72.18534 2.36596 2.33686 228.34996
6661.25744 71.95772 2.36143 2.32949 227.68848
6660.68428 71.39665 2.35024 2.31132 225.97878
6660.30089 71.01726 2.34220 2.29904 224.85407
6659.68382 70.40683 2.32924 2.27928 223.04203
6659.33975 70.07580 2.32219 2.26856 222.06356
6658.59819 69.34409 2.30585 2.24488 219.89720
6658.25620 68.99694 2.29768 2.23364 218.88612
6657.54887 68.29312 2.28074 2.21085 216.83849
6657.23852 67.96978 2.27285 2.20039 215.90751
6656.61802 67.35585 2.25704 2.18051 214.12584
6656.23504 66.97581 2.24660 2.16821 213.02307
6655.58854 66.31929 2.23014 2.14695 211.21325
6655.58371 66.31078 2.22992 2.14668 211.19332
6654.72008 65.53772 2.21121 2.12165 209.03601
6653.77411 64.54191 2.18236 2.08942 206.18289
6653.17814 63.84001 2.16140 2.06669 204.32581
6652.99281 63.64817 2.15571 2.06048 203.79205
6652.42547 63.03214 2.13728 2.04054 202.06685
6651.95085 62.52370 2.12187 2.02408 200.64303
6651.35494 61.86018 2.10154 2.00260 198.80072
6650.84782 61.28018 2.08349 1.98382 197.19730
6650.35566 60.73127 2.06627 1.96605 195.68680
6649.68025 59.91884 2.04050 1.93975 193.48802
6649.50164 59.71750 2.03408 1.93323 192.94454
6648.71636 58.79101 2.00439 1.90324 190.42003
6649.06336 59.17215 2.01669 1.91558 191.47978
6648.17734 58.26277 1.98706 1.88614 188.89478
6648.35087 58.43584 1.99263 1.89174 189.38478
6647.47801 57.59999 1.96804 1.86468 187.07652
6647.98566 58.04468 1.98039 1.87908 188.31586
6647.05166 57.30656 1.95977 1.85519 186.20674
6646.48408 56.83087 1.94444 1.83979 184.80828
6645.69897 56.16036 1.92213 1.81808 182.80691
6645.07204 55.58249 1.90307 1.79937 181.14613
6644.67239 55.22283 1.89108 1.78773 180.10729
6643.95681 54.58884 1.86997 1.76720 178.30855
6643.36987 54.03079 1.85130 1.74914 176.72228
6642.71997 53.39785 1.83003 1.72865 174.91472
6642.28669 52.98698 1.81618 1.71535 173.72913
6641.42926 52.11634 1.78668 1.68716 171.26218
6641.01648 51.66783 1.77139 1.67264 170.00318
6640.34322 50.95472 1.74705 1.64956 167.99501
6639.97420 50.53534 1.73274 1.63598 166.82109
6639.54626 50.08873 1.71752 1.62152 165.55590
6639.11296 49.63626 1.70200 1.60687 164.27047
6638.74154 49.24851 1.68834 1.59432 163.15656
6638.51674 49.03373 1.68093 1.58737 162.53855
6638.01905 48.58536 1.66695 1.57285 161.31949
6637.88019 48.45007 1.66299 1.56847 160.97287
6637.12759 47.84276 1.64368 1.54881 159.28876
6636.42047 47.20287 1.62112 1.52810 157.40001
6635.69042 46.50072 1.59686 1.50537 155.39668
6636.11879 46.88365 1.61009 1.51776 156.49170
6635.08507 46.06064 1.58140 1.49112 154.09024
6635.22796 46.16703 1.58513 1.49457 154.40899
6634.37503 45.53545 1.56303 1.47412 152.52374
6633.68766 45.02334 1.54508 1.45754 151.00580
6632.97744 44.44140 1.52473 1.43870 149.29930
6632.45138 44.00963 1.50956 1.42472 148.03625
6632.35092 43.94641 1.50734 1.42268 147.84906
6631.31385 43.16796 1.47998 1.39748 145.57283
6631.80760 43.51262 1.49215 1.40863 146.57886
6630.91162 42.92893 1.47155 1.38974 144.87246
6630.21936 42.49152 1.45612 1.37558 143.59351
6629.33766 41.87194 1.43423 1.35552 141.79922
6628.31994 41.09490 1.40687 1.33037 139.55497
6628.63418 41.32357 1.41500 1.33777 140.21948
6627.66484 40.65534 1.39104 1.31614 138.27590
6627.73752 40.68996 1.39227 1.31726 138.36941
6627.18476 40.38344 1.38169 1.30733 137.54878
6626.00272 39.65032 1.35891 1.28360 135.73962
6624.77611 38.75410 1.32740 1.25459 133.19747
6623.80917 37.92357 1.29820 1.22770 130.77192
6623.66547 37.80170 1.29389 1.22375 130.41432
6622.97164 37.22486 1.27355 1.20508 128.73177
6622.46911 36.82042 1.25923 1.19199 127.54496
6621.87976 36.31969 1.24157 1.17578 126.07519
6621.58781 36.06557 1.23263 1.16755 125.32311
6622.52407 36.67927 1.25443 1.18742 127.05760
6621.55662 36.18082 1.23657 1.17128 125.72522
6621.10042 35.90952 1.22690 1.16250 124.97676
6621.26163 35.98626 1.22966 1.16498 125.17596
6620.42144 35.64075 1.21712 1.15380 124.33939
6619.57278 35.27385 1.20382 1.14192 123.43931
6618.91976 34.97594 1.19310 1.13228 122.72815
6617.49136 34.25376 1.16727 1.10890 120.82993
6616.26640 33.50058 1.14039 1.08451 118.77883
6615.36993 32.88874 1.11864 1.06471 117.04372
6614.24560 32.02969 1.08837 1.03690 114.50800
6614.77142 32.40181 1.10153 1.04894 115.58602
6614.04583 31.91830 1.08431 1.03329 114.20425
6613.89947 31.85331 1.08189 1.03119 114.04426
6613.86396 31.82187 1.08075 1.03017 113.94440
6612.79177 31.31370 1.06227 1.01372 112.68095
6612.27230 31.01641 1.05256 1.00409 111.96406
6612.00342 30.91217 1.04918 1.00072 111.78669
6610.58536 30.20268 1.02633 0.97775 110.29013
6609.52303 29.57093 1.00344 0.95730 108.50637
6609.11346 29.30892 0.99412 0.94882 107.73535
6608.21613 28.77663 0.97530 0.93159 106.19007
6608.32651 28.83917 0.97753 0.93361 106.36319
6607.57503 28.42721 0.96279 0.92027 105.25312
6606.64213 27.93503 0.94515 0.90434 103.93597
6607.31755 28.25825 0.95678 0.91480 104.75343
6605.96355 27.66481 0.93534 0.89559 103.33629
6604.63409 26.96675 0.91035 0.87299 101.45958
6605.17382 27.22682 0.91969 0.88141 102.12881
6603.96684 26.69418 0.90048 0.86417 100.83072
6602.68355 26.02884 0.87666 0.84263 99.01359
6603.14936 26.24551 0.88445 0.84965 99.56523
6602.53567 25.98935 0.87520 0.84135 98.96368
6601.48311 25.57048 0.86006 0.82779 98.00108
6600.76684 25.25754 0.84879 0.81766 97.21820
6600.56837 25.17642 0.84588 0.81504 97.00493
6599.46289 24.73474 0.82995 0.80074 95.91185
6598.32760 24.24441 0.81231 0.78486 94.66313
6599.04269 24.52089 0.82230 0.79381 95.30901
6597.89359 24.12597 0.80794 0.78103 94.49193
6596.44650 23.56938 0.78790 0.76301 93.18634
6595.23500 23.00310 0.76734 0.74468 91.56559
6594.50770 22.61864 0.75413 0.73223 90.45272
6593.42085 22.01953 0.73563 0.71284 88.90955
6592.89624 21.71762 0.72555 0.70306 87.99842
6592.56511 21.52202 0.71860 0.69673 87.34255
6591.80868 21.13399 0.70456 0.68417 86.09889
6592.27625 21.33948 0.71209 0.69082 86.71265
6591.75039 21.14932 0.70506 0.68467 86.21617
6590.59546 20.70181 0.68900 0.67018 84.89929
6589.75928 20.35720 0.67673 0.65902 83.92177
6591.32055 20.82308 0.69357 0.67411 84.96787
6590.39132 20.63911 0.68673 0.66815 84.76486
6589.38726 20.44822 0.67964 0.66197 84.64888
6588.35880 20.24392 0.67204 0.65536 84.47917
6587.48576 20.07210 0.66566 0.64979 84.33944
6586.60456 19.92138 0.66004 0.64491 84.31690
6586.25510 19.85955 0.65774 0.64291 84.29991
6585.64695 19.73494 0.65316 0.63888 84.18115
6584.78247 19.61611 0.64863 0.63503 84.31722
6583.44305 19.39312 0.64034 0.62781 84.36779
6581.79116 19.03648 0.62745 0.61627 83.88380
6580.35171 18.60686 0.61205 0.60236 82.90233
6579.19667 18.17367 0.59668 0.58834 81.59270
6577.83937 17.55792 0.57496 0.56840 79.42510
6576.47400 16.82075 0.54902 0.54454 76.53376
6575.58081 16.26844 0.52964 0.52666 74.22489
6574.42858 15.46990 0.50165 0.50081 70.75181
6573.32945 14.59721 0.47124 0.47256 66.72693
6572.47155 13.81907 0.44368 0.44736 63.03409
6571.54207 12.91624 0.41508 0.41814 59.26693
6570.65675 11.91283 0.38078 0.38565 54.61043
6570.18304 11.33381 0.36066 0.36691 51.86998
0.00000 0.00000 0.00000 0.00000 0.00000
