6224.11206 10.00856 0.33231 0.32401 119.61141
6225.11256 10.00657 0.33261 0.32394 119.57830
6226.11306 10.00063 0.33258 0.32375 119.50588
6247.12356 10.00389 0.33998 0.32386 119.65903
6248.12406 10.03604 0.34151 0.32490 120.06137
6248.92763 10.04184 0.34211 0.32508 120.15389
6249.12456 10.04295 0.34223 0.32512 120.17101
6250.12506 10.06083 0.34320 0.32570 120.40114
6251.12556 10.06859 0.34375 0.32595 120.51992
6252.12606 10.05930 0.34373 0.32565 120.42979
6253.12656 10.04709 0.34359 0.32525 120.30770
6253.36102 10.04184 0.34347 0.32508 120.25169
6254.12706 10.02008 0.34291 0.32438 120.00660
6465.65347 10.04184 0.22735 0.32508 113.65659
6466.23312 10.11858 0.23068 0.32757 114.01064
6467.23362 10.25078 0.23643 0.33185 114.64107
6468.23412 10.37813 0.24204 0.33597 115.21136
6469.23462 10.48742 0.24716 0.33951 115.45107
6470.23512 10.59291 0.25212 0.34292 115.62923
6471.23562 10.70566 0.25728 0.34657 115.86013
6472.23612 10.82639 0.26266 0.35048 116.16236
6473.23662 10.96362 0.26863 0.35493 116.62753
6473.76447 11.04603 0.27213 0.35759 116.97840
6474.23712 11.11883 0.27522 0.35995 117.27328
6475.23762 11.29436 0.28253 0.36563 118.10902
6476.23812 11.43017 0.28852 0.37003 118.45740
6477.23862 11.55120 0.29394 0.37395 118.70633
6478.23912 11.69100 0.30028 0.37847 119.02501
6479.23962 11.82581 0.30645 0.38284 119.26447
6480.24012 11.97330 0.31308 0.38761 119.63384
6480.72130 12.05021 0.31646 0.39010 119.88036
6481.24062 12.12780 0.31988 0.39261 120.06777
6482.24112 12.28340 0.32689 0.39765 120.51715
6483.24162 12.44537 0.33389 0.40289 120.93869
6484.24212 12.62287 0.34130 0.40864 121.43219
6485.24262 12.79446 0.34797 0.41419 121.83432
6486.24312 13.00430 0.35597 0.42099 122.44737
6486.48289 13.05439 0.35780 0.42261 122.55177
6487.24362 13.20728 0.36350 0.42756 122.85775
6488.24412 13.38481 0.37021 0.43331 123.00012
6489.24462 13.57310 0.37759 0.43940 123.32164
6490.24512 13.76770 0.38550 0.44570 123.79890
6491.24562 13.97975 0.39431 0.45257 124.52763
6491.56261 14.05858 0.39753 0.45512 124.87272
6492.24612 14.20581 0.40373 0.45988 125.36678
6493.24662 14.39785 0.41196 0.46610 125.77244
6494.24712 14.57292 0.41941 0.47177 126.04842
6495.24762 14.78373 0.42796 0.47859 126.62736
6496.24812 15.00967 0.43718 0.48591 127.25860
6496.48736 15.06276 0.43936 0.48763 127.39563
6497.24862 15.21957 0.44586 0.49270 127.69193
6498.24912 15.43169 0.45462 0.49957 128.12562
6499.24962 15.64220 0.46344 0.50638 128.49929
6500.25013 15.87633 0.47310 0.51396 129.07258
6500.96287 16.06695 0.48078 0.52014 129.71412
6501.25063 16.13864 0.48367 0.52246 129.91086
6502.25113 16.37040 0.49306 0.52996 130.37764
6503.25163 16.57118 0.50112 0.53646 130.70578
6504.25213 16.80451 0.51047 0.54401 131.11213
6505.25263 17.06611 0.52092 0.55248 131.78165
6505.27148 17.07113 0.52112 0.55264 131.79466
6506.25313 17.31428 0.53096 0.56052 132.27163
6507.25363 17.54184 0.54034 0.56788 132.52040
6508.25413 17.77371 0.54975 0.57539 132.77892
6509.25463 18.04200 0.56030 0.58407 133.35973
6509.35654 18.07531 0.56158 0.58515 133.47586
6510.25513 18.36246 0.57262 0.59445 134.41940
6511.25563 18.63990 0.58356 0.60343 134.98694
6512.25613 18.89399 0.59355 0.61166 135.54679
6512.80865 19.07950 0.60065 0.61766 136.16861
6513.25663 19.21701 0.60598 0.62211 136.51312
6514.25713 19.47517 0.61612 0.63047 136.81668
6515.25763 19.75360 0.62689 0.63948 137.26409
6516.25813 20.04350 0.63805 0.64887 137.79434
6516.38873 20.08368 0.63961 0.65017 137.88214
6517.25863 20.32626 0.64916 0.65802 138.22034
6518.25913 20.58619 0.65925 0.66644 138.36901
6519.25963 20.85711 0.66964 0.67521 138.58947
6519.92154 21.08787 0.67835 0.68268 139.20678
6520.26013 21.21880 0.68330 0.68692 139.74534
6521.26063 21.53993 0.69573 0.69731 140.65343
6522.26113 21.85688 0.70762 0.70757 141.12592
6522.96711 22.09205 0.71569 0.71519 141.41208
6523.26163 22.19900 0.71902 0.71865 141.52227
6524.26213 22.54312 0.73013 0.72979 141.85117
6525.26263 22.87330 0.74147 0.74048 142.21880
6525.85620 23.09623 0.74979 0.74769 142.79232
6526.26313 23.23118 0.75505 0.75206 143.05363
6527.26363 23.56354 0.76770 0.76282 143.64277
6528.26413 23.87455 0.77914 0.77289 143.93995
6528.90326 24.10042 0.78731 0.78020 144.32291
6529.26463 24.23469 0.79223 0.78455 144.65882
6530.26513 24.54172 0.80363 0.79449 145.12043
6531.26563 24.86690 0.81578 0.80502 145.44850
6531.91120 25.10460 0.82449 0.81271 145.90926
6532.26613 25.24970 0.82974 0.81741 146.28238
6533.26663 25.63416 0.84395 0.82985 147.08657
6534.26713 25.99783 0.85697 0.84163 147.68467
6534.56452 26.10879 0.86098 0.84522 147.88194
6535.26763 26.36479 0.87016 0.85351 148.27952
6536.26813 26.70575 0.88228 0.86455 148.62221
6537.26863 27.07023 0.89541 0.87634 149.12226
6537.38502 27.11297 0.89697 0.87773 149.17903
6538.26913 27.41935 0.90792 0.88765 149.70287
6539.26963 27.74562 0.91975 0.89821 149.90490
6540.27014 28.10287 0.93258 0.90977 150.29851
6540.30320 28.11715 0.93309 0.91024 150.33215
6541.27064 28.53793 0.94840 0.92386 151.32740
6542.27114 28.93295 0.96259 0.93665 151.98819
6542.70853 29.12134 0.96910 0.94275 152.38284
6543.27164 29.37043 0.97770 0.95081 152.93835
6544.27214 29.75431 0.99202 0.96324 153.47659
6545.16866 30.12552 1.00564 0.97525 154.18789
6545.27264 30.17429 1.00747 0.97683 154.31736
6546.27314 30.64102 1.02357 0.99194 155.16622
6547.27364 31.05283 1.03596 1.00527 155.49035
6547.44615 31.12971 1.03838 1.00776 155.65009
6548.27414 31.48462 1.05057 1.01925 156.23418
6549.27464 31.84615 1.06365 1.03096 156.48034
6549.92782 32.13389 1.07393 1.04027 157.03195
6550.27514 32.29181 1.07960 1.04538 157.35381
6551.27564 32.71324 1.09501 1.05903 157.95137
6552.24883 33.13808 1.11035 1.07278 158.64686
6552.27614 33.15113 1.11082 1.07320 158.67489
6553.27664 33.59044 1.12669 1.08742 159.38553
6554.27714 33.99735 1.14178 1.10060 159.81503
6554.58350 34.14226 1.14713 1.10529 160.09588
6555.27764 34.48421 1.15930 1.11636 160.81815
6556.27814 34.86019 1.17255 1.12853 161.25810
6556.85030 35.14644 1.18276 1.13780 161.86635
6557.27864 35.37542 1.19120 1.14521 162.42251
6558.27914 35.81954 1.20766 1.15959 163.01966
6559.04199 36.15063 1.21936 1.17030 163.40686
6559.27964 36.26296 1.22337 1.17394 163.59703
6560.28014 36.74712 1.24115 1.18961 164.44880
6561.13987 37.15481 1.25612 1.20281 165.08835
6561.28064 37.22675 1.25873 1.20514 165.23106
6562.28114 37.70211 1.27512 1.22053 165.96590
6563.23173 38.15900 1.29217 1.23532 166.66220
6563.28164 38.18585 1.29316 1.23619 166.71970
6564.28214 38.67487 1.31097 1.25202 167.45829
6565.28264 39.08356 1.32577 1.26525 167.94092
6565.43641 39.16318 1.32868 1.26783 168.12977
6566.28314 39.64718 1.34595 1.28350 169.16325
6567.18511 40.16736 1.36235 1.30034 169.88312
6567.28364 40.22217 1.36401 1.30211 169.94756
6568.28414 40.71663 1.38035 1.31812 170.46723
6569.19582 41.17155 1.39750 1.33285 171.17718
6569.28464 41.21906 1.39930 1.33438 171.26491
6570.28514 41.74661 1.41833 1.35146 172.14802
6571.11571 42.17573 1.43322 1.36535 172.79229
6571.28564 42.27845 1.43709 1.36868 173.02719
6572.28614 42.80752 1.45674 1.38581 173.88874
6573.04993 43.17992 1.46981 1.39786 174.28396
6573.28664 43.29976 1.47393 1.40174 174.50220
6574.28714 43.76032 1.49079 1.41665 175.08761
6575.04723 44.18410 1.50639 1.43037 175.79865
6575.28764 44.32804 1.51178 1.43503 176.10083
6576.28814 44.82931 1.52938 1.45126 176.67083
6576.95135 45.18828 1.54240 1.46288 177.21964
6577.28864 45.39387 1.55009 1.46954 177.64351
6578.28914 45.92887 1.56958 1.48686 178.39074
6578.76420 46.19247 1.57833 1.49539 178.80596
6579.28964 46.49027 1.58912 1.50503 179.30121
6580.29015 47.06173 1.61023 1.52353 180.23152
6580.52056 47.19665 1.61487 1.52790 180.46821
6581.29065 47.62272 1.63029 1.54169 181.15975
6582.29115 48.14727 1.64902 1.55867 181.69052
6582.39585 48.20084 1.65085 1.56041 181.73628
6583.29165 48.70012 1.66608 1.57657 182.30608
6584.09635 49.20502 1.68261 1.59291 183.09239
6584.29215 49.32916 1.68707 1.59693 183.36077
6585.29265 49.91253 1.70923 1.61582 184.34190
6585.77605 50.20921 1.71955 1.62542 184.87324
6586.29315 50.52396 1.73013 1.63561 185.42405
6587.29365 51.07332 1.75037 1.65340 186.11507
6587.52116 51.21339 1.75552 1.65793 186.36714
6588.29415 51.68081 1.77206 1.67306 187.15502
6589.22262 52.21757 1.79058 1.69044 187.93856
6589.29465 52.26472 1.79229 1.69197 188.03254
6590.29515 52.87272 1.81425 1.71165 189.01964
6590.90132 53.22176 1.82652 1.72295 189.55402
6591.29565 53.46416 1.83496 1.73080 190.10160
6592.29615 54.02552 1.85561 1.74897 190.90444
6592.62661 54.22594 1.86254 1.75546 191.22223
6593.29665 54.62502 1.87553 1.76838 191.83560
6594.24427 55.23013 1.89774 1.78796 192.92359
6594.29715 55.26716 1.89914 1.78916 193.00271
6595.29765 55.87309 1.92060 1.80878 193.94927
6595.90045 56.23431 1.93175 1.82047 194.48291
6596.29815 56.48479 1.94088 1.82858 194.91904
6597.29865 57.11136 1.96376 1.84887 196.03242
6597.49241 57.23849 1.96773 1.85298 196.24381
6598.29915 57.80513 1.98416 1.87133 197.07719
6598.90690 58.24268 1.99854 1.88549 197.80883
6599.29965 58.51204 2.00903 1.89421 198.35043
6600.30015 59.09829 2.02679 1.91319 199.32703
6600.55676 59.24686 2.03195 1.91800 199.60474
6601.30065 59.70558 2.04915 1.93285 200.41438
6602.16258 60.25105 2.06708 1.95051 201.35236
6602.30115 60.33931 2.06987 1.95336 201.51164
6603.30165 60.96153 2.09049 1.97351 202.56741
6603.73406 61.25523 2.10168 1.98302 203.15812
6604.30215 61.63842 2.11289 1.99542 203.90771
6605.28338 62.25941 2.13334 2.01552 205.01579
6605.30265 62.27281 2.13383 2.01596 205.04387
6606.30315 62.93620 2.15660 2.03743 206.34868
6606.78492 63.26360 2.16554 2.04803 207.00682
6607.30365 63.61516 2.17595 2.05941 207.73212
6608.22975 64.26778 2.19912 2.08054 209.12521
6608.30415 64.32297 2.20068 2.08233 209.25199
6609.30465 64.89075 2.21662 2.10071 210.33292
6609.88103 65.27197 2.23004 2.11305 211.16251
6610.30515 65.60068 2.24076 2.12369 211.95033
6611.27316 66.27615 2.25670 2.14556 213.18741
6611.30565 66.29929 2.25708 2.14631 213.22238
6612.30615 67.01614 2.27879 2.16951 214.69511
6612.67573 67.28033 2.28623 2.17807 215.34707
6613.30665 67.71276 2.29695 2.19207 216.34236
6614.10867 68.28452 2.31363 2.21057 217.69979
6614.30715 68.42897 2.31777 2.21525 218.05270
6615.30765 69.06878 2.33265 2.23596 219.50619
6615.60714 69.28870 2.33697 2.24308 220.05339
6616.30815 69.80978 2.35220 2.25995 221.38573
6617.00776 70.29289 2.36184 2.27559 222.59575
6617.30865 70.51547 2.36642 2.28280 223.17851
6618.30915 71.13248 2.38055 2.30277 224.74965
6618.53978 71.29707 2.38432 2.30810 225.20782
6619.30965 71.84315 2.39505 2.32578 226.68300
6619.94961 72.30126 2.40387 2.34061 227.94174
6620.31016 72.56717 2.41002 2.34922 228.68707
6621.31066 73.26302 2.42084 2.37174 230.67497
6621.36817 73.30544 2.42145 2.37312 230.79822
6622.31116 73.99958 2.43689 2.39559 232.82240
6622.72310 74.30962 2.44122 2.40563 233.76286
6623.31166 74.75098 2.44826 2.41991 235.13149
6624.10150 75.31381 2.45710 2.43813 236.78464
6624.31216 75.47835 2.45853 2.44346 237.24401
6625.31266 76.28618 2.46838 2.46961 239.68934
6625.35477 76.31799 2.46891 2.47064 239.79390
6626.31316 76.97513 2.48136 2.49192 242.04529
6626.85631 77.32218 2.48374 2.50315 243.23653
6627.31366 77.63114 2.48546 2.51315 244.33199
6628.28592 78.32636 2.50612 2.53566 246.81510
6628.31416 78.34677 2.50673 2.53632 246.88953
6629.31466 79.06994 2.51943 2.55973 249.59910
6629.65483 79.33054 2.53231 2.56817 250.56212
6630.31516 79.83423 2.59517 2.58447 252.46049
6631.03744 80.33473 2.66953 2.60068 254.54374
6631.31566 80.54348 2.69197 2.60743 255.38271
6632.31616 81.29429 2.67411 2.63174 258.50384
6632.37634 81.33891 2.67034 2.63318 258.69626
6633.31666 82.01320 2.63603 2.65501 261.75208
6633.73802 82.34310 2.63168 2.66569 263.19570
6634.31716 82.79718 2.62617 2.68039 265.22641
6635.07762 83.34728 2.61844 2.69820 268.06946
6635.31766 83.55977 2.61900 2.70508 268.96040
6636.31816 84.34058 2.64214 2.73036 272.45716
6636.33098 84.35146 2.64253 2.73071 272.50861
6637.31866 85.07979 2.66852 2.75429 276.66000
6637.67434 85.35565 2.67812 2.76322 278.20061
6638.31916 85.83770 2.69218 2.77882 281.12889
6638.99565 86.35983 2.70913 2.79573 284.30909
6639.31966 86.63232 2.72067 2.80455 285.82331
6640.29300 87.36402 2.75164 2.82824 290.86143
6640.32016 87.38611 2.75254 2.82895 290.99429
6641.32066 88.17177 2.78463 2.85438 296.34197
6641.57891 88.36820 2.79308 2.86074 297.81096
6642.32116 88.92539 2.81698 2.87878 302.12626
6642.86883 89.37238 2.83565 2.89325 305.30729
6643.32166 89.75749 2.85256 2.90572 307.95808
6644.23188 90.37657 2.88300 2.92576 313.63700
6644.32216 90.44248 2.88646 2.92789 314.10369
6645.32266 91.22383 2.92593 2.95319 320.17091
6645.51842 91.38075 2.93395 2.95827 321.47030
6646.32316 92.02598 2.96495 2.97916 326.77940
6646.77255 92.38494 2.98197 2.99078 329.75645
6647.32366 92.86225 3.00362 3.00623 333.40799
6647.91552 93.38912 3.02215 3.02329 337.71964
6648.32416 93.73444 3.03067 3.03447 340.53037
6649.17410 94.39331 3.04518 3.05579 346.57064
6649.32466 94.51732 3.04841 3.05981 347.60007
6650.32516 95.29232 3.06967 3.08490 354.91762
6650.45008 95.39749 3.07266 3.08830 355.75901
6651.32566 96.11333 3.09362 3.11148 361.91432
6651.66917 96.40167 3.10262 3.12081 364.21690
6652.32616 96.95357 3.11971 3.13868 368.61259
6652.92635 97.40586 3.13419 3.15332 373.30298
6653.32666 97.73317 3.14505 3.16392 375.55284
6654.24279 98.41004 3.16734 3.18583 381.38941
6654.32716 98.47345 3.16949 3.18788 382.04106
6655.32766 99.29008 3.19739 3.21432 389.09551
6655.47124 99.41423 3.20169 3.21834 390.03745
6656.32816 100.18557 3.22875 3.24331 395.11315
6656.60435 100.41841 3.23697 3.25085 396.86700
6657.32866 101.05816 3.26016 3.27156 401.11485
6657.75162 101.42259 3.27187 3.28335 404.11654
6658.32916 101.95040 3.28843 3.30044 408.16812
6658.84114 102.42678 3.30521 3.31586 411.03823
6659.32966 102.84025 3.32035 3.32925 413.94624
6660.00267 103.43096 3.34183 3.34837 417.92730
6660.33017 103.73048 3.35269 3.35807 419.64608
6661.16372 104.43515 3.37826 3.38088 424.88891
6661.33067 104.58652 3.38379 3.38578 425.81605
6662.33117 105.35632 3.41177 3.41070 431.11102
6662.42703 105.43933 3.41478 3.41339 431.53508
6663.33167 106.23092 3.44360 3.43901 436.67263
6663.57048 106.44351 3.45126 3.44590 437.95378
6664.33217 107.08699 3.47462 3.46673 442.43087
6664.74066 107.44770 3.48768 3.47840 444.63854
6665.33267 107.99926 3.50748 3.49626 447.41506
6665.85817 108.45188 3.52390 3.51091 450.34793
6666.33317 108.85840 3.53859 3.52407 453.03550
6667.00181 109.45607 3.55996 3.54342 456.44195
6667.33367 109.76237 3.57103 3.55334 457.98898
6668.11981 110.46025 3.59581 3.57593 462.09018
6668.33417 110.67626 3.60251 3.58292 463.22936
6669.14575 111.46444 3.62813 3.60844 467.44326
6669.33467 111.63340 3.63424 3.61391 468.34495
6670.29441 112.46862 3.66432 3.64095 473.38689
6670.33517 112.50484 3.66559 3.64212 473.60749
6671.33567 113.33359 3.69506 3.66895 478.08158
6671.48697 113.47280 3.69997 3.67346 478.43733
6672.33617 114.24500 3.72732 3.69845 482.21396
6672.59573 114.47699 3.73557 3.70596 483.52608
6673.33667 115.15952 3.75968 3.72806 486.76599
6673.68978 115.48117 3.77101 3.73847 488.35127
6674.33717 116.06867 3.79185 3.75749 491.30756
6674.78253 116.48536 3.80648 3.77098 493.21643
6675.33767 116.99002 3.82426 3.78732 495.69463
6675.89085 117.48954 3.84191 3.80349 498.22137
6676.33817 117.91236 3.85668 3.81718 500.04325
6676.94739 118.49372 3.87734 3.83600 502.31934
6677.33867 118.91285 3.89164 3.84957 503.34376
6677.94501 119.49791 3.90958 3.86851 506.61328
6678.33917 119.85250 3.92107 3.87998 508.74345
6678.99972 120.50209 3.94399 3.90101 511.11786
6679.33967 120.83157 3.95553 3.91168 512.15350
6680.12320 121.50628 3.97893 3.93352 514.58845
6680.34017 121.70487 3.98588 3.93995 515.39797
6681.20350 122.51046 4.01404 3.96603 519.06868
6681.34067 122.63687 4.01842 3.97012 519.63516
6682.30042 123.51464 4.04907 3.99854 523.72752
6682.34117 123.55272 4.05040 3.99977 523.89722
6683.34167 124.50522 4.08349 4.03061 527.71816
6683.35574 124.51883 4.08397 4.03105 527.76767
6684.34217 125.47300 4.11714 4.06194 531.32970
6684.39343 125.52301 4.11887 4.06356 531.51537
6685.34267 126.46327 4.15141 4.09400 534.66961
6685.40884 126.52720 4.15362 4.09606 534.89922
6686.34317 127.37805 4.18316 4.12361 538.93061
6686.50849 127.53138 4.18858 4.12857 539.55600
6687.34367 128.40160 4.21730 4.15675 542.42257
6687.48125 128.53556 4.22144 4.16108 543.11357
6688.34417 129.38370 4.24878 4.18854 545.52266
6688.49357 129.53975 4.25430 4.19359 545.53450
6689.34467 130.34405 4.28211 4.21963 548.67763
6689.54606 130.54393 4.28899 4.22610 549.36010
6690.34517 131.34768 4.31668 4.25212 551.80192
6690.55767 131.54812 4.32360 4.25861 552.63552
6691.34567 132.32904 4.35039 4.28389 555.25742
6691.56949 132.55230 4.35809 4.29112 555.99062
6692.34617 133.30437 4.38398 4.31546 558.76866
6692.59581 133.55649 4.39261 4.32362 559.54342
6693.34667 134.29945 4.41820 4.34768 562.05587
6693.61543 134.56067 4.42719 4.35613 563.00917
6694.34717 135.30557 4.45267 4.38025 565.21127
6694.60710 135.56485 4.46151 4.38864 566.07415
6695.34767 136.29916 4.48701 4.41241 568.44088
6695.60447 136.56904 4.49606 4.42115 569.17864
6696.34817 137.41123 4.52145 4.44841 571.68033
6696.49844 137.57322 4.52678 4.45366 572.14900
6697.34867 138.41155 4.55569 4.48080 574.25302
6697.52607 138.57741 4.56132 4.48617 574.58815
6698.34917 139.37240 4.58847 4.51190 577.07869
6698.54637 139.58159 4.59562 4.51867 577.63539
6699.34967 140.39914 4.62353 4.54514 580.07802
6699.53515 140.58577 4.62993 4.55118 580.67403
6700.35018 141.40323 4.65785 4.57765 583.32713
6700.53607 141.58996 4.66425 4.58369 583.92303
6701.35068 142.42786 4.69282 4.61082 586.33401
6701.50892 142.59414 4.69851 4.61620 586.77300
6702.35118 143.49889 4.72928 4.64549 588.83436
6702.44349 143.59833 4.73265 4.64871 589.06146
6703.35168 144.54584 4.76488 4.67938 591.64219
6703.40755 144.60251 4.76681 4.68122 591.82024
6704.35218 145.58127 4.80039 4.71290 594.50491
6704.37709 145.60669 4.80124 4.71373 594.58513
6705.20826 146.61088 4.83178 4.74623 596.57200
6705.35268 146.75872 4.83657 4.75102 597.11369
6706.19048 147.61506 4.86598 4.77874 599.63775
6706.35318 147.78305 4.87163 4.78418 599.87326
6707.23320 148.61925 4.90005 4.81125 602.02362
6707.35368 148.73641 4.90406 4.81504 602.47099
6708.16872 149.62343 4.93411 4.84376 604.58249
6708.35418 149.81980 4.94080 4.85012 605.07479
6709.13890 150.62762 4.96825 4.87627 607.47952
6709.35468 150.84965 4.97581 4.88346 608.14486
6710.05964 151.63180 5.00224 4.90878 609.70490
6710.35518 151.94977 5.01306 4.91907 610.46935
6710.99210 152.63598 5.03636 4.94128 612.11535
6711.35568 153.04749 5.05020 4.95461 612.86007
6711.89477 153.64017 5.07031 4.97379 614.11243
6712.35618 154.13803 5.08737 4.98991 615.23033
6712.79367 154.64435 5.10295 5.00630 616.53169
6713.35668 155.28711 5.12240 5.02711 618.39888
6713.67713 155.64854 5.13488 5.03881 618.97254
6714.35718 156.38843 5.16008 5.06276 620.81804
6714.62520 156.65272 5.16903 5.07132 621.72187
6715.35768 157.37613 5.19350 5.09474 623.15486
6715.60917 157.65690 5.20294 5.10383 623.40366
6716.35818 158.47329 5.23050 5.13026 625.42122
6716.53223 158.66109 5.23686 5.13634 625.89577
6717.35868 159.56511 5.26743 5.16560 627.94459
6717.45262 159.66527 5.27082 5.16884 628.21414
6718.35918 160.65500 5.30428 5.20088 630.55219
6718.37222 160.66946 5.30477 5.20135 630.58346
6719.26867 161.67364 5.33871 5.23386 632.64582
6719.35968 161.77216 5.34205 5.23705 632.88947
6720.14570 162.67782 5.37244 5.26637 634.48714
6720.36018 162.92255 5.38084 5.27429 634.89477
6721.00821 163.68201 5.40574 5.29888 636.28542
6721.36068 164.11827 5.41854 5.31300 637.33492
6721.81920 164.68619 5.43665 5.33139 638.14700
6722.36118 165.27595 5.45689 5.35048 639.49074
6722.74050 165.69038 5.47078 5.36389 640.65572
6723.36168 166.36202 5.49349 5.38564 642.06148
6723.69176 166.69456 5.50465 5.39640 642.57689
6724.36218 167.39380 5.52823 5.41904 644.13030
6724.63191 167.69874 5.53853 5.42891 644.83523
6725.36268 168.51375 5.56596 5.45530 646.67264
6725.53052 168.70293 5.57234 5.46142 647.06090
6726.36318 169.61607 5.60318 5.49098 649.29461
6726.44535 169.70711 5.60624 5.49393 649.50469
6727.31529 170.71130 5.64003 5.52644 651.37520
6727.36368 170.76462 5.64183 5.52816 651.50500
6728.17153 171.71548 5.67409 5.55895 652.96753
6728.36418 171.95246 5.68182 5.56662 653.30838
6728.98217 172.71967 5.70445 5.59145 655.07718
6729.36468 173.16044 5.71885 5.60572 656.06741
6729.83746 173.72385 5.73807 5.62396 656.84224
6730.36518 174.32924 5.75834 5.64356 658.07271
6730.70136 174.72803 5.77172 5.65647 658.71978
6731.36568 175.48827 5.79733 5.68108 660.22407
6731.57682 175.73222 5.80554 5.68898 660.70708
6732.36618 176.64346 5.83618 5.71848 662.49295
6732.45436 176.73640 5.83932 5.72149 662.68678
6733.36668 177.72512 5.87244 5.75350 664.03140
6733.37936 177.74059 5.87296 5.75400 664.05035
6734.20025 178.74477 5.90663 5.78650 665.52339
6734.36718 178.93246 5.91292 5.79258 665.94799
6735.08249 179.74895 5.94042 5.81901 667.64805
6735.36768 180.08666 5.95168 5.82995 668.25442
6735.93539 180.75314 5.97427 5.85152 669.38477
6736.36818 181.28960 5.99174 5.86889 670.20684
6736.72391 181.75732 6.00522 5.88403 671.12997
6737.36868 182.50968 6.02957 5.90839 672.84049
6737.58124 182.76151 6.03816 5.91654 673.23447
6738.36918 183.69793 6.06950 5.94685 674.85716
6738.42628 183.76569 6.07178 5.94905 674.97471
6739.25833 184.76987 6.10553 5.98156 676.55597
6739.36968 184.89962 6.10989 5.98576 676.80915
6740.08518 185.77406 6.13915 6.01406 678.06900
6740.37019 186.10027 6.15012 6.02462 678.86288
6740.97519 186.77824 6.17288 6.04657 680.33836
6741.37069 187.23539 6.18812 6.06137 680.66500
6741.83718 187.78243 6.20637 6.07908 681.06999
6742.37119 188.39339 6.22688 6.09886 682.50315
6742.68950 188.78661 6.23999 6.11159 683.08927
6743.37169 189.59433 6.26729 6.13774 684.48422
6743.53008 189.79079 6.27342 6.14410 684.87305
6744.26258 190.79498 6.30359 6.17661 686.20814
6744.37219 190.92378 6.30794 6.18078 686.44568
6745.07081 191.79916 6.33745 6.20911 687.49305
6745.37269 192.15860 6.34945 6.22075 688.15922
6745.92596 192.80335 6.37111 6.24162 689.47933
6746.37319 193.32070 6.38847 6.25837 690.57977
6746.76882 193.80753 6.40476 6.27413 691.30807
6747.37369 194.53455 6.42911 6.29767 692.57737
6747.59831 194.81172 6.43839 6.30664 692.98350
6748.37419 195.76879 6.47034 6.33762 694.43185
6748.41339 195.81590 6.47191 6.33915 694.51498
6749.25619 196.82008 6.50552 6.37166 696.33779
6749.37469 196.96687 6.51040 6.37641 696.57928
6750.06538 197.82427 6.53944 6.40417 697.79165
6750.37519 198.21664 6.55212 6.41687 697.93304
6750.84967 198.82845 6.56976 6.43667 698.53724
6751.37569 199.43496 6.58923 6.45631 699.99196
6751.69878 199.83264 6.60288 6.46918 700.61262
6752.37619 200.65296 6.63023 6.49574 702.03133
6752.52075 200.83682 6.63635 6.50169 702.25501
6753.31298 201.84100 6.66987 6.53420 703.55898
6753.37669 201.91982 6.67251 6.53675 703.68078
6754.10321 202.84519 6.70336 6.56671 704.84965
6754.37719 203.16950 6.71419 6.57721 705.48545
6754.92990 203.84937 6.73693 6.59922 706.57593
6755.37769 204.40134 6.75532 6.61708 707.46219
6755.72164 204.85356 6.77037 6.63172 707.89537
6756.37819 205.69891 6.79855 6.65909 708.90380
6756.50593 205.85774 6.80383 6.66423 709.14473
6757.35893 206.86192 6.83759 6.69674 711.18388
6757.37869 206.88698 6.83845 6.69755 711.20802
6758.08334 207.86611 6.86893 6.72925 712.33793
6758.37919 208.24581 6.88015 6.74154 713.23284
6758.90387 208.87029 6.90102 6.76176 713.90628
6759.37969 209.39850 6.91871 6.77886 714.52984
6759.75153 209.87448 6.93448 6.79427 715.06266
6760.38019 210.66373 6.96084 6.81982 716.34933
6760.54746 210.87866 6.96802 6.82677 716.61059
6761.34085 211.88285 7.00142 6.85928 717.98873
6761.38069 211.93132 7.00304 6.86085 718.07708
6762.09719 212.88703 7.03483 6.89179 718.97925
6762.38119 213.24308 7.04671 6.90332 719.51570
6762.89957 213.89121 7.06828 6.92430 720.49792
6763.38169 214.47381 7.08770 6.94316 721.58605
6763.70811 214.89540 7.10170 6.95681 722.12552
6764.38219 215.76215 7.13091 6.98487 723.14643
6764.48834 215.89958 7.13518 6.98932 723.38869
6765.18030 216.90377 7.16493 7.02183 724.53338
6765.38269 217.15451 7.17333 7.02994 724.93259
6765.98183 217.90795 7.19877 7.05433 725.99442
6766.38319 218.40501 7.21529 7.07043 726.82721
6766.75666 218.91213 7.23210 7.08684 727.22389
6767.38369 219.72024 7.25896 7.11300 728.35659
6767.55471 219.91632 7.26552 7.11935 728.83953
6768.38419 220.83536 7.29617 7.14910 730.40834
6768.45356 220.92050 7.29898 7.15186 730.45416
6769.23576 221.92469 7.33236 7.18437 731.61595
6769.38469 222.10918 7.33853 7.19034 731.95602
6770.00309 222.92887 7.36575 7.21688 732.81322
6770.38519 223.40880 7.38176 7.23241 733.55704
6770.77016 223.93305 7.39906 7.24938 734.01575
6771.38569 224.71688 7.42543 7.27476 735.05351
6771.56521 224.93724 7.43278 7.28189 735.44553
6772.24526 225.94142 7.46242 7.31440 736.51575
6772.38619 226.11364 7.46800 7.31998 736.86733
6773.01379 226.94561 7.49595 7.34691 737.68787
6773.38669 227.43058 7.51197 7.36261 738.32860
6773.78299 227.94979 7.52922 7.37942 738.93660
6774.38719 228.69539 7.55405 7.40356 740.22980
6774.58771 228.95397 7.56265 7.41193 740.57547
6775.35646 229.95816 7.59600 7.44444 741.78964
6775.38769 229.99733 7.59730 7.44570 741.85051
6776.13046 230.96234 7.62939 7.47694 743.18525
6776.38819 231.28771 7.64016 7.48748 743.48937
6776.95243 231.96653 7.66264 7.50945 743.97418
6777.38869 232.47534 7.67951 7.52592 744.90503
6777.75045 232.97071 7.69598 7.54196 745.37429
6778.38919 233.84876 7.72414 7.57039 746.34443
6778.48277 233.97490 7.72768 7.57447 746.60857
6779.21513 234.97908 7.75921 7.60698 747.87038
6779.38969 235.21430 7.76714 7.61459 748.06251
6779.94795 235.98326 7.79257 7.63949 748.71164
6780.39020 236.52806 7.81066 7.65712 749.66072
6780.73391 236.98745 7.82595 7.67199 750.15431
6781.39070 237.84133 7.85423 7.69964 751.26760
6781.50334 237.99163 7.85923 7.70450 751.42790
6782.24707 238.99582 7.89249 7.73701 752.42427
6782.39120 239.18406 7.89871 7.74311 752.65763
6782.99075 240.00000 7.92579 7.76952 753.42020
