6775.62365 245.55053 8.10080 7.94921 738.02711
6775.33678 245.19542 8.08898 7.93771 737.38752
6774.52864 244.16585 8.05470 7.90438 735.88260
6774.43610 244.04628 8.05062 7.90051 735.73826
6773.69740 243.07617 8.02083 7.86910 733.99624
6773.43666 242.74418 8.01090 7.85836 733.26144
6772.83888 241.94839 7.98442 7.83260 732.36988
6772.43066 241.39078 7.96597 7.81454 731.81318
6772.10091 240.97872 7.95232 7.80120 731.12641
6771.30977 239.89500 7.91640 7.76612 730.09246
6771.25280 239.81685 7.91383 7.76359 730.01917
6770.60501 238.91485 7.88399 7.73439 729.27158
6770.49109 238.78297 7.87958 7.73012 728.96802
6769.90558 238.01793 7.85423 7.70535 727.97781
6769.55346 237.54682 7.83857 7.69010 727.46332
6769.40931 237.38943 7.83331 7.68501 727.01047
6768.67540 236.50556 7.80382 7.65639 725.20687
6768.35819 236.11039 7.79075 7.64360 724.90212
6767.57628 235.10320 7.75748 7.61100 724.30010
6767.48696 234.99307 7.75374 7.60743 724.12022
6766.77064 234.06488 7.72429 7.57738 722.41388
6766.48584 233.69771 7.71364 7.56550 721.59922
6765.96579 233.02706 7.69175 7.54379 720.58934
6765.46213 232.36169 7.66951 7.52224 719.79390
6764.93932 231.67673 7.64686 7.50007 718.92027
6764.18824 230.55827 7.60991 7.46386 718.57754
6764.59498 231.11403 7.62832 7.48185 719.09489
6763.85790 230.19949 7.59788 7.45225 717.53401
6763.47769 229.72181 7.58195 7.43678 716.76492
6762.91536 228.98399 7.55750 7.41290 715.84499
6762.47469 228.40360 7.53821 7.39411 715.14347
6762.15872 228.00592 7.52500 7.38124 714.50995
6761.42141 227.02867 7.49259 7.34960 713.36156
6761.63420 227.30070 7.50159 7.35841 713.77130
6760.79828 226.29066 7.46759 7.32571 711.89401
6760.70034 226.17181 7.46358 7.32186 711.68097
6760.02455 225.36147 7.43906 7.29563 709.48390
6759.57440 224.83254 7.42261 7.27850 708.03946
6758.93676 224.00408 7.39489 7.25168 707.68307
6758.55986 223.51397 7.37876 7.23582 707.47455
6757.98573 222.79760 7.35489 7.21263 706.30984
6757.14876 221.58872 7.31483 7.17349 705.71676
6757.56211 222.14479 7.33336 7.19149 706.24954
6756.78114 221.16932 7.30080 7.15991 704.70081
6756.49291 220.81567 7.28902 7.14847 704.06134
6755.82005 219.93630 7.25981 7.12000 702.96476
6755.50579 219.51438 7.24583 7.10634 702.53388
6755.17890 219.11797 7.23261 7.09351 701.79796
6754.51770 218.27432 7.20445 7.06619 700.59216
6754.33260 218.04107 7.19671 7.05864 700.22626
6753.55501 217.04270 7.16323 7.02632 698.93431
6753.56614 217.06120 7.16385 7.02692 698.92103
6752.78739 216.08193 7.13401 6.99522 696.75581
6752.55634 215.78588 7.12497 6.98564 696.17398
6751.94964 215.02894 7.09947 6.96113 695.02229
6751.57454 214.52940 7.08297 6.94496 694.45386
6751.43556 214.37898 7.07792 6.94009 693.98505
6750.70775 213.52707 7.04949 6.91251 692.42170
6750.28632 212.99573 7.03186 6.89531 692.23986
6749.50843 211.99344 6.99855 6.86286 691.16693
6749.50161 211.98576 6.99829 6.86262 691.14483
6748.76672 211.04501 6.96696 6.83216 689.83070
6748.57592 210.81129 6.95917 6.82459 689.43138
6747.99060 210.07733 6.93471 6.80083 688.30553
6747.61896 209.60834 6.91905 6.78565 687.60575
6747.26192 209.18194 6.90483 6.77185 686.75591
6746.61008 208.37659 6.87773 6.74578 685.49561
6746.37635 208.08977 6.86866 6.73649 684.88266
6745.56284 207.06845 6.83753 6.70343 682.63770
6745.51740 207.01149 6.83563 6.70158 682.55310
6744.72525 206.00410 6.80198 6.66897 681.18562
6744.60043 205.84060 6.79653 6.66368 681.00253
6743.95631 205.05448 6.77025 6.63823 679.63967
6743.48443 204.43751 6.74971 6.61826 678.93086
6743.38054 204.30059 6.74516 6.61382 678.78276
6742.83787 203.68991 6.72468 6.59405 677.27926
6742.35657 203.11763 6.70550 6.57553 676.12032
6741.58748 202.15768 6.67353 6.54445 674.79444
6741.63253 202.21683 6.67549 6.54637 674.80708
6740.79872 201.21306 6.64209 6.51387 674.06616
6740.60960 200.98785 6.63457 6.50658 673.66976
6739.93872 200.15446 6.60683 6.47960 672.24808
6739.70821 199.88990 6.59793 6.47104 671.64927
6739.04798 199.08957 6.57091 6.44513 670.32525
6738.59471 198.51477 6.55395 6.42652 669.00830
6738.31062 198.17580 6.54381 6.41555 668.07609
6737.68753 197.41992 6.51844 6.39108 666.77974
6737.24812 196.88770 6.50063 6.37385 665.84173
6736.44164 195.81028 6.46480 6.33897 664.90591
6736.60181 196.02090 6.47179 6.34578 665.11177
6735.84971 195.08923 6.44068 6.31562 663.70293
6735.60661 194.79497 6.43083 6.30610 663.18836
6735.02756 194.07606 6.40684 6.28282 662.12335
6734.78989 193.77956 6.39693 6.27323 661.69180
6734.50708 193.47355 6.38660 6.26332 660.81041
6733.91742 192.81556 6.36449 6.24202 659.15752
6733.52661 192.37700 6.34972 6.22782 658.01877
6732.78952 191.53238 6.32158 6.20048 656.72938
6732.37131 191.02586 6.30456 6.18408 656.55008
6731.55441 190.00163 6.27251 6.15092 654.51982
6731.77407 190.26748 6.28023 6.15953 655.32240
6730.89478 189.24057 6.24824 6.12629 652.61102
6730.67924 188.97943 6.23935 6.11783 652.22059
6729.96975 188.12875 6.21087 6.09029 650.69452
6729.52063 187.57400 6.19231 6.07233 649.88950
6729.10855 187.04113 6.17450 6.05508 649.33962
6728.72030 186.58219 6.15912 6.04023 648.46368
6728.36785 186.16492 6.14512 6.02672 647.68010
6727.73042 185.39865 6.11948 6.00191 646.37995
6727.62169 185.28147 6.11552 5.99812 646.05048
6726.76801 184.28513 6.08211 5.96586 644.07381
6726.57838 184.05756 6.07448 5.95850 643.69123
6725.79330 183.09327 6.04226 5.92728 642.24805
6726.01179 183.34551 6.05069 5.93544 642.78502
6725.24963 182.52579 6.02293 5.90891 640.51594
6724.95300 182.20099 6.01183 5.89839 639.72536
6724.24836 181.42071 5.98825 5.87313 636.92774
6723.80720 180.92617 5.97273 5.85712 635.85049
6723.21865 180.23470 5.94932 5.83474 635.53704
6722.78344 179.73288 5.93255 5.81849 634.60543
6722.13687 178.96721 5.90685 5.79371 633.12827
6721.46485 178.09321 5.87766 5.76541 632.37953
6721.51933 178.16009 5.87990 5.76758 632.47505
6720.76178 177.27128 5.85006 5.73880 630.81530
6720.77924 177.29337 5.85080 5.73952 630.83989
6719.90561 176.29299 5.81715 5.70713 628.75497
6719.80049 176.17480 5.81315 5.70331 628.48332
6718.99784 175.24378 5.78185 5.67317 626.66289
6718.77987 174.99443 5.77347 5.66509 626.14882
6718.11161 174.21288 5.74723 5.63979 624.70778
6717.85550 173.91665 5.73735 5.63020 624.11134
6717.36420 173.36412 5.71844 5.61232 622.93410
6717.03034 172.99301 5.70578 5.60030 622.10995
6716.64784 172.59262 5.69351 5.58734 620.56140
6716.02216 171.93585 5.67372 5.56608 617.87270
6715.28655 171.10510 5.64566 5.53919 616.41802
6714.58833 170.24014 5.61691 5.51118 616.34353
6714.51228 170.14667 5.61378 5.50816 616.24547
6713.77763 169.28688 5.58482 5.48032 614.57264
6713.91660 169.44565 5.59017 5.48546 614.90534
6712.99951 168.44866 5.55656 5.45319 612.37309
6712.79174 168.21565 5.54868 5.44565 611.85096
6711.94051 167.23137 5.51557 5.41378 609.99852
6711.82416 167.10300 5.51125 5.40963 609.69517
6711.09591 166.26317 5.48302 5.38244 608.09983
6711.02523 166.18766 5.48046 5.37999 607.89315
6710.33848 165.45135 5.45556 5.35616 605.90692
6709.98556 165.06348 5.44250 5.34360 604.98258
6709.39933 164.42649 5.42075 5.32298 603.44320
6708.93153 163.91680 5.40517 5.30648 601.68564
6708.39730 163.31579 5.38703 5.28702 599.83081
6708.09576 162.97540 5.37539 5.27600 599.19196
6707.76090 162.64744 5.36400 5.26539 598.01395
6706.98891 161.84028 5.33669 5.23926 595.62155
6706.42405 161.19243 5.31503 5.21828 595.29045
6705.80747 160.48281 5.29119 5.19531 594.39386
6705.64309 160.29228 5.28475 5.18914 594.01791
6704.93727 159.50687 5.25819 5.16372 592.22382
6704.84744 159.41164 5.25496 5.16063 591.97211
6704.00064 158.49087 5.22381 5.13082 589.71750
6704.04491 158.53804 5.22541 5.13235 589.84275
6703.12690 157.57824 5.19291 5.10128 587.06398
6702.85497 157.28476 5.18301 5.09178 586.32115
6701.96421 156.28388 5.14923 5.05938 584.24761
6702.05176 156.38121 5.15251 5.06253 584.46352
6701.17717 155.44644 5.12054 5.03227 582.09775
6701.04328 155.30189 5.11562 5.02759 581.74510
6700.23387 154.43566 5.08933 4.99955 578.60298
6700.31900 154.51362 5.09166 5.00207 579.05438
6699.52878 153.74886 5.06653 4.97731 575.86050
6698.71443 152.87834 5.03691 4.94913 573.66972
6698.08668 152.10918 5.01100 4.92423 572.74285
6698.08445 152.12401 5.01147 4.92471 572.57786
6697.44660 151.44938 4.98870 4.90287 571.38816
6697.11230 151.08887 4.97658 4.89120 571.06948
6696.58325 150.54331 4.95802 4.87354 569.64644
6696.11203 150.05260 4.94132 4.85765 568.12586
6695.59378 149.50517 4.92277 4.83993 566.68450
6695.08082 148.97390 4.90469 4.82273 565.12281
6694.54029 148.38932 4.88483 4.80381 563.71947
6694.18580 148.00492 4.87199 4.79136 562.75622
6693.82899 147.66160 4.86036 4.78025 561.40659
6693.13831 146.95718 4.83586 4.75744 559.40126
6692.68784 146.47657 4.82020 4.74189 557.94732
6692.11960 145.88719 4.80271 4.72281 555.46891
6691.72582 145.46974 4.78888 4.70929 554.28474
6691.23569 144.95543 4.77139 4.69264 552.91403
6690.78724 144.52146 4.75651 4.67859 551.23978
6689.99471 143.66783 4.72745 4.65096 549.18724
6689.99211 143.64954 4.72686 4.65037 549.32768
6689.34784 143.03473 4.70581 4.63046 546.89442
6688.87584 142.55250 4.68944 4.61485 545.62908
6688.19686 141.85980 4.66587 4.59243 543.93990
6687.84859 141.50134 4.65369 4.58082 543.46021
6687.17267 140.79773 4.62973 4.55804 541.58284
6687.01824 140.64414 4.62445 4.55307 541.01841
6686.27054 139.90181 4.59904 4.52904 538.51948
6685.88684 139.50954 4.58561 4.51634 537.36011
6685.16710 138.76423 4.56024 4.49221 535.17226
6685.01965 138.61370 4.55514 4.48734 534.70740
6684.30235 137.89949 4.53048 4.46422 532.34840
6684.02947 137.63138 4.52121 4.45554 531.44687
6683.27092 136.87280 4.49765 4.43098 528.18869
6682.93820 136.53852 4.48663 4.42016 526.96755
6682.17975 135.75980 4.46067 4.39495 524.42820
6681.93506 135.50827 4.45205 4.38681 523.70257
6681.21345 134.76622 4.42652 4.36279 521.52654
6681.28719 134.83683 4.42896 4.36507 521.79750
6680.48010 134.09276 4.40341 4.34099 518.68961
6680.01500 133.63237 4.38761 4.32608 517.18161
6679.32110 132.94897 4.36421 4.30396 515.78864
6678.98566 132.61709 4.35286 4.29321 514.77245
6678.29193 131.92658 4.32907 4.27086 512.32789
6678.02859 131.66506 4.32008 4.26239 511.45257
6677.42721 131.07971 4.29986 4.24344 509.34251
6677.09365 130.77080 4.28916 4.23344 507.96837
6676.36738 130.07367 4.26522 4.21087 505.24110
6675.96082 129.66952 4.25130 4.19779 503.87183
6675.38198 129.11259 4.23177 4.17976 501.78970
6674.96940 128.70876 4.21860 4.16669 500.09308
6674.44298 128.20803 4.20316 4.15048 497.56260
6673.82768 127.61910 4.18347 4.13141 494.98944
6673.51562 127.28947 4.17242 4.12074 494.03011
6673.19653 127.02768 4.16330 4.11227 492.39694
6672.26583 126.17413 4.13347 4.08464 488.50449
6671.59425 125.45483 4.10876 4.06135 487.08340
6671.40802 125.28224 4.10279 4.05576 486.36250
6670.80567 124.70507 4.08298 4.03708 484.99802
6670.53241 124.44026 4.07379 4.02850 484.08177
6669.86764 123.83532 4.05266 4.00892 481.08107
6669.46778 123.45714 4.03950 3.99668 479.52507
6668.73436 122.76476 4.01543 3.97426 476.61133
6668.45040 122.49993 4.00617 3.96569 475.45177
6667.63814 121.72359 3.97914 3.94056 472.30483
6667.68333 121.76332 3.98054 3.94184 472.51404
6666.76397 120.95134 3.95215 3.91556 468.25742
6666.59149 120.79276 3.94662 3.91042 467.52143
6665.60081 119.88999 3.91469 3.88120 463.28728
6665.58880 119.87905 3.91431 3.88084 463.23318
6664.64081 119.02014 3.88742 3.85304 458.07274
6664.38582 118.79343 3.88007 3.84570 456.72411
6663.42074 117.88746 3.84810 3.81637 452.80617
6663.28438 117.74039 3.84299 3.81161 452.41248
6662.57892 117.09390 3.82033 3.79068 449.21837
6662.29908 116.83882 3.81137 3.78242 448.17213
6661.53573 116.14048 3.78698 3.75982 446.01487
6661.10618 115.73292 3.77263 3.74662 444.29823
6660.53449 115.19789 3.75376 3.72930 441.71439
6660.18336 114.87629 3.74242 3.71889 440.17719
6659.66587 114.41636 3.72612 3.70400 437.69639
6659.01335 113.82902 3.70540 3.68499 434.63380
6658.64776 113.48725 3.69334 3.67392 433.04663
6658.05357 112.96552 3.67476 3.65703 430.11647
6657.79160 112.73918 3.66676 3.64971 428.79188
6656.91307 111.97956 3.63982 3.62511 424.31468
6656.72769 111.81344 3.63380 3.61974 423.45942
6655.74451 110.95203 3.60418 3.59185 418.24769
6656.07851 111.23171 3.61314 3.60090 420.31674
6655.02282 110.38594 3.58643 3.57352 413.40652
6654.22954 109.69290 3.56183 3.55109 409.26628
6653.38861 108.87858 3.53290 3.52473 406.59008
6653.48204 108.95569 3.53564 3.52722 406.91349
6652.69935 108.29277 3.51190 3.50576 403.43764
6652.09214 107.71998 3.49168 3.48722 400.48526
6651.70195 107.35925 3.47893 3.47554 398.62040
6651.29766 107.01992 3.46677 3.46456 396.40768
6650.87150 106.65229 3.45361 3.45265 394.13976
6650.17574 106.07121 3.43279 3.43384 390.28036
6649.86656 105.80921 3.42343 3.42536 388.60372
6648.97102 105.05135 3.39700 3.40083 383.67327
6648.90504 104.99855 3.39517 3.39912 383.28765
6647.88948 104.14512 3.36501 3.37149 377.56271
6648.03119 104.25667 3.36896 3.37510 378.40321
6647.17202 103.58632 3.34528 3.35340 373.27810
6646.65758 103.18263 3.33129 3.34033 370.22744
6645.92334 102.57948 3.31006 3.32081 366.29912
6645.30384 102.05591 3.29321 3.30386 362.59331
6644.83039 101.66253 3.28165 3.29112 359.56369
6643.94603 100.89509 3.25782 3.26628 355.45652
6643.47910 100.46751 3.24350 3.25243 353.25643
6642.64992 99.68487 3.21795 3.22710 349.00165
6642.95209 99.94818 3.22637 3.23562 350.65393
6641.99783 99.16999 3.20200 3.21043 345.19074
6642.01681 99.18384 3.20242 3.21088 345.30981
6641.08108 98.43579 3.17956 3.18666 339.91105
6640.76018 98.17969 3.17214 3.17837 338.07016
6640.10889 97.65646 3.15715 3.16143 334.40964
6639.50957 97.18785 3.14415 3.14626 331.00860
6638.92280 96.70699 3.13092 3.13070 327.79239
6638.18634 96.08834 3.11434 3.11067 323.89264
6638.33942 96.21232 3.11730 3.11468 324.70369
6637.29787 95.43886 3.10488 3.08964 318.94496
6637.14659 95.31210 3.10319 3.08554 318.17111
6636.10194 94.52364 3.07761 3.06001 312.65976
6635.34831 93.87030 3.05382 3.03886 309.69914
6634.71345 93.31961 3.03207 3.02104 306.52818
6634.13637 92.80300 3.00743 3.00431 303.67251
6633.70230 92.41368 2.98758 2.99171 301.70189
6633.06284 91.85572 2.96060 2.97365 298.73987
6632.48680 91.33704 2.93633 2.95685 296.17427
6631.75255 90.63573 2.90289 2.93415 293.00161
6631.68762 90.58049 2.90042 2.93236 292.71882
6630.83277 89.82648 2.86877 2.90795 289.08039
6630.41839 89.44667 2.85262 2.89566 287.36851
6629.48070 88.54643 2.81327 2.86651 283.58419
6629.92499 88.93602 2.82980 2.87913 285.34493
6628.92688 88.11995 2.79611 2.85271 281.37270
6628.36805 87.61765 2.77541 2.83645 279.24232
6627.41891 86.72690 2.73932 2.80761 275.66142
6626.74208 86.02929 2.71394 2.78503 273.25497
6625.87706 85.06044 2.68000 2.75366 270.33908
6626.14515 85.34844 2.69026 2.76299 271.27829
6625.20800 84.39758 2.65551 2.73220 267.91103
6625.45869 84.64269 2.66426 2.74014 268.81168
6624.54913 83.79574 2.64170 2.71272 265.67461
6624.77240 83.99667 2.64483 2.71922 266.41189
6623.92672 83.29140 2.64427 2.69639 263.66381
6623.54955 82.98117 2.65096 2.68635 262.46152
6623.01914 82.52994 2.65470 2.67174 260.76714
6622.54543 82.16791 2.65878 2.66002 259.34278
6621.91877 81.66055 2.68056 2.64360 257.44924
6620.98394 80.87138 2.72718 2.61805 254.66805
6621.01589 80.87604 2.72629 2.61820 254.72779
6620.13361 80.18686 2.67871 2.59589 252.25438
6619.49378 79.63976 2.58845 2.57818 250.42423
6618.51908 78.73665 2.53280 2.54894 247.53962
6618.19437 78.43079 2.52360 2.53904 246.61711
6617.29769 77.54295 2.49128 2.51030 244.00242
6617.09328 77.34636 2.48938 2.50393 243.37064
6616.20668 76.44724 2.47261 2.47483 240.64477
6616.15533 76.39863 2.47151 2.47325 240.49446
6615.28478 75.53619 2.45844 2.44533 237.91633
6615.10266 75.35891 2.45598 2.43959 237.41339
6614.24030 74.49293 2.44067 2.41156 234.91910
6613.93412 74.18683 2.43502 2.40165 233.98313
6613.05076 73.25110 2.41645 2.37136 231.24947
6613.08910 73.29231 2.41728 2.37269 231.36884
6612.18734 72.37686 2.39839 2.34306 228.66801
6612.24863 72.43651 2.39964 2.34499 228.84708
6611.37926 71.59267 2.38219 2.31767 226.32271
6611.39346 71.61211 2.38265 2.31830 226.37551
6610.45170 70.73753 2.36364 2.28999 223.75102
6610.06452 70.35589 2.35485 2.27763 222.63277
6609.26944 69.56742 2.33646 2.25211 220.34120
6609.00854 69.30913 2.33017 2.24374 219.60945
6608.18835 68.48009 2.30819 2.21691 217.25981
6607.86344 68.14594 2.29938 2.20609 216.30106
6607.06019 67.29605 2.27622 2.17858 213.88106
6606.90816 67.14128 2.27177 2.17356 213.43749
6606.03919 66.22207 2.24718 2.14381 210.91911
6605.94082 66.11789 2.24458 2.14043 210.64574
6605.04020 65.16571 2.21795 2.10961 208.03524
6604.43435 64.47229 2.19710 2.08716 206.11201
6603.67533 63.50946 2.16744 2.05599 203.53911
6603.78002 63.64633 2.17171 2.06042 203.90360
6603.01669 62.76921 2.14442 2.03203 201.48797
6602.65401 62.34120 2.13091 2.01817 200.31969
6602.11083 61.69395 2.11041 1.99722 198.57053
6601.97917 61.52838 2.10513 1.99186 198.13033
6601.71308 61.27324 2.09704 1.98360 197.39730
6601.06327 60.61107 2.07587 1.96216 195.51701
6600.47674 59.97568 2.05521 1.94159 193.76699
6600.01474 59.46784 2.03872 1.92515 192.43110
6599.97834 59.42716 2.03740 1.92384 192.32220
6599.55839 59.04285 2.02492 1.91139 191.19675
6599.07458 58.60586 2.01038 1.89725 189.89013
6598.58828 58.15907 1.99566 1.88278 188.58837
6598.01532 57.64607 1.98079 1.86618 187.18833
6597.59806 57.26898 1.96970 1.85397 186.16493
6596.83672 56.58092 1.94665 1.83169 184.16761
6596.30757 56.08035 1.92988 1.81549 182.72505
6595.49882 55.27876 1.90287 1.78954 180.44004
6595.21933 54.99487 1.89325 1.78035 179.64302
6594.45018 54.22684 1.86726 1.75549 177.46540
6594.19798 53.96178 1.85823 1.74690 176.72425
6593.53638 53.30408 1.83578 1.72561 174.85447
6593.18383 52.95892 1.82396 1.71444 173.86686
6592.35573 52.10767 1.79467 1.68688 171.45556
6591.93717 51.65661 1.77917 1.67228 170.18114
6591.26602 50.92521 1.75399 1.64860 168.15418
6591.01652 50.64622 1.74430 1.63957 167.38745
6590.52570 50.13862 1.72680 1.62314 165.96062
6590.18238 49.78625 1.71465 1.61173 164.95022
6589.71280 49.31404 1.69793 1.59644 163.58837
6589.45740 49.07324 1.68942 1.58865 162.87649
6588.80022 48.46165 1.67029 1.56885 161.22402
6588.59645 48.26223 1.66431 1.56239 160.70968
6587.83405 47.59194 1.64161 1.54069 158.78983
6587.36132 47.14075 1.62555 1.52609 157.46757
6586.69242 46.49755 1.60314 1.50527 155.60511
6587.00355 46.78125 1.61306 1.51445 156.43561
6585.98805 45.95582 1.58404 1.48773 153.98071
6586.28401 46.18423 1.59210 1.49512 154.66667
6585.40284 45.53193 1.56911 1.47401 152.71115
6584.88163 45.16095 1.55596 1.46200 151.60411
6584.04328 44.50862 1.53287 1.44088 149.67602
6583.40839 43.98760 1.51453 1.42401 148.14980
6583.23402 43.86506 1.51020 1.42004 147.78720
6582.20220 43.07069 1.48210 1.39433 145.46829
6582.67980 43.41596 1.49431 1.40550 146.47842
6581.58538 42.67309 1.46795 1.38146 144.30182
6580.77623 42.08033 1.44689 1.36227 142.56572
6580.25146 41.66443 1.43221 1.34880 141.35593
6579.66736 41.23676 1.41701 1.33496 140.11319
6579.65022 41.22726 1.41667 1.33465 140.08565
6578.64910 40.54539 1.39220 1.31258 138.10046
6578.81573 40.64369 1.39560 1.31576 138.37064
6578.10869 40.22425 1.38148 1.30218 137.24322
6577.00361 39.54175 1.35991 1.28008 135.55296
6575.59470 38.45594 1.32119 1.24493 132.41404
6574.57135 37.52583 1.28837 1.21482 129.67207
6574.71971 37.65792 1.29305 1.21910 130.06165
6573.77037 36.83016 1.26373 1.19230 127.62005
6573.78274 36.84918 1.26440 1.19292 127.67902
6572.96532 36.17224 1.24038 1.17100 125.66065
6573.50403 36.53673 1.25338 1.18280 126.72479
6573.55218 36.59183 1.25532 1.18459 126.89387
6572.53591 36.04911 1.23577 1.16702 125.38455
6572.56011 36.05077 1.23584 1.16707 125.38218
6572.16348 35.85840 1.22888 1.16084 124.87128
6571.22423 35.45442 1.21417 1.14777 123.84530
6570.51025 35.11840 1.20194 1.13689 122.98737
6569.71652 34.72972 1.18783 1.12431 121.98008
6568.40784 34.03490 1.16278 1.10181 120.15789
6567.17429 33.24694 1.13459 1.07630 117.96388
6566.21267 32.53682 1.10933 1.05331 115.88618
6565.58586 32.03957 1.09164 1.03722 114.41252
6566.14947 32.40640 1.10479 1.04909 115.44502
6565.55083 32.08205 1.09309 1.03859 114.58915
6565.26765 31.94415 1.08804 1.03413 114.22072
6564.35490 31.44725 1.06987 1.01804 112.80509
6563.25316 30.80738 1.04891 0.99733 111.25206
6563.89579 31.13735 1.05932 1.00801 111.96500
6562.55717 30.50595 1.03934 0.98757 110.68368
6561.09067 29.63141 1.00830 0.95926 108.27634
6561.27208 29.73870 1.01220 0.96273 108.57998
6560.49017 29.28275 0.99576 0.94797 107.30628
6559.91699 28.99744 0.98551 0.93873 106.57176
6559.55045 28.80691 0.97866 0.93257 106.07389
6558.62889 28.30801 0.96068 0.91642 104.71438
6558.16410 28.07306 0.95219 0.90881 104.09533
6558.03653 28.02443 0.95041 0.90723 103.99044
6556.72102 27.39087 0.92751 0.88672 102.35280
6555.74324 26.85258 0.90821 0.86930 100.80616
6555.91116 26.93981 0.91133 0.87212 101.06047
6554.90149 26.45630 0.89392 0.85647 99.74726
6554.11732 26.06626 0.87984 0.84384 98.69625
6554.60009 26.27834 0.88753 0.85071 99.23223
6553.52325 25.86140 0.87230 0.83721 98.27491
6552.44986 25.40710 0.85579 0.82250 97.14764
6552.60417 25.46967 0.85807 0.82453 97.29947
6551.59147 25.10249 0.84463 0.81264 96.49222
6550.32590 24.56671 0.82518 0.79530 95.14086
6549.76819 24.32085 0.81627 0.78734 94.49592
6549.99195 24.41710 0.81976 0.79045 94.74448
6548.53094 23.89261 0.80066 0.77348 93.57469
6547.06091 23.23212 0.77669 0.75209 91.68749
6546.26568 22.83039 0.76223 0.73909 90.47685
6545.22035 22.24444 0.74338 0.72012 88.87824
6544.14718 21.59241 0.72205 0.69901 86.95158
6544.68274 21.88938 0.73243 0.70862 87.87707
6543.88618 21.48251 0.71805 0.69545 86.63844
6543.11935 21.12639 0.70494 0.68392 85.52792
6544.03605 21.49528 0.71858 0.69587 86.58437
6542.85319 21.08992 0.70349 0.68274 85.55313
6541.66308 20.63147 0.68691 0.66790 84.30698
6541.49155 20.55003 0.68402 0.66527 84.05502
6542.42907 20.80690 0.69343 0.67358 84.55885
6541.46926 20.63282 0.68683 0.66795 84.45280
6540.48623 20.45097 0.67997 0.66206 84.32326
6539.51318 20.27795 0.67339 0.65646 84.22820
6538.60199 20.11421 0.66719 0.65116 84.13914
6537.72701 19.97536 0.66193 0.64666 84.06184
6537.31622 19.91415 0.65958 0.64468 84.07473
6536.54948 19.78465 0.65463 0.64049 84.05410
6535.30380 19.56052 0.64622 0.63323 83.94841
6533.80354 19.22417 0.63381 0.62234 83.49289
6532.17486 18.75631 0.61683 0.60720 82.45013
6530.71460 18.18897 0.59655 0.58883 80.70080
6529.57282 17.63551 0.57693 0.57091 78.64712
6528.26384 16.90970 0.55129 0.54742 75.78790
6527.33162 16.31924 0.53048 0.52830 73.35752
6526.29430 15.59607 0.50503 0.50489 70.27097
6525.15107 14.68750 0.47318 0.47548 66.27660
6524.33207 13.94085 0.44673 0.45131 62.85213
6523.36672 12.99454 0.41600 0.42067 58.88220
6522.77484 12.33081 0.39431 0.39919 56.02301
6522.21316 11.70652 0.37210 0.37898 53.09124
0.00000 0.00000 0.00000 0.00000 0.00000
