6783.39170 239.25311 7.91993 7.74534 874.30365
6783.18311 238.99582 7.91164 7.73701 873.97707
6782.39497 237.99163 7.87835 7.70450 872.87667
6782.39120 237.98687 7.87819 7.70435 872.87089
6781.63008 236.98745 7.84528 7.67199 872.03275
6781.39070 236.68337 7.83556 7.66215 871.67456
6780.86491 235.98326 7.81165 7.63949 871.20332
6780.39020 235.33720 7.79029 7.61857 870.94986
6780.10118 234.97908 7.77898 7.60698 870.52813
6779.38969 234.00308 7.74741 7.57538 869.65559
6779.36893 233.97490 7.74660 7.57447 869.60420
6778.64660 232.97071 7.71549 7.54196 868.90537
6778.38919 232.64946 7.70459 7.53156 868.54279
6777.86677 231.96653 7.68192 7.50945 867.96929
6777.38869 231.33320 7.66127 7.48895 867.43352
6777.07042 230.96234 7.64921 7.47694 866.80400
6776.38819 230.14060 7.62121 7.45034 866.61029
6776.24172 229.95816 7.61515 7.44444 866.52399
6775.46216 228.95397 7.58218 7.41193 865.51039
6775.38769 228.86294 7.57898 7.40898 865.36774
6774.68302 227.94979 7.54870 7.37942 864.61578
6774.38719 227.56838 7.53626 7.36707 864.26854
6773.90404 226.94561 7.51528 7.34691 863.67105
6773.38669 226.26241 7.49248 7.32479 863.30139
6773.13116 225.94142 7.48218 7.31440 862.88521
6772.45891 224.93724 7.45256 7.28189 862.35341
6772.38619 224.84530 7.44943 7.27892 862.24486
6771.65095 223.93305 7.41917 7.24938 861.16876
6771.38569 223.60106 7.40837 7.23864 860.75469
6770.87372 222.92887 7.38506 7.21688 860.30540
6770.38519 222.28608 7.36427 7.19607 859.88088
6770.09714 221.92469 7.35241 7.18437 859.46458
6769.38469 220.98003 7.32045 7.15379 858.95977
6769.33440 220.92050 7.31849 7.15186 858.84458
6768.50333 219.91632 7.28557 7.11935 857.40401
6768.38419 219.77193 7.28075 7.11468 857.38644
6767.66694 218.91213 7.25203 7.08684 857.13120
6767.38369 218.58635 7.24140 7.07630 856.46646
6766.86375 217.90795 7.21894 7.05433 855.84689
6766.38319 217.28537 7.19759 7.03418 855.44336
6766.06427 216.90377 7.18515 7.02183 854.86617
6765.38269 215.91401 7.15535 6.98978 854.16924
6765.37219 215.89958 7.15490 6.98932 854.15582
6764.56818 214.89540 7.12172 6.95681 853.05523
6764.38219 214.67081 7.11431 6.94954 852.70485
6763.78603 213.89121 7.08816 6.92430 852.19352
6763.38169 213.35239 7.07040 6.90686 852.05155
6763.00037 212.88703 7.05539 6.89179 851.37829
6762.38119 212.09650 7.02869 6.86620 850.72566
6762.21145 211.88285 7.02126 6.85928 850.51804
6761.42931 210.87866 6.98897 6.82677 849.73602
6761.38069 210.82158 6.98696 6.82493 849.63191
6760.62751 209.87448 6.95422 6.79427 848.68510
6760.38019 209.55793 6.94449 6.78402 848.44623
6759.82816 208.87029 6.92101 6.76176 847.65407
6759.37969 208.27803 6.90092 6.74258 847.54762
6759.02388 207.86611 6.88922 6.72925 846.88035
6758.37919 207.11232 6.86625 6.70485 845.66169
6758.18419 206.86192 6.85773 6.69674 845.52130
6757.40483 205.85774 6.82430 6.66423 844.77943
6757.37869 205.82528 6.82325 6.66318 844.74511
6756.61948 204.85356 6.79058 6.63172 844.13364
6756.37819 204.55632 6.78054 6.62210 843.79842
6755.81444 203.84937 6.75770 6.59922 843.10864
6755.37769 203.29944 6.73859 6.58141 842.59852
6754.99791 202.84519 6.72340 6.56671 841.97843
6754.37719 202.07802 6.69810 6.54187 841.16002
6754.18359 201.84100 6.68995 6.53420 840.86613
6753.38376 200.83682 6.65653 6.50169 840.01178
6753.37669 200.82832 6.65625 6.50142 839.99858
6752.59373 199.83264 6.62327 6.46918 839.32390
6752.37619 199.55270 6.61358 6.46012 839.24375
6751.78169 198.82845 6.59082 6.43667 838.12479
6751.37569 198.29519 6.57588 6.41941 837.02699
6751.00007 197.82427 6.55966 6.40417 836.53762
6750.37519 197.11808 6.53605 6.38130 836.21562
6750.12451 196.82008 6.52698 6.37166 836.25253
6749.37469 195.88398 6.49390 6.34135 835.51126
6749.31550 195.81590 6.49171 6.33915 835.36995
6748.48135 194.81172 6.45882 6.30664 834.10618
6748.37419 194.68618 6.45443 6.30258 833.91491
6747.66636 193.80753 6.42504 6.27413 833.17708
6747.37369 193.46802 6.41383 6.26314 832.60749
6746.82509 192.80335 6.39165 6.24162 831.86788
6746.37319 192.23024 6.37225 6.22307 831.55766
6746.01377 191.79916 6.35817 6.20911 830.99236
6745.37269 191.02161 6.33201 6.18394 830.23602
6745.17773 190.79498 6.32400 6.17661 829.93495
6744.42699 189.79079 6.29441 6.14410 828.85548
6744.37219 189.72635 6.29249 6.14201 828.67990
6743.61353 188.78661 6.26025 6.11159 827.94358
6743.37169 188.49390 6.25068 6.10211 827.65445
6742.79867 187.78243 6.22676 6.07908 827.19977
6742.37119 187.25852 6.20904 6.06212 826.65511
6741.93492 186.77824 6.19308 6.04657 825.42909
6741.37069 186.14855 6.17213 6.02619 824.97595
6741.03667 185.77406 6.15954 6.01406 824.92414
6740.37019 185.01060 6.13394 5.98935 823.94939
6740.17276 184.76987 6.12612 5.98156 823.66683
6739.37189 183.76569 6.09226 5.94905 823.15119
6739.36968 183.76313 6.09218 5.94896 823.14773
6738.51198 182.76151 6.05947 5.91654 821.76200
6738.36918 182.58688 6.05312 5.91089 821.68005
6737.67721 181.75732 6.02629 5.88403 820.46640
6737.36868 181.37658 6.01623 5.87170 819.57189
6736.88423 180.75314 5.99469 5.85152 819.19020
6736.36818 180.13937 5.97367 5.83165 818.69571
6736.03828 179.74895 5.96154 5.81901 818.25674
6735.36768 178.94325 5.93266 5.79293 817.50963
6735.18949 178.74477 5.92627 5.78650 817.12581
6734.36718 177.78493 5.89505 5.75543 815.98462
6734.33053 177.74059 5.89352 5.75400 815.95522
6733.51277 176.73640 5.85938 5.72149 815.19012
6733.36668 176.57014 5.85386 5.71611 814.94971
6732.58771 175.73222 5.82598 5.68898 814.42208
6732.36618 175.48945 5.81767 5.68112 814.25924
6731.67857 174.72803 5.79226 5.65647 812.78923
6731.36568 174.37869 5.78070 5.64516 812.15351
6730.80870 173.72385 5.75816 5.62396 811.49855
6730.36518 173.21236 5.74094 5.60740 810.93254
6729.94508 172.71967 5.72492 5.59145 810.24132
6729.36468 171.96193 5.70216 5.56692 809.32344
6729.16570 171.71548 5.69409 5.55895 809.17273
6728.36418 170.77486 5.66223 5.52849 808.39069
6728.30760 170.71130 5.66008 5.52644 808.29257
6727.43065 169.70711 5.62615 5.49393 806.94388
6727.36368 169.63277 5.62367 5.49152 806.81811
6726.56205 168.70293 5.59227 5.46142 805.85586
6726.36318 168.47574 5.58446 5.45407 805.58020
6725.69884 167.69874 5.55889 5.42891 804.92105
6725.36268 167.31042 5.54574 5.41634 804.51329
6724.81517 166.69456 5.52473 5.39640 803.62723
6724.36218 166.19270 5.50824 5.38016 802.66430
6723.88379 165.69038 5.49091 5.36389 801.78327
6723.36168 165.14383 5.47273 5.34620 801.55820
6722.95451 164.68619 5.45767 5.33139 801.49053
6722.36118 163.94865 5.43373 5.30751 800.74340
6722.14171 163.68201 5.42580 5.29888 800.17273
6721.36068 162.76788 5.39628 5.26928 799.21169
6721.27843 162.67782 5.39278 5.26637 799.05929
6720.36018 161.67957 5.36020 5.23405 797.24209
6720.35495 161.67364 5.36001 5.23386 797.23593
6719.48646 160.66946 5.32433 5.20135 796.50686
6719.35968 160.52912 5.31964 5.19681 796.32130
6718.61042 159.66527 5.29110 5.16884 795.59667
6718.35918 159.38962 5.28124 5.15992 795.14499
6717.67961 158.66109 5.25804 5.13634 793.78291
6717.35868 158.30796 5.24580 5.12490 793.26774
6716.75954 157.65690 5.22237 5.10383 792.23247
6716.35818 157.22016 5.20852 5.08969 791.55869
6715.85407 156.65272 5.18854 5.07132 790.74885
6715.35768 156.10049 5.16980 5.05344 790.48140
6714.90340 155.64854 5.15506 5.03881 790.35961
6714.35718 155.07946 5.13589 5.02039 789.55294
6713.98200 154.64435 5.12273 5.00630 788.30907
6713.35668 153.92466 5.09990 4.98300 787.13705
6713.10965 153.64017 5.09013 4.97379 787.11212
6712.35618 152.80166 5.06164 4.94665 786.18834
6712.20206 152.63598 5.05597 4.94128 785.90582
6711.35568 151.71567 5.02483 4.91149 784.67407
6711.27705 151.63180 5.02198 4.90878 784.53948
6710.35518 150.66796 4.98906 4.87757 782.65426
6710.31704 150.62762 4.98768 4.87627 782.58125
6709.42332 149.62343 4.95358 4.84376 781.76283
6709.35468 149.54986 4.95107 4.84138 781.63898
6708.48398 148.61925 4.91949 4.81125 780.26509
6708.35418 148.47907 4.91475 4.80671 780.08601
6707.54684 147.61506 4.88516 4.77874 778.65443
6707.35368 147.40634 4.87804 4.77199 778.30129
6706.53229 146.61088 4.85105 4.74623 777.05655
6706.35318 146.42469 4.84523 4.74021 776.86842
6705.68390 145.60669 4.82067 4.71373 776.36597
6705.35268 145.25575 4.80866 4.70236 775.83652
6704.73497 144.60251 4.78592 4.68122 774.90269
6704.35218 144.19074 4.77225 4.66789 774.40136
6703.77819 143.59833 4.75203 4.64871 773.27986
6703.35168 143.15423 4.73644 4.63433 772.50347
6702.82134 142.59414 4.71781 4.61620 771.66766
6702.35118 142.10790 4.70114 4.60046 770.81227
6701.87301 141.58996 4.68309 4.58369 770.35482
6701.35068 141.02892 4.66453 4.56553 769.68994
6700.89530 140.58577 4.64894 4.55118 768.43725
6700.35018 140.02977 4.62983 4.53318 767.35720
6699.93072 139.58159 4.61504 4.51867 766.89319
6699.34967 138.97879 4.59385 4.49916 765.94646
6698.97121 138.57741 4.58024 4.48617 765.48302
6698.34917 137.92704 4.55820 4.46511 764.56535
6697.97904 137.57322 4.54546 4.45366 763.46003
6697.34867 136.89146 4.52510 4.43159 763.00109
6697.05373 136.56904 4.51564 4.42115 762.89320
6696.34817 135.89363 4.49162 4.39928 761.02771
6696.02935 135.56485 4.48051 4.38864 760.50728
6695.34767 134.86938 4.45702 4.36613 759.33250
6695.04769 134.56067 4.44614 4.35613 758.87485
6694.34717 133.83163 4.42171 4.33253 757.94738
6694.07268 133.55649 4.41222 4.32362 757.41663
6693.34667 132.83582 4.38701 4.30029 755.89665
6693.06993 132.55230 4.37754 4.29112 755.48105
6692.34617 131.80284 4.35158 4.26685 754.57634
6692.09620 131.54812 4.34276 4.25861 754.18802
6691.34567 130.80079 4.31751 4.23441 752.76159
6691.08412 130.54393 4.30844 4.22610 752.21094
6690.34517 129.80492 4.28314 4.20217 750.81658
6690.08084 129.53975 4.27393 4.19359 750.43422
6689.34467 128.78385 4.24793 4.16912 749.32348
6689.10314 128.53556 4.24053 4.16108 748.26006
6688.34417 127.75531 4.21605 4.13582 746.86070
6688.11583 127.53138 4.20805 4.12857 747.18620
6687.34367 126.82012 4.18340 4.10555 745.80575
6687.05179 126.52720 4.17331 4.09606 745.18888
6686.34317 125.82924 4.14887 4.07347 743.91860
6686.03365 125.52301 4.13852 4.06356 743.39442
6685.34267 124.83524 4.11461 4.04129 742.29208
6685.02368 124.51883 4.10342 4.03105 741.77431
6684.34217 123.85590 4.08057 4.00959 740.45028
6683.97465 123.51464 4.06855 3.99854 739.41958
6683.34167 122.90713 4.04739 3.97887 738.05603
6682.94278 122.51046 4.03374 3.96603 737.48842
6682.34117 121.93138 4.01333 3.94728 736.25517
6681.90656 121.50628 3.99851 3.93352 735.52457
6681.34067 120.96774 3.97986 3.91609 734.27065
6680.85250 120.50209 3.96350 3.90101 733.21469
6680.34017 119.98020 3.94507 3.88412 732.88849
6679.77699 119.49791 3.92925 3.86851 730.86181
6679.33967 119.10583 3.91720 3.85581 729.58045
6678.77360 118.49372 3.89688 3.83600 729.54232
6678.33917 118.07396 3.88192 3.82241 728.78275
6677.72926 117.48954 3.86140 3.80349 727.68771
6677.33867 117.11394 3.84831 3.79133 726.98900
6676.64835 116.48536 3.82605 3.77098 725.03342
6676.33817 116.19093 3.81563 3.76145 724.42697
6675.58631 115.48117 3.79068 3.73847 722.87160
6675.33767 115.24972 3.78247 3.73098 722.29726
6674.52921 114.47699 3.75522 3.70596 720.89484
6674.33717 114.29831 3.74891 3.70018 720.45887
6673.40261 113.47280 3.71949 3.67346 717.37055
6673.33667 113.41017 3.71727 3.67143 717.24705
6672.33617 112.49844 3.68482 3.64191 714.60538
6672.30338 112.46862 3.68376 3.64095 714.49615
6671.33567 111.59189 3.65230 3.61256 712.82978
6671.18919 111.46444 3.64772 3.60844 712.85929
6670.33517 110.66314 3.62180 3.58250 710.61902
6670.14000 110.46025 3.61543 3.57593 709.99228
6669.33467 109.72099 3.58927 3.55200 707.95734
6669.04408 109.45607 3.57971 3.54342 707.30741
6668.33417 108.80691 3.55636 3.52241 705.52479
6667.96086 108.45188 3.54360 3.51091 704.99389
6667.33367 107.86500 3.52248 3.49191 703.88248
6666.87785 107.44770 3.50729 3.47840 702.84937
6666.33317 106.96337 3.48967 3.46273 701.24121
6665.75533 106.44351 3.47077 3.44590 699.71950
6665.33267 106.05005 3.45644 3.43316 698.93864
6664.63813 105.43933 3.43409 3.41339 696.78087
6664.33217 105.17472 3.42435 3.40482 695.69743
6663.47675 104.43515 3.39693 3.38088 692.76339
6663.33167 104.30428 3.39209 3.37664 692.40058
6662.33492 103.43096 3.35960 3.34837 689.33604
6662.33117 103.42758 3.35948 3.34826 689.33685
6661.33067 102.62635 3.32914 3.32232 686.95429
6661.10003 102.42678 3.32138 3.31586 686.14276
6660.33017 101.68033 3.29476 3.29170 684.24007
6660.05871 101.42259 3.28632 3.28335 682.87185
6659.32966 100.80685 3.26353 3.26342 678.96046
6658.92494 100.41841 3.24825 3.25085 678.89857
6658.32916 99.87059 3.22685 3.23311 677.69363
6657.79022 99.41423 3.20888 3.21834 675.45119
6657.32866 99.01652 3.19303 3.20546 673.78209
6656.60275 98.41004 3.16834 3.18583 670.50812
6656.32816 98.17719 3.15889 3.17829 669.36742
6655.41667 97.40586 3.12695 3.15332 665.45096
6655.32766 97.33370 3.12387 3.15098 664.98597
6654.32716 96.49292 3.08782 3.12377 660.16523
6654.21980 96.40167 3.08389 3.12081 659.65568
6653.32666 95.70467 3.05413 3.09825 656.40776
6652.93384 95.39749 3.04052 3.08830 654.83105
6652.32616 94.89808 3.01764 3.07214 651.23257
6651.72914 94.39331 2.99669 3.05579 648.31382
6651.32566 94.05914 2.98138 3.04498 646.34222
6650.55363 93.38912 2.95211 3.02329 642.47549
6650.32516 93.17838 2.94434 3.01646 640.86193
6649.48446 92.38494 2.91406 2.99078 636.78681
6649.32466 92.24167 2.90796 2.98614 636.28979
6648.32416 91.42548 2.86785 2.95972 629.89237
6648.27075 91.38075 2.86569 2.95827 629.55359
6647.32366 90.62361 2.84240 2.93376 622.21391
6647.01408 90.37657 2.83248 2.92576 619.68854
6646.32316 89.82174 2.79466 2.90780 614.04681
6645.74805 89.37238 2.76028 2.89325 608.77670
6645.32266 89.02312 2.74210 2.88195 605.10426
6644.54239 88.36820 2.70773 2.86074 599.54282
6644.32216 88.19940 2.68979 2.85528 598.23252
6643.32166 87.45676 2.64463 2.83124 588.28168
6643.21520 87.36402 2.64147 2.82824 587.27557
6642.32116 86.69284 2.59272 2.80651 575.69120
6641.95080 86.35983 2.56852 2.79573 572.52694
6641.32066 85.81330 2.53702 2.77803 566.36948
6640.80997 85.35565 2.50917 2.76322 561.44365
6640.32016 84.91675 2.47578 2.74901 556.68825
6639.67239 84.35146 2.44489 2.73071 549.16631
6639.31966 84.03553 2.43118 2.72048 543.73031
6638.59934 83.34728 2.37445 2.69820 533.75213
6638.31916 83.09566 2.36501 2.69006 530.03450
6637.46594 82.34310 2.32861 2.66569 518.00710
6637.31866 82.20883 2.31229 2.66135 515.91903
6636.41263 81.33891 2.28185 2.63318 502.93769
6636.31816 81.24658 2.27869 2.63020 501.67063
6635.31766 80.42853 2.21126 2.60371 487.05996
6635.22072 80.33473 2.21311 2.60068 485.64425
6634.31716 79.48713 2.14853 2.57324 470.03436
6634.16682 79.33054 2.13199 2.56817 467.85099
6633.31666 78.37820 2.12671 2.53734 456.30718
6633.26487 78.32636 2.12677 2.53566 455.44014
6632.31616 77.36379 2.10566 2.50450 439.99869
6632.27119 77.32218 2.10639 2.50315 439.20318
6631.31566 76.43272 2.14175 2.47436 423.34539
6631.17848 76.31799 2.14319 2.47064 421.03427
6630.31516 75.59803 2.16082 2.44734 406.58174
6629.96918 75.31381 2.18068 2.43813 400.66916
6629.31466 74.76035 2.18909 2.42022 390.72091
6628.72987 74.30962 2.20233 2.40563 382.58282
6628.31416 73.97296 2.22236 2.39473 377.25662
6627.52279 73.30544 2.22582 2.37312 367.69314
6627.31366 73.10828 2.22788 2.36673 365.46327
6626.31316 72.32472 2.24295 2.34137 355.76852
6626.28689 72.30126 2.24260 2.34061 355.55925
6625.31266 71.39858 2.24380 2.31139 346.25440
6625.20222 71.29707 2.24453 2.30810 345.19656
6624.31216 70.41573 2.23103 2.27957 337.49352
6624.18190 70.29289 2.23122 2.27559 336.31258
6623.31166 69.41025 2.22233 2.24702 329.05789
6623.18732 69.28870 2.21914 2.24308 327.99924
6622.31116 68.42071 2.21202 2.21498 320.73150
6622.17040 68.28452 2.21011 2.21057 319.56008
6621.31066 67.42115 2.19037 2.18262 312.68920
6621.16602 67.28033 2.18940 2.17807 311.54196
6620.31016 66.37351 2.16804 2.14871 305.01756
6620.21465 66.27615 2.16634 2.14556 304.22212
6619.30965 65.35742 2.15504 2.11582 297.09825
6619.22497 65.27197 2.15253 2.11305 296.47935
6618.30915 64.38320 2.13281 2.08428 289.93252
6618.18027 64.26778 2.13098 2.08054 289.13456
6617.30865 63.45865 2.10995 2.05435 283.50617
6617.11430 63.26360 2.10588 2.04803 282.08434
6616.30815 62.46414 2.08783 2.02215 276.45868
6616.10090 62.25941 2.08258 2.01552 275.04815
6615.30765 61.45759 2.06315 1.98957 269.73802
6615.11037 61.25523 2.05851 1.98302 268.44688
6614.30715 60.40537 2.03478 1.95550 263.31821
6614.15556 60.25105 2.03149 1.95051 262.34471
6613.30665 59.35301 2.00510 1.92143 257.02098
6613.20642 59.24686 2.00171 1.91800 256.39537
6612.30615 58.29505 1.97688 1.88719 250.87055
6612.25687 58.24268 1.97522 1.88549 250.56724
6611.46474 57.23849 1.94849 1.85298 245.82317
6611.30565 57.06113 1.94543 1.84724 244.86250
6610.58605 56.23431 1.91440 1.82047 240.66658
6610.30515 55.90226 1.90437 1.80972 239.04137
6609.74096 55.23013 1.88896 1.78796 235.72297
6609.30465 54.72123 1.86514 1.77149 233.22689
6608.80783 54.22594 1.85231 1.75546 230.70117
6608.30415 53.71399 1.83948 1.73888 228.07650
6607.85133 53.22176 1.81699 1.72295 225.40728
6607.30365 52.62155 1.80177 1.70352 222.25113
6606.90812 52.21757 1.78935 1.69044 220.00520
6606.30315 51.65988 1.76721 1.67239 216.57500
6605.80892 51.21339 1.75754 1.65793 213.81775
6605.30265 50.74845 1.74134 1.64288 211.02708
6604.70061 50.20921 1.72226 1.62542 207.77026
6604.30215 49.84906 1.71422 1.61376 205.63805
6603.58920 49.20502 1.68927 1.59291 201.88620
6603.30165 48.93313 1.68041 1.58411 200.39108
6602.56303 48.20084 1.66259 1.56041 196.58291
6602.30115 47.93456 1.65293 1.55179 195.24862
6601.56190 47.19665 1.62796 1.52790 191.50520
6601.30065 46.92246 1.61966 1.51902 190.15653
6600.56667 46.19247 1.59249 1.49539 186.62877
6600.30015 45.93340 1.58422 1.48700 185.45912
6599.57530 45.18828 1.55965 1.46288 182.04720
6599.29965 44.88950 1.54764 1.45321 180.63334
6598.65232 44.18410 1.52548 1.43037 177.41381
6598.29915 43.79324 1.51166 1.41772 175.65976
6597.70738 43.17992 1.48836 1.39786 172.78604
6597.29865 42.76068 1.47628 1.38429 170.81529
6596.71599 42.17573 1.45501 1.36535 168.04679
6596.29815 41.77912 1.44014 1.35252 166.12085
6595.64525 41.17155 1.42190 1.33285 163.14753
6595.29765 40.83970 1.40873 1.32210 161.55594
6594.53298 40.16736 1.38713 1.30034 158.26731
6594.29715 39.93698 1.38130 1.29288 157.26379
6593.49000 39.16318 1.35419 1.26783 153.76689
6593.29665 39.00971 1.34891 1.26286 152.97383
6592.29615 38.19645 1.32097 1.23653 148.92356
6592.25022 38.15900 1.31958 1.23532 148.73739
6591.29565 37.45264 1.29525 1.21245 145.19881
6590.87344 37.15481 1.28489 1.20281 143.77321
6590.29515 36.70387 1.26921 1.18821 141.60446
6589.61983 36.15063 1.24917 1.17030 139.01776
6589.29465 35.91089 1.24074 1.16254 137.85563
6588.30190 35.14644 1.21439 1.13780 134.26772
6588.29415 35.14075 1.21419 1.13761 134.24069
6587.29365 34.46239 1.19081 1.11565 130.93284
6586.85793 34.14226 1.17962 1.10529 129.45735
6586.29315 33.69586 1.16320 1.09084 127.48218
6585.53348 33.13808 1.14376 1.07278 124.96897
6585.29265 32.97117 1.13790 1.06738 124.20389
6584.29215 32.28972 1.11419 1.04532 121.12982
6584.06772 32.13389 1.10853 1.04027 120.43826
6583.29165 31.67224 1.09225 1.02533 118.25414
6582.41079 31.12971 1.07355 1.00776 115.94653
6582.29115 31.02913 1.07021 1.00451 115.58082
6581.29708 30.12552 1.04098 0.97525 112.28062
6581.29065 30.11983 1.04078 0.97507 112.25827
6580.29015 29.24778 1.00928 0.94684 108.82040
6580.12942 29.12134 1.00482 0.94275 108.31752
6579.28964 28.42609 0.98021 0.92024 105.59772
6578.89948 28.11715 0.96937 0.91024 104.38102
6578.28914 27.78495 0.95753 0.89948 102.94879
6577.28864 27.25073 0.93898 0.88219 100.68454
6577.04516 27.11297 0.93410 0.87773 100.11605
6576.28814 26.74868 0.92117 0.86593 98.56720
6575.28764 26.31721 0.90569 0.85197 96.72232
6574.84925 26.10879 0.89834 0.84522 95.87820
6574.28714 25.83537 0.88862 0.83637 94.77705
6573.28664 25.30579 0.86935 0.81922 92.74478
6572.97967 25.10460 0.86194 0.81271 92.00488
6572.28614 24.59245 0.84327 0.79613 90.13193
6571.66615 24.10042 0.82576 0.78020 88.35213
6571.28564 23.82621 0.81606 0.77133 87.35572
6570.28514 23.27374 0.79641 0.75344 85.28780
6569.92751 23.09623 0.78992 0.74769 84.61634
6569.28464 22.74681 0.77778 0.73638 83.35850
6568.28414 22.16509 0.75937 0.71755 81.48442
6568.15988 22.09205 0.75706 0.71519 81.25256
6567.28364 21.69343 0.74354 0.70228 79.90214
6566.28758 21.08787 0.72152 0.68268 77.74647
6566.28314 21.08484 0.72141 0.68258 77.73581
6565.28264 20.50595 0.70055 0.66384 75.70938
6564.44964 20.08368 0.68545 0.65017 74.23648
6564.28214 19.99720 0.68234 0.64737 73.93522
6563.28164 19.45635 0.66298 0.62986 72.06157
6562.53626 19.07950 0.64947 0.61766 70.76465
6562.28114 18.96996 0.64552 0.61411 70.39098
6561.28064 18.49088 0.62830 0.59861 68.75870
6560.53486 18.07531 0.61332 0.58515 67.33555
6560.28014 17.94470 0.60857 0.58092 66.88866
6559.27964 17.46565 0.59114 0.56542 65.27310
6558.48625 17.07113 0.57693 0.55264 63.93442
6558.27914 16.97970 0.57363 0.54968 63.62873
6557.27864 16.59333 0.55964 0.53718 62.35864
6556.27814 16.16891 0.54436 0.52344 60.95094
6556.00839 16.06695 0.54068 0.52014 60.61395
6555.27764 15.80668 0.53127 0.51171 59.75440
6554.27714 15.38043 0.51595 0.49791 58.34009
6553.54810 15.06276 0.50458 0.48763 57.28495
6553.27664 14.97195 0.50129 0.48469 56.99618
6552.27614 14.62042 0.48865 0.47331 55.86684
6551.27564 14.16371 0.47213 0.45852 54.32248
6551.06728 14.05858 0.46820 0.45512 53.95164
6550.27514 13.61605 0.45196 0.44079 52.40068
6549.35316 13.05439 0.43399 0.42261 50.63689
6549.27464 13.00600 0.43254 0.42104 50.49202
6548.27414 12.49664 0.41595 0.40455 48.87794
6547.31732 12.05021 0.39971 0.39010 47.28741
6547.27364 12.03388 0.39910 0.38957 47.22894
6546.27314 11.69290 0.38659 0.37853 46.06184
6545.27264 11.30564 0.37280 0.36600 44.73731
6544.60183 11.04603 0.36372 0.35759 43.83864
6544.27214 10.97821 0.36121 0.35540 43.63210
6543.27164 10.79659 0.35448 0.34952 43.09439
6542.27114 10.61155 0.34759 0.34353 42.53570
6541.27064 10.43360 0.34089 0.33777 42.00801
6540.27014 10.25433 0.33402 0.33196 41.46060
6539.26963 10.09506 0.32758 0.32681 40.98972
6538.90920 10.04184 0.32535 0.32508 40.83452
6538.26913 9.93362 0.32087 0.32158 40.49388
6537.26863 9.75545 0.31392 0.31581 39.91374
6536.26813 9.53264 0.30554 0.30860 39.14722
6535.26763 9.24659 0.29547 0.29934 38.10240
6534.74616 9.03766 0.28801 0.29258 37.30066
6534.26713 8.80583 0.27991 0.28507 36.39363
6533.26663 8.25106 0.26011 0.26711 34.19338
6532.93037 8.03347 0.25248 0.26007 33.31903
6532.26613 7.57502 0.23643 0.24523 31.45449
6531.58161 7.02929 0.21726 0.22756 29.21464
6531.26563 6.73491 0.20674 0.21803 28.00068
6530.53797 6.02510 0.18175 0.19505 25.06236
6530.26513 5.70543 0.17040 0.18470 23.72342
6529.64974 5.02092 0.14613 0.16254 20.85282
0.00000 0.00000 0.00000 0.00000 0.00000
