6774.38719 239.89627 7.93997 7.76616 873.56717
6773.71253 238.99582 7.90994 7.73701 873.03277
6773.38669 238.57401 7.89588 7.72336 872.67461
6772.93246 237.99163 7.87718 7.70450 872.04212
6772.38619 237.26379 7.85243 7.68094 871.51757
6772.16278 236.98745 7.84308 7.67199 871.14436
6771.39311 235.98326 7.81022 7.63949 870.32798
6771.38569 235.97427 7.80991 7.63920 870.31266
6770.63432 234.97908 7.77658 7.60698 869.70283
6770.38519 234.63373 7.76518 7.59580 869.64307
6769.90153 233.97490 7.74569 7.57447 868.77003
6769.38469 233.24598 7.72285 7.55087 868.22448
6769.16624 232.97071 7.71357 7.54196 867.94110
6768.38419 232.01675 7.68239 7.51108 866.81531
6768.34204 231.96653 7.68061 7.50945 866.81520
6767.51443 230.96234 7.64697 7.47694 866.26590
6767.38369 230.80652 7.64202 7.47190 865.99695
6766.74572 229.95816 7.61346 7.44444 865.41021
6766.38319 229.47183 7.59735 7.42869 865.14159
6765.97173 228.95397 7.58042 7.41193 864.55194
6765.38269 228.20713 7.55577 7.38775 863.71570
6765.17872 227.94979 7.54711 7.37942 863.48942
6764.41151 226.94561 7.51421 7.34691 862.71352
6764.38219 226.91027 7.51308 7.34577 862.65396
6763.65232 225.94142 7.48017 7.31440 862.09562
6763.38169 225.54276 7.46841 7.30150 861.79375
6762.94582 224.93724 7.45096 7.28189 861.11034
6762.38119 224.23215 7.42649 7.25907 860.40004
6762.13404 223.93305 7.41656 7.24938 859.94513
6761.38069 222.96398 7.38480 7.21801 859.04588
6761.35320 222.92887 7.38362 7.21688 859.01062
6760.59784 221.92469 7.35021 7.18437 858.46725
6760.38019 221.65002 7.34133 7.17548 858.18274
6759.80303 220.92050 7.31756 7.15186 857.39198
6759.37969 220.36994 7.29842 7.13404 857.07804
6758.97332 219.91632 7.28337 7.11935 856.67209
6758.37919 219.25194 7.26181 7.09784 855.76804
6758.10941 218.91213 7.24962 7.08684 855.36812
6757.37869 217.94781 7.21853 7.05562 854.77869
6757.34722 217.90795 7.21722 7.05433 854.74094
6756.56544 216.90377 7.18268 7.02183 854.01199
6756.37819 216.63267 7.17432 7.01305 853.94725
6755.85504 215.89958 7.15337 6.98932 853.03231
6755.37769 215.30416 7.13368 6.97004 852.40439
6755.04285 214.89540 7.11965 6.95681 851.89337
6754.37719 214.05809 7.09249 6.92970 850.96866
6754.24607 213.89121 7.08703 6.92430 850.81604
6753.47657 212.88703 7.05279 6.89179 850.27269
6753.37669 212.76257 7.04875 6.88776 850.13363
6752.68700 211.88285 7.01949 6.85928 849.42783
6752.37619 211.48330 7.00602 6.84635 849.12804
6751.88513 210.87866 6.98612 6.82677 848.39891
6751.37569 210.26560 6.96562 6.80693 847.42120
6751.03604 209.87448 6.95240 6.79427 846.59933
6750.37519 209.08469 6.92640 6.76870 846.49116
6750.20108 208.87029 6.91932 6.76176 846.55700
6749.45815 207.86611 6.88707 6.72925 846.08176
6749.37469 207.75688 6.88381 6.72571 845.85730
6748.66353 206.86192 6.85708 6.69674 844.49134
6748.37419 206.51171 6.84472 6.68540 844.09691
6747.84764 205.85774 6.82134 6.66423 843.40547
6747.37369 205.27220 6.80352 6.64528 842.82365
6747.04026 204.85356 6.78854 6.63172 842.43011
6746.37319 204.00166 6.75978 6.60415 841.85116
6746.24734 203.84937 6.75514 6.59922 841.65202
6745.44579 202.84519 6.72144 6.56671 840.76631
6745.37269 202.75500 6.71838 6.56379 840.66314
6744.63373 201.84100 6.68821 6.53420 839.71132
6744.37219 201.53509 6.67825 6.52430 839.19465
6743.80847 200.83682 6.65452 6.50169 838.52317
6743.37169 200.28909 6.63638 6.48396 837.99291
6743.00925 199.83264 6.62162 6.46918 837.65059
6742.37119 198.99335 6.59287 6.44201 837.43563
6742.22779 198.82845 6.58802 6.43667 836.86241
6741.44320 197.82427 6.55773 6.40417 835.81919
6741.37069 197.74562 6.55498 6.40162 835.78099
6740.54416 196.82008 6.52358 6.37166 834.90161
6740.37019 196.62273 6.51704 6.36527 834.44479
6739.72222 195.81590 6.49022 6.33915 833.66461
6739.36968 195.37118 6.47515 6.32475 833.44622
6738.91057 194.81172 6.45665 6.30664 832.82162
6738.36918 194.14862 6.43481 6.28517 832.19866
6738.07753 193.80753 6.42296 6.27413 831.70745
6737.36868 192.97730 6.39615 6.24725 830.40382
6737.22757 192.80335 6.39059 6.24162 830.25071
6736.43551 191.79916 6.35546 6.20911 829.77062
6736.36818 191.71613 6.35280 6.20643 829.69168
6735.63716 190.79498 6.32171 6.17661 829.23397
6735.36768 190.44176 6.30985 6.16517 829.06299
6734.85273 189.79079 6.29186 6.14410 827.64647
6734.36718 189.22121 6.27333 6.12566 826.72609
6734.01078 188.78661 6.25804 6.11159 826.44262
6733.36668 187.99813 6.23177 6.08606 825.64775
6733.16861 187.78243 6.22464 6.07908 825.27780
6732.36618 186.88905 6.19466 6.05016 824.91985
6732.27048 186.77824 6.19088 6.04657 824.81490
6731.41061 185.77406 6.15767 6.01406 823.29266
6731.36568 185.72014 6.15587 6.01232 823.23361
6730.57763 184.76987 6.12352 5.98156 822.33310
6730.36518 184.52803 6.11564 5.97373 821.90287
6729.74101 183.76569 6.08989 5.94905 821.34202
6729.36468 183.31137 6.07452 5.93434 820.91915
6728.89904 182.76151 6.05630 5.91654 820.24569
6728.36418 182.10471 6.03393 5.89528 819.85671
6728.07371 181.75732 6.02321 5.88403 819.14912
6727.36368 180.85143 5.99562 5.85470 817.98558
6727.28573 180.75314 5.99232 5.85152 817.96950
6726.46528 179.74895 5.95812 5.81901 817.43143
6726.36318 179.62533 5.95395 5.81501 817.34379
6725.61357 178.74477 5.92523 5.78650 816.36002
6725.36268 178.44982 5.91504 5.77696 816.02978
6724.75554 177.74059 5.89122 5.75400 815.19441
6724.36218 177.28188 5.87647 5.73915 814.49144
6723.84153 176.73640 5.85722 5.72149 813.45586
6723.36168 176.23937 5.84099 5.70540 813.02658
6722.93095 175.73222 5.82480 5.68898 812.92704
6722.36118 175.06177 5.80088 5.66727 812.07376
6722.06453 174.72803 5.78995 5.65647 811.51080
6721.36068 173.89300 5.76187 5.62944 810.82649
6721.21382 173.72385 5.75573 5.62396 810.61580
6720.36018 172.75061 5.72468 5.59246 809.17469
6720.33345 172.71967 5.72372 5.59145 809.10038
6719.55976 171.71548 5.69132 5.55895 808.14742
6719.35968 171.48616 5.68397 5.55152 807.91400
6718.70040 170.71130 5.65708 5.52644 807.31259
6718.35918 170.31370 5.64362 5.51357 806.93017
6717.81274 169.70711 5.62435 5.49393 805.92397
6717.35868 169.20972 5.60758 5.47783 804.99509
6716.91033 168.70293 5.59013 5.46142 804.27156
6716.35818 168.07969 5.56896 5.44124 803.46654
6716.02564 167.69874 5.55623 5.42891 802.93364
6715.35768 166.91053 5.52960 5.40339 802.63255
6715.14068 166.69456 5.52221 5.39640 802.46633
6714.35718 165.91817 5.49609 5.37127 800.90101
6714.15677 165.69038 5.48837 5.36389 800.59961
6713.35668 164.79178 5.45771 5.33480 799.38497
6713.26158 164.68619 5.45407 5.33139 799.26158
6712.47872 163.68201 5.42316 5.29888 798.62502
6712.35618 163.54330 5.41890 5.29439 798.26533
6711.59884 162.67782 5.38967 5.26637 797.28472
6711.35568 162.40313 5.38052 5.25748 796.99312
6710.68644 161.67364 5.35577 5.23386 795.68873
6710.35518 161.31986 5.34367 5.22241 794.99268
6709.78517 160.66946 5.32210 5.20135 794.38213
6709.35468 160.18342 5.30526 5.18562 793.85491
6708.90202 159.66527 5.28802 5.16884 793.40285
6708.35418 159.04283 5.26740 5.14869 792.82899
6708.00287 158.66109 5.25400 5.13634 792.23957
6707.35368 157.94340 5.23011 5.11310 791.05716
6707.07031 157.65690 5.22036 5.10383 790.37558
6706.35318 156.92735 5.19521 5.08021 789.96513
6706.09738 156.65272 5.18637 5.07132 789.87047
6705.35268 155.83592 5.15870 5.04488 788.61763
6705.18017 155.64854 5.15194 5.03881 788.39034
6704.35218 154.71584 5.12273 5.00862 786.86846
6704.28841 154.64435 5.12054 5.00630 786.63939
6703.41492 153.64017 5.08776 4.97379 785.44299
6703.35168 153.57385 5.08564 4.97165 785.32163
6702.51122 152.63598 5.05341 4.94128 784.39156
6702.35118 152.46678 5.04752 4.93581 784.09592
6701.60135 151.63180 5.01992 4.90878 783.31417
6701.35068 151.34269 5.00971 4.89942 783.19225
6700.67090 150.62762 4.98588 4.87627 781.89177
6700.35018 150.29247 4.97483 4.86542 781.25112
6699.73009 149.62343 4.95126 4.84376 780.28176
6699.34967 149.23632 4.93803 4.83123 779.36197
6698.78522 148.61925 4.91731 4.81125 778.78539
6698.34917 148.13252 4.90044 4.79549 778.29321
6697.81612 147.61506 4.88335 4.77874 776.65790
6697.34867 147.14430 4.86712 4.76350 776.71404
6696.83639 146.61088 4.84863 4.74623 776.59351
6696.34817 146.07440 4.83282 4.72887 774.81638
6695.95674 145.60669 4.81806 4.71373 774.41077
6695.34767 144.95394 4.79544 4.69259 773.77042
6695.00195 144.60251 4.78378 4.68122 772.99525
6694.34717 143.91442 4.76021 4.65894 771.90230
6694.04363 143.59833 4.74925 4.64871 771.35316
6693.34667 142.87432 4.72461 4.62527 770.19379
6693.08007 142.59414 4.71492 4.61620 769.76086
6692.34617 141.83712 4.68926 4.59169 768.38445
6692.11514 141.58996 4.68091 4.58369 768.10689
6691.34567 140.76730 4.65269 4.55706 767.20815
6691.16567 140.58577 4.64642 4.55118 766.82727
6690.34517 139.73585 4.61744 4.52367 765.44420
6690.19970 139.58159 4.61221 4.51867 765.27179
6689.34467 138.69331 4.58181 4.48992 763.94848
6689.23099 138.57741 4.57790 4.48617 763.66908
6688.34417 137.67949 4.54688 4.45710 762.75814
6688.22969 137.57322 4.54318 4.45366 762.66551
6687.34367 136.66084 4.51553 4.42412 760.64854
6687.26326 136.56904 4.51266 4.42115 760.51424
6686.34317 135.61962 4.47973 4.39041 759.09493
6686.28913 135.56485 4.47790 4.38864 758.99918
6685.34267 134.58200 4.44432 4.35682 757.66890
6685.32197 134.56067 4.44356 4.35613 757.63998
6684.34217 133.59171 4.41049 4.32476 755.56366
6684.30671 133.55649 4.40926 4.32362 755.49148
6683.34167 132.57899 4.37560 4.29198 753.89271
6683.31544 132.55230 4.37472 4.29112 753.85061
6682.34358 131.54812 4.33973 4.25861 752.64174
6682.34117 131.54576 4.33965 4.25853 752.63637
6681.34067 130.56333 4.30619 4.22673 750.57197
6681.32084 130.54393 4.30550 4.22610 750.53248
6680.34017 129.56031 4.27171 4.19426 748.71218
6680.31707 129.53975 4.27100 4.19359 748.63641
6679.33967 128.63482 4.24043 4.16430 747.09550
6679.24747 128.53556 4.23757 4.16108 746.95097
6678.33917 127.58546 4.20694 4.13032 745.07070
6678.28670 127.53138 4.20489 4.12857 745.06070
6677.33867 126.60753 4.17317 4.09867 743.25741
6677.25329 126.52720 4.17039 4.09606 743.02467
6676.33817 125.66712 4.13999 4.06822 740.60821
6676.19751 125.52301 4.13520 4.06356 740.47182
6675.33767 124.65756 4.10482 4.03554 739.36365
6675.19853 124.51883 4.09994 4.03105 739.16050
6674.33717 123.67152 4.07108 4.00362 737.72614
6674.17216 123.51464 4.06545 3.99854 737.35023
6673.33667 122.70916 4.03744 3.97246 735.65973
6673.13454 122.51046 4.03069 3.96603 735.33904
6672.33617 121.74485 4.00339 3.94125 733.73839
6672.08857 121.50628 3.99517 3.93352 733.12098
6671.33567 120.78973 3.97055 3.91033 732.26359
6671.01432 120.50209 3.96029 3.90101 732.21642
6670.33517 119.88446 3.93869 3.88102 731.09614
6669.93151 119.49791 3.92605 3.86851 729.44322
6669.33467 118.87574 3.90652 3.84836 727.75103
6668.96733 118.49372 3.89364 3.83600 727.58785
6668.33417 117.91739 3.87317 3.81734 725.98689
6667.88412 117.48954 3.85791 3.80349 725.05212
6667.33367 116.95924 3.83965 3.78632 724.13081
6666.83542 116.48536 3.82276 3.77098 723.21227
6666.33317 116.00702 3.80574 3.75550 722.28757
6665.77029 115.48117 3.78745 3.73847 721.05303
6665.33267 115.08359 3.77328 3.72560 719.84817
6664.69493 114.47699 3.75194 3.70596 718.73916
6664.33217 114.13543 3.73983 3.69491 718.00996
6663.60625 113.47280 3.71604 3.67346 716.18261
6663.33167 113.20796 3.70675 3.66488 715.83063
6662.53350 112.46862 3.68051 3.64095 713.83727
6662.33117 112.28953 3.67410 3.63515 713.51486
6661.35592 111.46444 3.64454 3.60844 712.24264
6661.33067 111.44007 3.64369 3.60765 712.22619
6660.33017 110.46913 3.61238 3.57622 708.43133
6660.32144 110.46025 3.61210 3.57593 708.41403
6659.32966 109.57479 3.58043 3.54726 705.50260
6659.20180 109.45607 3.57612 3.54342 705.25750
6658.32916 108.63610 3.54682 3.51688 703.70405
6658.12654 108.45188 3.54017 3.51091 703.22249
6657.32866 107.76194 3.51510 3.48858 700.42814
6656.98287 107.44770 3.50372 3.47840 699.59856
6656.32816 106.87404 3.48283 3.45983 697.49516
6655.86096 106.44351 3.46711 3.44590 696.54448
6655.32766 105.95824 3.44936 3.43019 695.31126
6654.75720 105.43933 3.43025 3.41339 694.03475
6654.32716 105.03758 3.41543 3.40038 693.09604
6653.57711 104.43515 3.39301 3.38088 690.53638
6653.32666 104.23373 3.38552 3.37436 690.15953
6652.36873 103.43096 3.35547 3.34837 686.81866
6652.32616 103.39343 3.35406 3.34716 686.67006
6651.32566 102.54025 3.32134 3.31954 683.02677
6651.19960 102.42678 3.31694 3.31586 682.79873
6650.32516 101.54954 3.28577 3.28746 681.31571
6650.19325 101.42259 3.28156 3.28335 680.67347
6649.32466 100.67987 3.25390 3.25931 676.54170
6649.02583 100.41841 3.24326 3.25085 675.74861
6648.32416 99.83149 3.21965 3.23184 672.64858
6647.84392 99.41423 3.20286 3.21834 670.98402
6647.32366 98.92599 3.18313 3.20253 670.24785
6646.73799 98.41004 3.16272 3.18583 668.37783
6646.32316 98.05800 3.14862 3.17443 666.66610
6645.54740 97.40586 3.12039 3.15332 663.29293
6645.32266 97.22444 3.11287 3.14745 661.92975
6644.32216 96.42956 3.07733 3.12171 657.42150
6644.28828 96.40167 3.07606 3.12081 657.38528
6643.32166 95.62446 3.04404 3.09565 653.30956
6643.04909 95.39749 3.03369 3.08830 651.77729
6642.32116 94.76986 3.00396 3.06798 648.75374
6641.89457 94.39331 2.98871 3.05579 647.16642
6641.32066 93.90153 2.96670 3.03987 644.84562
6640.67985 93.38912 2.94487 3.02329 639.94839
6640.32016 93.07463 2.93369 3.01310 636.95591
6639.54156 92.38494 2.91050 2.99078 631.96251
6639.31966 92.20660 2.90339 2.98500 630.45481
6638.33847 91.38075 2.86093 2.95827 624.78767
6638.31916 91.36565 2.86016 2.95778 624.62470
6637.31866 90.49100 2.82862 2.92946 619.41172
6637.17088 90.37657 2.82400 2.92576 618.11240
6636.31816 89.76311 2.77783 2.90590 608.11721
6635.79801 89.37238 2.74039 2.89325 604.77317
6635.31766 89.01758 2.71996 2.88177 601.29721
6634.55706 88.36820 2.69392 2.86074 595.20587
6634.31716 88.16143 2.67232 2.85405 593.38624
6633.34354 87.36402 2.62409 2.82824 583.79055
6633.31666 87.34291 2.62331 2.82755 583.46948
6632.31616 86.57895 2.57196 2.80282 570.64770
6632.05573 86.35983 2.55679 2.79573 567.84199
6631.31566 85.74179 2.51873 2.77572 559.40870
6630.84809 85.35565 2.49290 2.76322 553.43716
6630.31516 84.90022 2.45650 2.74847 547.24797
6629.71098 84.35146 2.43151 2.73071 540.68981
6629.31466 83.99430 2.41446 2.71915 534.50166
6628.66321 83.34728 2.35956 2.69820 525.85696
6628.31416 83.04641 2.35267 2.68846 520.82994
6627.60962 82.34310 2.31900 2.66569 512.90140
6627.31366 82.05549 2.28942 2.65638 508.84488
6626.44204 81.33891 2.27341 2.63318 496.07955
6626.31316 81.21900 2.26815 2.62930 494.65791
6625.35090 80.33473 2.19735 2.60068 478.93508
6625.31266 80.29770 2.19708 2.59948 478.32006
6624.31354 79.33054 2.12442 2.56817 462.38274
6624.31216 79.32909 2.12427 2.56812 462.36259
6623.41042 78.32636 2.11805 2.53566 450.23735
6623.31166 78.21677 2.11794 2.53211 448.88051
6622.32119 77.32218 2.11112 2.50315 431.68754
6622.31116 77.31292 2.11136 2.50285 431.52366
6621.31066 76.45661 2.15221 2.47513 414.89909
6621.14731 76.31799 2.15269 2.47064 412.38807
6620.31016 75.61647 2.17369 2.44793 399.36153
6619.93624 75.31381 2.19619 2.43813 393.37079
6619.30965 74.77942 2.20288 2.42083 384.49087
6618.70570 74.30962 2.21539 2.40563 376.35649
6618.30915 73.96908 2.23254 2.39460 372.47850
6617.45244 73.30544 2.23556 2.37312 363.75494
6617.30865 73.18020 2.23741 2.36906 362.20370
6616.32391 72.30126 2.24978 2.34061 352.09143
6616.30815 72.28526 2.24960 2.34009 351.95727
6615.30765 71.34682 2.25022 2.30971 342.69012
6615.25396 71.29707 2.25033 2.30810 342.19700
6614.30715 70.35814 2.23858 2.27770 334.16582
6614.23746 70.29289 2.23868 2.27559 333.54998
6613.30665 69.35547 2.22696 2.24524 325.94546
6613.23775 69.28870 2.22549 2.24308 325.37013
6612.30615 68.38327 2.21585 2.21377 317.72425
6612.20453 68.28452 2.21376 2.21057 316.90259
6611.30565 67.38594 2.19712 2.18149 309.88283
6611.19644 67.28033 2.19526 2.17807 309.02675
6610.30515 66.34090 2.17431 2.14765 302.39483
6610.24213 66.27615 2.17321 2.14556 301.89272
6609.30465 65.32781 2.15911 2.11486 294.61729
6609.24448 65.27197 2.15792 2.11305 294.23215
6608.30415 64.42858 2.13769 2.08575 288.32448
6608.14026 64.26778 2.13391 2.08054 287.15002
6607.30365 63.41285 2.11497 2.05286 281.28131
6607.15318 63.26360 2.11176 2.04803 280.25846
6606.30315 62.42993 2.09175 2.02104 274.43501
6606.13296 62.25941 2.08795 2.01552 273.30203
6605.30265 61.40081 2.06568 1.98773 267.90891
6605.16081 61.25523 2.06144 1.98302 266.99318
6604.30215 60.35251 2.03820 1.95379 261.56788
6604.20373 60.25105 2.03560 1.95051 260.94556
6603.30165 59.27072 2.00636 1.91877 255.40572
6603.27922 59.24686 2.00559 1.91800 255.26763
6602.33627 58.24268 1.97823 1.88549 249.53673
6602.30115 58.19777 1.97661 1.88404 249.33636
6601.55489 57.23849 1.95109 1.85298 244.91589
6601.30065 56.94715 1.94423 1.84355 243.36433
6600.65324 56.23431 1.91683 1.82047 239.70697
6600.30015 55.84821 1.90560 1.80797 237.97763
6599.74939 55.23013 1.88998 1.78796 235.09454
6599.29965 54.72852 1.86756 1.77173 232.41115
6598.83635 54.22594 1.85484 1.75546 229.70539
6598.29915 53.62535 1.83695 1.73601 226.63864
6597.92152 53.22176 1.81937 1.72295 224.46913
6597.29865 52.55788 1.80316 1.70146 220.92160
6596.95971 52.21757 1.79153 1.69044 219.00485
6596.29815 51.62890 1.76918 1.67138 215.29248
6595.82932 51.21339 1.76020 1.65793 212.71306
6595.29765 50.71709 1.74218 1.64186 209.81896
6594.73817 50.20921 1.72449 1.62542 206.82020
6594.29715 49.81110 1.71498 1.61253 204.48863
6593.64268 49.20502 1.69109 1.59291 201.07342
6593.29665 48.87012 1.68074 1.58207 199.28169
6592.63266 48.20084 1.66422 1.56041 195.90143
6592.29615 47.85035 1.65092 1.54906 194.18436
6591.62351 47.19665 1.62977 1.52790 190.79511
6591.29565 46.86036 1.61916 1.51701 189.29504
6590.64266 46.19247 1.59309 1.49539 186.34216
6590.29515 45.85002 1.58285 1.48430 184.62216
6589.67956 45.18828 1.56077 1.46288 181.52463
6589.29465 44.74974 1.54358 1.44868 179.59600
6588.77077 44.18410 1.52656 1.43037 177.00315
6588.29415 43.65829 1.50764 1.41335 174.64231
6587.82970 43.17992 1.48974 1.39786 172.40105
6587.29365 42.63948 1.47371 1.38037 169.84420
6586.82899 42.17573 1.45595 1.36535 167.65154
6586.29315 41.66705 1.43805 1.34889 165.19487
6585.75602 41.17155 1.42308 1.33285 162.77163
6585.29265 40.73441 1.40562 1.31870 160.66674
6584.63982 40.16736 1.38810 1.30034 157.89953
6584.29215 39.82815 1.37888 1.28936 156.42571
6583.61251 39.16318 1.35471 1.26783 153.43840
6583.29165 38.90521 1.34619 1.25948 152.12148
6582.29115 38.17303 1.32106 1.23578 148.52415
6582.27453 38.15900 1.32055 1.23532 148.45909
6581.29065 37.39377 1.29406 1.21055 144.66445
6580.98046 37.15481 1.28583 1.20281 143.49747
6580.29015 36.57975 1.26559 1.18420 140.81628
6579.75494 36.15063 1.24982 1.17030 138.80698
6579.28964 35.80689 1.23815 1.15918 137.14826
6578.43265 35.14644 1.21525 1.13780 134.06948
6578.28914 35.04159 1.21125 1.13440 133.57407
6577.28864 34.34790 1.18771 1.11194 130.24917
6577.01242 34.14226 1.18044 1.10529 129.31247
6576.28814 33.58181 1.16004 1.08714 126.82459
6575.68146 33.13808 1.14459 1.07278 124.83474
6575.28764 32.86398 1.13494 1.06391 123.59607
6574.28714 32.17382 1.11069 1.04156 120.50204
6574.22517 32.13389 1.10924 1.04027 120.31995
6573.28664 31.62078 1.09099 1.02366 117.92516
6572.56990 31.12971 1.07410 1.00776 115.86505
6572.28614 30.86363 1.06547 0.99915 114.90515
6571.49344 30.12552 1.04161 0.97525 112.23991
6571.28564 29.94100 1.03497 0.96928 111.51254
6570.32832 29.12134 1.00544 0.94275 108.27929
6570.28514 29.08313 1.00410 0.94151 108.13211
6569.28464 28.27147 0.97530 0.91523 104.94320
6569.08683 28.11715 0.96989 0.91024 104.33615
6568.28414 27.69429 0.95488 0.89655 102.51216
6567.28364 27.14424 0.93582 0.87874 100.21097
6567.22718 27.11297 0.93471 0.87773 100.08124
6566.28314 26.68068 0.91929 0.86373 98.22958
6565.28264 26.24044 0.90343 0.84948 96.37985
6564.98251 26.10879 0.89878 0.84522 95.85073
6564.28214 25.79645 0.88768 0.83511 94.59492
6563.28164 25.17747 0.86510 0.81507 92.25407
6563.17273 25.10460 0.86241 0.81271 91.98501
6562.28114 24.42237 0.83765 0.79063 89.49935
6561.87390 24.10042 0.82625 0.78020 88.34031
6561.28064 23.70346 0.81219 0.76735 86.89426
6560.28014 23.17689 0.79339 0.75031 84.90799
6560.11502 23.09623 0.79047 0.74769 84.60500
6559.27964 22.63776 0.77464 0.73285 82.97902
6558.37248 22.09205 0.75760 0.71519 81.25499
6558.27914 22.05081 0.75626 0.71385 81.12116
6557.27864 21.58500 0.74003 0.69877 79.50556
6556.47894 21.08787 0.72192 0.68268 77.72963
6556.27814 20.95402 0.71708 0.67834 77.25623
6555.27764 20.44383 0.69875 0.66183 75.47524
6554.64457 20.08368 0.68587 0.65017 74.22770
6554.27714 19.87666 0.67844 0.64347 73.50418
6553.27664 19.35979 0.65991 0.62673 71.71232
6552.72021 19.07950 0.64984 0.61766 70.74870
6552.27614 18.88629 0.64288 0.61141 70.09748
6551.27564 18.37773 0.62459 0.59494 68.35240
6550.72860 18.07531 0.61367 0.58515 67.32297
6550.27514 17.84806 0.60541 0.57780 66.55094
6549.27464 17.36442 0.58786 0.56214 64.91693
6548.66990 17.07113 0.57729 0.55264 63.92371
6548.27414 16.90258 0.57120 0.54719 63.36198
6547.27364 16.54012 0.55805 0.53545 62.17000
6546.27314 16.13090 0.54333 0.52221 60.80900
6546.11966 16.06695 0.54102 0.52014 60.59938
6545.27264 15.73341 0.52894 0.50934 59.50806
6544.27214 15.30098 0.51338 0.49534 58.06270
6543.72135 15.06276 0.50483 0.48763 57.27415
6543.27164 14.91268 0.49938 0.48277 56.79314
6542.27114 14.54002 0.48600 0.47070 55.58178
6541.27064 14.06529 0.46868 0.45534 53.95888
6541.25761 14.05858 0.46843 0.45512 53.93486
6540.27014 13.49259 0.44795 0.43680 51.96876
6539.50667 13.05439 0.43423 0.42261 50.63145
6539.26963 12.91724 0.43011 0.41817 50.22533
6538.26913 12.41363 0.41321 0.40187 48.57372
6537.44986 12.05021 0.39988 0.39010 47.26881
6537.26863 11.98787 0.39755 0.38808 47.05613
6536.26813 11.62165 0.38417 0.37623 45.80132
6535.26763 11.22829 0.37022 0.36349 44.45208
6534.78147 11.04603 0.36382 0.35759 43.82396
6534.26713 10.94585 0.36009 0.35435 43.52264
6533.26663 10.76241 0.35325 0.34841 42.97690
6532.26613 10.58589 0.34667 0.34270 42.45173
6531.26563 10.41469 0.34011 0.33715 41.94266
6530.26513 10.23981 0.33336 0.33149 41.41914
6529.26463 10.09827 0.32755 0.32691 41.00242
6528.92057 10.04184 0.32527 0.32508 40.82815
6528.26413 9.92050 0.32037 0.32116 40.44547
6527.26363 9.72353 0.31273 0.31478 39.80160
6526.26313 9.48201 0.30373 0.30696 38.95449
6525.26263 9.16791 0.29260 0.29679 37.79455
6524.95881 9.03766 0.28793 0.29258 37.29651
6524.26213 8.68225 0.27548 0.28107 35.89953
6523.26163 8.10483 0.25476 0.26238 33.60199
6523.15627 8.03347 0.25226 0.26007 33.31449
6522.26113 7.39051 0.22983 0.23925 30.69844
6521.82585 7.02929 0.21704 0.22756 29.21920
6521.26063 6.49408 0.19793 0.21023 27.00831
6520.74232 6.02510 0.18158 0.19505 25.07198
6520.26013 5.49752 0.16248 0.17797 22.83203
6519.86775 5.02092 0.14579 0.16254 20.86597
0.00000 0.00000 0.00000 0.00000 0.00000
