6132.06603 10.00471 0.32360 0.32388 117.12122
6134.06703 10.00015 0.32398 0.32373 117.03753
6135.06753 10.02066 0.32500 0.32440 117.26598
6136.06803 10.03061 0.32571 0.32472 117.36840
6137.06853 10.04049 0.32631 0.32504 117.47132
6138.06903 10.03344 0.32639 0.32481 117.37374
6138.66652 10.04184 0.32693 0.32508 117.46505
6139.06953 10.04598 0.32705 0.32522 117.50801
6140.07004 10.04522 0.32726 0.32519 117.48426
6140.37628 10.04184 0.32725 0.32508 117.43971
6141.07054 10.03161 0.32698 0.32475 117.31633
6142.07104 10.02541 0.32710 0.32455 117.23320
6143.07154 10.03144 0.32756 0.32475 117.28992
6144.07204 10.03532 0.32798 0.32487 117.32068
6145.07254 10.02730 0.32803 0.32461 117.22204
6146.07304 10.03195 0.32855 0.32476 117.26258
6147.07354 10.04131 0.32915 0.32507 117.36834
6147.68600 10.04184 0.32932 0.32508 117.36621
6148.07404 10.04210 0.32941 0.32509 117.37040
6148.13624 10.04184 0.32941 0.32508 117.36751
6149.07454 10.03677 0.32959 0.32492 117.29632
6149.54666 10.04184 0.32989 0.32508 117.35773
6150.07504 10.04625 0.33021 0.32523 117.40542
6151.07554 10.05225 0.33082 0.32542 117.46975
6152.07604 10.06772 0.33163 0.32592 117.64167
6153.07654 10.06503 0.33196 0.32584 117.60328
6154.07704 10.09179 0.33312 0.32670 117.91650
6155.07754 10.09079 0.33356 0.32667 117.89875
6156.07804 10.09878 0.33406 0.32693 117.98826
6157.07854 10.09130 0.33411 0.32669 117.89916
6158.07904 10.08621 0.33424 0.32652 117.83820
6159.07954 10.09375 0.33472 0.32676 117.92781
6160.08004 10.07317 0.33432 0.32610 117.68484
6161.08054 10.06878 0.33436 0.32596 117.63356
6162.08104 10.06719 0.33462 0.32591 117.61443
6163.08154 10.05951 0.33461 0.32566 117.52266
6164.00822 10.04184 0.33434 0.32508 117.31477
6164.08204 10.04008 0.33434 0.32503 117.29453
6164.22776 10.04184 0.33445 0.32508 117.31523
6165.08254 10.05024 0.33510 0.32536 117.42308
6166.08304 10.07908 0.33642 0.32629 117.76406
6167.08354 10.08749 0.33713 0.32656 117.86821
6168.08404 10.10064 0.33788 0.32699 118.02847
6169.08454 10.10898 0.33855 0.32726 118.13779
6170.08504 10.11004 0.33885 0.32729 118.15764
6171.08554 10.10708 0.33903 0.32720 118.12701
6172.08604 10.09799 0.33909 0.32690 118.03260
6173.08654 10.09956 0.33936 0.32695 118.06716
6174.08704 10.09363 0.33952 0.32676 118.00181
6175.08754 10.09828 0.34001 0.32691 118.06849
6176.08804 10.10014 0.34036 0.32697 118.10334
6177.08854 10.08529 0.34022 0.32649 117.94519
6178.08904 10.08585 0.34047 0.32651 117.96595
6179.08954 10.08173 0.34072 0.32638 117.94101
6180.09005 10.08037 0.34084 0.32633 117.93806
6181.09055 10.05593 0.34033 0.32554 117.67411
6182.09105 10.05215 0.34050 0.32542 117.65101
6183.09155 10.05488 0.34092 0.32551 117.70326
6184.09205 10.05306 0.34117 0.32545 117.70517
6185.09255 10.05206 0.34144 0.32542 117.71464
6186.09305 10.05704 0.34201 0.32558 117.80042
6187.09355 10.06092 0.34236 0.32570 117.87391
6187.87809 10.04184 0.34194 0.32508 117.67090
6188.09405 10.03528 0.34175 0.32487 117.59980
6189.09455 10.01492 0.34124 0.32421 117.38982
6190.09505 10.00638 0.34129 0.32394 117.31716
6399.71746 10.04184 0.22455 0.32508 111.67770
6400.20010 10.10070 0.22706 0.32699 111.93347
6401.20060 10.22448 0.23245 0.33100 112.45737
6402.20110 10.34165 0.23767 0.33479 112.87503
6403.20160 10.44748 0.24258 0.33822 113.12071
6404.20210 10.54587 0.24726 0.34140 113.26939
6405.20260 10.64951 0.25206 0.34476 113.43089
6406.20310 10.74155 0.25630 0.34774 113.56279
6407.20360 10.86049 0.26158 0.35159 113.85913
6408.20410 10.99413 0.26737 0.35591 114.30664
6408.51584 11.04603 0.26952 0.35759 114.55427
6409.20460 11.15436 0.27409 0.36110 115.02176
6410.20510 11.29184 0.28003 0.36555 115.44699
6411.20560 11.43177 0.28615 0.37008 115.85616
6412.20610 11.56088 0.29200 0.37426 116.11336
6413.20660 11.69787 0.29814 0.37869 116.42820
6414.20710 11.83739 0.30431 0.38321 116.82687
6415.20760 12.00550 0.31144 0.38865 117.52495
6415.43662 12.05021 0.31329 0.39010 117.73569
6416.20810 12.18506 0.31895 0.39447 118.27768
6417.20860 12.33739 0.32545 0.39940 118.69320
6418.20910 12.48299 0.33170 0.40411 118.95630
6419.20960 12.64360 0.33842 0.40931 119.31202
6420.21011 12.79853 0.34484 0.41433 119.49043
6421.21061 13.00679 0.35253 0.42107 119.99804
6421.44503 13.05439 0.35439 0.42261 120.13360
6422.21111 13.19646 0.36003 0.42721 120.36160
6423.21161 13.37136 0.36706 0.43287 120.57221
6424.21211 13.55716 0.37445 0.43889 121.06120
6425.21261 13.77234 0.38293 0.44585 121.75850
6426.21311 14.00849 0.39221 0.45350 122.77718
6426.43900 14.05858 0.39429 0.45512 122.98094
6427.21361 14.20346 0.40037 0.45981 123.34174
6428.21411 14.39165 0.40825 0.46590 123.75882
6429.21461 14.58423 0.41636 0.47214 124.16442
6430.21511 14.77166 0.42422 0.47820 124.47914
6431.21561 14.97399 0.43257 0.48475 124.89927
6431.68956 15.06276 0.43622 0.48763 125.07001
6432.21611 15.15756 0.44008 0.49070 125.27490
6433.21661 15.35818 0.44829 0.49719 125.64942
6434.21711 15.56078 0.45677 0.50375 126.00804
6435.21761 15.77556 0.46571 0.51070 126.44289
6436.21811 16.03232 0.47604 0.51901 127.26254
6436.34542 16.06695 0.47741 0.52014 127.38408
6437.21861 16.28241 0.48602 0.52711 127.98128
6438.21911 16.51789 0.49543 0.53473 128.51637
6439.21961 16.73934 0.50430 0.54190 128.87224
6440.22011 16.99921 0.51451 0.55032 129.56936
6440.51253 17.07113 0.51740 0.55264 129.72289
6441.22061 17.23942 0.52410 0.55809 130.17921
6442.22111 17.48393 0.53391 0.56601 130.71955
6443.22161 17.71740 0.54328 0.57357 131.07081
6444.22211 17.98345 0.55354 0.58218 131.68919
6444.55215 18.07531 0.55711 0.58515 131.93088
6445.22261 18.25718 0.56417 0.59104 132.36146
6446.22311 18.50376 0.57398 0.59902 132.72758
6447.22361 18.75201 0.58396 0.60706 133.07511
6448.22411 19.03270 0.59501 0.61615 133.70475
6448.37265 19.07950 0.59681 0.61766 133.84196
6449.22461 19.32237 0.60617 0.62552 134.38174
6450.22511 19.56804 0.61563 0.63348 134.83378
6451.22561 19.84231 0.62621 0.64236 135.28304
6452.01086 20.08368 0.63553 0.65017 135.87127
6452.22611 20.14669 0.63798 0.65221 135.99536
6453.22661 20.43352 0.64925 0.66149 136.50828
6454.22711 20.71619 0.66003 0.67065 136.92971
6455.22761 21.02014 0.67145 0.68048 137.51881
6455.41421 21.08787 0.67399 0.68268 137.73513
6456.22811 21.36752 0.68468 0.69173 138.54264
6457.22861 21.65631 0.69599 0.70108 138.97102
6458.22911 21.95382 0.70691 0.71071 139.27013
6458.68678 22.09205 0.71149 0.71519 139.42280
6459.22961 22.27746 0.71741 0.72119 139.78723
6460.23012 22.64326 0.72935 0.73303 140.36223
6461.23062 23.00052 0.74206 0.74460 141.09956
6461.49072 23.09623 0.74583 0.74769 141.39437
6462.23112 23.32669 0.75454 0.75516 141.74710
6463.23162 23.62190 0.76588 0.76471 142.04079
6464.23212 23.93882 0.77749 0.77497 142.45105
6464.68994 24.10042 0.78347 0.78020 142.77654
6465.23262 24.29959 0.79090 0.78665 143.22144
6466.23312 24.63351 0.80344 0.79746 143.73201
6467.23362 24.96669 0.81581 0.80825 144.31664
6467.62627 25.10460 0.82083 0.81271 144.67969
6468.23412 25.31795 0.82864 0.81962 145.06576
6469.23462 25.67506 0.84169 0.83118 145.68180
6470.23512 26.02845 0.85446 0.84262 146.24707
6470.43510 26.10879 0.85741 0.84522 146.43822
6471.23562 26.40071 0.86798 0.85467 146.94191
6472.23612 26.74453 0.88074 0.86580 147.36336
6473.14670 27.11297 0.89420 0.87773 148.19782
6473.23662 27.15179 0.89561 0.87898 148.30099
6474.23712 27.50308 0.90854 0.89036 148.73795
6475.23762 27.83114 0.92044 0.90098 148.96024
6476.03384 28.11715 0.93083 0.91024 149.30233
6476.23812 28.20263 0.93390 0.91300 149.54028
6477.23862 28.56559 0.94720 0.92475 150.25705
6478.23912 28.95983 0.96107 0.93752 150.91730
6478.62375 29.12134 0.96660 0.94275 151.25184
6479.23962 29.36939 0.97565 0.95078 151.70225
6480.24012 29.75429 0.99007 0.96324 152.28975
6481.21474 30.12552 1.00406 0.97525 152.84481
6481.24062 30.13750 1.00448 0.97564 152.87193
6482.24112 30.60543 1.01990 0.99079 153.79432
6483.24162 31.03515 1.03357 1.00470 154.18745
6483.43185 31.12971 1.03662 1.00776 154.36217
6484.24212 31.48501 1.04923 1.01926 154.95644
6485.24262 31.83977 1.06208 1.03075 155.44284
6485.94834 32.13389 1.07259 1.04027 155.99591
6486.24312 32.26451 1.07718 1.04450 156.23603
6487.24362 32.68576 1.09252 1.05814 156.90074
6488.23623 33.13808 1.10911 1.07278 157.80100
6488.24412 33.14164 1.10923 1.07289 157.80781
6489.24462 33.56155 1.12510 1.08649 158.42013
6490.24512 33.95901 1.13976 1.09935 158.83245
6490.63340 34.14226 1.14629 1.10529 159.20856
6491.24562 34.43703 1.15668 1.11483 159.83652
6492.24612 34.88058 1.17280 1.12919 160.53245
6492.82901 35.14644 1.18244 1.13780 160.99778
6493.24662 35.35215 1.18997 1.14446 161.41772
6494.24712 35.77413 1.20539 1.15812 162.07314
6495.13717 36.15063 1.21876 1.17030 162.62021
6495.24762 36.20202 1.22060 1.17197 162.70060
6496.24812 36.66574 1.23729 1.18698 163.45155
6497.24862 37.10940 1.25395 1.20134 164.03390
6497.34355 37.15481 1.25562 1.20281 164.11150
6498.24912 37.56973 1.27012 1.21624 164.70659
6499.24962 38.01046 1.28651 1.23051 165.22246
6499.54921 38.15900 1.29198 1.23532 165.48949
6500.25013 38.52844 1.30565 1.24728 166.24136
6501.25063 38.99839 1.32286 1.26250 166.95136
6501.57058 39.16318 1.32892 1.26783 167.28678
6502.25113 39.55085 1.34275 1.28038 168.16252
6503.25163 40.05180 1.35937 1.29660 168.87749
6503.45091 40.16736 1.36292 1.30034 169.05814
6504.25213 40.57058 1.37555 1.31339 169.47064
6505.25263 41.03741 1.39306 1.32850 170.05214
6505.49424 41.17155 1.39816 1.33285 170.34351
6506.25313 41.59927 1.41413 1.34669 171.25202
6507.25363 42.06849 1.43053 1.36188 171.75970
6507.45452 42.17573 1.43448 1.36535 171.94959
6508.25413 42.63100 1.45144 1.38009 172.89206
6509.25463 43.11788 1.46862 1.39586 173.48898
6509.36584 43.17992 1.47072 1.39786 173.60699
6510.25513 43.62453 1.48641 1.41226 174.19915
6511.25563 44.08420 1.50394 1.42714 174.55648
6511.44684 44.18410 1.50778 1.43037 174.72189
6512.25613 44.60171 1.52283 1.44389 175.57533
6513.25663 45.10794 1.54110 1.46028 176.22787
6513.40054 45.18828 1.54418 1.46288 176.37075
6514.25713 45.70226 1.56333 1.47952 177.43175
6515.21989 46.19247 1.57968 1.49539 178.04438
6515.25763 46.21299 1.58037 1.49605 178.07625
6516.25813 46.78126 1.60218 1.51445 179.06109
6517.01649 47.19665 1.61714 1.52790 179.68026
6517.25863 47.34002 1.62240 1.53254 179.95618
6518.25913 47.87953 1.64224 1.55000 180.78165
6518.80948 48.20084 1.65321 1.56041 181.24239
6519.25963 48.49847 1.66254 1.57004 181.66626
6520.26013 49.07788 1.68088 1.58880 182.38236
6520.48732 49.20502 1.68526 1.59291 182.65833
6521.26063 49.60995 1.70077 1.60602 183.30312
6522.26113 50.16027 1.72076 1.62384 184.07555
6522.34082 50.20921 1.72243 1.62542 184.16634
6523.26163 50.76057 1.74216 1.64327 185.12567
6524.02333 51.21339 1.75936 1.65793 185.89692
6524.26213 51.36451 1.76492 1.66282 186.19188
6525.26263 51.91840 1.78370 1.68075 186.93404
6525.75398 52.21757 1.79438 1.69044 187.46032
6526.26313 52.54518 1.80703 1.70105 188.10933
6527.26363 53.09859 1.82686 1.71896 188.83724
6527.46544 53.22176 1.83083 1.72295 189.04980
6528.26413 53.71516 1.84851 1.73892 189.92562
6529.10565 54.22594 1.86759 1.75546 190.76585
6529.26463 54.32383 1.87080 1.75863 190.96204
6530.26513 54.83092 1.88834 1.77504 191.65699
6530.91324 55.23013 1.90273 1.78796 192.31535
6531.26563 55.46543 1.91172 1.79558 192.79492
6532.26613 56.04242 1.93147 1.81426 193.61810
6532.56874 56.23431 1.93804 1.82047 193.96088
6533.26663 56.70718 1.95608 1.83578 194.95207
6534.12040 57.23849 1.97481 1.85298 195.87151
6534.26713 57.34137 1.97789 1.85631 196.05143
6535.26763 57.97097 1.99543 1.87669 196.74049
6535.67805 58.24268 2.00618 1.88549 197.17890
6536.26813 58.60657 2.01859 1.89727 197.79448
6537.26863 59.24246 2.04114 1.91786 198.96090
6537.27584 59.24686 2.04131 1.91800 198.96777
6538.26913 59.86364 2.06364 1.93797 200.17964
6538.87104 60.25105 2.07654 1.95051 200.98392
6539.26963 60.50542 2.08402 1.95874 201.42341
6540.27014 61.14667 2.10789 1.97950 202.59914
6540.43523 61.25523 2.11169 1.98302 202.80524
6541.27064 61.76568 2.12791 1.99954 203.68430
6542.03703 62.25941 2.14479 2.01552 204.61291
6542.27114 62.42865 2.15107 2.02100 204.98378
6543.27164 63.07321 2.17229 2.04187 206.21174
6543.56062 63.26360 2.17783 2.04803 206.59370
6544.27214 63.74568 2.19466 2.06364 207.59213
6545.07234 64.26778 2.21253 2.08054 208.62538
6545.27264 64.40084 2.21711 2.08485 208.90244
6546.27314 65.07534 2.23796 2.10668 210.31062
6546.57337 65.27197 2.24550 2.11305 210.72693
6547.27364 65.74398 2.26114 2.12833 211.80310
6548.07653 66.27615 2.27317 2.14556 212.76967
6548.27414 66.41786 2.27749 2.15015 212.99820
6549.27464 67.14114 2.30169 2.17356 214.59298
6549.47278 67.28033 2.30598 2.17807 214.92307
6550.27514 67.81121 2.32043 2.19525 216.11057
6550.99882 68.28452 2.33579 2.21057 217.16076
6551.27564 68.47597 2.34238 2.21677 217.61604
6552.27614 69.12099 2.35851 2.23765 219.08954
6552.52087 69.28870 2.36346 2.24308 219.49363
6553.27664 69.83079 2.37994 2.26063 220.84035
6553.92520 70.29289 2.39178 2.27559 222.00560
6554.27714 70.55061 2.39757 2.28393 222.67154
6555.27764 71.26142 2.41682 2.30695 224.51561
6555.33354 71.29707 2.41777 2.30810 224.60127
6556.27814 71.83780 2.42743 2.32561 225.99781
6556.91023 72.30126 2.43901 2.34061 227.24618
6557.27864 72.59186 2.44644 2.35002 228.05701
6558.27914 73.23083 2.45853 2.37070 229.81854
6558.38136 73.30544 2.45989 2.37312 230.03301
6559.27964 73.96255 2.47424 2.39439 231.92250
6559.77566 74.30962 2.48168 2.40563 232.93895
6560.28014 74.67654 2.48672 2.41750 234.05393
6561.11837 75.31381 2.49938 2.43813 235.84913
6561.28064 75.44422 2.50172 2.44236 236.20221
6562.28114 76.16887 2.51057 2.46581 238.36587
6562.46800 76.31799 2.51348 2.47064 238.83566
6563.28164 76.95559 2.52748 2.49128 240.85638
6563.78843 77.32218 2.53196 2.50315 242.05187
6564.28214 77.67297 2.53518 2.51451 243.23957
6565.28264 78.29758 2.55573 2.53473 245.42661
6565.32158 78.32636 2.55710 2.53566 245.52090
6566.28314 78.97969 2.56616 2.55681 247.88648
6566.78006 79.33054 2.58137 2.56817 249.17427
6567.28364 79.72004 2.62160 2.58078 250.55128
6568.11509 80.33473 2.70513 2.60068 252.83931
6568.28414 80.46489 2.71879 2.60489 253.31685
6569.28464 81.17457 2.72229 2.62786 256.16246
6569.50046 81.33891 2.71082 2.63318 256.80417
6570.28514 81.94086 2.67870 2.65267 259.18886
6570.82235 82.34310 2.67145 2.66569 260.84832
6571.28564 82.68126 2.67032 2.67664 262.32158
6572.15604 83.34728 2.66290 2.69820 265.15709
6572.28614 83.46558 2.66088 2.70203 265.60153
6573.28664 84.23696 2.65103 2.72700 268.97575
6573.44018 84.35146 2.65251 2.73071 269.44618
6574.28714 84.92136 2.66459 2.74916 272.29612
6574.86912 85.35565 2.67185 2.76322 274.49754
6575.28764 85.66428 2.67488 2.77321 276.11568
6576.27435 86.35983 2.68672 2.79573 280.13016
6576.28814 86.37066 2.68700 2.79608 280.18792
6577.28864 87.13646 2.71260 2.82087 284.43037
6577.59863 87.36402 2.72098 2.82824 285.80688
6578.28914 87.88192 2.74073 2.84500 288.98957
6578.93682 88.36820 2.75857 2.86074 292.06229
6579.28964 88.64254 2.76820 2.86963 293.79000
6580.27992 89.37238 2.79479 2.89325 298.90152
6580.29015 89.38000 2.79507 2.89350 298.95605
6581.29065 90.16611 2.82467 2.91895 304.29297
6581.57817 90.37657 2.83246 2.92576 305.95105
6582.29115 90.91441 2.85398 2.94317 310.13328
6582.96885 91.38075 2.87449 2.95827 313.55464
6583.29165 91.61107 2.88493 2.96573 315.45644
6584.29215 92.38365 2.92030 2.99074 321.75856
6584.29379 92.38494 2.92036 2.99078 321.76849
6585.29265 93.19024 2.95449 3.01685 328.47552
6585.52476 93.38912 2.96264 3.02329 330.04916
6586.29315 94.02248 2.99255 3.04379 335.13316
6586.77361 94.39331 3.01062 3.05579 338.38214
6587.29365 94.79221 3.02907 3.06871 342.02263
6588.05311 95.39749 3.05966 3.08830 347.24554
6588.29415 95.59462 3.06991 3.09468 348.90157
6589.29465 96.35082 3.10161 3.11916 356.19429
6589.35353 96.40167 3.10305 3.12081 356.57939
6590.29515 97.21042 3.12151 3.14699 362.87456
6590.55672 97.40586 3.12650 3.15332 364.84341
6591.29565 97.98095 3.14302 3.17194 369.17271
6591.82726 98.41004 3.15578 3.18583 372.23734
6592.29615 98.78369 3.16707 3.19792 375.58243
6593.08664 99.41423 3.18636 3.21834 381.16752
6593.29665 99.58759 3.19194 3.22395 382.57902
6594.29715 100.39303 3.21798 3.25002 389.46714
6594.32724 100.41841 3.21884 3.25085 389.65925
6595.29765 101.21669 3.24566 3.27669 396.13405
6595.55842 101.42259 3.25171 3.28335 398.20530
6596.29815 102.07145 3.27138 3.30436 403.54633
6596.68930 102.42678 3.28377 3.31586 405.77613
6597.29865 102.93247 3.30176 3.33223 409.58243
6597.89556 103.43096 3.31965 3.34837 413.40419
6598.29915 103.77051 3.33161 3.35936 415.94539
6599.08020 104.43515 3.35560 3.38088 420.58166
6599.29965 104.63607 3.36296 3.38738 421.79764
6600.26493 105.43933 3.39199 3.41339 427.28585
6600.30015 105.46830 3.39305 3.41433 427.42390
6601.30065 106.19979 3.41984 3.43801 433.58654
6601.59179 106.44351 3.42875 3.44590 435.42032
6602.30115 107.05500 3.45114 3.46569 439.39292
6602.77658 107.44770 3.46555 3.47840 442.26479
6603.30165 107.89855 3.48207 3.49300 445.20529
6603.91358 108.45188 3.50226 3.51091 448.25813
6604.30215 108.80967 3.51537 3.52250 450.06445
6605.06814 109.45607 3.53891 3.54342 454.43381
6605.30265 109.65978 3.54636 3.55002 455.65423
6606.26394 110.46025 3.57547 3.57593 461.15819
6606.30315 110.49902 3.57676 3.57718 461.34673
6607.24705 111.46444 3.60800 3.60844 465.69586
6607.30365 111.51477 3.60984 3.61007 465.96272
6608.30415 112.39902 3.64225 3.63869 470.94239
6608.39005 112.46862 3.64475 3.64095 471.41863
6609.30465 113.17474 3.67019 3.66381 475.44027
6609.64706 113.47280 3.68092 3.67346 476.99070
6610.30515 114.05658 3.70187 3.69235 480.30764
6610.78752 114.47699 3.71697 3.70596 482.63100
6611.30565 114.94232 3.73361 3.72103 485.00081
6611.88607 115.48117 3.75281 3.73847 487.39191
6612.30615 115.88020 3.76702 3.75139 489.01038
6613.00397 116.48536 3.78859 3.77098 492.41832
6613.30665 116.74994 3.79802 3.77955 493.85548
6614.13993 117.48954 3.82426 3.80349 497.66398
6614.30715 117.64367 3.82969 3.80848 498.35904
6615.25516 118.49372 3.86010 3.83600 502.42627
6615.30765 118.54649 3.86198 3.83771 502.57232
6616.28215 119.49791 3.89254 3.86851 506.94819
6616.30815 119.52196 3.89330 3.86928 507.08791
6617.30865 120.45411 3.92553 3.89946 511.35843
6617.36172 120.50209 3.92724 3.90101 511.57713
6618.30915 121.30420 3.95534 3.92698 514.98844
6618.54427 121.50628 3.96244 3.93352 515.68108
6619.30965 122.20435 3.98688 3.95612 518.86864
6619.63656 122.51046 3.99764 3.96603 520.13284
6620.31016 123.14608 4.01984 3.98661 522.55544
6620.69774 123.51464 4.03273 3.99854 523.96526
6621.31066 124.06381 4.05195 4.01632 526.55347
6621.81558 124.51883 4.06781 4.03105 528.65549
6622.31116 124.99916 4.08456 4.04660 530.32111
6622.87456 125.52301 4.10276 4.06356 532.46074
6623.31166 125.94219 4.11734 4.07713 533.94821
6623.92662 126.52720 4.13771 4.09606 536.10028
6624.31216 126.88337 4.15008 4.10760 537.60985
6624.98515 127.53138 4.17275 4.12857 539.80745
6625.31266 127.86951 4.18460 4.13952 540.55588
6625.98222 128.53556 4.20547 4.16108 543.46128
6626.31316 128.87639 4.21583 4.17212 544.59749
6627.03455 129.53975 4.23862 4.19359 546.06946
6627.31366 129.77730 4.24699 4.20128 547.26787
6628.07144 130.54393 4.27339 4.22610 549.51944
6628.31416 130.78887 4.28182 4.23403 550.17142
6629.13678 131.54812 4.30815 4.25861 553.30741
6629.31466 131.72061 4.31411 4.26419 553.89646
6630.20972 132.55230 4.34285 4.29112 557.25064
6630.31516 132.65281 4.34632 4.29437 557.61867
6631.25187 133.55649 4.37748 4.32362 560.73374
6631.31566 133.61687 4.37956 4.32558 560.96135
6632.27253 134.56067 4.41208 4.35613 563.89715
6632.31616 134.60513 4.41360 4.35757 564.01445
6633.30047 135.56485 4.44658 4.38864 567.20610
6633.31666 135.58098 4.44714 4.38916 567.25567
6634.31569 136.56904 4.48124 4.42115 570.18889
6634.31716 136.57063 4.48129 4.42120 570.19261
6635.22540 137.57322 4.51196 4.45366 573.22627
6635.31766 137.66323 4.51502 4.45657 573.49404
6636.31816 138.51043 4.54448 4.48400 576.48166
6636.38637 138.57741 4.54676 4.48617 576.68171
6637.31866 139.53153 4.57939 4.51705 579.33051
6637.36737 139.58159 4.58110 4.51867 579.45557
6638.31916 140.54599 4.61411 4.54990 582.10039
6638.35799 140.58577 4.61547 4.55118 582.20544
6639.31966 141.56055 4.64881 4.58274 584.91895
6639.34880 141.58996 4.64982 4.58369 585.00087
6640.32016 142.57814 4.68363 4.61568 587.69626
6640.33618 142.59414 4.68418 4.61620 587.74427
6641.32066 143.58021 4.71785 4.64812 590.65769
6641.33812 143.59833 4.71846 4.64871 590.70242
6642.30697 144.60251 4.75273 4.68122 593.25584
6642.32116 144.61682 4.75322 4.68168 593.29666
6643.31528 145.60669 4.78731 4.71373 596.26445
6643.32166 145.61412 4.78755 4.71397 596.27695
6644.22271 146.61088 4.81784 4.74623 598.55598
6644.32216 146.70587 4.82092 4.74931 598.76052
6645.25135 147.61506 4.85213 4.77874 601.04371
6645.32266 147.68484 4.85450 4.78100 601.30494
6646.24141 148.61925 4.88630 4.81125 603.97577
6646.32316 148.70457 4.88920 4.81401 604.18255
6647.21444 149.62343 4.92044 4.84376 606.61945
6647.32366 149.73652 4.92430 4.84742 606.91161
6648.14921 150.62762 4.95455 4.87627 608.74738
6648.32416 150.80486 4.96056 4.88201 609.26595
6649.10333 151.63180 4.98871 4.90878 611.15474
6649.32466 151.86931 4.99675 4.91647 611.66819
6650.06539 152.63598 5.02285 4.94128 613.69509
6650.32516 152.91257 5.03225 4.95024 614.33121
6650.99564 153.64017 5.05691 4.97379 615.81420
6651.32566 154.00068 5.06930 4.98546 616.47907
6651.89274 154.64435 5.08949 5.00630 617.95584
6652.32616 155.11654 5.10369 5.02159 619.53351
6652.80853 155.64854 5.12159 5.03881 620.71691
6653.32666 156.21458 5.14088 5.05713 621.28801
6653.77372 156.65272 5.15563 5.07132 622.03633
6654.32716 157.20525 5.17439 5.08921 623.50633
6654.75226 157.65690 5.18972 5.10383 624.69371
6655.32766 158.23163 5.20925 5.12243 626.51136
6655.72232 158.66109 5.22380 5.13634 627.40322
6656.32816 159.33768 5.24668 5.15824 628.63511
6656.64040 159.66527 5.25779 5.16884 629.48192
6657.32866 160.40000 5.28269 5.19263 631.20796
6657.57735 160.66946 5.29182 5.20135 631.79767
6658.32916 161.46025 5.31863 5.22695 633.82421
6658.52081 161.67364 5.32583 5.23386 634.22155
6659.32966 162.55588 5.35557 5.26242 636.14086
6659.44404 162.67782 5.35970 5.26637 636.42653
6660.32658 163.68201 5.39308 5.29888 638.23990
6660.33017 163.68625 5.39321 5.29901 638.25073
6661.15973 164.68619 5.42401 5.33139 640.30726
6661.33067 164.87044 5.43037 5.33735 640.70901
6662.16586 165.69038 5.45824 5.36389 642.47183
6662.33117 165.85579 5.46379 5.36925 642.76613
6663.06354 166.69456 5.49211 5.39640 644.01912
6663.33167 166.99516 5.50224 5.40613 644.62333
6663.97801 167.69874 5.52597 5.42891 646.15971
6664.33217 168.07765 5.53882 5.44118 647.09517
6664.88903 168.70293 5.55989 5.46142 648.29969
6665.33267 169.18386 5.57612 5.47699 649.40775
6665.79751 169.70711 5.59381 5.49393 650.39955
6666.33317 170.32937 5.61477 5.51407 651.35205
6666.67098 170.71130 5.62758 5.52644 652.06989
6667.33367 171.43270 5.65203 5.54979 653.68683
6667.57925 171.71548 5.66173 5.55895 654.11976
6668.33417 172.62585 5.68950 5.58842 656.03486
6668.41259 172.71967 5.69225 5.59145 656.27259
6669.27638 173.72385 5.72585 5.62396 657.92675
6669.33467 173.78632 5.72796 5.62598 658.08162
6670.12980 174.72803 5.75954 5.65647 659.42979
6670.33517 174.96416 5.76749 5.66411 659.89989
6671.07353 175.73222 5.79338 5.68898 661.64508
6671.33567 176.00549 5.80260 5.69783 662.00171
6671.98053 176.73640 5.82715 5.72149 662.90452
6672.33617 177.13771 5.84068 5.73448 663.78736
6672.86629 177.74059 5.86095 5.75400 664.93465
6673.33667 178.26223 5.87851 5.77088 666.05460
6673.75255 178.74477 5.89477 5.78650 666.88016
6674.33717 179.39673 5.91674 5.80761 668.27762
6674.64626 179.74895 5.92859 5.81901 668.94253
6675.33767 180.53632 5.95513 5.84450 670.44557
6675.52696 180.75314 5.96260 5.85152 670.80855
6676.33817 181.75050 5.99347 5.88381 672.65502
6676.34367 181.75732 5.99367 5.88403 672.67028
6677.17749 182.76151 6.02656 5.91654 674.26723
6677.33867 182.94835 6.03289 5.92259 674.58591
6678.06264 183.76569 6.06029 5.94905 676.27581
6678.33917 184.07483 6.07070 5.95905 676.92225
6678.91916 184.76987 6.09404 5.98156 678.04677
6679.33967 185.25711 6.11040 5.99733 678.80036
6679.83812 185.77406 6.12774 6.01406 679.54603
6680.34017 186.29396 6.14524 6.03089 680.68805
6680.74210 186.77824 6.16141 6.04657 681.44920
6681.34067 187.48813 6.18523 6.06955 682.60402
6681.58699 187.78243 6.19510 6.07908 683.03368
6682.34117 188.66311 6.22463 6.10759 684.59913
6682.44309 188.78661 6.22877 6.11159 684.77328
6683.26209 189.79079 6.26215 6.14410 686.13213
6683.34167 189.89669 6.26526 6.14753 686.30161
6684.00504 190.79498 6.29245 6.17661 687.39062
6684.34217 191.19355 6.30607 6.18951 687.98147
6684.84587 191.79916 6.32640 6.20911 688.89275
6685.34267 192.36330 6.34537 6.22738 690.08897
6685.71797 192.80335 6.36012 6.24162 690.85702
6686.34317 193.53273 6.38454 6.26524 692.20408
6686.56739 193.80753 6.39375 6.27413 692.55049
6687.34367 194.77404 6.42606 6.30542 693.79352
6687.37712 194.81172 6.42733 6.30664 693.88497
6688.26503 195.81590 6.46096 6.33915 695.27180
6688.34417 195.90167 6.46383 6.34192 695.35760
6689.12864 196.82008 6.49451 6.37166 696.67192
6689.34467 197.06839 6.50282 6.37969 697.25021
6689.97842 197.82427 6.52848 6.40417 698.41232
6690.34517 198.29530 6.54358 6.41941 699.00662
6690.72998 198.82845 6.55901 6.43667 699.79546
6691.34567 199.58916 6.58378 6.46130 700.98538
6691.54739 199.83264 6.59207 6.46918 701.32757
6692.34617 200.74060 6.62250 6.49858 703.31809
6692.42442 200.83682 6.62570 6.50169 703.45354
6693.20151 201.84100 6.65921 6.53420 704.38623
6693.34667 202.01590 6.66508 6.53986 704.66773
6694.02008 202.84519 6.69276 6.56671 705.84566
6694.34717 203.23783 6.70589 6.57942 706.48899
6694.84673 203.84937 6.72638 6.59922 707.38768
6695.34767 204.44125 6.74618 6.61838 708.47534
6695.68075 204.85356 6.75992 6.63172 709.03002
6696.34817 205.66364 6.78705 6.65795 710.31731
6696.51022 205.85774 6.79358 6.66423 710.69226
6697.34867 206.85168 6.82682 6.69641 711.92549
6697.35786 206.86192 6.82718 6.69674 711.93067
6698.17966 207.86611 6.85858 6.72925 713.24325
6698.34917 208.06768 6.86447 6.73578 713.85519
6698.93891 208.87029 6.89072 6.76176 714.51141
6699.34967 209.36662 6.90740 6.77783 715.28726
6699.74257 209.87448 6.92424 6.79427 715.83374
6700.35018 210.63064 6.94947 6.81875 716.87774
6700.55535 210.87866 6.95775 6.82677 717.28471
6701.35068 211.85274 6.99026 6.85831 718.78422
6701.37483 211.88285 6.99126 6.85928 718.82609
6702.16827 212.88703 7.02475 6.89179 720.08539
6702.35118 213.10283 7.03199 6.89878 720.49301
6702.96358 213.89121 7.05823 6.92430 721.37696
6703.35168 214.36980 7.07419 6.93979 722.08799
6703.78323 214.89540 7.09169 6.95681 722.95331
6704.35218 215.59638 7.11542 6.97950 723.94593
6704.58665 215.89958 7.12526 6.98932 724.33994
6705.31687 216.90377 7.15518 7.02183 725.74466
6705.35268 216.94747 7.15659 7.02324 725.82966
6706.12823 217.90795 7.18892 7.05433 727.23536
6706.35318 218.17813 7.19784 7.06308 727.48137
6706.98473 218.91213 7.22224 7.08684 728.10580
6707.35368 219.33324 7.23634 7.10047 728.94612
6707.80374 219.91632 7.25576 7.11935 729.71180
6708.35418 220.59331 7.27834 7.14127 730.74850
6708.61186 220.92050 7.28925 7.15186 731.16123
6709.35468 221.84972 7.32024 7.18194 732.48982
6709.41322 221.92469 7.32274 7.18437 732.58262
6710.17321 222.92887 7.35609 7.21688 733.54619
6710.35518 223.15048 7.36350 7.22405 733.91448
6710.95713 223.93305 7.38941 7.24938 734.79195
6711.35568 224.43396 7.40619 7.26560 735.48113
6711.75757 224.93724 7.42321 7.28189 736.15098
6712.35618 225.75614 7.44747 7.30840 737.41658
6712.48302 225.94142 7.45298 7.31440 737.59569
6713.27228 226.94561 7.48651 7.34691 738.87019
6713.35668 227.04772 7.48991 7.35022 739.04611
6714.04099 227.94979 7.51988 7.37942 739.99154
6714.35718 228.35620 7.53338 7.39258 740.56005
6714.87263 228.95397 7.55326 7.41193 741.54740
6715.35768 229.50669 7.57166 7.42982 742.09374
6715.69786 229.95816 7.58664 7.44444 742.30490
6716.35818 230.79050 7.61430 7.47138 743.59028
6716.49025 230.96234 7.62001 7.47694 743.79367
6717.25876 231.96653 7.65338 7.50945 744.87268
6717.35868 232.09206 7.65754 7.51352 745.05423
6718.03929 232.97071 7.68682 7.54196 746.12158
6718.35918 233.37976 7.70059 7.55520 746.59979
6718.80542 233.97490 7.71860 7.57447 747.56993
6719.35968 234.68143 7.74017 7.59734 748.95593
6719.57301 234.97908 7.75011 7.60698 749.10446
6720.32396 235.98326 7.78356 7.63949 750.03693
6720.36018 236.02843 7.78506 7.64095 750.10545
6721.06319 236.98745 7.81687 7.67199 750.86373
6721.36068 237.37358 7.82969 7.68449 751.32597
6721.83065 237.99163 7.85017 7.70450 751.99441
6722.36118 238.67112 7.87271 7.72650 752.86022
6722.61838 238.99582 7.88353 7.73701 753.37899
6723.36168 239.90530 7.91376 7.76645 754.70901
6723.44391 240.00000 7.91690 7.76952 754.79775
