6733.36668 239.52705 7.91993 7.75421 869.11597
6732.91322 238.99582 7.90243 7.73701 868.60198
6732.36618 238.35367 7.88106 7.71622 868.27844
6732.06842 237.99163 7.86899 7.70450 867.84456
6731.36568 237.10101 7.83968 7.67567 866.78180
6731.27634 236.98745 7.83595 7.67199 866.67303
6730.51569 235.98326 7.80245 7.63949 866.03172
6730.36518 235.79807 7.79637 7.63349 865.75972
6729.73629 234.97908 7.76924 7.60698 865.16641
6729.36468 234.46394 7.75186 7.59030 865.09747
6728.99222 233.97490 7.73767 7.57447 864.24879
6728.36418 233.10796 7.71051 7.54640 863.55447
6728.25664 232.97071 7.70581 7.54196 863.44300
6727.46774 231.96653 7.67232 7.50945 862.50080
6727.36368 231.84299 7.66828 7.50545 862.29654
6726.67110 230.96234 7.63901 7.47694 861.48198
6726.36318 230.55598 7.62534 7.46379 861.19719
6725.89869 229.95816 7.60639 7.44444 860.67359
6725.36268 229.25815 7.58278 7.42177 860.22031
6725.11614 228.95397 7.57240 7.41193 859.87981
6724.36218 227.99927 7.54154 7.38102 858.82234
6724.31849 227.94979 7.53974 7.37942 858.70212
6723.45392 226.94561 7.50584 7.34691 857.74173
6723.36168 226.83925 7.50257 7.34347 857.71432
6722.64936 225.94142 7.47228 7.31440 857.17968
6722.36118 225.53938 7.46026 7.30139 856.62359
6721.93362 224.93724 7.44239 7.28189 856.01351
6721.36068 224.20245 7.41786 7.25811 855.55143
6721.14377 223.93305 7.40886 7.24938 855.24324
6720.38141 222.92887 7.37555 7.21688 854.71518
6720.36018 222.90294 7.37470 7.21604 854.67976
6719.59390 221.92469 7.34203 7.18437 853.79647
6719.35968 221.62816 7.33209 7.17477 853.53672
6718.79747 220.92050 7.30877 7.15186 852.83728
6718.35918 220.35874 7.28989 7.13367 852.43971
6717.98448 219.91632 7.27494 7.11935 851.68626
6717.35868 219.14410 7.24932 7.09435 850.74949
6717.17439 218.91213 7.24176 7.08684 850.53682
6716.40586 217.90795 7.20809 7.05433 850.04356
6716.35818 217.84973 7.20618 7.05245 849.96155
6715.59558 216.90377 7.17496 7.02183 848.92876
6715.35768 216.56438 7.16400 7.01084 849.08449
6714.83116 215.89958 7.14518 6.98932 848.54156
6714.35718 215.36278 7.12805 6.97194 847.68099
6713.97813 214.89540 7.11132 6.95681 847.08428
6713.35668 214.12738 7.08641 6.93195 846.24279
6713.16524 213.89121 7.07883 6.92430 845.99115
6712.38776 212.88703 7.04397 6.89179 845.35640
6712.35618 212.84745 7.04269 6.89051 845.31680
6711.57903 211.88285 7.01129 6.85928 844.35363
6711.35568 211.60788 7.00189 6.85038 844.06887
6710.76913 210.87866 6.97729 6.82677 843.35390
6710.35518 210.37280 6.96061 6.81040 842.73969
6709.94619 209.87448 6.94400 6.79427 842.17250
6709.35468 209.12021 6.91869 6.76985 841.64473
6709.14972 208.87029 6.91034 6.76176 841.34081
6708.39137 207.86611 6.87830 6.72925 840.61572
6708.35418 207.81838 6.87691 6.72770 840.51809
6707.62667 206.86192 6.84666 6.69674 839.61767
6707.35368 206.52471 6.83523 6.68582 839.31290
6706.75641 205.85774 6.81297 6.66423 838.39860
6706.35318 205.40554 6.79754 6.64959 838.20888
6705.89773 204.85356 6.77969 6.63172 837.91848
6705.35268 204.18609 6.75733 6.61012 837.00728
6705.07982 203.84937 6.74578 6.59922 836.67615
6704.35218 202.95874 6.71688 6.57038 835.80485
6704.25385 202.84519 6.71297 6.56671 835.61505
6703.44714 201.84100 6.67926 6.53420 834.76839
6703.35168 201.72998 6.67589 6.53060 834.59719
6702.61093 200.83682 6.64539 6.50169 833.59300
6702.35118 200.52567 6.63470 6.49162 833.17908
6701.78928 199.83264 6.61269 6.46918 832.58709
6701.35068 199.27620 6.59289 6.45117 832.39412
6700.97147 198.82845 6.57853 6.43667 831.48969
6700.35018 198.01419 6.55494 6.41031 830.37038
6700.20224 197.82427 6.54849 6.40417 830.29338
6699.37359 196.82008 6.51410 6.37166 829.34619
6699.34967 196.79207 6.51317 6.37075 829.30762
6698.56950 195.81590 6.48081 6.33915 828.64605
6698.34917 195.53882 6.47143 6.33018 828.44560
6697.69822 194.81172 6.44695 6.30664 827.23063
6697.34867 194.42220 6.43399 6.29403 827.10678
6696.81010 193.80753 6.41337 6.27413 826.79992
6696.34817 193.30260 6.39628 6.25778 825.56385
6695.93079 192.80335 6.37953 6.24162 824.97530
6695.34767 192.07072 6.35502 6.21791 824.60958
6695.11642 191.79916 6.34588 6.20911 824.26399
6694.34717 190.86551 6.31446 6.17889 823.49960
6694.28585 190.79498 6.31208 6.17661 823.40462
6693.49558 189.79079 6.28130 6.14410 821.93476
6693.34667 189.61942 6.27599 6.13855 821.53443
6692.65384 188.78661 6.24826 6.11159 820.88194
6692.34617 188.41319 6.23538 6.09950 820.52666
6691.83130 187.78243 6.21485 6.07908 820.01981
6691.34567 187.20442 6.19557 6.06037 819.43099
6690.98348 186.77824 6.18069 6.04657 818.97439
6690.34517 186.01340 6.15557 6.02181 818.24695
6690.13456 185.77406 6.14752 6.01406 817.88688
6689.34467 184.84181 6.11624 5.98388 816.83111
6689.28259 184.76987 6.11397 5.98156 816.72378
6688.42185 183.76569 6.07997 5.94905 815.83682
6688.34417 183.67730 6.07695 5.94619 815.85860
6687.49815 182.76151 6.04672 5.91654 815.01602
6687.34367 182.58879 6.04045 5.91095 814.72739
6686.64068 181.75732 6.01373 5.88403 813.41302
6686.34317 181.38975 6.00340 5.87213 812.73180
6685.84523 180.75314 5.98219 5.85152 812.36368
6685.34267 180.17189 5.96235 5.83270 811.76047
6684.97036 179.74895 5.94841 5.81901 811.08914
6684.34217 178.99984 5.92260 5.79476 810.54130
6684.11629 178.74477 5.91408 5.78650 810.14705
6683.34167 177.86240 5.88473 5.75794 808.93147
6683.23600 177.74059 5.88059 5.75400 808.79481
6682.38926 176.73640 5.84652 5.72149 808.02532
6682.34117 176.68313 5.84471 5.71976 807.93534
6681.52735 175.73222 5.81267 5.68898 806.98009
6681.34067 175.51102 5.80528 5.68182 806.83856
6680.64958 174.72803 5.77873 5.65647 805.68935
6680.34017 174.37944 5.76691 5.64519 805.10341
6679.71338 173.72385 5.74506 5.62396 804.42250
6679.33967 173.34868 5.73216 5.61182 804.09277
6678.78433 172.71967 5.71133 5.59145 803.23087
6678.33917 172.14636 5.69467 5.57289 802.35545
6677.98742 171.71548 5.68069 5.55895 801.98458
6677.33867 170.98543 5.65590 5.53531 801.17931
6677.08967 170.71130 5.64675 5.52644 800.66447
6676.33817 169.86870 5.61786 5.49916 799.53439
6676.19439 169.70711 5.61257 5.49393 799.32551
6675.33767 168.72940 5.57960 5.46228 798.29530
6675.31396 168.70293 5.57866 5.46142 798.25438
6674.44755 167.69874 5.54549 5.42891 797.47941
6674.33717 167.57575 5.54130 5.42493 797.31813
6673.56077 166.69456 5.51116 5.39640 796.35720
6673.33667 166.44925 5.50316 5.38846 795.95000
6672.63200 165.69038 5.47716 5.36389 794.63067
6672.33617 165.37568 5.46662 5.35371 793.96636
6671.71374 164.68619 5.44344 5.33139 793.03757
6671.33567 164.22333 5.42813 5.31640 793.44237
6670.85482 163.68201 5.41222 5.29888 792.86491
6670.33517 163.13756 5.39498 5.28125 791.61073
6669.92007 162.67782 5.37874 5.26637 790.95498
6669.33467 162.04394 5.35753 5.24585 790.02435
6669.00228 161.67364 5.34515 5.23386 789.56954
6668.33417 160.91400 5.31906 5.20927 788.94314
6668.10800 160.66946 5.31073 5.20135 788.57626
6667.33367 159.81890 5.28192 5.17382 787.41598
6667.19193 159.66527 5.27669 5.16884 787.20152
6666.33317 158.74655 5.24568 5.13910 785.66836
6666.25389 158.66109 5.24279 5.13634 785.54081
6665.33267 157.65742 5.20856 5.10384 784.20457
6665.33219 157.65690 5.20854 5.10383 784.20387
6664.43682 156.65272 5.17457 5.07132 783.35528
6664.33217 156.53834 5.17071 5.06762 783.22053
6663.49162 155.64854 5.14035 5.03881 781.81430
6663.33167 155.46880 5.13429 5.03299 781.70269
6662.59669 154.64435 5.10827 5.00630 779.95842
6662.33117 154.35963 5.09965 4.99708 779.23762
6661.64516 153.64017 5.07581 4.97379 779.39099
6661.33067 153.31971 5.06464 4.96342 778.93020
6660.69332 152.63598 5.04140 4.94128 777.75422
6660.33017 152.25701 5.02890 4.92902 777.12733
6659.74055 151.63180 5.00730 4.90878 776.21949
6659.32966 151.19399 4.99240 4.89460 775.56414
6658.79568 150.62762 4.97339 4.87627 774.70182
6658.32916 150.12857 4.95615 4.86011 774.08093
6657.86766 149.62343 4.93896 4.84376 773.59390
6657.32866 149.04645 4.91946 4.82508 772.89464
6656.92492 148.61925 4.90490 4.81125 772.28893
6656.32816 147.98553 4.88313 4.79074 771.45428
6655.96551 147.61506 4.87064 4.77874 770.67448
6655.32766 146.95244 4.84784 4.75729 769.74501
6655.00238 146.61088 4.83629 4.74623 769.16102
6654.32716 145.80150 4.81219 4.72003 767.98746
6654.15057 145.60669 4.80585 4.71373 767.71604
6653.32666 144.82834 4.77880 4.68853 766.79751
6653.09873 144.60251 4.77120 4.68122 766.70973
6652.32616 143.81917 4.74458 4.65586 765.17641
6652.11123 143.59833 4.73695 4.64871 764.78167
6651.32566 142.78897 4.70945 4.62251 763.52638
6651.14384 142.59414 4.70280 4.61620 763.34546
6650.32516 141.73558 4.67332 4.58841 762.29307
6650.17834 141.58996 4.66841 4.58369 761.96575
6649.32466 140.74399 4.63938 4.55631 760.11897
6649.17156 140.58577 4.63394 4.55118 759.90021
6648.32416 139.70250 4.60389 4.52259 758.78557
6648.20836 139.58159 4.59970 4.51867 758.63239
6647.32366 138.65174 4.56795 4.48857 757.64763
6647.24986 138.57741 4.56543 4.48617 757.50433
6646.32316 137.66621 4.53372 4.45667 755.69080
6646.23110 137.57322 4.53058 4.45366 755.51583
6645.34800 136.56904 4.49986 4.42115 754.02562
6645.32266 136.54420 4.49904 4.42035 753.93535
6644.32216 135.58236 4.46591 4.38921 752.48222
6644.30372 135.56485 4.46531 4.38864 752.48422
6643.32166 134.64939 4.43377 4.35900 750.65332
6643.23422 134.56067 4.43073 4.35613 750.47819
6642.32116 133.65948 4.39968 4.32696 748.73163
6642.21656 133.55649 4.39613 4.32362 748.53315
6641.32066 132.65344 4.36509 4.29439 747.19030
6641.21869 132.55230 4.36160 4.29112 747.01545
6640.32016 131.66074 4.33078 4.26225 745.48829
6640.20554 131.54812 4.32691 4.25861 745.27525
6639.31966 130.70489 4.29770 4.23131 743.19325
6639.15111 130.54393 4.29212 4.22610 742.80916
6638.31916 129.74217 4.26454 4.20014 740.99964
6638.11509 129.53975 4.25744 4.19359 740.72856
6637.31866 128.71038 4.22959 4.16674 739.82917
6637.15599 128.53556 4.22441 4.16108 739.35673
6636.31816 127.64761 4.19572 4.13234 737.90533
6636.18904 127.53138 4.19159 4.12857 737.71345
6635.31766 126.79743 4.16603 4.10481 736.16161
6635.04360 126.52720 4.15669 4.09606 735.76597
6634.31716 125.80603 4.13163 4.07272 734.63352
6634.02832 125.52301 4.12178 4.06356 734.21098
6633.31666 124.84253 4.09810 4.04153 732.79665
6632.97556 124.51883 4.08683 4.03105 732.08245
6632.31616 123.90818 4.06554 4.01128 730.42471
6631.91231 123.51464 4.05186 3.99854 729.80199
6631.31566 122.92356 4.03130 3.97940 729.08101
6630.89260 122.51046 4.01687 3.96603 728.47437
6630.31516 121.94641 3.99718 3.94777 727.66320
6629.84248 121.50628 3.98177 3.93352 726.60667
6629.31466 121.02017 3.96479 3.91779 725.28380
6628.76932 120.50209 3.94665 3.90101 724.23567
6628.31416 120.06876 3.93111 3.88699 723.66297
6627.72854 119.49791 3.91220 3.86851 722.26600
6627.31366 119.05099 3.89866 3.85404 721.10280
6626.71483 118.49372 3.87996 3.83600 720.22916
6626.31316 118.16318 3.86806 3.82530 719.86267
6625.54253 117.48954 3.84424 3.80349 717.58407
6625.31266 117.28449 3.83699 3.79685 716.87275
6624.43527 116.48536 3.80872 3.77098 714.75924
6624.31216 116.36891 3.80463 3.76721 714.54625
6623.34268 115.48117 3.77319 3.73847 712.27492
6623.31166 115.45268 3.77218 3.73755 712.20471
6622.31116 114.53366 3.73959 3.70780 709.99799
6622.25130 114.47699 3.73758 3.70596 709.90530
6621.31066 113.64928 3.70806 3.67917 707.04138
6621.12233 113.47280 3.70180 3.67346 706.71749
6620.31016 112.70912 3.67452 3.64873 705.39034
6620.04496 112.46862 3.66593 3.64095 704.73396
6619.30965 111.79570 3.64175 3.61916 703.27820
6618.94084 111.46444 3.62957 3.60844 702.31165
6618.30915 110.87796 3.61017 3.58945 700.78217
6617.84860 110.46025 3.59715 3.57593 699.82249
6617.30865 110.00354 3.58106 3.56114 698.01585
6616.70899 109.45607 3.56078 3.54342 696.75397
6616.30815 109.08125 3.54724 3.53129 696.14165
6615.59646 108.45188 3.52414 3.51091 694.16511
6615.30765 108.20705 3.51513 3.50299 693.11799
6614.45044 107.44770 3.48708 3.47840 690.77901
6614.30715 107.31500 3.48218 3.47411 690.52917
6613.30665 106.45514 3.45010 3.44627 687.17647
6613.29372 106.44351 3.44966 3.44590 687.14569
6612.30615 105.57588 3.41701 3.41781 684.29040
6612.15776 105.43933 3.41187 3.41339 684.01785
6611.30565 104.69645 3.38352 3.38934 681.41186
6611.00967 104.43515 3.37354 3.38088 680.58978
6610.30515 103.86544 3.35146 3.36244 677.29034
6609.80822 103.43096 3.33456 3.34837 675.64073
6609.30465 102.97739 3.31671 3.33369 674.44200
6608.55120 102.42678 3.29469 3.31586 672.02498
6608.30415 102.21415 3.28629 3.30898 671.56238
6607.50416 101.42259 3.25750 3.28335 669.08855
6607.30365 101.25008 3.25124 3.27777 667.84187
6606.35118 100.41841 3.21771 3.25085 664.70859
6606.30315 100.37264 3.21578 3.24936 664.67151
6605.30265 99.56656 3.18160 3.22327 659.43430
6605.12050 99.41423 3.17530 3.21834 658.63551
6604.30215 98.73232 3.14634 3.19626 654.95649
6603.94122 98.41004 3.13221 3.18583 653.91592
6603.30165 97.85875 3.10863 3.16798 651.47895
6602.77341 97.40586 3.08927 3.15332 649.32832
6602.30115 97.01766 3.07245 3.14075 646.85840
6601.56329 96.40167 3.04484 3.12081 643.25245
6601.30065 96.16987 3.03498 3.11331 642.14450
6600.30015 95.46524 3.00531 3.09050 635.09218
6600.21796 95.39749 3.00241 3.08830 634.97342
6599.29965 94.63837 2.96950 3.06373 630.33336
6599.02585 94.39331 2.95865 3.05579 629.22754
6598.29915 93.80181 2.93637 3.03665 624.93792
6597.81242 93.38912 2.92240 3.02329 621.49647
6597.29865 92.91864 2.90224 3.00806 617.58019
6596.71179 92.38494 2.87416 2.99078 614.09202
6596.29815 92.03498 2.85613 2.97945 611.61556
6595.47108 91.38075 2.81498 2.95827 604.53200
6595.29765 91.24483 2.80272 2.95387 602.90317
6594.29715 90.47114 2.73158 2.92882 592.88441
6594.19287 90.37657 2.73123 2.92576 592.29451
6593.29665 89.65775 2.69942 2.90249 583.49632
6592.95708 89.37238 2.66801 2.89325 580.40067
6592.29615 88.81401 2.64082 2.87518 574.29569
6591.70452 88.36820 2.61463 2.86074 566.30598
6591.29565 88.05324 2.59347 2.85055 562.74375
6590.45926 87.36402 2.54818 2.82824 556.13600
6590.29515 87.23582 2.54135 2.82409 553.66496
6589.29465 86.39082 2.48597 2.79673 541.33696
6589.25936 86.35983 2.48298 2.79573 540.94125
6588.29415 85.52707 2.43519 2.76877 528.40620
6588.11338 85.35565 2.42245 2.76322 526.39257
6587.29365 84.66341 2.36590 2.74081 514.39707
6586.97297 84.35146 2.36542 2.73071 510.41876
6586.29315 83.55541 2.31190 2.70494 502.46370
6586.11073 83.34728 2.29871 2.69820 500.35272
6585.29265 82.52425 2.27866 2.67156 489.15742
6585.09298 82.34310 2.26538 2.66569 485.70957
6584.29215 81.40653 2.21922 2.63537 476.53006
6584.22604 81.33891 2.21855 2.63318 475.54055
6583.29165 80.54034 2.19420 2.60733 458.16141
6583.05494 80.33473 2.17735 2.60068 454.49718
6582.29115 79.74282 2.13927 2.58151 443.79364
6581.79024 79.33054 2.10927 2.56817 435.65355
6581.29065 78.91329 2.11155 2.55466 427.68282
6580.48327 78.32636 2.14683 2.53566 414.56323
6580.29015 78.17217 2.15087 2.53067 411.75336
6579.28964 77.44022 2.16673 2.50697 396.96177
6579.14682 77.32218 2.17123 2.50315 395.13229
6578.28914 76.61060 2.19983 2.48012 384.54155
6577.94017 76.31799 2.20932 2.47064 380.50955
6577.28864 75.73927 2.23242 2.45191 373.41033
6576.80576 75.31381 2.24818 2.43813 367.71621
6576.28814 74.83196 2.26121 2.42254 362.27026
6575.69052 74.30962 2.27155 2.40563 356.45926
6575.28764 73.92419 2.27760 2.39315 353.00783
6574.59432 73.30544 2.28804 2.37312 346.66722
6574.28714 73.01147 2.28537 2.36360 344.00604
6573.44081 72.30126 2.29279 2.34061 337.30480
6573.28664 72.15993 2.29279 2.33603 336.37852
6572.35180 71.29707 2.27806 2.30810 329.02216
6572.28614 71.23274 2.27893 2.30602 328.50704
6571.29618 70.29289 2.26748 2.27559 320.85247
6571.28564 70.28251 2.26710 2.27526 320.77394
6570.28514 69.30210 2.26299 2.24352 313.38165
6570.27109 69.28870 2.26266 2.24308 313.27679
6569.28464 68.34756 2.24023 2.21262 306.01113
6569.21813 68.28452 2.24113 2.21057 305.52509
6568.28414 67.37320 2.21595 2.18107 298.91787
6568.18764 67.28033 2.21285 2.17807 298.24250
6567.28364 66.34231 2.20559 2.14770 292.09655
6567.22021 66.27615 2.20234 2.14556 291.62939
6566.28314 65.29886 2.18543 2.11392 285.29109
6566.25648 65.27197 2.18565 2.11305 285.11962
6565.28264 64.29797 2.15098 2.08152 278.87869
6565.24887 64.26778 2.15071 2.08054 278.68698
6564.28214 63.38411 2.13655 2.05193 273.14195
6564.16651 63.26360 2.13026 2.04803 272.40299
6563.28164 62.34496 2.11406 2.01829 266.87325
6563.20000 62.25941 2.11254 2.01552 266.38030
6562.28114 61.27059 2.07745 1.98351 260.87360
6562.26628 61.25523 2.07735 1.98302 260.78349
6561.36167 60.25105 2.04746 1.95051 255.48598
6561.28064 60.16323 2.04402 1.94766 255.00819
6560.47381 59.24686 2.02267 1.91800 250.34862
6560.28014 59.03231 2.01471 1.91105 249.22052
6559.58834 58.24268 1.98734 1.88549 245.27151
6559.27964 57.82699 1.97642 1.87203 243.52918
6558.82269 57.23849 1.96139 1.85298 240.88858
6558.27914 56.60336 1.93898 1.83242 237.81557
6557.95617 56.23431 1.92585 1.82047 235.98318
6557.27864 55.46227 1.90451 1.79548 232.16262
6557.07061 55.23013 1.89623 1.78796 230.98517
6556.27814 54.38562 1.86843 1.76063 226.49046
6556.09931 54.22594 1.86530 1.75546 225.55552
6555.27764 53.46865 1.83647 1.73094 221.51933
6555.02588 53.22176 1.82909 1.72295 220.13559
6554.27714 52.49845 1.80940 1.69953 216.00166
6553.98657 52.21757 1.79771 1.69044 214.45013
6553.27664 51.57394 1.77870 1.66960 210.67641
6552.89074 51.21339 1.76744 1.65793 208.64515
6552.27614 50.61304 1.74567 1.63850 205.44648
6551.84284 50.20921 1.73353 1.62542 203.22001
6551.27564 49.65470 1.71478 1.60747 200.33191
6550.82661 49.20502 1.69808 1.59291 198.05227
6550.27514 48.62716 1.68186 1.57421 195.28506
6549.89717 48.20084 1.66885 1.56041 193.38270
6549.27464 47.49273 1.64395 1.53748 190.23028
6548.99562 47.19665 1.63497 1.52790 188.83992
6548.27414 46.37270 1.60427 1.50122 185.19026
6548.10189 46.19247 1.59786 1.49539 184.33380
6547.27364 45.35213 1.57156 1.46818 180.53889
6547.11816 45.18828 1.56484 1.46288 179.85718
6546.27314 44.29708 1.53459 1.43403 175.83101
6546.16325 44.18410 1.53133 1.43037 175.29566
6545.27264 43.23141 1.49521 1.39953 171.00136
6545.22057 43.17992 1.49358 1.39786 170.75845
6544.27214 42.23172 1.46164 1.36717 166.33316
6544.21519 42.17573 1.45927 1.36535 166.07079
6543.27164 41.29797 1.43102 1.33694 161.87385
6543.13570 41.17155 1.42659 1.33285 161.27031
6542.27114 40.37572 1.39713 1.30708 157.50449
6542.02897 40.16736 1.39179 1.30034 156.53127
6541.27064 39.41903 1.36782 1.27611 153.33022
6541.00611 39.16318 1.35848 1.26783 152.18127
6540.27014 38.56696 1.33823 1.24853 149.24663
6539.79361 38.15900 1.32363 1.23532 147.33763
6539.26963 37.72654 1.30832 1.22132 145.30039
6538.51921 37.15481 1.28855 1.20281 142.51619
6538.26913 36.94332 1.28124 1.19597 141.59891
6537.26863 36.18961 1.25400 1.17157 138.13868
6537.22054 36.15063 1.25257 1.17030 137.95891
6536.26813 35.42076 1.22804 1.14668 134.57148
6535.92467 35.14644 1.21769 1.13780 133.34294
6535.26763 34.66361 1.20039 1.12216 131.11018
6534.56280 34.14226 1.18288 1.10529 128.74997
6534.26713 33.91082 1.17431 1.09779 127.73617
6533.26663 33.17686 1.14817 1.07403 124.47505
6533.21190 33.13808 1.14682 1.07278 124.30213
6532.26613 32.49112 1.12419 1.05183 121.41108
6531.77541 32.13389 1.11131 1.04027 119.87978
6531.26563 31.81202 1.09955 1.02985 118.42895
6530.30055 31.12971 1.07602 1.00776 115.54438
6530.26513 31.09384 1.07483 1.00660 115.41833
6529.26463 30.20956 1.04656 0.97797 112.30645
6529.17298 30.12552 1.04365 0.97525 111.98921
6528.26413 29.32983 1.01449 0.94949 108.85601
6528.00378 29.12134 1.00725 0.94275 108.04160
6527.26363 28.52927 0.98641 0.92358 105.71246
6526.73012 28.11715 0.97165 0.91024 104.09366
6526.26313 27.86909 0.96296 0.90221 103.02708
6525.26263 27.35591 0.94491 0.88559 100.84744
6524.80608 27.11297 0.93647 0.87773 99.84467
6524.26213 26.84695 0.92684 0.86912 98.73435
6523.26163 26.39392 0.91048 0.85445 96.83925
6522.68975 26.10879 0.90014 0.84522 95.69536
6522.26113 25.88871 0.89234 0.83810 94.83017
6521.26063 25.30555 0.87119 0.81922 92.60292
6520.94517 25.10460 0.86383 0.81271 91.85354
6520.26013 24.58929 0.84517 0.79603 89.99257
6519.64854 24.10042 0.82773 0.78020 88.24044
6519.25963 23.84895 0.81882 0.77206 87.31686
6518.25913 23.33961 0.80049 0.75557 85.40980
6517.75270 23.09623 0.79167 0.74769 84.48442
6517.25863 22.81536 0.78167 0.73860 83.46619
6516.25813 22.22320 0.76270 0.71943 81.54536
6516.04945 22.09205 0.75860 0.71519 81.13507
6515.25763 21.70568 0.74550 0.70268 79.83689
6514.25713 21.09883 0.72333 0.68303 77.67050
6514.23965 21.08787 0.72293 0.68268 77.63181
6513.25663 20.53183 0.70292 0.66468 75.68092
6512.42744 20.08368 0.68683 0.65017 74.12420
6512.25613 19.98606 0.68334 0.64701 73.78495
6511.25563 19.51544 0.66635 0.63177 72.14517
6510.43446 19.07950 0.65063 0.61766 70.64742
6510.25513 18.99841 0.64769 0.61504 70.36933
6509.25463 18.51112 0.63012 0.59926 68.69996
6508.47176 18.07531 0.61435 0.58515 67.20424
6508.25413 17.96510 0.61035 0.58158 66.82962
6507.25363 17.50594 0.59364 0.56672 65.27091
6506.32183 17.07113 0.57791 0.55264 63.80783
6506.25313 17.04129 0.57682 0.55168 63.70918
6505.25263 16.63357 0.56197 0.53848 62.35312
6504.25213 16.22330 0.54707 0.52520 60.99442
6503.88588 16.06695 0.54144 0.52014 60.47185
6503.25163 15.81118 0.53213 0.51186 59.63062
6502.25113 15.43252 0.51838 0.49960 58.36864
6501.40284 15.06276 0.50496 0.48763 57.13310
6501.25063 15.01323 0.50314 0.48602 56.97387
6500.25013 14.66440 0.49045 0.47473 55.85330
6499.24962 14.23230 0.47477 0.46074 54.39541
6498.90828 14.05858 0.46833 0.45512 53.78909
6498.24912 13.66732 0.45396 0.44245 52.40345
6497.24862 13.09538 0.43539 0.42394 50.61031
6497.17092 13.05439 0.43407 0.42261 50.48196
6496.24812 12.56785 0.41836 0.40686 48.95285
6495.24762 12.07124 0.40041 0.39078 47.20469
6495.19620 12.05021 0.39964 0.39010 47.13107
6494.24712 11.73355 0.38796 0.37985 46.04523
6493.24662 11.38449 0.37536 0.36855 44.85315
6492.36750 11.04603 0.36333 0.35759 43.69130
6492.24612 11.02097 0.36239 0.35678 43.61341
6491.24562 10.84585 0.35576 0.35111 43.10168
6490.24512 10.68143 0.34945 0.34579 42.62759
6489.24462 10.51891 0.34320 0.34053 42.15837
6488.24412 10.36117 0.33698 0.33542 41.70225
6487.24362 10.20291 0.33059 0.33030 41.23728
6486.24312 10.05289 0.32447 0.32544 40.80178
6486.18930 10.04184 0.32404 0.32508 40.76627
6485.24262 9.82771 0.31586 0.31815 40.04668
6484.24212 9.56788 0.30621 0.30974 39.12652
6483.24162 9.24191 0.29437 0.29919 37.93790
6482.76767 9.03766 0.28705 0.29258 37.15560
6482.24112 8.77375 0.27767 0.28403 36.13219
6481.24062 8.18751 0.25663 0.26505 33.82271
6481.01262 8.03347 0.25103 0.26007 33.20796
6480.24012 7.47085 0.23119 0.24185 30.93593
6479.70540 7.02929 0.21561 0.22756 29.14135
6479.23962 6.58320 0.19954 0.21312 27.30697
6478.68009 6.02510 0.17984 0.19505 25.02016
6478.23912 5.49809 0.16097 0.17799 22.79599
6477.85954 5.02092 0.14413 0.16254 20.82399
0.00000 0.00000 0.00000 0.00000 0.00000
