6121.06053 10.02216 0.32435 0.32445 116.81464
6121.81741 10.04184 0.32545 0.32508 117.03637
6122.06103 10.04651 0.32560 0.32524 117.08810
6123.06153 10.06059 0.32634 0.32569 117.24120
6124.06203 10.06548 0.32682 0.32585 117.28366
6125.06253 10.07252 0.32728 0.32608 117.35198
6126.06303 10.06266 0.32726 0.32576 117.22702
6127.06353 10.06165 0.32733 0.32573 117.20485
6128.06403 10.05116 0.32724 0.32539 117.06638
6129.06453 10.04536 0.32721 0.32520 116.98348
6129.25283 10.04184 0.32708 0.32508 116.93904
6130.06503 10.02225 0.32672 0.32445 116.70042
6131.06553 10.01242 0.32659 0.32413 116.57784
6132.06603 10.01814 0.32705 0.32432 116.63160
6133.06653 10.02152 0.32751 0.32443 116.66068
6134.06703 10.02676 0.32804 0.32460 116.71532
6134.84870 10.04184 0.32873 0.32508 116.87994
6135.06753 10.04518 0.32899 0.32519 116.91906
6136.06803 10.05796 0.32983 0.32561 117.06305
6137.06853 10.07276 0.33065 0.32609 117.23163
6138.06903 10.07243 0.33103 0.32607 117.21799
6139.06953 10.08202 0.33156 0.32639 117.32363
6140.07004 10.08204 0.33185 0.32639 117.32201
6141.07054 10.07818 0.33198 0.32626 117.27136
6142.07104 10.07758 0.33229 0.32624 117.25807
6143.07154 10.07779 0.33257 0.32625 117.25645
6144.07204 10.08022 0.33292 0.32633 117.27926
6145.07254 10.08588 0.33355 0.32651 117.34659
6146.07304 10.09453 0.33422 0.32679 117.44795
6147.07354 10.10035 0.33464 0.32698 117.51607
6148.07404 10.09437 0.33468 0.32679 117.44681
6149.07454 10.08895 0.33486 0.32661 117.38328
6150.07504 10.08998 0.33515 0.32664 117.39487
6151.07554 10.07428 0.33489 0.32613 117.21001
6152.07604 10.07229 0.33504 0.32607 117.18589
6153.07654 10.07195 0.33548 0.32606 117.18861
6154.07704 10.08682 0.33620 0.32654 117.36712
6155.07754 10.07269 0.33612 0.32608 117.20506
6156.07804 10.07189 0.33633 0.32606 117.20135
6157.07854 10.07181 0.33668 0.32605 117.21116
6158.07904 10.06647 0.33684 0.32588 117.15517
6159.07954 10.07223 0.33727 0.32607 117.22572
6160.08004 10.07160 0.33767 0.32605 117.23448
6161.08054 10.08765 0.33854 0.32657 117.43493
6162.08104 10.10120 0.33939 0.32701 117.59958
6163.08154 10.10871 0.33995 0.32725 117.70273
6164.08204 10.10511 0.34021 0.32713 117.67499
6165.08254 10.11466 0.34091 0.32744 117.80187
6166.08304 10.12414 0.34146 0.32775 117.92821
6167.08354 10.11212 0.34137 0.32736 117.81114
6168.08404 10.11064 0.34156 0.32731 117.80579
6169.08454 10.10052 0.34152 0.32698 117.71026
6170.08504 10.08588 0.34125 0.32651 117.55284
6171.08554 10.07553 0.34118 0.32618 117.45746
6172.08604 10.06869 0.34132 0.32595 117.39988
6173.08654 10.06319 0.34135 0.32578 117.35910
6174.08704 10.05168 0.34130 0.32540 117.25376
6175.08754 10.05620 0.34181 0.32555 117.32676
6176.08804 10.06530 0.34244 0.32584 117.45827
6177.08854 10.07234 0.34311 0.32607 117.57488
6178.08904 10.09256 0.34410 0.32673 117.84511
6179.08954 10.09068 0.34438 0.32667 117.85349
6180.09005 10.09572 0.34473 0.32683 117.94996
6181.09055 10.08040 0.34453 0.32633 117.79942
6182.09105 10.07353 0.34457 0.32611 117.75373
6183.09155 10.06350 0.34448 0.32579 117.67935
6184.09205 10.05886 0.34461 0.32564 117.65750
6185.09255 10.05755 0.34485 0.32559 117.68187
6186.09305 10.04231 0.34463 0.32510 117.54432
6186.13641 10.04184 0.34463 0.32508 117.54070
6187.09355 10.02906 0.34434 0.32467 117.43280
6188.09405 10.01349 0.34411 0.32417 117.29201
6189.09455 10.00932 0.34421 0.32403 117.29247
6388.67846 10.04184 0.22440 0.32508 111.10507
6389.19460 10.10047 0.22695 0.32698 111.31229
6390.19510 10.23246 0.23257 0.33126 111.93723
6391.19560 10.35799 0.23813 0.33532 112.46021
6392.19610 10.46731 0.24318 0.33886 112.75317
6393.19660 10.56966 0.24803 0.34217 112.93938
6394.19710 10.67587 0.25295 0.34561 113.14441
6395.19760 10.79112 0.25814 0.34934 113.44108
6396.19810 10.92091 0.26369 0.35354 113.86978
6397.14468 11.04603 0.26894 0.35759 114.37841
6397.19860 11.05332 0.26924 0.35783 114.40146
6398.19910 11.20758 0.27569 0.36282 115.03694
6399.19960 11.35254 0.28185 0.36752 115.53470
6400.20010 11.47704 0.28742 0.37155 115.77306
6401.20060 11.59358 0.29275 0.37532 115.88096
6402.20110 11.72345 0.29870 0.37952 116.13419
6403.20160 11.86247 0.30496 0.38402 116.46502
6404.20210 12.03134 0.31221 0.38949 117.10615
6404.29952 12.05021 0.31301 0.39010 117.19917
6405.20260 12.20806 0.31976 0.39521 117.81326
6406.20310 12.35017 0.32604 0.39981 118.28629
6407.20360 12.51540 0.33292 0.40516 118.72519
6408.20410 12.68438 0.33990 0.41063 119.16570
6409.20460 12.86469 0.34679 0.41647 119.53167
6410.20075 13.05439 0.35410 0.42261 119.96896
6410.20510 13.05520 0.35413 0.42264 119.97034
6411.20560 13.25119 0.36132 0.42898 120.32105
6412.20610 13.43732 0.36843 0.43501 120.63488
6413.20660 13.61596 0.37553 0.44079 120.94717
6414.20710 13.78583 0.38256 0.44629 121.32106
6415.20760 13.97325 0.39029 0.45236 121.88966
6415.58675 14.05858 0.39379 0.45512 122.21810
6416.20810 14.18573 0.39914 0.45923 122.63606
6417.20860 14.36264 0.40680 0.46496 122.94119
6418.20910 14.54814 0.41473 0.47097 123.29582
6419.20960 14.73644 0.42264 0.47706 123.62165
6420.21011 14.95554 0.43154 0.48416 124.22889
6420.66027 15.06276 0.43580 0.48763 124.58357
6421.21061 15.19012 0.44081 0.49175 124.96997
6422.21111 15.39738 0.44929 0.49846 125.41297
6423.21161 15.59768 0.45764 0.50494 125.77617
6424.21211 15.80436 0.46624 0.51163 126.27896
6425.18580 16.06695 0.47675 0.52014 127.19784
6425.21261 16.07412 0.47703 0.52037 127.22248
6426.21311 16.30999 0.48654 0.52800 127.80751
6427.21361 16.51972 0.49500 0.53479 128.08775
6428.21411 16.73780 0.50377 0.54185 128.42365
6429.21461 16.98342 0.51353 0.54980 128.99337
6429.53319 17.07113 0.51699 0.55264 129.25827
6430.21511 17.25326 0.52422 0.55854 129.77252
6431.21561 17.48917 0.53374 0.56618 130.16018
6432.21611 17.70003 0.54219 0.57300 130.47426
6433.21661 17.94406 0.55175 0.58090 130.90827
6433.66810 18.07531 0.55683 0.58515 131.29131
6434.21711 18.23969 0.56319 0.59047 131.79418
6435.21761 18.51925 0.57406 0.59952 132.48368
6436.21811 18.77915 0.58432 0.60794 132.95803
6437.21861 19.07870 0.59590 0.61763 133.76026
6437.22111 19.07950 0.59594 0.61766 133.76267
6438.21911 19.36397 0.60684 0.62687 134.39875
6439.21961 19.63052 0.61707 0.63550 134.83354
6440.22011 19.90943 0.62784 0.64453 135.33279
6440.88017 20.08368 0.63460 0.65017 135.62148
6441.22061 20.17296 0.63807 0.65306 135.82641
6442.22111 20.42823 0.64821 0.66132 136.12093
6443.22161 20.68449 0.65805 0.66962 136.31896
6444.22211 20.96942 0.66886 0.67884 136.74554
6444.55901 21.08787 0.67335 0.68268 137.10587
6445.22261 21.32239 0.68235 0.69027 137.83118
6446.22311 21.63243 0.69441 0.70031 138.47956
6447.22361 21.92785 0.70542 0.70987 138.82082
6447.68808 22.09205 0.71092 0.71519 139.08732
6448.22411 22.30233 0.71750 0.72199 139.48779
6449.22461 22.66230 0.72934 0.73365 140.06428
6450.22511 22.97966 0.74081 0.74392 140.75281
6450.53492 23.09623 0.74499 0.74769 141.04668
6451.22561 23.32581 0.75382 0.75513 141.52086
6452.22611 23.61421 0.76468 0.76446 141.77340
6453.22661 23.91245 0.77564 0.77412 142.03898
6453.76614 24.10042 0.78265 0.78020 142.40258
6454.22711 24.27237 0.78908 0.78577 142.80501
6455.22761 24.64416 0.80325 0.79781 143.66147
6456.22811 24.96181 0.81527 0.80809 144.02390
6456.62103 25.10460 0.82034 0.81271 144.30405
6457.22861 25.33355 0.82850 0.82012 144.81371
6458.22911 25.66748 0.84073 0.83093 145.22538
6459.22961 25.98100 0.85215 0.84108 145.72703
6459.56265 26.10879 0.85676 0.84522 146.01572
6460.23012 26.34539 0.86535 0.85288 146.36664
6461.23062 26.67905 0.87744 0.86368 146.72199
6462.23112 27.02292 0.89036 0.87481 147.14009
6462.45396 27.11297 0.89371 0.87773 147.34291
6463.23162 27.42848 0.90536 0.88794 148.04806
6464.23212 27.79204 0.91928 0.89971 148.58162
6465.07846 28.11715 0.93068 0.91024 149.14574
6465.23262 28.18298 0.93297 0.91237 149.30354
6466.23312 28.59900 0.94810 0.92584 150.22301
6467.23362 28.95611 0.96082 0.93740 150.71910
6467.65724 29.12134 0.96655 0.94275 151.12876
6468.23412 29.34248 0.97437 0.94990 151.47775
6469.23462 29.72953 0.98873 0.96243 152.07062
6470.22107 30.12552 1.00363 0.97525 152.81432
6470.23512 30.13230 1.00388 0.97547 152.83366
6471.23562 30.58003 1.01898 0.98997 153.64025
6472.23612 31.01088 1.03251 1.00392 154.05689
6472.49240 31.12971 1.03628 1.00776 154.21079
6473.23662 31.44823 1.04737 1.01807 154.68958
6474.23712 31.84296 1.06174 1.03085 155.28170
6474.91569 32.13389 1.07219 1.04027 155.83227
6475.23762 32.27709 1.07758 1.04491 156.11835
6476.23812 32.69440 1.09281 1.05842 156.78325
6477.23862 33.07552 1.10668 1.07075 157.37338
6477.37289 33.13808 1.10895 1.07278 157.49798
6478.23912 33.52732 1.12290 1.08538 158.21544
6479.23962 33.92290 1.13741 1.09819 158.62471
6479.69357 34.14226 1.14555 1.10529 159.09974
6480.24012 34.41242 1.15534 1.11403 159.71467
6481.24062 34.82871 1.16995 1.12751 160.22391
6481.95132 35.14644 1.18162 1.13780 160.74180
6482.24112 35.29384 1.18725 1.14257 161.07770
6483.24162 35.75438 1.20427 1.15748 161.87388
6484.13532 36.15063 1.21876 1.17030 162.42845
6484.24212 36.20176 1.22053 1.17196 162.51527
6485.24262 36.61351 1.23520 1.18529 163.12837
6486.24312 37.05956 1.25182 1.19973 163.78546
6486.43117 37.15481 1.25522 1.20281 163.97778
6487.24362 37.54327 1.26897 1.21539 164.64548
6488.24412 37.96278 1.28426 1.22897 165.02513
6488.63515 38.15900 1.29157 1.23532 165.39164
6489.24462 38.48305 1.30371 1.24581 166.07071
6490.24512 38.95478 1.32086 1.26108 166.78272
6490.65952 39.16318 1.32847 1.26783 167.21473
6491.24562 39.49449 1.34061 1.27856 167.95385
6492.24612 40.01238 1.35756 1.29532 168.52441
6492.51777 40.16736 1.36230 1.30034 168.73381
6493.24662 40.53316 1.37404 1.31218 169.13825
6494.24712 40.95312 1.38929 1.32578 169.54559
6494.64806 41.17155 1.39773 1.33285 170.13508
6495.24762 41.49788 1.41000 1.34341 170.77678
6496.24812 41.96654 1.42665 1.35858 171.29038
6496.65100 42.17573 1.43438 1.36535 171.64082
6497.24862 42.51838 1.44705 1.37645 172.37037
6498.24912 43.01007 1.46490 1.39237 173.00816
6498.56090 43.17992 1.47085 1.39786 173.31228
6499.24962 43.54108 1.48344 1.40956 173.89751
6500.25013 44.01891 1.50164 1.42502 174.40325
6500.54131 44.18410 1.50815 1.43037 174.72190
6501.25063 44.58602 1.52194 1.44338 175.49166
6502.25113 45.11602 1.54133 1.46054 176.27879
6502.39875 45.18828 1.54396 1.46288 176.38619
6503.25163 45.62363 1.56002 1.47697 177.21984
6504.25213 46.14043 1.57777 1.49370 177.89179
6504.34387 46.19247 1.57970 1.49539 177.98528
6505.25263 46.67830 1.59778 1.51112 178.69789
6506.20888 47.19665 1.61741 1.52790 179.45984
6506.25313 47.22333 1.61834 1.52876 179.51234
6507.25363 47.77786 1.63809 1.54671 180.46187
6508.02838 48.20084 1.65332 1.56041 180.97358
6508.25413 48.35755 1.65847 1.56548 181.24388
6509.25463 48.96954 1.67689 1.58529 181.98574
6509.63464 49.20502 1.68480 1.59291 182.43303
6510.25513 49.56118 1.69849 1.60444 183.05546
6511.25563 50.12982 1.71923 1.62285 183.94483
6511.39533 50.20921 1.72229 1.62542 184.06953
6512.25613 50.69057 1.74024 1.64101 185.02575
6513.16826 51.21339 1.75957 1.65793 185.83583
6513.25663 51.26837 1.76163 1.65971 185.94034
6514.25713 51.83752 1.78092 1.67814 186.80440
6514.91513 52.21757 1.79490 1.69044 187.38571
6515.25763 52.43185 1.80280 1.69738 187.78463
6516.25813 53.01293 1.82407 1.71619 188.68386
6516.61799 53.22176 1.83090 1.72295 189.00271
6517.25863 53.61392 1.84479 1.73564 189.68121
6518.25913 54.20610 1.86683 1.75481 190.62546
6518.29087 54.22594 1.86754 1.75546 190.66085
6519.25963 54.77809 1.88608 1.77333 191.44249
6520.04041 55.23013 1.90301 1.78796 192.11945
6520.26013 55.36961 1.90858 1.79248 192.43850
6521.26063 55.90945 1.92706 1.80996 193.25688
6521.77321 56.23431 1.93880 1.82047 193.81110
6522.26113 56.55706 1.95065 1.83092 194.45417
6523.26163 57.16035 1.97276 1.85045 195.47856
6523.38163 57.23849 1.97510 1.85298 195.61182
6524.26213 57.83319 1.99256 1.87223 196.44764
6524.85856 58.24268 2.00701 1.88549 197.10062
6525.26263 58.50893 2.01616 1.89411 197.62300
6526.26313 59.14310 2.03798 1.91464 198.79187
6526.43311 59.24686 2.04146 1.91800 198.95575
6527.26363 59.77499 2.06114 1.93510 199.90111
6528.02143 60.25105 2.07639 1.95051 200.75246
6528.26413 60.40646 2.08135 1.95554 201.04047
6529.26463 61.05635 2.10556 1.97658 202.27482
6529.60723 61.25523 2.11244 1.98302 202.67348
6530.26513 61.62814 2.12495 1.99509 203.32781
6531.26563 62.23612 2.14477 2.01477 204.35195
6531.29851 62.25941 2.14568 2.01552 204.40270
6532.26613 62.92968 2.16923 2.03722 205.81019
6532.77351 63.26360 2.17963 2.04803 206.46794
6533.26663 63.60886 2.19089 2.05921 207.21135
6534.26713 64.23396 2.21396 2.07945 208.37820
6534.31597 64.26778 2.21505 2.08054 208.45012
6535.26763 64.90078 2.23303 2.10103 209.75360
6535.81407 65.27197 2.24738 2.11305 210.58035
6536.26813 65.61215 2.25893 2.12406 211.40094
6537.22972 66.27615 2.27594 2.14556 212.55274
6537.26863 66.30444 2.27683 2.14647 212.60794
6538.26913 66.95322 2.29762 2.16748 213.91136
6538.73261 67.28033 2.30882 2.17807 214.75975
6539.26963 67.65958 2.31782 2.19034 215.62882
6540.24451 68.28452 2.33916 2.21057 216.99928
6540.27014 68.30163 2.33971 2.21113 217.03874
6541.27064 68.96993 2.35823 2.23276 218.57163
6541.75091 69.28870 2.36660 2.24308 219.31611
6542.27114 69.66284 2.37840 2.25519 220.25112
6543.19444 70.29289 2.39532 2.27559 221.80080
6543.27164 70.34861 2.39640 2.27740 221.94230
6544.27214 71.02258 2.41450 2.29921 223.63176
6544.66217 71.29707 2.42193 2.30810 224.34699
6545.27264 71.72929 2.43138 2.32209 225.47811
6546.08019 72.30126 2.44357 2.34061 227.00997
6546.27314 72.43626 2.44713 2.34498 227.38450
6547.27364 73.10811 2.46240 2.36673 229.23733
6547.58971 73.30544 2.46518 2.37312 229.78944
6548.27414 73.76001 2.47587 2.38783 231.06804
6549.02006 74.30962 2.48790 2.40563 232.66367
6549.27464 74.49880 2.49088 2.41175 233.24565
6550.27514 75.21456 2.50525 2.43492 235.29712
6550.40908 75.31381 2.50664 2.43813 235.56814
6551.27564 75.97610 2.51495 2.45957 237.44649
6551.72404 76.31799 2.52111 2.47064 238.51863
6552.27614 76.73581 2.53063 2.48417 239.84071
6553.10707 77.32218 2.53957 2.50315 241.75809
6553.27664 77.44263 2.54022 2.50705 242.15448
6554.27714 78.17068 2.56021 2.53062 244.57880
6554.48168 78.32636 2.56547 2.53566 245.09896
6555.27764 78.88350 2.57552 2.55370 247.07504
6555.98070 79.33054 2.59069 2.56817 248.64095
6556.27814 79.54391 2.60962 2.57507 249.38438
6557.27864 80.25157 2.70682 2.59798 252.04355
6557.39354 80.33473 2.71545 2.60068 252.35732
6558.27914 80.96743 2.74368 2.62116 254.81376
6558.78013 81.33891 2.72281 2.63318 256.25756
6559.27964 81.70997 2.70291 2.64520 257.72044
6560.14988 82.34310 2.68799 2.66569 260.35211
6560.28014 82.44097 2.68750 2.66886 260.75573
6561.28064 83.11004 2.68529 2.69052 263.90546
6561.59861 83.34728 2.68409 2.69820 264.94278
6562.28114 83.94149 2.67300 2.71744 267.25264
6562.74474 84.35146 2.66950 2.73071 268.85653
6563.28164 84.77388 2.67188 2.74438 270.75264
6564.09432 85.35565 2.67898 2.76322 273.74306
6564.28214 85.49216 2.68022 2.76764 274.45059
6565.28264 86.15463 2.68624 2.78908 277.92200
6565.56740 86.35983 2.69021 2.79573 278.96374
6566.28314 86.87490 2.70487 2.81240 281.94738
6566.92901 87.36402 2.72170 2.82824 284.70002
6567.28364 87.64199 2.73135 2.83723 286.22856
6568.28414 88.36642 2.75143 2.86069 290.80841
6568.28642 88.36820 2.75148 2.86074 290.81886
6569.28464 89.14429 2.77581 2.88587 295.61834
6569.56974 89.37238 2.78517 2.89325 297.01883
6570.28514 89.91059 2.80757 2.91068 300.72052
6570.92467 90.37657 2.82514 2.92576 304.22660
6571.28564 90.66620 2.83632 2.93514 306.17413
6572.22146 91.38075 2.86783 2.95827 311.50571
6572.28614 91.43144 2.87021 2.95991 311.88586
6573.28664 92.12560 2.90128 2.98238 318.06792
6573.63478 92.38494 2.91176 2.99078 319.78211
6574.28714 92.93356 2.93635 3.00854 323.54352
6574.83725 93.38912 2.95731 3.02329 327.31495
6575.28764 93.75347 2.97178 3.03508 330.30125
6576.09049 94.39331 3.00173 3.05579 335.48890
6576.28814 94.55379 3.00993 3.06099 336.78924
6577.28864 95.34261 3.04943 3.08653 343.65601
6577.35321 95.39749 3.05208 3.08830 344.06962
6578.28914 96.14506 3.08957 3.11250 350.45659
6578.60402 96.40167 3.10078 3.12081 352.60250
6579.28964 96.97643 3.11842 3.13942 357.16047
6579.85532 97.40586 3.12919 3.15332 361.25561
6580.29015 97.74953 3.13788 3.16445 364.33648
6581.10782 98.41004 3.15624 3.18583 369.96756
6581.29065 98.56133 3.16060 3.19073 371.16140
6582.29115 99.32668 3.18311 3.21550 378.55090
6582.40725 99.41423 3.18576 3.21834 379.24042
6583.29165 100.07223 3.20618 3.23964 384.48988
6583.71495 100.41841 3.21737 3.25085 387.42813
6584.29215 100.90904 3.23356 3.26673 391.13455
6584.90931 101.42259 3.24936 3.28335 395.51570
6585.29265 101.77559 3.25973 3.29478 398.16700
6586.01060 102.42678 3.28087 3.31586 402.63144
6586.29315 102.65183 3.28886 3.32315 404.47860
6587.29365 103.42589 3.31597 3.34821 411.49524
6587.29972 103.43096 3.31615 3.34837 411.53373
6588.29415 104.27942 3.34643 3.37584 417.54660
6588.48689 104.43515 3.35199 3.38088 418.81034
6589.29465 105.12150 3.37682 3.40310 423.72356
6589.66153 105.43933 3.38824 3.41339 425.78404
6590.29515 105.96924 3.40755 3.43054 429.75380
6590.90944 106.44351 3.42495 3.44590 433.66307
6591.29565 106.75110 3.43607 3.45585 435.32560
6592.18692 107.44770 3.46166 3.47840 440.57207
6592.29615 107.54099 3.46507 3.48142 441.22910
6593.29665 108.38242 3.49583 3.50866 447.00748
6593.37891 108.45188 3.49840 3.51091 447.47289
6594.29715 109.23246 3.52699 3.53618 452.65900
6594.55302 109.45607 3.53508 3.54342 453.99321
6595.29765 110.09435 3.55889 3.56408 457.91106
6595.71022 110.46025 3.57172 3.57593 460.16331
6596.29815 111.05674 3.59062 3.59524 463.14496
6596.71204 111.46444 3.60451 3.60844 465.03546
6597.29865 111.98785 3.62382 3.62538 467.71693
6597.83874 112.46862 3.64119 3.64095 470.32786
6598.29915 112.88293 3.65612 3.65436 472.51457
6599.00613 113.47280 3.67753 3.67346 476.30128
6599.29965 113.72928 3.68679 3.68176 477.79336
6600.18138 114.47699 3.71367 3.70596 482.09598
6600.30015 114.58042 3.71737 3.70931 482.40112
6601.30065 115.39487 3.74652 3.73568 486.91967
6601.40153 115.48117 3.74962 3.73847 487.46559
6602.30115 116.26658 3.77782 3.76390 491.83586
6602.54295 116.48536 3.78560 3.77098 492.88842
6603.30165 117.15614 3.80952 3.79270 496.38206
6603.66622 117.48954 3.82135 3.80349 497.92063
6604.30215 118.05771 3.84143 3.82188 500.78067
6604.78637 118.49372 3.85723 3.83600 502.75610
6605.30265 119.03190 3.87543 3.85342 504.32593
6605.77437 119.49791 3.88963 3.86851 506.65980
6606.30315 119.99155 3.90603 3.88449 509.11163
6606.85135 120.50209 3.92430 3.90101 511.12017
6607.30365 120.91269 3.93877 3.91431 512.95147
6607.97471 121.50628 3.95965 3.93352 516.04036
6608.30415 121.81519 3.97051 3.94352 517.31091
6609.12734 122.51046 3.99481 3.96603 519.88771
6609.30465 122.65926 4.00002 3.97085 520.52859
6610.28175 123.51464 4.03014 3.99854 524.96605
6610.30515 123.53611 4.03089 3.99923 525.05762
6611.30565 124.47469 4.06359 4.02962 528.70778
6611.35389 124.51883 4.06513 4.03105 528.89653
6612.30615 125.45642 4.09783 4.06140 531.84018
6612.37500 125.52301 4.10016 4.06356 532.07175
6613.30665 126.38700 4.13023 4.09153 535.58360
6613.45777 126.52720 4.13512 4.09606 536.14696
6614.30715 127.29642 4.16187 4.12097 539.58334
6614.55634 127.53138 4.17018 4.12857 540.41012
6615.30765 128.30492 4.19608 4.15362 542.62115
6615.54143 128.53556 4.20290 4.16108 543.75099
6616.30815 129.30754 4.22788 4.18607 546.53157
6616.53317 129.53975 4.23612 4.19359 546.97583
6617.30865 130.28775 4.26208 4.21781 549.63584
6617.60026 130.54393 4.27098 4.22610 550.89856
6618.30915 131.14698 4.29187 4.24562 552.87617
6618.73394 131.54812 4.30565 4.25861 553.94375
6619.30965 132.13056 4.32578 4.27746 555.67415
6619.73827 132.55230 4.34036 4.29112 556.96132
6620.31016 133.10799 4.35951 4.30911 558.77514
6620.77725 133.55649 4.37498 4.32362 560.34109
6621.31066 134.04681 4.39193 4.33950 562.38221
6621.84180 134.56067 4.40964 4.35613 564.10565
6622.31116 135.03507 4.42590 4.37149 565.38808
6622.87184 135.56485 4.44406 4.38864 567.39847
6623.31166 135.99650 4.45910 4.40261 568.69086
6623.89224 136.56904 4.47876 4.42115 570.45204
6624.31216 137.00276 4.49199 4.43519 572.10037
6624.82022 137.57322 4.50951 4.45366 573.56591
6625.31266 138.07106 4.52684 4.46977 574.78210
6625.85784 138.57741 4.54435 4.48617 576.95947
6626.31316 139.03697 4.55999 4.50104 577.95554
6626.92390 139.58159 4.57866 4.51867 579.29759
6627.31366 139.92176 4.59038 4.52969 580.76454
6627.95471 140.58577 4.61314 4.55118 582.52170
6628.31416 140.94969 4.62559 4.56296 583.49393
6628.97796 141.58996 4.64748 4.58369 585.69216
6629.31466 141.93416 4.65927 4.59483 586.60393
6629.94840 142.59414 4.68182 4.61620 588.13844
6630.31516 142.97703 4.69485 4.62860 589.04199
6630.91667 143.59833 4.71614 4.64871 590.58698
6631.31566 143.99449 4.72969 4.66153 591.78850
6631.90459 144.60251 4.75036 4.68122 593.32872
6632.31616 145.02361 4.76473 4.69485 594.43623
6632.89397 145.60669 4.78489 4.71373 596.00854
6633.31666 146.11005 4.80054 4.73002 596.86115
6633.74612 146.61088 4.81539 4.74623 598.10369
6634.31716 147.16830 4.83438 4.76428 599.93447
6634.75600 147.61506 4.84985 4.77874 601.13892
6635.31766 148.17157 4.86874 4.79676 602.95854
6635.81769 148.61925 4.88405 4.81125 604.21753
6636.31816 149.11267 4.90077 4.82722 605.07247
6636.79920 149.62343 4.91819 4.84376 606.25631
6637.31866 150.16426 4.93653 4.86127 607.65594
6637.76357 150.62762 4.95236 4.87627 608.78384
6638.31916 151.17156 4.97088 4.89388 610.58811
6638.75259 151.63180 4.98656 4.90878 611.62720
6639.31966 152.25654 5.00774 4.92900 612.73833
6639.70201 152.63598 5.02066 4.94128 613.93783
6640.32016 153.28094 5.04244 4.96216 615.56482
6640.65174 153.64017 5.05475 4.97379 616.26071
6641.32066 154.34521 5.07859 4.99662 617.99671
6641.58910 154.64435 5.08746 5.00630 618.90161
6642.32116 155.45876 5.11294 5.03267 621.01136
6642.49491 155.64854 5.11946 5.03881 621.34546
6643.32166 156.58236 5.15116 5.06904 622.79955
6643.39165 156.65272 5.15356 5.07132 623.04341
6644.32216 157.54532 5.18388 5.10021 625.53120
6644.42824 157.65690 5.18764 5.10383 625.59954
6645.32266 158.56904 5.21857 5.13336 627.79429
6645.40812 158.66109 5.22169 5.13634 628.01924
6646.31218 159.66527 5.25570 5.16884 629.83890
6646.32316 159.67737 5.25611 5.16924 629.86198
6647.25222 160.66946 5.28968 5.20135 632.16628
6647.32366 160.74356 5.29220 5.20375 632.36662
6648.18368 161.67364 5.32372 5.23386 634.38316
6648.32416 161.82130 5.32873 5.23864 634.75581
6649.08926 162.67782 5.35762 5.26637 636.30454
6649.32466 162.94805 5.36693 5.27512 636.67103
6650.00016 163.68201 5.39088 5.29888 638.48781
6650.32516 164.05869 5.40186 5.31107 639.55813
6650.83567 164.68619 5.42191 5.33139 640.40987
6651.32566 165.20646 5.43986 5.34823 641.59110
6651.76801 165.69038 5.45611 5.36389 642.61243
6652.32616 166.29246 5.47650 5.38339 643.98338
6652.69918 166.69456 5.49013 5.39640 644.99644
6653.32666 167.38391 5.51339 5.41872 646.02441
6653.62872 167.69874 5.52393 5.42891 646.31160
6654.32716 168.42131 5.54835 5.45230 647.88668
6654.57978 168.70293 5.55790 5.46142 648.50622
6655.32766 169.51160 5.58515 5.48760 650.39209
6655.50647 169.70711 5.59175 5.49393 650.81131
6656.32816 170.64369 5.62336 5.52425 652.41930
6656.38730 170.71130 5.62562 5.52644 652.53768
6657.27068 171.71548 5.65980 5.55895 654.20910
6657.32866 171.78616 5.66221 5.56123 654.27292
6658.07703 172.71967 5.69024 5.59145 655.99906
6658.32916 173.00468 5.69926 5.60068 656.70677
6658.95197 173.72385 5.72385 5.62396 657.75763
6659.32966 174.13679 5.73768 5.63733 658.70890
6659.84857 174.72803 5.75761 5.65647 659.77447
6660.33017 175.26279 5.77570 5.67378 660.86467
6660.74676 175.73222 5.79149 5.68898 661.76786
6661.33067 176.38415 5.81346 5.71008 663.22623
6661.67404 176.73640 5.82534 5.72149 664.08392
6662.33117 177.41731 5.84820 5.74353 665.02558
6662.61605 177.74059 5.85910 5.75400 665.43936
6663.33167 178.55583 5.88653 5.78039 667.07017
6663.49960 178.74477 5.89291 5.78650 667.45594
6664.33217 179.65831 5.92368 5.81608 669.50523
6664.41116 179.74895 5.92671 5.81901 669.66886
6665.26784 180.75314 5.96069 5.85152 671.19205
6665.33267 180.83421 5.96348 5.85415 671.25149
6666.05313 181.75732 5.99181 5.88403 672.63058
6666.33317 182.06927 6.00126 5.89413 673.60840
6666.90362 182.76151 6.02467 5.91654 674.41379
6667.33367 183.27722 6.04196 5.93323 675.13391
6667.75624 183.76569 6.05833 5.94905 676.01857
6668.33417 184.41716 6.08028 5.97014 677.34460
6668.62543 184.76987 6.09210 5.98156 677.79511
6669.33467 185.60751 6.12023 6.00867 679.11634
6669.48281 185.77406 6.12582 6.01406 679.45781
6670.33517 186.75612 6.15882 6.04586 681.35113
6670.35506 186.77824 6.15956 6.04657 681.40452
6671.25608 187.78243 6.19323 6.07908 682.81834
6671.33567 187.87047 6.19617 6.08193 682.90580
6672.14800 188.78661 6.22680 6.11159 684.43907
6672.33617 188.98656 6.23363 6.11806 685.01609
6672.99879 189.79079 6.26032 6.14410 686.18032
6673.33667 190.24359 6.27353 6.15876 686.88871
6673.75106 190.79498 6.29061 6.17661 687.54938
6674.33717 191.48500 6.31419 6.19894 688.59368
6674.59926 191.79916 6.32464 6.20911 689.08582
6675.33767 192.65927 6.35344 6.23696 690.64078
6675.45751 192.80335 6.35828 6.24162 690.85765
6676.31490 193.80753 6.39200 6.27413 692.62414
6676.33817 193.83496 6.39293 6.27502 692.67087
6677.11467 194.81172 6.42551 6.30664 693.72752
6677.33867 195.07540 6.43436 6.31518 694.19323
6677.96968 195.81590 6.45924 6.33915 695.49094
6678.33917 196.23289 6.47326 6.35265 696.37485
6678.83867 196.82008 6.49289 6.37166 697.49360
6679.33967 197.40091 6.51237 6.39046 698.50014
6679.72763 197.82427 6.52675 6.40417 698.92869
6680.34017 198.56309 6.54969 6.42808 699.89009
6680.54303 198.82845 6.55740 6.43667 700.42347
6681.34067 199.76541 6.58823 6.46701 702.31241
6681.39512 199.83264 6.59050 6.46918 702.38900
6682.21415 200.83682 6.62402 6.50169 703.79606
6682.34117 200.99052 6.62917 6.50667 704.02853
6683.01569 201.84100 6.65762 6.53420 705.00412
6683.34167 202.22617 6.67050 6.54667 705.68943
6683.85406 202.84519 6.69122 6.56671 706.65586
6684.34217 203.42074 6.71051 6.58534 707.67986
6684.68544 203.84937 6.72480 6.59922 708.21901
6685.34267 204.65116 6.75157 6.62517 709.40753
6685.50775 204.85356 6.75835 6.63172 709.69660
6686.32910 205.85774 6.79196 6.66423 711.17114
6686.34317 205.87392 6.79250 6.66476 711.20454
6687.10644 206.86192 6.82553 6.69674 712.14246
6687.34367 207.17662 6.83619 6.70693 712.41898
6687.90295 207.86611 6.85711 6.72925 713.71355
6688.34417 208.39374 6.87299 6.74633 714.34072
6688.71666 208.87029 6.88903 6.76176 714.43038
6689.34467 209.61079 6.91383 6.78573 715.86879
6689.56070 209.87448 6.92266 6.79427 716.29405
6690.34517 210.81693 6.95422 6.82478 717.84683
6690.39601 210.87866 6.95627 6.82677 717.94354
6691.17853 211.88285 6.98972 6.85928 719.04947
6691.34567 212.08653 6.99651 6.86588 719.36110
6691.97662 212.88703 7.02319 6.89179 720.32687
6692.34617 213.33019 7.03799 6.90614 721.09264
6692.78721 213.89121 7.05668 6.92430 721.76258
6693.34667 214.57360 7.07945 6.94639 722.83336
6693.60385 214.89540 7.09011 6.95681 723.27487
6694.34717 215.85236 7.12220 6.98779 724.30971
6694.38484 215.89958 7.12366 6.98932 724.40004
6695.11279 216.90377 7.15362 7.02183 725.77626
6695.34767 217.17950 7.16292 7.03075 726.29941
6695.93065 217.90795 7.18740 7.05433 727.20549
6696.34817 218.42090 7.20439 7.07094 728.05588
6696.74795 218.91213 7.22082 7.08684 728.89469
6697.34867 219.62880 7.24468 7.11004 729.65303
6697.59637 219.91632 7.25423 7.11935 729.84383
6698.34917 220.76971 7.28276 7.14698 731.49939
6698.46715 220.92050 7.28779 7.15186 731.71649
6699.22949 221.92469 7.32120 7.18437 732.68653
6699.34967 222.07562 7.32623 7.18925 732.89616
6699.98479 222.92887 7.35459 7.21688 733.59625
6700.35018 223.38409 7.36979 7.23161 734.24019
6700.79210 223.93305 7.38803 7.24938 735.06145
6701.35068 224.61167 7.41080 7.27135 736.15003
6701.61419 224.93724 7.42172 7.28189 736.64061
6702.31943 225.94142 7.45153 7.31440 737.83711
6702.35118 225.97903 7.45273 7.31562 737.92293
6703.09482 226.94561 7.48506 7.34691 738.93680
6703.35168 227.26226 7.49552 7.35716 739.44115
6703.87879 227.94979 7.51838 7.37942 740.19024
6704.35218 228.56831 7.53898 7.39944 740.86742
6704.64579 228.95397 7.55181 7.41193 741.26774
6705.35268 229.85478 7.58170 7.44109 742.40520
6705.43557 229.95816 7.58515 7.44444 742.56443
6706.26248 230.96234 7.61867 7.47694 744.20111
6706.35318 231.06987 7.62224 7.48042 744.28536
6707.11163 231.96653 7.65197 7.50945 745.09893
6707.35368 232.24754 7.66134 7.51855 745.67981
6707.90951 232.97071 7.68548 7.54196 746.59185
6708.35418 233.56258 7.70511 7.56112 747.13277
6708.65331 233.97490 7.71734 7.57447 747.73604
6709.35468 234.87190 7.74514 7.60351 749.34166
6709.43401 234.97908 7.74877 7.60698 749.41020
6710.16788 235.98326 7.78215 7.63949 750.14627
6710.35518 236.22269 7.79009 7.64724 750.45248
6710.92272 236.98745 7.81553 7.67199 751.12520
6711.35568 237.53270 7.83362 7.68965 751.89711
6711.71473 237.99163 7.84887 7.70450 752.49181
6712.35618 238.79254 7.87548 7.73043 753.68278
6712.51460 238.99582 7.88225 7.73701 753.94489
6713.28997 240.00000 7.91558 7.76952 755.14767
