6704.66162 245.09665 8.07572 7.93451 737.55872
6704.48111 244.86171 8.06799 7.92691 737.26278
6703.89123 244.11253 8.04292 7.90266 736.23503
6703.45368 243.53455 8.02410 7.88394 735.52436
6703.20219 243.22260 8.01513 7.87385 734.74849
6702.53787 242.38771 7.98916 7.84682 733.15933
6702.30316 242.09357 7.97922 7.83730 732.74738
6701.50663 241.05364 7.94466 7.80363 731.49011
6701.30803 240.79001 7.93589 7.79510 731.20929
6700.63839 239.87929 7.90572 7.76561 730.39195
6700.33288 239.45661 7.89173 7.75193 730.05314
6700.03060 239.06157 7.87863 7.73914 729.58744
6699.52047 238.39851 7.85658 7.71768 728.77684
6699.63822 238.55070 7.86165 7.72260 728.97144
6698.80503 237.59802 7.82980 7.69176 726.85103
6698.39842 237.10152 7.81329 7.67569 725.99330
6697.61303 236.08945 7.77969 7.64292 724.78732
6697.46394 235.89748 7.77336 7.63671 724.64070
6696.87616 235.14335 7.74841 7.61230 724.48534
6696.58132 234.77623 7.73590 7.60041 724.01682
6696.15646 234.25617 7.71939 7.58357 722.85616
6695.55351 233.51113 7.69736 7.55946 721.11161
6695.15529 233.00407 7.68045 7.54304 720.44224
6694.36759 231.95899 7.64563 7.50921 719.35058
6694.14911 231.65766 7.63563 7.49945 719.11949
6693.55506 230.80301 7.60739 7.47179 718.70791
6693.62479 230.90466 7.61076 7.47508 718.74918
6693.10896 230.28951 7.59017 7.45516 717.59399
6692.55207 229.60064 7.56723 7.43286 716.51573
6692.14715 229.09140 7.55026 7.41638 715.77826
6691.46214 228.20899 7.52098 7.38781 714.66640
6691.31111 228.01831 7.51463 7.38164 714.39707
6690.53875 227.00786 7.48105 7.34893 713.23230
6690.72653 227.23628 7.48863 7.35632 713.63571
6690.03597 226.43441 7.46166 7.33036 711.98519
6689.70925 226.05238 7.44877 7.31799 711.26196
6689.12635 225.35809 7.42799 7.29552 709.37326
6688.62790 224.76878 7.40969 7.27644 707.97114
6688.09848 224.10749 7.38736 7.25503 707.74253
6687.52673 223.37822 7.36327 7.23142 707.20925
6687.02704 222.74352 7.34209 7.21088 706.25650
6686.28178 221.66766 7.30646 7.17605 705.87298
6686.56247 222.05104 7.31918 7.18846 706.14133
6685.87077 221.19024 7.29047 7.16059 704.88063
6685.64249 220.91464 7.28126 7.15167 704.38848
6685.04384 220.19106 7.25710 7.12825 703.13620
6684.54016 219.55619 7.23594 7.10769 702.25576
6684.19922 219.13654 7.22195 7.09411 701.59502
6683.53529 218.30094 7.19408 7.06706 700.44078
6683.37340 218.10362 7.18750 7.06067 700.11101
6682.57075 217.08701 7.15335 7.02776 698.82648
6682.65981 217.19776 7.15712 7.03134 698.97345
6681.88968 216.27357 7.12810 7.00142 696.92348
6681.57350 215.89178 7.11688 6.98906 695.93494
6680.93122 215.09087 7.09010 6.96314 694.79881
6680.61294 214.68147 7.07646 6.94988 694.24103
6680.26026 214.27437 7.06285 6.93670 693.36899
6679.57937 213.44239 7.03521 6.90977 692.74577
6679.38556 213.19807 7.02707 6.90186 692.70119
6678.63271 212.28652 6.99664 6.87235 691.26479
6678.50544 212.13134 6.99147 6.86733 691.00747
6677.71154 211.14424 6.95847 6.83537 689.59684
6677.58203 210.99027 6.95335 6.83039 689.31389
6676.89344 210.13749 6.92488 6.80278 688.05533
6676.69046 209.88483 6.91645 6.79460 687.70075
6676.18458 209.29795 6.89686 6.77560 686.49483
6675.62364 208.62067 6.87389 6.75368 685.42723
6675.25076 208.16551 6.85905 6.73894 684.62958
6674.58911 207.35377 6.83469 6.71266 682.76326
6674.33263 207.03705 6.82416 6.70241 682.29271
6673.52139 206.00437 6.79002 6.66898 680.97490
6673.57265 206.06618 6.79210 6.67098 681.07538
6672.79214 205.10683 6.75998 6.63992 679.63466
6672.65636 204.92831 6.75407 6.63414 679.47097
6672.28536 204.49064 6.73937 6.61998 678.64831
6671.84314 204.02802 6.72380 6.60500 677.19354
6671.10065 203.13725 6.69408 6.57616 676.45583
6670.63342 202.55546 6.67470 6.55733 676.11590
6670.31329 202.18572 6.66235 6.54536 675.35880
6669.58840 201.29044 6.63243 6.51638 673.99581
6669.58773 201.29270 6.63250 6.51645 673.97240
6668.73610 200.29235 6.59894 6.48406 672.13673
6668.63750 200.17580 6.59505 6.48029 671.92159
6667.81164 199.17793 6.56139 6.44799 670.39791
6667.65665 198.99016 6.55539 6.44191 670.03846
6667.01415 198.22136 6.53272 6.41702 668.02773
6666.71745 197.86884 6.52124 6.40561 667.34621
6666.08556 197.12644 6.49614 6.38157 666.04829
6665.47484 196.34954 6.47019 6.35642 665.16538
6665.34384 196.18005 6.46451 6.35094 664.99957
6664.71753 195.44237 6.43984 6.32706 663.67607
6664.53671 195.23160 6.43276 6.32023 663.28115
6663.68258 194.21467 6.39866 6.28731 661.56025
6663.99153 194.56527 6.41041 6.29866 662.32645
6663.06949 193.56773 6.37687 6.26637 659.71921
6662.79577 193.26578 6.36671 6.25659 659.00556
6661.97425 192.31735 6.33493 6.22589 657.73324
6661.67742 191.97175 6.32341 6.21470 657.52130
6661.00430 191.16406 6.29631 6.18855 656.38051
6660.67741 190.76930 6.28287 6.17577 655.75563
6660.25588 190.27261 6.26823 6.15970 654.40263
6659.79078 189.73490 6.25162 6.14229 653.07820
6659.37911 189.26526 6.23592 6.12708 652.10861
6658.68171 188.43949 6.20815 6.10035 650.72892
6658.20160 187.85131 6.18845 6.08131 649.93673
6657.41160 186.80280 6.15350 6.04737 649.23722
6657.75450 187.23223 6.16785 6.06127 649.72280
6656.92160 186.26227 6.13528 6.02987 647.98528
6656.81058 186.13181 6.13090 6.02564 647.76420
6656.12406 185.35270 6.10467 6.00042 646.16723
6655.83801 185.02713 6.09372 5.98988 645.51273
6655.27507 184.39180 6.07233 5.96932 644.19050
6655.00672 184.09056 6.06219 5.95956 643.56115
6654.61776 183.68521 6.04854 5.94644 642.38905
6653.96137 183.00659 6.02574 5.92447 640.30106
6653.28493 182.22798 5.99935 5.89927 639.81727
6652.81714 181.67544 5.98240 5.88138 638.89595
6652.65304 181.50572 5.97740 5.87588 638.20992
6651.91503 180.70040 5.95151 5.84981 635.85321
6651.46429 180.18458 5.93404 5.83312 634.91465
6650.67808 179.24748 5.90259 5.80278 633.48704
6650.39633 178.90751 5.89118 5.79177 633.01914
6649.64064 177.93874 5.85874 5.76041 632.20917
6649.81893 178.16169 5.86622 5.76763 632.44961
6649.11183 177.35569 5.83910 5.74154 630.90002
6648.91414 177.14365 5.83194 5.73467 630.36487
6648.26161 176.41695 5.80746 5.71115 628.80858
6647.90516 176.02866 5.79438 5.69858 627.90440
6647.28508 175.33468 5.77102 5.67611 626.47251
6646.96501 174.96572 5.75861 5.66417 625.80897
6646.65363 174.64571 5.74773 5.65381 624.86933
6646.13502 174.11072 5.72970 5.63649 623.29246
6645.71957 173.67877 5.71508 5.62250 622.08247
6645.05864 173.00608 5.69199 5.60073 620.04787
6644.44762 172.32770 5.67147 5.57876 618.39512
6643.89160 171.69800 5.65181 5.55838 617.60192
6643.31112 171.05122 5.62978 5.53744 616.64598
6642.49446 170.01660 5.59507 5.50395 615.47464
6642.88883 170.47622 5.61066 5.51883 616.22564
6642.01197 169.53765 5.57878 5.48844 613.90718
6641.87323 169.38577 5.57369 5.48353 613.56004
6640.97436 168.39219 5.54010 5.45136 611.44823
6640.84733 168.25397 5.53542 5.44689 611.13363
6640.00028 167.29624 5.50320 5.41588 609.33954
6639.88798 167.16933 5.49893 5.41177 609.09843
6639.19432 166.40016 5.47294 5.38687 607.49966
6639.04471 166.24203 5.46756 5.38175 607.09548
6638.37851 165.53624 5.44376 5.35890 605.29021
6638.13288 165.27819 5.43499 5.35055 604.61242
6637.47308 164.60039 5.41125 5.32861 602.88057
6637.06571 164.17161 5.39801 5.31473 601.44635
6636.50211 163.57669 5.38033 5.29547 599.13753
6636.11968 163.18603 5.36760 5.28282 598.03725
6635.46908 162.50339 5.34425 5.26072 597.32282
6634.93619 161.92824 5.32497 5.24210 596.29111
6634.33342 161.25907 5.30226 5.22044 594.72312
6633.74880 160.58330 5.27954 5.19856 593.67940
6633.49198 160.28295 5.26940 5.18884 593.24761
6632.96824 159.70407 5.24978 5.17010 592.08091
6632.86013 159.59555 5.24609 5.16659 591.74627
6632.11779 158.83097 5.22013 5.14184 589.59155
6631.81454 158.50973 5.20924 5.13144 588.81099
6631.07265 157.72840 5.18274 5.10614 586.84317
6630.78300 157.42380 5.17240 5.09628 586.07977
6629.96907 156.53843 5.14240 5.06762 584.15831
6629.95151 156.52076 5.14180 5.06705 584.10271
6629.12465 155.65348 5.11223 5.03897 581.92140
6629.62889 156.13755 5.12895 5.05464 583.59573
6628.61859 155.25402 5.09838 5.02604 579.44284
6627.82844 154.46967 5.07459 5.00065 576.14765
6627.01615 153.60022 5.04573 4.97250 573.94977
6626.50781 153.03708 5.02674 4.95427 573.63485
6625.63509 151.97621 4.99096 4.91993 573.09968
6626.23917 152.64312 5.01357 4.94152 574.29241
6625.26256 151.66543 4.98029 4.90987 571.31484
6625.16128 151.56192 4.97677 4.90651 571.02511
6624.21624 150.59467 4.94389 4.87520 568.33768
6624.04401 150.41855 4.93790 4.86950 567.84082
6623.13107 149.44757 4.90486 4.83807 565.57128
6623.25084 149.56863 4.90897 4.84199 565.92229
6622.36164 148.68648 4.87894 4.81343 563.14310
6622.24799 148.57298 4.87506 4.80975 562.79854
6621.33652 147.66269 4.84405 4.78028 559.97835
6621.07943 147.40219 4.83517 4.77185 559.21939
6620.19755 146.47332 4.80395 4.74178 556.85085
6620.57029 146.83098 4.81540 4.75336 558.36640
6619.66632 146.02119 4.79041 4.72714 553.93273
6619.33061 145.70772 4.78067 4.71700 552.43796
6618.32448 144.72451 4.74682 4.68517 549.42528
6617.75259 144.11694 4.72630 4.66550 548.97376
6616.93940 143.17709 4.69440 4.63507 547.68419
6617.21117 143.47593 4.70459 4.64475 548.37247
6616.35470 142.61234 4.67500 4.61679 545.73857
6616.30677 142.56436 4.67336 4.61524 545.60054
6615.42214 141.69812 4.64377 4.58719 542.73173
6615.32337 141.59930 4.64039 4.58399 542.43089
6614.42087 140.72005 4.61021 4.55553 539.48820
6614.32895 140.63074 4.60714 4.55264 539.18710
6613.38958 139.71435 4.57575 4.52297 536.12338
6613.19248 139.52067 4.56910 4.51670 535.49207
6612.24858 138.56086 4.53634 4.48563 532.74260
6612.51160 138.81336 4.54493 4.49381 533.66654
6611.53502 137.91386 4.51373 4.46469 530.02056
6611.59115 137.96516 4.51556 4.46635 530.21977
6610.57340 137.04586 4.48541 4.43659 525.75747
6609.99300 136.48080 4.46806 4.41829 523.23954
6609.09272 135.54026 4.43569 4.38784 521.18818
6609.23643 135.68509 4.44064 4.39253 521.37695
6608.31000 134.78188 4.40962 4.36329 519.65116
6608.25512 134.72351 4.40762 4.36140 519.54840
6607.37669 133.88056 4.37855 4.33412 516.38089
6607.17053 133.68041 4.37165 4.32764 515.68517
6606.32921 132.85770 4.34330 4.30100 512.94042
6606.21087 132.74519 4.33941 4.29736 512.53705
6605.36427 131.93399 4.31140 4.27110 509.57985
6605.26862 131.83451 4.30796 4.26788 509.32309
6604.53221 131.16033 4.28463 4.24605 506.45487
6604.04376 130.70291 4.26878 4.23125 504.64479
6603.34328 130.01467 4.24504 4.20896 502.33044
6603.10344 129.78952 4.23725 4.20168 501.44162
6602.61012 129.32215 4.22078 4.18655 499.74382
6602.47726 129.21602 4.21703 4.18311 499.08808
6601.69479 128.57157 4.19604 4.16225 494.88216
6600.80095 127.73561 4.16885 4.13518 491.04028
6600.37759 127.32527 4.15494 4.12190 490.11302
6599.63583 126.61562 4.13032 4.09893 488.15193
6599.06912 126.02903 4.10993 4.07994 486.39304
6598.66327 125.59745 4.09493 4.06597 485.40795
6598.57560 125.53259 4.09263 4.06387 484.92165
6597.84574 124.86654 4.06943 4.04230 481.94800
6597.59867 124.63831 4.06149 4.03492 480.96470
6596.75938 123.88536 4.03507 4.01054 477.43407
6596.48671 123.62670 4.02604 4.00217 476.40841
6595.62196 122.82705 3.99803 3.97628 473.00783
6595.55473 122.76579 3.99588 3.97430 472.73901
6594.56295 121.85934 3.96411 3.94495 468.62183
6595.12230 122.33324 3.98079 3.96029 471.31044
6594.02668 121.47217 3.95035 3.93242 465.44647
6593.38290 120.91467 3.93070 3.91437 462.46602
6592.64056 120.24707 3.90690 3.89276 459.31838
6592.30411 119.95172 3.89671 3.88320 457.77708
6591.57936 119.30554 3.87659 3.86228 453.83791
6590.93811 118.70938 3.85637 3.84298 452.02771
6590.24315 118.03457 3.83230 3.82113 449.67468
6589.77930 117.55927 3.81551 3.80575 448.04650
6589.53603 117.32243 3.80713 3.79808 447.12167
6589.16441 117.00031 3.79568 3.78765 445.40476
6588.77621 116.66583 3.78387 3.77682 443.56547
6588.05993 116.05035 3.76187 3.75690 440.07972
6587.74107 115.77989 3.75218 3.74814 438.54798
6586.80891 114.96434 3.72305 3.72174 434.06422
6586.80294 114.95571 3.72275 3.72146 434.06594
6585.81946 114.12059 3.69272 3.69443 429.11078
6585.86099 114.15371 3.69392 3.69550 429.33953
6584.91317 113.37334 3.66596 3.67024 424.32884
6584.64239 113.14342 3.65765 3.66279 422.97147
6583.85048 112.49339 3.63433 3.64175 418.72773
6583.28014 111.99461 3.61642 3.62560 415.80436
6582.75170 111.54305 3.59978 3.61098 413.80215
6582.05874 110.93739 3.57951 3.59138 410.77146
6581.78792 110.69404 3.57207 3.58350 409.13199
6580.94937 109.98793 3.54825 3.56064 404.35484
6580.53643 109.60564 3.53436 3.54826 402.47840
6579.71024 108.85699 3.50757 3.52403 398.47404
6579.75958 108.90451 3.50927 3.52557 398.68935
6578.74921 108.03039 3.47813 3.49727 393.39678
6578.97811 108.21912 3.48477 3.50338 394.68161
6577.99605 107.43503 3.45745 3.47799 389.02905
6577.42574 106.95299 3.44041 3.46239 385.94383
6576.94532 106.52210 3.42521 3.44844 383.53155
6576.87284 106.48390 3.42390 3.44720 382.97630
6576.00013 105.83605 3.40142 3.42623 377.62203
6575.01631 104.99150 3.37332 3.39889 372.40638
6574.79991 104.81065 3.36723 3.39304 371.17686
6573.82725 103.97687 3.33907 3.36604 365.95356
6573.98240 104.10085 3.34323 3.37006 366.73707
6572.99879 103.30872 3.31691 3.34441 362.32567
6572.94568 103.26055 3.31534 3.34285 362.10133
6572.06625 102.57709 3.29355 3.32073 357.02036
6571.61238 102.20076 3.28217 3.30855 354.34532
6570.94934 101.68239 3.26861 3.29176 350.21538
6570.03298 100.89932 3.24801 3.26641 344.99988
6569.56040 100.46735 3.23537 3.25243 342.65923
6568.91016 99.87881 3.21885 3.23338 339.33694
6569.12551 100.06066 3.22373 3.23926 340.50893
6568.17499 99.32599 3.20555 3.21548 335.15418
6568.54783 99.59820 3.21185 3.22429 337.29702
6567.27705 98.71033 3.19179 3.19555 330.02465
6566.45232 98.01121 3.17625 3.17292 325.82841
6566.02815 97.67100 3.16519 3.16190 323.62225
6565.33011 97.11462 3.13439 3.14389 320.11696
6564.73238 96.60673 3.11216 3.12745 317.71409
6563.97411 95.94379 3.08186 3.10599 314.26269
6563.80697 95.80913 3.07553 3.10163 313.43706
6562.81205 94.95577 3.03795 3.07400 308.77443
6562.67630 94.83870 3.03216 3.07021 308.13907
6561.63411 93.91956 2.98829 3.04046 303.53856
6561.45635 93.75176 2.98020 3.03503 302.77551
6560.52352 92.90848 2.94633 3.00773 298.66555
6560.10369 92.50394 2.93075 2.99463 296.92427
6559.27004 91.68938 2.89427 2.96826 293.61669
6558.06643 90.33875 2.83853 2.92454 288.96786
6557.20012 89.10532 2.78955 2.88461 285.79388
6558.75865 90.80379 2.85575 2.93959 291.75301
6557.88891 90.09504 2.82853 2.91665 288.30691
6556.48883 88.68342 2.77940 2.87095 282.95557
6555.74603 87.76554 2.74884 2.84123 280.50648
6557.04615 89.04001 2.78834 2.88249 285.15973
6556.08818 88.29209 2.76735 2.85828 281.53571
6556.30694 88.44536 2.77159 2.86324 282.28648
6555.41842 87.82044 2.75396 2.84301 279.39858
6554.81457 87.36470 2.74206 2.82826 277.27016
6554.61628 87.21885 2.73852 2.82354 276.53005
6553.72262 86.62143 2.72445 2.80420 273.51863
6553.52636 86.48306 2.72179 2.79972 272.87631
6552.44300 85.72326 2.72187 2.77512 269.45718
6551.69421 85.15269 2.72453 2.75665 267.13616
6550.86489 84.48055 2.72789 2.73489 264.59541
6550.01126 83.74043 2.73263 2.71093 262.07854
6549.76561 83.49359 2.73291 2.70294 261.32881
6549.17109 83.02132 2.73272 2.68765 259.62562
6548.65370 82.56949 2.72920 2.67302 258.08913
6547.75160 81.77348 2.73792 2.64725 255.46202
6547.56466 81.59816 2.74217 2.64158 254.92290
6546.60866 80.73878 2.76927 2.61376 252.32240
6546.43600 80.57971 2.76178 2.60861 251.81511
6545.44153 79.64712 2.63686 2.57842 248.89305
6545.37116 79.58269 2.62864 2.57633 248.69631
6544.43000 78.69499 2.58297 2.54759 245.96814
6544.28445 78.56208 2.58051 2.54329 245.55805
6543.38289 77.70460 2.54856 2.51553 242.95541
6543.13869 77.47160 2.54520 2.50799 242.25982
6542.31812 76.67265 2.53063 2.48212 239.87079
6542.11033 76.47577 2.52582 2.47575 239.27092
6541.37061 75.75566 2.51167 2.45244 237.14399
6541.28430 75.68385 2.51054 2.45011 236.92849
6540.51700 74.98347 2.49848 2.42744 234.96913
6539.95947 74.46465 2.48760 2.41064 233.42994
6539.16993 73.68144 2.47036 2.38529 231.13969
6538.68352 73.17746 2.45856 2.36897 229.68375
6538.01972 72.47793 2.44245 2.34633 227.73659
6537.76270 72.20703 2.43592 2.33756 226.99074
6537.11462 71.53770 2.41909 2.31589 225.08294
6536.81596 71.23700 2.41181 2.30616 224.21874
6536.05029 70.44214 2.39143 2.28042 221.96267
6535.77358 70.14907 2.38314 2.27094 221.12830
6535.02843 69.36602 2.36129 2.24559 218.92295
6534.70301 69.02218 2.35149 2.23445 217.95058
6533.87654 68.11361 2.32490 2.20504 215.42588
6533.66307 67.87857 2.31799 2.19743 214.77918
6532.76391 66.85662 2.28690 2.16435 211.98815
6532.68523 66.76618 2.28419 2.16142 211.74650
6531.83658 65.77834 2.25704 2.12944 209.25791
6531.76183 65.69492 2.25457 2.12674 209.03965
6530.89818 64.70997 2.22329 2.09486 206.33962
6530.58334 64.30700 2.21048 2.08181 205.28458
6530.24009 63.90978 2.19772 2.06895 204.21642
6529.85184 63.49981 2.18451 2.05568 203.08294
6529.29757 62.86702 2.16400 2.03519 201.46030
6528.86291 62.38371 2.14824 2.01955 200.16685
6528.60387 62.10055 2.13897 2.01038 199.37149
6528.15486 61.63437 2.12365 1.99529 198.05398
6527.84645 61.33663 2.11384 1.98565 197.21106
6527.24774 60.73830 2.09400 1.96628 195.51963
6526.92727 60.42970 2.08369 1.95629 194.63916
6526.31989 59.84705 2.06419 1.93743 192.96873
6525.92815 59.46444 2.05138 1.92504 191.88457
6525.43103 59.00188 2.03587 1.91007 190.54830
6524.75302 58.36116 2.01398 1.88933 188.71384
6524.16472 57.76466 1.99541 1.87002 187.11223
6523.63936 57.23965 1.97956 1.85302 185.74345
6523.27015 56.85787 1.96657 1.84066 184.68247
6522.78745 56.40722 1.95085 1.82607 183.36953
6521.95948 55.57677 1.92237 1.79919 181.04069
6521.23544 54.75724 1.89409 1.77266 178.78389
6520.77357 54.22063 1.87555 1.75528 177.32793
6520.42668 53.84339 1.86249 1.74307 176.30766
6519.74793 53.06748 1.83565 1.71795 174.23346
6519.60939 52.91053 1.83021 1.71287 173.80347
6518.87972 52.11208 1.80236 1.68702 171.55888
6518.68419 51.89759 1.79491 1.68008 170.96000
6517.86232 50.98776 1.76305 1.65063 168.42681
6517.95682 51.09266 1.76673 1.65402 168.71992
6517.03557 50.12707 1.73297 1.62276 165.98057
6517.18357 50.27925 1.73828 1.62769 166.41351
6516.21734 49.32023 1.70431 1.59664 163.64466
6516.34983 49.44738 1.70892 1.60076 164.01876
6515.40996 48.56231 1.67937 1.57211 161.52320
6515.35591 48.51213 1.67786 1.57048 161.39089
6514.57302 47.78718 1.65421 1.54701 159.39267
6514.40060 47.65373 1.64942 1.54269 158.98689
6513.46742 46.80525 1.61899 1.51523 156.47785
6513.44227 46.75977 1.61741 1.51375 156.35660
6512.87014 46.30237 1.60121 1.49895 154.98529
6512.24758 45.76778 1.58223 1.48164 153.40004
6511.99391 45.55067 1.57453 1.47461 152.76940
6511.23819 44.96177 1.55360 1.45555 151.02907
6510.83600 44.62062 1.54144 1.44450 150.01503
6509.91000 43.85191 1.51407 1.41962 147.74197
6510.07339 43.98512 1.51882 1.42393 148.13497
6509.05480 43.18275 1.49021 1.39796 145.74526
6509.02749 43.15349 1.48918 1.39701 145.66107
6508.33140 42.64559 1.47100 1.38057 144.14651
6507.64571 42.13676 1.45277 1.36409 142.63183
6507.31744 41.88387 1.44379 1.35591 141.87352
6506.41930 41.23144 1.42052 1.33479 139.95355
6506.93082 41.57665 1.43291 1.34596 140.97461
6505.73819 40.82568 1.40554 1.32165 138.72327
6505.10714 40.37130 1.38961 1.30694 137.41194
6504.55591 40.01391 1.37823 1.29537 136.48055
6503.35939 39.15241 1.34944 1.26748 134.13954
6502.19309 38.13305 1.31301 1.23448 131.11567
6501.28621 37.23159 1.28104 1.20530 128.43604
6501.62729 37.55084 1.29238 1.21563 129.38363
6500.66669 36.70417 1.26226 1.18822 126.88114
6501.05069 37.02285 1.27362 1.19854 127.81926
6500.15449 36.32904 1.24885 1.17608 125.77797
6500.64376 36.63978 1.26001 1.18614 126.68499
6500.67265 36.67941 1.26141 1.18742 126.80396
6499.65841 36.16353 1.24265 1.17072 125.33374
6499.39578 36.01892 1.23740 1.16604 124.92156
6499.16829 35.89849 1.23300 1.16214 124.58062
6498.18653 35.49250 1.21808 1.14900 123.49001
6497.20872 35.01053 1.20053 1.13340 122.17304
6496.21860 34.48541 1.18147 1.11640 120.72834
6494.93299 33.69596 1.15297 1.09084 118.50583
6493.87008 32.94805 1.12627 1.06663 116.29801
6492.96749 32.21585 1.10029 1.04292 114.11796
6493.14823 32.32972 1.10438 1.04661 114.44131
6493.55275 32.57330 1.11308 1.05450 115.12182
6492.90030 32.26450 1.10190 1.04450 114.30970
6492.14533 31.89023 1.08820 1.03238 113.30050
6491.07524 31.27585 1.06586 1.01249 111.57499
6489.95584 30.57884 1.04370 0.98993 109.86832
6490.89494 31.09640 1.05994 1.00668 111.05706
6489.57248 30.45052 1.03948 0.98577 109.63317
6488.31985 29.73305 1.01378 0.96255 107.64448
6488.41043 29.78153 1.01558 0.96412 107.78256
6487.48496 29.27404 0.99705 0.94769 106.36853
6486.74802 28.88187 0.98292 0.93499 105.29859
6486.52716 28.75653 0.97840 0.93094 104.94797
6485.59244 28.26322 0.96053 0.91497 103.60181
6485.15410 28.03234 0.95220 0.90749 102.94356
6484.75564 27.84950 0.94559 0.90157 102.43901
6483.53667 27.21650 0.92267 0.88108 100.68601
6483.02380 26.92864 0.91230 0.87176 99.86855
6483.10821 26.97323 0.91391 0.87320 99.99241
6482.16309 26.55550 0.89867 0.85968 98.91403
6481.37230 26.19766 0.88563 0.84810 97.97386
6481.74753 26.34695 0.89111 0.85293 98.34159
6480.59340 25.92752 0.87563 0.83935 97.36468
6479.36959 25.41339 0.85684 0.82271 96.05788
6479.21515 25.35034 0.85454 0.82067 95.90165
6478.39759 25.02468 0.84261 0.81012 95.08915
6477.23897 24.52700 0.82444 0.79401 93.78535
6476.79277 24.32229 0.81702 0.78739 93.21649
6476.96596 24.40333 0.81995 0.79001 93.44954
6475.49283 23.87360 0.80060 0.77286 92.13654
6474.04322 23.22303 0.77678 0.75180 90.31645
6473.14982 22.76787 0.76034 0.73706 88.96228
6472.43528 22.35223 0.74703 0.72361 87.82259
6471.60901 21.92274 0.73350 0.70970 86.74018
6471.63169 21.93470 0.73389 0.71009 86.77282
6470.75140 21.47789 0.71787 0.69530 85.40610
6469.86884 21.04971 0.70205 0.68144 84.04519
6470.92864 21.49038 0.71841 0.69571 85.34586
6469.78853 21.09135 0.70343 0.68279 84.27704
6468.71397 20.67785 0.68836 0.66940 83.14076
6468.43810 20.57004 0.68446 0.66591 82.84207
6469.53435 20.85264 0.69497 0.67506 83.39349
6468.62918 20.70018 0.68906 0.67013 83.29101
6467.68505 20.55205 0.68326 0.66533 83.22965
6466.73744 20.40348 0.67753 0.66052 83.10636
6465.80236 20.26699 0.67212 0.65610 83.11119
6464.75735 20.11724 0.66619 0.65126 83.12823
6463.62010 19.94051 0.65928 0.64553 83.09505
6462.66470 19.74040 0.65170 0.63906 82.81715
6461.53590 19.44966 0.64091 0.62964 82.23870
6460.13099 19.02546 0.62535 0.61591 81.20448
6458.71141 18.52751 0.60728 0.59979 79.74408
6457.37431 17.92763 0.58578 0.58037 77.69365
6456.17451 17.27967 0.56268 0.55939 75.29195
6454.93995 16.51346 0.53549 0.53459 72.29239
6454.26987 16.05641 0.51932 0.51979 70.43288
6453.24627 15.29600 0.49244 0.49518 67.27696
6452.53013 14.74266 0.47298 0.47726 64.95840
6451.44737 13.80704 0.43961 0.44698 60.87770
6450.26696 12.59469 0.40106 0.40773 56.08011
6449.45610 11.60176 0.36612 0.37558 51.54935
6449.23908 11.33533 0.35688 0.36696 50.35322
0.00000 0.00000 0.00000 0.00000 0.00000
