6708.62331 242.04623 7.98865 7.83576 796.64217
6708.41864 241.78018 7.97978 7.82715 796.39177
6707.84517 241.05208 7.95564 7.80358 795.49175
6707.40468 240.47030 7.93633 7.78475 794.86013
6707.11125 240.10502 7.92422 7.77292 794.36412
6706.44652 239.26963 7.89653 7.74588 794.12234
6706.26120 239.03842 7.88890 7.73839 794.06264
6705.47840 238.01636 7.85496 7.70530 793.09846
6705.33136 237.82136 7.84850 7.69899 792.91624
6704.67380 236.92709 7.81889 7.67004 792.37475
6704.34353 236.47086 7.80379 7.65527 792.14458
6703.99612 236.01614 7.78867 7.64055 791.71443
6703.43707 235.29042 7.76468 7.61706 790.95464
6703.40149 235.25861 7.76360 7.61603 790.80062
6702.57910 234.31833 7.73239 7.58559 788.70178
6702.34527 234.03193 7.72412 7.57632 787.95369
6701.56294 233.02381 7.69241 7.54368 786.44372
6701.40831 232.82470 7.68567 7.53723 786.26349
6700.80336 232.04866 7.65987 7.51211 785.39844
6700.46675 231.62926 7.64588 7.49853 784.83227
6700.03684 231.10298 7.62839 7.48150 784.03521
6699.45260 230.38108 7.60432 7.45813 782.98947
6699.13320 229.97484 7.59079 7.44498 782.52658
6698.36099 228.95021 7.55681 7.41181 781.66709
6698.25014 228.79732 7.55173 7.40686 781.56271
6697.60453 227.87012 7.52106 7.37684 781.74958
6697.48773 227.73012 7.51642 7.37231 781.70791
6696.96886 227.11128 7.49598 7.35227 781.35989
6696.45112 226.47057 7.47445 7.33153 780.53583
6696.08489 226.01014 7.45902 7.31663 779.90321
6695.40591 225.13544 7.43320 7.28831 778.20481
6695.27557 224.97150 7.42805 7.28300 777.92894
6694.50561 223.96418 7.39432 7.25039 777.10970
6694.53785 223.99995 7.39552 7.25155 777.19854
6693.82788 223.17537 7.36801 7.22486 775.55070
6693.52896 222.82596 7.35630 7.21354 774.88245
6692.94896 222.13511 7.33323 7.19118 773.68586
6692.48803 221.59084 7.31502 7.17356 772.70348
6692.02168 221.00772 7.29560 7.15468 771.96782
6691.43720 220.26242 7.27086 7.13056 771.16822
6691.08589 219.82364 7.25619 7.11635 770.62116
6690.36617 218.78362 7.22177 7.08268 770.63331
6690.45482 218.91264 7.22605 7.08686 770.62381
6689.75583 218.04282 7.19704 7.05870 769.53629
6689.49458 217.72694 7.18655 7.04847 769.03643
6688.92687 217.04113 7.16325 7.02627 767.94320
6688.44317 216.43104 7.14424 7.00652 767.23130
6688.10254 216.01178 7.13219 6.99295 766.71402
6687.44048 215.17852 7.10480 6.96597 766.18715
6687.28818 214.99323 7.09854 6.95998 765.89189
6686.49046 213.98283 7.06490 6.92727 764.72039
6686.50249 213.99873 7.06543 6.92778 764.72964
6685.73193 213.07402 7.03453 6.89785 763.27929
6685.45909 212.74500 7.02355 6.88719 762.77206
6684.84608 211.98058 6.99805 6.86245 761.85882
6684.47855 211.51019 6.98239 6.84722 761.42170
6684.09869 211.07024 6.96767 6.83298 760.57447
6683.46152 210.29137 6.94157 6.80776 759.50638
6683.25381 210.03000 6.93283 6.79930 759.23363
6682.48794 209.10263 6.90198 6.76928 757.85215
6682.39909 208.99454 6.89835 6.76578 757.70602
6681.59829 207.99890 6.86562 6.73355 756.35448
6681.46235 207.83700 6.86098 6.72831 755.88669
6680.78123 206.99343 6.83485 6.70100 754.30728
6680.51631 206.66570 6.82365 6.69039 753.88837
6680.00433 206.07157 6.80371 6.67115 752.97527
6679.48265 205.44137 6.78282 6.65075 752.95707
6679.12376 205.00326 6.76818 6.63657 752.69774
6678.46514 204.19523 6.74116 6.61041 751.55897
6678.25554 203.93693 6.73253 6.60205 751.24012
6677.45553 202.91850 6.69857 6.56908 750.37863
6677.45666 202.91745 6.69854 6.56905 750.40195
6676.68386 201.96764 6.66678 6.53830 749.23887
6676.49826 201.72835 6.65881 6.53055 749.06629
6676.01228 201.15745 6.63964 6.51207 748.10960
6675.59141 200.71886 6.62479 6.49787 746.80310
6674.97665 199.97867 6.60015 6.47391 745.73129
6674.48630 199.36871 6.57937 6.45416 745.18332
6674.16768 199.00081 6.56728 6.44225 744.43396
6673.46354 198.13079 6.54163 6.41409 742.47180
6673.39551 198.05221 6.53908 6.41154 742.30455
6672.54226 197.04994 6.50511 6.37910 740.80433
6672.48783 196.98599 6.50297 6.37703 740.69587
6671.66407 195.99064 6.46971 6.34480 739.29850
6671.49716 195.78852 6.46297 6.33826 739.20855
6670.84675 195.01026 6.43701 6.31307 739.23418
6670.52731 194.63079 6.42430 6.30078 738.81254
6669.95572 193.96071 6.40177 6.27909 737.61665
6669.40575 193.25958 6.37832 6.25639 737.13995
6669.19018 192.98542 6.36917 6.24752 736.95065
6668.52685 192.20369 6.34299 6.22221 735.77145
6668.35974 192.00910 6.33645 6.21591 735.44842
6667.51097 190.99855 6.30237 6.18320 734.10135
6667.66360 191.17175 6.30837 6.18880 734.37959
6666.74042 190.17299 6.27590 6.15647 731.54603
6666.56547 189.98106 6.27039 6.15026 730.81727
6665.75530 189.04570 6.24002 6.11998 728.91160
6665.50604 188.75591 6.23019 6.11060 728.47083
6664.84860 187.96697 6.20385 6.08505 727.45459
6664.50579 187.55316 6.18991 6.07166 726.97478
6664.05259 187.01915 6.17197 6.05437 726.20159
6663.56222 186.45218 6.15293 6.03602 725.29780
6663.17718 186.01338 6.13816 6.02181 724.51216
6662.50744 185.22021 6.11152 5.99613 723.34770
6662.16592 184.80432 6.09765 5.98267 723.35045
6661.39286 183.77797 6.06351 5.94944 724.29615
6661.54358 183.96990 6.06994 5.95566 724.35499
6660.71556 183.00561 6.03755 5.92444 722.82644
6660.57137 182.83690 6.03185 5.91898 722.59335
6659.87690 182.04873 6.00524 5.89346 721.27789
6659.58484 181.71634 5.99519 5.88270 720.34376
6659.00875 181.06619 5.97558 5.86166 718.39276
6658.66894 180.68643 5.96277 5.84936 717.69503
6658.21338 180.21081 5.94649 5.83396 716.43505
6657.64602 179.62674 5.92679 5.81506 714.69705
6657.08641 178.98010 5.90500 5.79412 713.73063
6656.57365 178.37565 5.88470 5.77455 712.97147
6656.32942 178.11688 5.87597 5.76618 712.31729
6655.62235 177.34543 5.84990 5.74120 710.64303
6655.28067 176.95422 5.83670 5.72854 710.02937
6654.50362 176.02797 5.80558 5.69855 708.98318
6654.32414 175.81359 5.79837 5.69161 708.71442
6653.55443 174.82711 5.76539 5.65968 709.13362
6653.57380 174.86003 5.76648 5.66074 709.01116
6652.84853 174.03350 5.73877 5.63399 708.62425
6652.62115 173.78834 5.73055 5.62605 708.03662
6651.96897 173.06203 5.70563 5.60254 706.74353
6651.61641 172.67804 5.69330 5.59011 705.74821
6651.02741 172.01880 5.67389 5.56876 703.66006
6650.64608 171.58199 5.65943 5.55462 702.91418
6650.25014 171.17223 5.64525 5.54136 701.91124
6649.73084 170.63652 5.62720 5.52402 700.41762
6649.29800 170.18667 5.61191 5.50945 699.21982
6648.69240 169.57158 5.59109 5.48954 697.41129
6648.18747 169.00904 5.57204 5.47133 696.43116
6647.60863 168.35380 5.54997 5.45012 695.42817
6647.16749 167.86871 5.53355 5.43441 694.52207
6646.40981 166.90693 5.50122 5.40328 694.35585
6646.55757 167.07911 5.50700 5.40885 694.55168
6645.66832 166.12721 5.47485 5.37804 692.52567
6645.58145 166.03180 5.47161 5.37495 692.34427
6644.67777 165.03291 5.43784 5.34261 690.58585
6644.58575 164.93369 5.43442 5.33940 690.55398
6643.74480 163.98285 5.40369 5.30862 690.10384
6643.60582 163.82603 5.39911 5.30354 689.63639
6642.89031 163.03271 5.37381 5.27786 687.62908
6642.68393 162.81332 5.36615 5.27076 687.23554
6642.00936 162.09866 5.34192 5.24762 685.66715
6641.72777 161.80303 5.33191 5.23805 684.96041
6641.07127 161.12865 5.30899 5.21622 683.19819
6640.69394 160.73127 5.29552 5.20335 682.28805
6640.10970 160.11470 5.27460 5.18339 680.91355
6639.72067 159.71719 5.26110 5.17052 679.84657
6639.10952 159.07596 5.23936 5.14977 678.36666
6638.62868 158.55695 5.22177 5.13296 677.39039
6638.08327 157.95171 5.20131 5.11337 676.45270
6637.53473 157.31730 5.17979 5.09283 675.84705
6637.22941 156.96156 5.16778 5.08132 675.57369
6636.64420 156.31478 5.14589 5.06038 674.48458
6636.45055 156.11577 5.13915 5.05394 673.95202
6635.71872 155.36207 5.11335 5.02954 673.18838
6635.44407 155.07077 5.10380 5.02011 673.00199
6634.69591 154.28282 5.08028 4.99460 670.15875
6634.45083 154.02571 5.07177 4.98627 669.47030
6633.64386 153.14787 5.04161 4.95786 668.20484
6633.57183 153.07210 5.03906 4.95540 668.03678
6632.72140 152.18025 5.00876 4.92653 666.10566
6632.92567 152.37840 5.01556 4.93295 666.75199
6631.96812 151.54180 4.98677 4.90586 662.57315
6631.46899 151.04237 4.96979 4.88969 661.17133
6630.66666 150.18352 4.94058 4.86189 659.61933
6630.33874 149.82398 4.92838 4.85025 659.09024
6629.48961 148.79145 4.89344 4.81683 659.02117
6629.77791 149.11080 4.90429 4.82716 659.42313
6628.80216 148.13397 4.87094 4.79554 656.77040
6628.73872 148.06880 4.86871 4.79343 656.61202
6627.78874 147.09650 4.83532 4.76195 654.40657
6627.67984 146.98623 4.83145 4.75839 654.13830
6626.77217 146.02086 4.80136 4.72713 651.69022
6626.78300 146.02972 4.80164 4.72742 651.73900
6625.88441 145.13822 4.77221 4.69856 650.24387
6625.78133 145.03524 4.76863 4.69523 649.95140
6624.86913 144.12423 4.73745 4.66573 647.37156
6624.69679 143.95043 4.73150 4.66011 646.94396
6623.82054 143.02745 4.70002 4.63023 645.22634
6623.94198 143.13886 4.70387 4.63383 645.67762
6623.00511 142.29930 4.67496 4.60666 641.95007
6622.82188 142.12847 4.66908 4.60112 641.30338
6621.81945 141.14886 4.63552 4.56941 638.40740
6621.53262 140.84411 4.62507 4.55955 637.89217
6620.69219 139.87307 4.59201 4.52811 637.46372
6620.76166 139.95542 4.59481 4.53078 637.46997
6619.90198 139.08860 4.56509 4.50272 635.38736
6619.80921 138.99604 4.56192 4.49972 635.15977
6618.92417 138.12940 4.53212 4.47166 632.52110
6618.81727 138.02261 4.52838 4.46821 632.27237
6617.90954 137.13827 4.49923 4.43958 630.59988
6617.81980 137.05108 4.49667 4.43675 630.33814
6616.87903 136.13333 4.46714 4.40704 626.95613
6616.75132 136.00859 4.46276 4.40301 626.63419
6615.81304 135.05449 4.42987 4.37212 624.63602
6615.91063 135.14640 4.43304 4.37509 624.96011
6614.92209 134.23585 4.40155 4.34562 621.42742
6614.94247 134.25454 4.40220 4.34622 621.50060
6613.94103 133.35004 4.37091 4.31694 617.72310
6613.59237 133.01027 4.35920 4.30594 616.73464
6612.70043 132.07841 4.32706 4.27577 615.13248
6612.73230 132.11033 4.32816 4.27681 615.20815
6611.80883 131.21001 4.29714 4.24766 612.67004
6611.72907 131.12744 4.29428 4.24499 612.51549
6610.84192 130.27609 4.26485 4.21743 609.87693
6610.66450 130.10380 4.25891 4.21185 609.37757
6609.81793 129.27597 4.22985 4.18505 607.12784
6609.66920 129.13410 4.22491 4.18046 606.62330
6608.83521 128.33503 4.19995 4.15459 604.13872
6608.67746 128.17667 4.19519 4.14946 603.82980
6607.91893 127.48200 4.17139 4.12697 601.35263
6607.51971 127.10878 4.15829 4.11489 599.98435
6606.82422 126.42537 4.13461 4.09277 598.20970
6606.53183 126.14999 4.12500 4.08385 597.26791
6605.95739 125.60788 4.10609 4.06630 595.43929
6605.66159 125.36115 4.09746 4.05832 594.01403
6604.99947 124.81936 4.07848 4.04078 590.64046
6604.25335 124.11885 4.05398 4.01810 588.22062
6603.84062 123.71869 4.04006 4.00515 587.06981
6603.14788 123.05676 4.01686 3.98372 585.02314
6602.68614 122.57690 4.00011 3.96818 584.24245
6602.18240 122.04558 3.98167 3.95098 583.52402
6601.93913 121.83304 3.97416 3.94410 582.51152
6601.22138 121.17804 3.95105 3.92290 579.76133
6600.95041 120.92808 3.94233 3.91480 578.75460
6600.12241 120.18536 3.91605 3.89076 577.33286
6599.89418 119.96758 3.90825 3.88371 577.09070
6599.01452 119.15411 3.88219 3.85738 572.58826
6598.92794 119.07507 3.87976 3.85482 572.08930
6597.93567 118.16816 3.84827 3.82546 568.12995
6598.21148 118.40170 3.85683 3.83302 569.34918
6597.16341 117.57847 3.82707 3.80637 563.36173
6596.72276 117.19374 3.81340 3.79391 561.40862
6595.97010 116.51690 3.78922 3.77200 558.41721
6595.62086 116.21017 3.77831 3.76207 556.86945
6594.93926 115.60269 3.75651 3.74241 554.04208
6594.38452 115.08691 3.73802 3.72571 552.06584
6593.77090 114.49127 3.71670 3.70643 550.30038
6593.30080 114.00976 3.69938 3.69084 549.35419
6592.91709 113.63889 3.68603 3.67883 548.21921
6592.44635 113.22819 3.67120 3.66554 546.10069
6592.03693 112.87535 3.65826 3.65411 543.95573
6591.31044 112.25112 3.63564 3.63391 541.21239
6591.01911 112.00438 3.62670 3.62592 540.53325
6590.10665 111.20602 3.59731 3.60007 536.78873
6590.04980 111.15334 3.59553 3.59837 536.47047
6589.05780 110.31099 3.56790 3.57110 529.58755
6589.04504 110.29861 3.56746 3.57070 529.53769
6588.10441 109.52419 3.53843 3.54563 524.25812
6587.83014 109.29138 3.52977 3.53809 522.80904
6587.07281 108.67023 3.50659 3.51798 518.30316
6586.55330 108.21488 3.48949 3.50324 515.71050
6586.02317 107.76186 3.47248 3.48857 512.83409
6585.36228 107.18418 3.45077 3.46987 509.44890
6585.04103 106.89703 3.43994 3.46058 507.87907
6584.22156 106.20736 3.41383 3.43825 503.13734
6583.91504 105.91985 3.40298 3.42894 501.84161
6583.05425 105.13979 3.37321 3.40369 497.72275
6583.02636 105.11926 3.37243 3.40303 497.56114
6582.02093 104.24940 3.33938 3.37487 494.02155
6582.10657 104.31876 3.34204 3.37711 494.56418
6581.14410 103.55047 3.31283 3.35224 487.59510
6580.71082 103.18361 3.29896 3.34036 484.92392
6580.11848 102.65803 3.27869 3.32335 481.60417
6579.82295 102.44697 3.27062 3.31652 479.15312
6579.14564 101.94943 3.25256 3.30041 473.15256
6578.27430 101.19868 3.22823 3.27610 465.92783
6578.04528 101.00703 3.22155 3.26990 464.21434
6577.09131 100.18927 3.19133 3.24343 457.99367
6577.13627 100.22102 3.19246 3.24446 458.41587
6576.14422 99.42204 3.16411 3.21859 450.66406
6576.03486 99.32902 3.16084 3.21558 449.89268
6575.17770 98.66315 3.13831 3.19402 442.66327
6574.73663 98.29703 3.12588 3.18217 439.35498
6574.11899 97.81544 3.11030 3.16658 433.78066
6573.33438 97.14422 3.08714 3.14485 429.66484
6572.92427 96.76811 3.07427 3.13267 427.61514
6572.22082 96.13187 3.05356 3.11208 422.44818
6572.20658 96.12277 3.05327 3.11178 422.28411
6571.23107 95.36867 3.02371 3.08737 413.38011
6571.39711 95.48947 3.02938 3.09128 415.03129
6570.28185 94.71393 2.98611 3.06617 403.22053
6569.68157 94.19389 2.96047 3.04934 398.39816
6569.15715 93.77108 2.93568 3.03565 393.82519
6568.49466 93.24350 2.90982 3.01857 387.14623
6568.00901 92.83000 2.89196 3.00519 382.31891
6567.23794 92.15599 2.85656 2.98337 375.77512
6567.04606 92.00015 2.84955 2.97832 374.09600
6566.06648 91.15989 2.80427 2.95112 365.82972
6565.98047 91.08604 2.80004 2.94873 365.05966
6564.95912 90.18535 2.75565 2.91957 357.80622
6564.82382 90.05580 2.74898 2.91538 357.15898
6563.90358 89.22403 2.70702 2.88845 350.43954
6563.60018 88.92980 2.69378 2.87892 348.25029
6562.77659 88.12510 2.66293 2.85287 342.58149
6562.07119 87.34511 2.62792 2.82762 338.65541
6561.28806 86.22630 2.58901 2.79140 336.67777
6562.02065 87.01441 2.61601 2.81692 340.90621
6561.08552 86.25035 2.59330 2.79218 333.27937
6560.35537 85.51326 2.57614 2.76832 328.79738
6559.57677 84.55223 2.53869 2.73721 325.83077
6560.16390 85.13109 2.56568 2.75595 329.32444
6559.18466 84.36631 2.55240 2.73119 321.70587
6559.23173 84.39004 2.55038 2.73196 322.18188
6558.34953 83.76968 2.58051 2.71188 314.60950
6557.79166 83.34762 2.57181 2.69821 310.38297
6557.44821 83.09815 2.55767 2.69014 308.03294
6556.51510 82.47390 2.56979 2.66993 301.38462
6556.40300 82.39344 2.57839 2.66732 300.65491
6555.36107 81.66311 2.55235 2.64368 295.13926
6554.80400 81.23743 2.61179 2.62990 291.90566
6554.07176 80.64442 2.63016 2.61070 287.93538
6553.36191 80.02921 2.51516 2.59079 284.42526
6553.02187 79.69929 2.47422 2.58011 282.93506
6552.35677 79.16756 2.44443 2.56289 279.56109
6551.96567 78.82371 2.44960 2.55176 277.76230
6551.07917 78.04155 2.45341 2.52644 273.89034
6550.92090 77.89200 2.45245 2.52160 273.25815
6549.95326 77.02211 2.45054 2.49344 269.40695
6549.85632 76.93260 2.44985 2.49054 269.04757
6548.85883 75.99719 2.44175 2.46026 265.45880
6548.79828 75.94197 2.44125 2.45847 265.22573
6547.85282 75.05022 2.43369 2.42960 261.37170
6547.72028 74.92958 2.43235 2.42570 260.89346
6546.82901 74.08186 2.41920 2.39825 258.48165
6546.61957 73.88224 2.41621 2.39179 257.75504
6545.79638 73.08076 2.40362 2.36584 254.74811
6545.58690 72.88224 2.40019 2.35942 254.00714
6544.82237 72.13829 2.38697 2.33533 251.27452
6544.64770 71.98418 2.38424 2.33034 250.58813
6543.89532 71.29742 2.37142 2.30811 247.74574
6543.43746 70.87249 2.36295 2.29436 246.02139
6542.72153 70.16205 2.34790 2.27136 243.47783
6542.30195 69.72680 2.33815 2.25727 242.04442
6541.64618 69.03573 2.32213 2.23489 239.79828
6541.36496 68.73950 2.31511 2.22530 238.82362
6540.69338 68.04592 2.29823 2.20285 236.48184
6540.40170 67.75239 2.29094 2.19335 235.43203
6539.66096 66.98338 2.27092 2.16845 232.87220
6539.39954 66.70633 2.26363 2.15948 231.96612
6538.64978 65.91844 2.24521 2.13398 229.09019
6538.38626 65.64079 2.23815 2.12499 228.22774
6537.57359 64.74733 2.21235 2.09607 225.98129
6537.40911 64.56690 2.20723 2.09022 225.42330
6536.51778 63.55383 2.17762 2.05743 222.27496
6536.47768 63.50776 2.17625 2.05594 222.13845
6535.62273 62.51260 2.14616 2.02372 219.21220
6535.51573 62.39216 2.14249 2.01982 218.84040
6534.71178 61.47632 2.11408 1.99017 215.99424
6534.42624 61.10823 2.10247 1.97826 215.02324
6533.96480 60.57414 2.08554 1.96097 213.38224
6533.56024 60.14604 2.07183 1.94711 211.88848
6533.03946 59.55067 2.05260 1.92783 210.01534
6532.56552 59.02355 2.03560 1.91077 208.29786
6532.23696 58.66534 2.02368 1.89917 207.09957
6531.71125 58.11981 2.00593 1.88151 205.16183
6531.36206 57.78129 1.99592 1.87055 203.84355
6530.75744 57.17712 1.97828 1.85099 201.58976
6530.39301 56.82573 1.96653 1.83962 200.24731
6529.79326 56.25043 1.94709 1.82100 198.17705
6529.37355 55.84100 1.93347 1.80774 196.87092
6528.84858 55.35217 1.91711 1.79192 195.07265
6528.24978 54.78727 1.89803 1.77363 192.87992
6527.71518 54.24411 1.87972 1.75604 190.97184
6527.19509 53.72443 1.86203 1.73922 189.11458
6526.76764 53.28470 1.84709 1.72499 187.58477
6526.25618 52.80612 1.83077 1.70949 185.78573
6525.61206 52.16229 1.80873 1.68865 183.50919
6525.01081 51.47904 1.78527 1.66653 181.32627
6524.51885 50.90810 1.76558 1.64805 179.52057
6524.16235 50.52002 1.75212 1.63548 178.23663
6523.50578 49.76921 1.72616 1.61118 175.82837
6523.31302 49.55150 1.71847 1.60413 175.11922
6522.57143 48.73994 1.69076 1.57786 172.43044
6522.39179 48.54294 1.68475 1.57148 171.79772
6521.56247 47.62490 1.65478 1.54176 168.82556
6521.57178 47.63838 1.65526 1.54220 168.86391
6520.64885 46.67104 1.62108 1.51088 165.58405
6520.70492 46.72958 1.62313 1.51278 165.77023
6519.73949 45.77135 1.58935 1.48176 162.59833
6519.78214 45.81155 1.59076 1.48306 162.74386
6518.83555 44.92015 1.55921 1.45420 159.48576
6518.75135 44.84184 1.55641 1.45166 159.20064
6517.91683 44.06979 1.52907 1.42667 156.39438
6517.71551 43.91055 1.52338 1.42152 155.76347
6516.86377 43.13581 1.49590 1.39644 152.95380
6516.69388 42.96147 1.48973 1.39079 152.35952
6516.06489 42.45612 1.47172 1.37443 150.41816
6515.49205 41.96339 1.45417 1.35848 148.60837
6515.12652 41.65365 1.44320 1.34845 147.47390
6514.36274 41.05829 1.42189 1.32918 145.21286
6514.04732 40.78820 1.41195 1.32044 144.21881
6513.09944 40.00127 1.38591 1.29496 141.46085
6513.16576 40.05610 1.38761 1.29674 141.64646
6512.15621 39.26086 1.36151 1.27099 138.86839
6512.02278 39.14997 1.35747 1.26740 138.48567
6511.29426 38.61801 1.33821 1.25018 136.56713
6510.64937 38.13951 1.32119 1.23469 134.80797
6510.28704 37.86124 1.31127 1.22568 133.80396
6509.35603 37.18476 1.28700 1.20378 131.33938
6509.59347 37.34460 1.29272 1.20896 131.93465
6508.49691 36.65561 1.26793 1.18665 129.32940
6507.94197 36.25260 1.25352 1.17361 127.89111
6507.40552 35.90542 1.24100 1.16237 126.62240
6506.34419 35.14106 1.21363 1.13762 123.94628
6505.72386 34.59275 1.19412 1.11987 122.12283
6504.80415 33.67856 1.16165 1.09028 119.14546
6504.94071 33.80634 1.16618 1.09441 119.56493
6503.96016 32.94211 1.13538 1.06644 116.69175
6504.11525 33.07209 1.14004 1.07064 117.12825
6503.20381 32.36651 1.11477 1.04780 114.74188
6503.25933 32.37847 1.11524 1.04819 114.79931
6502.96264 32.23465 1.11004 1.04353 114.27308
6501.95527 31.72231 1.09121 1.02695 112.44101
6501.66977 31.56595 1.08548 1.02188 111.88549
6501.20996 31.33433 1.07703 1.01439 111.06095
6500.21883 30.92416 1.06334 1.00111 109.68537
6499.48683 30.55966 1.05168 0.98931 108.56895
6498.73461 30.16457 1.03833 0.97652 107.30967
6497.59156 29.46134 1.01265 0.95375 104.96456
6496.97171 29.02632 0.99712 0.93967 103.56278
6496.10856 28.32565 0.97216 0.91699 101.29670
6495.98895 28.21507 0.96822 0.91341 100.94027
6495.90094 28.15900 0.96621 0.91159 100.75858
6495.07446 27.76194 0.95173 0.89874 99.47337
6494.52575 27.49323 0.94196 0.89004 98.60546
6493.66168 26.99680 0.92412 0.87397 97.00951
6492.60173 26.33629 0.90035 0.85258 94.89671
6493.06990 26.59422 0.90968 0.86093 95.71780
6491.90980 26.03046 0.88916 0.84268 93.92932
6490.83286 25.41046 0.86680 0.82261 91.96810
6490.82853 25.40514 0.86662 0.82244 91.95074
6489.86554 24.87713 0.84753 0.80535 90.28494
6489.12456 24.48278 0.83324 0.79258 89.04477
6488.88639 24.34812 0.82837 0.78822 88.62055
6487.91878 23.83737 0.80999 0.77169 87.04012
6487.38158 23.55592 0.79977 0.76258 86.15941
6487.00013 23.38159 0.79334 0.75693 85.62260
6485.89040 22.80516 0.77226 0.73827 83.80618
6485.34858 22.50198 0.76230 0.72846 82.95085
6485.17592 22.42080 0.75982 0.72583 82.74038
6484.20310 21.99060 0.74610 0.71190 81.59447
6483.41598 21.63439 0.73382 0.70037 80.58199
6483.49507 21.66228 0.73477 0.70127 80.65480
6482.41776 21.27223 0.72013 0.68865 79.50809
6481.30561 20.80342 0.70287 0.67347 78.09032
6481.07381 20.70864 0.69944 0.67040 77.81074
6480.31935 20.40875 0.68852 0.66069 76.93769
6479.23980 19.94478 0.67159 0.64567 75.53734
6478.68097 19.69252 0.66242 0.63751 74.76145
6478.60304 19.67893 0.66189 0.63707 74.73327
6477.36623 19.23783 0.64566 0.62279 73.46528
6476.14117 18.68446 0.62566 0.60487 71.71660
6475.60686 18.41323 0.61589 0.59609 70.85044
6474.83695 17.96680 0.59988 0.58164 69.37835
6473.92357 17.49072 0.58271 0.56623 67.83124
6473.93061 17.49455 0.58285 0.56635 67.84384
6472.99451 17.00928 0.56535 0.55064 66.24762
6472.05298 16.55199 0.54882 0.53584 64.74374
6472.57812 16.77029 0.55678 0.54290 65.43619
6471.51257 16.39799 0.54307 0.53085 64.30803
6470.47504 15.99825 0.52843 0.51791 63.04912
6469.96233 15.80803 0.52145 0.51175 62.44282
6470.38498 15.92553 0.52585 0.51556 62.78707
6469.43215 15.76507 0.51955 0.51036 62.43660
6468.45983 15.61245 0.51354 0.50542 62.12196
6467.48578 15.45979 0.50757 0.50048 61.79914
6466.51799 15.31847 0.50206 0.49590 61.49477
6465.49523 15.17199 0.49632 0.49116 61.21381
6464.42636 15.00594 0.48993 0.48579 60.86223
6463.88310 14.89112 0.48567 0.48207 60.54990
6462.88401 14.63483 0.47635 0.47377 59.79015
6461.68130 14.27187 0.46321 0.46202 58.61651
6460.47126 13.84745 0.44764 0.44828 57.12013
6459.66388 13.48264 0.43510 0.43647 55.83583
6458.70256 12.96586 0.41921 0.41974 54.12347
6457.58994 12.27347 0.39621 0.39733 51.57088
6457.24999 12.04157 0.38785 0.38982 50.62054
6456.23794 11.28977 0.36143 0.36548 47.60099
6455.71226 10.88597 0.34727 0.35241 45.96547
6454.83824 10.13254 0.32082 0.32802 42.87496
6454.03659 9.30990 0.29199 0.30139 39.46055
6453.34236 8.45581 0.26211 0.27374 35.86645
6453.11621 8.17812 0.25236 0.26475 34.70049
0.00000 0.00000 0.00000 0.00000 0.00000
