6699.41235 243.01306 8.01841 7.86706 797.18307
6698.67892 242.07477 7.98800 7.83669 795.96414
6698.39897 241.71636 7.97604 7.82508 795.50205
6697.86880 241.02928 7.95332 7.80284 794.74504
6697.41632 240.43118 7.93357 7.78348 794.79954
6697.15884 240.12393 7.92340 7.77353 794.63994
6696.43595 239.21457 7.89323 7.74409 793.67085
6696.27694 239.01282 7.88652 7.73756 793.37999
6695.50979 238.00031 7.85284 7.70478 792.50073
6695.33014 237.76373 7.84498 7.69713 792.27799
6694.70667 236.91506 7.81690 7.66965 791.75327
6694.36575 236.43575 7.80104 7.65413 791.58417
6694.14341 236.16619 7.79205 7.64541 791.15484
6693.52427 235.43057 7.76752 7.62159 789.81534
6693.27999 235.14056 7.75782 7.61221 789.29813
6692.47357 234.15222 7.72590 7.58021 787.58513
6692.38126 234.03684 7.72250 7.57647 787.32651
6691.59249 233.02418 7.69072 7.54369 785.74230
6691.41787 232.79566 7.68295 7.53629 785.57004
6690.84228 232.07051 7.65894 7.51282 784.64735
6690.44387 231.57386 7.64238 7.49674 783.98896
6690.02911 231.05465 7.62507 7.47993 783.30805
6689.42610 230.28927 7.59957 7.45515 782.43387
6689.18706 229.98988 7.58958 7.44546 781.99400
6688.40486 228.95942 7.55545 7.41210 781.39319
6688.25986 228.76058 7.54888 7.40567 781.50888
6687.65289 227.89634 7.52033 7.37769 782.08900
6687.46781 227.67284 7.51286 7.37045 781.74077
6686.96462 227.06035 7.49246 7.35062 780.69227
6686.44310 226.39475 7.47017 7.32908 780.04554
6686.16563 226.06308 7.45909 7.31834 779.49030
6685.42926 225.13443 7.43141 7.28828 777.52906
6685.35371 225.04092 7.42851 7.28525 777.34554
6684.55498 224.03743 7.39489 7.25276 776.18358
6684.56164 224.04107 7.39502 7.25288 776.23112
6683.82612 223.20031 7.36699 7.22566 774.42373
6683.46265 222.77488 7.35274 7.21189 773.62727
6682.88161 222.04205 7.32836 7.18817 772.76362
6682.47587 221.54530 7.31178 7.17209 772.05665
6682.05490 221.03315 7.29468 7.15551 771.27980
6681.42211 220.22967 7.26791 7.12950 770.40492
6681.08606 219.79825 7.25354 7.11553 770.00265
6680.38222 218.77660 7.21962 7.08245 769.94906
6680.47239 218.90315 7.22383 7.08655 769.97022
6679.80192 218.08799 7.19667 7.06016 769.26328
6679.47861 217.70545 7.18404 7.04778 769.10910
6678.91468 217.00748 7.16039 7.02518 768.61530
6678.42460 216.38381 7.14102 7.00499 767.48478
6678.10115 215.98231 7.12937 6.99200 766.52323
6677.41025 215.09703 7.10016 6.96334 765.62074
6677.34180 215.01615 7.09745 6.96072 765.48254
6676.53458 214.00855 7.06393 6.92810 764.27321
6676.64956 214.13734 7.06824 6.93227 764.56369
6675.85722 213.28240 7.03943 6.90459 762.28338
6675.48198 212.87080 7.02565 6.89127 761.25963
6674.74866 211.94964 6.99491 6.86145 760.22969
6674.38871 211.47493 6.97911 6.84608 759.92146
6673.96269 210.93662 6.96117 6.82865 759.35573
6673.39460 210.19734 6.93649 6.80472 758.79456
6673.27263 210.04762 6.93151 6.79987 758.60214
6672.49336 209.11035 6.90024 6.76953 757.20084
6672.38376 208.97694 6.89576 6.76521 757.01981
6671.59566 207.98724 6.86342 6.73317 755.77408
6671.47426 207.84577 6.85937 6.72859 755.48039
6670.78246 206.99766 6.83307 6.70114 754.87686
6670.48540 206.62546 6.82048 6.68909 754.65235
6670.01049 206.06512 6.80170 6.67095 753.60316
6669.50627 205.46254 6.78158 6.65144 752.67650
6669.14483 205.03324 6.76719 6.63754 752.01442
6668.48392 204.23018 6.74033 6.61154 750.92986
6668.30523 204.01854 6.73326 6.60469 750.59481
6667.47325 203.00499 6.69927 6.57188 749.27345
6667.53849 203.08274 6.70188 6.57440 749.39125
6666.67248 202.07191 6.66803 6.54167 747.64846
6666.38016 201.71511 6.65607 6.53012 747.20030
6665.78990 200.93924 6.63016 6.50501 746.78936
6665.51771 200.62949 6.61978 6.49498 746.17829
6664.96903 199.97089 6.59779 6.47366 745.23464
6664.46081 199.32885 6.57597 6.45287 744.76806
6664.20290 199.03162 6.56623 6.44325 744.15291
6663.49343 198.17777 6.54093 6.41561 742.07751
6663.36036 198.02116 6.53588 6.41054 741.77355
6662.51908 197.01383 6.50181 6.37793 740.33941
6662.48869 196.97811 6.50062 6.37677 740.29424
6661.68868 196.01517 6.46862 6.34560 740.20843
6661.50499 195.80452 6.46158 6.33878 740.01114
6660.83097 194.99452 6.43439 6.31256 738.85111
6660.54389 194.64668 6.42273 6.30130 738.41124
6659.97326 193.99910 6.40094 6.28033 737.19284
6659.39384 193.26600 6.37643 6.25660 736.62740
6659.16053 192.96229 6.36631 6.24677 736.47685
6658.53767 192.22263 6.34145 6.22282 735.45187
6658.48140 192.16897 6.33963 6.22109 735.23579
6657.63034 191.23887 6.30837 6.19098 733.08012
6657.39859 190.96951 6.29908 6.18226 732.71137
6656.57155 189.96746 6.26787 6.14982 730.81007
6656.56985 189.96579 6.26782 6.14976 730.80192
6655.78655 189.07467 6.23888 6.12091 728.85047
6655.53864 188.79194 6.22929 6.11176 728.38074
6654.87952 188.02034 6.20345 6.08678 727.24079
6654.51316 187.59324 6.18902 6.07296 726.54033
6654.02347 187.00930 6.16942 6.05405 725.74915
6653.56278 186.47782 6.15166 6.03685 725.45029
6653.16343 186.02495 6.13650 6.02219 725.36587
6652.53448 185.28436 6.11162 5.99821 724.45294
6652.19210 184.88954 6.09830 5.98543 723.73544
6651.38908 183.86267 6.06393 5.95219 723.30464
6651.52166 184.02316 6.06932 5.95738 723.46745
6650.65001 183.01702 6.03552 5.92481 721.88560
6650.67410 183.03588 6.03617 5.92542 722.01529
6649.86503 182.18254 6.00702 5.89780 719.89368
6649.65698 181.96137 5.99995 5.89064 719.20994
6648.90240 181.14282 5.97559 5.86414 716.32932
6648.55859 180.77497 5.96327 5.85223 715.39749
6647.88458 179.97938 5.93617 5.82647 714.49687
6647.54238 179.58278 5.92291 5.81363 713.89408
6647.02766 178.98781 5.90288 5.79437 713.04093
6646.57868 178.45865 5.88510 5.77724 712.37829
6646.24428 178.10120 5.87305 5.76567 711.52638
6645.59235 177.37991 5.84866 5.74232 710.13997
6645.28270 177.02289 5.83663 5.73076 709.57370
6644.57629 176.22293 5.80973 5.70487 708.44408
6644.21783 175.80406 5.79570 5.69130 708.54577
6643.42572 174.76863 5.76107 5.65778 709.14615
6643.58145 174.95995 5.76750 5.66398 709.32005
6642.76017 174.03506 5.73635 5.63404 707.61582
6642.59268 173.84876 5.73007 5.62801 707.29133
6641.89241 173.06252 5.70314 5.60255 706.12503
6641.67665 172.83575 5.69574 5.59521 705.46336
6640.97354 172.08409 5.67336 5.57088 702.73041
6640.66046 171.72901 5.66186 5.55938 702.01245
6640.10645 171.15107 5.64194 5.54067 700.63439
6639.63701 170.65598 5.62528 5.52465 699.40948
6639.12245 170.07978 5.60583 5.50599 698.45618
6638.66281 169.59689 5.58942 5.49036 697.27777
6638.16673 169.05354 5.57107 5.47277 696.23252
6637.63686 168.46870 5.55135 5.45384 695.17376
6637.16968 167.96440 5.53428 5.43751 694.17002
6636.48505 167.14380 5.50658 5.41095 693.36675
6636.35544 166.98967 5.50139 5.40596 693.25404
6635.59294 166.13493 5.47260 5.37829 693.17202
6635.53411 166.07064 5.47044 5.37620 693.15699
6634.64768 165.11263 5.43821 5.34519 691.38826
6634.51515 164.96564 5.43316 5.34043 691.15474
6633.63973 163.96323 5.40070 5.30798 689.45468
6633.61664 163.93823 5.39994 5.30717 689.37642
6632.79983 163.03921 5.37141 5.27807 687.16685
6632.89238 163.12516 5.37438 5.28085 687.50504
6632.03878 162.34233 5.34742 5.25551 684.23723
6631.62681 161.93666 5.33365 5.24238 682.92252
6630.79007 161.00387 5.30206 5.21218 681.52517
6630.64969 160.85169 5.29694 5.20725 681.24135
6629.91304 160.05814 5.27006 5.18156 679.70740
6629.68808 159.81759 5.26190 5.17377 679.22268
6628.97578 159.06972 5.23645 5.14956 677.53326
6628.57962 158.63367 5.22169 5.13545 676.83264
6627.99149 157.96543 5.19907 5.11381 676.09231
6627.58701 157.51651 5.18389 5.09928 675.35648
6627.11453 156.98384 5.16585 5.08204 674.65665
6626.65718 156.48160 5.14889 5.06578 674.53664
6626.29329 156.10274 5.13614 5.05351 674.40129
6625.70550 155.49343 5.11510 5.03379 673.32116
6625.30668 155.07361 5.10120 5.02020 672.18386
6624.68039 154.41330 5.08153 4.99882 669.79908
6624.32413 154.03385 5.06933 4.98654 668.81034
6623.70808 153.36776 5.04634 4.96497 667.82223
6623.60384 153.27479 5.04312 4.96196 667.40222
6622.85799 152.58186 5.01950 4.93953 664.63165
6622.44018 152.16124 5.00513 4.92592 663.50594
6621.76220 151.49145 4.98232 4.90423 661.52265
6621.32592 151.03487 4.96676 4.88945 660.55329
6620.66574 150.32481 4.94263 4.86647 659.35614
6620.24976 149.88185 4.92754 4.85213 658.52876
6619.48173 148.96134 4.89636 4.82233 658.35714
6619.64397 149.13309 4.90221 4.82789 658.67676
6618.79476 148.29595 4.87357 4.80078 656.09090
6618.55808 148.05627 4.86541 4.79303 655.55466
6617.68955 147.14187 4.83434 4.76342 655.42411
6617.65695 147.10877 4.83319 4.76235 655.38258
6616.75128 146.19132 4.80364 4.73265 652.33963
6616.68759 146.12637 4.80172 4.73055 652.06692
6615.77190 145.21022 4.77176 4.70089 649.13594
6615.71467 145.15199 4.76971 4.69901 649.01949
6614.82022 144.27287 4.73964 4.67055 646.48581
6614.81391 144.27142 4.73958 4.67050 646.40694
6613.88243 143.41571 4.71013 4.64280 643.01289
6613.50949 143.03490 4.69715 4.63047 642.14512
6612.70825 142.19652 4.66847 4.60333 640.55724
6612.66840 142.15883 4.66717 4.60211 640.42644
6611.81546 141.33020 4.63873 4.57528 637.92122
6611.42492 140.93233 4.62510 4.56240 637.02517
6610.56982 139.97026 4.59228 4.53126 636.29644
6610.65704 140.06058 4.59537 4.53418 636.46241
6609.74332 139.13071 4.56347 4.50408 634.28633
6609.73502 139.12321 4.56322 4.50384 634.25313
6608.79107 138.19145 4.53147 4.47367 632.89474
6608.73883 138.13832 4.52963 4.47195 632.91301
6607.81168 137.23539 4.49910 4.44272 630.48275
6607.62989 137.05321 4.49355 4.43682 629.70017
6606.73467 136.13642 4.46433 4.40714 626.91647
6606.74622 136.14913 4.46478 4.40756 626.92336
6605.85775 135.29208 4.43496 4.37981 624.42601
6605.98820 135.40987 4.43900 4.38362 624.92691
6605.03723 134.63238 4.41201 4.35845 620.19938
6604.43821 134.05228 4.39200 4.33967 618.49483
6603.76518 133.36390 4.36834 4.31739 617.09463
6603.47763 133.09018 4.35888 4.30853 616.20915
6602.74979 132.35684 4.33354 4.28479 614.55274
6602.48249 132.08496 4.32418 4.27599 613.98452
6601.77099 131.38595 4.30007 4.25336 612.17490
6601.48899 131.09350 4.28997 4.24389 611.63011
6600.83759 130.46615 4.26822 4.22358 609.71738
6600.44609 130.09132 4.25538 4.21145 609.30596
6599.77916 129.42519 4.23225 4.18988 608.94616
6599.48445 129.13562 4.22214 4.18051 608.19356
6598.86370 128.55029 4.20344 4.16156 605.36930
6598.45466 128.16077 4.19156 4.14895 603.42910
6597.94669 127.68642 4.17549 4.13359 601.56681
6597.47130 127.27191 4.16072 4.12017 599.67741
6596.96756 126.82719 4.14522 4.10578 597.63085
6596.28681 126.21298 4.12383 4.08589 595.04518
6595.90869 125.86615 4.11174 4.07466 593.71978
6595.16646 125.17930 4.08780 4.05243 591.17437
6594.90653 124.94053 4.07944 4.04470 590.27168
6594.07283 124.16911 4.05244 4.01973 587.41276
6593.83527 123.94652 4.04466 4.01252 586.63883
6592.92775 123.07014 4.01395 3.98415 584.09826
6592.74155 122.87479 4.00716 3.97783 583.84349
6591.91755 122.04830 3.97823 3.95107 581.79738
6591.96440 122.09754 3.97996 3.95266 581.87364
6590.97968 121.21796 3.94910 3.92419 579.63913
6590.91881 121.16273 3.94717 3.92240 579.53553
6589.91786 120.24531 3.91467 3.89270 576.18275
6589.84052 120.17421 3.91209 3.89040 575.93924
6588.93599 119.34686 3.88457 3.86362 571.85472
6588.86245 119.28358 3.88261 3.86157 571.37533
6588.02160 118.56891 3.85896 3.83843 566.50738
6587.65170 118.23463 3.84678 3.82761 565.19648
6587.01072 117.68164 3.82700 3.80971 562.32197
6586.46059 117.19631 3.80968 3.79400 559.93271
6585.94312 116.72548 3.79285 3.77875 557.96753
6585.34654 116.19004 3.77371 3.76142 555.55624
6584.92256 115.80948 3.76001 3.74910 553.80928
6584.17505 115.12014 3.73522 3.72678 551.10906
6583.79671 114.75742 3.72215 3.71504 549.88133
6583.07552 114.04615 3.69643 3.69202 547.97872
6582.99125 113.96618 3.69356 3.68943 547.85327
6582.13400 113.22632 3.66687 3.66548 545.70007
6581.98801 113.09229 3.66196 3.66114 545.17589
6580.99815 112.22605 3.63028 3.63309 540.33556
6581.01389 112.23909 3.63076 3.63352 540.41939
6580.03193 111.39338 3.59923 3.60614 535.76002
6580.01278 111.37254 3.59847 3.60546 535.73633
6579.18393 110.72969 3.57678 3.58465 529.27356
6578.60210 110.24969 3.56063 3.56911 525.08773
6578.00824 109.73181 3.54110 3.55235 522.26170
6577.42285 109.22375 3.52203 3.53590 519.34698
6577.07359 108.92421 3.51087 3.52620 517.44890
6576.29195 108.27404 3.48636 3.50516 512.93039
6575.98310 108.01183 3.47644 3.49667 511.21744
6575.02873 107.16272 3.44448 3.46918 506.57976
6575.06831 107.19350 3.44565 3.47018 506.85158
6574.07497 106.36209 3.41414 3.44326 500.69355
6573.77374 106.10000 3.40418 3.43478 499.50234
6572.86130 105.24866 3.37182 3.40721 497.42494
6572.76946 105.15271 3.36821 3.40411 497.18621
6572.01942 104.49861 3.34330 3.38293 492.80142
6571.76058 104.28029 3.33493 3.37587 491.19349
6571.16189 103.79476 3.31659 3.36015 487.09201
6570.56853 103.32628 3.29893 3.34498 482.72547
6570.14170 102.98256 3.28597 3.33385 479.64447
6569.27562 102.28032 3.25934 3.31112 473.66266
6569.14476 102.16710 3.25514 3.30746 472.82595
6568.14614 101.36832 3.22935 3.28160 463.72849
6568.11323 101.33445 3.22824 3.28050 463.54243
6567.14931 100.58360 3.20217 3.25619 455.51617
6566.66737 100.16530 3.18711 3.24265 452.34757
6566.05064 99.62743 3.16818 3.22524 448.12872
6565.61450 99.27194 3.15620 3.21373 444.58383
6565.08309 98.83900 3.14130 3.19971 441.36436
6564.37094 98.23592 3.12065 3.18019 437.52356
6564.26294 98.14944 3.11780 3.17739 436.62353
6563.27854 97.41420 3.09342 3.15359 427.24130
6563.03841 97.22002 3.08744 3.14730 425.27290
6562.08614 96.42328 3.05837 3.12151 417.50223
6561.96279 96.32295 3.05413 3.11826 416.45144
6561.13724 95.68285 3.02398 3.09754 408.81583
6560.61535 95.23327 3.00069 3.08299 404.67411
6560.15018 94.86598 2.98200 3.07110 400.32400
6559.37457 94.23668 2.94971 3.05072 393.43903
6559.22461 94.10131 2.94204 3.04634 392.38909
6558.27337 93.38863 2.90404 3.02327 382.84637
6557.91345 93.09112 2.88994 3.01364 379.16310
6556.92632 92.20322 2.84525 2.98489 370.78374
6556.91423 92.18388 2.84419 2.98427 370.78639
6556.00815 91.42881 2.80671 2.95982 363.43065
6555.57521 91.02117 2.78559 2.94663 361.18888
6554.85336 90.35684 2.74996 2.92512 356.14420
6554.37581 89.88947 2.73103 2.90999 352.64314
6553.72404 89.22737 2.70043 2.88856 348.40811
6553.44580 88.94775 2.68896 2.87951 346.55933
6552.80600 88.34009 2.67353 2.85983 342.01226
6551.96647 87.45925 2.63875 2.83132 336.90042
6551.20612 86.38351 2.60651 2.79649 334.92210
6551.24994 86.45413 2.61047 2.79878 334.95243
6550.46254 85.45643 2.57500 2.76648 331.90564
6550.94036 85.95205 2.58054 2.78253 334.82593
6549.99579 85.13195 2.57127 2.75598 327.87239
6550.13051 85.24304 2.57368 2.75957 328.86667
6549.14308 84.45503 2.56009 2.73406 321.61966
6549.10445 84.40719 2.56024 2.73251 321.45996
6548.46999 83.98434 2.58280 2.71882 316.02806
6547.68584 83.44692 2.61309 2.70143 309.73524
6547.62351 83.39483 2.60848 2.69974 309.41033
6546.62070 82.78652 2.57570 2.68005 303.19989
6546.05081 82.39954 2.62015 2.66752 299.29769
6545.38194 81.91532 2.56036 2.65184 295.25236
6544.61693 81.38265 2.59795 2.63460 290.65537
6544.15397 81.02517 2.63159 2.62303 288.16956
6543.14643 80.21679 2.55995 2.59686 283.05553
6542.89304 79.99890 2.53050 2.58980 281.84460
6541.89360 79.08214 2.45629 2.56013 277.45525
6541.82645 79.02083 2.45643 2.55814 277.16541
6540.92571 78.20621 2.46456 2.53177 273.37415
6540.69259 77.99929 2.46332 2.52507 272.41519
6539.88272 77.25249 2.45988 2.50089 269.29140
6539.54119 76.93739 2.45832 2.49069 268.02650
6538.85015 76.27603 2.45201 2.46928 265.58545
6538.49133 75.95250 2.44880 2.45881 264.29926
6537.86978 75.35880 2.44263 2.43959 262.46821
6537.44330 74.98004 2.43882 2.42733 260.86470
6536.83020 74.40349 2.43122 2.40866 258.61087
6536.31535 73.91158 2.42375 2.39274 256.82942
6535.84243 73.46156 2.41653 2.37817 255.16479
6535.25328 72.91183 2.40741 2.36037 252.99954
6534.90403 72.56753 2.40122 2.34923 251.78286
6534.29362 72.03925 2.39174 2.33213 249.44174
6533.82358 71.61334 2.38369 2.31834 247.68621
6533.02906 70.84112 2.36780 2.29334 244.86556
6532.63703 70.44064 2.35913 2.28037 243.52419
6531.93262 69.68702 2.34202 2.25598 241.18970
6531.63339 69.36494 2.33440 2.24555 240.17442
6531.01637 68.71745 2.31881 2.22459 238.10200
6530.65689 68.33801 2.30942 2.21231 236.85665
6530.07786 67.73798 2.29435 2.19288 234.80211
6529.64483 67.28807 2.28246 2.17832 233.57715
6529.08721 66.69722 2.26641 2.15919 232.01439
6528.61498 66.19791 2.25450 2.14302 230.23523
6528.08326 65.62351 2.24035 2.12443 228.26072
6527.54844 65.02581 2.22302 2.10508 226.44856
6527.13527 64.56961 2.20983 2.09031 225.03628
6526.55531 63.90391 2.19022 2.06876 223.05758
6526.37611 63.72566 2.18493 2.06299 222.40525
6525.62434 62.94400 2.16131 2.03769 219.71157
6525.23916 62.51177 2.14802 2.02369 218.36704
6524.47061 61.61315 2.12002 1.99460 215.68699
6524.23822 61.33939 2.11137 1.98574 214.87807
6523.46106 60.34034 2.07940 1.95340 212.20183
6523.51314 60.41123 2.08169 1.95569 212.38015
6522.75990 59.55577 2.05404 1.92800 209.67228
6522.57675 59.35678 2.04759 1.92156 209.00142
6521.91566 58.63511 2.02369 1.89819 206.61019
6521.75260 58.46382 2.01788 1.89265 206.01816
6521.06774 57.80581 1.99761 1.87135 203.43695
6520.75399 57.49012 1.98854 1.86113 202.30894
6520.06503 56.81822 1.96716 1.83938 200.13468
6519.76354 56.53369 1.95745 1.83016 199.09619
6519.00616 55.78157 1.93228 1.80582 196.33039
6518.81236 55.59687 1.92606 1.79984 195.63977
6517.96945 54.79442 1.89891 1.77386 192.62535
6517.80644 54.61678 1.89287 1.76811 192.04213
6517.00173 53.86949 1.86752 1.74392 189.18364
6516.69318 53.57452 1.85744 1.73437 188.09384
6515.82078 52.67411 1.82666 1.70522 185.00525
6515.49721 52.32526 1.81466 1.69393 183.84382
6514.74329 51.45124 1.78458 1.66563 181.09411
6514.48984 51.14794 1.77409 1.65581 180.16255
6513.90910 50.49440 1.75146 1.63466 178.04763
6513.49568 50.01497 1.73492 1.61913 176.52276
6513.08672 49.55323 1.71875 1.60419 175.02337
6512.57390 49.00072 1.69928 1.58630 173.13050
6512.15258 48.53490 1.68468 1.57122 171.69184
6511.57867 47.89587 1.66460 1.55053 169.82524
6511.30644 47.61542 1.65456 1.54145 168.87867
6510.63895 46.90034 1.62918 1.51830 166.43118
6510.45572 46.72126 1.62293 1.51251 165.79025
6509.72276 45.98941 1.59707 1.48882 163.21695
6509.53103 45.79547 1.59021 1.48254 162.53699
6508.90986 45.21399 1.56966 1.46371 160.41831
6508.64018 44.99226 1.56176 1.45653 159.55088
6507.98637 44.43737 1.54199 1.43857 157.43872
6507.28127 43.81278 1.51977 1.41835 155.12657
6506.71045 43.24141 1.49953 1.39985 153.15611
6506.30814 42.83271 1.48512 1.38662 151.76200
6506.00368 42.58790 1.47643 1.37870 150.82659
6505.25349 41.93499 1.45310 1.35756 148.44062
6505.13654 41.82968 1.44936 1.35415 148.06442
6504.19247 41.09402 1.42312 1.33034 145.26593
6504.02746 40.95844 1.41817 1.32595 144.76031
6503.03537 40.12144 1.38960 1.29885 141.80082
6502.96647 40.06395 1.38781 1.29699 141.61764
6502.13265 39.40588 1.36678 1.27569 139.44727
6501.76364 39.10265 1.35581 1.26587 138.34101
6501.27592 38.74325 1.34272 1.25424 136.97983
6500.45870 38.13711 1.32108 1.23461 134.75853
6500.45262 38.11559 1.32034 1.23392 134.70225
6499.48891 37.48957 1.29783 1.21365 132.31497
6499.12163 37.23162 1.28858 1.20530 131.36964
6498.32751 36.67664 1.26866 1.18733 129.35513
6497.68503 36.19690 1.25150 1.17180 127.66209
6497.39343 36.00609 1.24465 1.16563 126.96524
6496.34647 35.26527 1.21810 1.14164 124.34695
6495.62664 34.66093 1.19653 1.12208 122.31725
6494.68478 33.69798 1.16235 1.09090 119.18594
6494.86370 33.86871 1.16843 1.09643 119.74527
6493.97244 33.08258 1.14042 1.07098 117.16517
6493.93076 33.05214 1.13933 1.07000 117.06244
6493.20117 32.48330 1.11907 1.05158 115.14470
6492.99144 32.31070 1.11292 1.04599 114.56435
6493.00949 32.34042 1.11397 1.04696 114.65654
6492.04219 31.87027 1.09668 1.03174 112.92375
6491.52021 31.60879 1.08687 1.02327 111.96700
6491.12829 31.42486 1.08010 1.01732 111.30740
6490.06432 30.92796 1.06330 1.00123 109.64508
6489.32180 30.54731 1.05133 0.98891 108.49472
6488.75334 30.24476 1.04112 0.97911 107.52877
6487.63556 29.58103 1.01687 0.95763 105.31335
6486.90620 29.08739 0.99923 0.94165 103.70988
6486.09597 28.44076 0.97620 0.92071 101.62434
6485.72392 28.12542 0.96495 0.91050 100.60110
6485.86927 28.21935 0.96833 0.91354 100.90850
6485.04687 27.81118 0.95353 0.90033 99.57093
6484.46958 27.53787 0.94361 0.89148 98.68942
6483.70794 27.11203 0.92820 0.87770 97.31841
6482.67675 26.49173 0.90585 0.85762 95.32918
6482.89525 26.60151 0.90984 0.86117 95.67720
6481.85774 26.11597 0.89213 0.84545 94.13761
6480.62808 25.37075 0.86530 0.82133 91.76912
6480.80173 25.47005 0.86888 0.82454 92.08115
6479.86881 24.95989 0.85045 0.80803 90.47125
6478.98389 24.49041 0.83342 0.79283 88.99484
6478.87402 24.42662 0.83111 0.79076 88.79356
6477.88644 23.90071 0.81215 0.77374 87.15597
6477.17830 23.52140 0.79843 0.76146 85.96679
6477.02818 23.45666 0.79604 0.75936 85.76669
6475.91066 22.89534 0.77546 0.74119 83.97580
6475.15859 22.47442 0.76143 0.72756 82.75960
6475.29775 22.53803 0.76342 0.72962 82.92211
6474.27706 22.12839 0.75041 0.71636 81.89763
6473.17886 21.63341 0.73353 0.70034 80.49946
6473.36373 21.71190 0.73634 0.70288 80.72837
6472.34463 21.30373 0.72122 0.68967 79.51035
6471.32680 20.87904 0.70554 0.67592 78.22420
6470.92037 20.71457 0.69953 0.67059 77.73848
6470.31312 20.47666 0.69086 0.66289 77.03624
6469.23999 20.01457 0.67402 0.64793 75.64539
6468.45839 19.66962 0.66146 0.63676 74.59418
6468.61020 19.73662 0.66390 0.63893 74.79912
6467.40897 19.31646 0.64845 0.62533 73.57569
6466.20097 18.79118 0.62940 0.60833 71.94594
6465.57534 18.49596 0.61871 0.59877 71.01333
6464.86651 18.10785 0.60476 0.58621 69.75734
6463.89918 17.59549 0.58630 0.56962 68.08022
6463.62209 17.45086 0.58109 0.56494 67.61076
6462.92683 17.06830 0.56733 0.55255 66.33739
6462.04194 16.62855 0.55145 0.53832 64.89266
6462.31467 16.74338 0.55564 0.54203 65.25858
6461.52461 16.46571 0.54541 0.53304 64.41186
6460.46204 16.07003 0.53090 0.52024 63.18145
6459.60511 15.73980 0.51881 0.50954 62.12795
6460.42467 15.96082 0.52710 0.51670 62.75971
6459.44869 15.80527 0.52094 0.51166 62.43760
6458.48345 15.65359 0.51503 0.50675 62.09285
6457.49654 15.51075 0.50936 0.50213 61.82190
6456.48066 15.35695 0.50332 0.49715 61.50673
6455.46505 15.20340 0.49732 0.49218 61.19629
6454.39330 15.03411 0.49081 0.48670 60.82625
6453.80893 14.91514 0.48637 0.48285 60.51530
6452.89972 14.69518 0.47830 0.47573 59.87986
6451.67251 14.32586 0.46495 0.46377 58.69811
6450.44032 13.89045 0.44905 0.44968 57.18994
6449.59727 13.51384 0.43586 0.43748 55.82251
6448.73261 13.05640 0.42172 0.42267 54.31386
6447.63043 12.39134 0.39999 0.40114 51.95400
6447.34288 12.21051 0.39364 0.39529 51.24698
6446.29027 11.50743 0.36863 0.37253 48.43506
6445.37569 10.75912 0.34242 0.34831 45.40679
6444.71832 10.13083 0.32040 0.32797 42.82385
6443.98955 9.39373 0.29455 0.30410 39.76831
6443.34994 8.62982 0.26781 0.27937 36.56729
6442.96364 8.14823 0.25093 0.26378 34.54998
0.00000 0.00000 0.00000 0.00000 0.00000
