6671.7109 224.3579
6671.3716 223.9955
6670.7092 223.2725
6670.4836 222.9911
6669.7228 221.9866
6669.7075 221.9682
6668.9344 220.9821
6668.7058 220.6846
6668.1167 219.9777
6667.7042 219.4828
6667.3013 218.9732
6666.7025 218.2132
6666.5012 217.9688
6665.7057 216.9643
6665.7008 216.9576
6664.9816 215.9598
6664.6992 215.6109
6664.1686 214.9554
6663.6975 214.4084
6663.3238 213.9509
6662.6958 213.1311
6662.5273 212.9464
6661.6942 211.9987
6661.6457 211.9420
6660.8037 210.9375
6660.6925 210.8076
6659.9945 209.9330
6659.6908 209.5633
6659.1781 208.9286
6658.6891 208.2748
6658.4032 207.9241
6657.6875 207.0105
6657.6162 206.9196
6656.8077 205.9152
6656.6858 205.7717
6655.9758 204.9107
6655.6841 204.5621
6655.1521 203.9062
6654.6825 203.3218
6654.3159 202.9018
6653.6808 202.1665
6653.4389 201.8973
6652.6791 201.0110
6652.5821 200.8929
6651.7730 199.8884
6651.6775 199.7730
6650.9454 198.8839
6650.6758 198.5306
6650.1675 197.8795
6649.6741 197.3265
6649.2936 196.8750
6648.6725 196.1082
6648.4623 195.8705
6647.6708 194.9113
6647.6324 194.8661
6646.7808 193.8616
6646.6691 193.7353
6645.9311 192.8571
6645.6674 192.5460
6645.0986 191.8527
6644.6658 191.3281
6644.1852 190.8482
6643.6641 190.2837
6643.3231 189.8438
6642.6624 189.0257
6642.5014 188.8393
6641.6685 187.8348
6641.6608 187.8260
6640.8100 186.8304
6640.6591 186.6566
6639.9385 185.8259
6639.6574 185.5050
6639.0850 184.8214
6638.6558 184.2993
6638.2368 183.8170
6637.6541 183.1537
6637.3538 182.8125
6636.6524 181.9970
6636.4784 181.8080
6635.6508 180.8188
6635.6377 180.8036
6634.7299 179.7991
6634.6491 179.7064
6633.8414 178.7946
6633.6474 178.5776
6632.9791 177.7902
6632.6457 177.4204
6632.0861 176.7857
6631.6441 176.2870
6631.1853 175.7812
6630.6424 175.1520
6630.3076 174.7768
6629.6407 174.0394
6629.4013 173.7723
6628.6391 172.8899
6628.5294 172.7679
6627.7293 171.7634
6627.6374 171.6596
6626.7978 170.7589
6626.6357 170.5923
6625.8403 169.7545
6625.6341 169.5424
6624.9229 168.7500
6624.6324 168.4115
6624.0204 167.7455
6623.6307 167.3244
6623.1121 166.7411
6622.6290 166.2199
6622.1937 165.7366
6621.6274 165.1045
6621.2850 164.7321
6620.6257 163.9238
6620.4581 163.7277
6619.6240 162.8180
6619.5373 162.7232
6618.6224 161.7244
6618.6166 161.7188
6617.6207 160.7229
6617.6125 160.7143
6616.6643 159.7098
6616.6190 159.6634
6615.7205 158.7054
6615.6174 158.5963
6614.8155 157.7009
6614.6157 157.4816
6613.8795 156.6964
6613.6140 156.4146
6612.9279 155.6920
6612.6124 155.3498
6612.0135 154.6875
6611.6107 154.2356
6611.1187 153.6830
6610.6090 153.1482
6610.1481 152.6786
6609.6073 152.1232
6609.1425 151.6741
6608.6057 151.1590
6608.1396 150.6696
6607.6040 150.1062
6607.1784 149.6652
6606.6023 149.0743
6606.2037 148.6607
6605.6007 148.0388
6605.2382 147.6562
6604.5990 146.9802
6604.2761 146.6518
6603.5973 145.8525
6603.4167 145.6473
6602.5957 144.8369
6602.4062 144.6429
6601.5940 143.7930
6601.4392 143.6384
6600.5923 142.7982
6600.4196 142.6339
6599.5907 141.8754
6599.3468 141.6295
6598.5890 140.8586
6598.3569 140.6250
6597.5873 139.8260
6597.3878 139.6205
6596.5856 138.8076
6596.3956 138.6161
6595.5840 137.8261
6595.3659 137.6116
6594.5823 136.7220
6594.4772 136.6071
6593.5806 135.7408
6593.4395 135.6027
6592.5790 134.7808
6592.3953 134.5982
6591.5773 133.8036
6591.3442 133.5938
6590.5756 132.8941
6590.2726 132.5893
6589.5740 131.8863
6589.2678 131.5848
6588.5723 130.9247
6588.2126 130.5804
6587.5706 129.9432
6587.1970 129.5759
6586.5689 128.9477
6586.1895 128.5714
6585.5673 127.9644
6585.1787 127.5670
6584.5656 126.9688
6584.1363 126.5625
6583.5639 126.0111
6583.0444 125.5580
6582.5623 125.1482
6581.9043 124.5536
6581.5606 124.2423
6580.8339 123.5491
6580.5589 123.2831
6579.7956 122.5446
6579.5573 122.3188
6578.6776 121.5402
6578.5556 121.4300
6577.5842 120.5357
6577.5539 120.5070
6576.5523 119.5575
6576.5243 119.5312
6575.5506 118.5480
6575.5287 118.5268
6574.5489 117.6913
6574.3672 117.5223
6573.5472 116.7599
6573.2689 116.5179
6572.5456 115.8948
6572.1173 115.5134
6571.5439 115.0274
6570.9840 114.5089
6570.5422 114.1060
6569.8857 113.5045
6569.5406 113.1654
6568.8035 112.5000
6568.5389 112.2636
6567.6507 111.4955
6567.5372 111.3904
6566.6398 110.4911
6566.5356 110.3896
6565.5576 109.4866
6565.5339 109.4645
6564.5322 108.7262
6564.2653 108.4821
6563.5306 107.8185
6563.1629 107.4777
6562.5289 106.9327
6561.9811 106.4732
6561.5272 106.0736
6560.8338 105.4688
6560.5255 105.2084
6559.6720 104.4643
6559.5239 104.3395
6558.5222 103.5330
6558.4331 103.4598
6557.5205 102.7700
6557.1519 102.4554
6556.5189 101.8369
6556.0668 101.4509
6555.5172 101.0364
6554.7929 100.4464
6554.5155 100.2226
6553.5177 99.4420
6553.5139 99.4387
6552.5122 98.5953
6552.3220 98.4375
6551.5105 97.7861
6551.1115 97.4330
6550.5088 96.9396
6549.8796 96.4286
6549.5072 96.1082
6548.5813 95.4241
6548.5055 95.3615
6547.5038 94.5396
6547.3555 94.4196
6546.5022 93.8004
6546.0667 93.4152
6545.5005 92.8873
6544.9372 92.4107
6544.4988 92.0516
6543.7132 91.4062
6543.4972 91.2362
6542.5050 90.4018
6542.4955 90.3933
6541.4938 89.5465
6541.3310 89.3973
6540.4922 88.6928
6540.2057 88.3929
6539.4905 87.6438
6539.2221 87.3884
6538.4888 86.6485
6538.2102 86.3839
6537.4871 85.6992
6537.1953 85.3795
6536.4855 84.4298
6536.4331 84.3750
6535.7762 83.3705
6535.4838 83.0441
6534.8220 82.3661
6534.4821 82.0638
6533.5861 81.3616
6533.4805 81.2775
6532.4788 80.6680
6532.0591 80.3571
6531.4771 79.9771
6530.4755 79.3790
6530.4388 79.3527
6529.4738 78.7348
6528.8259 78.3482
6528.4721 78.1081
6527.4705 77.3993
6527.4027 77.3438
6526.4688 76.5680
6526.2063 76.3393
6525.4671 75.6416
6525.1287 75.3348
6524.4654 74.7112
6524.0326 74.3304
6523.4638 73.8212
6522.9223 73.3259
6522.4621 72.8773
6521.8449 72.3214
6521.4604 71.9532
6520.7162 71.3170
6520.4588 71.0881
6519.5749 70.3125
6519.4571 70.2049
6518.5294 69.3080
6518.4554 69.2341
6517.4727 68.3036
6517.4538 68.2847
6516.4568 67.2991
6516.4521 67.2944
6515.5282 66.2946
6515.4504 66.2077
6514.5974 65.2902
6514.4487 65.1318
6513.6554 64.2857
6513.4471 64.0703
6512.7346 63.2812
6512.4454 62.9642
6511.7424 62.2768
6511.4437 61.9602
6510.8529 61.2723
6510.4421 60.7966
6509.9720 60.2679
6509.4404 59.6605
6509.1016 59.2634
6508.4387 58.4839
6508.2344 58.2589
6507.4371 57.2702
6507.4238 57.2545
6506.5206 56.2500
6506.4354 56.1614
6505.5590 55.2455
6505.4337 55.1171
6504.5237 54.2411
6504.4321 54.1471
6503.5306 53.2366
6503.4304 53.1399
6502.4351 52.2321
6502.4287 52.2263
6501.4270 51.2680
6501.3865 51.2277
6500.4477 50.2232
6500.4254 50.1999
6499.5277 49.2188
6499.4237 49.1008
6498.6831 48.2143
6498.4220 47.8936
6497.8296 47.2098
6497.4204 46.7347
6496.9512 46.2054
6496.4187 45.6310
6496.0278 45.2009
6495.4170 44.5214
6495.1011 44.1964
6494.4154 43.4809
6494.0945 43.1920
6493.4137 42.5797
6493.0259 42.1875
6492.4120 41.5953
6491.9782 41.1830
6491.4104 40.6420
6490.8823 40.1786
6490.4087 39.6969
6489.8890 39.1741
6489.4070 38.7623
6488.7404 38.1696
6488.4053 37.8828
6487.4766 37.1652
6487.4037 37.0997
6486.4020 36.2431
6486.3041 36.1607
6485.4003 35.4279
6485.0367 35.1562
6484.3987 34.7353
6483.6034 34.1518
6483.3970 33.9893
6482.3953 33.2526
6482.2498 33.1473
6481.3937 32.5390
6480.8699 32.1429
6480.3920 31.8193
6479.4684 31.1384
6479.3903 31.0562
6478.4997 30.1339
6478.3886 30.0270
6477.3870 29.1464
6477.3641 29.1295
6476.3853 28.4396
6475.9469 28.1250
6475.3836 27.8406
6474.3820 27.3410
6473.9826 27.1205
6473.3803 26.8099
6472.3786 26.3307
6471.9661 26.1161
6471.3770 25.8068
6470.3753 25.1667
6470.2934 25.1116
6469.3736 24.3711
6469.0490 24.1071
6468.3720 23.7101
6467.3703 23.2545
6467.0313 23.1027
6466.3686 22.7445
6465.3669 22.1080
6465.3512 22.0982
6464.3653 21.5962
6463.5609 21.0938
6463.3636 20.9739
6462.3619 20.4489
6461.6671 20.0893
6461.3603 19.9139
6460.3586 19.3799
6459.8086 19.0848
6459.3569 18.8725
6458.3553 18.4025
6457.7791 18.0804
6457.3536 17.8777
6456.3519 17.4444
6455.5320 17.0759
6455.3503 16.9966
6454.3486 16.5926
6453.3469 16.1795
6453.0792 16.0714
6452.3452 15.7841
6451.3436 15.3404
6450.7251 15.0670
6450.3419 14.9420
6449.3402 14.6208
6448.3386 14.1773
6448.1021 14.0625
6447.3369 13.6294
6446.3352 13.0745
6446.3017 13.0580
6445.3336 12.5467
6444.3446 12.0536
6444.3319 12.0488
6443.3302 11.7015
6442.3285 11.3221
6441.5282 11.0491
6441.3269 11.0124
6440.3252 10.8606
6439.3235 10.7123
6438.3219 10.5567
6437.3202 10.4041
6436.3185 10.2518
6435.3169 10.0865
6435.1342 10.0446
6434.3152 9.8271
6433.3135 9.5023
6432.3119 9.1209
6432.1231 9.0402
6431.3102 8.6512
6430.3519 8.0357
6430.3085 8.0050
6429.3068 7.2580
6429.0423 7.0312
6428.3052 6.3121
6428.0245 6.0268
6427.3035 5.1377
6427.2099 5.0223
6426.6345 4.0179
6426.3018 3.3739
6426.1123 3.0134
6425.7522 2.0089
6425.5338 1.0045
6425.4595 0.0000
