6661.8109 224.0660
6661.7501 223.9955
6660.9232 222.9911
6660.8092 222.8602
6660.1177 221.9866
6659.8075 221.6031
6659.3134 220.9821
6658.8058 220.3151
6658.5200 219.9777
6657.8042 219.0848
6657.7147 218.9732
6656.9381 217.9688
6656.8025 217.8026
6656.1218 216.9643
6655.8008 216.5067
6655.3984 215.9598
6654.7992 215.2148
6654.5832 214.9554
6653.7975 214.0109
6653.7433 213.9509
6652.8705 212.9464
6652.7958 212.8613
6652.0473 211.9420
6651.7942 211.6352
6651.2301 210.9375
6650.7925 210.4106
6650.3892 209.9330
6649.7908 209.1877
6649.5788 208.9286
6648.8159 207.9241
6648.7891 207.8892
6648.0455 206.9196
6647.7875 206.6078
6647.1934 205.9152
6646.7858 205.4382
6646.3530 204.9107
6645.7841 204.2104
6645.5361 203.9062
6644.7825 202.9515
6644.7351 202.9018
6643.8004 201.8973
6643.7808 201.8775
6642.9811 200.8929
6642.7791 200.6473
6642.1608 199.8884
6641.7775 199.4164
6641.3195 198.8839
6640.7758 198.1800
6640.5415 197.8795
6639.7741 196.9921
6639.6748 196.8750
6638.8743 195.8705
6638.7725 195.7447
6638.0454 194.8661
6637.7708 194.5492
6637.1792 193.8616
6636.7691 193.3872
6636.3015 192.8571
6635.7674 192.2423
6635.4136 191.8527
6634.7658 191.1187
6634.5317 190.8482
6633.7641 189.8900
6633.7268 189.8438
6632.9158 188.8393
6632.7624 188.6623
6632.0613 187.8348
6631.7608 187.4837
6631.1905 186.8304
6630.7591 186.3380
6630.3196 185.8259
6629.7574 185.1505
6629.4653 184.8214
6628.7558 184.0046
6628.5973 183.8170
6627.7630 182.8125
6627.7541 182.8021
6626.8548 181.8080
6626.7524 181.6882
6626.0234 180.8036
6625.7508 180.5177
6625.1229 179.7991
6624.7491 179.3640
6624.2391 178.7946
6623.7474 178.2372
6623.3548 177.7902
6622.7457 177.0973
6622.4656 176.7857
6621.7441 175.9733
6621.5738 175.7812
6620.7424 174.8123
6620.7100 174.7768
6619.8039 173.7723
6619.7407 173.7066
6618.9285 172.7679
6618.7391 172.5236
6618.0593 171.7634
6617.7374 171.4352
6617.1285 170.7589
6616.7357 170.3406
6616.1933 169.7545
6615.7341 169.2611
6615.2732 168.7500
6614.7324 168.1415
6614.3719 167.7455
6613.7307 167.0266
6613.4693 166.7411
6612.7290 165.9516
6612.5360 165.7366
6611.7274 164.8291
6611.6364 164.7321
6610.8253 163.7277
6610.7257 163.6173
6609.9112 162.7232
6609.7240 162.5193
6608.9376 161.7188
6608.7224 161.5051
6607.9865 160.7143
6607.7207 160.4303
6607.0467 159.7098
6606.7190 159.3685
6606.0930 158.7054
6605.7174 158.3064
6605.1642 157.7009
6604.7157 157.2020
6604.2410 156.6964
6603.7140 156.1348
6603.2987 155.6920
6602.7124 155.0631
6602.3707 154.6875
6601.7107 153.9285
6601.4914 153.6830
6600.7090 152.8375
6600.5391 152.6786
6599.7073 151.9360
6599.4521 151.6741
6598.7057 150.8987
6598.4891 150.6696
6597.7040 149.8242
6597.5498 149.6652
6596.7023 148.7966
6596.5747 148.6607
6595.7007 147.7331
6595.6260 147.6562
6594.6990 146.6707
6594.6808 146.6518
6593.8271 145.6473
6593.6973 145.5133
6592.8107 144.6429
6592.6957 144.5271
6591.8294 143.6384
6591.6940 143.5031
6590.7525 142.6339
6590.6923 142.5789
6589.7312 141.6295
6589.6907 141.5881
6588.7161 140.6250
6588.6890 140.5982
6587.7412 139.6205
6587.6873 139.5664
6586.7341 138.6161
6586.6856 138.5677
6585.6840 137.6233
6585.6721 137.6116
6584.8062 136.6071
6584.6823 136.4869
6583.8047 135.6027
6583.6806 135.4787
6582.6904 134.5982
6582.6790 134.5874
6581.6773 133.6654
6581.6036 133.5938
6580.6756 132.6755
6580.5889 132.5893
6579.6740 131.6925
6579.5638 131.5848
6578.6723 130.7466
6578.5017 130.5804
6577.6706 129.7617
6577.4831 129.5759
6576.6689 128.7347
6576.5066 128.5714
6575.6673 127.7338
6575.5088 127.5670
6574.6656 126.7386
6574.4782 126.5625
6573.6639 125.7871
6573.4049 125.5580
6572.6623 124.9193
6572.2836 124.5536
6571.6606 123.9710
6571.2128 123.5491
6570.6589 122.9988
6570.1841 122.5446
6569.6573 122.0503
6569.1136 121.5402
6568.6556 121.1253
6568.0222 120.5357
6567.6539 120.1901
6566.9437 119.5312
6566.6523 119.2375
6565.9146 118.5268
6565.6506 118.3007
6564.6489 117.5587
6564.6094 117.5223
6563.6472 116.6449
6563.5057 116.5179
6562.6456 115.7334
6562.4079 115.5134
6561.6439 114.8493
6561.2738 114.5089
6560.6422 113.9461
6560.1465 113.5045
6559.6406 113.0434
6559.0395 112.5000
6558.6389 112.1333
6557.9039 111.4955
6557.6372 111.2498
6556.8649 110.4911
6556.6356 110.2727
6555.6339 109.4959
6555.6231 109.4866
6554.6322 108.6591
6554.4390 108.4821
6553.6306 107.7459
6553.3256 107.4777
6552.6289 106.8922
6552.1250 106.4732
6551.6272 106.0579
6550.9878 105.4688
6550.6255 105.1468
6549.8114 104.4643
6549.6239 104.3009
6548.6222 103.5074
6548.5679 103.4598
6547.6205 102.6800
6547.3227 102.4554
6546.6189 101.8484
6546.1999 101.4509
6545.6172 100.9468
6545.0549 100.4464
6544.6155 100.0552
6543.8529 99.4420
6543.6139 99.2415
6542.6122 98.4545
6542.5929 98.4375
6541.6105 97.5901
6541.4255 97.4330
6540.6088 96.8081
6540.1673 96.4286
6539.6072 95.9403
6539.0034 95.4241
6538.6055 95.0956
6537.6483 94.4196
6537.6038 94.3887
6536.6022 93.5937
6536.4001 93.4152
6535.6005 92.6948
6535.2742 92.4107
6534.5988 91.8559
6534.0778 91.4062
6533.5972 91.0276
6532.8539 90.4018
6532.5955 90.1848
6531.7797 89.3973
6531.5938 89.2415
6530.7012 88.3929
6530.5922 88.2760
6529.6809 87.3884
6529.5905 87.2923
6528.7126 86.3839
6528.5888 86.2231
6527.8511 85.3795
6527.5871 85.0562
6527.0048 84.3750
6526.5855 83.8261
6526.1867 83.3705
6525.5838 82.7888
6525.1037 82.3661
6524.5821 81.8846
6524.0010 81.3616
6523.5805 81.0822
6522.6103 80.3571
6522.5788 80.3346
6521.5771 79.8319
6520.7705 79.3527
6520.5755 79.2203
6519.5738 78.7007
6519.0353 78.3482
6518.5721 78.0100
6517.6445 77.3438
6517.5705 77.2816
6516.5688 76.4562
6516.4352 76.3393
6515.5671 75.5201
6515.3631 75.3348
6514.5654 74.6057
6514.2522 74.3304
6513.5638 73.6975
6513.1605 73.3259
6512.5621 72.7640
6511.9993 72.3214
6511.5604 71.9374
6510.8746 71.3170
6510.5588 71.0235
6509.8031 70.3125
6509.5571 70.0796
6508.7637 69.3080
6508.5554 69.0973
6507.7298 68.3036
6507.5538 68.1281
6506.7190 67.2991
6506.5521 67.1240
6505.7934 66.2946
6505.5504 66.0298
6504.8730 65.2902
6504.5487 64.9398
6503.9359 64.2857
6503.5471 63.8652
6502.9888 63.2812
6502.5454 62.8310
6502.0227 62.2768
6501.5437 61.7253
6501.1555 61.2723
6500.5421 60.5699
6500.2715 60.2679
6499.5404 59.4191
6499.4037 59.2634
6498.5474 58.2589
6498.5387 58.2478
6497.7272 57.2545
6497.5371 57.0469
6496.8034 56.2500
6496.5354 55.9776
6495.8238 55.2455
6495.5337 54.9514
6494.7831 54.2411
6494.5321 53.9814
6493.7156 53.2366
6493.5304 53.0746
6492.7161 52.2321
6492.5287 52.0426
6491.6956 51.2277
6491.5270 51.0411
6490.7871 50.2232
6490.5254 49.9415
6489.8708 49.2188
6489.5237 48.8116
6489.0293 48.2143
6488.5220 47.5904
6488.1899 47.2098
6487.5204 46.4322
6487.3162 46.2054
6486.5187 45.3458
6486.3869 45.2009
6485.5170 44.2194
6485.4925 44.1964
6484.5154 43.3037
6484.4016 43.1920
6483.5137 42.2980
6483.4018 42.1875
6482.5120 41.3347
6482.3523 41.1830
6481.5104 40.4051
6481.2523 40.1786
6480.5087 39.4209
6480.2628 39.1741
6479.5070 38.5217
6479.1140 38.1696
6478.5053 37.6641
6477.8655 37.1652
6477.5037 36.8402
6476.6659 36.1607
6476.5020 36.0378
6475.5003 35.2446
6475.3948 35.1562
6474.4987 34.5136
6474.0042 34.1518
6473.4970 33.7633
6472.6607 33.1473
6472.4953 33.0301
6471.4937 32.2920
6471.2960 32.1429
6470.4920 31.5939
6469.8957 31.1384
6469.4903 30.7133
6468.9170 30.1339
6468.4886 29.7233
6467.7813 29.1295
6467.4870 28.8969
6466.4853 28.2053
6466.3737 28.1250
6465.4836 27.6765
6464.4820 27.1430
6464.4414 27.1205
6463.4803 26.6435
6462.4786 26.1462
6462.4230 26.1161
6461.4770 25.5931
6460.7432 25.1116
6460.4753 24.8930
6459.5420 24.1071
6459.4736 24.0609
6458.4720 23.5739
6457.4723 23.1027
6457.4703 23.1016
6456.4686 22.5222
6455.7971 22.0982
6455.4669 21.9358
6454.4653 21.3697
6454.0249 21.0938
6453.4636 20.7770
6452.4619 20.2641
6452.1176 20.0893
6451.4603 19.7279
6450.4586 19.1734
6450.2717 19.0848
6449.4569 18.7358
6448.4553 18.1916
6448.2516 18.0804
6447.4536 17.7254
6446.4519 17.2880
6445.9767 17.0759
6445.4503 16.8543
6444.4486 16.4449
6443.5573 16.0714
6443.4469 16.0278
6442.4452 15.6377
6441.4436 15.1813
6441.1534 15.0670
6440.4419 14.8639
6439.4402 14.4881
6438.5465 14.0625
6438.4386 13.9982
6437.4369 13.4360
6436.7164 13.0580
6436.4352 12.8986
6435.4336 12.3789
6434.7498 12.0536
6434.4319 11.9357
6433.4302 11.5802
6432.4285 11.1936
6431.9333 11.0491
6431.4269 10.9723
6430.4252 10.8161
6429.4235 10.6653
6428.4219 10.5115
6427.4202 10.3602
6426.4185 10.2018
6425.5368 10.0446
6425.4169 10.0181
6424.4152 9.7257
6423.4135 9.3982
6422.4891 9.0402
6422.4119 9.0053
6421.4102 8.4275
6420.8126 8.0357
6420.4085 7.7506
6419.5022 7.0312
6419.4068 6.9392
6418.4877 6.0268
6418.4052 5.9300
6417.6762 5.0223
6417.4035 4.5752
6417.0795 4.0179
6416.5730 3.0134
6416.4018 2.5503
6416.1992 2.0089
6415.9773 1.0045
6415.9037 0.0000
