7390.9940 224.0968
7390.9258 223.9955
7390.3188 222.9911
7389.9923 222.5219
7389.6695 221.9866
7389.1719 220.9821
7388.9907 220.6661
7388.5755 219.9777
7388.0508 218.9732
7387.9890 218.8656
7387.4332 217.9688
7386.9873 217.2595
7386.8104 216.9643
7386.3894 215.9598
7385.9856 215.1787
7385.8559 214.9554
7385.3732 213.9509
7384.9840 213.1837
7384.8490 212.9464
7384.3667 211.9420
7383.9823 211.1548
7383.8675 210.9375
7383.4205 209.9330
7382.9806 208.9668
7382.9619 208.9286
7382.5574 207.9241
7382.2287 206.9196
7381.9790 206.2985
7381.8027 205.9152
7381.4406 204.9107
7381.0988 203.9062
7380.9773 203.5390
7380.7418 202.9018
7380.4264 201.8973
7380.1262 200.8929
7379.9756 200.3656
7379.8452 199.8884
7379.6046 198.8839
7379.4130 197.8795
7379.2063 196.8750
7379.0103 195.8705
7378.9740 195.6777
7378.8175 194.8661
7378.6800 193.8616
7378.5876 192.8571
7378.5338 191.8527
7378.4955 190.8482
7378.4685 189.8438
7378.4665 188.8393
7378.4878 187.8348
7378.5446 186.8304
7378.6305 185.8259
7378.7384 184.8214
7378.8822 183.8170
7378.9740 183.3624
7379.0738 182.8125
7379.2521 181.8080
7379.4163 180.8036
7379.6112 179.7991
7379.8768 178.7946
7379.9756 178.4896
7380.1996 177.7902
7380.4769 176.7857
7380.7865 175.7812
7380.9773 175.2688
7381.1568 174.7768
7381.5042 173.7723
7381.8711 172.7679
7381.9790 172.4895
7382.2240 171.7634
7382.5532 170.7589
7382.9340 169.7545
7382.9806 169.6405
7383.3205 168.7500
7383.6664 167.7455
7383.9823 166.8820
7384.0396 166.7411
7384.4359 165.7366
7384.8211 164.7321
7384.9840 164.3298
7385.1929 163.7277
7385.4930 162.7232
7385.8687 161.7188
7385.9856 161.4551
7386.2757 160.7143
7386.5799 159.7098
7386.9347 158.7054
7386.9873 158.5748
7387.3276 157.7009
7387.6750 156.6964
7387.9890 155.8102
7388.0246 155.6920
7388.2931 154.6875
7388.5196 153.6830
7388.7537 152.6786
7388.9907 151.8858
7389.0460 151.6741
7389.2558 150.6696
7389.4571 149.6652
7389.6428 148.6607
7389.8494 147.6562
7389.9923 147.0546
7390.0817 146.6518
7390.2341 145.6473
7390.3578 144.6429
7390.4726 143.6384
7390.5664 142.6339
7390.6630 141.6295
7390.7503 140.6250
7390.8298 139.6205
7390.8736 138.6161
7390.9108 137.6116
7390.9246 136.6071
7390.9146 135.6027
7390.8869 134.5982
7390.8496 133.5938
7390.8008 132.5893
7390.7312 131.5848
7390.6399 130.5804
7390.5112 129.5759
7390.3697 128.5714
7390.2063 127.5670
7390.0115 126.5625
7389.9923 126.4812
7389.7575 125.5580
7389.5474 124.5536
7389.3482 123.5491
7389.1293 122.5446
7388.9907 122.0531
7388.8141 121.5402
7388.5336 120.5357
7388.2414 119.5312
7387.9890 118.7222
7387.9155 118.5268
7387.5416 117.5223
7387.2049 116.5179
7386.9873 116.0293
7386.7518 115.5134
7386.3478 114.5089
7385.9856 113.7716
7385.8381 113.5045
7385.4338 112.5000
7384.9858 111.4955
7384.9840 111.4915
7384.5293 110.4911
7384.0510 109.4866
7383.9823 109.3590
7383.5217 108.4821
7382.9806 107.5139
7382.9568 107.4777
7382.4089 106.4732
7381.9790 105.7774
7381.7722 105.4688
7381.2039 104.4643
7380.9773 104.0675
7380.5882 103.4598
7379.9756 102.5336
7379.9187 102.4554
7379.3471 101.4509
7378.9740 100.9004
7378.6125 100.4464
7377.9723 99.6365
7377.8134 99.4420
7377.1505 98.4375
7376.9706 98.1913
7376.3969 97.4330
7375.9689 96.9491
7375.5677 96.4286
7374.9673 95.5264
7374.8775 95.4241
7374.1254 94.4196
7373.9656 94.2134
7373.3192 93.4152
7372.9639 92.9397
7372.5947 92.4107
7371.9623 91.5474
7371.8408 91.4062
7371.0340 90.4018
7370.9606 90.3139
7370.2147 89.3973
7369.9589 89.0748
7369.3849 88.3929
7368.9573 87.9296
7368.4816 87.3884
7367.9556 86.7943
7367.5943 86.3839
7366.9539 85.5951
7366.7679 85.3795
7365.9523 84.4352
7365.8984 84.3750
7365.1097 83.3705
7364.9506 83.2107
7364.1473 82.3661
7363.9489 82.1378
7363.2048 81.3616
7362.9472 81.0999
7362.3246 80.3571
7361.9456 79.9916
7361.3818 79.3527
7360.9439 78.8413
7360.3761 78.3482
7359.9422 77.9081
7359.4552 77.3438
7358.9406 76.7819
7358.5633 76.3393
7357.9389 75.5761
7357.7417 75.3348
7356.9649 74.3304
7356.9372 74.3000
7356.0745 73.3259
7355.9356 73.1766
7354.9929 72.3214
7354.9339 72.2578
7354.2266 71.3170
7353.9322 70.9767
7353.3216 70.3125
7352.9306 69.9110
7352.4223 69.3080
7351.9289 68.8038
7351.3822 68.3036
7350.9272 67.7929
7350.5021 67.2991
7349.9255 66.6067
7349.6716 66.2946
7348.9239 65.4852
7348.7435 65.2902
7347.9528 64.2857
7347.9222 64.2526
7347.1118 63.2812
7346.9205 63.0632
7346.1721 62.2768
7345.9189 61.9708
7345.3599 61.2723
7344.9172 60.7844
7344.4709 60.2679
7343.9155 59.6437
7343.5252 59.2634
7342.9139 58.6627
7342.4936 58.2589
7341.9122 57.5851
7341.6339 57.2545
7340.9105 56.5322
7340.6045 56.2500
7339.9088 55.6284
7339.4702 55.2455
7338.9072 54.7189
7338.3366 54.2411
7337.9055 53.8668
7337.1762 53.2366
7336.9038 53.0149
7335.9022 52.2438
7335.8881 52.2321
7334.9005 51.4740
7334.5598 51.2277
7333.8988 50.6733
7333.3269 50.2232
7332.8972 49.9003
7332.0187 49.2188
7331.8955 49.1190
7330.8938 48.3786
7330.6902 48.2143
7329.8922 47.5135
7329.5230 47.2098
7328.8905 46.7244
7328.1903 46.2054
7327.8888 46.0014
7326.8871 45.4023
7326.5920 45.2009
7325.8855 44.6818
7325.1113 44.1964
7324.8838 44.0309
7323.8821 43.1921
7323.8820 43.1920
7322.8805 42.3548
7322.6937 42.1875
7321.8788 41.4414
7321.6011 41.1830
7320.8771 40.5738
7320.2891 40.1786
7319.8755 39.8653
7318.8900 39.1741
7318.8738 39.1644
7317.8721 38.5726
7317.2817 38.1696
7316.8705 37.9050
7315.8688 37.4894
7315.1282 37.1652
7314.8671 37.0120
7313.8654 36.3838
7313.5555 36.1607
7312.8638 35.6617
7312.2326 35.1562
7311.8621 34.8439
7310.9833 34.1518
7310.8604 34.0500
7309.8588 33.3224
7309.6005 33.1473
7308.8571 32.6805
7307.8576 32.1429
7307.8554 32.1419
7306.8538 31.7642
7305.8521 31.3776
7305.3569 31.1384
7304.8504 30.8069
7303.8487 30.1454
7303.8321 30.1339
7302.8471 29.5745
7301.9717 29.1295
7301.8454 29.0677
7300.8437 28.6368
7299.8421 28.1572
7299.7831 28.1250
7298.8404 27.6259
7297.8387 27.1514
7297.7874 27.1205
7296.8371 26.5947
7295.8354 26.1162
7295.8351 26.1161
7294.8337 25.6108
7293.8712 25.1116
7293.8321 25.0915
7292.8304 24.6150
7291.8287 24.1106
7291.8226 24.1071
7290.8270 23.6020
7289.8254 23.1604
7289.7129 23.1027
7288.8237 22.5254
7288.1039 22.0982
7287.8220 21.9544
7286.8204 21.6224
7285.8187 21.4152
7284.8170 21.1724
7284.5956 21.0938
7283.8154 20.7963
7282.8137 20.3858
7282.1715 20.0893
7281.8120 19.8914
7280.8104 19.4105
7280.1645 19.0848
7279.8087 18.9007
7278.8070 18.3161
7278.3721 18.0804
7277.8053 17.8031
7276.8037 17.5227
7275.8020 17.3544
7274.8003 17.1362
7274.6236 17.0759
7273.7987 16.7362
7272.7970 16.2714
7272.3760 16.0714
7271.7953 15.7603
7270.7937 15.1890
7270.5477 15.0670
7269.7920 14.7205
7268.7903 14.4861
7267.7886 14.3200
7266.7870 14.0875
7266.7231 14.0625
7265.7853 13.5783
7264.8883 13.0580
7264.7836 13.0009
7263.7820 12.5694
7262.7803 12.2691
7262.1526 12.0536
7261.7786 11.9274
7260.7770 11.6553
7259.7753 11.4777
7258.7736 11.3403
7257.7720 11.1394
7257.5095 11.0491
7256.7703 10.7497
7255.7686 10.2761
7255.3005 10.0446
7254.7669 9.7988
7253.7653 9.5063
7252.7636 9.2282
7252.1615 9.0402
7251.7619 8.8960
7250.7603 8.5965
7249.7586 8.3381
7248.7569 8.0638
7248.6594 8.0357
7247.7553 7.8020
7246.7536 7.5870
7245.7519 7.3796
7244.7503 7.0995
7244.5473 7.0312
7243.7486 6.7319
7242.7469 6.5043
7241.7452 6.4115
7240.7436 6.3367
7239.7419 6.1662
7239.2931 6.0268
7238.7402 5.8472
7237.7386 5.5644
7236.7369 5.3661
7235.7352 5.1092
7235.4597 5.0223
7234.7336 4.7888
7233.7319 4.5380
7232.7302 4.3643
7231.7285 4.2389
7230.7269 4.0415
7230.6454 4.0179
7229.7252 3.7939
7228.7235 3.5564
7227.7219 3.3356
7226.7202 3.1941
7225.7185 3.1351
7224.7169 3.1048
7223.7152 3.0310
7223.6263 3.0134
7222.7135 2.8070
7221.7119 2.5638
7220.7102 2.4110
7219.7085 2.3609
7218.7068 2.3777
7217.7052 2.3358
7216.7314 2.0089
7216.7035 1.9932
7215.7018 1.1505
7215.4589 1.0045
7214.8109 0.0000
