6600.0058 224.5317
6599.5725 223.9955
6599.0042 223.2406
6598.8033 222.9911
6598.0391 221.9866
6598.0025 221.9418
6597.2330 220.9821
6597.0008 220.6925
6596.4733 219.9777
6595.9992 219.3670
6595.6773 218.9732
6594.9975 218.0825
6594.9073 217.9688
6594.1239 216.9643
6593.9958 216.7912
6593.4456 215.9598
6592.9942 215.3898
6592.6323 214.9554
6591.9925 214.1424
6591.8272 213.9509
6590.9908 212.9715
6590.9704 212.9464
6590.1948 211.9420
6589.9891 211.6930
6589.3836 210.9375
6588.9875 210.4523
6588.5740 209.9330
6587.9858 209.1732
6587.7836 208.9286
6587.0081 207.9241
6586.9841 207.8931
6586.2730 206.9196
6585.9825 206.5798
6585.4608 205.9152
6584.9808 205.2885
6584.6644 204.9107
6583.9791 204.0820
6583.8331 203.9062
6582.9968 202.9018
6582.9775 202.8800
6582.1433 201.8973
6581.9758 201.7048
6581.3259 200.8929
6580.9741 200.4638
6580.5040 199.8884
6579.9725 199.2435
6579.6709 198.8839
6578.9708 197.8941
6578.9594 197.8795
6578.1157 196.8750
6577.9691 196.6969
6577.2893 195.8705
6576.9674 195.4903
6576.4322 194.8661
6575.9658 194.3346
6575.5778 193.8616
6574.9641 193.0989
6574.7625 192.8571
6573.9692 191.8527
6573.9624 191.8446
6572.9740 190.8482
6572.9608 190.8337
6572.2421 189.8438
6571.9591 189.4924
6571.4320 188.8393
6570.9574 188.2684
6570.5776 187.8348
6569.9558 187.1234
6569.7113 186.8304
6568.9541 185.9323
6568.8616 185.8259
6568.0475 184.8214
6567.9524 184.7062
6567.2081 183.8170
6566.9508 183.5187
6566.3542 182.8125
6565.9491 182.3393
6565.4853 181.8080
6564.9474 181.1462
6564.6622 180.8036
6563.9457 179.9991
6563.7743 179.7991
6562.9441 178.8336
6562.9098 178.7946
6562.0936 177.7902
6561.9424 177.6218
6561.2185 176.7857
6560.9407 176.4607
6560.3569 175.7812
6559.9391 175.2969
6559.4757 174.7768
6558.9374 174.1793
6558.5776 173.7723
6557.9357 173.0389
6557.6979 172.7679
6556.9341 171.7895
6556.9112 171.7634
6555.9497 170.7589
6555.9324 170.7414
6554.9915 169.7545
6554.9307 169.6926
6554.0896 168.7500
6553.9290 168.5628
6553.1994 167.7455
6552.9274 167.4482
6552.3019 166.7411
6551.9257 166.3586
6551.3600 165.7366
6550.9240 165.2294
6550.4599 164.7321
6549.9224 164.0938
6549.6184 163.7277
6548.9207 162.9681
6548.7006 162.7232
6547.9190 161.8453
6547.7929 161.7188
6546.9174 160.8364
6546.8038 160.7143
6545.9157 159.7644
6545.8638 159.7098
6544.9334 158.7054
6544.9140 158.6845
6544.0049 157.7009
6543.9124 157.6016
6543.0982 156.6964
6542.9107 156.4984
6542.1321 155.6920
6541.9090 155.4551
6541.2260 154.6875
6540.9073 154.3229
6540.3449 153.6830
6539.9057 153.2259
6539.3684 152.6786
6538.9040 152.2150
6538.3447 151.6741
6537.9023 151.2428
6537.3475 150.6696
6536.9007 150.2041
6536.3691 149.6652
6535.8990 149.1988
6535.3939 148.6607
6534.8973 148.1425
6534.4278 147.6562
6533.8957 147.0876
6533.4713 146.6518
6532.8940 145.9864
6532.5969 145.6473
6531.8923 144.9719
6531.5661 144.6429
6530.8907 143.9254
6530.6030 143.6384
6529.8890 142.9253
6529.5669 142.6339
6528.8873 142.0388
6528.4931 141.6295
6527.8856 140.9913
6527.5229 140.6250
6526.8840 139.9625
6526.5551 139.6205
6525.8823 138.9429
6525.5603 138.6161
6524.8806 137.9671
6524.5248 137.6116
6523.8790 136.8434
6523.6618 136.6071
6522.8773 135.8509
6522.6252 135.6027
6521.8756 134.8772
6521.5983 134.5982
6520.8740 133.8745
6520.5606 133.5938
6519.8723 132.9725
6519.4840 132.5893
6518.8706 131.9897
6518.4704 131.5848
6517.8689 131.0031
6517.4330 130.5804
6516.8673 130.0040
6516.4208 129.5759
6515.8656 129.0263
6515.4128 128.5714
6514.8639 128.0442
6514.3957 127.5670
6513.8623 127.0422
6513.3509 126.5625
6512.8606 126.0730
6512.3002 125.5580
6511.8589 125.1775
6511.1766 124.5536
6510.8573 124.2684
6510.0745 123.5491
6509.8556 123.3303
6509.0242 122.5446
6508.8539 122.3886
6507.9146 121.5402
6507.8523 121.4826
6506.8506 120.5748
6506.8107 120.5357
6505.8489 119.5763
6505.7987 119.5312
6504.8472 118.6115
6504.7588 118.5268
6503.8456 117.7454
6503.6068 117.5223
6502.8439 116.8327
6502.4571 116.5179
6501.8422 116.0140
6501.2987 115.5134
6500.8406 115.1082
6500.1884 114.5089
6499.8389 114.2077
6499.0318 113.5045
6498.8372 113.3151
6497.9007 112.5000
6497.8356 112.4418
6496.8339 111.5424
6496.7806 111.4955
6495.8322 110.5941
6495.7284 110.4911
6494.8306 109.7118
6494.5568 109.4866
6493.8289 108.9142
6493.3430 108.4821
6492.8272 108.0483
6492.1564 107.4777
6491.8255 107.1832
6491.0317 106.4732
6490.8239 106.2871
6489.8222 105.4688
6489.8222 105.4688
6488.8205 104.6608
6488.5989 104.4643
6487.8189 103.8188
6487.4320 103.4598
6486.8172 102.9031
6486.2657 102.4554
6485.8155 102.0479
6485.0706 101.4509
6484.8139 101.2563
6483.8122 100.4601
6483.7979 100.4464
6482.8105 99.5821
6482.6466 99.4420
6481.8088 98.7825
6481.4376 98.4375
6480.8072 97.8705
6480.3312 97.4330
6479.8055 96.9790
6479.1428 96.4286
6478.8038 96.1413
6478.0461 95.4241
6477.8022 95.2156
6477.0176 94.4196
6476.8005 94.1959
6475.9015 93.4152
6475.7988 93.3081
6475.0406 92.4107
6474.7972 92.1261
6474.0633 91.4062
6473.7955 91.0840
6473.2138 90.4018
6472.7938 89.8789
6472.3808 89.3973
6471.7922 88.6457
6471.5639 88.3929
6470.7905 87.4954
6470.6949 87.3884
6469.7888 86.4585
6469.7117 86.3839
6468.7871 85.5246
6468.6215 85.3795
6467.7855 84.6292
6467.4407 84.3750
6466.7838 83.8814
6466.1707 83.3705
6465.7821 83.0879
6464.7805 82.4582
6464.6490 82.3661
6463.7788 81.8014
6463.0572 81.3616
6462.7771 81.1831
6461.7755 80.5923
6461.4456 80.3571
6460.7738 79.9408
6459.9300 79.3527
6459.7721 79.2354
6458.7705 78.6342
6458.3414 78.3482
6457.7688 77.9358
6456.9818 77.3438
6456.7671 77.1645
6455.8121 76.3393
6455.7654 76.2951
6454.7638 75.3837
6454.7123 75.3348
6453.7621 74.4727
6453.6054 74.3304
6452.7604 73.5525
6452.5161 73.3259
6451.7588 72.6070
6451.4529 72.3214
6450.7571 71.6584
6450.3881 71.3170
6449.7554 70.7087
6449.3390 70.3125
6448.7538 69.7439
6448.3457 69.3080
6447.7521 68.6691
6447.3892 68.3036
6446.7504 67.6115
6446.4680 67.2991
6445.7487 66.4662
6445.5981 66.2946
6444.7471 65.3067
6444.7328 65.2902
6443.8784 64.2857
6443.7454 64.1329
6443.0353 63.2812
6442.7437 62.9565
6442.1490 62.2768
6441.7421 61.7974
6441.2214 61.2723
6440.7404 60.7882
6440.2455 60.2679
6439.7387 59.7400
6439.3006 59.2634
6438.7371 58.6491
6438.3751 58.2589
6437.7354 57.4855
6437.5315 57.2545
6436.7337 56.4245
6436.5696 56.2500
6435.7321 55.3295
6435.6550 55.2455
6434.7304 54.2621
6434.7101 54.2411
6433.8251 53.2366
6433.7287 53.1295
6432.9634 52.2321
6432.7270 51.9640
6432.0152 51.2277
6431.7254 50.9132
6431.1332 50.2232
6430.7237 49.7397
6430.2889 49.2188
6429.7220 48.5184
6429.4798 48.2143
6428.7204 47.2783
6428.6599 47.2098
6427.8132 46.2054
6427.7187 46.0983
6426.8893 45.2009
6426.7170 45.0159
6425.9652 44.1964
6425.7154 43.9272
6425.0079 43.1920
6424.7137 42.8814
6424.0201 42.1875
6423.7120 41.8970
6422.9208 41.1830
6422.7104 40.9845
6421.8804 40.1786
6421.7087 39.9888
6420.9212 39.1741
6420.7070 38.9879
6419.8185 38.1696
6419.7053 38.0624
6418.7037 37.2157
6418.6409 37.1652
6417.7020 36.3296
6417.5123 36.1607
6416.7003 35.4757
6416.3370 35.1562
6415.6987 34.6665
6414.9776 34.1518
6414.6970 33.9302
6413.6953 33.2501
6413.5669 33.1473
6412.6937 32.4493
6412.3180 32.1429
6411.6920 31.6592
6411.0397 31.1384
6410.6903 30.7616
6410.0885 30.1339
6409.6886 29.7475
6408.9987 29.1295
6408.6870 28.8643
6407.7122 28.1250
6407.6853 28.1100
6406.6836 27.6483
6405.6820 27.1448
6405.6363 27.1205
6404.6803 26.6223
6403.7573 26.1161
6403.6786 26.0733
6402.6770 25.5121
6402.0844 25.1116
6401.6753 24.8050
6400.8160 24.1071
6400.6736 24.0002
6399.6720 23.4607
6398.9473 23.1027
6398.6703 22.9446
6397.6686 22.3541
6397.2706 22.0982
6396.6669 21.8188
6395.6653 21.3072
6395.3378 21.0938
6394.6636 20.6884
6393.6619 20.1842
6393.4722 20.0893
6392.6603 19.6509
6391.6586 19.0992
6391.6319 19.0848
6390.6569 18.6292
6389.7026 18.0804
6389.6553 18.0553
6388.6536 17.6222
6387.6519 17.2318
6387.2914 17.0759
6386.6503 16.8148
6385.6486 16.4182
6384.7928 16.0714
6384.6469 16.0183
6383.6452 15.6180
6382.6436 15.1626
6382.4279 15.0670
6381.6419 14.8139
6380.6402 14.4373
6379.8371 14.0625
6379.6386 13.9534
6378.6369 13.4707
6377.8469 13.0580
6377.6352 12.9327
6376.6336 12.3958
6375.9079 12.0536
6375.6319 11.9554
6374.6302 11.6026
6373.6285 11.2398
6373.0089 11.0491
6372.6269 10.9832
6371.6252 10.8305
6370.6235 10.6862
6369.6219 10.5549
6368.6202 10.3953
6367.6185 10.2276
6366.6169 10.0476
6366.6055 10.0446
6365.6152 9.7423
6364.6135 9.3893
6363.7852 9.0402
6363.6119 8.9566
6362.6102 8.3577
6362.0778 8.0357
6361.6085 7.7315
6360.6948 7.0313
6360.6068 6.9491
6359.6762 6.0268
6359.6052 5.9440
6358.8478 5.0223
6358.6035 4.6339
6358.2370 4.0179
6357.6930 3.0134
6357.6018 2.7875
6357.3039 2.0089
6357.0753 1.0045
6356.9979 0.0000
