7353.8856 223.9955
7353.8212 222.9911
7353.7777 221.9866
7353.7937 220.9821
7353.8698 219.9777
7353.9643 218.9732
7354.0682 217.9688
7354.2397 216.9643
7354.4157 216.0858
7354.4407 215.9598
7354.6961 214.9554
7354.9527 213.9509
7355.2364 212.9464
7355.4174 212.4322
7355.5648 211.9420
7355.8325 210.9375
7356.1335 209.9330
7356.4190 209.2182
7356.5207 208.9286
7356.8188 207.9241
7357.1086 206.9196
7357.4207 206.2123
7357.5428 205.9152
7357.8779 204.9107
7358.2068 203.9062
7358.4224 203.4317
7358.6136 202.9018
7358.9094 201.8973
7359.2674 200.8929
7359.4240 200.5827
7359.6354 199.8884
7359.8962 198.8839
7360.1391 197.8795
7360.4257 197.2847
7360.5724 196.8750
7360.8477 195.8705
7361.1351 194.8661
7361.4274 194.1426
7361.5041 193.8616
7361.7446 192.8571
7361.9743 191.8527
7362.2555 190.8482
7362.4290 190.3613
7362.5302 189.8438
7362.6897 188.8393
7362.8224 187.8348
7362.9415 186.8304
7363.0801 185.8259
7363.2260 184.8214
7363.4307 183.9149
7363.4417 183.8170
7363.5510 182.8125
7363.6402 181.8080
7363.7128 180.8036
7363.7903 179.7991
7363.8506 178.7946
7363.8974 177.7902
7363.9303 176.7857
7363.9496 175.7812
7363.9345 174.7768
7363.9225 173.7723
7363.8928 172.7679
7363.8433 171.7634
7363.7784 170.7589
7363.6858 169.7545
7363.5741 168.7500
7363.4418 167.7455
7363.4307 167.6738
7363.2210 166.7411
7363.0499 165.7366
7362.9024 164.7321
7362.7694 163.7277
7362.6191 162.7232
7362.4388 161.7188
7362.4290 161.6740
7362.1267 160.7143
7361.8688 159.7098
7361.6493 158.7054
7361.4274 157.8575
7361.3641 157.7009
7361.0249 156.6964
7360.7258 155.6920
7360.4257 154.7324
7360.4055 154.6875
7359.9903 153.6830
7359.6641 152.6786
7359.4240 151.9144
7359.3076 151.6741
7358.9060 150.6696
7358.5556 149.6652
7358.4224 149.3184
7358.0971 148.6607
7357.6925 147.6562
7357.4207 146.9808
7357.2536 146.6518
7356.8852 145.6473
7356.5121 144.6429
7356.4190 144.4150
7356.0427 143.6384
7355.6395 142.6339
7355.4174 142.1246
7355.1381 141.6295
7354.6876 140.6250
7354.4157 140.0178
7354.2070 139.6205
7353.7553 138.6161
7353.4140 137.9324
7353.2159 137.6116
7352.8105 136.6071
7352.4124 135.6553
7352.3763 135.6027
7351.7891 134.5982
7351.4107 133.8856
7351.2277 133.5938
7350.6684 132.5893
7350.4090 132.1718
7350.0409 131.5848
7349.5851 130.5804
7349.4073 130.2118
7349.0098 129.5759
7348.5245 128.5714
7348.4057 128.3466
7347.9128 127.5670
7347.4040 126.7109
7347.3031 126.5625
7346.7621 125.5580
7346.4023 124.9363
7346.1329 124.5536
7345.5717 123.5491
7345.4007 123.2464
7344.9353 122.5446
7344.3990 121.6735
7344.3014 121.5402
7343.6648 120.5357
7343.3973 120.1126
7342.9627 119.5312
7342.3957 118.5285
7342.3944 118.5268
7341.7228 117.5223
7341.3940 116.9930
7341.0465 116.5179
7340.4153 115.5134
7340.3923 115.4826
7339.7059 114.5089
7339.3907 114.0657
7338.9496 113.5045
7338.3890 112.6573
7338.2570 112.5000
7337.5493 111.4955
7337.3873 111.2561
7336.8679 110.4911
7336.3856 109.8157
7336.1219 109.4866
7335.4782 108.4821
7335.3840 108.3550
7334.6840 107.4777
7334.3823 107.0586
7333.8696 106.4732
7333.3806 105.9513
7332.9850 105.4688
7332.3790 104.5787
7332.2805 104.4643
7331.4808 103.4598
7331.3773 103.3268
7330.6193 102.4554
7330.3756 102.1490
7329.8499 101.4509
7329.3740 100.8651
7329.0238 100.4464
7328.3723 99.6126
7328.2086 99.4420
7327.4117 98.4375
7327.3706 98.3908
7326.5326 97.4330
7326.3689 97.2589
7325.5978 96.4286
7325.3673 96.1890
7324.6361 95.4241
7324.3656 95.1179
7323.7231 94.4196
7323.3639 94.0539
7322.7987 93.4152
7322.3623 92.8902
7321.9377 92.4107
7321.3606 91.6970
7321.0915 91.4062
7320.3589 90.6510
7320.1219 90.4018
7319.3573 89.6901
7319.0766 89.3973
7318.3556 88.5184
7318.2311 88.3929
7317.3539 87.4896
7317.2515 87.3884
7316.3523 86.6672
7316.0754 86.3839
7315.3506 85.6378
7315.0937 85.3795
7314.3489 84.6381
7314.0563 84.3750
7313.3472 83.6833
7313.0723 83.3705
7312.3456 82.7269
7311.9775 82.3661
7311.3439 81.7464
7310.9395 81.3616
7310.3422 80.7864
7309.8920 80.3571
7309.3406 79.9176
7308.7757 79.3527
7308.3389 78.9334
7307.6632 78.3482
7307.3372 78.0501
7306.5565 77.3438
7306.3356 77.1557
7305.5564 76.3393
7305.3339 76.1171
7304.5179 75.3348
7304.3322 75.1091
7303.6187 74.3304
7303.3306 74.0659
7302.5791 73.3259
7302.3289 73.0713
7301.6486 72.3214
7301.3272 71.9892
7300.6616 71.3170
7300.3255 70.9652
7299.6940 70.3125
7299.3239 69.8968
7298.8050 69.3080
7298.3222 68.8341
7297.8381 68.3036
7297.3205 67.6724
7297.0032 67.2991
7296.3189 66.4577
7296.1898 66.2946
7295.3886 65.2902
7295.3172 65.2046
7294.6489 64.2857
7294.3155 63.8676
7293.8346 63.2812
7293.3139 62.6243
7293.0121 62.2768
7292.3122 61.4257
7292.1770 61.2723
7291.3159 60.2679
7291.3105 60.2619
7290.3513 59.2634
7290.3088 59.2160
7289.3072 58.3126
7289.2507 58.2589
7288.3055 57.3299
7288.2220 57.2545
7287.3038 56.4515
7287.0745 56.2500
7286.3022 55.6152
7285.8386 55.2455
7285.3005 54.8174
7284.5600 54.2411
7284.2988 54.0140
7283.3864 53.2366
7283.2972 53.1653
7282.2955 52.4325
7282.0399 52.2321
7281.2938 51.6676
7280.6569 51.2277
7280.2922 50.9374
7279.4035 50.2232
7279.2905 50.1415
7278.2888 49.4124
7278.0421 49.2188
7277.2871 48.5668
7276.8977 48.2143
7276.2855 47.7155
7275.5528 47.2098
7275.2838 47.0265
7274.2821 46.3704
7274.0541 46.2054
7273.2805 45.6847
7272.5863 45.2009
7272.2788 44.9694
7271.2771 44.2668
7271.1872 44.1964
7270.2755 43.3683
7270.0759 43.1920
7269.2738 42.4623
7268.9745 42.1875
7268.2721 41.6085
7267.7238 41.1830
7267.2705 40.8491
7266.2688 40.2002
7266.2368 40.1786
7265.2671 39.4358
7264.9239 39.1741
7264.2654 38.8007
7263.2638 38.3267
7262.9396 38.1696
7262.2621 37.8528
7261.2604 37.3185
7261.0237 37.1652
7260.2588 36.5600
7259.7679 36.1607
7259.2571 35.7560
7258.5272 35.1562
7258.2554 34.9359
7257.2538 34.1774
7257.2199 34.1518
7256.2521 33.4810
7255.7056 33.1473
7255.2504 32.8960
7254.2487 32.4820
7253.5411 32.1429
7253.2471 32.0149
7252.2454 31.5717
7251.4773 31.1384
7251.2437 30.9594
7250.2421 30.3019
7249.9737 30.1339
7249.2404 29.7501
7248.2387 29.2788
7247.9509 29.1295
7247.2371 28.7946
7246.2354 28.2825
7245.9439 28.1250
7245.2337 27.7607
7244.2321 27.2747
7243.9509 27.1205
7243.2304 26.7205
7242.2287 26.2208
7242.0325 26.1161
7241.2270 25.6991
7240.2254 25.1800
7240.1023 25.1116
7239.2237 24.7070
7238.2220 24.2542
7237.9502 24.1071
7237.2204 23.6475
7236.2187 23.1031
7236.2179 23.1027
7235.2170 22.5314
7234.2154 22.1419
7234.0914 22.0982
7233.2137 21.8664
7232.2120 21.6146
7231.2104 21.2905
7230.7637 21.0938
7230.2087 20.8360
7229.2070 20.4052
7228.5448 20.0893
7228.2053 19.8752
7227.2037 19.3270
7226.8171 19.0848
7226.2020 18.6981
7225.2003 18.2232
7224.8356 18.0804
7224.1987 17.9107
7223.1970 17.7105
7222.1953 17.5032
7221.1937 17.2040
7220.9055 17.0759
7220.1920 16.6152
7219.2794 16.0714
7219.1903 16.0182
7218.1886 15.4928
7217.1870 15.0980
7217.0842 15.0670
7216.1853 14.8515
7215.1836 14.6161
7214.1820 14.2969
7213.6774 14.0625
7213.1803 13.7824
7212.1786 13.3085
7211.6527 13.0580
7211.1770 12.8361
7210.1753 12.4608
7209.1736 12.1794
7208.6374 12.0536
7208.1720 11.9562
7207.1703 11.7834
7206.1686 11.5993
7205.1669 11.2857
7204.6167 11.0491
7204.1653 10.8174
7203.1636 10.3729
7202.4676 10.0446
7202.1619 9.9129
7201.1603 9.6064
7200.1586 9.3420
7199.1731 9.0402
7199.1569 9.0341
7198.1553 8.6973
7197.1536 8.4261
7196.1519 8.1813
7195.5964 8.0357
7195.1503 7.9348
7194.1486 7.7148
7193.1469 7.4628
7192.1452 7.2193
7191.3101 7.0312
7191.1436 6.9833
7190.1419 6.7810
7189.1402 6.5978
7188.1386 6.3675
7187.1369 6.1306
7186.7143 6.0268
7186.1352 5.8821
7185.1336 5.6316
7184.1319 5.3904
7183.1302 5.1897
7182.3321 5.0223
7182.1285 4.9808
7181.1269 4.7961
7180.1252 4.5979
7179.1235 4.3570
7178.1219 4.0204
7178.1145 4.0179
7177.1202 3.7563
7176.1185 3.5865
7175.1169 3.4983
7174.1152 3.4507
7173.1135 3.3685
7172.1119 3.2421
7171.1102 3.0868
7170.5213 3.0134
7170.1085 2.9584
7169.1068 2.9727
7168.1052 3.0122
7167.1035 2.6524
7166.1533 2.0089
7166.1018 1.9557
7165.5512 1.0045
7165.3592 0.0000
