7292.4546 198.8839
7292.3494 197.8795
7292.3491 197.8785
7291.8005 196.8750
7291.6083 195.8705
7291.3631 194.8661
7291.3474 194.8236
7290.8460 193.8616
7290.5665 192.8571
7290.3457 192.0433
7290.2206 191.8527
7289.6617 190.8482
7289.3441 190.0405
7289.2330 189.8438
7288.7708 188.8393
7288.3774 187.8348
7288.3424 187.7662
7287.8344 186.8304
7287.5592 185.8259
7287.3407 184.9974
7287.2186 184.8214
7286.6188 183.8170
7286.3391 183.1724
7286.1099 182.8125
7285.6476 181.8080
7285.3374 181.1040
7285.1694 180.8036
7284.7148 179.7991
7284.3658 178.7946
7284.3357 178.7361
7283.7895 177.7902
7283.4085 176.7857
7283.3341 176.6335
7282.8131 175.7812
7282.3658 174.7768
7282.3324 174.7122
7281.7834 173.7723
7281.3385 172.7679
7281.3307 172.7515
7280.8144 171.7634
7280.3290 170.8320
7280.2825 170.7589
7279.7390 169.7545
7279.3274 168.9398
7279.2024 168.7500
7278.7001 167.7455
7278.3257 167.0309
7278.1525 166.7411
7277.6526 165.7366
7277.3240 165.0928
7277.1060 164.7321
7276.6519 163.7277
7276.3224 163.0409
7276.1218 162.7232
7275.5435 161.7188
7275.3207 161.3405
7274.9600 160.7143
7274.4724 159.7098
7274.3190 159.4500
7273.8781 158.7054
7273.3928 157.7009
7273.3174 157.5675
7272.7602 156.6964
7272.3157 155.9930
7272.1122 155.6920
7271.5838 154.6875
7271.3140 154.2361
7270.9915 153.6830
7270.4767 152.6786
7270.3124 152.3957
7269.8472 151.6741
7269.3107 150.7474
7269.2592 150.6696
7268.6662 149.6652
7268.3090 149.1232
7268.0040 148.6607
7267.4443 147.6562
7267.3073 147.4362
7266.8137 146.6518
7266.3057 145.6891
7266.2804 145.6473
7265.6767 144.6429
7265.3040 144.0470
7265.0231 143.6384
7264.4287 142.6339
7264.3023 142.4594
7263.7522 141.6295
7263.3007 140.9192
7263.0707 140.6250
7262.3834 139.6205
7262.2990 139.5084
7261.7347 138.6161
7261.2973 137.9858
7261.0304 137.6116
7260.4946 136.6071
7260.2957 136.3116
7259.8221 135.6027
7259.2940 134.8024
7259.1481 134.5982
7258.4759 133.5938
7258.2923 133.3437
7257.7923 132.5893
7257.2907 131.8592
7257.0916 131.5848
7256.4247 130.5804
7256.2890 130.3859
7255.7254 129.5759
7255.2873 128.9431
7255.0109 128.5714
7254.2858 127.5670
7254.2856 127.5668
7253.5812 126.5625
7253.2840 126.1479
7252.8532 125.5580
7252.2823 124.7911
7252.1045 124.5536
7251.3489 123.5491
7251.2806 123.4647
7250.6401 122.5446
7250.2790 122.0570
7249.8998 121.5402
7249.2773 120.7116
7249.1379 120.5357
7248.4087 119.5312
7248.2756 119.3503
7247.7196 118.5268
7247.2740 117.9935
7246.9071 117.5223
7246.2723 116.6686
7246.1423 116.5179
7245.3109 115.5134
7245.2706 115.4680
7244.5059 114.5089
7244.2689 114.2378
7243.6923 113.5045
7243.2673 112.9466
7242.9053 112.5000
7242.2656 111.7216
7242.0772 111.4955
7241.3131 110.4911
7241.2639 110.4317
7240.5483 109.4866
7240.2623 109.1546
7239.7144 108.4821
7239.2606 107.9460
7238.8562 107.4777
7238.2589 106.7780
7237.9986 106.4732
7237.2573 105.6173
7237.1187 105.4688
7236.2556 104.4982
7236.2255 104.4643
7235.3665 103.4598
7235.2539 103.3299
7234.4747 102.4554
7234.2523 102.2005
7233.6795 101.4509
7233.2506 100.9558
7232.7981 100.4464
7232.2489 99.8290
7231.8900 99.4420
7231.2472 98.7297
7230.9804 98.4375
7230.2456 97.6521
7230.0448 97.4330
7229.2439 96.5382
7229.1447 96.4286
7228.2422 95.4250
7228.2413 95.4241
7227.2406 94.4720
7227.1916 94.4196
7226.2883 93.4152
7226.2389 93.3593
7225.3866 92.4107
7225.2372 92.2567
7224.4193 91.4062
7224.2356 91.2241
7223.4988 90.4018
7223.2339 90.1310
7222.4689 89.3973
7222.2322 89.1532
7221.4159 88.3929
7221.2306 88.2111
7220.4256 87.3884
7220.2289 87.2086
7219.4213 86.3839
7219.2272 86.1907
7218.2916 85.3795
7218.2255 85.3198
7217.2528 84.3750
7217.2239 84.3450
7216.3446 83.3705
7216.2222 83.2530
7215.2540 82.3661
7215.2205 82.3325
7214.2595 81.3616
7214.2189 81.3244
7213.2359 80.3571
7213.2172 80.3409
7212.2155 79.4583
7212.1168 79.3527
7211.2139 78.3579
7211.2050 78.3482
7210.3620 77.3437
7210.2122 77.1713
7209.5610 76.3393
7209.2105 75.8588
7208.8711 75.3348
7208.3354 74.3304
7208.2088 74.1017
7207.7793 73.3259
7207.2754 72.3214
7207.2072 72.2174
7206.7724 71.3170
7206.3273 70.3125
7206.2055 70.1157
7205.7967 69.3080
7205.4024 68.3036
7205.2038 67.8705
7204.9207 67.2991
7204.4790 66.2946
7204.2022 65.7386
7203.9810 65.2902
7203.5015 64.2857
7203.2005 63.7811
7202.8993 63.2812
7202.3688 62.2768
7202.1988 62.0141
7201.6015 61.2723
7201.1972 60.7826
7200.7636 60.2679
7200.1955 59.5994
7199.8887 59.2634
7199.1938 58.5149
7198.9358 58.2589
7198.1922 57.4799
7197.9584 57.2545
7197.1905 56.5598
7196.8559 56.2500
7196.1888 55.6718
7195.7154 55.2455
7195.1871 54.7891
7194.4652 54.2411
7194.1855 53.9947
7193.2940 53.2366
7193.1838 53.1540
7192.1821 52.3945
7191.9787 52.2321
7191.1805 51.6659
7190.5960 51.2277
7190.1788 50.8431
7189.4905 50.2232
7189.1771 49.9666
7188.2360 49.2188
7188.1755 49.1721
7187.1738 48.4964
7186.7918 48.2143
7186.1721 47.7589
7185.4308 47.2098
7185.1705 47.0138
7184.1688 46.2392
7184.1219 46.2054
7183.1671 45.5874
7182.7138 45.2009
7182.1654 44.6548
7181.6923 44.1964
7181.1638 43.6812
7180.6037 43.1920
7180.1621 42.8149
7179.3441 42.1875
7179.1604 42.0596
7178.1588 41.3208
7177.9824 41.1830
7177.1571 40.5846
7176.4619 40.1786
7176.1554 39.9908
7175.1538 39.4370
7174.6799 39.1741
7174.1521 38.9331
7173.1504 38.3382
7172.9166 38.1696
7172.1487 37.5618
7171.6497 37.1652
7171.1471 36.7178
7170.4861 36.1607
7170.1454 35.8798
7169.3056 35.1562
7169.1437 35.0204
7168.1421 34.3188
7167.8757 34.1518
7167.1404 33.7942
7166.1387 33.3921
7165.6190 33.1473
7165.1371 32.8903
7164.1354 32.2885
7163.9085 32.1429
7163.1337 31.6710
7162.2425 31.1384
7162.1321 31.0728
7161.1304 30.5836
7160.2956 30.1339
7160.1287 30.0355
7159.1270 29.4643
7158.5469 29.1295
7158.1254 28.8933
7157.1237 28.3638
7156.6654 28.1250
7156.1220 27.8709
7155.1204 27.3823
7154.6533 27.1205
7154.1187 26.7939
7153.1170 26.2733
7152.8092 26.1161
7152.1154 25.7518
7151.1137 25.2402
7150.8921 25.1116
7150.1120 24.6618
7149.2995 24.1071
7149.1104 23.9607
7148.1087 23.4348
7147.2475 23.1027
7147.1070 23.0493
7146.1053 22.7438
7145.1037 22.4282
7144.2691 22.0982
7144.1020 22.0403
7143.1003 21.6653
7142.0987 21.2080
7141.8924 21.0938
7141.0970 20.6232
7140.2605 20.0893
7140.0953 19.9672
7139.0937 19.3922
7138.3980 19.0848
7138.0920 18.9586
7137.0903 18.6788
7136.0886 18.4409
7135.0870 18.1369
7134.9579 18.0804
7134.0853 17.7076
7133.0836 17.1868
7132.9045 17.0759
7132.0820 16.5046
7131.2016 16.0714
7131.0803 16.0167
7130.0786 15.7377
7129.0770 15.4444
7128.0753 15.0742
7128.0600 15.0670
7127.0736 14.6299
7126.0720 14.1479
7125.8981 14.0625
7125.0703 13.6779
7124.0686 13.2266
7123.6349 13.0580
7123.0669 12.8668
7122.0653 12.6682
7121.0636 12.4923
7120.0619 12.2292
7119.5579 12.0536
7119.0603 11.8748
7118.0586 11.4536
7117.2381 11.0491
7117.0569 10.9588
7116.0553 10.5688
7115.0536 10.2413
7114.5637 10.0446
7114.0519 9.8338
7113.0503 9.4923
7112.0486 9.2084
7111.3591 9.0402
7111.0469 8.9588
7110.0452 8.7256
7109.0436 8.4582
7108.0419 8.1601
7107.6169 8.0357
7107.0402 7.8666
7106.0386 7.6431
7105.0369 7.4042
7104.0352 7.0938
7103.8097 7.0312
7103.0336 6.8722
7102.0319 6.6814
7101.0302 6.5077
7100.0285 6.3267
7099.0269 6.1081
7098.7011 6.0268
7098.0252 5.8482
7097.0235 5.6488
7096.0219 5.4933
7095.0202 5.2789
7094.2236 5.0223
7094.0185 4.9474
7093.0169 4.6447
7092.0152 4.4246
7091.0135 4.2295
7090.0345 4.0179
7090.0119 4.0143
7089.0102 4.0037
7088.9125 4.0179
7088.0085 4.2156
7087.0068 4.2095
7086.5335 4.0179
7086.0052 3.7996
7085.0035 3.1735
7084.8288 3.0134
7084.0327 2.0089
7084.0018 1.9590
7083.5960 1.0045
7083.4576 0.0000
