7267.6107 223.9955
7267.3641 223.3652
7267.2076 222.9911
7266.8209 221.9866
7266.4201 220.9821
7266.3624 220.8492
7266.0070 219.9777
7265.6177 218.9732
7265.3608 218.4122
7265.1650 217.9688
7264.7884 216.9643
7264.4227 215.9598
7264.3591 215.8196
7263.9935 214.9554
7263.5908 213.9509
7263.3574 213.4282
7263.1240 212.9464
7262.6733 211.9420
7262.3558 211.3021
7262.1925 210.9375
7261.7797 209.9330
7261.3541 208.9575
7261.3408 208.9286
7260.9224 207.9241
7260.5391 206.9196
7260.3524 206.5277
7260.0648 205.9152
7259.6400 204.9107
7259.3508 204.2982
7259.1706 203.9062
7258.7451 202.9018
7258.3491 202.0900
7258.2558 201.8973
7257.8331 200.8929
7257.3633 199.8884
7257.3474 199.8573
7256.9048 198.8839
7256.5038 197.8795
7256.3457 197.5581
7256.0168 196.8750
7255.5608 195.8705
7255.3441 195.4423
7255.0545 194.8661
7254.5505 193.8616
7254.3424 193.5132
7254.0068 192.8571
7253.5486 191.8527
7253.3407 191.4501
7253.0382 190.8482
7252.5974 189.8438
7252.3391 189.3414
7252.0951 188.8393
7251.6270 187.8348
7251.3374 187.3157
7251.0862 186.8304
7250.6260 185.8259
7250.3357 185.2723
7250.0995 184.8214
7249.6171 183.8170
7249.3341 183.3004
7249.0750 182.8125
7248.5819 181.8080
7248.3324 181.3328
7248.0801 180.8036
7247.5694 179.7991
7247.3307 179.3937
7247.0127 178.7946
7246.5218 177.7902
7246.3290 177.4422
7245.9498 176.7857
7245.3558 175.7812
7245.3274 175.7351
7244.8088 174.7768
7244.3257 173.9573
7244.2226 173.7723
7243.7260 172.7679
7243.3240 171.9551
7243.2221 171.7634
7242.6867 170.7589
7242.3224 170.1317
7242.1040 169.7545
7241.5435 168.7500
7241.3207 168.3851
7240.9729 167.7455
7240.4278 166.7411
7240.3190 166.5685
7239.8519 165.7366
7239.3174 164.8015
7239.2738 164.7321
7238.7485 163.7277
7238.3157 163.0152
7238.1496 162.7232
7237.5791 161.7188
7237.3140 161.3217
7236.9139 160.7143
7236.3124 159.7646
7236.2778 159.7098
7235.6924 158.7054
7235.3107 158.0882
7235.0756 157.7009
7234.4705 156.6964
7234.3090 156.4634
7233.8425 155.6920
7233.3073 154.7738
7233.2535 154.6875
7232.6922 153.6830
7232.3057 153.0643
7232.0596 152.6786
7231.4217 151.6741
7231.3040 151.5015
7230.8011 150.6696
7230.3023 149.9065
7230.1414 149.6652
7229.5487 148.6607
7229.3007 148.2800
7228.8954 147.6562
7228.2990 146.7593
7228.2203 146.6518
7227.5993 145.6473
7227.2973 145.2716
7226.8724 144.6429
7226.2957 143.7414
7226.2246 143.6384
7225.5807 142.6339
7225.2940 142.2185
7224.8814 141.6295
7224.2923 140.7654
7224.1969 140.6250
7223.5733 139.6205
7223.2907 139.2270
7222.8767 138.6161
7222.2890 137.7854
7222.1593 137.6116
7221.5704 136.6071
7221.2873 136.2282
7220.8561 135.6027
7220.2856 134.8436
7220.1022 134.5982
7219.4077 133.5938
7219.2840 133.4258
7218.6597 132.5893
7218.2823 132.1145
7217.9025 131.5848
7217.2806 130.7742
7217.1373 130.5804
7216.4740 129.5759
7216.2790 129.3119
7215.7623 128.5714
7215.2773 127.8788
7215.0501 127.5670
7214.3263 126.5625
7214.2756 126.4970
7213.6039 125.5580
7213.2740 125.1607
7212.8178 124.5536
7212.2723 123.8300
7212.0462 123.5491
7211.2995 122.5446
7211.2706 122.5092
7210.5221 121.5402
7210.2689 121.2310
7209.6804 120.5357
7209.2673 120.0423
7208.8883 119.5312
7208.2656 118.6329
7208.1866 118.5268
7207.3610 117.5223
7207.2639 117.4008
7206.6180 116.5179
7206.2623 116.0897
7205.7981 115.5134
7205.2606 114.8615
7204.9721 114.5089
7204.2589 113.6385
7204.1480 113.5045
7203.3469 112.5000
7203.2573 112.3986
7202.5334 111.4955
7202.2556 111.1364
7201.7248 110.4911
7201.2539 109.9629
7200.8467 109.4866
7200.2523 108.7964
7199.9887 108.4821
7199.2506 107.5854
7199.1581 107.4777
7198.2812 106.4732
7198.2489 106.4362
7197.4325 105.4688
7197.2472 105.2693
7196.5648 104.4643
7196.2456 104.1154
7195.6651 103.4598
7195.2439 102.9740
7194.7815 102.4554
7194.2422 101.7840
7193.9776 101.4509
7193.2406 100.6470
7193.0508 100.4464
7192.2389 99.5674
7192.1178 99.4420
7191.2372 98.5120
7191.1695 98.4375
7190.2631 97.4330
7190.2356 97.4034
7189.3022 96.4286
7189.2339 96.3580
7188.3652 95.4241
7188.2322 95.2800
7187.4341 94.4196
7187.2306 94.2174
7186.5012 93.4152
7186.2289 93.0976
7185.6153 92.4107
7185.2272 92.0150
7184.6588 91.4062
7184.2255 90.9758
7183.5883 90.4018
7183.2239 90.0749
7182.5437 89.3973
7182.2222 89.0659
7181.5607 88.3929
7181.2205 88.0449
7180.5534 87.3884
7180.2189 87.0781
7179.5354 86.3839
7179.2172 86.0771
7178.5185 85.3795
7178.2155 85.0542
7177.6045 84.3750
7177.2139 83.9683
7176.6686 83.3705
7176.2122 82.9463
7175.5271 82.3661
7175.2105 82.0557
7174.5160 81.3616
7174.2088 81.1054
7173.3751 80.3571
7173.2072 80.2046
7172.2923 79.3527
7172.2055 79.2671
7171.4184 78.3482
7171.2038 78.0934
7170.6450 77.3438
7170.2022 76.7285
7169.9475 76.3393
7169.3768 75.3348
7169.2005 75.0750
7168.8175 74.3304
7168.4192 73.3259
7168.1988 72.9269
7167.8707 72.3214
7167.4914 71.3170
7167.1972 70.5972
7167.0663 70.3125
7166.6526 69.3080
7166.2203 68.3036
7166.1955 68.2556
7165.8050 67.2991
7165.4154 66.2946
7165.1938 65.8080
7164.9663 65.2902
7164.5064 64.2857
7164.1922 63.6944
7163.9276 63.2812
7163.3516 62.2768
7163.1905 62.0643
7162.5760 61.2723
7162.1888 60.7921
7161.7289 60.2679
7161.1871 59.5982
7160.8648 59.2634
7160.1855 58.6167
7159.8125 58.2589
7159.1838 57.5453
7158.9092 57.2545
7158.1821 56.5656
7157.8257 56.2500
7157.1805 55.7304
7156.5536 55.2455
7156.1788 54.9398
7155.3173 54.2411
7155.1771 54.1115
7154.1755 53.2553
7154.1533 53.2366
7153.1738 52.4598
7152.9147 52.2321
7152.1721 51.5900
7151.7257 51.2277
7151.1705 50.7422
7150.5439 50.2232
7150.1688 49.9448
7149.1723 49.2188
7149.1671 49.2147
7148.1654 48.5967
7147.6481 48.2143
7147.1638 47.8388
7146.3518 47.2098
7146.1621 47.0605
7145.1888 46.2054
7145.1604 46.1799
7144.1588 45.2976
7144.0524 45.2009
7143.1571 44.3055
7143.0443 44.1964
7142.1554 43.4255
7141.8454 43.1920
7141.1538 42.6485
7140.5735 42.1875
7140.1521 41.8684
7139.2233 41.1830
7139.1504 41.1360
7138.1487 40.6549
7137.1471 40.2079
7137.0968 40.1786
7136.1454 39.5383
7135.6749 39.1741
7135.1437 38.8240
7134.3413 38.1696
7134.1421 37.9826
7133.1420 37.1652
7133.1404 37.1637
7132.1387 36.2866
7131.9940 36.1607
7131.1371 35.4219
7130.7473 35.1562
7130.1354 34.8099
7129.1337 34.3438
7128.7293 34.1518
7128.1321 33.8582
7127.1304 33.2956
7126.9061 33.1473
7126.1287 32.6215
7125.3821 32.1429
7125.1270 31.9891
7124.1254 31.4949
7123.4075 31.1384
7123.1237 30.9780
7122.1220 30.3797
7121.7129 30.1339
7121.1204 29.7977
7120.1187 29.2238
7119.9532 29.1295
7119.1170 28.6656
7118.1154 28.1374
7118.0940 28.1250
7117.1137 27.6252
7116.2825 27.1205
7116.1120 27.0096
7115.1104 26.4999
7114.3425 26.1161
7114.1087 25.9756
7113.1070 25.3980
7112.6283 25.1116
7112.1053 24.7839
7111.1845 24.1071
7111.1037 24.0517
7110.1020 23.6247
7109.1003 23.3507
7108.2620 23.1027
7108.0987 23.0483
7107.0970 22.6771
7106.0953 22.2431
7105.8249 22.0982
7105.0937 21.7390
7104.0920 21.1768
7103.9520 21.0938
7103.0903 20.5425
7102.4460 20.0893
7102.0886 19.8621
7101.0870 19.4413
7100.0853 19.1816
7099.6880 19.0848
7099.0836 18.9363
7098.0820 18.5857
7097.0803 18.1057
7097.0377 18.0804
7096.0786 17.4855
7095.4036 17.0759
7095.0770 16.8838
7094.0753 16.4486
7093.0736 16.1780
7092.7393 16.0714
7092.0720 15.8377
7091.0703 15.4044
7090.3807 15.0670
7090.0686 14.9117
7089.0669 14.4469
7088.2252 14.0625
7088.0653 13.9861
7087.0636 13.5379
7086.0619 13.2773
7085.0603 13.0886
7084.9623 13.0580
7084.0586 12.7900
7083.0569 12.4714
7082.0553 12.0656
7082.0313 12.0536
7081.0536 11.5553
7080.0519 11.0543
7080.0389 11.0491
7079.0503 10.7207
7078.0486 10.3770
7077.1351 10.0446
7077.0469 10.0125
7076.0452 9.6207
7075.0436 9.3878
7074.0419 9.1584
7073.6504 9.0402
7073.0402 8.8541
7072.0386 8.5469
7071.0369 8.2853
7070.0352 8.0399
7070.0220 8.0357
7069.0336 7.7542
7068.0319 7.4571
7067.0302 7.1499
7066.4339 7.0312
7066.0285 6.9768
7065.0269 6.8717
7064.0252 6.6834
7063.0235 6.5035
7062.0219 6.3686
7061.0202 6.2457
7060.1122 6.0268
7060.0185 6.0025
7059.0169 5.6993
7058.0152 5.4182
7057.0135 5.1398
7056.4844 5.0223
7056.0119 4.9385
7055.6396 5.0223
7055.0102 5.1638
7054.0085 5.1398
7053.6655 5.0223
7053.0068 4.6931
7052.0052 4.1255
7051.8655 4.0179
7051.0035 3.3505
7050.6970 3.0134
7050.0397 2.0089
7050.0018 1.9375
7049.6643 1.0045
7049.5456 0.0000
