7257.4641 224.9911
7257.0300 223.9955
7256.6044 222.9911
7256.4624 222.6859
7256.1506 221.9866
7255.7041 220.9821
7255.4608 220.4805
7255.2269 219.9777
7254.7846 218.9732
7254.4591 218.3574
7254.2674 217.9688
7253.8156 216.9643
7253.4574 216.0951
7253.3985 215.9598
7252.9390 214.9554
7252.4558 213.9675
7252.4477 213.9509
7252.0110 212.9464
7251.5223 211.9420
7251.4541 211.8210
7251.0417 210.9375
7250.5913 209.9330
7250.4524 209.6468
7250.1125 208.9286
7249.6649 207.9241
7249.4508 207.4723
7249.2011 206.9196
7248.7197 205.9152
7248.4491 205.4100
7248.2024 204.9107
7247.7463 203.9062
7247.4474 203.3205
7247.2394 202.9018
7246.7840 201.8973
7246.4457 201.2304
7246.2629 200.8929
7245.7395 199.8884
7245.4441 199.3587
7245.1986 198.8839
7244.7339 197.8795
7244.4424 197.3898
7244.1831 196.8750
7243.7313 195.8705
7243.4407 195.3140
7243.2009 194.8661
7242.6985 193.8616
7242.4391 193.3894
7242.1561 192.8571
7241.6498 191.8527
7241.4374 191.4863
7241.1061 190.8482
7240.6713 189.8438
7240.4357 189.4179
7240.1341 188.8393
7239.6374 187.8348
7239.4341 187.4771
7239.0820 186.8304
7238.5437 185.8259
7238.4324 185.6390
7238.0134 184.8214
7237.4842 183.8170
7237.4307 183.7309
7236.8722 182.8125
7236.4290 182.0747
7236.2777 181.8080
7235.8004 180.8036
7235.4274 180.1860
7235.2083 179.7991
7234.6894 178.7946
7234.4257 178.3595
7234.1049 177.7902
7233.5664 176.7857
7233.4240 176.5437
7233.0073 175.7812
7232.4389 174.7768
7232.4224 174.7500
7231.8759 173.7723
7231.4207 173.0379
7231.2622 172.7679
7230.7954 171.7634
7230.4190 171.1424
7230.1877 170.7589
7229.6389 169.7545
7229.4174 169.3829
7229.0473 168.7500
7228.4581 167.7455
7228.4157 167.6814
7227.8329 166.7411
7227.4140 166.1322
7227.1659 165.7366
7226.6031 164.7321
7226.4124 164.4057
7226.0443 163.7277
7225.4576 162.7232
7225.4107 162.6480
7224.8584 161.7188
7224.4090 161.0446
7224.2100 160.7143
7223.6493 159.7098
7223.4073 159.3376
7223.0064 158.7054
7222.4057 157.7342
7222.3843 157.7009
7221.7886 156.6964
7221.4040 156.1222
7221.1292 155.6920
7220.5576 154.6875
7220.4023 154.4626
7219.9367 153.6830
7219.4007 152.8380
7219.2811 152.6786
7218.5742 151.6741
7218.3990 151.4350
7217.9216 150.6696
7217.3973 149.8814
7217.2521 149.6652
7216.6498 148.6607
7216.3957 148.2850
7215.9831 147.6562
7215.3940 146.7412
7215.3332 146.6518
7214.7622 145.6473
7214.3923 145.1363
7214.0572 144.6429
7213.3907 143.6566
7213.3776 143.6384
7212.7174 142.6339
7212.3890 142.1698
7212.0133 141.6295
7211.3873 140.7168
7211.3238 140.6250
7210.6816 139.6205
7210.3856 139.2175
7209.9388 138.6161
7209.3840 137.8963
7209.1794 137.6116
7208.5966 136.6071
7208.3823 136.3105
7207.8622 135.6027
7207.3806 134.9894
7207.1046 134.5982
7206.4103 133.5938
7206.3790 133.5526
7205.7162 132.5893
7205.3773 132.1191
7204.9956 131.5848
7204.3756 130.7478
7204.2547 130.5804
7203.5758 129.5759
7203.3740 129.3135
7202.8561 128.5714
7202.3723 127.8593
7202.1445 127.5670
7201.3706 126.6040
7201.3380 126.5625
7200.5798 125.5580
7200.3689 125.3061
7199.8086 124.5536
7199.3673 123.9771
7199.0336 123.5491
7198.3656 122.6607
7198.2735 122.5446
7197.5023 121.5402
7197.3639 121.3702
7196.7412 120.5357
7196.3623 120.0398
7195.9749 119.5312
7195.3606 118.6561
7195.2669 118.5268
7194.4574 117.5223
7194.3589 117.4038
7193.6546 116.5179
7193.3573 116.1662
7192.8236 115.5134
7192.3556 114.9549
7191.9660 114.5089
7191.3539 113.8055
7191.1094 113.5045
7190.3523 112.5686
7190.2943 112.5000
7189.5090 111.4955
7189.3506 111.2962
7188.7560 110.4911
7188.3489 109.9930
7187.9213 109.4866
7187.3472 108.8215
7187.0549 108.4821
7186.3456 107.6721
7186.1781 107.4777
7185.3473 106.4732
7185.3439 106.4693
7184.4956 105.4688
7184.3422 105.2987
7183.5114 104.4643
7183.3406 104.2978
7182.6467 103.4598
7182.3389 103.1008
7181.7842 102.4554
7181.3372 101.8970
7180.9675 101.4509
7180.3356 100.7565
7180.0532 100.4464
7179.3339 99.6607
7179.1384 99.4420
7178.3322 98.4955
7178.2780 98.4375
7177.3667 97.4330
7177.3306 97.3943
7176.3814 96.4286
7176.3289 96.3743
7175.4904 95.4241
7175.3272 95.2498
7174.4815 94.4196
7174.3255 94.2735
7173.5176 93.4152
7173.3239 93.1988
7172.6419 92.4107
7172.3222 92.0770
7171.6878 91.4062
7171.3205 91.0206
7170.7299 90.4018
7170.3189 89.9894
7169.7292 89.3973
7169.3172 88.9989
7168.7044 88.3929
7168.3155 88.0063
7167.7083 87.3884
7167.3139 86.9987
7166.6843 86.3839
7166.3122 86.0156
7165.5887 85.3795
7165.3105 85.1230
7164.5754 84.3750
7164.3088 84.1128
7163.6079 83.3705
7163.3072 83.0749
7162.5440 82.3661
7162.3055 82.1407
7161.6080 81.3616
7161.3038 81.0811
7160.5917 80.3571
7160.3022 80.0811
7159.5767 79.3527
7159.3005 79.0508
7158.6455 78.3482
7158.2988 77.9170
7157.9051 77.3438
7157.2972 76.4295
7157.2293 76.3393
7156.5854 75.3348
7156.2955 74.9211
7156.0077 74.3304
7155.6850 73.3259
7155.2938 72.5831
7155.1335 72.3214
7154.7679 71.3170
7154.4047 70.3125
7154.2922 70.0321
7153.9986 69.3080
7153.6832 68.3036
7153.2905 67.4172
7153.2375 67.2991
7152.8983 66.2946
7152.5521 65.2902
7152.2888 64.8147
7152.0073 64.2857
7151.5591 63.2812
7151.2871 62.8054
7150.9216 62.2768
7150.2855 61.4841
7150.0999 61.2723
7149.2838 60.2709
7149.2806 60.2679
7148.3338 59.2634
7148.2821 59.2176
7147.2805 58.2858
7147.2532 58.2589
7146.3478 57.2545
7146.2788 57.1870
7145.2771 56.3009
7145.2190 56.2500
7144.2755 55.4410
7144.0541 55.2455
7143.2738 54.5751
7142.8499 54.2411
7142.2721 53.7461
7141.6841 53.2366
7141.2705 52.9104
7140.5086 52.2321
7140.2688 52.0027
7139.2671 51.2358
7139.2559 51.2277
7138.2654 50.4853
7137.9363 50.2232
7137.2638 49.7383
7136.5333 49.2188
7136.2621 49.0137
7135.2604 48.3232
7135.1298 48.2143
7134.2588 47.4926
7133.9363 47.2098
7133.2571 46.5935
7132.8266 46.2054
7132.2554 45.6931
7131.7225 45.2009
7131.2538 44.7329
7130.6391 44.1964
7130.2521 43.8795
7129.3778 43.1920
7129.2504 43.0834
7128.2487 42.2908
7128.1133 42.1875
7127.2471 41.5951
7126.6490 41.1830
7126.2454 40.9512
7125.2437 40.5212
7124.6410 40.1786
7124.2421 39.8892
7123.3251 39.1741
7123.2404 39.1166
7122.2387 38.3379
7122.0269 38.1696
7121.2371 37.5105
7120.8269 37.1652
7120.2354 36.6421
7119.6654 36.1607
7119.2337 35.7935
7118.4323 35.1562
7118.2321 35.0262
7117.2304 34.5959
7116.2962 34.1518
7116.2287 34.1156
7115.2270 33.5411
7114.6589 33.1473
7114.2254 32.8456
7113.2237 32.2379
7113.0412 32.1429
7112.2220 31.7557
7111.2204 31.2776
7110.9809 31.1384
7110.2187 30.6708
7109.4330 30.1339
7109.2170 29.9944
7108.2154 29.4209
7107.6997 29.1295
7107.2137 28.8512
7106.2120 28.3346
7105.8516 28.1250
7105.2104 27.7820
7104.2087 27.2007
7104.0567 27.1205
7103.2070 26.7174
7102.2053 26.2017
7102.0643 26.1161
7101.2037 25.5753
7100.5194 25.1116
7100.2020 24.8932
7099.2003 24.2029
7099.0293 24.1071
7098.1987 23.7585
7097.1970 23.5058
7096.1953 23.2122
7095.8574 23.1027
7095.1937 22.8578
7094.1920 22.4232
7093.6097 22.0982
7093.1903 21.8780
7092.1886 21.2800
7091.9124 21.0938
7091.1870 20.5746
7090.4875 20.0893
7090.1853 19.9049
7089.1836 19.5537
7088.1820 19.3205
7087.2604 19.0848
7087.1803 19.0622
7086.1786 18.6770
7085.1770 18.1622
7085.0399 18.0804
7084.1753 17.5315
7083.4786 17.0759
7083.1736 16.8926
7082.1720 16.5218
7081.1703 16.2595
7080.6699 16.0714
7080.1686 15.8702
7079.1669 15.4021
7078.4739 15.0670
7078.1653 14.9092
7077.1636 14.4986
7076.2499 14.0625
7076.1619 14.0197
7075.1603 13.6199
7074.1586 13.3925
7073.1569 13.1773
7072.8306 13.0580
7072.1553 12.8174
7071.1536 12.4580
7070.2759 12.0536
7070.1519 11.9913
7069.1503 11.4838
7068.1486 11.0768
7068.0717 11.0491
7067.1469 10.7435
7066.1452 10.3540
7065.4276 10.0446
7065.1436 9.9297
7064.1419 9.6252
7063.1402 9.4147
7062.1386 9.1345
7061.8556 9.0402
7061.1369 8.8140
7060.1352 8.5400
7059.1336 8.3314
7058.1470 8.0357
7058.1319 8.0315
7057.1302 7.7208
7056.1285 7.4163
7055.1269 7.2238
7054.1252 7.1081
7053.7642 7.0312
7053.1235 6.9236
7052.1219 6.7036
7051.1202 6.5972
7050.1185 6.5000
7049.1169 6.3645
7048.1152 6.0276
7048.1133 6.0268
7047.1135 5.7207
7046.1119 5.4864
7045.1102 5.4382
7044.1085 5.4242
7043.1068 5.2225
7042.6401 5.0223
7042.1052 4.6990
7041.1369 4.0179
7041.1035 3.9950
7040.1234 3.0134
7040.1018 2.9865
7039.5803 2.0089
7039.1623 1.0045
7039.1002 0.6257
7039.0287 0.0000
