7249.7498 223.9955
7249.3624 223.1970
7249.2631 222.9911
7248.8184 221.9866
7248.3608 221.0816
7248.3107 220.9821
7247.8728 219.9777
7247.3830 218.9732
7247.3591 218.9297
7246.9091 217.9688
7246.4381 216.9643
7246.3574 216.7938
7245.9722 215.9598
7245.4603 214.9554
7245.3558 214.7708
7244.9441 213.9509
7244.4274 212.9464
7244.3541 212.8188
7243.9337 211.9420
7243.4591 210.9375
7243.3524 210.7335
7242.9668 209.9330
7242.4776 208.9286
7242.3508 208.6826
7241.9906 207.9241
7241.5263 206.9196
7241.3491 206.6024
7241.0117 205.9152
7240.5339 204.9107
7240.3474 204.5829
7239.9961 203.9062
7239.5116 202.9018
7239.3457 202.5833
7239.0006 201.8973
7238.4803 200.8929
7238.3441 200.6483
7237.9756 199.8884
7237.4779 198.8839
7237.3424 198.6280
7236.9527 197.8795
7236.3951 196.8750
7236.3407 196.7826
7235.8703 195.8705
7235.3391 194.8714
7235.3362 194.8661
7234.8204 193.8616
7234.3374 193.0028
7234.2541 192.8571
7233.7594 191.8527
7233.3357 191.0968
7233.1929 190.8482
7232.7351 189.8438
7232.3341 189.0978
7232.1906 188.8393
7231.6740 187.8348
7231.3324 187.2749
7231.0842 186.8304
7230.5713 185.8259
7230.3307 185.4230
7230.0016 184.8214
7229.4895 183.8170
7229.3290 183.5445
7228.9146 182.8125
7228.3761 181.8080
7228.3274 181.7199
7227.8260 180.8036
7227.3257 180.0567
7227.1736 179.7991
7226.6595 178.7946
7226.3240 178.2072
7226.0811 177.7902
7225.5250 176.7857
7225.3224 176.4573
7224.9181 175.7812
7224.3225 174.7768
7224.3207 174.7740
7223.7865 173.7723
7223.3190 172.9782
7223.1930 172.7679
7222.7056 171.7634
7222.3174 171.1139
7222.1056 170.7589
7221.5440 169.7545
7221.3157 169.3963
7220.9301 168.7500
7220.3251 167.7455
7220.3140 167.7291
7219.7226 166.7411
7219.3124 166.1106
7219.0618 165.7366
7218.4334 164.7321
7218.3107 164.5349
7217.8766 163.7277
7217.3090 162.8062
7217.2578 162.7232
7216.6963 161.7188
7216.3073 161.0700
7216.0820 160.7143
7215.4972 159.7098
7215.3057 159.4283
7214.8498 158.7054
7214.3040 157.8560
7214.2018 157.7009
7213.5867 156.6964
7213.3023 156.3004
7212.9217 155.6920
7212.3556 154.6875
7212.3007 154.5988
7211.7654 153.6830
7211.2990 152.9845
7211.1011 152.6786
7210.4473 151.6741
7210.2973 151.4595
7209.7608 150.6696
7209.2957 150.0264
7209.0575 149.6652
7208.4283 148.6607
7208.2940 148.4618
7207.7654 147.6562
7207.2923 146.9905
7207.0646 146.6518
7206.4971 145.6473
7206.2907 145.3665
7205.8043 144.6429
7205.2890 143.8371
7205.1509 143.6384
7204.4921 142.6339
7204.2873 142.3561
7203.8109 141.6295
7203.2856 140.8953
7203.0866 140.6250
7202.4473 139.6205
7202.2840 139.3932
7201.7055 138.6161
7201.2823 138.0646
7200.9505 137.6116
7200.3157 136.6071
7200.2806 136.5643
7199.6163 135.6027
7199.2790 135.1528
7198.8760 134.5982
7198.2773 133.7462
7198.1633 133.5938
7197.4882 132.5893
7197.2756 132.3052
7196.7794 131.5848
7196.2740 130.9088
7196.0268 130.5804
7195.3388 129.5759
7195.2723 129.4853
7194.6189 128.5714
7194.2706 128.0950
7193.9028 127.5670
7193.2689 126.7321
7193.1281 126.5625
7192.3560 125.5580
7192.2673 125.4542
7191.5759 124.5536
7191.2656 124.1627
7190.7822 123.5491
7190.2639 122.9005
7190.0005 122.5446
7189.2623 121.5506
7189.2537 121.5402
7188.4775 120.5357
7188.2606 120.2531
7187.7214 119.5312
7187.2589 118.9032
7186.9912 118.5268
7186.2573 117.6203
7186.1754 117.5223
7185.4002 116.5179
7185.2556 116.3364
7184.6229 115.5134
7184.2539 115.0565
7183.7560 114.5089
7183.2523 113.9938
7182.8563 113.5045
7182.2506 112.7320
7182.0599 112.5000
7181.2489 111.5092
7181.2375 111.4955
7180.4924 110.4911
7180.2472 110.1912
7179.7044 109.4866
7179.2456 108.9463
7178.8437 108.4821
7178.2439 107.7719
7177.9905 107.4777
7177.2422 106.6073
7177.1275 106.4732
7176.2787 105.4688
7176.2406 105.4275
7175.4436 104.4643
7175.2389 104.2433
7174.4422 103.4598
7174.2372 103.2391
7173.5443 102.4554
7173.2356 102.0989
7172.7437 101.4509
7172.2339 100.8605
7171.8673 100.4464
7171.2322 99.7272
7170.9689 99.4420
7170.2306 98.6349
7170.0545 98.4375
7169.2289 97.5339
7169.1347 97.4330
7168.2272 96.4380
7168.2185 96.4286
7167.2827 95.4241
7167.2255 95.3620
7166.3186 94.4196
7166.2239 94.3275
7165.3807 93.4152
7165.2222 93.2333
7164.5200 92.4107
7164.2205 92.0897
7163.5790 91.4062
7163.2189 91.0480
7162.6172 90.4018
7162.2172 89.9969
7161.6442 89.3973
7161.2155 88.9304
7160.6688 88.3929
7160.2139 87.9709
7159.6630 87.3884
7159.2122 86.9408
7158.6753 86.3839
7158.2105 85.8928
7157.6826 85.3795
7157.2088 84.8974
7156.5931 84.3750
7156.2072 84.0118
7155.6426 83.3705
7155.2055 82.9543
7154.6068 82.3661
7154.2038 81.9658
7153.6337 81.3616
7153.2022 80.9547
7152.6387 80.3571
7152.2005 79.9539
7151.6271 79.3527
7151.1988 78.8806
7150.7278 78.3482
7150.1972 77.7014
7149.9298 77.3438
7149.2997 76.3393
7149.1955 76.1734
7148.7256 75.3348
7148.1938 74.3531
7148.1797 74.3304
7147.7067 73.3259
7147.3007 72.3214
7147.1922 72.0794
7146.8664 71.3170
7146.5267 70.3125
7146.1905 69.4976
7146.1107 69.3080
7145.7843 68.3036
7145.4671 67.2991
7145.1888 66.6819
7145.0171 66.2946
7144.7002 65.2902
7144.2880 64.2857
7144.1871 64.0809
7143.7409 63.2812
7143.1855 62.3777
7143.1105 62.2768
7142.2827 61.2723
7142.1838 61.1500
7141.4526 60.2679
7141.1821 59.9446
7140.5445 59.2634
7140.1805 58.9162
7139.4827 58.2589
7139.1788 57.9181
7138.5078 57.2545
7138.1771 56.9541
7137.3838 56.2500
7137.1755 56.0848
7136.1826 55.2455
7136.1738 55.2371
7135.1721 54.3938
7134.9821 54.2411
7134.1705 53.5392
7133.8283 53.2366
7133.1688 52.6833
7132.6616 52.2321
7132.1671 51.7690
7131.4782 51.2277
7131.1654 50.9770
7130.1638 50.3018
7130.0607 50.2232
7129.1621 49.5968
7128.6420 49.2188
7128.1604 48.8467
7127.3267 48.2143
7127.1588 48.0790
7126.1571 47.2299
7126.1349 47.2098
7125.1554 46.3132
7125.0387 46.2054
7124.1538 45.3739
7123.9613 45.2009
7123.1521 44.4210
7122.9092 44.1964
7122.1504 43.5555
7121.6522 43.1920
7121.1487 42.8087
7120.3517 42.1875
7120.1471 42.0490
7119.1454 41.4495
7118.7019 41.1830
7118.1437 40.8918
7117.1421 40.3741
7116.8531 40.1786
7116.1404 39.6313
7115.5946 39.1741
7115.1387 38.8419
7114.3693 38.1696
7114.1371 37.9466
7113.1977 37.1652
7113.1354 37.1083
7112.1337 36.3129
7111.9548 36.1607
7111.1321 35.5055
7110.5810 35.1562
7110.1304 34.9181
7109.1287 34.4877
7108.4991 34.1518
7108.1270 33.9330
7107.1254 33.2746
7106.9454 33.1473
7106.1237 32.6015
7105.3092 32.1429
7105.1220 32.0419
7104.1204 31.5663
7103.2495 31.1384
7103.1187 31.0643
7102.1170 30.4087
7101.7354 30.1339
7101.1154 29.7478
7100.1137 29.1972
7099.9930 29.1295
7099.1120 28.6486
7098.1699 28.1250
7098.1104 28.0925
7097.1087 27.5464
7096.3993 27.1205
7096.1070 26.9474
7095.1053 26.4952
7094.4411 26.1161
7094.1037 25.8992
7093.1020 25.2397
7092.9180 25.1116
7092.1003 24.5466
7091.3898 24.1071
7091.0987 23.9605
7090.0970 23.7059
7089.0953 23.4214
7088.1302 23.1027
7088.0937 23.0881
7087.0920 22.6457
7086.0903 22.1584
7085.9948 22.0982
7085.0886 21.5565
7084.4040 21.0938
7084.0870 20.8536
7083.0853 20.1569
7082.9557 20.0893
7082.0836 19.7293
7081.0820 19.4856
7080.0803 19.2534
7079.6680 19.0848
7079.0786 18.8352
7078.0770 18.3265
7077.6156 18.0804
7077.0753 17.7615
7076.0736 17.1084
7076.0124 17.0759
7075.0720 16.6804
7074.0703 16.4122
7073.0845 16.0714
7073.0686 16.0652
7072.0669 15.5742
7071.0653 15.1037
7070.9882 15.0670
7070.0636 14.6339
7069.0619 14.1627
7068.8186 14.0625
7068.0603 13.7738
7067.0586 13.5310
7066.0569 13.3280
7065.2472 13.0580
7065.0553 12.9902
7064.0536 12.5984
7063.0519 12.1409
7062.8900 12.0536
7062.0503 11.6193
7061.0486 11.1926
7060.6469 11.0491
7060.0469 10.8420
7059.0452 10.4613
7058.0436 10.0479
7058.0350 10.0446
7057.0419 9.7342
7056.0402 9.5208
7055.0386 9.2346
7054.4490 9.0402
7054.0369 8.9101
7053.0352 8.6351
7052.0336 8.3984
7051.0319 8.1257
7050.7860 8.0357
7050.0302 7.7982
7049.0285 7.5103
7048.0269 7.3580
7047.0252 7.2522
7046.0235 7.0451
7045.9806 7.0312
7045.0219 6.8135
7044.0202 6.6987
7043.0185 6.6094
7042.0169 6.4918
7041.0152 6.2216
7040.5784 6.0268
7040.0135 5.8182
7039.0119 5.6915
7038.0102 5.6474
7037.0085 5.4710
7036.0068 5.1034
7035.8735 5.0223
7035.0052 4.3898
7034.6101 4.0179
7034.0035 3.4474
7033.5968 3.0134
7033.0018 2.1380
7032.9369 2.0089
7032.6019 1.0045
7032.4900 0.0000
