7475.0090 169.1823
7476.0107 169.1709
7477.0124 169.1409
7478.0140 169.0900
7479.0157 169.0449
7480.0174 169.0064
7481.0190 168.9916
7482.0207 168.9602
7483.0224 168.8626
7483.7772 168.7500
7484.0240 168.7199
7485.0257 168.5602
7486.0274 168.4017
7487.0290 168.2374
7488.0307 168.0914
7489.0324 167.9962
7490.0341 167.8876
7491.0357 167.7514
7491.0818 167.7455
7492.0374 167.6355
7493.0391 167.5703
7494.0407 167.5207
7495.0424 167.4294
7496.0441 167.2731
7497.0457 167.1647
7498.0474 167.1126
7499.0491 167.0552
7500.0508 166.9565
7501.0524 166.8539
7502.0541 166.7949
7502.2941 166.7411
7503.0558 166.5778
7504.0574 166.0100
7504.3108 165.7366
7505.0205 164.7321
7505.0591 164.6567
7505.4699 163.7277
7505.8970 162.7232
7506.0608 162.3844
7506.3787 161.7188
7506.7656 160.7143
7507.0624 159.9321
7507.1521 159.7098
7507.3424 158.7054
7507.1484 157.7009
7507.0624 157.5652
7506.0608 156.9329
7505.0591 156.8817
7504.0574 156.7327
7503.5810 156.6964
7503.0558 156.6563
7502.8206 156.6964
7502.0541 156.8206
7501.0524 156.9150
7500.0508 156.7903
7499.7143 156.6964
7499.0491 156.5127
7498.0474 156.3989
7497.0457 156.5653
7496.5424 156.6964
7496.0441 156.8258
7495.0424 156.9878
7494.0407 157.1641
7493.0391 157.3037
7492.0374 157.3393
7491.0357 157.3579
7490.0341 157.5087
7489.0324 157.6943
7488.0307 157.6831
7487.0290 157.6602
7486.7977 157.7009
7486.0274 157.8259
7485.0257 158.0800
7484.0240 158.2883
7483.0224 158.4519
7482.0207 158.5258
7481.0190 158.4288
7480.0174 158.3996
7479.0157 158.5236
7478.0140 158.6944
7477.9150 158.7054
7477.0124 158.7992
7476.0107 158.9021
7475.0090 158.9611
7474.0073 158.9928
7473.0057 158.9686
7472.0040 158.8510
7471.0660 158.7054
7471.0023 158.6954
7470.0007 158.5279
7468.9990 158.3035
7467.9973 158.0757
7466.9957 157.7923
7466.7224 157.7009
7465.9940 157.4553
7464.9923 157.0933
7464.1003 156.6964
7463.9907 156.6499
7462.9890 156.2049
7461.9873 155.7695
7461.7769 155.6920
7460.9856 155.4294
7459.9840 155.0135
7459.4905 154.6875
7458.9823 154.2947
7458.3102 153.6830
7457.9806 153.4014
7457.2150 152.6786
7456.9790 152.4441
7456.2731 151.6741
7455.9773 151.3443
7455.2904 150.6696
7454.9756 150.3726
7454.2297 149.6652
7453.9740 149.4290
7453.3061 148.6607
7452.9723 148.1597
7452.6363 147.6562
7452.0186 146.6518
7451.9706 146.5704
7451.4141 145.6473
7450.9689 145.1171
7450.5663 144.6429
7449.9673 143.7607
7449.8778 143.6384
7449.2466 142.6339
7448.9656 142.0714
7448.7353 141.6295
7448.3374 140.6250
7447.9639 139.6415
7447.9567 139.6205
7447.6163 138.6161
7447.3175 137.6116
7446.9773 136.6071
7446.9623 136.5716
7446.5568 135.6027
7446.2156 134.5982
7445.9606 133.8061
7445.8876 133.5938
7445.5891 132.5893
7445.3620 131.5848
7445.1016 130.5804
7444.9589 130.0254
7444.8461 129.5759
7444.6299 128.5714
7444.4612 127.5670
7444.2902 126.5625
7444.1237 125.5580
7444.0067 124.5536
7443.9573 124.2734
7443.8332 123.5491
7443.6894 122.5446
7443.5572 121.5402
7443.4586 120.5357
7443.3987 119.5312
7443.3331 118.5268
7443.2560 117.5223
7443.1854 116.5179
7443.1018 115.5134
7442.9864 114.5089
7442.9556 114.2685
7442.8652 113.5045
7442.7966 112.5000
7442.7348 111.4955
7442.6226 110.4911
7442.4515 109.4866
7442.2567 108.4821
7442.1064 107.4777
7441.9942 106.4732
7441.9539 106.0662
7441.9026 105.4688
7441.8352 104.4643
7441.7664 103.4598
7441.6831 102.4554
7441.5856 101.4509
7441.4708 100.4464
7441.3693 99.4420
7441.2373 98.4375
7441.0488 97.4330
7440.9523 97.0034
7440.8295 96.4286
7440.5869 95.4241
7440.3387 94.4196
7439.9655 93.4152
7439.9506 93.3663
7439.7194 92.4107
7439.4077 91.4062
7439.0855 90.4018
7438.9489 90.0049
7438.7564 89.3973
7438.4463 88.3929
7438.0608 87.3884
7437.9472 87.1619
7437.6645 86.3839
7437.3587 85.3795
7436.9456 84.5364
7436.8584 84.3750
7436.4441 83.3705
7435.9820 82.3661
7435.9439 82.2933
7435.5106 81.3616
7435.0304 80.3571
7434.9422 80.2112
7434.4803 79.3527
7433.9593 78.3482
7433.9406 78.3186
7433.4591 77.3438
7432.9408 76.3393
7432.9389 76.3367
7432.3173 75.3348
7431.9372 74.6707
7431.7046 74.3304
7430.9356 73.3515
7430.9198 73.3259
7430.4646 72.3214
7429.9339 71.5096
7429.7932 71.3170
7429.1302 70.3125
7428.9322 70.0428
7428.3476 69.3080
7427.9306 68.7990
7427.5700 68.3036
7426.9289 67.4318
7426.8276 67.2991
7426.0758 66.2946
7425.9272 66.1217
7425.1229 65.2902
7424.9255 65.0531
7424.3510 64.2857
7423.9239 63.8236
7423.4310 63.2812
7422.9222 62.8302
7422.2848 62.2768
7421.9205 61.8331
7421.4457 61.2723
7420.9189 60.7355
7420.5186 60.2679
7419.9172 59.6703
7419.4993 59.2634
7418.9155 58.6096
7418.5886 58.2589
7417.9139 57.4250
7417.7727 57.2545
7416.9122 56.4370
7416.7271 56.2500
7415.9105 55.3365
7415.8254 55.2455
7414.9088 54.2592
7414.8909 54.2411
7413.9386 53.2366
7413.9072 53.2062
7412.9055 52.3087
7412.8322 52.2321
7411.9531 51.2277
7411.9038 51.1728
7411.1053 50.2232
7410.9022 50.0101
7410.1871 49.2188
7409.9005 48.8898
7409.3234 48.2143
7408.8988 47.7356
7408.4066 47.2098
7407.8972 46.6979
7407.3759 46.2054
7406.8955 45.7605
7406.2621 45.2009
7405.8938 44.8808
7404.9681 44.1964
7404.8922 44.1331
7403.8905 43.4157
7403.6192 43.1920
7402.8888 42.6088
7402.4207 42.1875
7401.8871 41.6682
7401.3706 41.1830
7400.8855 40.6636
7400.3829 40.1786
7399.8838 39.7198
7399.1929 39.1741
7398.8821 38.9760
7397.8805 38.4108
7397.5047 38.1696
7396.8788 37.7445
7395.8771 37.2687
7395.7141 37.1652
7394.8755 36.6095
7394.0474 36.1607
7393.8738 36.0712
7392.8721 35.5990
7392.1728 35.1562
7391.8705 34.8979
7390.9858 34.1518
7390.8688 34.0405
7389.8671 33.1938
7389.8079 33.1473
7388.8654 32.4753
7388.3368 32.1429
7387.8638 31.8922
7386.8621 31.4903
7386.1489 31.1384
7385.8604 30.9618
7384.8588 30.4910
7384.0959 30.1339
7383.8571 30.0036
7382.8554 29.4302
7382.3552 29.1295
7381.8538 28.8430
7380.8521 28.3781
7380.3532 28.1250
7379.8504 27.8760
7378.8487 27.4763
7378.0287 27.1205
7377.8471 27.0128
7376.8454 26.4248
7376.2433 26.1161
7375.8437 25.9097
7374.8421 25.4152
7374.2755 25.1116
7373.8404 24.8966
7372.8387 24.4915
7372.1309 24.1071
7371.8371 23.9183
7370.8354 23.4504
7370.0588 23.1027
7369.8337 22.9668
7368.8321 22.4221
7368.3272 22.0982
7367.8304 21.8144
7366.8287 21.2901
7366.4459 21.0938
7365.8270 20.8660
7364.8254 20.7190
7363.8237 20.5806
7362.8220 20.3357
7362.2276 20.0893
7361.8204 19.8669
7360.8187 19.3314
7360.3130 19.0848
7359.8170 18.8441
7358.8154 18.3751
7358.3045 18.0804
7357.8137 17.7893
7356.8120 17.2890
7356.4081 17.0759
7355.8104 16.8314
7354.8087 16.6923
7353.8070 16.5498
7352.8053 16.2701
7352.3457 16.0714
7351.8037 15.8175
7350.8020 15.3159
7350.3577 15.0670
7349.8003 14.7644
7348.7987 14.2570
7348.4173 14.0625
7347.7970 13.8225
7346.7953 13.7069
7345.7937 13.5673
7344.7920 13.3062
7344.2892 13.0580
7343.7903 12.7448
7342.7886 12.2236
7342.4098 12.0536
7341.7870 11.8022
7340.7853 11.6094
7339.7836 11.4139
7338.7820 11.0828
7338.6808 11.0491
7337.7803 10.7977
7336.7786 10.6809
7335.7770 10.5280
7334.7753 10.2322
7334.3694 10.0446
7333.7736 9.6876
7332.7720 9.2046
7332.2649 9.0402
7331.7703 8.8866
7330.7686 8.7186
7329.7669 8.4801
7328.7653 8.1190
7328.5013 8.0357
7327.7636 7.8319
7326.7619 7.6825
7325.7603 7.4814
7324.7586 7.2145
7324.1715 7.0312
7323.7569 6.8968
7322.7553 6.6793
7321.7536 6.4491
7320.7519 6.1483
7320.4119 6.0268
7319.7503 5.8079
7318.7486 5.7330
7317.7469 5.7826
7316.7452 5.7133
7315.7436 5.4606
7314.7419 5.0754
7314.5633 5.0223
7313.7402 4.7770
7312.7386 4.5736
7311.7369 4.2661
7311.1700 4.0179
7310.7352 3.8576
7309.7336 3.6673
7308.7319 3.6166
7307.7302 3.6091
7306.7285 3.5431
7305.7269 3.3331
7304.9245 3.0134
7304.7252 2.9243
7303.7235 2.6574
7302.7219 2.5842
7301.7202 2.5753
7300.7185 2.6173
7299.7169 2.6352
7298.7152 2.4593
7297.7135 2.1732
7297.1937 2.0089
7296.7119 1.8411
7295.7102 1.6859
7294.7085 1.6415
7293.7068 1.6492
7292.7052 1.6610
7291.7035 1.5183
7290.7018 1.1519
7290.3546 1.0045
7289.7854 0.0000
