7233.0918 223.9955
7232.8608 223.5875
7232.5570 222.9911
7232.0804 221.9866
7231.8591 221.5862
7231.5401 220.9821
7231.0611 219.9777
7230.8574 219.5997
7230.5333 218.9732
7230.0296 217.9688
7229.8558 217.6624
7229.5002 216.9643
7229.0524 215.9598
7228.8541 215.6232
7228.4908 214.9554
7227.9827 213.9509
7227.8524 213.7160
7227.4202 212.9464
7226.8508 211.9792
7226.8301 211.9420
7226.3275 210.9375
7225.8491 210.0889
7225.7606 209.9330
7225.2762 208.9286
7224.8474 208.0947
7224.7536 207.9241
7224.2807 206.9196
7223.8457 206.1105
7223.7351 205.9152
7223.2171 204.9107
7222.8441 204.2676
7222.6448 203.9062
7222.1437 202.9018
7221.8424 202.3829
7221.5760 201.8973
7221.0698 200.8929
7220.8407 200.4895
7220.5067 199.8884
7219.9881 198.8839
7219.8391 198.5991
7219.4589 197.8795
7218.8374 196.8931
7218.8266 196.8750
7218.3090 195.8705
7217.8357 194.9990
7217.7574 194.8661
7217.2273 193.8616
7216.8341 193.1927
7216.6366 192.8571
7216.0929 191.8527
7215.8324 191.4333
7215.5024 190.8482
7215.0157 189.8438
7214.8307 189.5305
7214.4457 188.8393
7213.9003 187.8348
7213.8290 187.7150
7213.3220 186.8304
7212.8274 185.9949
7212.7273 185.8259
7212.2041 184.8214
7211.8257 184.2100
7211.5922 183.8170
7211.0682 182.8125
7210.8240 182.3843
7210.4676 181.8080
7209.8978 180.8036
7209.8224 180.6934
7209.3049 179.7991
7208.8207 179.0225
7208.6773 178.7946
7208.1283 177.7902
7207.8190 177.2803
7207.5219 176.7857
7206.9386 175.7812
7206.8174 175.5890
7206.3468 174.7768
7205.8157 173.9009
7205.7356 173.7723
7205.1698 172.7679
7204.8140 172.1423
7204.6028 171.7634
7204.0476 170.7589
7203.8124 170.3808
7203.4228 169.7545
7202.8107 168.7768
7202.7937 168.7500
7202.2246 167.7455
7201.8090 167.1051
7201.5491 166.7411
7200.8982 165.7366
7200.8073 165.6079
7200.2901 164.7321
7199.8057 163.8765
7199.7164 163.7277
7199.0963 162.7232
7198.8040 162.2936
7198.4625 161.7188
7197.8854 160.7143
7197.8023 160.5884
7197.2573 159.7098
7196.8007 159.0100
7196.6005 158.7054
7195.9907 157.7009
7195.7990 157.4254
7195.3295 156.6964
7194.7973 155.9123
7194.6482 155.6920
7194.0844 154.6875
7193.7957 154.2130
7193.4768 153.6830
7192.8559 152.6786
7192.7940 152.5862
7192.1235 151.6741
7191.7923 151.2521
7191.4158 150.6696
7190.7907 149.6911
7190.7724 149.6652
7190.1298 148.6607
7189.7890 148.1623
7189.4374 147.6562
7188.7873 146.6792
7188.7680 146.6518
7188.1791 145.6473
7187.7856 145.1159
7187.4525 144.6429
7186.8216 143.6384
7186.7840 143.5826
7186.1643 142.6339
7185.7823 142.1062
7185.4626 141.6295
7184.7806 140.6431
7184.7661 140.6250
7184.0703 139.6205
7183.7790 139.2491
7183.3141 138.6161
7182.7773 137.8940
7182.5648 137.6116
7181.9531 136.6071
7181.7756 136.3727
7181.2471 135.6027
7180.7740 134.9874
7180.4862 134.5982
7179.8153 133.5938
7179.7723 133.5347
7179.0885 132.5893
7178.7706 132.1768
7178.3597 131.5848
7177.7689 130.7833
7177.6141 130.5804
7176.9474 129.5759
7176.7673 129.3259
7176.2315 128.5714
7175.7656 127.9100
7175.5121 127.5670
7174.7639 126.6084
7174.7254 126.5625
7173.9506 125.5580
7173.7623 125.3319
7173.1826 124.5536
7172.7606 124.0001
7172.3990 123.5491
7171.7589 122.7128
7171.6331 122.5446
7170.8885 121.5402
7170.7573 121.3819
7170.1099 120.5357
7169.7556 120.0628
7169.3423 119.5312
7168.7539 118.7111
7168.6230 118.5268
7167.8222 117.5223
7167.7523 117.4376
7167.0610 116.5179
7166.7506 116.1203
7166.2247 115.5134
7165.7489 114.9883
7165.3685 114.5089
7164.7472 113.7873
7164.5096 113.5045
7163.7456 112.5268
7163.7224 112.5000
7162.9289 111.4955
7162.7439 111.2529
7162.1837 110.4911
7161.7422 109.9575
7161.3515 109.4866
7160.7406 108.7702
7160.5007 108.4821
7159.7389 107.5204
7159.7017 107.4777
7158.8441 106.4732
7158.7372 106.3529
7157.9786 105.4688
7157.7356 105.2032
7157.0670 104.4643
7156.7339 104.1111
7156.1456 103.4598
7155.7322 103.0009
7155.2360 102.4554
7154.7306 101.8451
7154.4332 101.4509
7153.7289 100.6179
7153.5788 100.4464
7152.7328 99.4420
7152.7272 99.4357
7151.8715 98.4375
7151.7255 98.2769
7150.9640 97.4330
7150.7239 97.1861
7150.0235 96.4286
7149.7222 96.0917
7149.1052 95.4241
7148.7205 95.0208
7148.1036 94.4196
7147.7189 94.0511
7147.1378 93.4152
7146.7172 92.9157
7146.2930 92.4107
7145.7155 91.7775
7145.3703 91.4062
7144.7139 90.7174
7144.4083 90.4018
7143.7122 89.6914
7143.4498 89.3973
7142.7105 88.5680
7142.5416 88.3929
7141.7088 87.5751
7141.5255 87.3884
7140.7072 86.6289
7140.4764 86.3839
7139.7055 85.5565
7139.5082 85.3795
7138.7038 84.6127
7138.4631 84.3750
7137.7022 83.5189
7137.5787 83.3705
7136.7005 82.4601
7136.5936 82.3661
7135.6988 81.6059
7135.4867 81.3616
7134.6972 80.5818
7134.4867 80.3571
7133.6955 79.6263
7133.4425 79.3527
7132.6938 78.4590
7132.5967 78.3482
7131.9105 77.3438
7131.6922 77.0374
7131.2092 76.3393
7130.6905 75.4169
7130.6422 75.3348
7130.1722 74.3304
7129.6888 73.4498
7129.6137 73.3259
7129.2546 72.3214
7128.9372 71.3170
7128.6871 70.6451
7128.5485 70.3125
7128.2109 69.3080
7127.8742 68.3036
7127.6855 67.8295
7127.4905 67.2991
7127.1709 66.2946
7126.7774 65.2902
7126.6838 65.1225
7126.2668 64.2857
7125.7271 63.2812
7125.6821 63.2084
7125.0491 62.2768
7124.6805 61.8365
7124.1752 61.2723
7123.6788 60.6879
7123.2932 60.2679
7122.6771 59.5670
7122.3700 59.2634
7121.6755 58.6054
7121.2945 58.2589
7120.6738 57.6292
7120.2896 57.2545
7119.6721 56.6895
7119.1781 56.2500
7118.6705 55.8243
7118.0339 55.2455
7117.6688 54.9149
7116.8020 54.2411
7116.6671 54.1189
7115.6899 53.2366
7115.6654 53.2168
7114.6638 52.3116
7114.5737 52.2321
7113.6621 51.4891
7113.2660 51.2277
7112.6604 50.8300
7111.8007 50.2232
7111.6588 50.1232
7110.6571 49.3685
7110.4647 49.2188
7109.6554 48.5842
7109.2230 48.2143
7108.6538 47.7175
7108.1251 47.2098
7107.6521 46.7634
7107.0453 46.2054
7106.6504 45.8171
7105.9818 45.2009
7105.6487 44.9048
7104.8595 44.1964
7104.6471 43.9997
7103.6454 43.2191
7103.6097 43.1920
7102.6437 42.4529
7102.2647 42.1875
7101.6421 41.8719
7100.6404 41.3839
7100.3087 41.1830
7099.6387 40.7483
7098.8203 40.1786
7098.6371 40.0313
7097.6354 39.1976
7097.6096 39.1741
7096.6337 38.3452
7096.4451 38.1696
7095.6321 37.4157
7095.2954 37.1652
7094.6304 36.6400
7094.0489 36.1607
7093.6287 35.8370
7092.6270 35.2202
7092.5054 35.1562
7091.6254 34.7764
7090.6237 34.2272
7090.5075 34.1518
7089.6220 33.5536
7089.0618 33.1473
7088.6204 32.8570
7087.6187 32.3319
7087.2425 32.1429
7086.6170 31.8444
7085.6154 31.3070
7085.3583 31.1384
7084.6137 30.6380
7083.8416 30.1339
7083.6120 29.9918
7082.6104 29.4304
7082.0784 29.1295
7081.6087 28.8616
7080.6070 28.3230
7080.2846 28.1250
7079.6053 27.7500
7078.6037 27.2115
7078.4379 27.1205
7077.6020 26.6414
7076.7292 26.1161
7076.6003 26.0318
7075.5987 25.3546
7075.2387 25.1116
7074.5970 24.6907
7073.5953 24.2383
7073.2443 24.1071
7072.5937 23.9030
7071.5920 23.5870
7070.5903 23.2472
7070.2648 23.1027
7069.5886 22.7571
7068.5870 22.1964
7068.4323 22.0982
7067.5853 21.5835
7066.9207 21.0938
7066.5836 20.8320
7065.5820 20.2156
7065.2773 20.0893
7064.5803 19.8582
7063.5786 19.6485
7062.5770 19.3378
7062.0290 19.0848
7061.5753 18.8715
7060.5736 18.2855
7060.2152 18.0804
7059.5720 17.6899
7058.5716 17.0759
7058.5703 17.0752
7057.5686 16.7559
7056.5669 16.4754
7055.5972 16.0714
7055.5653 16.0566
7054.5636 15.5579
7053.5619 15.0814
7053.5324 15.0670
7052.5603 14.6139
7051.5586 14.1540
7051.2563 14.0625
7050.5569 13.8706
7049.5553 13.6511
7048.5536 13.3786
7047.6968 13.0580
7047.5519 12.9983
7046.5503 12.5112
7045.6686 12.0536
7045.5486 11.9896
7044.5469 11.5507
7043.5452 11.1727
7043.2769 11.0491
7042.5436 10.7312
7041.5419 10.3729
7040.7031 10.0446
7040.5402 9.9881
7039.5386 9.7645
7038.5369 9.4912
7037.5352 9.1769
7037.0613 9.0402
7036.5336 8.8916
7035.5319 8.6357
7034.5302 8.3374
7033.6572 8.0357
7033.5285 7.9976
7032.5269 7.7499
7031.5252 7.6043
7030.5235 7.5258
7029.5219 7.3916
7028.5202 7.1908
7027.7473 7.0312
7027.5185 6.9992
7026.5169 6.8637
7025.5152 6.7256
7024.5135 6.5711
7023.5119 6.2856
7022.5102 6.1298
7022.1372 6.0268
7021.5085 5.8172
7020.5068 5.3999
7019.9016 5.0223
7019.5052 4.7094
7018.7782 4.0179
7018.5035 3.7629
7017.8985 3.0134
7017.5018 2.3794
7017.3174 2.0089
7016.9918 1.0045
7016.8793 0.0000
