7214.8674 224.7597
7214.4365 223.9955
7213.9115 222.9911
7213.8658 222.9124
7213.3000 221.9866
7212.8641 221.2463
7212.7127 220.9821
7212.1667 219.9777
7211.8624 219.4797
7211.5698 218.9732
7211.0611 217.9688
7210.8608 217.6185
7210.4295 216.9643
7209.8730 215.9598
7209.8591 215.9380
7209.2891 214.9554
7208.8574 214.2826
7208.6559 213.9509
7208.1313 212.9464
7207.8558 212.4599
7207.5461 211.9420
7206.9852 210.9375
7206.8541 210.7176
7206.3784 209.9330
7205.8524 209.0578
7205.7745 208.9286
7205.2396 207.9241
7204.8508 207.2022
7204.6908 206.9196
7204.1497 205.9152
7203.8491 205.4025
7203.5459 204.9107
7202.9830 203.9062
7202.8474 203.6840
7202.3664 202.9018
7201.8457 202.0498
7201.7453 201.8973
7201.1216 200.8929
7200.8441 200.4699
7200.4935 199.8884
7199.9582 198.8839
7199.8424 198.6690
7199.4045 197.8795
7198.8407 196.9799
7198.7750 196.8750
7198.2013 195.8705
7197.8391 195.2745
7197.5851 194.8661
7197.0425 193.8616
7196.8374 193.5158
7196.4081 192.8571
7195.8357 191.9333
7195.7845 191.8527
7195.1948 190.8482
7194.8341 190.2530
7194.6038 189.8438
7194.0754 188.8393
7193.8324 188.4217
7193.4656 187.8348
7192.8867 186.8304
7192.8307 186.7421
7192.1811 185.8259
7191.8290 185.3447
7191.5050 184.8214
7190.9327 183.8170
7190.8274 183.6462
7190.3114 182.8125
7189.8257 181.9933
7189.7067 181.8080
7189.1446 180.8036
7188.8240 180.3255
7188.4777 179.7991
7187.8757 178.7946
7187.8224 178.7132
7187.2710 177.7902
7186.8207 177.0379
7186.6541 176.7857
7186.0562 175.7812
7185.8190 175.4104
7185.3971 174.7768
7184.8174 173.8700
7184.7516 173.7723
7184.1027 172.7679
7183.8157 172.2842
7183.4973 171.7634
7182.8659 170.7589
7182.8140 170.6823
7182.2033 169.7545
7181.8124 169.1801
7181.5265 168.7500
7180.9057 167.7455
7180.8107 167.6091
7180.2731 166.7411
7179.8090 165.9848
7179.6362 165.7366
7178.9789 164.7321
7178.8073 164.4588
7178.3774 163.7277
7177.8057 162.8516
7177.7204 162.7232
7177.0952 161.7188
7176.8040 161.2609
7176.4378 160.7143
7175.8023 159.7472
7175.7758 159.7098
7175.0811 158.7054
7174.8007 158.3162
7174.3562 157.7009
7173.7990 156.9002
7173.6610 156.6964
7173.0179 155.6920
7172.7973 155.3490
7172.3576 154.6875
7171.7957 153.8161
7171.7085 153.6830
7171.0656 152.6786
7170.7940 152.3039
7170.3580 151.6741
7169.7923 150.8275
7169.6762 150.6696
7169.0024 149.6652
7168.7907 149.3693
7168.2933 148.6607
7167.7890 147.9682
7167.5708 147.6562
7166.9063 146.6518
7166.7873 146.4684
7166.2404 145.6473
7165.7856 145.0490
7165.4831 144.6429
7164.7840 143.6629
7164.7666 143.6384
7164.0815 142.6339
7163.7823 142.2410
7163.3476 141.6295
7162.7806 140.7839
7162.6613 140.6250
7161.9508 139.6205
7161.7790 139.3905
7161.2228 138.6161
7160.7773 138.0530
7160.4484 137.6116
7159.8466 136.6071
7159.7756 136.5116
7159.1159 135.6027
7158.7740 135.1508
7158.3617 134.5982
7157.7723 133.7936
7157.6095 133.5938
7156.8381 132.5893
7156.7706 132.5106
7156.0789 131.5848
7155.7689 131.1828
7155.3046 130.5804
7154.7673 129.8943
7154.5125 129.5759
7153.7888 128.5714
7153.7656 128.5422
7153.0882 127.5670
7152.7639 127.1391
7152.3100 126.5625
7151.7623 125.8584
7151.5191 125.5580
7150.7606 124.6279
7150.7036 124.5536
7149.9651 123.5491
7149.7589 123.2889
7149.1923 122.5446
7148.7573 121.9981
7148.3325 121.5402
7147.7556 120.9144
7147.4564 120.5357
7146.7539 119.6145
7146.6873 119.5312
7145.9917 118.5268
7145.7523 118.2299
7145.1666 117.5223
7144.7506 117.0102
7144.3619 116.5179
7143.7489 115.7784
7143.5312 115.5134
7142.7472 114.5160
7142.7412 114.5089
7141.9081 113.5045
7141.7456 113.3065
7141.0717 112.5000
7140.7439 112.1305
7140.2213 111.4955
7139.7422 110.8640
7139.4315 110.4911
7138.7406 109.7338
7138.5241 109.4866
7137.7389 108.5444
7137.6847 108.4821
7136.8052 107.4777
7136.7372 107.4043
7135.9675 106.4732
7135.7356 106.1943
7135.1238 105.4688
7134.7339 105.0250
7134.2250 104.4643
7133.7322 103.9335
7133.3171 103.4598
7132.7306 102.7950
7132.4337 102.4554
7131.7289 101.5680
7131.6271 101.4509
7130.7272 100.4806
7130.6962 100.4464
7129.7255 99.4436
7129.7241 99.4420
7128.8484 98.4375
7128.7239 98.3025
7127.9305 97.4330
7127.7222 97.2088
7127.0200 96.4286
7126.7205 96.1029
7126.1024 95.4241
7125.7189 95.0029
7125.1522 94.4196
7124.7172 93.9764
7124.2018 93.4152
7123.7155 92.8535
7123.3436 92.4107
7122.7139 91.7503
7122.3821 91.4062
7121.7122 90.7049
7121.3879 90.4018
7120.7105 89.7870
7120.3413 89.3973
7119.7088 88.7427
7119.3645 88.3929
7118.7072 87.7055
7118.4029 87.3884
7117.7055 86.7296
7117.3673 86.3839
7116.7038 85.7246
7116.3407 85.3795
7115.7022 84.7356
7115.3728 84.3750
7114.7005 83.6493
7114.4544 83.3705
7113.6988 82.6171
7113.4148 82.3661
7112.6972 81.6978
7112.3741 81.3616
7111.6955 80.7400
7111.3187 80.3571
7110.6938 79.7277
7110.3585 79.3527
7109.6922 78.6502
7109.4163 78.3482
7108.7048 77.3438
7108.6905 77.3235
7108.0694 76.3393
7107.6888 75.6041
7107.5525 75.3348
7107.0807 74.3304
7106.6871 73.5177
7106.5956 73.3259
7106.2106 72.3214
7105.8518 71.3170
7105.6855 70.9591
7105.4130 70.3125
7105.1190 69.3080
7104.7729 68.3036
7104.6838 68.0792
7104.3419 67.2991
7103.9103 66.2946
7103.6821 65.8520
7103.4001 65.2902
7102.8104 64.2857
7102.6805 64.0962
7102.1121 63.2812
7101.6788 62.6609
7101.3584 62.2768
7100.6771 61.4925
7100.4719 61.2723
7099.6755 60.3897
7099.5550 60.2679
7098.6738 59.3148
7098.6227 59.2634
7097.6721 58.3097
7097.6193 58.2589
7096.6705 57.3120
7096.6096 57.2545
7095.6688 56.4186
7095.4630 56.2500
7094.6671 55.6126
7094.2672 55.2455
7093.6654 54.7414
7093.0368 54.2411
7092.6638 53.8962
7091.9523 53.2366
7091.6621 52.9770
7090.8388 52.2321
7090.6604 52.0789
7089.6588 51.3812
7089.4501 51.2277
7088.6571 50.6525
7088.0933 50.2232
7087.6554 49.8822
7086.7503 49.2188
7086.6538 49.1467
7085.6521 48.3731
7085.4816 48.2143
7084.6504 47.4104
7084.4358 47.2098
7083.6487 46.4553
7083.3811 46.2054
7082.6471 45.5202
7082.2984 45.2009
7081.6454 44.6271
7081.1451 44.1964
7080.6437 43.7378
7079.9660 43.1920
7079.6421 42.9389
7078.6404 42.2647
7078.5084 42.1875
7077.6387 41.8082
7076.6371 41.2522
7076.5398 41.1830
7075.6354 40.5431
7075.1396 40.1786
7074.6337 39.7452
7074.0119 39.1741
7073.6321 38.8497
7072.8761 38.1696
7072.6304 37.9352
7071.7202 37.1652
7071.6287 37.0808
7070.6270 36.2423
7070.5087 36.1607
7069.6254 35.6558
7068.7325 35.1562
7068.6237 35.1012
7067.6220 34.6108
7066.8914 34.1518
7066.6204 33.9536
7065.6187 33.2839
7065.3881 33.1473
7064.6170 32.7220
7063.6154 32.1574
7063.5918 32.1429
7062.6137 31.5888
7061.8994 31.1384
7061.6120 30.9448
7060.6104 30.3217
7060.2891 30.1339
7059.6087 29.7564
7058.6070 29.1976
7058.4889 29.1295
7057.6053 28.6237
7056.7900 28.1250
7056.6037 28.0244
7055.6020 27.5330
7054.8865 27.1205
7054.6003 26.9231
7053.5987 26.2564
7053.3869 26.1161
7052.5970 25.5726
7051.8891 25.1116
7051.5953 24.9329
7050.5937 24.5573
7049.5920 24.1910
7049.3984 24.1071
7048.5903 23.8150
7047.5886 23.4712
7046.7444 23.1027
7046.5870 23.0154
7045.5853 22.4110
7045.1523 22.0982
7044.5836 21.7180
7043.7489 21.0938
7043.5820 20.9604
7042.5803 20.4426
7041.5786 20.1270
7041.4586 20.0893
7040.5770 19.8493
7039.5753 19.4956
7038.7092 19.0848
7038.5736 19.0186
7037.5720 18.4452
7036.9878 18.0804
7036.5703 17.7949
7035.5686 17.2618
7035.1194 17.0759
7034.5669 16.8930
7033.5653 16.5780
7032.5636 16.1743
7032.3465 16.0714
7031.5619 15.6919
7030.5603 15.2029
7030.2814 15.0670
7029.5586 14.7324
7028.5569 14.3437
7027.6506 14.0625
7027.5553 14.0339
7026.5536 13.7580
7025.5519 13.4479
7024.5985 13.0580
7024.5503 13.0364
7023.5486 12.5510
7022.5469 12.0645
7022.5237 12.0536
7021.5452 11.6325
7020.5436 11.2023
7020.2243 11.0491
7019.5419 10.7616
7018.5402 10.4060
7017.5386 10.0836
7017.4307 10.0446
7016.5369 9.7859
7015.5352 9.5330
7014.5336 9.2556
7013.7979 9.0402
7013.5319 8.9648
7012.5302 8.6810
7011.5285 8.3711
7010.6049 8.0357
7010.5269 8.0127
7009.5252 7.8441
7008.5235 7.7413
7007.5219 7.6587
7006.5202 7.5668
7005.5185 7.4895
7004.5169 7.2953
7003.6985 7.0312
7003.5152 6.9929
7002.5135 6.8609
7001.5119 6.6477
7000.5102 6.3375
6999.5526 6.0268
6999.5085 6.0097
6998.5068 5.4490
6997.7730 5.0223
6997.5052 4.8172
6996.7345 4.0179
6996.5035 3.7874
6995.9141 3.0134
6995.5018 2.2929
6995.3580 2.0089
6995.0524 1.0045
6994.9434 0.0000
