7082.0092 224.9691
7081.2390 223.9955
7081.0075 223.6956
7080.5125 222.9911
7080.0058 222.3173
7079.7585 221.9866
7079.0416 220.9821
7079.0042 220.9309
7078.3106 219.9777
7078.0025 219.5588
7077.5061 218.9732
7077.0008 218.3971
7076.6873 217.9688
7075.9992 217.0284
7075.9489 216.9643
7075.3042 215.9598
7074.9975 215.5388
7074.5496 214.9554
7073.9958 214.2402
7073.7783 213.9509
7072.9942 212.9566
7072.9861 212.9464
7072.2710 211.9420
7071.9925 211.5531
7071.4966 210.9375
7070.9908 210.2744
7070.7462 209.9330
7069.9891 208.9329
7069.9858 208.9286
7069.3065 207.9241
7068.9875 207.4556
7068.5492 206.9196
7067.9858 206.2290
7067.7404 205.9152
7066.9841 204.9816
7066.9306 204.9107
7066.1873 203.9062
7065.9825 203.6432
7065.4308 202.9018
7064.9808 202.2718
7064.6869 201.8973
7063.9791 201.0053
7063.8907 200.8929
7063.1121 199.8884
7062.9775 199.7228
7062.3789 198.8839
7061.9758 198.2808
7061.6826 197.8795
7060.9741 196.9814
7060.8856 196.8750
7060.0701 195.8705
7059.9725 195.7556
7059.2643 194.8661
7058.9708 194.5277
7058.4504 193.8616
7057.9691 193.2185
7057.6750 192.8571
7056.9674 191.9533
7056.8912 191.8527
7056.1047 190.8482
7055.9658 190.6778
7055.3954 189.8438
7054.9641 189.2235
7054.6564 188.8393
7053.9624 187.9396
7053.8772 187.8348
7053.0038 186.8304
7052.9608 186.7824
7052.2770 185.8259
7051.9591 185.4083
7051.4334 184.8214
7050.9574 184.2610
7050.5859 183.8170
7049.9558 183.0960
7049.7402 182.8125
7048.9977 181.8080
7048.9541 181.7501
7048.2864 180.8036
7047.9524 180.3816
7047.4701 179.7991
7046.9508 179.1386
7046.6737 178.7946
7045.9491 177.9101
7045.8515 177.7902
7045.0336 176.7857
7044.9474 176.6894
7044.2665 175.7812
7043.9457 175.3349
7043.4658 174.7768
7042.9441 174.1494
7042.6149 173.7723
7041.9424 173.0738
7041.6995 172.7679
7041.0530 171.7634
7040.9407 171.6139
7040.2047 170.7589
7039.9391 170.4442
7039.3416 169.7545
7038.9374 169.3292
7038.4990 168.7500
7037.9357 167.9701
7037.7389 167.7455
7036.9341 166.7573
7036.9203 166.7411
7035.9995 165.7366
7035.9324 165.6582
7035.2117 164.7321
7034.9307 164.3776
7034.4411 163.7277
7033.9290 163.0934
7033.5772 162.7232
7032.9274 162.0154
7032.6845 161.7188
7031.9257 160.8191
7031.8388 160.7143
7031.0267 159.7098
7030.9240 159.5891
7030.2173 158.7054
7029.9224 158.3312
7029.3468 157.7009
7028.9207 157.2343
7028.4664 156.6964
7027.9190 156.0858
7027.6036 155.6920
7026.9174 154.7702
7026.8423 154.6875
7026.0060 153.6830
7025.9157 153.5804
7025.1280 152.6786
7024.9140 152.4531
7024.2331 151.6741
7023.9124 151.3080
7023.3472 150.6696
7022.9107 150.1627
7022.4574 149.6652
7021.9090 149.0917
7021.5472 148.6607
7020.9073 147.8997
7020.7005 147.6562
7019.9057 146.6688
7019.8899 146.6518
7019.0755 145.6473
7018.9040 145.4537
7018.1868 144.6429
7017.9023 144.3294
7017.3287 143.6384
7016.9007 143.1357
7016.4128 142.6339
7015.8990 142.1009
7015.4468 141.6295
7014.8973 141.0634
7014.5153 140.6250
7013.8957 139.9165
7013.6390 139.6205
7012.8940 138.7348
7012.7804 138.6161
7011.8923 137.7144
7011.8004 137.6116
7011.0261 136.6071
7010.8907 136.4660
7010.1640 135.6027
7009.8890 135.2861
7009.2375 134.5982
7008.8873 134.2144
7008.3173 133.5938
7007.8856 133.1432
7007.3792 132.5893
7006.8840 132.0525
7006.4233 131.5848
7005.8823 131.0365
7005.4504 130.5804
7004.8806 129.9713
7004.5194 129.5759
7003.8790 128.8513
7003.6347 128.5714
7002.8773 127.6895
7002.7650 127.5670
7001.8756 126.6477
7001.7912 126.5625
7000.8740 125.6200
7000.8189 125.5580
6999.9118 124.5536
6999.8723 124.5096
6998.9847 123.5491
6998.8706 123.4248
6997.8850 122.5446
6997.8689 122.5304
6996.9366 121.5402
6996.8673 121.4689
6995.9823 120.5357
6995.8656 120.4097
6994.9970 119.5312
6994.8639 119.3880
6994.1123 118.5268
6993.8623 118.2860
6993.1518 117.5223
6992.8606 117.2015
6992.1660 116.5179
6991.8589 116.2043
6991.1680 115.5134
6990.8573 115.2154
6990.1900 114.5089
6989.8556 114.1623
6989.1174 113.5045
6988.8539 113.2581
6988.0979 112.5000
6987.8523 112.2588
6987.0855 111.4955
6986.8506 111.2448
6986.1543 110.4911
6985.8489 110.1843
6985.1459 109.4866
6984.8472 109.1901
6984.1049 108.4821
6983.8456 108.2388
6983.0802 107.4777
6982.8439 107.2535
6982.0501 106.4732
6981.8422 106.2593
6980.9804 105.4688
6980.8406 105.3408
6979.8586 104.4643
6979.8389 104.4468
6978.8372 103.5033
6978.7904 103.4598
6977.8356 102.5743
6977.7114 102.4554
6976.8339 101.5368
6976.7536 101.4509
6975.8322 100.5299
6975.7456 100.4464
6974.8306 99.6231
6974.6314 99.4420
6973.8289 98.7149
6973.5383 98.4375
6972.8272 97.7608
6972.4719 97.4330
6971.8255 96.8682
6971.2844 96.4286
6970.8239 96.0426
6970.1622 95.4241
6969.8222 95.0965
6969.0765 94.4196
6968.8205 94.1990
6967.9243 93.4152
6967.8189 93.3097
6966.9230 92.4107
6966.8172 92.3118
6965.8155 91.4316
6965.7888 91.4062
6964.8139 90.5127
6964.6804 90.4018
6963.8122 89.6823
6963.4800 89.3973
6962.8105 88.8466
6962.2799 88.3929
6961.8088 87.9847
6961.1175 87.3884
6960.8072 87.1328
6959.9043 86.3839
6959.8055 86.2978
6958.8038 85.3980
6958.7817 85.3795
6957.8022 84.5736
6957.5824 84.3750
6956.8005 83.6772
6956.4798 83.3705
6955.7988 82.7974
6955.3065 82.3661
6954.7972 81.8690
6954.2340 81.3616
6953.7955 81.0223
6952.9468 80.3571
6952.7938 80.2404
6951.8356 79.3527
6951.7922 79.3117
6950.7952 78.3482
6950.7905 78.3424
6949.9851 77.3438
6949.7888 77.0982
6949.2799 76.3393
6948.7871 75.4445
6948.7182 75.3348
6948.2172 74.3304
6947.7855 73.5697
6947.6409 73.3259
6947.0806 72.3214
6946.7838 71.8499
6946.4521 71.3170
6945.7821 70.3641
6945.7284 70.3125
6944.7805 69.4297
6944.6441 69.3080
6943.7788 68.6328
6943.3486 68.3036
6942.7771 67.7979
6942.1809 67.2991
6941.7755 66.9429
6941.0610 66.2946
6940.7738 66.0200
6939.9478 65.2902
6939.7721 65.1180
6938.9200 64.2857
6938.7705 64.1421
6937.8672 63.2812
6937.7688 63.1836
6936.7902 62.2768
6936.7671 62.2533
6935.7654 61.3644
6935.6607 61.2723
6934.7638 60.4304
6934.5889 60.2679
6933.7621 59.4957
6933.5161 59.2634
6932.7604 58.5834
6932.4095 58.2589
6931.7588 57.5202
6931.5044 57.2545
6930.7571 56.5348
6930.4596 56.2500
6929.7554 55.6290
6929.3203 55.2455
6928.7538 54.7749
6928.0634 54.2411
6927.7521 53.9750
6926.7504 53.2387
6926.7480 53.2366
6925.7487 52.4493
6925.4921 52.2321
6924.7471 51.6107
6924.3039 51.2277
6923.7454 50.6692
6923.2947 50.2232
6922.7437 49.6965
6922.2439 49.2188
6921.7421 48.7151
6921.2565 48.2143
6920.7404 47.6374
6920.3270 47.2098
6919.7387 46.6080
6919.3237 46.2054
6918.7371 45.6904
6918.0701 45.2009
6917.7354 44.9961
6916.7337 44.3772
6916.4674 44.1964
6915.7321 43.6883
6915.0254 43.1920
6914.7304 42.9898
6913.7287 42.2399
6913.6659 42.1875
6912.7270 41.4283
6912.4456 41.1830
6911.7254 40.4655
6911.4248 40.1786
6910.7237 39.3986
6910.4956 39.1741
6909.7220 38.5172
6909.3143 38.1696
6908.7204 37.7804
6907.7755 37.1652
6907.7187 37.1223
6906.7170 36.4217
6906.3657 36.1607
6905.7154 35.7340
6904.8855 35.1562
6904.7137 35.0490
6903.7120 34.4741
6903.2087 34.1518
6902.7104 33.8090
6901.7304 33.1473
6901.7087 33.1335
6900.7070 32.5429
6900.0574 32.1429
6899.7053 31.9528
6898.7037 31.3751
6898.3471 31.1384
6897.7020 30.6781
6896.8917 30.1339
6896.7003 30.0204
6895.6987 29.4478
6895.1924 29.1295
6894.6970 28.8590
6893.6953 28.2705
6893.4824 28.1250
6892.6937 27.5202
6892.1405 27.1205
6891.6920 26.8143
6890.6903 26.1592
6890.6185 26.1161
6889.6886 25.6690
6888.6870 25.2385
6888.4105 25.1116
6887.6853 24.8770
6886.6836 24.5333
6885.7893 24.1071
6885.6820 24.0416
6884.6803 23.4337
6884.1755 23.1027
6883.6786 22.7267
6882.7647 22.0982
6882.6770 22.0459
6881.6753 21.5218
6880.7912 21.0938
6880.6736 21.0513
6879.6720 20.7125
6878.6703 20.3051
6878.2602 20.0893
6877.6686 19.7028
6876.7782 19.0848
6876.6669 19.0179
6875.6653 18.4902
6874.9169 18.0804
6874.6636 17.9826
6873.6619 17.6769
6872.6603 17.2847
6872.2333 17.0759
6871.6586 16.7683
6870.6569 16.2322
6870.3698 16.0714
6869.6553 15.7404
6868.6536 15.3494
6867.9465 15.0670
6867.6519 14.9748
6866.6503 14.6850
6865.6486 14.3258
6865.0225 14.0625
6864.6469 13.9129
6863.6452 13.4809
6862.7993 13.0580
6862.6436 12.9772
6861.6419 12.4796
6860.8835 12.0536
6860.6402 11.9443
6859.6386 11.5334
6858.6369 11.0583
6858.6159 11.0491
6857.6352 10.7871
6856.6336 10.5502
6855.6319 10.2386
6855.1548 10.0446
6854.6302 9.8718
6853.6285 9.5938
6852.6269 9.3352
6851.6252 9.0516
6851.5815 9.0402
6850.6235 8.8366
6849.6219 8.6949
6848.6202 8.6089
6847.6185 8.5338
6846.6169 8.4530
6845.6152 8.2978
6844.6135 8.0556
6844.5582 8.0357
6843.6119 7.6976
6842.6102 7.2780
6842.1689 7.0312
6841.6085 6.6807
6840.6068 6.0364
6840.5946 6.0268
6839.6052 5.1200
6839.4931 5.0223
6838.6059 4.0179
6838.6035 4.0148
6837.9699 3.0134
6837.6018 2.2245
6837.5086 2.0089
6837.2526 1.0045
6837.1699 0.0000
