7060.8092 224.6966
7060.1890 223.9955
7059.8075 223.5400
7059.4033 222.9911
7058.8058 222.2442
7058.6064 221.9866
7057.8956 220.9821
7057.8042 220.8529
7057.1195 219.9777
7056.8025 219.5593
7056.3563 218.9732
7055.8008 218.3064
7055.5466 217.9688
7054.8250 216.9643
7054.7992 216.9268
7054.1451 215.9598
7053.7975 215.4848
7053.3639 214.9554
7052.7958 214.2735
7052.5585 213.9509
7051.8159 212.9464
7051.7942 212.9190
7051.0039 211.9420
7050.7925 211.6817
7050.1945 210.9375
7049.7908 210.4369
7049.3967 209.9330
7048.7891 209.1527
7048.6220 208.9286
7047.9282 207.9241
7047.7875 207.7305
7047.1956 206.9196
7046.7858 206.3652
7046.4284 205.9152
7045.7841 205.1057
7045.6339 204.9107
7044.8235 203.9062
7044.7825 203.8594
7044.0892 202.9018
7043.7808 202.4467
7043.3395 201.8973
7042.7791 201.1813
7042.5351 200.8929
7041.7775 200.0874
7041.6231 199.8884
7040.9446 198.8839
7040.7758 198.6130
7040.2339 197.8795
7039.7741 197.3109
7039.4049 196.8750
7038.7725 196.1465
7038.5720 195.8705
7037.8642 194.8661
7037.7708 194.7473
7037.0685 193.8616
7036.7691 193.4759
7036.2491 192.8571
7035.7674 192.2471
7035.4732 191.8527
7034.7658 190.9769
7034.6545 190.8482
7033.9261 189.8438
7033.7641 189.6517
7033.0865 188.8393
7032.7624 188.4153
7032.2922 187.8348
7031.7608 187.2268
7031.4565 186.8304
7030.7591 185.9392
7030.6688 185.8259
7029.9667 184.8214
7029.7574 184.5254
7029.1298 183.8170
7028.7558 183.3944
7028.2722 182.8125
7027.7541 182.2111
7027.4543 181.8080
7026.8092 180.8036
7026.7524 180.7307
7025.9859 179.7991
7025.7508 179.5034
7025.1295 178.7946
7024.7491 178.3716
7024.2787 177.7902
7023.7474 177.1525
7023.4434 176.7857
7022.7457 175.8963
7022.6461 175.7812
7021.7850 174.7768
7021.7441 174.7299
7021.0007 173.7723
7020.7424 173.4653
7020.1973 172.7679
7019.7407 172.1110
7019.4795 171.7634
7018.7391 170.8307
7018.6751 170.7589
7017.7876 169.7545
7017.7374 169.6995
7016.9886 168.7500
7016.7357 168.4401
7016.1452 167.7455
7015.7341 167.2596
7015.2615 166.7411
7014.7324 166.1566
7014.3947 165.7366
7013.7307 164.9390
7013.5639 164.7321
7012.8858 163.7277
7012.7290 163.5275
7012.0156 162.7232
7011.7274 162.3934
7011.1485 161.7188
7010.7257 161.2414
7010.3198 160.7143
7009.7240 159.9437
7009.5255 159.7098
7008.7224 158.7382
7008.6928 158.7054
7007.8192 157.7009
7007.7207 157.5901
7006.9511 156.6964
7006.7190 156.4485
7006.0507 155.6920
7005.7174 155.2956
7005.2056 154.6875
7004.7157 154.0854
7004.3732 153.6830
7003.7140 152.9404
7003.5039 152.6786
7002.7124 151.7085
7002.6815 151.6741
7001.8547 150.6696
7001.7107 150.5039
7000.9343 149.6652
7000.7090 149.4231
7000.0708 148.6607
6999.7073 148.2360
6999.2206 147.6562
6998.7057 147.0394
6998.2947 146.6518
6997.7040 146.0172
6997.4232 145.6473
6996.7023 144.8343
6996.5346 144.6429
6995.7015 143.6384
6995.7007 143.6375
6994.7782 142.6339
6994.6990 142.5503
6993.8831 141.6295
6993.6973 141.4289
6993.0080 140.6250
6992.6957 140.2537
6992.1388 139.6205
6991.6940 139.1257
6991.2243 138.6161
6990.6923 138.0621
6990.2808 137.6116
6989.6907 136.8599
6989.4678 136.6071
6988.6890 135.8284
6988.4798 135.6027
6987.6873 134.7408
6987.5521 134.5982
6986.6856 133.6659
6986.6221 133.5938
6985.7340 132.5893
6985.6840 132.5354
6984.8258 131.5848
6984.6823 131.4304
6983.8414 130.5804
6983.6806 130.4106
6982.9409 129.5759
6982.6790 129.2910
6982.0603 128.5714
6981.6773 128.1245
6981.1339 127.5670
6980.6756 127.1078
6980.1413 126.5625
6979.6740 126.0993
6979.1735 125.5580
6978.6723 125.0118
6978.2280 124.5536
6977.6706 123.9833
6977.2460 123.5491
6976.6689 122.9654
6976.2764 122.5446
6975.6673 121.8878
6975.3335 121.5402
6974.6656 120.8567
6974.3430 120.5357
6973.6639 119.8475
6973.3559 119.5312
6972.6623 118.7592
6972.4644 118.5268
6971.6606 117.7087
6971.4571 117.5223
6970.6589 116.7704
6970.4042 116.5179
6969.6573 115.7623
6969.4200 115.5134
6968.6556 114.7387
6968.4245 114.5089
6967.6539 113.7364
6967.4193 113.5045
6966.6523 112.7600
6966.3984 112.5000
6965.6506 111.7411
6965.4077 111.4955
6964.6489 110.6557
6964.4934 110.4911
6963.6472 109.6430
6963.4776 109.4866
6962.6456 108.7623
6962.3604 108.4821
6961.6439 107.7795
6961.3255 107.4777
6960.6422 106.8423
6960.2651 106.4732
6959.6406 105.8740
6959.2224 105.4688
6958.6389 104.8905
6958.1949 104.4643
6957.6372 103.9494
6957.1148 103.4598
6956.6356 103.0064
6956.0341 102.4554
6955.6339 102.0483
6955.0721 101.4509
6954.6322 101.0286
6953.9972 100.4464
6953.6306 100.1098
6952.8739 99.4420
6952.6289 99.2186
6951.7524 98.4375
6951.6272 98.3284
6950.6769 97.4330
6950.6255 97.3841
6949.6239 96.5311
6949.5171 96.4286
6948.6222 95.6225
6948.4082 95.4241
6947.6205 94.6640
6947.3506 94.4196
6946.6189 93.7658
6946.2456 93.4152
6945.6172 92.8058
6945.1608 92.4107
6944.6155 91.9517
6943.9898 91.4062
6943.6139 91.0827
6942.7972 90.4018
6942.6122 90.2464
6941.6411 89.3973
6941.6105 89.3688
6940.6088 88.5106
6940.4808 88.3929
6939.6072 87.6280
6939.3472 87.3884
6938.6055 86.7639
6938.1586 86.3839
6937.6038 85.9071
6936.9952 85.3795
6936.6022 85.0356
6935.7706 84.3750
6935.6005 84.2301
6934.6457 83.3705
6934.5988 83.3304
6933.5972 82.5305
6933.3845 82.3661
6932.5955 81.6497
6932.2969 81.3616
6931.5938 80.8198
6931.1291 80.3571
6930.5922 79.9025
6929.9888 79.3527
6929.5905 78.9530
6928.9848 78.3482
6928.5888 77.8809
6928.1506 77.3438
6927.5871 76.4786
6927.4790 76.3393
6926.9078 75.3348
6926.5855 74.7889
6926.3319 74.3304
6925.7937 73.3259
6925.5838 72.9998
6925.1747 72.3214
6924.6072 71.3170
6924.5821 71.2827
6923.7286 70.3125
6923.5805 70.1553
6922.5788 69.3287
6922.5541 69.3080
6921.5771 68.5659
6921.2290 68.3036
6920.5755 67.7211
6920.0710 67.2991
6919.5738 66.8755
6918.9208 66.2946
6918.5721 65.9732
6917.7309 65.2902
6917.5705 65.1396
6916.6783 64.2857
6916.5688 64.1800
6915.6113 63.2812
6915.5671 63.2399
6914.5654 62.3141
6914.5252 62.2768
6913.5638 61.3554
6913.4733 61.2723
6912.5621 60.3989
6912.4238 60.2679
6911.5604 59.4519
6911.3612 59.2634
6910.5588 58.4916
6910.2879 58.2589
6909.5571 57.5147
6909.3092 57.2545
6908.5554 56.5607
6908.2196 56.2500
6907.5538 55.6705
6907.0564 55.2455
6906.5521 54.8283
6905.8002 54.2411
6905.5504 54.0291
6904.6155 53.2366
6904.5487 53.1845
6903.5471 52.3550
6903.4077 52.2321
6902.5454 51.4862
6902.2613 51.2277
6901.5437 50.4815
6901.2693 50.2232
6900.5421 49.5504
6900.1831 49.2188
6899.5404 48.5981
6899.1776 48.2143
6898.5387 47.4887
6898.2706 47.2098
6897.5371 46.4560
6897.2602 46.2054
6896.5354 45.6394
6895.9663 45.2009
6895.5337 44.9250
6894.5321 44.3160
6894.3619 44.1964
6893.5304 43.5832
6893.0026 43.1920
6892.5287 42.8486
6891.6293 42.1875
6891.5270 42.1105
6890.5254 41.2397
6890.4623 41.1830
6889.5237 40.2319
6889.4680 40.1786
6888.5590 39.1741
6888.5220 39.1409
6887.5204 38.2883
6887.3732 38.1696
6886.5187 37.6192
6885.8306 37.1652
6885.5170 36.9297
6884.5154 36.1805
6884.4888 36.1607
6883.5137 35.5242
6882.9330 35.1562
6882.5120 34.9288
6881.5104 34.3385
6881.2313 34.1518
6880.5087 33.6482
6879.7559 33.1473
6879.5070 32.9903
6878.5053 32.3581
6878.1919 32.1429
6877.5037 31.7448
6876.5414 31.1384
6876.5020 31.1092
6875.5003 30.4499
6875.0063 30.1339
6874.4987 29.8460
6873.4970 29.2754
6873.2711 29.1295
6872.4953 28.7017
6871.6195 28.1250
6871.4937 28.0233
6870.4920 27.2034
6870.3856 27.1205
6869.4903 26.5114
6868.8323 26.1161
6868.4886 25.9416
6867.4870 25.5253
6866.5436 25.1116
6866.4853 25.0919
6865.4836 24.7645
6864.4820 24.4038
6863.9262 24.1071
6863.4803 23.8124
6862.4786 23.1517
6862.4070 23.1027
6861.4770 22.4044
6861.0471 22.0982
6860.4753 21.7903
6859.4736 21.3427
6858.9360 21.0938
6858.4720 20.9236
6857.4703 20.5378
6856.5307 20.0893
6856.4686 20.0504
6855.4669 19.3973
6855.0002 19.0848
6854.4653 18.7983
6853.4636 18.2773
6853.0919 18.0804
6852.4619 17.8478
6851.4603 17.4949
6850.5595 17.0759
6850.4586 17.0192
6849.4569 16.4855
6848.7210 16.0714
6848.4553 15.9434
6847.4536 15.5619
6846.4519 15.1958
6846.1318 15.0670
6845.4503 14.8633
6844.4486 14.5521
6843.4469 14.1253
6843.3162 14.0625
6842.4452 13.6838
6841.4436 13.2203
6841.1383 13.0580
6840.4419 12.6925
6839.4402 12.1432
6839.2561 12.0536
6838.4386 11.7501
6837.4369 11.3148
6836.8638 11.0491
6836.4352 10.9228
6835.4336 10.6798
6834.4319 10.3915
6833.5628 10.0446
6833.4302 9.9993
6832.4285 9.7170
6831.4269 9.4664
6830.4252 9.1944
6829.7768 9.0402
6829.4235 8.9691
6828.4219 8.8312
6827.4202 8.7413
6826.4185 8.6694
6825.4169 8.5793
6824.4152 8.4127
6823.4135 8.1630
6823.0445 8.0357
6822.4119 7.8143
6821.4102 7.3960
6820.6946 7.0312
6820.4085 6.8597
6819.4068 6.1999
6819.1864 6.0268
6818.4052 5.3052
6818.1170 5.0223
6817.4035 4.0999
6817.3459 4.0179
6816.7242 3.0134
6816.4018 2.3049
6816.2783 2.0089
6816.0271 1.0045
6815.9474 0.0000
