6899.9042 224.2126
6899.7353 223.9955
6898.9957 222.9911
6898.9025 222.8701
6898.2551 221.9866
6897.9008 221.5171
6897.5045 220.9821
6896.8992 220.1300
6896.7761 219.9777
6896.0145 218.9732
6895.8975 218.8268
6895.2817 217.9688
6894.8958 217.4552
6894.5188 216.9643
6893.8942 215.9741
6893.8841 215.9598
6893.1210 214.9554
6892.8925 214.6655
6892.2951 213.9509
6891.8908 213.4663
6891.4991 212.9464
6890.8891 212.1075
6890.7569 211.9420
6889.9809 210.9375
6889.8875 210.8188
6889.2094 209.9330
6888.8858 209.5235
6888.4326 208.9286
6887.8841 208.1599
6887.7080 207.9241
6886.9999 206.9196
6886.8825 206.7655
6886.2319 205.9152
6885.8808 205.4705
6885.4575 204.9107
6884.8791 204.1546
6884.6904 203.9062
6883.9653 202.9018
6883.8775 202.7850
6883.1502 201.8973
6882.8758 201.5758
6882.3009 200.8929
6881.8741 200.3805
6881.5018 199.8884
6880.8725 199.0362
6880.7528 198.8839
6880.0805 197.8795
6879.8708 197.6179
6879.2730 196.8750
6878.8691 196.3692
6878.4804 195.8705
6877.8674 195.0735
6877.7022 194.8661
6876.9482 193.8616
6876.8658 193.7568
6876.1439 192.8571
6875.8641 192.5059
6875.3544 191.8527
6874.8624 191.2378
6874.5268 190.8482
6873.8608 189.9868
6873.7534 189.8438
6872.9741 188.8393
6872.8591 188.6970
6872.1708 187.8348
6871.8574 187.4675
6871.3491 186.8304
6870.8558 186.1854
6870.5670 185.8259
6869.8541 184.9138
6869.7767 184.8214
6868.9660 183.8170
6868.8524 183.6828
6868.1597 182.8125
6867.8508 182.4262
6867.3687 181.8080
6866.8491 181.0868
6866.6363 180.8036
6865.8592 179.7991
6865.8474 179.7844
6864.9258 178.7946
6864.8457 178.7104
6864.1155 177.7902
6863.8441 177.4617
6863.2924 176.7857
6862.8424 176.2355
6862.4526 175.7812
6861.8407 175.0587
6861.6093 174.7768
6860.8391 173.8126
6860.8061 173.7723
6860.0088 172.7679
6859.8374 172.5288
6859.2531 171.7634
6858.8357 171.2748
6858.4043 170.7589
6857.8341 170.0814
6857.5524 169.7545
6856.8324 168.9012
6856.6933 168.7500
6855.8307 167.7777
6855.8039 167.7455
6854.9760 166.7411
6854.8290 166.5780
6854.1200 165.7366
6853.8274 165.3914
6853.2690 164.7321
6852.8257 164.1579
6852.4821 163.7277
6851.8240 162.9440
6851.6364 162.7232
6850.8224 161.7654
6850.7826 161.7188
6849.9453 160.7143
6849.8207 160.5729
6849.0849 159.7098
6848.8190 159.4038
6848.1780 158.7054
6847.8174 158.3033
6847.2550 157.7009
6846.8157 157.2345
6846.3661 156.6964
6845.8140 156.0386
6845.5056 155.6920
6844.8124 154.8823
6844.6517 154.6875
6843.8514 153.6830
6843.8107 153.6391
6842.9935 152.6786
6842.8090 152.4664
6842.0867 151.6741
6841.8073 151.3661
6841.1833 150.6696
6840.8057 150.2551
6840.2894 149.6652
6839.8040 149.1131
6839.3647 148.6607
6838.8023 148.0749
6838.4139 147.6562
6837.8007 147.0066
6837.4820 146.6518
6836.7990 145.7799
6836.6914 145.6473
6835.7973 144.6612
6835.7801 144.6429
6834.8682 143.6384
6834.7957 143.5626
6833.9730 142.6339
6833.7940 142.4448
6833.0647 141.6295
6832.7923 141.3158
6832.1487 140.6250
6831.7907 140.2372
6831.2314 139.6205
6830.7890 139.1592
6830.2576 138.6161
6829.7873 138.1326
6829.2688 137.6116
6828.7856 137.0585
6828.4014 136.6071
6827.7840 135.9613
6827.4510 135.6027
6826.7823 134.8966
6826.5060 134.5982
6825.7806 133.7994
6825.5827 133.5938
6824.7790 132.7511
6824.6238 132.5893
6823.7773 131.7103
6823.6587 131.5848
6822.7756 130.6546
6822.7040 130.5804
6821.7740 129.5965
6821.7514 129.5759
6820.7723 128.6702
6820.6836 128.5714
6819.8012 127.5670
6819.7706 127.5340
6818.8407 126.5625
6818.7689 126.4893
6817.8315 125.5580
6817.7673 125.4942
6816.8570 124.5536
6816.7656 124.4616
6815.8856 123.5491
6815.7639 123.4220
6814.9020 122.5446
6814.7623 122.4037
6813.8841 121.5402
6813.7606 121.4219
6812.8946 120.5357
6812.7589 120.3920
6811.8202 119.5312
6811.7573 119.4686
6810.8862 118.5268
6810.7556 118.4060
6809.8469 117.5223
6809.7539 117.4312
6808.8182 116.5179
6808.7523 116.4493
6807.7986 115.5134
6807.7506 115.4665
6806.7489 114.5117
6806.7461 114.5089
6805.7472 113.5543
6805.6969 113.5045
6804.7456 112.5738
6804.6688 112.5000
6803.7439 111.6586
6803.5607 111.4955
6802.7422 110.6856
6802.5614 110.4911
6801.7406 109.6940
6801.5246 109.4866
6800.7389 108.7409
6800.4690 108.4821
6799.7372 107.8039
6799.3912 107.4777
6798.7356 106.8676
6798.3135 106.4732
6797.7339 105.9161
6797.2447 105.4688
6796.7322 105.0042
6796.1682 104.4643
6795.7306 104.0625
6795.0531 103.4598
6794.7289 103.1539
6793.8319 102.4554
6793.7272 102.3653
6792.8141 101.4509
6792.7255 101.3715
6791.7339 100.4464
6791.7239 100.4366
6790.7222 99.5713
6790.5826 99.4420
6789.7205 98.6432
6789.4958 98.4375
6788.7189 97.7241
6788.3942 97.4330
6787.7172 96.8483
6787.2392 96.4286
6786.7155 95.9587
6786.0670 95.4241
6785.7139 95.1391
6784.8367 94.4196
6784.7122 94.3108
6783.7105 93.4629
6783.6576 93.4152
6782.7088 92.5149
6782.5965 92.4107
6781.7072 91.6364
6781.4422 91.4062
6780.7055 90.7882
6780.2770 90.4018
6779.7038 89.9189
6779.1216 89.3973
6778.7022 88.9938
6777.9604 88.3929
6777.7005 88.1877
6776.6988 87.4312
6776.6492 87.3884
6775.6972 86.6551
6775.3872 86.3839
6774.6955 85.8270
6774.1438 85.3795
6773.6938 84.9630
6772.9700 84.3750
6772.6922 84.1335
6771.8850 83.3705
6771.6905 83.2036
6770.6888 82.4308
6770.6101 82.3661
6769.6871 81.4766
6769.5679 81.3616
6768.6855 80.7023
6768.3121 80.3571
6767.6838 79.8444
6767.1622 79.3527
6766.6821 78.8139
6766.2525 78.3482
6765.6805 77.6287
6765.4741 77.3438
6764.9698 76.3393
6764.6788 75.8458
6764.3568 75.3348
6763.6771 74.3644
6763.6458 74.3304
6762.6755 73.3971
6762.5887 73.3259
6761.6738 72.6453
6761.2333 72.3214
6760.6721 71.8775
6759.8797 71.3170
6759.6705 71.1443
6758.6688 70.4691
6758.4756 70.3125
6757.6671 69.6465
6757.2678 69.3080
6756.6654 68.7728
6756.1014 68.3036
6755.6638 67.8753
6755.0706 67.2991
6754.6621 66.8870
6754.0814 66.2946
6753.6604 65.8441
6753.1271 65.2902
6752.6588 64.7974
6752.1601 64.2857
6751.6571 63.7603
6751.1772 63.2812
6750.6554 62.7619
6750.1235 62.2768
6749.6538 61.8208
6749.1110 61.2723
6748.6521 60.8078
6748.0836 60.2679
6747.6504 59.8499
6747.0352 59.2634
6746.6487 58.9131
6745.9314 58.2589
6745.6471 57.9509
6745.0103 57.2545
6744.6454 56.9022
6743.9762 56.2500
6743.6437 55.9228
6742.9487 55.2455
6742.6421 54.9391
6741.9390 54.2411
6741.6404 53.9248
6740.9296 53.2366
6740.6387 52.9501
6739.9935 52.2321
6739.6371 51.8252
6739.0980 51.2277
6738.6354 50.6668
6738.2371 50.2232
6737.6337 49.5516
6737.2906 49.2188
6736.6321 48.6223
6736.1822 48.2143
6735.6304 47.7836
6734.9017 47.2098
6734.6287 46.9857
6733.6693 46.2054
6733.6270 46.1722
6732.6254 45.4527
6732.3311 45.2009
6731.6237 44.5746
6731.2218 44.1964
6730.6220 43.5566
6730.2566 43.1920
6729.6204 42.5257
6729.2963 42.1875
6728.6187 41.4767
6728.3269 41.1830
6727.6170 40.5100
6727.2216 40.1786
6726.6154 39.5985
6726.1606 39.1741
6725.6137 38.7661
6724.8774 38.1696
6724.6120 37.9612
6723.6104 37.3100
6723.3963 37.1652
6722.6087 36.5811
6722.0671 36.1607
6721.6070 35.8330
6720.7152 35.1562
6720.6053 35.0813
6719.6037 34.4732
6719.1252 34.1518
6718.6020 33.7636
6717.7666 33.1473
6717.6003 33.0292
6716.5987 32.3271
6716.3358 32.1429
6715.5970 31.7184
6714.5953 31.1989
6714.5037 31.1384
6713.5937 30.4826
6713.1258 30.1339
6712.5920 29.7265
6711.8233 29.1295
6711.5903 28.9466
6710.5886 28.1272
6710.5859 28.1250
6709.5870 27.4340
6709.1345 27.1205
6708.5853 26.8169
6707.5836 26.3804
6706.9242 26.1161
6706.5820 25.9868
6705.5803 25.5805
6704.6812 25.1116
6704.5786 25.0593
6703.5770 24.4649
6703.0571 24.1071
6702.5753 23.7165
6701.7119 23.1027
6701.5736 23.0075
6700.5720 22.4301
6699.9372 22.0982
6699.5703 21.9641
6698.5686 21.5654
6697.6763 21.0938
6697.5669 21.0274
6696.5653 20.4816
6695.9357 20.0893
6695.5636 19.8498
6694.5619 19.2790
6694.2006 19.0848
6693.5603 18.8058
6692.5586 18.3395
6692.0589 18.0804
6691.5569 17.8616
6690.5553 17.3729
6690.0173 17.0759
6689.5536 16.8414
6688.5519 16.4128
6687.6697 16.0714
6687.5503 16.0301
6686.5486 15.6351
6685.5469 15.2283
6685.1662 15.0670
6684.5452 14.8638
6683.5436 14.4888
6682.6355 14.0625
6682.5419 14.0140
6681.5402 13.5190
6680.7477 13.0580
6680.5386 12.9314
6679.5369 12.4363
6678.7888 12.0536
6678.5352 11.9555
6677.5336 11.5899
6676.5319 11.1696
6676.2363 11.0491
6675.5302 10.8760
6674.5285 10.6461
6673.5269 10.3828
6672.5252 10.0939
6672.3226 10.0446
6671.5235 9.8533
6670.5219 9.6879
6669.5202 9.5637
6668.5185 9.4766
6667.5169 9.3614
6666.5152 9.1903
6665.9433 9.0402
6665.5135 8.9067
6664.5119 8.4897
6663.5857 8.0357
6663.5102 7.9959
6662.5085 7.3718
6661.9888 7.0312
6661.5068 6.6691
6660.7743 6.0268
6660.5052 5.7436
6659.8836 5.0223
6659.5035 4.4400
6659.2486 4.0179
6658.7203 3.0134
6658.5018 2.4535
6658.3357 2.0089
6658.1146 1.0045
6658.0432 0.0000
