6790.4217 223.9955
6790.4058 223.9749
6789.6613 222.9911
6789.4042 222.6593
6788.8722 221.9866
6788.4025 221.4063
6788.0767 220.9821
6787.4008 220.0807
6787.3191 219.9777
6786.5794 218.9732
6786.3992 218.7368
6785.6817 217.9688
6785.3975 217.6708
6784.8480 216.9643
6784.3958 216.3041
6784.1526 215.9598
6783.4125 214.9554
6783.3942 214.9326
6782.5901 213.9509
6782.3925 213.7001
6781.8086 212.9464
6781.3908 212.4194
6781.0164 211.9420
6780.3891 211.1091
6780.2511 210.9375
6779.4496 209.9330
6779.3875 209.8542
6778.6679 208.9286
6778.3858 208.5746
6777.8901 207.9241
6777.3841 207.2206
6777.1376 206.9196
6776.3825 206.0493
6776.2725 205.9152
6775.4797 204.9107
6775.3808 204.7936
6774.6588 203.9062
6774.3791 203.5583
6773.8603 202.9018
6773.3775 202.2882
6773.0586 201.8973
6772.3758 201.0183
6772.2731 200.8929
6771.4491 199.8884
6771.3741 199.7970
6770.6727 198.8839
6770.3725 198.4640
6769.9467 197.8795
6769.3708 197.1661
6769.1138 196.8750
6768.3691 196.0014
6768.2534 195.8705
6767.3882 194.8661
6767.3674 194.8438
6766.5995 193.8616
6766.3658 193.5649
6765.7557 192.8571
6765.3641 192.3850
6764.9253 191.8527
6764.3624 191.1788
6764.0989 190.8482
6763.3864 189.8438
6763.3608 189.8110
6762.5680 188.8393
6762.3591 188.5871
6761.7375 187.8348
6761.3574 187.4024
6760.8814 186.8304
6760.3558 186.1870
6760.0538 185.8259
6759.3541 184.9442
6759.2383 184.8214
6758.3524 183.8735
6758.3056 183.8170
6757.4907 182.8125
6757.3508 182.6360
6756.6774 181.8080
6756.3491 181.3834
6755.8977 180.8036
6755.3474 180.1557
6755.0405 179.7991
6754.3457 179.0029
6754.1685 178.7946
6753.3556 177.7902
6753.3441 177.7768
6752.5320 176.7857
6752.3424 176.5632
6751.6600 175.7812
6751.3407 175.4098
6750.7643 174.7768
6750.3391 174.3081
6749.8732 173.7723
6749.3374 173.1609
6748.9899 172.7679
6748.3357 171.9366
6748.1975 171.7634
6747.3341 170.7754
6747.3199 170.7589
6746.4962 169.7545
6746.3324 169.5637
6745.6084 168.7500
6745.3307 168.4244
6744.7438 167.7455
6744.3290 167.2847
6743.8566 166.7411
6743.3274 166.1388
6742.9756 165.7366
6742.3257 164.9882
6742.0854 164.7321
6741.3240 163.8350
6741.2292 163.7277
6740.3224 162.7333
6740.3138 162.7232
6739.4621 161.7188
6739.3207 161.5532
6738.5716 160.7143
6738.3190 160.4349
6737.6685 159.7098
6737.3174 159.3373
6736.7609 158.7054
6736.3157 158.1993
6735.8664 157.7009
6735.3140 157.0638
6734.9808 156.6964
6734.3124 155.9775
6734.0535 155.6920
6733.3107 154.8130
6733.1912 154.6875
6732.3090 153.7362
6732.2622 153.6830
6731.3430 152.6786
6731.3073 152.6400
6730.4071 151.6741
6730.3057 151.5675
6729.5002 150.6696
6729.3040 150.4476
6728.5838 149.6652
6728.3023 149.3683
6727.6508 148.6607
6727.3007 148.2885
6726.7188 147.6562
6726.2990 147.1996
6725.7885 146.6518
6725.2973 146.0577
6724.9522 145.6473
6724.2957 144.9683
6723.9565 144.6429
6723.2940 143.9930
6722.9590 143.6384
6722.2923 142.9305
6722.0144 142.6339
6721.2907 141.8757
6721.0530 141.6295
6720.2890 140.8404
6720.0824 140.6250
6719.2873 139.7714
6719.1460 139.6205
6718.2856 138.6966
6718.2089 138.6161
6717.2840 137.6722
6717.2255 137.6116
6716.3665 136.6071
6716.2823 136.5225
6715.3920 135.6027
6715.2806 135.4881
6714.3182 134.5982
6714.2790 134.5595
6713.3395 133.5938
6713.2773 133.5328
6712.3835 132.5893
6712.2756 132.4807
6711.3895 131.5848
6711.2740 131.4655
6710.3602 130.5804
6710.2723 130.4935
6709.3857 129.5759
6709.2706 129.4579
6708.4264 128.5714
6708.2689 128.4004
6707.5001 127.5670
6707.2673 127.3287
6706.3959 126.5625
6706.2656 126.4483
6705.3642 125.5580
6705.2639 125.4602
6704.3421 124.5536
6704.2623 124.4747
6703.2932 123.5491
6703.2606 123.5169
6702.2801 122.5446
6702.2589 122.5246
6701.2656 121.5402
6701.2573 121.5319
6700.2556 120.6149
6700.1738 120.5357
6699.2539 119.6381
6699.1491 119.5312
6698.2535 118.5268
6698.2523 118.5256
6697.2506 117.6729
6697.0898 117.5223
6696.2489 116.7507
6696.0060 116.5179
6695.2472 115.7726
6694.9726 115.5134
6694.2456 114.8271
6693.9111 114.5089
6693.2439 113.9128
6692.7927 113.5045
6692.2422 112.9848
6691.7354 112.5000
6691.2406 112.0361
6690.6646 111.4955
6690.2389 111.0694
6689.6731 110.4911
6689.2372 110.0785
6688.5644 109.4866
6688.2356 109.1977
6687.4166 108.4821
6687.2339 108.3201
6686.2750 107.4777
6686.2322 107.4393
6685.2306 106.5089
6685.1912 106.4732
6684.2289 105.6156
6684.0665 105.4688
6683.2272 104.7099
6682.9564 104.4643
6682.2255 103.8377
6681.8057 103.4598
6681.2239 102.9323
6680.6794 102.4554
6680.2222 102.0131
6679.5718 101.4509
6679.2205 101.1705
6678.4447 100.4464
6678.2189 100.2377
6677.2792 99.4420
6677.2172 99.3850
6676.2155 98.5188
6676.1209 98.4375
6675.2139 97.6717
6674.9432 97.4330
6674.2122 96.8126
6673.7751 96.4286
6673.2105 95.9361
6672.6018 95.4241
6672.2088 95.0881
6671.3609 94.4196
6671.2072 94.2961
6670.2055 93.5018
6670.1129 93.4152
6669.2038 92.5715
6669.0244 92.4107
6668.2022 91.7225
6667.8271 91.4062
6667.2005 90.9006
6666.6047 90.4018
6666.1988 90.0580
6665.3744 89.3973
6665.1972 89.2457
6664.1955 88.3968
6664.1908 88.3929
6663.1938 87.6248
6662.9092 87.3884
6662.1922 86.8594
6661.6061 86.3839
6661.1905 86.0169
6660.4233 85.3795
6660.1888 85.1855
6659.2057 84.3750
6659.1871 84.3592
6658.1855 83.4676
6658.0892 83.3705
6657.1838 82.5984
6656.9251 82.3661
6656.1821 81.6656
6655.8733 81.3616
6655.1805 80.7656
6654.7407 80.3571
6654.1788 79.7854
6653.7167 79.3527
6653.1771 78.7923
6652.7793 78.3482
6652.1755 77.6638
6651.8936 77.3438
6651.1738 76.5518
6650.9348 76.3393
6650.1721 75.6629
6649.7747 75.3348
6649.1705 74.8330
6648.4950 74.3304
6648.1688 74.0701
6647.2207 73.3259
6647.1671 73.2773
6646.1654 72.4329
6646.0368 72.3214
6645.1638 71.5197
6644.9233 71.3170
6644.1621 70.6301
6643.8151 70.3125
6643.1604 69.6545
6642.8114 69.3080
6642.1588 68.6508
6641.8040 68.3036
6641.1571 67.6281
6640.8248 67.2991
6640.1554 66.5821
6639.8739 66.2946
6639.1538 65.5602
6638.8951 65.2902
6638.1521 64.5550
6637.8749 64.2857
6637.1504 63.5535
6636.8770 63.2812
6636.1487 62.5680
6635.8190 62.2768
6635.1471 61.6666
6634.7573 61.2723
6634.1454 60.6309
6633.7848 60.2679
6633.1437 59.6125
6632.8078 59.2634
6632.1421 58.5794
6631.8338 58.2589
6631.1404 57.4093
6631.0106 57.2545
6630.1387 56.2652
6630.1249 56.2500
6629.2408 55.2455
6629.1371 55.1229
6628.3807 54.2411
6628.1354 53.9506
6627.5129 53.2366
6627.1337 52.8046
6626.5410 52.2321
6626.1321 51.8704
6625.4376 51.2277
6625.1304 50.9379
6624.3407 50.2232
6624.1287 50.0378
6623.1956 49.2188
6623.1270 49.1562
6622.1254 48.2248
6622.1149 48.2143
6621.1237 47.2751
6621.0557 47.2098
6620.1220 46.2360
6620.0918 46.2054
6619.1270 45.2009
6619.1204 45.1934
6618.1536 44.1964
6618.1187 44.1589
6617.1857 43.1920
6617.1170 43.1245
6616.2000 42.1875
6616.1154 42.1060
6615.1269 41.1830
6615.1137 41.1700
6614.1120 40.2701
6614.0027 40.1786
6613.1104 39.3175
6612.9588 39.1741
6612.1087 38.5130
6611.6905 38.1696
6611.1070 37.7078
6610.3867 37.1652
6610.1053 36.9293
6609.1540 36.1607
6609.1037 36.1248
6608.1020 35.4663
6607.7034 35.1562
6607.1003 34.7440
6606.2625 34.1518
6606.0987 34.0153
6605.0970 33.2627
6604.9401 33.1473
6604.0953 32.5695
6603.4785 32.1429
6603.0937 31.9158
6602.0920 31.3077
6601.8578 31.1384
6601.0903 30.4380
6600.7144 30.1339
6600.0886 29.6444
6599.4497 29.1295
6599.0870 28.8232
6598.2359 28.1250
6598.0853 28.0330
6597.0836 27.4921
6596.4358 27.1205
6596.0820 26.9385
6595.0803 26.5047
6594.2001 26.1161
6594.0786 26.0612
6593.0770 25.5493
6592.3945 25.1116
6592.0753 24.8845
6591.0736 24.1641
6590.9963 24.1071
6590.0720 23.5187
6589.2826 23.1027
6589.0703 22.9846
6588.0686 22.4293
6587.4853 22.0982
6587.0669 21.9241
6586.0653 21.4057
6585.5541 21.0938
6585.0636 20.7836
6584.0619 20.1927
6583.8789 20.0893
6583.0603 19.6472
6582.0586 19.1851
6581.8604 19.0848
6581.0569 18.7268
6580.0553 18.2017
6579.8322 18.0804
6579.0536 17.6978
6578.0519 17.1942
6577.8144 17.0759
6577.0503 16.7582
6576.0486 16.3623
6575.3896 16.0714
6575.0469 15.9295
6574.0452 15.5300
6573.0436 15.1341
6572.8883 15.0670
6572.0419 14.7837
6571.0402 14.3850
6570.3894 14.0625
6570.0386 13.8654
6569.0369 13.2779
6568.6392 13.0580
6568.0352 12.7316
6567.0336 12.2177
6566.6770 12.0536
6566.0319 11.8119
6565.0302 11.4509
6564.0285 11.0737
6563.9623 11.0491
6563.0269 10.8640
6562.0252 10.6740
6561.0235 10.4846
6560.0219 10.3047
6559.0202 10.1335
6558.4768 10.0446
6558.0185 9.9543
6557.0169 9.7904
6556.0152 9.6069
6555.0135 9.3838
6554.0119 9.0584
6553.9717 9.0402
6553.0102 8.5459
6552.1375 8.0357
6552.0085 7.9528
6551.0068 7.2320
6550.7659 7.0312
6550.0052 6.3255
6549.7032 6.0268
6549.0035 5.1889
6548.8697 5.0223
6548.3075 4.0179
6548.0018 3.4258
6547.7660 3.0134
6547.3755 2.0089
6547.1328 1.0045
6547.0529 0.0000
