7428.1157 224.8805
7427.1140 224.6013
7426.1124 224.2645
7425.4383 223.9955
7425.1107 223.8566
7424.1090 223.4271
7423.2808 222.9911
7423.1073 222.8965
7422.1057 222.4307
7421.2546 221.9866
7421.1040 221.9080
7420.1023 221.3719
7419.4776 220.9821
7419.1007 220.7251
7418.0990 220.1115
7417.9124 219.9777
7417.0973 219.3999
7416.5716 218.9732
7416.0957 218.5907
7415.3515 217.9688
7415.0940 217.7347
7414.2067 216.9643
7414.0923 216.8449
7413.2955 215.9598
7413.0907 215.7719
7412.2450 214.9554
7412.0890 214.7960
7411.2067 213.9509
7411.0873 213.8312
7410.2900 212.9464
7410.0856 212.7333
7409.4082 211.9420
7409.0840 211.5543
7408.5503 210.9375
7408.0823 210.3725
7407.7276 209.9330
7407.0806 209.1397
7406.9200 208.9286
7406.2560 207.9241
7406.0790 207.6736
7405.5662 206.9196
7405.0773 206.1957
7404.8537 205.9152
7404.0756 204.9248
7404.0658 204.9107
7403.4482 203.9062
7403.0740 203.2742
7402.8380 202.9018
7402.2710 201.8973
7402.0723 201.5577
7401.6729 200.8929
7401.0819 199.8884
7401.0706 199.8701
7400.5717 198.8839
7400.0827 197.8795
7400.0689 197.8572
7399.5764 196.8750
7399.1407 195.8705
7399.0673 195.7211
7398.6509 194.8661
7398.2016 193.8616
7398.0656 193.5803
7397.7494 192.8571
7397.3981 191.8527
7397.0639 191.0014
7396.9974 190.8482
7396.6617 189.8438
7396.3716 188.8393
7396.0623 187.9140
7396.0342 187.8348
7395.7141 186.8304
7395.4493 185.8259
7395.1763 184.8214
7395.0606 184.3769
7394.9222 183.8170
7394.7380 182.8125
7394.5690 181.8080
7394.4155 180.8036
7394.2596 179.7991
7394.1131 178.7946
7394.0589 178.3765
7393.9886 177.7902
7393.8822 176.7857
7393.8028 175.7812
7393.7580 174.7768
7393.7358 173.7723
7393.7363 172.7679
7393.7690 171.7634
7393.8284 170.7589
7393.9280 169.7545
7394.0539 168.7500
7394.0589 168.7214
7394.2387 167.7455
7394.4288 166.7411
7394.6252 165.7366
7394.8503 164.7321
7395.0606 163.8793
7395.1023 163.7277
7395.3658 162.7232
7395.6280 161.7188
7395.9111 160.7143
7396.0623 160.2596
7396.2499 159.7098
7396.5524 158.7054
7396.8293 157.7009
7397.0639 156.9806
7397.1625 156.6964
7397.4649 155.6920
7397.7397 154.6875
7398.0160 153.6830
7398.0656 153.5224
7398.3262 152.6786
7398.6320 151.6741
7398.9401 150.6696
7399.0673 150.3329
7399.3009 149.6652
7399.5841 148.6607
7399.9015 147.6562
7400.0689 147.2079
7400.2799 146.6518
7400.5323 145.6473
7400.8054 144.6429
7401.0706 143.7099
7401.0937 143.6384
7401.3768 142.6339
7401.6183 141.6295
7401.8615 140.6250
7402.0723 139.8544
7402.1313 139.6205
7402.3572 138.6161
7402.5557 137.6116
7402.7406 136.6071
7402.9415 135.6027
7403.0740 134.9744
7403.1476 134.5982
7403.3282 133.5938
7403.4869 132.5893
7403.6260 131.5848
7403.7730 130.5804
7403.9029 129.5759
7404.0155 128.5714
7404.0756 127.8059
7404.0960 127.5670
7404.1502 126.5625
7404.1975 125.5580
7404.2516 124.5536
7404.3113 123.5491
7404.3380 122.5446
7404.3519 121.5402
7404.3167 120.5357
7404.2669 119.5312
7404.1818 118.5268
7404.0756 117.5381
7404.0739 117.5223
7404.0051 116.5179
7403.9175 115.5134
7403.7828 114.5089
7403.6124 113.5045
7403.4411 112.5000
7403.2569 111.4955
7403.0740 110.7774
7402.9873 110.4911
7402.7792 109.4866
7402.5501 108.4821
7402.2955 107.4777
7402.0723 106.8646
7401.9178 106.4732
7401.5930 105.4688
7401.2193 104.4643
7401.0706 104.1408
7400.7683 103.4598
7400.3913 102.4554
7400.0689 101.6371
7399.9861 101.4509
7399.5629 100.4464
7399.1266 99.4420
7399.0673 99.3241
7398.5906 98.4375
7398.0656 97.4340
7398.0650 97.4330
7397.4658 96.4286
7397.0639 95.6857
7396.9125 95.4241
7396.3291 94.4196
7396.0623 93.9770
7395.7336 93.4152
7395.1884 92.4107
7395.0606 92.2083
7394.5006 91.4062
7394.0589 90.7950
7393.7835 90.4018
7393.0622 89.3973
7393.0573 89.3903
7392.4582 88.3929
7392.0556 87.8409
7391.6656 87.3884
7391.0539 86.6874
7390.8186 86.3839
7390.0812 85.3795
7390.0523 85.3468
7389.3300 84.3750
7389.0506 83.9944
7388.5643 83.3705
7388.0489 82.7590
7387.6919 82.3661
7387.0472 81.7079
7386.7289 81.3616
7386.0456 80.5335
7385.8881 80.3571
7385.0439 79.4934
7384.9162 79.3527
7384.0617 78.3482
7384.0422 78.3264
7383.2822 77.3438
7383.0406 77.0754
7382.3323 76.3393
7382.0389 76.0020
7381.5172 75.3348
7381.0372 74.7316
7380.6862 74.3304
7380.0356 73.5814
7379.8289 73.3259
7379.0339 72.4375
7378.9145 72.3214
7378.0322 71.4626
7377.8860 71.3170
7377.0306 70.3170
7377.0271 70.3125
7376.2406 69.3080
7376.0289 69.0698
7375.2563 68.3036
7375.0272 68.0390
7374.3575 67.2991
7374.0255 66.9467
7373.5119 66.2946
7373.0239 65.6973
7372.7004 65.2902
7372.0222 64.4820
7371.8375 64.2857
7371.0205 63.3540
7370.9505 63.2812
7370.0189 62.2780
7370.0178 62.2768
7369.1467 61.2723
7369.0172 61.1358
7368.3049 60.2679
7368.0155 59.9485
7367.3880 59.2634
7367.0139 58.8497
7366.4869 58.2589
7366.0122 57.6350
7365.7135 57.2545
7365.0105 56.4754
7364.7955 56.2500
7364.0088 55.4554
7363.8028 55.2455
7363.0072 54.4253
7362.8098 54.2411
7362.0055 53.4561
7361.7704 53.2366
7361.0038 52.5601
7360.6057 52.2321
7360.0022 51.7387
7359.3784 51.2277
7359.0005 50.8835
7358.2545 50.2232
7357.9988 50.0080
7357.0309 49.2188
7356.9972 49.1869
7355.9955 48.3864
7355.7882 48.2143
7354.9938 47.5381
7354.5936 47.2098
7353.9922 46.7221
7353.3198 46.2054
7352.9905 45.9603
7351.9888 45.3204
7351.8003 45.2009
7350.9871 44.7024
7350.2253 44.1964
7349.9855 43.9974
7348.9838 43.1941
7348.9811 43.1920
7347.9821 42.3604
7347.7857 42.1875
7346.9805 41.4556
7346.6868 41.1830
7345.9788 40.5443
7345.4924 40.1786
7344.9771 39.7695
7344.1561 39.1741
7343.9755 39.0674
7342.9738 38.5628
7342.3390 38.1696
7341.9721 37.9213
7340.9705 37.3748
7340.5405 37.1652
7339.9688 36.8446
7338.9671 36.3010
7338.7560 36.1607
7337.9654 35.6629
7337.3021 35.1562
7336.9638 34.8543
7336.1100 34.1518
7335.9621 34.0250
7334.9604 33.2693
7334.7726 33.1473
7333.9588 32.6393
7333.0480 32.1429
7332.9571 32.0979
7331.9554 31.6603
7330.9538 31.2694
7330.6788 31.1384
7329.9521 30.7065
7328.9817 30.1339
7328.9504 30.1158
7327.9487 29.5176
7327.2275 29.1295
7326.9471 28.9812
7325.9454 28.5353
7324.9437 28.1261
7324.9416 28.1250
7323.9421 27.6181
7322.9742 27.1205
7322.9404 27.0999
7321.9387 26.5433
7321.0826 26.1161
7320.9371 26.0386
7319.9354 25.5444
7319.0804 25.1116
7318.9337 25.0381
7317.9321 24.5604
7317.0481 24.1071
7316.9304 24.0398
7315.9287 23.5921
7314.9270 23.1232
7314.8861 23.1027
7313.9254 22.5129
7313.2653 22.0982
7312.9237 21.9025
7311.9220 21.4697
7310.9204 21.2189
7310.3160 21.0938
7309.9187 21.0159
7308.9170 20.7391
7307.9154 20.3812
7307.2079 20.0893
7306.9137 19.9423
7305.9120 19.4206
7305.2707 19.0848
7304.9104 18.8995
7303.9087 18.3660
7303.4017 18.0804
7302.9070 17.7930
7301.9053 17.4216
7300.9037 17.2120
7300.0820 17.0759
7299.9020 17.0413
7298.9003 16.7101
7297.8987 16.3511
7297.3498 16.0714
7296.8970 15.8278
7295.8953 15.2708
7295.5317 15.0670
7294.8937 14.7139
7293.8920 14.3460
7292.8903 14.1809
7292.2021 14.0625
7291.8886 14.0015
7290.8870 13.6581
7289.8853 13.1839
7289.6737 13.0580
7288.8836 12.6308
7287.8820 12.2579
7287.2218 12.0536
7286.8803 11.9535
7285.8786 11.6509
7284.8770 11.3771
7283.8753 11.1989
7282.8736 11.0627
7282.8181 11.0491
7281.8720 10.8136
7280.8703 10.4680
7280.0107 10.0446
7279.8686 9.9593
7278.8669 9.5229
7277.8653 9.2621
7277.0333 9.0402
7276.8636 8.9867
7275.8619 8.6510
7274.8603 8.3645
7273.8586 8.1251
7273.5271 8.0357
7272.8569 7.8660
7271.8553 7.6422
7270.8536 7.4050
7269.8519 7.1635
7269.4218 7.0312
7268.8503 6.8395
7267.8486 6.5237
7266.8469 6.2898
7265.8452 6.2011
7264.8436 6.1824
7263.8419 6.0316
7263.8237 6.0268
7262.8402 5.7428
7261.8386 5.4472
7260.8369 5.2149
7260.1019 5.0223
7259.8352 4.9422
7258.8336 4.6086
7257.8319 4.2893
7256.8302 4.0785
7256.0657 4.0179
7255.8285 4.0024
7254.8269 3.9016
7253.8252 3.7358
7252.8235 3.4673
7251.8219 3.1640
7251.2783 3.0134
7250.8202 2.9045
7249.8185 2.8644
7248.8169 2.9222
7247.8152 2.8933
7246.8135 2.7376
7245.8119 2.5005
7244.8102 2.3089
7243.8085 2.1738
7242.8068 2.1280
7241.8052 2.1386
7240.8035 2.0710
7240.5528 2.0089
7239.8018 1.6827
7239.0271 1.0045
7238.8002 0.0897
7238.7675 0.0000
