6731.6092 224.0777
6731.5433 223.9955
6730.7867 222.9911
6730.6075 222.7652
6729.9983 221.9866
6729.6058 221.4826
6729.1848 220.9821
6728.6042 220.2666
6728.3753 219.9777
6727.6025 218.9741
6727.6018 218.9732
6726.8285 217.9688
6726.6008 217.6749
6726.0103 216.9643
6725.5992 216.3897
6725.2827 215.9598
6724.5975 215.1046
6724.4722 214.9554
6723.6409 213.9509
6723.5958 213.8967
6722.8132 212.9464
6722.5942 212.6817
6721.9884 211.9420
6721.5925 211.4784
6721.1536 210.9375
6720.5908 210.2258
6720.3505 209.9330
6719.5891 208.9464
6719.5745 208.9286
6718.7869 207.9241
6718.5875 207.6634
6718.0238 206.9196
6717.5858 206.3787
6717.2143 205.9152
6716.5841 205.1012
6716.4282 204.9107
6715.6386 203.9062
6715.5825 203.8360
6714.6862 202.9018
6714.5808 202.7896
6713.8692 201.8973
6713.5791 201.5433
6713.0500 200.8929
6712.5775 200.3081
6712.2289 199.8884
6711.5758 199.0780
6711.4149 198.8839
6710.6851 197.8795
6710.5741 197.7504
6709.8516 196.8750
6709.5725 196.5329
6709.0172 195.8705
6708.5708 195.3285
6708.1787 194.8661
6707.5691 194.1348
6707.3293 193.8616
6706.5674 192.9912
6706.4488 192.8571
6705.5991 191.8527
6705.5658 191.8151
6704.7550 190.8482
6704.5641 190.6121
6703.9688 189.8438
6703.5624 189.3435
6703.1475 188.8393
6702.5608 188.1194
6702.3205 187.8348
6701.5591 186.9285
6701.4732 186.8304
6700.6065 185.8259
6700.5574 185.7691
6699.7838 184.8214
6699.5558 184.5500
6698.9413 183.8170
6698.5541 183.3650
6698.0450 182.8125
6697.5524 182.2531
6697.1499 181.8080
6696.5508 181.0962
6696.3244 180.8036
6695.5491 179.8645
6695.4909 179.7991
6694.6142 178.7946
6694.5474 178.7186
6693.7568 177.7902
6693.5457 177.5549
6692.8946 176.7857
6692.5441 176.3789
6692.0166 175.7812
6691.5424 175.2252
6691.1475 174.7768
6690.5407 174.1011
6690.2491 173.7723
6689.5391 172.9472
6689.3808 172.7679
6688.6036 171.7634
6688.5374 171.6895
6687.6137 170.7589
6687.5357 170.6835
6686.7549 169.7545
6686.5341 169.5013
6685.8591 168.7500
6685.5324 168.3707
6684.9759 167.7455
6684.5307 167.2454
6684.0786 166.7411
6683.5290 166.1514
6683.1636 165.7366
6682.5274 165.0022
6682.2751 164.7321
6681.5257 163.8139
6681.4542 163.7277
6680.5695 162.7232
6680.5240 162.6729
6679.5995 161.7188
6679.5224 161.6416
6678.6742 160.7143
6678.5207 160.5462
6677.7541 159.7098
6677.5190 159.4572
6676.8156 158.7054
6676.5174 158.3910
6675.9021 157.7009
6675.5157 157.2584
6675.0005 156.6964
6674.5140 156.1726
6674.0577 155.6920
6673.5124 155.1034
6673.1439 154.6875
6672.5107 153.9315
6672.2949 153.6830
6671.5090 152.8288
6671.3528 152.6786
6670.5073 151.8913
6670.3061 151.6741
6669.5057 150.7889
6669.3925 150.6696
6668.5040 149.7132
6668.4594 149.6652
6667.5204 148.6607
6667.5023 148.6416
6666.5488 147.6562
6666.5007 147.6049
6665.6134 146.6518
6665.4990 146.5240
6664.7740 145.6473
6664.4973 145.3547
6663.7748 144.6429
6663.4957 144.3577
6662.8206 143.6384
6662.4940 143.3053
6661.7914 142.6339
6661.4923 142.3499
6660.7847 141.6295
6660.4907 141.3208
6659.8037 140.6250
6659.4890 140.3109
6658.8259 139.6205
6658.4873 139.2747
6657.8515 138.6161
6657.4856 138.2442
6656.8370 137.6116
6656.4840 137.2191
6655.9567 136.6071
6655.4823 136.1233
6654.9728 135.6027
6654.4806 135.1099
6653.9350 134.5982
6653.4790 134.1631
6652.8915 133.5938
6652.4773 133.1951
6651.8813 132.5893
6651.4756 132.1767
6650.8784 131.5848
6650.4740 131.1891
6649.8313 130.5804
6649.4723 130.2272
6648.8421 129.5759
6648.4706 129.1928
6647.8714 128.5714
6647.4689 128.1500
6646.8832 127.5670
6646.4673 127.1672
6645.8479 126.5625
6645.4656 126.1969
6644.8051 125.5580
6644.4639 125.2302
6643.6900 124.5536
6643.4623 124.3461
6642.6286 123.5491
6642.4606 123.3894
6641.5892 122.5446
6641.4589 122.4213
6640.5442 121.5402
6640.4573 121.4561
6639.4556 120.5385
6639.4526 120.5357
6638.4539 119.5617
6638.4230 119.5312
6637.4618 118.5268
6637.4523 118.5177
6636.4506 117.6028
6636.3579 117.5223
6635.4489 116.7715
6635.1686 116.5179
6634.4472 115.8437
6634.0881 115.5134
6633.4456 114.9381
6632.9720 114.5089
6632.4439 114.0421
6631.8679 113.5045
6631.4422 113.0998
6630.8117 112.5000
6630.4406 112.1469
6629.7023 111.4955
6629.4389 111.2473
6628.6501 110.4911
6628.4372 110.2930
6627.5574 109.4866
6627.4356 109.3727
6626.4339 108.5346
6626.3758 108.4821
6625.4322 107.6835
6625.2046 107.4777
6624.4306 106.7895
6624.0811 106.4732
6623.4289 105.8701
6622.9731 105.4688
6622.4272 104.9900
6621.8447 104.4643
6621.4255 104.1126
6620.6459 103.4598
6620.4239 103.2533
6619.4346 102.4554
6619.4222 102.4442
6618.4205 101.5432
6618.3182 101.4509
6617.4189 100.7201
6617.1205 100.4464
6616.4172 99.8248
6615.9555 99.4420
6615.4155 98.9877
6614.7728 98.4375
6614.4139 98.1376
6613.6341 97.4330
6613.4122 97.2393
6612.4105 96.4304
6612.4083 96.4286
6611.4088 95.6180
6611.1822 95.4241
6610.4072 94.7936
6609.9742 94.4196
6609.4055 93.9420
6608.7125 93.4152
6608.4038 93.1516
6607.5612 92.4107
6607.4022 92.2876
6606.4005 91.4949
6606.2963 91.4062
6605.3988 90.6931
6605.0580 90.4018
6604.3972 89.8691
6603.7958 89.3973
6603.3955 89.0553
6602.5539 88.3929
6602.3938 88.2619
6601.3922 87.4957
6601.2649 87.3884
6600.3905 86.7154
6600.0247 86.3839
6599.3888 85.8408
6598.8426 85.3795
6598.3871 84.9771
6597.7786 84.3750
6597.3855 83.9956
6596.8117 83.3705
6596.3838 82.9219
6595.8094 82.3661
6595.3821 81.8972
6594.8301 81.3616
6594.3805 80.9483
6593.7797 80.3571
6593.3788 79.9708
6592.7005 79.3527
6592.3771 79.0474
6591.4182 78.3482
6591.3755 78.3121
6590.3738 77.6094
6590.0544 77.3438
6589.3721 76.7838
6588.8324 76.3393
6588.3705 75.9182
6587.6975 75.3348
6587.3688 75.0333
6586.5493 74.3304
6586.3671 74.1571
6585.4131 73.3259
6585.3654 73.2795
6584.3638 72.3684
6584.3133 72.3214
6583.3621 71.3900
6583.2724 71.3170
6582.3604 70.5066
6582.1556 70.3125
6581.3588 69.5435
6581.1172 69.3080
6580.3571 68.5662
6580.0787 68.3036
6579.3554 67.5812
6579.0627 67.2991
6578.3538 66.5803
6578.0749 66.2946
6577.3521 65.5504
6577.1034 65.2902
6576.3504 64.5236
6576.1066 64.2857
6575.3487 63.5083
6575.1288 63.2812
6574.3471 62.5051
6574.1086 62.2768
6573.3454 61.5204
6573.0987 61.2723
6572.3437 60.4656
6572.1591 60.2679
6571.3421 59.3653
6571.2521 59.2634
6570.3583 58.2589
6570.3404 58.2355
6569.6024 57.2545
6569.3387 56.9422
6568.7437 56.2500
6568.3371 55.7785
6567.8706 55.2455
6567.3354 54.6616
6566.9340 54.2411
6566.3337 53.6077
6565.9550 53.2366
6565.3321 52.6264
6564.8747 52.2321
6564.3304 51.7954
6563.7180 51.2277
6563.3287 50.8460
6562.6622 50.2232
6562.3270 49.9018
6561.6170 49.2188
6561.3254 48.9214
6560.6739 48.2143
6560.3237 47.8284
6559.7511 47.2098
6559.3220 46.7275
6558.8471 46.2054
6558.3204 45.6364
6557.9218 45.2009
6557.3187 44.5334
6556.9993 44.1964
6556.3170 43.4460
6556.0348 43.1920
6555.3154 42.5577
6554.9450 42.1875
6554.3137 41.5898
6553.8780 41.1830
6553.3120 40.6519
6552.7738 40.1786
6552.3104 39.7136
6551.7487 39.1741
6551.3087 38.8206
6550.5348 38.1696
6550.3070 37.9773
6549.3053 37.1947
6549.2674 37.1652
6548.3037 36.3653
6548.0349 36.1607
6547.3020 35.6450
6546.6588 35.1562
6546.3003 34.9015
6545.2987 34.1728
6545.2706 34.1518
6544.2970 33.4228
6543.9155 33.1473
6543.2953 32.7209
6542.4793 32.1429
6542.2937 32.0276
6541.2920 31.3835
6540.9648 31.1384
6540.2903 30.4843
6539.9118 30.1339
6539.2886 29.5661
6538.7525 29.1295
6538.2870 28.7502
6537.4220 28.1250
6537.2853 28.0542
6536.2836 27.5423
6535.5071 27.1205
6535.2820 27.0017
6534.2803 26.5506
6533.3638 26.1161
6533.2786 26.0750
6532.2770 25.5380
6531.6305 25.1116
6531.2753 24.8290
6530.3983 24.1071
6530.2736 24.0161
6529.2720 23.5122
6528.4441 23.1027
6528.2703 23.0035
6527.2686 22.4483
6526.7082 22.0982
6526.2669 21.8880
6525.2653 21.3358
6524.8735 21.0938
6524.2636 20.7283
6523.2619 20.1775
6523.0981 20.0893
6522.2603 19.6381
6521.2586 19.1064
6521.2124 19.0848
6520.2569 18.6843
6519.2553 18.1454
6519.1353 18.0804
6518.2536 17.6666
6517.2519 17.1950
6516.9973 17.0759
6516.2503 16.7725
6515.2486 16.3658
6514.5567 16.0714
6514.2469 15.9451
6513.2452 15.5372
6512.2436 15.0910
6512.1820 15.0670
6511.2419 14.7902
6510.2402 14.3860
6509.5915 14.0625
6509.2386 13.8523
6508.2369 13.2906
6507.8139 13.0580
6507.2352 12.7337
6506.2336 12.2240
6505.8554 12.0536
6505.2319 11.8277
6504.2302 11.4568
6503.2285 11.0655
6503.1758 11.0491
6502.2269 10.8969
6501.2252 10.7250
6500.2235 10.5609
6499.2219 10.3915
6498.2202 10.2354
6497.2185 10.0865
6496.9997 10.0446
6496.2169 9.8777
6495.2152 9.6246
6494.2135 9.3431
6493.3966 9.0402
6493.2119 8.9568
6492.2102 8.3984
6491.6521 8.0357
6491.2085 7.7297
6490.3209 7.0312
6490.2068 6.9222
6489.2778 6.0268
6489.2052 5.9432
6488.4757 5.0223
6488.2035 4.5693
6487.8884 4.0179
6487.3896 3.0134
6487.2018 2.4949
6487.0262 2.0089
6486.8133 1.0045
6486.7422 0.0000
