7519.4641 149.4557
7520.4658 149.4659
7521.4674 149.4608
7522.4691 149.4556
7523.4708 149.4604
7524.4725 149.4594
7525.4741 149.4490
7526.4758 149.4509
7527.4775 149.4731
7528.4791 149.2168
7529.0353 148.6607
7528.5015 147.6562
7528.4791 147.6415
7527.4775 147.1873
7526.9939 146.6518
7526.9808 145.6473
7527.0097 144.6429
7526.5182 143.6384
7526.4758 143.6061
7525.4741 143.1631
7524.9648 142.6339
7525.0092 141.6295
7525.0085 140.6250
7525.0056 139.6205
7524.4725 138.8070
7524.2265 138.6161
7523.4708 138.1769
7522.9777 137.6116
7522.9962 136.6071
7522.5134 135.6027
7522.4691 135.5738
7521.4674 135.0589
7521.0163 134.5982
7521.0099 133.5938
7521.0299 132.5893
7520.4658 131.7186
7520.2806 131.5848
7519.4641 131.1590
7518.9296 130.5804
7518.9721 129.5759
7519.0062 128.5714
7518.4624 127.7512
7518.2114 127.5670
7517.4608 127.1468
7516.9692 126.5625
7517.0107 125.5580
7516.4591 124.7483
7516.1774 124.5536
7515.4574 124.1475
7514.9807 123.5491
7515.0242 122.5446
7515.0581 121.5402
7514.4558 120.8216
7513.9624 120.5357
7513.4541 120.1719
7513.0089 119.5312
7513.0743 118.5268
7512.4524 117.6836
7512.1957 117.5223
7511.4508 117.0902
7510.9379 116.5179
7511.0053 115.5134
7510.4491 114.8246
7510.0027 114.5089
7509.4474 114.1767
7508.9144 113.5045
7508.9543 112.5000
7508.4457 111.8444
7507.7911 111.4955
7507.4441 111.2609
7506.9860 110.4911
7507.0320 109.4866
7506.4424 108.7452
7506.0095 108.4821
7505.4407 108.0987
7505.0123 107.4777
7505.0557 106.4732
7504.4391 105.7465
7503.9333 105.4688
7503.4374 105.1117
7503.0126 104.4643
7503.0624 103.4598
7502.4357 102.7554
7501.7793 102.4554
7501.4341 102.2274
7500.9639 101.4509
7500.4324 100.7377
7499.9423 100.4464
7499.4307 100.1300
7498.9283 99.4420
7498.9663 98.4375
7498.4290 97.8085
7497.7960 97.4330
7497.4274 97.1512
7496.9661 96.4286
7496.9935 95.4241
7496.4257 94.8284
7495.6100 94.4196
7495.4240 94.2391
7495.0171 93.4152
7494.4224 92.6739
7493.8559 92.4107
7493.4207 92.1230
7492.9976 91.4062
7493.0036 90.4018
7492.4190 89.8115
7491.6259 89.3973
7491.4174 89.2033
7490.9874 88.3929
7490.4157 87.8221
7489.5749 87.3884
7489.4140 87.2185
7488.9887 86.3839
7488.4124 85.8258
7487.4835 85.3795
7487.4107 85.3031
7486.9837 84.3750
7487.0038 83.3705
7486.4090 82.7462
7485.6561 82.3661
7485.4073 82.1375
7485.0136 81.3616
7484.4057 80.7761
7483.4040 80.3575
7483.4036 80.3571
7482.9639 79.3527
7482.4023 78.7632
7481.5610 78.3482
7481.4007 78.1889
7481.0077 77.3438
7480.3990 76.7706
7479.4673 76.3393
7479.3973 76.2505
7479.0505 75.3348
7478.3957 74.6919
7477.6362 74.3304
7477.3940 74.0699
7477.0283 73.3259
7476.3923 72.7197
7475.5336 72.3214
7475.3907 72.1802
7474.9500 71.3170
7474.3890 70.8108
7473.3873 70.3133
7473.3861 70.3125
7472.9580 69.3080
7472.3856 68.7948
7471.3840 68.3378
7471.3374 68.3036
7470.9917 67.2991
7470.3823 66.7375
7469.4815 66.2946
7469.3806 66.1622
7469.0516 65.2902
7468.3790 64.6588
7467.5372 64.2857
7467.3773 64.1943
7466.3756 63.7366
7465.3740 63.3542
7465.2698 63.2812
7464.9488 62.2768
7464.3723 61.7601
7463.3706 61.3242
7463.2973 61.2723
7462.9787 60.2679
7462.3689 59.7259
7461.3673 59.2783
7461.3464 59.2634
7461.0251 58.2589
7460.3656 57.6518
7459.5011 57.2545
7459.3639 57.1706
7458.3623 56.6738
7457.3606 56.2614
7457.3447 56.2500
7456.9826 55.2455
7456.3589 54.6755
7455.3747 54.2411
7455.3573 54.2307
7454.3556 53.6941
7453.3539 53.2650
7453.3143 53.2366
7452.9503 52.2321
7452.3523 51.7745
7451.3506 51.3127
7451.2507 51.2277
7450.3489 50.6678
7449.3472 50.2585
7449.2964 50.2232
7448.9808 49.2188
7448.3456 48.7341
7447.3439 48.2551
7447.2957 48.2143
7446.3422 47.6227
7445.3598 47.2098
7445.3406 47.1786
7445.0338 46.2054
7444.3389 45.6466
7443.3372 45.2325
7443.2894 45.2009
7442.3356 44.6577
7441.3339 44.2056
7441.3216 44.1964
7441.0095 43.1920
7440.3322 42.6709
7439.3306 42.2594
7439.2265 42.1875
7438.3289 41.7309
7437.3272 41.3570
7437.1299 41.1830
7436.3255 40.6338
7435.3239 40.2548
7435.2258 40.1786
7435.0215 39.1741
7434.3222 38.6427
7433.3205 38.2012
7433.2790 38.1696
7432.3189 37.5942
7431.3172 37.2178
7431.2406 37.1652
7430.3155 36.6880
7429.3139 36.2721
7429.1717 36.1607
7428.3122 35.6221
7427.3105 35.2521
7427.1683 35.1562
7426.3088 34.6528
7425.3072 34.2776
7425.1577 34.1518
7424.9423 33.1473
7424.3055 32.6759
7423.3038 32.2548
7423.1593 32.1429
7422.3022 31.6887
7421.3005 31.3204
7421.0611 31.1384
7420.2988 30.6021
7419.2972 30.1651
7419.2524 30.1339
7418.2955 29.6472
7417.2938 29.1925
7417.2207 29.1295
7416.2922 28.5733
7415.2905 28.1895
7415.1982 28.1250
7414.2888 27.6277
7413.2871 27.2505
7413.1359 27.1205
7412.2855 26.6149
7411.2838 26.2640
7411.0910 26.1161
7410.2821 25.6123
7409.2805 25.2054
7409.1476 25.1116
7408.2788 24.6815
7407.2771 24.2550
7407.0987 24.1071
7406.2755 23.5763
7405.2738 23.1956
7405.1174 23.1027
7404.2721 22.6891
7403.2705 22.2678
7403.0929 22.0982
7402.2688 21.5606
7401.2671 21.2043
7401.1218 21.0938
7400.2654 20.5800
7399.2638 20.5070
7398.2621 20.5072
7397.2604 20.1347
7397.2003 20.0893
7396.2588 19.6184
7395.2571 19.2465
7395.0508 19.0848
7394.2554 18.5746
7393.2538 18.1747
7393.1079 18.0804
7392.2521 17.6237
7391.2504 17.2394
7391.0755 17.0759
7390.2487 16.5542
7389.2471 16.4757
7388.2454 16.5021
7387.2437 16.1781
7387.0751 16.0714
7386.2421 15.6502
7385.2404 15.2299
7385.0307 15.0670
7384.2387 14.6273
7383.2371 14.2347
7382.9995 14.0625
7382.2354 13.6078
7381.2337 13.5099
7380.2321 13.5068
7379.2304 13.1188
7379.1510 13.0580
7378.2287 12.6348
7377.2270 12.2046
7377.0690 12.0536
7376.2254 11.5031
7375.2237 11.4601
7374.2220 11.4443
7373.2204 11.1366
7373.0852 11.0491
7372.2187 10.6211
7371.2170 10.5369
7370.2154 10.5293
7369.2137 10.1771
7369.0568 10.0446
7368.2120 9.5706
7367.2104 9.1833
7367.0170 9.0402
7366.2087 8.5640
7365.2070 8.5128
7364.2053 8.5171
7363.2037 8.1498
7363.0535 8.0357
7362.2020 7.6162
7361.2003 7.5520
7360.1987 7.5403
7359.1970 7.2349
7358.9497 7.0312
7358.1953 6.5612
7357.1937 6.4770
7356.1920 6.4820
7355.1903 6.1709
7354.9960 6.0268
7354.1886 5.6188
7353.1870 5.5862
7352.1853 5.5751
7351.1836 5.5840
7350.1820 5.5712
7349.1803 5.2279
7348.9418 5.0223
7348.1786 4.5364
7347.1770 4.4589
7346.1753 4.4392
7345.1736 4.0974
7345.0730 4.0179
7344.1720 3.5287
7343.1703 3.4955
7342.1686 3.4851
7341.1669 3.4930
7340.1653 3.4803
7339.1636 3.0982
7339.0547 3.0134
7338.1619 2.5694
7337.1603 2.4976
7336.1586 2.5137
7335.1569 2.5089
7334.1553 2.5013
7333.1536 2.5039
7332.1519 2.5118
7331.1503 2.1205
7331.0221 2.0089
7330.1486 1.4900
7329.1469 1.4616
7328.1452 1.4567
7327.1436 1.4603
7326.1419 1.4547
7325.1402 1.4550
7324.1386 1.4456
7323.1369 1.1253
7322.9679 1.0045
7322.1352 0.6133
7321.1336 0.5634
7320.1319 0.5667
7319.1302 0.5650
7318.1285 0.5648
7317.1269 0.5656
7316.1252 0.5653
7315.1235 0.5650
7314.1219 0.5655
7313.1202 0.5673
7312.1185 0.5639
7311.1169 0.5646
7310.1152 0.5651
7309.1135 0.5656
7308.1119 0.5651
7307.1102 0.5654
7306.1085 0.5678
7305.1068 0.5638
7304.1052 0.5681
7303.1035 0.5671
7302.1018 0.5389
7301.1002 0.0991
7300.9982 0.0000
