7408.6624 224.5098
7408.0315 223.9955
7407.6608 223.6502
7406.9250 222.9911
7406.6591 222.7518
7405.8538 221.9866
7405.6574 221.7945
7404.8839 220.9821
7404.6558 220.7180
7404.0009 219.9777
7403.6541 219.5478
7403.2198 218.9732
7402.6524 218.2214
7402.4723 217.9688
7401.8437 216.9643
7401.6508 216.6171
7401.2904 215.9598
7400.7611 214.9554
7400.6491 214.7307
7400.2668 213.9509
7399.8694 212.9464
7399.6474 212.3990
7399.4667 211.9420
7399.1395 210.9375
7398.8441 209.9330
7398.6457 209.2956
7398.5369 208.9286
7398.2985 207.9241
7398.1208 206.9196
7397.9500 205.9152
7397.7873 204.9107
7397.6441 203.9705
7397.6336 203.9062
7397.5485 202.9018
7397.5153 201.8973
7397.5214 200.8929
7397.5510 199.8884
7397.5870 198.8839
7397.6179 197.8795
7397.6441 197.2203
7397.6579 196.8750
7397.6933 195.8705
7397.7258 194.8661
7397.7611 193.8616
7397.7850 192.8571
7397.7930 191.8527
7397.7947 190.8482
7397.7987 189.8438
7397.8130 188.8393
7397.8303 187.8348
7397.8456 186.8304
7397.8406 185.8259
7397.8345 184.8214
7397.8174 183.8170
7397.7941 182.8125
7397.7681 181.8080
7397.7370 180.8036
7397.6991 179.7991
7397.6441 178.8291
7397.6420 178.7946
7397.5731 177.7902
7397.5090 176.7857
7397.4477 175.7812
7397.3805 174.7768
7397.3052 173.7723
7397.2074 172.7679
7397.1084 171.7634
7396.9740 170.7589
7396.8144 169.7545
7396.6424 168.7889
7396.6342 168.7500
7396.4371 167.7455
7396.2549 166.7411
7396.0536 165.7366
7395.8198 164.7321
7395.6407 164.0766
7395.5535 163.7277
7395.3126 162.7232
7395.1164 161.7188
7394.8943 160.7143
7394.6391 159.7857
7394.6146 159.7098
7394.3120 158.7054
7394.0207 157.7009
7393.7157 156.6964
7393.6374 156.4714
7393.3340 155.6920
7393.0066 154.6875
7392.6689 153.6830
7392.6357 153.5953
7392.3047 152.6786
7391.9522 151.6741
7391.6341 150.8927
7391.5345 150.6696
7391.1392 149.6652
7390.7760 148.6607
7390.6324 148.2998
7390.3440 147.6562
7389.9278 146.6518
7389.6307 145.8774
7389.5377 145.6473
7389.1273 144.6429
7388.7308 143.6384
7388.6290 143.4185
7388.2604 142.6339
7387.8481 141.6295
7387.6274 141.1130
7387.3589 140.6250
7386.8642 139.6205
7386.6257 139.1593
7386.3489 138.6161
7385.8665 137.6116
7385.6240 137.0923
7385.3792 136.6071
7384.8795 135.6027
7384.6224 135.1489
7384.2928 134.5982
7383.7908 133.5938
7383.6207 133.2727
7383.2172 132.5893
7382.6891 131.5848
7382.6190 131.4635
7382.1126 130.5804
7381.6174 129.7062
7381.5341 129.5759
7380.9781 128.5714
7380.6157 127.8868
7380.4125 127.5670
7379.8340 126.5625
7379.6140 126.1769
7379.2239 125.5580
7378.6124 124.5662
7378.6035 124.5536
7377.9668 123.5491
7377.6107 122.9758
7377.3270 122.5446
7376.7591 121.5402
7376.6090 121.2931
7376.1128 120.5357
7375.6073 119.7286
7375.4784 119.5312
7374.9425 118.5268
7374.6057 117.9926
7374.2755 117.5223
7373.6679 116.5179
7373.6040 116.4197
7372.9918 115.5134
7372.6023 114.9106
7372.3161 114.5089
7371.6441 113.5045
7371.6007 113.4441
7370.9504 112.5000
7370.5990 111.9925
7370.2149 111.4955
7369.5973 110.5095
7369.5831 110.4911
7368.7564 109.4866
7368.5957 109.3003
7367.9943 108.4821
7367.5940 107.9725
7367.2038 107.4777
7366.5923 106.6036
7366.4852 106.4732
7365.7287 105.4688
7365.5907 105.2926
7364.9367 104.4643
7364.5890 104.0664
7364.1086 103.4598
7363.5873 102.7555
7363.3202 102.4554
7362.6356 101.4509
7362.5856 101.3882
7361.7898 100.4464
7361.5840 100.2092
7360.9426 99.4420
7360.5823 99.0248
7360.0758 98.4375
7359.5806 97.8335
7359.2135 97.4330
7358.5790 96.7560
7358.2856 96.4286
7357.5773 95.6120
7357.4074 95.4241
7356.5795 94.4196
7356.5756 94.4153
7355.6757 93.4152
7355.5740 93.2886
7354.8044 92.4107
7354.5723 92.1687
7353.8963 91.4062
7353.5706 91.0705
7352.9603 90.4018
7352.5689 89.9693
7351.9663 89.3973
7351.5673 89.0054
7350.9559 88.3929
7350.5656 88.0340
7349.9680 87.3884
7349.5639 86.9462
7349.0088 86.3839
7348.5623 85.9241
7348.0064 85.3795
7347.5606 84.9702
7346.9959 84.3750
7346.5589 83.8639
7346.1043 83.3705
7345.5573 82.8452
7345.0104 82.3661
7344.5556 81.9454
7343.9797 81.3616
7343.5539 80.9675
7342.8611 80.3571
7342.5523 80.0992
7341.6955 79.3527
7341.5506 79.2228
7340.5489 78.3619
7340.5344 78.3482
7339.5472 77.4132
7339.4741 77.3438
7338.5456 76.5110
7338.3644 76.3393
7337.5439 75.6162
7337.2494 75.3348
7336.5422 74.6789
7336.1944 74.3304
7335.5406 73.7347
7335.0719 73.3259
7334.5389 72.8898
7333.7720 72.3214
7333.5372 72.1312
7332.7159 71.3170
7332.5356 71.1619
7331.5679 70.3125
7331.5339 70.2834
7330.5322 69.4633
7330.3622 69.3080
7329.5306 68.6479
7329.1752 68.3036
7328.5289 67.6752
7328.1071 67.2991
7327.5272 66.7641
7327.0565 66.2946
7326.5255 65.8434
7325.9531 65.2902
7325.5239 64.8643
7324.8576 64.2857
7324.5222 63.9853
7323.6993 63.2812
7323.5205 63.1240
7322.7390 62.2768
7322.5189 62.0555
7321.6839 61.2723
7321.5172 61.0869
7320.7646 60.2679
7320.5155 60.0142
7319.8184 59.2634
7319.5139 58.9413
7318.8643 58.2589
7318.5122 57.7980
7318.0543 57.2545
7317.5105 56.6786
7317.1035 56.2500
7316.5088 55.6397
7316.1072 55.2455
7315.5072 54.6133
7315.1465 54.2411
7314.5055 53.5137
7314.2394 53.2366
7313.5038 52.4940
7313.2421 52.2321
7312.5022 51.4880
7312.2183 51.2277
7311.5005 50.4871
7311.2156 50.2232
7310.4988 49.5989
7310.0457 49.2188
7309.4972 48.7619
7308.8633 48.2143
7308.4955 47.8541
7307.6608 47.2098
7307.4938 47.0882
7306.4922 46.3648
7306.2718 46.2054
7305.4905 45.7334
7304.6796 45.2009
7304.4888 45.0586
7303.4871 44.4400
7303.1164 44.1964
7302.4855 43.7099
7301.8213 43.1920
7301.4838 42.9382
7300.5702 42.1875
7300.4821 42.1049
7299.4805 41.2428
7299.4037 41.1830
7298.4788 40.5613
7297.8608 40.1786
7297.4771 39.9108
7296.4755 39.1916
7296.4516 39.1741
7295.4738 38.6259
7294.6636 38.1696
7294.4721 38.0652
7293.4705 37.6123
7292.5037 37.1652
7292.4688 37.1440
7291.4671 36.5092
7290.9673 36.1607
7290.4654 35.8306
7289.4638 35.2060
7289.3996 35.1562
7288.4621 34.4367
7288.0933 34.1518
7287.4604 33.6419
7286.7485 33.1473
7286.4588 32.9636
7285.4571 32.4137
7284.9219 32.1429
7284.4554 31.9542
7283.4538 31.5689
7282.5517 31.1384
7282.4521 31.0670
7281.4504 30.3763
7281.0351 30.1339
7280.4487 29.8427
7279.4471 29.3537
7278.9960 29.1295
7278.4454 28.8864
7277.4437 28.4493
7276.8320 28.1250
7276.4421 27.9015
7275.4404 27.3880
7274.9481 27.1205
7274.4387 26.8381
7273.4371 26.3503
7272.9556 26.1161
7272.4354 25.8636
7271.4337 25.3894
7270.9225 25.1116
7270.4321 24.8779
7269.4304 24.4431
7268.7532 24.1071
7268.4287 23.9226
7267.4270 23.3895
7266.9188 23.1027
7266.4254 22.7698
7265.4237 22.2009
7265.2032 22.0982
7264.4220 21.8105
7263.4204 21.5578
7262.4187 21.3284
7261.7014 21.0938
7261.4170 20.9924
7260.4154 20.6299
7259.4137 20.2555
7259.0212 20.0893
7258.4120 19.7590
7257.4104 19.1834
7257.2438 19.0848
7256.4087 18.5859
7255.5048 18.0804
7255.4070 18.0367
7254.4053 17.7267
7253.4037 17.5286
7252.4020 17.3418
7251.4003 17.1128
7251.3022 17.0759
7250.3987 16.6068
7249.4139 16.0714
7249.3970 16.0615
7248.3953 15.4720
7247.5439 15.0670
7247.3937 15.0013
7246.3920 14.7036
7245.3903 14.4910
7244.3886 14.2511
7243.8846 14.0625
7243.3870 13.8353
7242.3853 13.3955
7241.6744 13.0580
7241.3836 12.9074
7240.3820 12.4645
7239.3803 12.1065
7239.1986 12.0536
7238.3786 11.8350
7237.3770 11.6523
7236.3753 11.5258
7235.3736 11.3356
7234.4339 11.0491
7234.3720 11.0247
7233.3703 10.5883
7232.3686 10.1613
7232.1221 10.0446
7231.3669 9.7289
7230.3653 9.4190
7229.3636 9.1420
7229.0246 9.0402
7228.3619 8.8158
7227.3603 8.5451
7226.3586 8.2737
7225.4868 8.0357
7225.3569 8.0053
7224.3553 7.7967
7223.3536 7.6065
7222.3519 7.3825
7221.3503 7.0962
7221.1396 7.0312
7220.3486 6.7392
7219.3469 6.5351
7218.3452 6.4210
7217.3436 6.3033
7216.3419 6.1296
7215.8763 6.0268
7215.3402 5.8901
7214.3386 5.6375
7213.3369 5.3642
7212.3352 5.0804
7212.1170 5.0223
7211.3336 4.8333
7210.3319 4.6477
7209.3302 4.5042
7208.3285 4.3210
7207.3269 4.0921
7207.0833 4.0179
7206.3252 3.8205
7205.3235 3.5970
7204.3219 3.4073
7203.3202 3.2919
7202.3185 3.2080
7201.3169 3.1482
7200.3152 3.0632
7200.0317 3.0134
7199.3135 2.8704
7198.3119 2.6616
7197.3102 2.5328
7196.3085 2.4781
7195.3068 2.5378
7194.3052 2.6773
7193.3035 2.6009
7192.3018 2.0960
7192.2054 2.0089
7191.4842 1.0045
7191.3002 0.2766
7191.2516 0.0000
