7312.6883 149.6652
7312.4224 148.9103
7312.2687 148.6607
7311.7086 147.6562
7311.4207 147.0167
7311.1076 146.6518
7310.5782 145.6473
7310.4190 145.3858
7309.9129 144.6429
7309.4174 143.6810
7309.3867 143.6384
7308.7378 142.6339
7308.4157 142.0921
7308.0635 141.6295
7307.4718 140.6250
7307.4140 140.5311
7306.7344 139.6205
7306.4124 139.1861
7305.9931 138.6161
7305.4107 137.6848
7305.3579 137.6116
7304.8146 136.6071
7304.4090 135.8247
7304.2013 135.6027
7303.4509 134.5982
7303.4073 134.5363
7302.6817 133.5938
7302.4057 133.2408
7301.9509 132.5893
7301.4040 131.6329
7301.3620 131.5848
7300.5756 130.5804
7300.4023 130.3432
7299.7694 129.5759
7299.4007 129.0705
7299.0292 128.5714
7298.3990 127.6971
7298.2976 127.5670
7297.5761 126.5625
7297.3973 126.3386
7296.7536 125.5580
7296.3957 125.0925
7295.9464 124.5536
7295.3940 123.8556
7295.1655 123.5491
7294.4602 122.5446
7294.3923 122.4599
7293.7081 121.5402
7293.3907 121.1171
7292.8606 120.5357
7292.3890 119.9795
7292.0557 119.5312
7291.3953 118.5268
7291.3873 118.5176
7290.6302 117.5223
7290.3856 117.1984
7289.6912 116.5179
7289.3840 116.2010
7288.8459 115.5134
7288.3823 114.9443
7288.0302 114.5089
7287.3806 113.6379
7287.2628 113.5045
7286.3926 112.5000
7286.3790 112.4845
7285.5600 111.4955
7285.3773 111.2776
7284.7997 110.4911
7284.3756 109.9457
7283.9629 109.4866
7283.3740 108.8105
7283.0937 108.4821
7282.3723 107.6544
7282.2155 107.4777
7281.3913 106.4732
7281.3706 106.4498
7280.4421 105.4688
7280.3689 105.3944
7279.5898 104.4643
7279.3673 104.2141
7278.6688 103.4598
7278.3656 103.1302
7277.7652 102.4554
7277.3639 101.9599
7276.9577 101.4509
7276.3623 100.7548
7276.0611 100.4464
7275.3606 99.7477
7275.0952 99.4420
7274.3589 98.6129
7274.1954 98.4375
7273.3573 97.4613
7273.3295 97.4330
7272.3556 96.5312
7272.2573 96.4286
7271.3539 95.4956
7271.2858 95.4241
7270.3904 94.4196
7270.3523 94.3777
7269.3820 93.4152
7269.3506 93.3802
7268.5264 92.4107
7268.3489 92.2351
7267.5607 91.4062
7267.3472 91.1869
7266.5591 90.4018
7266.3456 90.1961
7265.5884 89.3973
7265.3439 89.1521
7264.5729 88.3929
7264.3422 88.1626
7263.4993 87.3884
7263.3406 87.2452
7262.4313 86.3839
7262.3389 86.2962
7261.3709 85.3795
7261.3372 85.3457
7260.3356 84.3946
7260.3166 84.3750
7259.4599 83.3705
7259.3339 83.2411
7258.3322 82.3914
7258.3079 82.3661
7257.3306 81.4611
7257.2292 81.3616
7256.3289 80.4262
7256.2544 80.3571
7255.3272 79.5550
7255.1146 79.3527
7254.3255 78.7343
7253.9091 78.3482
7253.3239 77.7510
7252.9252 77.3438
7252.3222 76.7221
7251.9654 76.3393
7251.3205 75.5829
7251.1008 75.3348
7250.3189 74.4414
7250.2249 74.3304
7249.4770 73.3259
7249.3172 73.1416
7248.6307 72.3214
7248.3155 71.9277
7247.7942 71.3170
7247.3139 70.7496
7246.9846 70.3125
7246.3136 69.3080
7246.3122 69.3061
7245.5265 68.3036
7245.3105 68.0174
7244.8604 67.2991
7244.3088 66.5555
7244.1299 66.2946
7243.6065 65.2902
7243.3072 64.7861
7242.9826 64.2857
7242.3524 63.2812
7242.3055 63.2094
7241.7461 62.2768
7241.3038 61.5841
7241.1025 61.2723
7240.5153 60.2679
7240.3022 59.9439
7239.8317 59.2634
7239.3005 58.4854
7239.1237 58.2589
7238.5220 57.2545
7238.2988 56.9244
7237.8483 56.2500
7237.2972 55.4316
7237.1490 55.2455
7236.4141 54.2411
7236.2955 54.0748
7235.7182 53.2366
7235.2938 52.6622
7234.9724 52.2321
7234.2922 51.4157
7234.1160 51.2277
7233.2905 50.2919
7233.2245 50.2232
7232.2888 49.2555
7232.2515 49.2188
7231.2871 48.2889
7231.2089 48.2143
7230.2855 47.4228
7230.0195 47.2098
7229.2838 46.6369
7228.7116 46.2054
7228.2821 45.9402
7227.2805 45.4118
7226.9770 45.2009
7226.2788 44.6814
7225.6426 44.1964
7225.2771 43.8839
7224.4530 43.1920
7224.2755 43.0446
7223.2745 42.1875
7223.2738 42.1869
7222.2721 41.4264
7221.9627 41.1830
7221.2705 40.6798
7220.5130 40.1786
7220.2688 39.9965
7219.2671 39.3255
7219.0215 39.1741
7218.2654 38.8405
7217.2638 38.3732
7216.8859 38.1696
7216.2621 37.8420
7215.2604 37.3252
7215.0009 37.1652
7214.2588 36.6312
7213.6293 36.1607
7213.2571 35.8901
7212.3280 35.1562
7212.2554 35.0948
7211.2538 34.3218
7211.0370 34.1518
7210.2521 33.6297
7209.2806 33.1473
7209.2504 33.1323
7208.2487 32.6391
7207.2471 32.1450
7207.2432 32.1429
7206.2454 31.6755
7205.2975 31.1384
7205.2437 31.0986
7204.2421 30.4682
7203.6569 30.1339
7203.2404 29.9172
7202.2387 29.4365
7201.5820 29.1295
7201.2371 28.9747
7200.2354 28.4844
7199.6100 28.1250
7199.2337 27.9159
7198.2321 27.4399
7197.6198 27.1205
7197.2304 26.8993
7196.2287 26.3937
7195.7044 26.1161
7195.2270 25.8571
7194.2254 25.3582
7193.7562 25.1116
7193.2237 24.8717
7192.2220 24.4502
7191.5808 24.1071
7191.2204 23.8640
7190.2187 23.2089
7190.0574 23.1027
7189.2170 22.6228
7188.2154 22.2447
7187.7686 22.0982
7187.2137 21.9514
7186.2120 21.7026
7185.2104 21.4242
7184.3638 21.0938
7184.2087 21.0209
7183.2070 20.6354
7182.2053 20.1792
7182.0401 20.0893
7181.2037 19.5414
7180.4934 19.0848
7180.2020 18.9015
7179.2003 18.3619
7178.4298 18.0804
7178.1987 18.0250
7177.1970 17.8382
7176.1953 17.6623
7175.1937 17.3919
7174.3816 17.0759
7174.1920 16.9535
7173.1903 16.2806
7172.8553 16.0714
7172.1886 15.6964
7171.1870 15.3065
7170.4001 15.0670
7170.1853 15.0086
7169.1836 14.7477
7168.1820 14.4223
7167.3049 14.0625
7167.1803 13.9995
7166.1786 13.5468
7165.1770 13.1091
7165.0666 13.0580
7164.1753 12.6648
7163.1736 12.3523
7162.1720 12.1298
7161.8019 12.0536
7161.1703 11.9369
7160.1686 11.7424
7159.1669 11.4693
7158.1653 11.0655
7158.1305 11.0491
7157.1636 10.6348
7156.1619 10.3063
7155.4705 10.0446
7155.1603 9.9143
7154.1586 9.5588
7153.1569 9.2367
7152.5575 9.0402
7152.1553 8.9000
7151.1536 8.6185
7150.1519 8.3945
7149.1503 8.1663
7148.6154 8.0357
7148.1486 7.9375
7147.1469 7.6939
7146.1452 7.4334
7145.1436 7.1813
7144.6492 7.0312
7144.1419 6.8832
7143.1402 6.6850
7142.1386 6.5137
7141.1369 6.3619
7140.1352 6.1771
7139.4873 6.0268
7139.1336 5.9304
7138.1319 5.6670
7137.1302 5.4340
7136.1285 5.2613
7135.1269 5.0965
7134.7396 5.0223
7134.1252 4.8974
7133.1235 4.6749
7132.1219 4.4044
7131.1202 4.0779
7130.9068 4.0179
7130.1185 3.8465
7129.1169 3.6983
7128.1152 3.6116
7127.1135 3.5590
7126.1119 3.5297
7125.1102 3.5069
7124.1085 3.6395
7123.1068 3.6984
7122.1052 3.4758
7121.1035 3.1103
7120.9731 3.0134
7120.1018 2.1297
7120.0068 2.0089
7119.4840 1.0045
7119.3163 0.0000
