7303.8825 224.7025
7303.5019 223.9955
7303.1412 222.9911
7302.8808 222.2611
7302.7151 221.9866
7302.2912 220.9821
7301.9433 219.9777
7301.8791 219.8209
7301.4330 218.9732
7301.0502 217.9688
7300.8775 217.5962
7300.5418 216.9643
7300.2121 215.9598
7299.8758 215.0017
7299.8505 214.9554
7299.3583 213.9509
7298.9923 212.9464
7298.8741 212.6612
7298.4632 211.9420
7297.9615 210.9375
7297.8725 210.7703
7297.4612 209.9330
7297.0942 208.9286
7296.8708 208.3865
7296.6339 207.9241
7296.2352 206.9196
7295.8691 206.0107
7295.8168 205.9152
7295.3243 204.9107
7294.8830 203.9062
7294.8674 203.8753
7294.3941 202.9018
7293.9789 201.8973
7293.8658 201.6751
7293.4653 200.8929
7293.0625 199.8884
7292.8641 199.4431
7292.5689 198.8839
7292.1594 197.8795
7291.8624 197.2665
7291.6520 196.8750
7291.1939 195.8705
7290.8608 195.1789
7290.6803 194.8661
7290.1944 193.8616
7289.8591 193.2360
7289.6333 192.8571
7289.1550 191.8527
7288.8574 191.2806
7288.6171 190.8482
7288.1887 189.8438
7287.8558 189.1754
7287.6638 188.8393
7287.1973 187.8348
7286.8541 187.1826
7286.6512 186.8304
7286.1869 185.8259
7285.8524 185.1618
7285.6542 184.8214
7285.1601 183.8170
7284.8508 183.2258
7284.6106 182.8125
7284.1224 181.8080
7283.8491 181.2854
7283.5893 180.8036
7283.1136 179.7991
7282.8474 179.3271
7282.5304 178.7946
7282.0366 177.7902
7281.8457 177.4421
7281.4506 176.7857
7280.8457 175.7812
7280.8441 175.7786
7280.2889 174.7768
7279.8424 174.0191
7279.6924 173.7723
7279.1704 172.7679
7278.8407 172.0866
7278.6593 171.7634
7278.1154 170.7589
7277.8391 170.2961
7277.5232 169.7545
7276.9458 168.7500
7276.8374 168.5822
7276.3551 167.7455
7275.8357 166.8037
7275.7961 166.7411
7275.2164 165.7366
7274.8341 165.0903
7274.6106 164.7321
7274.0935 163.7277
7273.8324 163.3229
7273.4699 162.7232
7272.8952 161.7188
7272.8307 161.6189
7272.2423 160.7143
7271.8290 160.0969
7271.5834 159.7098
7270.9747 158.7054
7270.8274 158.4731
7270.3635 157.7009
7269.8257 156.8590
7269.7157 156.6964
7269.1223 155.6920
7268.8240 155.2104
7268.4988 154.6875
7267.9281 153.6830
7267.8224 153.5262
7267.2791 152.6786
7266.8207 152.0008
7266.5996 151.6741
7265.9916 150.6696
7265.8190 150.4170
7265.3312 149.6652
7264.8174 148.8800
7264.6648 148.6607
7264.0291 147.6562
7263.8157 147.3483
7263.3104 146.6518
7262.8140 145.9470
7262.6232 145.6473
7261.9704 144.6429
7261.8124 144.4024
7261.3026 143.6384
7260.8107 142.9185
7260.6163 142.6339
7259.9252 141.6295
7259.8090 141.4747
7259.2304 140.6250
7258.8073 140.0155
7258.5236 139.6205
7257.8472 138.6161
7257.8057 138.5605
7257.1245 137.6116
7256.8040 137.1397
7256.4597 136.6071
7255.8023 135.6636
7255.7548 135.6027
7255.0224 134.5982
7254.8007 134.3114
7254.2113 133.5938
7253.7990 133.0870
7253.4407 132.5893
7252.7973 131.7486
7252.6681 131.5848
7251.9714 130.5804
7251.7957 130.3483
7251.2351 129.5759
7250.7940 128.9644
7250.4964 128.5714
7249.7923 127.6364
7249.7402 127.5670
7249.0349 126.5625
7248.7907 126.2509
7248.2453 125.5580
7247.7890 124.9803
7247.4590 124.5536
7246.7873 123.6914
7246.6732 123.5491
7245.9049 122.5446
7245.7856 122.4087
7245.0055 121.5402
7244.7840 121.2853
7244.1795 120.5357
7243.7823 120.0490
7243.3592 119.5312
7242.7806 118.7817
7242.5868 118.5268
7241.7790 117.5501
7241.7564 117.5223
7240.9680 116.5179
7240.7773 116.2839
7240.1486 115.5134
7239.7756 115.1040
7239.2828 114.5089
7238.7740 113.9210
7238.4132 113.5045
7237.7723 112.7312
7237.5505 112.5000
7236.7706 111.6854
7236.6027 111.4955
7235.7950 110.4911
7235.7689 110.4623
7234.9705 109.4866
7234.7673 109.2529
7234.1115 108.4821
7233.7656 108.1036
7233.1997 107.4777
7232.7639 106.9905
7232.3126 106.4732
7231.7623 105.8553
7231.4206 105.4688
7230.7606 104.7257
7230.5111 104.4643
7229.7589 103.6878
7229.5516 103.4598
7228.7573 102.6137
7228.6003 102.4554
7227.7556 101.4687
7227.7398 101.4509
7226.7913 100.4464
7226.7539 100.4058
7225.8322 99.4420
7225.7523 99.3590
7224.9033 98.4375
7224.7506 98.2871
7223.9456 97.4330
7223.7489 97.2253
7222.9599 96.4286
7222.7472 96.2127
7222.0069 95.4241
7221.7456 95.1581
7221.0423 94.4196
7220.7439 94.1131
7220.0543 93.4152
7219.7422 93.0712
7219.0820 92.4107
7218.7406 92.1047
7218.0414 91.4062
7217.7389 91.1031
7217.0219 90.4018
7216.7372 90.1371
7215.9706 89.3973
7215.7356 89.1526
7215.0170 88.3929
7214.7339 88.1193
7213.9647 87.3884
7213.7322 87.1740
7212.9246 86.3839
7212.7306 86.1885
7211.8526 85.3795
7211.7289 85.2584
7210.8569 84.3750
7210.7272 84.2436
7209.8202 83.3705
7209.7255 83.2901
7208.7239 82.4164
7208.6718 82.3661
7207.7222 81.4638
7207.6118 81.3616
7206.7205 80.5290
7206.5343 80.3571
7205.7189 79.6703
7205.3889 79.3527
7204.7172 78.7351
7204.3137 78.3482
7203.7155 77.7408
7203.3619 77.3438
7202.7139 76.6318
7202.4489 76.3393
7201.7122 75.4470
7201.6195 75.3348
7200.8696 74.3304
7200.7105 74.1506
7200.1428 73.3259
7199.7088 72.6863
7199.4424 72.3214
7198.7709 71.3170
7198.7072 71.2288
7198.1778 70.3125
7197.7055 69.6010
7197.5006 69.3080
7196.9361 68.3036
7196.7038 67.8847
7196.3883 67.2991
7195.8507 66.2946
7195.7022 66.0399
7195.3204 65.2902
7194.7896 64.2857
7194.7005 64.1574
7194.2268 63.2812
7193.7100 62.2768
7193.6988 62.2586
7193.1243 61.2723
7192.6972 60.5841
7192.4480 60.2679
7191.6955 59.3105
7191.6581 59.2634
7190.9551 58.2589
7190.6938 57.8674
7190.2554 57.2545
7189.6922 56.4562
7189.5286 56.2500
7188.8222 55.2455
7188.6905 55.0633
7188.0980 54.2411
7187.6888 53.6532
7187.3845 53.2366
7186.6871 52.2651
7186.6605 52.2321
7185.7730 51.2277
7185.6855 51.1234
7184.9032 50.2232
7184.6838 50.0010
7183.8988 49.2188
7183.6821 48.9930
7182.8341 48.2143
7182.6805 48.0853
7181.6788 47.3005
7181.5650 47.2098
7180.6771 46.5379
7180.2179 46.2054
7179.6755 45.8708
7178.6738 45.2341
7178.6294 45.2009
7177.6721 44.4514
7177.3751 44.1964
7176.6705 43.5402
7176.2625 43.1920
7175.6688 42.6811
7175.0512 42.1875
7174.6671 41.9216
7173.6654 41.2063
7173.6353 41.1830
7172.6638 40.4937
7172.1751 40.1786
7171.6621 39.8219
7170.6604 39.1965
7170.6233 39.1741
7169.6588 38.7861
7168.6571 38.3262
7168.3831 38.1696
7167.6554 37.7205
7166.7860 37.1652
7166.6538 37.0625
7165.6521 36.3783
7165.3796 36.1607
7164.6504 35.5865
7164.1377 35.1562
7163.6487 34.7496
7162.8593 34.1518
7162.6471 34.0107
7161.6454 33.4976
7160.8854 33.1473
7160.6437 33.0283
7159.6421 32.5256
7158.9395 32.1429
7158.6404 31.9822
7157.6387 31.4272
7157.1222 31.1384
7156.6371 30.8643
7155.6354 30.3546
7155.2194 30.1339
7154.6337 29.8279
7153.6321 29.3029
7153.3196 29.1295
7152.6304 28.7641
7151.6287 28.2321
7151.4387 28.1250
7150.6270 27.7298
7149.6254 27.2285
7149.4304 27.1205
7148.6237 26.6651
7147.6220 26.2013
7147.4575 26.1161
7146.6204 25.6946
7145.6187 25.2205
7145.4202 25.1116
7144.6170 24.7031
7143.6451 24.1071
7143.6154 24.0844
7142.6137 23.4034
7142.1249 23.1027
7141.6120 22.8311
7140.6104 22.4886
7139.6087 22.2032
7139.2324 22.0982
7138.6070 21.9517
7137.6053 21.6614
7136.6037 21.3171
7136.1202 21.0938
7135.6020 20.8214
7134.6003 20.3008
7134.2433 20.0893
7133.5987 19.6603
7132.6975 19.0848
7132.5970 19.0243
7131.5953 18.5710
7130.5937 18.2906
7129.5920 18.0805
7129.5914 18.0804
7128.5903 17.8471
7127.5886 17.5050
7126.7076 17.0759
7126.5870 16.9932
7125.5853 16.3293
7125.1505 16.0714
7124.5836 15.7870
7123.5820 15.4613
7122.5803 15.1882
7122.2170 15.0670
7121.5786 14.8652
7120.5770 14.5210
7119.5753 14.0782
7119.5440 14.0625
7118.5736 13.6046
7117.5720 13.1862
7117.2443 13.0580
7116.5703 12.7891
7115.5686 12.5153
7114.5669 12.3087
7113.5653 12.0999
7113.3821 12.0536
7112.5636 11.8518
7111.5619 11.4831
7110.6185 11.0491
7110.5603 11.0211
7109.5586 10.6164
7108.5569 10.3112
7107.8020 10.0446
7107.5553 9.9450
7106.5536 9.5575
7105.5519 9.2260
7104.9240 9.0402
7104.5503 8.9227
7103.5486 8.7046
7102.5469 8.4907
7101.5452 8.2375
7100.8304 8.0357
7100.5436 7.9577
7099.5419 7.6863
7098.5402 7.4079
7097.5386 7.1076
7097.2369 7.0312
7096.5369 6.9034
7095.5352 6.7493
7094.5336 6.6198
7093.5319 6.4495
7092.5302 6.2540
7091.5309 6.0268
7091.5285 6.0261
7090.5269 5.7746
7089.5252 5.5896
7088.5235 5.4497
7087.5219 5.2610
7086.5202 5.0312
7086.4911 5.0223
7085.5185 4.7522
7084.5169 4.4965
7083.5152 4.2834
7082.5135 4.0976
7082.1248 4.0179
7081.5119 3.9497
7080.8079 4.0179
7080.5102 4.1159
7079.5085 4.3742
7078.5068 4.2348
7077.9773 4.0179
7077.5052 3.8134
7076.5035 3.1588
7076.3474 3.0134
7075.5860 2.0089
7075.5018 1.8709
7075.1379 1.0045
7075.0013 0.0000
