7284.7908 224.8695
7284.3397 223.9955
7283.8374 222.9911
7283.7891 222.9057
7283.3333 221.9866
7282.8544 220.9821
7282.7875 220.8609
7282.3301 219.9777
7281.8460 218.9732
7281.7858 218.8602
7281.2981 217.9688
7280.7841 217.0765
7280.7175 216.9643
7280.2538 215.9598
7279.7825 215.1141
7279.6920 214.9554
7279.1796 213.9509
7278.7808 213.1704
7278.6578 212.9464
7278.1502 211.9420
7277.7791 211.2656
7277.5963 210.9375
7277.0720 209.9330
7276.7775 209.4218
7276.5111 208.9286
7276.0334 207.9241
7275.7758 207.4538
7275.4869 206.9196
7274.9782 205.9152
7274.7741 205.5539
7274.4171 204.9107
7273.8558 203.9062
7273.7725 203.7689
7273.3032 202.9018
7272.7708 201.9421
7272.7414 201.8973
7272.1323 200.8929
7271.7691 200.3122
7271.5186 199.8884
7270.9858 198.8839
7270.7674 198.4835
7270.4508 197.8795
7269.8746 196.8750
7269.7658 196.7001
7269.2955 195.8705
7268.7641 194.9154
7268.7346 194.8661
7268.1663 193.8616
7267.7624 193.1813
7267.5602 192.8571
7267.0004 191.8527
7266.7608 191.4852
7266.3810 190.8482
7265.8659 189.8438
7265.7591 189.6805
7265.2678 188.8393
7264.7574 187.9470
7264.6850 187.8348
7264.0847 186.8304
7263.7558 186.3178
7263.4254 185.8259
7262.7541 184.8261
7262.7510 184.8214
7262.1530 183.8170
7261.7524 183.1641
7261.5306 182.8125
7260.9671 181.8080
7260.7508 181.4429
7260.3808 180.8036
7259.7491 179.8389
7259.7223 179.7991
7259.1308 178.7946
7258.7474 178.1954
7258.4811 177.7902
7257.8609 176.7857
7257.7457 176.6165
7257.2161 175.7812
7256.7441 175.0417
7256.5664 174.7768
7255.9544 173.7723
7255.7424 173.4720
7255.2876 172.7679
7254.7407 171.8413
7254.6870 171.7634
7253.9921 170.7589
7253.7391 170.4108
7253.3130 169.7545
7252.7374 168.9144
7252.6224 168.7500
7252.0067 167.7455
7251.7357 167.3444
7251.3327 166.7411
7250.7341 165.8619
7250.6457 165.7366
7249.9838 164.7321
7249.7324 164.3616
7249.3458 163.7277
7248.7307 162.7898
7248.6827 162.7232
7248.0188 161.7188
7247.7290 161.2989
7247.3343 160.7143
7246.7274 159.8255
7246.6448 159.7098
7245.9398 158.7054
7245.7257 158.4219
7245.1879 157.7009
7244.7240 157.0794
7244.4540 156.6964
7243.7611 155.6920
7243.7224 155.6371
7243.1042 154.6875
7242.7207 154.1311
7242.4233 153.6830
7241.7404 152.6786
7241.7190 152.6498
7241.0416 151.6741
7240.7174 151.2323
7240.3094 150.6696
7239.7157 149.8432
7239.5803 149.6652
7238.8450 148.6607
7238.7140 148.4976
7238.1408 147.6562
7237.7124 147.0610
7237.3792 146.6518
7236.7107 145.6964
7236.6763 145.6473
7235.8782 144.6429
7235.7090 144.4341
7235.1629 143.6384
7234.7073 143.0196
7234.4075 142.6339
7233.7057 141.6921
7233.6590 141.6295
7232.9235 140.6250
7232.7040 140.3467
7232.1663 139.6205
7231.7023 139.0286
7231.3811 138.6161
7230.7007 137.7428
7230.5977 137.6116
7229.9413 136.6071
7229.6990 136.3063
7229.1402 135.6027
7228.6973 135.0778
7228.3081 134.5982
7227.6957 133.8234
7227.5045 133.5938
7226.7031 132.5893
7226.6940 132.5786
7225.9163 131.5848
7225.6923 131.3170
7225.1244 130.5804
7224.6907 130.0230
7224.3335 129.5759
7223.6890 128.7137
7223.5744 128.5714
7222.8235 127.5670
7222.6873 127.4046
7222.0103 126.5625
7221.6856 126.1879
7221.1755 125.5580
7220.6840 124.9623
7220.3495 124.5536
7219.6823 123.7235
7219.5226 123.5491
7218.6806 122.6348
7218.6035 122.5446
7217.8094 121.5402
7217.6790 121.3911
7216.9502 120.5357
7216.6773 120.2082
7216.1216 119.5312
7215.6756 118.9648
7215.3404 118.5268
7214.6740 117.7720
7214.4567 117.5223
7213.6723 116.5621
7213.6341 116.5179
7212.7960 115.5134
7212.6706 115.3729
7211.9159 114.5089
7211.6689 114.2398
7211.0310 113.5045
7210.6673 113.0848
7210.0973 112.5000
7209.6656 112.0608
7209.1470 111.4955
7208.6639 110.9394
7208.3116 110.4911
7207.6623 109.7257
7207.4482 109.4866
7206.6606 108.5846
7206.5681 108.4821
7205.6612 107.4777
7205.6589 107.4753
7204.6912 106.4732
7204.6573 106.4373
7203.8091 105.4688
7203.6556 105.3038
7202.9122 104.4643
7202.6539 104.1907
7201.9645 103.4598
7201.6523 103.1285
7200.9684 102.4554
7200.6506 102.1205
7200.0850 101.4509
7199.6489 100.9782
7199.1483 100.4464
7198.6472 99.9177
7198.1923 99.4420
7197.6456 98.8719
7197.2545 98.4375
7196.6439 97.7898
7196.2981 97.4330
7195.6422 96.7541
7195.3231 96.4286
7194.6406 95.7339
7194.3376 95.4241
7193.6389 94.6833
7193.3716 94.4196
7192.6372 93.6947
7192.3351 93.4152
7191.6356 92.7264
7191.3733 92.4107
7190.6339 91.6481
7190.3903 91.4062
7189.6322 90.6389
7189.3935 90.4018
7188.6306 89.6636
7188.3689 89.3973
7187.6289 88.6921
7187.3107 88.3929
7186.6272 87.7234
7186.2885 87.3884
7185.6255 86.7535
7185.2483 86.3839
7184.6239 85.7687
7184.2018 85.3795
7183.6222 84.8420
7183.0897 84.3750
7182.6205 83.9268
7182.1225 83.3705
7181.6189 82.9361
7181.0014 82.3661
7180.6172 81.9878
7179.9442 81.3616
7179.6155 81.0789
7178.8912 80.3571
7178.6139 80.1133
7177.7206 79.3527
7177.6122 79.2440
7176.7253 78.3482
7176.6105 78.2397
7175.7517 77.3438
7175.6088 77.1751
7174.8633 76.3393
7174.6072 76.0258
7174.1346 75.3348
7173.6055 74.5954
7173.4081 74.3304
7172.7325 73.3259
7172.6038 73.1445
7172.0648 72.3214
7171.6022 71.5366
7171.4654 71.3170
7170.8931 70.3125
7170.6005 69.8766
7170.2935 69.3080
7169.8293 68.3036
7169.5988 67.9042
7169.2573 67.2991
7168.8196 66.2946
7168.5972 65.8467
7168.3209 65.2902
7167.8526 64.2857
7167.5955 63.8301
7167.3269 63.2812
7166.8750 62.2768
7166.5938 61.7780
7166.2781 61.2723
7165.6460 60.2679
7165.5922 60.1830
7165.0000 59.2634
7164.5905 58.7240
7164.2136 58.2589
7163.5888 57.3599
7163.5069 57.2545
7162.7992 56.2500
7162.5871 55.9495
7162.0813 55.2455
7161.5855 54.5721
7161.3230 54.2411
7160.6147 53.2366
7160.5838 53.1985
7159.8803 52.2321
7159.5821 51.8689
7158.9870 51.2277
7158.5805 50.7401
7158.1175 50.2232
7157.5788 49.6585
7157.1127 49.2188
7156.5771 48.7028
7156.0477 48.2143
7155.5755 47.8325
7154.7719 47.2098
7154.5738 47.0614
7153.5721 46.3318
7153.3962 46.2054
7152.5705 45.6954
7151.8640 45.2009
7151.5688 44.9564
7150.7014 44.1964
7150.5671 44.0733
7149.5747 43.1920
7149.5654 43.1836
7148.5638 42.3788
7148.3079 42.1875
7147.5621 41.6961
7146.9145 41.1830
7146.5604 40.8998
7145.5588 40.2520
7145.4400 40.1786
7144.5571 39.6357
7143.7275 39.1741
7143.5554 39.1045
7142.5538 38.7015
7141.5715 38.1696
7141.5521 38.1556
7140.5504 37.4912
7140.0722 37.1652
7139.5487 36.7532
7138.7329 36.1607
7138.5471 36.0295
7137.5454 35.1892
7137.5056 35.1562
7136.5437 34.3894
7136.2216 34.1518
7135.5421 33.7835
7134.5404 33.3728
7134.0531 33.1473
7133.5387 32.8782
7132.5371 32.3330
7132.2205 32.1429
7131.5354 31.7454
7130.5337 31.1974
7130.4313 31.1384
7129.5321 30.6838
7128.5304 30.1790
7128.4531 30.1339
7127.5287 29.6204
7126.6289 29.1295
7126.5270 29.0739
7125.5254 28.5396
7124.7585 28.1250
7124.5237 28.0063
7123.5220 27.5383
7122.7571 27.1205
7122.5204 26.9744
7121.5187 26.4537
7120.7707 26.1161
7120.5170 25.9933
7119.5154 25.5083
7118.7646 25.1116
7118.5137 24.9804
7117.5120 24.3769
7117.1236 24.1071
7116.5104 23.6646
7115.5651 23.1027
7115.5087 23.0716
7114.5070 22.6958
7113.5053 22.4402
7112.5037 22.1841
7112.2647 22.0982
7111.5020 21.8681
7110.5003 21.5174
7109.6212 21.0938
7109.4987 21.0264
7108.4970 20.4892
7107.8581 20.0893
7107.4953 19.8375
7106.4937 19.2452
7106.1890 19.0848
7105.4920 18.7574
7104.4903 18.4885
7103.4886 18.2969
7102.7211 18.0804
7102.4870 18.0205
7101.4853 17.6423
7100.4836 17.1252
7100.4021 17.0759
7099.4820 16.4839
7098.7183 16.0714
7098.4803 15.9540
7097.4786 15.6326
7096.4770 15.3436
7095.6503 15.0670
7095.4753 15.0082
7094.4736 14.6492
7093.4720 14.2090
7093.1670 14.0625
7092.4703 13.7286
7091.4686 13.2945
7090.7899 13.0580
7090.4669 12.9406
7089.4653 12.6598
7088.4636 12.4533
7087.4619 12.2315
7086.8661 12.0536
7086.4603 11.9310
7085.4586 11.5234
7084.4823 11.0491
7084.4569 11.0370
7083.4553 10.6859
7082.4536 10.3813
7081.5862 10.0446
7081.4519 9.9898
7080.4503 9.5920
7079.4486 9.2878
7078.5724 9.0402
7078.4469 9.0011
7077.4452 8.7686
7076.4436 8.5446
7075.4419 8.2959
7074.5310 8.0357
7074.4402 8.0116
7073.4386 7.7565
7072.4369 7.4666
7071.4352 7.1668
7070.8090 7.0312
7070.4336 6.9732
7069.4319 6.8473
7068.4302 6.6962
7067.4285 6.5208
7066.4269 6.3633
7065.4252 6.1938
7064.5546 6.0268
7064.4235 5.9978
7063.4219 5.8319
7062.4202 5.6437
7061.4185 5.4369
7060.4169 5.1688
7059.8723 5.0223
7059.4152 4.9113
7058.4135 4.7331
7057.4119 4.7046
7056.6259 5.0223
7056.4102 5.0702
7055.4941 5.0223
7055.4085 5.0124
7054.4068 4.5704
7053.4052 4.1115
7053.2845 4.0179
7052.4035 3.3211
7052.0744 3.0134
7051.4018 2.1486
7051.3141 2.0089
7050.8977 1.0045
7050.7549 0.0000
