7279.5234 223.9955
7279.1908 223.3783
7278.9758 222.9911
7278.4567 221.9866
7278.1891 221.5369
7277.8869 220.9821
7277.4047 219.9777
7277.1875 219.6043
7276.8316 218.9732
7276.3158 217.9688
7276.1858 217.7443
7275.7441 216.9643
7275.2524 215.9598
7275.1841 215.8487
7274.7107 214.9554
7274.1825 214.0113
7274.1457 213.9509
7273.6118 212.9464
7273.1808 212.1346
7273.0603 211.9420
7272.4658 210.9375
7272.1791 210.4788
7271.8611 209.9330
7271.2730 208.9286
7271.1775 208.7802
7270.7119 207.9241
7270.2002 206.9196
7270.1758 206.8786
7269.6351 205.9152
7269.1741 205.1304
7269.0417 204.9107
7268.4671 203.9062
7268.1725 203.4386
7267.8578 202.9018
7267.3082 201.8973
7267.1708 201.6765
7266.7177 200.8929
7266.1691 199.9542
7266.1269 199.8884
7265.5688 198.8839
7265.1674 198.1500
7265.0163 197.8795
7264.4226 196.8750
7264.1658 196.4786
7263.7847 195.8705
7263.1801 194.8661
7263.1641 194.8422
7262.5391 193.8616
7262.1624 193.3035
7261.8807 192.8571
7261.2820 191.8527
7261.1608 191.6737
7260.6749 190.8482
7260.1591 189.9293
7260.1075 189.8438
7259.5346 188.8393
7259.1574 188.2266
7258.9047 187.8348
7258.2714 186.8304
7258.1558 186.6555
7257.6483 185.8259
7257.1541 185.0703
7256.9915 184.8214
7256.3963 183.8170
7256.1524 183.4438
7255.7430 182.8125
7255.1508 181.8327
7255.1332 181.8080
7254.4883 180.8036
7254.1491 180.3802
7253.7634 179.7991
7253.1474 178.8086
7253.1376 178.7946
7252.5082 177.7902
7252.1457 177.2538
7251.8398 176.7857
7251.1689 175.7812
7251.1441 175.7458
7250.5421 174.7768
7250.1424 174.1826
7249.8708 173.7723
7249.2434 172.7679
7249.1407 172.5979
7248.6440 171.7634
7248.1391 171.0297
7247.9537 170.7589
7247.2932 169.7545
7247.1374 169.5401
7246.6248 168.7500
7246.1357 167.9747
7245.9657 167.7455
7245.2275 166.7411
7245.1341 166.6212
7244.5192 165.7366
7244.1324 165.2065
7243.7983 164.7321
7243.1938 163.7277
7243.1307 163.6420
7242.5233 162.7232
7242.1290 162.1357
7241.8205 161.7188
7241.1274 160.7252
7241.1198 160.7143
7240.4520 159.7098
7240.1257 159.2709
7239.7168 158.7054
7239.1240 157.8336
7239.0279 157.7009
7238.3420 156.6964
7238.1224 156.3963
7237.6102 155.6920
7237.1207 155.0393
7236.8581 154.6875
7236.1423 153.6830
7236.1190 153.6549
7235.4368 152.6786
7235.1174 152.2446
7234.6891 151.6741
7234.1157 150.9130
7233.9376 150.6696
7233.2556 149.6652
7233.1140 149.4847
7232.5164 148.6607
7232.1124 148.1070
7231.7814 147.6562
7231.1107 146.7350
7231.0451 146.6518
7230.3953 145.6473
7230.1090 145.2828
7229.6353 144.6429
7229.1073 143.9305
7228.8871 143.6384
7228.1813 142.6339
7228.1057 142.5363
7227.2759 141.6295
7227.1040 141.4394
7226.5260 140.6250
7226.1023 140.0533
7225.7708 139.6205
7225.1007 138.7259
7225.0145 138.6161
7224.2441 137.6116
7224.0990 137.4154
7223.5581 136.6071
7223.0973 136.0317
7222.7532 135.6027
7222.0957 134.7649
7221.9626 134.5982
7221.2143 133.5938
7221.0940 133.4446
7220.4269 132.5893
7220.0923 132.1964
7219.5791 131.5848
7219.0907 131.0185
7218.7292 130.5804
7218.0890 129.7790
7217.9161 129.5759
7217.1100 128.5714
7217.0873 128.5438
7216.3933 127.5670
7216.0856 127.1909
7215.5750 126.5625
7215.0840 125.9386
7214.7758 125.5580
7214.0823 124.7329
7213.9352 124.5536
7213.1012 123.5491
7213.0806 123.5250
7212.3005 122.5446
7212.0790 122.2936
7211.4506 121.5402
7211.0773 121.1120
7210.5568 120.5357
7210.0756 119.9794
7209.6929 119.5312
7209.0740 118.7429
7208.9033 118.5268
7208.0723 117.5563
7208.0425 117.5223
7207.1557 116.5179
7207.0706 116.4230
7206.3177 115.5134
7206.0689 115.2393
7205.4576 114.5089
7205.0673 114.0632
7204.5661 113.5045
7204.0656 112.9212
7203.7030 112.5000
7203.0639 111.7858
7202.8075 111.4955
7202.0623 110.5821
7201.9789 110.4911
7201.0606 109.5565
7200.9959 109.4866
7200.1078 108.4821
7200.0589 108.4307
7199.2264 107.4777
7199.0573 107.2961
7198.3203 106.4732
7198.0556 106.1703
7197.4202 105.4688
7197.0539 105.0751
7196.5000 104.4643
7196.0523 104.0151
7195.5328 103.4598
7195.0506 102.9392
7194.5874 102.4554
7194.0489 101.8181
7193.7452 101.4509
7193.0472 100.7050
7192.7942 100.4464
7192.0456 99.7192
7191.7704 99.4420
7191.0439 98.6519
7190.8370 98.4375
7190.0422 97.6310
7189.8528 97.4330
7189.0406 96.6235
7188.8546 96.4286
7188.0389 95.5395
7187.9282 95.4241
7187.0372 94.5017
7186.9602 94.4196
7186.0356 93.5054
7185.9455 93.4152
7185.0984 92.4107
7185.0339 92.3455
7184.1099 91.4062
7184.0322 91.3286
7183.0306 90.4504
7182.9824 90.4018
7182.0289 89.5188
7181.9092 89.3973
7181.0272 88.5074
7180.9106 88.3929
7180.0255 87.5141
7179.9039 87.3884
7179.0239 86.5599
7178.8499 86.3839
7178.0222 85.5274
7177.8633 85.3795
7177.0205 84.5852
7176.7919 84.3750
7176.0189 83.5784
7175.8380 83.3705
7175.0172 82.6094
7174.7343 82.3661
7174.0155 81.7760
7173.5985 81.3616
7173.0139 80.8076
7172.5213 80.3571
7172.0122 79.9159
7171.3973 79.3527
7171.0105 78.9988
7170.3876 78.3482
7170.0088 77.9533
7169.4541 77.3438
7169.0072 76.8556
7168.5859 76.3393
7168.0055 75.6395
7167.7677 75.3348
7167.1895 74.3304
7167.0038 74.0643
7166.4666 73.3259
7166.0022 72.6574
7165.7746 72.3214
7165.2242 71.3170
7165.0005 70.9814
7164.6138 70.3125
7164.0617 69.3080
7163.9988 69.1980
7163.5784 68.3036
7163.0211 67.2991
7162.9972 67.2497
7162.5721 66.2946
7162.1034 65.2902
7161.9955 65.1147
7161.6086 64.2857
7161.2063 63.2812
7160.9938 62.9137
7160.6391 62.2768
7160.1688 61.2723
7159.9922 60.9603
7159.5708 60.2679
7158.9905 59.3678
7158.9134 59.2634
7158.1895 58.2589
7157.9888 57.9789
7157.4465 57.2545
7156.9871 56.6588
7156.6388 56.2500
7155.9855 55.3782
7155.8879 55.2455
7155.1591 54.2411
7154.9838 53.9900
7154.4544 53.2366
7153.9821 52.6108
7153.6799 52.2321
7152.9805 51.4022
7152.8151 51.2277
7151.9788 50.2608
7151.9451 50.2232
7151.0107 49.2188
7150.9771 49.1797
7149.9959 48.2143
7149.9755 48.1967
7148.9738 47.4362
7148.6549 47.2098
7147.9721 46.7581
7147.2173 46.2054
7146.9705 46.0422
7145.9688 45.4132
7145.6864 45.2009
7144.9671 44.6058
7144.5189 44.1964
7143.9654 43.6660
7143.4148 43.1920
7142.9638 42.7982
7142.2182 42.1875
7141.9621 42.0028
7140.9604 41.2617
7140.8601 41.1830
7139.9588 40.5378
7139.3236 40.1786
7138.9571 39.9573
7137.9554 39.4101
7137.5339 39.1741
7136.9538 38.9445
7135.9521 38.4940
7135.4212 38.1696
7134.9504 37.8451
7133.9487 37.1767
7133.9325 37.1652
7132.9471 36.3809
7132.6796 36.1607
7131.9454 35.5602
7131.4664 35.1562
7130.9437 34.7207
7130.1051 34.1518
7129.9421 34.0623
7128.9404 33.6050
7127.9387 33.1795
7127.8758 33.1473
7126.9371 32.6389
7126.0881 32.1429
7125.9354 32.0530
7124.9337 31.4865
7124.3377 31.1384
7123.9321 30.9105
7122.9304 30.4250
7122.4038 30.1339
7121.9287 29.8666
7120.9270 29.3833
7120.4830 29.1295
7119.9254 28.8181
7118.9237 28.3005
7118.6057 28.1250
7117.9220 27.7899
7116.9204 27.2959
7116.6213 27.1205
7115.9187 26.7014
7114.9170 26.2185
7114.7064 26.1161
7113.9154 25.7183
7112.9137 25.2604
7112.6558 25.1116
7111.9120 24.6977
7111.0377 24.1071
7110.9104 24.0085
7109.9087 23.3624
7109.4196 23.1027
7108.9070 22.8724
7107.9053 22.5886
7106.9037 22.3342
7106.1948 22.0982
7105.9020 22.0135
7104.9003 21.6848
7103.8987 21.2610
7103.5611 21.0938
7102.8970 20.7561
7101.8953 20.1622
7101.7852 20.0893
7100.8937 19.5205
7100.1154 19.0848
7099.8920 18.9657
7098.8903 18.6339
7097.8886 18.4194
7096.8870 18.1693
7096.6613 18.0804
7095.8853 17.7994
7094.8836 17.3865
7094.3592 17.0759
7093.8820 16.7597
7092.8803 16.1842
7092.6138 16.0714
7091.8786 15.7976
7090.8770 15.5009
7089.8753 15.1836
7089.5763 15.0670
7088.8736 14.7977
7087.8720 14.3780
7087.1841 14.0625
7086.8703 13.9101
7085.8686 13.4887
7084.8669 13.0933
7084.7558 13.0580
7083.8653 12.7920
7082.8636 12.5665
7081.8619 12.3622
7080.8603 12.0666
7080.8292 12.0536
7079.8586 11.6650
7078.8569 11.1887
7078.5435 11.0491
7077.8553 10.7920
7076.8536 10.5334
7075.8519 10.1753
7075.5626 10.0446
7074.8503 9.7483
7073.8486 9.4121
7072.8469 9.1422
7072.4883 9.0402
7071.8452 8.8593
7070.8436 8.6289
7069.8419 8.3867
7068.8402 8.1152
7068.5296 8.0357
7067.8386 7.8802
7066.8369 7.5987
7065.8352 7.3001
7064.8336 7.0616
7064.6688 7.0312
7063.8319 6.9229
7062.8302 6.7793
7061.8285 6.5910
7060.8269 6.4347
7059.8252 6.2896
7058.8235 6.1469
7058.1736 6.0268
7057.8219 5.9589
7056.8202 5.7770
7055.8185 5.5652
7054.8169 5.3319
7053.8152 5.0411
7053.7481 5.0223
7052.8135 4.8261
7051.8119 4.8705
7051.4060 5.0223
7050.8102 5.1443
7049.8085 5.0813
7049.6274 5.0223
7048.8068 4.6346
7047.8052 4.1362
7047.6558 4.0179
7046.8035 3.3325
7046.4903 3.0134
7045.8018 2.0353
7045.7865 2.0089
7045.3973 1.0045
7045.2751 0.0000
