7139.4975 224.1277
7139.3919 223.9955
7138.6957 222.9911
7138.4958 222.7248
7138.0061 221.9866
7137.4942 221.2625
7137.2963 220.9821
7136.6322 219.9777
7136.4925 219.7823
7135.9664 218.9732
7135.4908 218.2916
7135.2679 217.9688
7134.6068 216.9643
7134.4891 216.7739
7133.9951 215.9598
7133.4875 215.2363
7133.2960 214.9554
7132.6133 213.9509
7132.4858 213.7772
7131.9407 212.9464
7131.4841 212.2558
7131.2479 211.9420
7130.5042 210.9375
7130.4825 210.9089
7129.8155 209.9330
7129.4808 209.4799
7129.1123 208.9286
7128.4791 207.9399
7128.4678 207.9241
7127.8512 206.9196
7127.4775 206.3882
7127.1416 205.9152
7126.4758 204.9740
7126.4301 204.9107
7125.7691 203.9062
7125.4741 203.4942
7125.0685 202.9018
7124.4725 202.0387
7124.3696 201.8973
7123.7093 200.8929
7123.4708 200.5593
7122.9942 199.8884
7122.4691 199.1529
7122.2766 198.8839
7121.6885 197.8795
7121.4674 197.5858
7120.9363 196.8750
7120.4658 196.2221
7120.2228 195.8705
7119.5236 194.8661
7119.4641 194.7863
7118.8458 193.8616
7118.4624 193.3445
7118.1066 192.8571
7117.4608 191.9041
7117.4229 191.8527
7116.7249 190.8482
7116.4591 190.4628
7116.0602 189.8438
7115.4574 189.0137
7115.3307 188.8393
7114.6786 187.8348
7114.4558 187.5275
7113.9572 186.8304
7113.4541 186.1284
7113.2102 185.8259
7112.4524 184.8557
7112.4269 184.8214
7111.7514 183.8170
7111.4508 183.4257
7111.0058 182.8125
7110.4491 181.9952
7110.3076 181.8080
7109.6711 180.8036
7109.4474 180.5189
7108.9294 179.7991
7108.4457 179.1594
7108.1709 178.7946
7107.5055 177.7902
7107.4441 177.7060
7106.7781 176.7857
7106.4424 176.3479
7106.0340 175.7812
7105.4407 174.9736
7105.2896 174.7768
7104.6115 173.7723
7104.4391 173.5501
7103.8111 172.7679
7103.4374 172.2573
7103.1031 171.7634
7102.4357 170.8897
7102.3335 170.7589
7101.6088 169.7545
7101.4341 169.5376
7100.8610 168.7500
7100.4324 168.1582
7100.1189 167.7455
7099.4307 166.8235
7099.3686 166.7411
7098.6350 165.7366
7098.4290 165.4765
7097.8804 164.7321
7097.4274 164.0880
7097.1704 163.7277
7096.4504 162.7232
7096.4257 162.6919
7095.6692 161.7188
7095.4240 161.4164
7094.8629 160.7143
7094.4224 160.1823
7094.0588 159.7098
7093.4207 158.8756
7093.2865 158.7054
7092.5351 157.7009
7092.4190 157.5585
7091.7742 156.6964
7091.4174 156.2634
7090.9745 155.6920
7090.4157 154.9040
7090.2525 154.6875
7089.5313 153.6830
7089.4140 153.5391
7088.7382 152.6786
7088.4124 152.2942
7087.9321 151.6741
7087.4107 150.9953
7087.1270 150.6696
7086.4090 149.8194
7086.2835 149.6652
7085.4678 148.6607
7085.4073 148.5865
7084.7070 147.6562
7084.4057 147.2966
7083.8985 146.6518
7083.4040 145.9522
7083.1824 145.6473
7082.4023 144.6860
7082.3671 144.6429
7081.5824 143.6384
7081.4007 143.4272
7080.7740 142.6339
7080.3990 142.1834
7079.9536 141.6295
7079.3973 140.9288
7079.1397 140.6250
7078.3957 139.7183
7078.3098 139.6205
7077.4392 138.6161
7077.3940 138.5682
7076.5869 137.6116
7076.3923 137.3482
7075.8387 136.6071
7075.3907 136.0839
7074.9966 135.6027
7074.3890 134.9129
7074.1222 134.5982
7073.3873 133.6860
7073.3064 133.5938
7072.4817 132.5893
7072.3856 132.4776
7071.6148 131.5848
7071.3840 131.3264
7070.7583 130.5804
7070.3823 130.1550
7069.8878 129.5759
7069.3806 128.9543
7069.0544 128.5714
7068.3790 127.8007
7068.1792 127.5670
7067.3773 126.6659
7067.2852 126.5625
7066.4327 125.5580
7066.3756 125.4938
7065.5658 124.5536
7065.3740 124.3373
7064.6500 123.5491
7064.3723 123.2456
7063.7919 122.5446
7063.3706 122.0649
7062.9120 121.5402
7062.3689 120.9375
7061.9893 120.5357
7061.3673 119.8345
7061.1105 119.5312
7060.3656 118.5829
7060.3134 118.5268
7059.3639 117.6020
7059.2917 117.5223
7058.3763 116.5179
7058.3623 116.5029
7057.4700 115.5134
7057.3606 115.3997
7056.5652 114.5089
7056.3589 114.2781
7055.6269 113.5045
7055.3573 113.2183
7054.6915 112.5000
7054.3556 112.1543
7053.7520 111.4955
7053.3539 111.0457
7052.8865 110.4911
7052.3523 109.9032
7051.9435 109.4866
7051.3506 108.8766
7050.9634 108.4821
7050.3489 107.8978
7049.9482 107.4777
7049.3472 106.8456
7048.9772 106.4732
7048.3456 105.8058
7048.0245 105.4688
7047.3439 104.7825
7047.0450 104.4643
7046.3422 103.7518
7046.0514 103.4598
7045.3406 102.7208
7045.0736 102.4554
7044.3389 101.6404
7044.1725 101.4509
7043.3372 100.6158
7043.1702 100.4464
7042.3356 99.6093
7042.1476 99.4420
7041.3339 98.6853
7041.0977 98.4375
7040.3322 97.6907
7040.0689 97.4330
7039.3306 96.7050
7039.0589 96.4286
7038.3289 95.6815
7038.0689 95.4241
7037.3272 94.6873
7037.0532 94.4196
7036.3255 93.7567
7035.9720 93.4152
7035.3239 92.6892
7035.0543 92.4107
7034.3222 91.6928
7034.0200 91.4062
7033.3205 90.7986
7032.8988 90.4018
7032.3189 89.8649
7031.8068 89.3973
7031.3172 88.9412
7030.7440 88.3929
7030.3155 87.9992
7029.6870 87.3884
7029.3139 87.0622
7028.6130 86.3839
7028.3122 86.0743
7027.5078 85.3795
7027.3105 85.1950
7026.4524 84.3750
7026.3088 84.2410
7025.4896 83.3705
7025.3072 83.1883
7024.3055 82.5163
7024.1500 82.3661
7023.3038 81.5924
7023.0551 81.3616
7022.3022 80.6984
7021.9590 80.3571
7021.3005 79.7736
7020.8623 79.3527
7020.2988 78.8355
7019.7438 78.3482
7019.2972 77.9071
7018.8103 77.3438
7018.2955 76.7043
7017.9996 76.3393
7017.3786 75.3348
7017.2938 75.2170
7016.7413 74.3304
7016.2922 73.6838
7016.0315 73.3259
7015.4592 72.3214
7015.2905 72.0562
7014.8480 71.3170
7014.3617 70.3125
7014.2888 70.1896
7013.8151 69.3080
7013.2871 68.3318
7013.2703 68.3036
7012.7799 67.2991
7012.2855 66.3854
7012.2263 66.2946
7011.7157 65.2902
7011.2838 64.6170
7011.0299 64.2857
7010.2821 63.3617
7010.2110 63.2812
7009.3149 62.2768
7009.2805 62.2411
7008.3056 61.2723
7008.2788 61.2455
7007.2771 60.3577
7007.1623 60.2679
7006.2755 59.5652
7005.9590 59.2634
7005.2738 58.5710
7004.9604 58.2589
7004.2721 57.3925
7004.1564 57.2545
7003.3153 56.2500
7003.2705 56.1960
7002.5347 55.2455
7002.2688 54.9031
7001.7038 54.2411
7001.2671 53.6536
7000.9302 53.2366
7000.2654 52.3920
7000.1330 52.2321
6999.2638 51.2492
6999.2418 51.2277
6998.3183 50.2232
6998.2621 50.1707
6997.2604 49.2920
6997.1713 49.2188
6996.2588 48.5683
6995.8055 48.2143
6995.2571 47.7880
6994.5327 47.2098
6994.2554 46.9862
6993.3071 46.2054
6993.2538 46.1617
6992.2521 45.3191
6992.1214 45.2009
6991.2504 44.3772
6991.0518 44.1964
6990.2487 43.5073
6989.8341 43.1920
6989.2471 42.7229
6988.5184 42.1875
6988.2454 42.0146
6987.2437 41.3881
6986.9254 41.1830
6986.2421 40.8587
6985.2404 40.4568
6984.6945 40.1786
6984.2387 39.8750
6983.2747 39.1741
6983.2371 39.1498
6982.2354 38.4670
6981.8613 38.1696
6981.2337 37.6465
6980.5482 37.1652
6980.2321 36.9019
6979.3831 36.1607
6979.2304 36.0319
6978.2287 35.2776
6978.0407 35.1562
6977.2270 34.7951
6976.2254 34.3273
6975.9263 34.1518
6975.2237 33.7095
6974.3364 33.1473
6974.2220 33.0751
6973.2204 32.5112
6972.5369 32.1429
6972.2187 31.9878
6971.2170 31.5385
6970.5046 31.1384
6970.2154 30.9478
6969.2137 30.3162
6968.9363 30.1339
6968.2120 29.7270
6967.2104 29.2122
6967.0620 29.1295
6966.2087 28.6568
6965.2863 28.1250
6965.2070 28.0844
6964.2053 27.6177
6963.2380 27.1205
6963.2037 27.1001
6962.2020 26.6075
6961.3707 26.1161
6961.2003 26.0021
6960.1987 25.3275
6959.8762 25.1116
6959.1970 24.6782
6958.1953 24.1579
6958.0781 24.1071
6957.1937 23.7976
6956.1920 23.5339
6955.1903 23.2780
6954.7599 23.1027
6954.1886 22.8164
6953.1870 22.3146
6952.8505 22.0982
6952.1853 21.7069
6951.3256 21.0938
6951.1836 20.9914
6950.1820 20.4982
6949.1803 20.1200
6949.0961 20.0893
6948.1786 19.7549
6947.1770 19.3993
6946.4700 19.0848
6946.1753 18.9626
6945.1736 18.5226
6944.3926 18.0804
6944.1720 17.9476
6943.1703 17.3528
6942.6805 17.0759
6942.1686 16.8721
6941.1669 16.6126
6940.1653 16.3026
6939.6456 16.0714
6939.1636 15.8452
6938.1619 15.3720
6937.5348 15.0670
6937.1603 14.9015
6936.1586 14.5216
6935.1569 14.1913
6934.7678 14.0625
6934.1553 13.8803
6933.1536 13.5983
6932.1519 13.2589
6931.7401 13.0580
6931.1503 12.7902
6930.1486 12.3801
6929.3569 12.0536
6929.1469 11.9731
6928.1452 11.6018
6927.1436 11.2186
6926.7928 11.0491
6926.1419 10.7909
6925.1402 10.4475
6924.1386 10.0511
6924.1231 10.0446
6923.1369 9.7541
6922.1352 9.4911
6921.1336 9.2057
6920.6574 9.0402
6920.1319 8.9004
6919.1302 8.6754
6918.1285 8.4783
6917.1269 8.2454
6916.3379 8.0357
6916.1252 8.0001
6915.1235 7.9122
6914.1219 7.8826
6913.1202 7.8708
6912.1185 7.8583
6911.1169 7.7543
6910.1152 7.5750
6909.1135 7.3985
6908.1119 7.1643
6907.7581 7.0312
6907.1102 6.7360
6906.1085 6.3327
6905.5543 6.0268
6905.1068 5.7214
6904.1052 5.0718
6904.0459 5.0223
6903.1197 4.0179
6903.1035 4.0011
6902.3634 3.0134
6902.1018 2.5581
6901.8307 2.0089
6901.5250 1.0045
6901.4222 0.0000
