7133.7008 224.1371
7133.5965 223.9955
7132.9707 222.9911
7132.6992 222.6119
7132.2635 221.9866
7131.6975 221.1692
7131.5570 220.9821
7130.8429 219.9777
7130.6958 219.7853
7130.1348 218.9732
7129.6942 218.3958
7129.3929 217.9688
7128.7231 216.9643
7128.6925 216.9148
7128.1183 215.9598
7127.6908 215.3590
7127.4154 214.9554
7126.7243 213.9509
7126.6891 213.9027
7126.0744 212.9464
7125.6875 212.3767
7125.3845 211.9420
7124.7002 210.9375
7124.6858 210.9178
7123.9926 209.9330
7123.6841 209.5094
7123.2903 208.9286
7122.6825 208.0473
7122.5925 207.9241
7121.9562 206.9196
7121.6808 206.5318
7121.2128 205.9152
7120.6791 205.2215
7120.4590 204.9107
7119.7606 203.9062
7119.6775 203.7918
7119.0751 202.9018
7118.6758 202.3296
7118.3758 201.8973
7117.6879 200.8929
7117.6741 200.8739
7116.9609 199.8884
7116.6725 199.4999
7116.2673 198.8839
7115.6708 197.9433
7115.6266 197.8795
7114.9359 196.8750
7114.6691 196.4919
7114.2176 195.8705
7113.6674 195.0959
7113.4895 194.8661
7112.7086 193.8616
7112.6658 193.8107
7111.9932 192.8571
7111.6641 192.3957
7111.2741 191.8527
7110.6624 190.9935
7110.5562 190.8482
7109.8958 189.8438
7109.6608 189.5301
7109.1925 188.8393
7108.6591 188.0952
7108.4637 187.8348
7107.7822 186.8304
7107.6574 186.6583
7107.0489 185.8259
7106.6558 185.3141
7106.2976 184.8214
7105.6541 183.9337
7105.5634 183.8170
7104.8683 182.8125
7104.6524 182.5159
7104.1121 181.8080
7103.6508 181.1710
7103.3896 180.8036
7102.6491 179.8840
7102.5840 179.7991
7101.9025 178.7946
7101.6474 178.4526
7101.1610 177.7902
7100.6457 177.0883
7100.4193 176.7857
7099.6441 175.8098
7099.6218 175.7812
7098.9449 174.7768
7098.6424 174.3858
7098.1750 173.7723
7097.6407 173.0557
7097.4251 172.7679
7096.7710 171.7634
7096.6391 171.5945
7096.0201 170.7589
7095.6374 170.2973
7095.1901 169.7545
7094.6357 169.0728
7094.3816 168.7500
7093.6485 167.7455
7093.6341 167.7274
7092.8979 166.7411
7092.6324 166.4261
7092.1123 165.7366
7091.6307 165.0811
7091.3571 164.7321
7090.6579 163.7277
7090.6290 163.6907
7089.9173 162.7232
7089.6274 162.3645
7089.1260 161.7188
7088.6257 161.0888
7088.3374 160.7143
7087.6240 159.7348
7087.6022 159.7098
7086.7555 158.7054
7086.6224 158.5502
7085.9663 157.7009
7085.6207 157.2791
7085.1640 156.6964
7084.6190 156.0074
7084.3673 155.6920
7083.6196 154.6875
7083.6174 154.6847
7082.8850 153.6830
7082.6157 153.3647
7082.0725 152.6786
7081.6140 152.1365
7081.2348 151.6741
7080.6124 150.8437
7080.4687 150.6696
7079.6739 149.6652
7079.6107 149.5903
7078.8613 148.6607
7078.6090 148.3623
7078.0216 147.6562
7077.6073 147.1661
7077.1569 146.6518
7076.6057 145.9498
7076.3867 145.6473
7075.6040 144.7094
7075.5481 144.6429
7074.7974 143.6384
7074.6023 143.4056
7073.9588 142.6339
7073.6007 142.2105
7073.1187 141.6295
7072.5990 141.0058
7072.2787 140.6250
7071.5973 139.8256
7071.4240 139.6205
7070.6144 138.6161
7070.5957 138.5946
7069.7846 137.6116
7069.5940 137.3554
7069.0045 136.6071
7068.5923 136.1707
7068.0622 135.6027
7067.5907 135.0819
7067.1960 134.5982
7066.5890 133.8649
7066.3558 133.5938
7065.5873 132.6883
7065.5003 132.5893
7064.6479 131.5848
7064.5856 131.5165
7063.7820 130.5804
7063.5840 130.3445
7062.9137 129.5759
7062.5823 129.1936
7062.0695 128.5714
7061.5806 128.0083
7061.2206 127.5670
7060.5790 126.8102
7060.3245 126.5625
7059.5773 125.8001
7059.3693 125.5580
7058.5756 124.6847
7058.4602 124.5536
7057.5850 123.5491
7057.5740 123.5371
7056.6810 122.5446
7056.5723 122.4279
7055.7692 121.5402
7055.5706 121.3258
7054.8549 120.5357
7054.5689 120.2223
7053.9654 119.5312
7053.5673 119.0427
7053.1432 118.5268
7052.5656 117.9318
7052.1677 117.5223
7051.5639 116.9009
7051.1727 116.5179
7050.5623 115.8908
7050.2270 115.5134
7049.5606 114.7962
7049.2881 114.5089
7048.5589 113.7605
7048.3183 113.5045
7047.5573 112.6688
7047.3998 112.5000
7046.5556 111.5828
7046.4737 111.4955
7045.6152 110.4911
7045.5539 110.4241
7044.6625 109.4866
7044.5523 109.3738
7043.7196 108.4821
7043.5506 108.3128
7042.7373 107.4777
7042.5489 107.2740
7041.6782 106.4732
7041.5472 106.3486
7040.7266 105.4688
7040.5456 105.2878
7039.7177 104.4643
7039.5439 104.2927
7038.6975 103.4598
7038.5422 103.2987
7037.7178 102.4554
7037.5406 102.2703
7036.8092 101.4509
7036.5389 101.1774
7035.8407 100.4464
7035.5372 100.1316
7034.8404 99.4420
7034.5356 99.1398
7033.7467 98.4375
7033.5339 98.2539
7032.6659 97.4330
7032.5322 97.3013
7031.5834 96.4286
7031.5306 96.3771
7030.5880 95.4241
7030.5289 95.3682
7029.5887 94.4196
7029.5272 94.3587
7028.5255 93.4435
7028.4953 93.4152
7027.5239 92.4429
7027.4941 92.4107
7026.5222 91.4714
7026.4567 91.4062
7025.5205 90.5094
7025.4009 90.4018
7024.5189 89.6674
7024.2221 89.3973
7023.5172 88.7410
7023.1396 88.3929
7022.5155 87.8018
7022.0661 87.3884
7021.5139 86.9102
7020.9505 86.3839
7020.5122 85.9817
7019.8634 85.3795
7019.5105 85.0401
7018.7538 84.3750
7018.5088 84.1536
7017.7521 83.3705
7017.5072 83.1399
7016.6041 82.3661
7016.5055 82.2763
7015.5038 81.5277
7015.3356 81.3616
7014.5022 80.5582
7014.2981 80.3571
7013.5005 79.6808
7013.1653 79.3527
7012.4988 78.7009
7012.1146 78.3482
7011.4972 77.7654
7011.1105 77.3438
7010.4955 76.6603
7010.2461 76.3393
7009.6927 75.3348
7009.4938 75.0309
7009.0391 74.3304
7008.4922 73.4470
7008.4148 73.3259
7007.8379 72.3214
7007.4905 71.7517
7007.2163 71.3170
7006.6667 70.3125
7006.4888 70.0651
7006.0924 69.3080
7005.5949 68.3036
7005.4871 68.1049
7005.0435 67.2991
7004.4855 66.2957
7004.4848 66.2946
7003.8972 65.2902
7003.4838 64.7280
7003.1436 64.2857
7002.4821 63.4316
7002.3357 63.2812
7001.4805 62.4043
7001.3452 62.2768
7000.4788 61.4931
7000.2215 61.2723
6999.4771 60.6139
6999.0659 60.2679
6998.4755 59.7365
6997.9106 59.2634
6997.4738 58.8730
6996.8674 58.2589
6996.4721 57.7692
6996.0527 57.2545
6995.4705 56.5473
6995.2113 56.2500
6994.4688 55.3191
6994.4074 55.2455
6993.5871 54.2411
6993.4671 54.0854
6992.8133 53.2366
6992.4654 52.7943
6991.9993 52.2321
6991.4638 51.6170
6991.0907 51.2277
6990.4621 50.5063
6990.1954 50.2232
6989.4604 49.5271
6989.0503 49.2188
6988.4588 48.8296
6987.6286 48.2143
6987.4571 48.0766
6986.4554 47.3010
6986.3438 47.2098
6985.4538 46.4667
6985.1426 46.2054
6984.4521 45.6218
6983.9819 45.2009
6983.4504 44.7101
6982.9052 44.1964
6982.4487 43.7812
6981.6990 43.1920
6981.4471 42.9794
6980.4454 42.2324
6980.3851 42.1875
6979.4437 41.6360
6978.7112 41.1830
6978.4421 41.0448
6977.4404 40.6319
6976.4979 40.1786
6976.4387 40.1396
6975.4371 39.4245
6975.1159 39.1741
6974.4354 38.7112
6973.7291 38.1696
6973.4337 37.9187
6972.4869 37.1652
6972.4321 37.1141
6971.4304 36.2671
6971.2898 36.1607
6970.4287 35.5368
6969.8444 35.1562
6969.4270 34.9608
6968.4254 34.5156
6967.7708 34.1518
6967.4237 33.9242
6966.4220 33.2992
6966.1840 33.1473
6965.4204 32.7012
6964.4187 32.1722
6964.3658 32.1429
6963.4170 31.6729
6962.4154 31.1766
6962.3551 31.1384
6961.4137 30.5233
6960.8046 30.1339
6960.4120 29.9095
6959.4104 29.3955
6958.9297 29.1295
6958.4087 28.8380
6957.4070 28.2836
6957.1353 28.1250
6956.4053 27.7769
6955.4037 27.2969
6955.0948 27.1205
6954.4020 26.7126
6953.4003 26.2045
6953.2599 26.1161
6952.3987 25.5371
6951.7760 25.1116
6951.3970 24.8565
6950.3953 24.3285
6949.8864 24.1071
6949.3937 23.9228
6948.3920 23.6439
6947.3903 23.3843
6946.6392 23.1027
6946.3886 22.9821
6945.3870 22.4671
6944.7778 22.0982
6944.3853 21.8806
6943.3836 21.2027
6943.2196 21.0938
6942.3820 20.6322
6941.3803 20.2504
6940.9257 20.0893
6940.3786 19.8826
6939.3770 19.5174
6938.3753 19.1046
6938.3363 19.0848
6937.3736 18.6339
6936.4201 18.0804
6936.3720 18.0494
6935.3703 17.5250
6934.6084 17.0759
6934.3686 16.9688
6933.3669 16.7045
6932.3653 16.4125
6931.5676 16.0714
6931.3636 15.9764
6930.3619 15.4966
6929.4677 15.0670
6929.3603 15.0192
6928.3586 14.6206
6927.3569 14.2944
6926.6227 14.0625
6926.3553 13.9820
6925.3536 13.6894
6924.3519 13.3676
6923.6930 13.0580
6923.3503 12.8984
6922.3486 12.4858
6921.3469 12.0786
6921.2920 12.0536
6920.3452 11.6985
6919.3436 11.2906
6918.8275 11.0491
6918.3419 10.8600
6917.3402 10.5319
6916.3386 10.1628
6916.0575 10.0446
6915.3369 9.8248
6914.3352 9.5654
6913.3336 9.2960
6912.5757 9.0402
6912.3319 8.9734
6911.3302 8.7420
6910.3285 8.5296
6909.3269 8.3372
6908.3252 8.0822
6908.0676 8.0357
6907.3235 7.9623
6906.3219 7.9331
6905.3202 7.9248
6904.3185 7.9082
6903.3169 7.8332
6902.3152 7.6582
6901.3135 7.4236
6900.3119 7.2142
6899.8407 7.0312
6899.3102 6.7809
6898.3085 6.3507
6897.7180 6.0268
6897.3068 5.7548
6896.3052 5.0728
6896.2450 5.0223
6895.3292 4.0179
6895.3035 3.9902
6894.5777 3.0134
6894.3018 2.5395
6894.0423 2.0089
6893.7439 1.0045
6893.6428 0.0000
