7127.9042 224.2385
7127.7270 223.9955
7127.0853 222.9911
7126.9025 222.7447
7126.3789 221.9866
7125.9008 221.3029
7125.6661 220.9821
7124.9943 219.9777
7124.8992 219.8479
7124.2904 218.9732
7123.8975 218.4494
7123.5629 217.9688
7122.8958 216.9821
7122.8825 216.9643
7122.2732 215.9598
7121.8942 215.4270
7121.5253 214.9554
7120.8925 214.1874
7120.7181 213.9509
7120.0723 212.9464
7119.8908 212.6957
7119.3700 211.9420
7118.8891 211.2627
7118.6497 210.9375
7117.9481 209.9330
7117.8875 209.8512
7117.2588 208.9286
7116.8858 208.4287
7116.5375 207.9241
7115.9202 206.9196
7115.8841 206.8698
7115.2215 205.9152
7114.8825 205.4502
7114.5000 204.9107
7113.8808 204.0715
7113.7490 203.9062
7113.0225 202.9018
7112.8791 202.7271
7112.2747 201.8973
7111.8775 201.3518
7111.5370 200.8929
7110.8758 200.0145
7110.7830 199.8884
7110.1185 198.8839
7109.8741 198.5353
7109.4542 197.8795
7108.8725 197.0494
7108.7381 196.8750
7108.0329 195.8705
7107.8708 195.6583
7107.3001 194.8661
7106.8691 194.3091
7106.5380 193.8616
7105.8674 192.9176
7105.8215 192.8571
7105.1237 191.8527
7104.8658 191.5132
7104.3582 190.8482
7103.8641 190.1781
7103.6197 189.8438
7102.8724 188.8393
7102.8624 188.8274
7102.1662 187.8348
7101.8608 187.4186
7101.4238 186.8304
7100.8591 186.0892
7100.6615 185.8259
7099.9447 184.8214
7099.8574 184.7128
7099.2139 183.8170
7098.8558 183.3392
7098.4611 182.8125
7097.8541 181.9768
7097.7239 181.8080
7097.0469 180.8036
7096.8524 180.5620
7096.3042 179.7991
7095.8508 179.1998
7095.5100 178.7946
7094.8491 177.9730
7094.7075 177.7902
7093.9437 176.7857
7093.8474 176.6651
7093.2080 175.7812
7092.8457 175.3093
7092.4352 174.7768
7091.8441 173.9765
7091.6893 173.7723
7090.9562 172.7679
7090.8424 172.6055
7090.2577 171.7634
7089.8407 171.2501
7089.4650 170.7589
7088.8391 169.9238
7088.7081 169.7545
7087.9537 168.7500
7087.8374 168.5978
7087.1479 167.7455
7086.8357 167.3839
7086.3238 166.7411
7085.8341 166.1578
7085.4998 165.7366
7084.8324 164.8606
7084.7283 164.7321
7084.0261 163.7277
7083.8307 163.4818
7083.2529 162.7232
7082.8290 162.2124
7082.4355 161.7188
7081.8274 160.9298
7081.6602 160.7143
7080.9111 159.7098
7080.8257 159.6030
7080.0950 158.7054
7079.8240 158.3815
7079.2958 157.7009
7078.8224 157.1185
7078.4808 156.6964
7077.8207 155.8612
7077.6654 155.6920
7076.8255 154.6875
7076.8190 154.6799
7076.1111 153.6830
7075.8174 153.3421
7075.2814 152.6786
7074.8157 152.0926
7074.4632 151.6741
7073.8140 150.9023
7073.6204 150.6696
7072.8124 149.6767
7072.8026 149.6652
7072.0201 148.6607
7071.8107 148.4120
7071.2033 147.6562
7070.8090 147.1810
7070.3597 146.6518
7069.8073 145.9315
7069.5875 145.6473
7068.8057 144.7557
7068.7039 144.6429
7067.8470 143.6384
7067.8040 143.5911
7067.0239 142.6339
7066.8023 142.3764
7066.1713 141.6295
7065.8007 141.2064
7065.3157 140.6250
7064.7990 140.0039
7064.4708 139.6205
7063.7973 138.8359
7063.6119 138.6161
7062.7957 137.6888
7062.7282 137.6116
7062.0133 136.6071
7061.7940 136.3623
7061.1396 135.6027
7060.7923 135.2005
7060.2347 134.5982
7059.7907 134.1258
7059.3033 133.5938
7058.7890 133.0454
7058.3915 132.5893
7057.7873 131.9020
7057.5088 131.5848
7056.7856 130.7643
7056.6180 130.5804
7055.7840 129.6339
7055.7331 129.5759
7054.9218 128.5714
7054.7823 128.4130
7054.0719 127.5670
7053.7806 127.2286
7053.1920 126.5625
7052.7790 126.1064
7052.2944 125.5580
7051.7773 125.0252
7051.3049 124.5536
7050.7756 124.0133
7050.3500 123.5491
7049.7740 122.8927
7049.4579 122.5446
7048.7723 121.8280
7048.5113 121.5402
7047.7706 120.6979
7047.6210 120.5357
7046.7689 119.5949
7046.7103 119.5312
7045.8676 118.5268
7045.7673 118.4236
7044.9204 117.5223
7044.7656 117.3628
7043.9883 116.5179
7043.7639 116.2653
7043.0740 115.5134
7042.7623 115.1846
7042.0496 114.5089
7041.7606 114.2492
7041.0448 113.5045
7040.7589 113.1991
7040.0794 112.5000
7039.7573 112.1692
7039.1001 111.4955
7038.7556 111.1221
7038.2179 110.4911
7037.7539 109.9933
7037.2674 109.4866
7036.7523 108.9451
7036.2992 108.4821
7035.7506 107.9311
7035.3011 107.4777
7034.7489 106.9433
7034.2669 106.4732
7033.7472 105.9505
7033.2564 105.4688
7032.7456 104.9713
7032.2463 104.4643
7031.7439 103.9925
7031.2152 103.4598
7030.7422 102.9736
7030.2149 102.4554
7029.7406 101.9342
7029.2870 101.4509
7028.7389 100.9147
7028.2832 100.4464
7027.7372 99.9189
7027.2545 99.4420
7026.7356 98.9080
7026.2653 98.4375
7025.7339 97.9216
7025.2221 97.4330
7024.7322 96.9859
7024.0776 96.4286
7023.7306 96.1071
7023.0103 95.4241
7022.7289 95.1512
7021.9471 94.4196
7021.7272 94.2235
7020.8853 93.4152
7020.7255 93.2469
7019.9263 92.4107
7019.7239 92.2132
7018.8397 91.4062
7018.7222 91.3038
7017.7205 90.4093
7017.7127 90.4018
7016.7189 89.4663
7016.6395 89.3973
7015.7172 88.6141
7015.4726 88.3929
7014.7155 87.7216
7014.3716 87.3884
7013.7139 86.7948
7013.2808 86.3839
7012.7122 85.8326
7012.1705 85.3795
7011.7105 84.9682
7011.0941 84.3750
7010.7088 84.0217
7010.0837 83.3705
7009.7072 83.0185
7008.9044 82.3661
7008.7055 82.1997
7007.7693 81.3616
7007.7038 81.2994
7006.7022 80.5299
7006.5226 80.3571
7005.7005 79.6552
7005.3845 79.3527
7004.6988 78.7311
7004.2964 78.3482
7003.6972 77.7082
7003.3588 77.3438
7002.6955 76.5908
7002.4898 76.3393
7001.8981 75.3348
7001.6938 75.0562
7001.2310 74.3304
7000.6922 73.5258
7000.5523 73.3259
7000.0675 72.3214
6999.6905 71.6835
6999.4591 71.3170
6998.9802 70.3125
6998.6888 69.7979
6998.3654 69.3080
6997.7240 68.3036
6997.6871 68.2540
6997.1921 67.2991
6996.6855 66.4121
6996.6016 66.2946
6996.0201 65.2902
6995.6838 64.8182
6995.2290 64.2857
6994.6821 63.6631
6994.3032 63.2812
6993.6805 62.6790
6993.2336 62.2768
6992.6788 61.7684
6992.0735 61.2723
6991.6771 60.9182
6990.9164 60.2679
6990.6755 60.0550
6989.8181 59.2634
6989.6738 59.1218
6988.6721 58.2629
6988.6682 58.2589
6987.8888 57.2545
6987.6705 57.0058
6987.0274 56.2500
6986.6688 55.8073
6986.2091 55.2455
6985.6671 54.5636
6985.3865 54.2411
6984.6654 53.3120
6984.6018 53.2366
6983.7968 52.2321
6983.6638 52.0739
6982.8975 51.2277
6982.6621 50.9495
6981.9838 50.2232
6981.6604 49.9181
6980.8038 49.2188
6980.6588 49.1125
6979.6571 48.4522
6979.3646 48.2143
6978.6554 47.6473
6978.1081 47.2098
6977.6538 46.8387
6976.9113 46.2054
6976.6521 45.9830
6975.7725 45.2009
6975.6504 45.0858
6974.6834 44.1964
6974.6487 44.1643
6973.6471 43.3288
6973.4673 43.1920
6972.6454 42.5178
6972.2150 42.1875
6971.6437 41.8509
6970.6421 41.3508
6970.3571 41.1830
6969.6404 40.8457
6968.6387 40.3929
6968.2608 40.1786
6967.6371 39.7384
6966.8944 39.1741
6966.6354 39.0067
6965.6337 38.2724
6965.5042 38.1696
6964.6321 37.4530
6964.2778 37.1652
6963.6304 36.5765
6963.0867 36.1607
6962.6287 35.8278
6961.6270 35.1769
6961.5928 35.1562
6960.6254 34.7220
6959.6237 34.2015
6959.5436 34.1518
6958.6220 33.5585
6957.9635 33.1473
6957.6204 32.9431
6956.6187 32.4093
6956.1255 32.1429
6955.6170 31.8904
6954.6154 31.3613
6954.2311 31.1384
6953.6137 30.7579
6952.6120 30.1559
6952.5768 30.1339
6951.6104 29.6152
6950.7166 29.1295
6950.6087 29.0686
6949.6070 28.5186
6948.9310 28.1250
6948.6053 27.9637
6947.6037 27.5095
6946.8905 27.1205
6946.6020 26.9456
6945.6003 26.3837
6945.1184 26.1161
6944.5987 25.7994
6943.6186 25.1116
6943.5970 25.0964
6942.5953 24.5237
6941.6317 24.1071
6941.5937 24.0921
6940.5920 23.7701
6939.5903 23.5106
6938.5886 23.1867
6938.4108 23.1027
6937.5870 22.6535
6936.6838 22.0982
6936.5853 22.0412
6935.5836 21.4602
6935.0495 21.0938
6934.5820 20.8021
6933.5803 20.4033
6932.6750 20.0893
6932.5786 20.0504
6931.5770 19.6710
6930.5753 19.2741
6930.1907 19.0848
6929.5736 18.8034
6928.5720 18.2624
6928.2565 18.0804
6927.5703 17.6782
6926.5686 17.1435
6926.4212 17.0759
6925.5669 16.8126
6924.5653 16.5475
6923.5636 16.1473
6923.4103 16.0714
6922.5619 15.6691
6921.5603 15.1854
6921.3024 15.0670
6920.5586 14.7646
6919.5569 14.4081
6918.5553 14.0913
6918.4658 14.0625
6917.5536 13.8117
6916.5519 13.4928
6915.5503 13.0596
6915.5472 13.0580
6914.5486 12.6160
6913.5469 12.2289
6913.1445 12.0536
6912.5452 11.8295
6911.5436 11.4359
6910.7377 11.0491
6910.5419 10.9654
6909.5402 10.6414
6908.5386 10.2875
6907.9398 10.0446
6907.5369 9.9186
6906.5352 9.6594
6905.5336 9.4072
6904.5319 9.0713
6904.4398 9.0402
6903.5302 8.8247
6902.5285 8.6215
6901.5269 8.4096
6900.5252 8.1898
6899.6167 8.0357
6899.5235 8.0265
6898.5219 7.9744
6897.5202 7.9644
6896.5185 7.9655
6895.5169 7.9210
6894.5152 7.7530
6893.5135 7.5184
6892.5119 7.2564
6891.8240 7.0312
6891.5102 6.8987
6890.5085 6.4265
6889.7791 6.0268
6889.5068 5.8417
6888.5052 5.1517
6888.3512 5.0223
6887.5035 4.0980
6887.4390 4.0179
6886.6945 3.0134
6886.5018 2.6743
6886.1768 2.0089
6885.8735 1.0045
6885.7704 0.0000
