7121.6424 223.9955
7121.4075 223.6924
7120.8909 222.9911
7120.4058 222.3258
7120.1571 221.9866
7119.4526 220.9821
7119.4042 220.9172
7118.7715 219.9777
7118.4025 219.4799
7118.0317 218.9732
7117.4008 218.0558
7117.3363 217.9688
7116.6283 216.9643
7116.3992 216.6177
7115.9773 215.9598
7115.3975 215.1762
7115.2346 214.9554
7114.5632 213.9509
7114.3958 213.7163
7113.8556 212.9464
7113.3942 212.2986
7113.1075 211.9420
7112.3925 211.0873
7112.2791 210.9375
7111.6028 209.9330
7111.3908 209.6542
7110.8654 208.9286
7110.3891 208.2470
7110.1602 207.9241
7109.4932 206.9196
7109.3875 206.7794
7108.7787 205.9152
7108.3858 205.4061
7108.0176 204.9107
7107.3841 204.0014
7107.3143 203.9062
7106.6180 202.9018
7106.3825 202.5859
7105.8747 201.8973
7105.3808 201.2642
7105.1064 200.8929
7104.4059 199.8884
7104.3791 199.8539
7103.6264 198.8839
7103.3775 198.5464
7102.9318 197.8795
7102.3758 197.1614
7102.1605 196.8750
7101.4413 195.8705
7101.3741 195.7847
7100.7269 194.8661
7100.3725 194.3913
7099.9756 193.8616
7099.3708 193.0375
7099.2356 192.8571
7098.5020 191.8527
7098.3691 191.6879
7097.7585 190.8482
7097.3674 190.2833
7097.0689 189.8438
7096.3666 188.8393
7096.3658 188.8382
7095.5866 187.8348
7095.3641 187.5686
7094.7953 186.8304
7094.3624 186.3020
7093.9926 185.8259
7093.3608 184.9478
7093.2621 184.8214
7092.5203 183.8170
7092.3591 183.6149
7091.7548 182.8125
7091.3574 182.3011
7090.9921 181.8080
7090.3558 180.8312
7090.3358 180.8036
7089.5663 179.7991
7089.3541 179.5249
7088.7738 178.7946
7088.3524 178.2666
7087.9944 177.7902
7087.3508 176.9433
7087.2197 176.7857
7086.3809 175.7812
7086.3491 175.7426
7085.6142 174.7768
7085.3474 174.4386
7084.8601 173.7723
7084.3457 173.1566
7084.0338 172.7679
7083.3726 171.7634
7083.3441 171.7267
7082.6058 170.7589
7082.3424 170.4407
7081.8148 169.7545
7081.3407 169.1725
7080.9975 168.7500
7080.3391 167.8893
7080.2263 167.7455
7079.4669 166.7411
7079.3374 166.5818
7078.6628 165.7366
7078.3357 165.3251
7077.8194 164.7321
7077.3341 164.1479
7077.0246 163.7277
7076.3324 162.8116
7076.2622 162.7232
7075.4661 161.7188
7075.3307 161.5552
7074.6690 160.7143
7074.3290 160.3097
7073.8491 159.7098
7073.3274 159.0592
7073.0409 158.7054
7072.3257 157.8019
7072.2421 157.7009
7071.4385 156.6964
7071.3240 156.5641
7070.6195 155.6920
7070.3224 155.3369
7069.8228 154.6875
7069.3207 153.9991
7069.0509 153.6830
7068.3190 152.8560
7068.1662 152.6786
7067.3174 151.7218
7067.2779 151.6741
7066.5131 150.6696
7066.3157 150.4233
7065.6664 149.6652
7065.3140 149.2727
7064.8087 148.6607
7064.3124 148.0799
7063.9579 147.6562
7063.3107 146.8663
7063.1245 146.6518
7062.3676 145.6473
7062.3090 145.5780
7061.5236 144.6429
7061.3073 144.3911
7060.6764 143.6384
7060.3057 143.2215
7059.7603 142.6339
7059.3040 142.1552
7058.8580 141.6295
7058.3023 140.9691
7057.9972 140.6250
7057.3007 139.8255
7057.1251 139.6205
7056.2990 138.6386
7056.2796 138.6161
7055.4095 137.6116
7055.2973 137.4638
7054.6379 136.6071
7054.2957 136.2378
7053.7567 135.6027
7053.2940 135.1020
7052.8497 134.5982
7052.2923 133.9294
7051.9676 133.5938
7051.2907 132.8883
7051.0134 132.5893
7050.2890 131.8414
7050.0649 131.5848
7049.2873 130.6727
7049.2020 130.5804
7048.3187 129.5759
7048.2856 129.5389
7047.4720 128.5714
7047.2840 128.3650
7046.5992 127.5670
7046.2823 127.2206
7045.6780 126.5625
7045.2806 126.1228
7044.7685 125.5580
7044.2790 125.0438
7043.8328 124.5536
7043.2773 123.9528
7042.8902 123.5491
7042.2756 122.8930
7041.9241 122.5446
7041.2740 121.9077
7040.9288 121.5402
7040.2723 120.8597
7039.9757 120.5357
7039.2706 119.7271
7039.0939 119.5312
7038.2689 118.5388
7038.2582 118.5268
7037.2724 117.5223
7037.2673 117.5170
7036.3268 116.5179
7036.2656 116.4544
7035.4170 115.5134
7035.2639 115.3533
7034.4576 114.5089
7034.2623 114.3047
7033.3585 113.5045
7033.2606 113.4137
7032.4321 112.5000
7032.2589 112.3189
7031.4556 111.4955
7031.2573 111.2821
7030.5207 110.4911
7030.2556 110.2246
7029.5583 109.4866
7029.2539 109.1760
7028.5748 108.4821
7028.2523 108.1571
7027.5769 107.4777
7027.2506 107.1504
7026.5623 106.4732
7026.2489 106.1611
7025.5624 105.4688
7025.2472 105.1521
7024.4871 104.4643
7024.2456 104.2510
7023.4369 103.4598
7023.2439 103.2644
7022.3936 102.4554
7022.2422 102.3016
7021.4556 101.4509
7021.2406 101.2400
7020.4491 100.4464
7020.2389 100.2311
7019.3745 99.4420
7019.2372 99.3170
7018.3717 98.4375
7018.2356 98.3022
7017.2996 97.4330
7017.2339 97.3708
7016.2322 96.4674
7016.1896 96.4286
7015.2306 95.5565
7015.0909 95.4241
7014.2289 94.6078
7014.0284 94.4196
7013.2272 93.7026
7012.9277 93.4152
7012.2255 92.6844
7011.9488 92.4107
7011.2239 91.7178
7010.8849 91.4062
7010.2222 90.8209
7009.7894 90.4018
7009.2205 89.8875
7008.7078 89.3973
7008.2189 88.9180
7007.6177 88.3929
7007.2172 88.0389
7006.4029 87.3884
7006.2155 87.2391
7005.3099 86.3839
7005.2139 86.2887
7004.2122 85.4308
7004.1601 85.3795
7003.2105 84.5713
7002.9985 84.3750
7002.2088 83.5925
7001.9845 83.3705
7001.2072 82.6959
7000.8202 82.3661
7000.2055 81.8480
6999.6424 81.3616
6999.2038 80.9721
6998.5327 80.3571
6998.2022 80.1031
6997.3583 79.3527
6997.2005 79.2183
6996.1988 78.3656
6996.1803 78.3482
6995.2130 77.3438
6995.1972 77.3272
6994.5060 76.3393
6994.1955 75.8982
6993.7843 75.3348
6993.1938 74.4297
6993.1251 74.3304
6992.5223 73.3259
6992.1922 72.8559
6991.9006 72.3214
6991.4200 71.3170
6991.1905 70.9074
6990.8379 70.3125
6990.3254 69.3080
6990.1888 69.0676
6989.7123 68.3036
6989.1871 67.4752
6989.0688 67.2991
6988.4554 66.2946
6988.1855 65.8913
6987.7715 65.2902
6987.1838 64.5469
6986.9249 64.2857
6986.1821 63.5421
6985.9066 63.2812
6985.1805 62.6228
6984.7701 62.2768
6984.1788 61.7617
6983.5645 61.2723
6983.1771 60.9280
6982.4189 60.2679
6982.1755 60.0609
6981.3124 59.2634
6981.1738 59.1228
6980.1791 58.2589
6980.1721 58.2510
6979.3907 57.2545
6979.1705 57.0049
6978.5245 56.2500
6978.1688 55.8161
6977.6967 55.2455
6977.1671 54.5703
6976.8832 54.2411
6976.1654 53.3359
6976.0807 53.2366
6975.2712 52.2321
6975.1638 52.1048
6974.3697 51.2277
6974.1621 50.9852
6973.4353 50.2232
6973.1604 49.9690
6972.2827 49.2188
6972.1588 49.1241
6971.1571 48.4897
6970.8144 48.2143
6970.1554 47.6933
6969.5463 47.2098
6969.1538 46.8848
6968.3658 46.2054
6968.1521 46.0217
6967.2379 45.2009
6967.1504 45.1181
6966.1487 44.2103
6966.1330 44.1964
6965.1471 43.3632
6964.9235 43.1920
6964.1454 42.5544
6963.6731 42.1875
6963.1437 41.8899
6962.1421 41.4295
6961.6919 41.1830
6961.1404 40.9094
6960.1387 40.4388
6959.6964 40.1786
6959.1371 39.7786
6958.3453 39.1741
6958.1354 39.0365
6957.1337 38.3062
6956.9626 38.1696
6956.1321 37.4730
6955.7546 37.1652
6955.1304 36.5982
6954.5999 36.1607
6954.1287 35.8010
6953.1270 35.2426
6952.9837 35.1562
6952.1254 34.7534
6951.1237 34.2131
6951.0268 34.1518
6950.1220 33.5785
6949.4100 33.1473
6949.1204 32.9784
6948.1187 32.4435
6947.5627 32.1429
6947.1170 31.9170
6946.1154 31.3689
6945.7257 31.1384
6945.1137 30.7728
6944.1120 30.1805
6944.0360 30.1339
6943.1104 29.6357
6942.1911 29.1295
6942.1087 29.0820
6941.1070 28.5295
6940.4020 28.1250
6940.1053 27.9797
6939.1037 27.5313
6938.3392 27.1205
6938.1020 26.9729
6937.1003 26.3854
6936.6632 26.1161
6936.0987 25.7319
6935.1311 25.1116
6935.0970 25.0903
6934.0953 24.5437
6933.0937 24.1245
6933.0503 24.1071
6932.0920 23.8005
6931.0903 23.5374
6930.0886 23.1936
6929.8870 23.1027
6929.0870 22.6773
6928.2058 22.0982
6928.0853 22.0256
6927.0836 21.4454
6926.5768 21.0938
6926.0820 20.7956
6925.0803 20.4144
6924.1072 20.0893
6924.0786 20.0781
6923.0770 19.6811
6922.0753 19.2725
6921.7003 19.0848
6921.0736 18.7977
6920.0720 18.2363
6919.8160 18.0804
6919.0703 17.6250
6918.0686 17.1379
6917.9167 17.0759
6917.0669 16.8336
6916.0653 16.5466
6915.0636 16.1256
6914.9597 16.0714
6914.0619 15.6389
6913.0603 15.1731
6912.8293 15.0670
6912.0586 14.7556
6911.0569 14.4171
6910.0553 14.1124
6909.9054 14.0625
6909.0536 13.8157
6908.0519 13.4865
6907.0851 13.0580
6907.0503 13.0420
6906.0486 12.6097
6905.0469 12.2141
6904.6869 12.0536
6904.0452 11.8112
6903.0436 11.4120
6902.2960 11.0491
6902.0419 10.9432
6901.0402 10.5948
6900.0386 10.2674
6899.4900 10.0446
6899.0369 9.9082
6898.0352 9.6563
6897.0336 9.4025
6896.0319 9.0616
6895.9670 9.0402
6895.0302 8.8254
6894.0285 8.6316
6893.0269 8.4236
6892.0252 8.2385
6891.0235 8.0768
6890.3733 8.0357
6890.0219 8.0241
6889.0202 8.0090
6888.0185 8.0049
6887.0169 7.9606
6886.0152 7.7641
6885.0135 7.5041
6884.0119 7.2117
6883.5700 7.0312
6883.0102 6.7672
6882.0085 6.3181
6881.5259 6.0268
6881.0068 5.6620
6880.1305 5.0223
6880.0052 4.9033
6879.2558 4.0179
6879.0035 3.7323
6878.4907 3.0134
6878.0018 2.0734
6877.9706 2.0089
6877.6702 1.0045
6877.5689 0.0000
