7065.7292 224.7621
7065.1367 223.9955
7064.7275 223.4628
7064.3656 222.9911
7063.7259 222.1412
7063.5997 221.9866
7062.7961 220.9821
7062.7242 220.8930
7062.0262 219.9777
7061.7225 219.6040
7061.2242 218.9732
7060.7209 218.3262
7060.4126 217.9688
7059.7192 217.1704
7059.5462 216.9643
7058.8187 215.9598
7058.7175 215.8426
7058.0305 214.9554
7057.7159 214.5654
7057.2179 213.9509
7056.7142 213.3050
7056.4225 212.9464
7055.7125 212.0536
7055.6207 211.9420
7054.8289 210.9375
7054.7109 210.7945
7054.0374 209.9330
7053.7092 209.5127
7053.2377 208.9286
7052.7075 208.2457
7052.4439 207.9241
7051.7058 206.9993
7051.6395 206.9196
7050.7926 205.9152
7050.7042 205.8138
7050.0016 204.9107
7049.7025 204.5477
7049.1593 203.9062
7048.7008 203.3585
7048.3342 202.9018
7047.6992 202.0980
7047.5396 201.8973
7046.7681 200.8929
7046.6975 200.8054
7045.9395 199.8884
7045.6958 199.5863
7045.1401 198.8839
7044.6942 198.2973
7044.3854 197.8795
7043.6925 197.0196
7043.5724 196.8750
7042.7759 195.8705
7042.6908 195.7665
7041.8742 194.8661
7041.6891 194.6746
7041.0385 193.8616
7040.6875 193.4288
7040.2103 192.8571
7039.6858 192.2062
7039.3867 191.8527
7038.6841 191.0108
7038.5480 190.8482
7037.7936 189.8438
7037.6825 189.7101
7036.9839 188.8393
7036.6808 188.4709
7036.1617 187.8348
7035.6791 187.2598
7035.3117 186.8304
7034.6775 186.1012
7034.4311 185.8259
7033.6758 184.9462
7033.5662 184.8214
7032.7107 183.8170
7032.6741 183.7753
7031.8345 182.8125
7031.6725 182.6196
7031.0143 181.8080
7030.6708 181.3725
7030.2480 180.8036
7029.6691 180.1086
7029.3961 179.7991
7028.6674 178.9358
7028.5470 178.7946
7027.6975 177.7902
7027.6658 177.7555
7026.8751 176.7857
7026.6641 176.5360
7026.0228 175.7812
7025.6624 175.3549
7025.1399 174.7768
7024.6608 174.2491
7024.2233 173.7723
7023.6591 173.1746
7023.3152 172.7679
7022.6574 171.8762
7022.5672 171.7634
7021.6816 170.7589
7021.6558 170.7305
7020.8099 169.7545
7020.6541 169.5848
7019.9355 168.7500
7019.6524 168.4139
7019.0738 167.7455
7018.6508 167.2591
7018.1937 166.7411
7017.6491 166.1582
7017.2826 165.7366
7016.6474 164.9827
7016.4016 164.7321
7015.6457 163.8545
7015.5409 163.7277
7014.6441 162.7239
7014.6435 162.7232
7013.7729 161.7188
7013.6424 161.5756
7012.9132 160.7143
7012.6407 160.3987
7012.0212 159.7098
7011.6391 159.2949
7011.1232 158.7054
7010.6374 158.1657
7010.2184 157.7009
7009.6357 157.0193
7009.3468 156.6964
7008.6341 155.9140
7008.4335 155.6920
7007.6324 154.7697
7007.5538 154.6875
7006.6338 153.6830
7006.6307 153.6800
7005.7217 152.6786
7005.6290 152.5785
7004.7895 151.6741
7004.6274 151.4971
7003.8895 150.6696
7003.6257 150.3886
7002.9711 149.6652
7002.6240 149.2868
7002.0551 148.6607
7001.6224 148.1887
7001.1211 147.6562
7000.6207 147.1308
7000.1774 146.6518
6999.6190 145.9676
6999.3578 145.6473
6998.6174 144.8663
6998.3762 144.6429
6997.6157 143.9129
6997.3589 143.6384
6996.6140 142.8468
6996.4154 142.6339
6995.6124 141.7809
6995.4690 141.6295
6994.6107 140.7118
6994.5272 140.6250
6993.6090 139.6717
6993.5613 139.6205
6992.6444 138.6161
6992.6073 138.5769
6991.6872 137.6116
6991.6057 137.5135
6990.8375 136.6071
6990.6040 136.3692
6989.8828 135.6027
6989.6023 135.3204
6988.8369 134.5982
6988.6007 134.3665
6987.8563 133.5938
6987.5990 133.3263
6986.8713 132.5893
6986.5973 132.3264
6985.8943 131.5848
6985.5957 131.2709
6984.9214 130.5804
6984.5940 130.2346
6983.9416 129.5759
6983.5923 129.2276
6982.9784 128.5714
6982.5907 128.1601
6982.0395 127.5670
6981.5890 127.0876
6981.0328 126.5625
6980.5873 126.1367
6979.9840 125.5580
6979.5856 125.1966
6978.9511 124.5536
6978.5840 124.1738
6977.9535 123.5491
6977.5823 123.1705
6976.9338 122.5446
6976.5806 122.2148
6975.9259 121.5402
6975.5790 121.1899
6974.9169 120.5357
6974.5773 120.1853
6973.8993 119.5312
6973.5756 119.1957
6972.9605 118.5268
6972.5740 118.1657
6971.9054 117.5223
6971.5723 117.1886
6970.8020 116.5179
6970.5706 116.3023
6969.7561 115.5134
6969.5689 115.3426
6968.7000 114.5089
6968.5673 114.3808
6967.6561 113.5045
6967.5656 113.4125
6966.5905 112.5000
6966.5639 112.4757
6965.5623 111.5382
6965.5188 111.4955
6964.5658 110.4911
6964.5606 110.4858
6963.5589 109.5338
6963.5045 109.4866
6962.5573 108.6932
6962.3352 108.4821
6961.5556 107.7619
6961.2517 107.4777
6960.5539 106.8410
6960.1478 106.4732
6959.5523 105.9163
6959.0744 105.4688
6958.5506 104.9922
6957.9946 104.4643
6957.5489 104.0524
6956.8783 103.4598
6956.5472 103.1451
6955.7921 102.4554
6955.5456 102.2225
6954.7739 101.4509
6954.5439 101.2332
6953.6037 100.4464
6953.5422 100.3932
6952.5406 99.5684
6952.4037 99.4420
6951.5389 98.6427
6951.3154 98.4375
6950.5372 97.7361
6950.1937 97.4330
6949.5356 96.8716
6949.0275 96.4286
6948.5339 95.9860
6947.9141 95.4241
6947.5322 95.0703
6946.7644 94.4196
6946.5306 94.2201
6945.5596 93.4152
6945.5289 93.3863
6944.5272 92.5339
6944.4007 92.4107
6943.5255 91.6408
6943.2598 91.4062
6942.5239 90.7923
6942.0675 90.4018
6941.5222 89.9284
6940.8868 89.3973
6940.5205 89.0782
6939.6747 88.3929
6939.5189 88.2613
6938.5172 87.4037
6938.4999 87.3884
6937.5155 86.6087
6937.2668 86.3839
6936.5139 85.7340
6936.0207 85.3795
6935.5122 84.9899
6934.7946 84.3750
6934.5105 84.1224
6933.7138 83.3705
6933.5088 83.1967
6932.5072 82.4383
6932.4243 82.3661
6931.5055 81.5624
6931.2690 81.3616
6930.5038 80.7638
6930.0420 80.3571
6929.5022 79.9329
6928.8205 79.3527
6928.5005 79.0877
6927.6510 78.3482
6927.4988 78.1868
6926.6964 77.3438
6926.4972 77.1212
6925.8456 76.3393
6925.4955 75.8543
6925.1861 75.3348
6924.5987 74.3304
6924.4938 74.1788
6923.9620 73.3259
6923.4922 72.5108
6923.3641 72.3214
6922.7862 71.3170
6922.4905 70.8831
6922.1160 70.3125
6921.4888 69.4784
6921.3461 69.3080
6920.6470 68.3036
6920.4871 68.1026
6919.7374 67.2991
6919.4855 67.0370
6918.6449 66.2946
6918.4838 66.1482
6917.4821 65.4299
6917.3020 65.2902
6916.4805 64.6513
6915.9752 64.2857
6915.4788 63.9205
6914.6318 63.2812
6914.4771 63.1706
6913.4755 62.4696
6913.2318 62.2768
6912.4738 61.6533
6912.0163 61.2723
6911.4721 60.7704
6910.9334 60.2679
6910.4705 59.8250
6909.8265 59.2634
6909.4688 58.9304
6908.7972 58.2589
6908.4671 57.8368
6908.0107 57.2545
6907.4654 56.6263
6907.1295 56.2500
6906.4638 55.4599
6906.2736 55.2455
6905.4621 54.2554
6905.4496 54.2411
6904.6490 53.2366
6904.4604 53.0105
6903.7853 52.2321
6903.4588 51.8592
6902.8384 51.2277
6902.4571 50.8786
6901.6618 50.2232
6901.4554 50.0656
6900.4538 49.3558
6900.2748 49.2188
6899.4521 48.6055
6898.9971 48.2143
6898.4504 47.7252
6897.8779 47.2098
6897.4487 46.8227
6896.7683 46.2054
6896.4471 45.9184
6895.6505 45.2009
6895.4454 45.0121
6894.5105 44.1964
6894.4437 44.1337
6893.4421 43.2790
6893.3286 43.1920
6892.4404 42.5916
6891.6946 42.1875
6891.4387 42.0889
6890.4371 41.6765
6889.4830 41.1830
6889.4354 41.1511
6888.4337 40.5084
6887.9633 40.1786
6887.4321 39.7644
6886.7305 39.1741
6886.4304 38.9440
6885.4896 38.1696
6885.4287 38.1100
6884.4270 37.2055
6884.3811 37.1652
6883.4254 36.4317
6882.9665 36.1607
6882.4237 35.8804
6881.4220 35.3046
6881.1874 35.1562
6880.4204 34.7090
6879.5483 34.1518
6879.4187 34.0706
6878.4170 33.5244
6877.7450 33.1473
6877.4154 32.9610
6876.4137 32.4028
6875.9851 32.1429
6875.4120 31.8200
6874.4104 31.2736
6874.1817 31.1384
6873.4087 30.7005
6872.5027 30.1339
6872.4070 30.0761
6871.4053 29.5154
6870.7488 29.1295
6870.4037 28.9491
6869.4020 28.4615
6868.7895 28.1250
6868.4003 27.9305
6867.3987 27.4199
6866.9139 27.1205
6866.3970 26.7594
6865.4499 26.1161
6865.3953 26.0777
6864.3937 25.4773
6863.7919 25.1116
6863.3920 24.9108
6862.3903 24.5547
6861.3886 24.2097
6861.1259 24.1071
6860.3870 23.8622
6859.3853 23.4951
6858.4828 23.1027
6858.3836 23.0455
6857.3820 22.3530
6856.9992 22.0982
6856.3803 21.7386
6855.3999 21.0938
6855.3786 21.0821
6854.3770 20.7030
6853.3753 20.3959
6852.5502 20.0893
6852.3736 20.0107
6851.3720 19.5426
6850.5613 19.0848
6850.3703 18.9864
6849.3686 18.4146
6848.8006 18.0804
6848.3669 17.8607
6847.3653 17.5066
6846.3636 17.1462
6846.2004 17.0759
6845.3619 16.7525
6844.3603 16.3249
6843.8789 16.0714
6843.3586 15.8181
6842.3569 15.3880
6841.6173 15.0670
6841.3553 14.9689
6840.3536 14.6583
6839.3519 14.3472
6838.5634 14.0625
6838.3503 13.9892
6837.3486 13.6246
6836.3469 13.2429
6835.9383 13.0580
6835.3452 12.8076
6834.3436 12.3773
6833.6960 12.0536
6833.3419 11.9117
6832.3402 11.5266
6831.3522 11.0491
6831.3386 11.0436
6830.3369 10.7233
6829.3352 10.4704
6828.3336 10.1266
6828.1207 10.0446
6827.3319 9.8159
6826.3302 9.5413
6825.3285 9.2601
6824.4643 9.0402
6824.3269 9.0131
6823.3252 8.8696
6822.3235 8.7462
6821.3219 8.6326
6820.3202 8.5459
6819.3185 8.4734
6818.3169 8.4105
6817.3152 8.3080
6816.3135 8.1331
6815.9811 8.0357
6815.3119 7.8073
6814.3102 7.3977
6813.5617 7.0312
6813.3085 6.8855
6812.3068 6.3050
6811.8778 6.0268
6811.3052 5.5925
6810.6503 5.0223
6810.3035 4.6356
6809.8208 4.0179
6809.3018 3.3351
6809.0870 3.0134
6808.6315 2.0089
6808.3389 1.0045
6808.3002 0.6246
6808.2403 0.0000
