7459.0508 195.5247
7460.0524 195.4826
7461.0541 195.4034
7462.0558 195.2780
7463.0574 195.1073
7464.0591 194.8756
7464.0975 194.8661
7465.0608 194.6670
7466.0624 194.4190
7467.0641 194.1259
7467.7482 193.8616
7468.0658 193.7659
7469.0674 193.4392
7470.0691 193.0322
7470.4752 192.8571
7471.0708 192.6414
7472.0725 192.1873
7472.7033 191.8527
7473.0741 191.6699
7474.0758 191.1299
7474.5679 190.8482
7475.0775 190.5631
7476.0791 189.9967
7476.3084 189.8438
7477.0808 189.4496
7478.0668 188.8393
7478.0825 188.8291
7479.0841 188.2128
7479.5755 187.8348
7480.0858 187.4574
7480.8886 186.8304
7481.0875 186.6782
7482.0891 185.9014
7482.1902 185.8259
7483.0908 185.2379
7483.6999 184.8214
7484.0925 184.5627
7485.0942 183.8416
7485.1255 183.8170
7486.0958 183.1925
7486.6581 182.8125
7487.0975 182.5162
7488.0992 181.8364
7488.1388 181.8080
7489.1008 181.0643
7489.4168 180.8036
7490.1025 180.3231
7490.8428 179.7991
7491.1042 179.6245
7492.1058 179.0218
7492.4549 178.7946
7493.1075 178.3814
7494.0185 177.7902
7494.1092 177.7268
7495.1109 176.8494
7495.1687 176.7857
7495.7377 175.7812
7495.9184 174.7768
7495.9013 173.7723
7495.8244 172.7679
7495.7501 171.7634
7495.6403 170.7589
7495.4950 169.7545
7495.2625 168.7500
7495.1109 168.3817
7494.7604 167.7455
7494.1092 167.0168
7493.1075 166.9692
7492.1058 167.3579
7491.3317 167.7455
7491.1042 167.8569
7490.1025 168.4568
7489.6851 168.7500
7489.1008 169.1222
7488.0992 169.5805
7487.6306 169.7545
7487.0975 169.9436
7486.0958 170.4510
7485.7169 170.7589
7485.0942 171.2803
7484.5056 171.7634
7484.0925 172.1534
7483.3863 172.7679
7483.0908 172.9982
7482.0986 173.7723
7482.0891 173.7796
7481.0875 174.4042
7480.5710 174.7768
7480.0858 175.1236
7479.2317 175.7812
7479.0841 175.8932
7478.0825 176.5110
7477.6693 176.7857
7477.0808 177.1654
7476.2761 177.7902
7476.0791 177.9534
7475.0775 178.7417
7475.0142 178.7946
7474.0758 179.5081
7473.6401 179.7991
7473.0741 180.1525
7472.0725 180.6431
7471.7785 180.8036
7471.0708 181.2285
7470.2204 181.8080
7470.0691 181.9075
7469.0674 182.5631
7468.7203 182.8125
7468.0658 183.2384
7467.0641 183.7690
7466.9696 183.8170
7466.0624 184.2468
7465.0608 184.6788
7464.6823 184.8214
7464.0591 185.0564
7463.0574 185.3422
7462.0558 185.5814
7461.0541 185.7911
7460.8520 185.8259
7460.0524 185.9611
7459.0508 186.0768
7458.0491 186.1303
7457.0474 186.1419
7456.0457 186.1262
7455.0441 186.0765
7454.0424 185.9914
7453.0407 185.9142
7452.1043 185.8259
7452.0391 185.8199
7451.0374 185.6582
7450.0357 185.3799
7449.0341 184.9499
7448.7650 184.8214
7448.0324 184.4888
7447.0307 183.8964
7446.9060 183.8170
7446.0290 183.2815
7445.2486 182.8125
7445.0274 182.6897
7444.0257 182.1896
7443.4273 181.8080
7443.0240 181.5164
7442.2350 180.8036
7442.0224 180.6220
7441.1374 179.7991
7441.0207 179.6872
7440.0777 178.7946
7440.0190 178.7403
7439.0174 177.8999
7438.8989 177.7902
7438.0157 176.9584
7437.8583 176.7857
7437.0557 175.7812
7437.0140 175.7213
7436.4348 174.7768
7436.0124 173.9499
7435.9151 173.7723
7435.4129 172.7679
7435.0107 171.8482
7434.9695 171.7634
7434.4558 170.7589
7434.0090 169.9122
7433.9238 169.7545
7433.4515 168.7500
7433.0711 167.7455
7433.0073 167.5816
7432.6671 166.7411
7432.3110 165.7366
7432.0164 164.7321
7432.0057 164.6943
7431.7108 163.7277
7431.4365 162.7232
7431.1613 161.7188
7431.0040 161.1035
7430.9198 160.7143
7430.7541 159.7098
7430.6004 158.7054
7430.4952 157.7009
7430.3777 156.6964
7430.2622 155.6920
7430.1643 154.6875
7430.0789 153.6830
7430.0106 152.6786
7430.0023 152.5641
7429.9367 151.6741
7429.8643 150.6696
7429.7979 149.6652
7429.7397 148.6607
7429.6766 147.6562
7429.5961 146.6518
7429.5177 145.6473
7429.4139 144.6429
7429.2925 143.6384
7429.1664 142.6339
7429.0660 141.6295
7429.0007 140.6716
7428.9976 140.6250
7428.9544 139.6205
7428.9170 138.6161
7428.8828 137.6116
7428.8417 136.6071
7428.7753 135.6027
7428.6898 134.5982
7428.5823 133.5938
7428.4429 132.5893
7428.2795 131.5848
7428.0830 130.5804
7427.9990 130.2200
7427.8716 129.5759
7427.6872 128.5714
7427.5028 127.5670
7427.3028 126.5625
7427.0703 125.5580
7426.9973 125.2622
7426.8339 124.5536
7426.6028 123.5491
7426.3776 122.5446
7426.1168 121.5402
7425.9957 121.1397
7425.8078 120.5357
7425.5061 119.5312
7425.2181 118.5268
7424.9940 117.9113
7424.8586 117.5223
7424.5449 116.5179
7424.1951 115.5134
7423.9923 115.0206
7423.8075 114.5089
7423.4873 113.5045
7423.1511 112.5000
7422.9907 112.1235
7422.6709 111.4955
7422.2151 110.4911
7421.9890 110.0476
7421.7215 109.4866
7421.2426 108.4821
7420.9873 108.0293
7420.7224 107.4777
7420.2979 106.4732
7419.9856 105.8672
7419.7742 105.4688
7419.2734 104.4643
7418.9840 103.9642
7418.6822 103.4598
7418.1114 102.4554
7417.9823 102.2373
7417.5626 101.4509
7416.9806 100.5218
7416.9315 100.4464
7416.3326 99.4420
7415.9790 98.8690
7415.6959 98.4375
7415.0737 97.4330
7414.9773 97.3002
7414.3104 96.4286
7413.9756 96.0030
7413.5155 95.4241
7412.9740 94.7544
7412.7095 94.4196
7411.9723 93.4342
7411.9568 93.4152
7411.2441 92.4107
7410.9706 92.0822
7410.4341 91.4062
7409.9689 90.8822
7409.5962 90.4018
7408.9673 89.5564
7408.8299 89.3973
7407.9877 88.3929
7407.9656 88.3662
7407.1319 87.3884
7406.9639 87.2068
7406.3663 86.3839
7405.9623 85.8574
7405.5516 85.3795
7404.9606 84.6874
7404.6499 84.3750
7403.9589 83.6006
7403.7819 83.3705
7402.9573 82.4558
7402.8753 82.3661
7402.0832 81.3616
7401.9556 81.2281
7401.1259 80.3571
7400.9539 80.1827
7400.0571 79.3527
7399.9523 79.2516
7399.1356 78.3482
7398.9506 78.1480
7398.1871 77.3438
7397.9489 77.0988
7397.1911 76.3393
7396.9472 76.0592
7396.3643 75.3348
7395.9456 74.9035
7395.3669 74.3304
7394.9439 73.9293
7394.3030 73.3259
7393.9422 72.9777
7393.2382 72.3214
7392.9406 72.0298
7392.3350 71.3170
7391.9389 70.8912
7391.3464 70.3125
7390.9372 69.9234
7390.2857 69.3080
7389.9356 68.9886
7389.2743 68.3036
7388.9339 67.9429
7388.1943 67.2991
7387.9322 67.0601
7387.1353 66.2946
7386.9306 66.0851
7386.1621 65.2902
7385.9289 65.0722
7385.0808 64.2857
7384.9272 64.1317
7384.1091 63.2812
7383.9255 63.0955
7382.9503 62.2768
7382.9239 62.2504
7382.1548 61.2723
7381.9222 61.0404
7381.1695 60.2679
7380.9205 60.0151
7380.0255 59.2634
7379.9189 59.1582
7379.1378 58.2589
7378.9172 58.0094
7378.2046 57.2545
7377.9155 56.9768
7377.1807 56.2500
7376.9139 55.9743
7376.1994 55.2455
7375.9122 54.9414
7375.2989 54.2411
7374.9105 53.8215
7374.3587 53.2366
7373.9088 52.7720
7373.3472 52.2321
7372.9072 51.7878
7372.3447 51.2277
7371.9055 50.7698
7371.3781 50.2232
7370.9038 49.7618
7370.3083 49.2188
7369.9022 48.8367
7369.1225 48.2143
7368.9005 48.0213
7368.0163 47.2098
7367.8988 47.1052
7366.8972 46.2899
7366.7906 46.2054
7365.8955 45.5817
7365.3498 45.2009
7364.8938 44.8632
7363.8922 44.2163
7363.8638 44.1964
7362.8905 43.4987
7362.4646 43.1920
7361.8888 42.7902
7361.0719 42.1875
7360.8871 42.0281
7359.8855 41.2163
7359.8489 41.1830
7358.8838 40.3993
7358.5692 40.1786
7357.8821 39.6473
7357.2327 39.1741
7356.8805 38.9691
7355.8788 38.4494
7355.4275 38.1696
7354.8771 37.8121
7353.8755 37.3123
7353.5810 37.1652
7352.8738 36.7729
7351.8721 36.2616
7351.6897 36.1607
7350.8705 35.7499
7349.9633 35.1562
7349.8688 35.0783
7348.8671 34.3208
7348.6525 34.1518
7347.8654 33.4941
7347.3953 33.1473
7346.8638 32.7786
7345.8621 32.1669
7345.8221 32.1429
7344.8604 31.7173
7343.8588 31.3277
7343.3939 31.1384
7342.8571 30.8443
7341.8554 30.2931
7341.5937 30.1339
7340.8538 29.7045
7339.8521 29.1381
7339.8361 29.1295
7338.8504 28.6831
7337.8487 28.2488
7337.6065 28.1250
7336.8471 27.7415
7335.8454 27.2708
7335.5696 27.1205
7334.8437 26.6907
7333.8421 26.2055
7333.6571 26.1161
7332.8404 25.7330
7331.8387 25.2562
7331.5753 25.1116
7330.8371 24.7486
7329.8354 24.2682
7329.5384 24.1071
7328.8337 23.7395
7327.8321 23.2994
7327.4200 23.1027
7326.8304 22.7355
7325.8287 22.1012
7325.8233 22.0982
7324.8270 21.6230
7323.8254 21.2622
7323.1215 21.0938
7322.8237 21.0335
7321.8220 20.8019
7320.8204 20.5166
7319.8187 20.1409
7319.7063 20.0893
7318.8170 19.6273
7317.8154 19.1354
7317.7196 19.0848
7316.8137 18.6258
7315.8120 18.1317
7315.7214 18.0804
7314.8104 17.5792
7313.8087 17.2535
7312.9693 17.0759
7312.8070 17.0419
7311.8053 16.8219
7310.8037 16.5226
7309.8020 16.1314
7309.6806 16.0714
7308.8003 15.5990
7307.8293 15.0670
7307.7987 15.0479
7306.7970 14.5556
7305.7953 14.2578
7304.7937 14.0782
7304.7150 14.0625
7303.7920 13.8571
7302.7903 13.4783
7301.9735 13.0580
7301.7886 12.9530
7300.7870 12.4601
7299.7853 12.0913
7299.6761 12.0536
7298.7836 11.7863
7297.7820 11.5348
7296.7803 11.3266
7295.7786 11.1677
7295.0832 11.0491
7294.7770 10.9925
7293.7753 10.7303
7292.7736 10.3790
7292.0740 10.0446
7291.7720 9.8669
7290.7703 9.4617
7289.7686 9.2014
7289.1980 9.0402
7288.7669 8.9039
7287.7653 8.5946
7286.7636 8.3286
7285.7619 8.0719
7285.6422 8.0357
7284.7603 7.8033
7283.7586 7.5803
7282.7569 7.3758
7281.7553 7.1581
7281.2924 7.0312
7280.7536 6.8458
7279.7519 6.5092
7278.7503 6.2701
7277.7486 6.1648
7276.7469 6.1347
7275.7452 6.0408
7275.6818 6.0268
7274.7436 5.7714
7273.7419 5.4791
7272.7402 5.2254
7271.9167 5.0223
7271.7386 4.9732
7270.7369 4.6488
7269.7352 4.3192
7268.7336 4.0769
7268.2913 4.0179
7267.7319 3.9556
7266.7302 3.8790
7265.7285 3.7479
7264.7269 3.5325
7263.7252 3.2487
7262.9507 3.0134
7262.7235 2.9445
7261.7219 2.7880
7260.7202 2.7882
7259.7185 2.8176
7258.7169 2.7819
7257.7152 2.6376
7256.7135 2.4159
7255.7119 2.1854
7254.7102 2.0252
7254.5183 2.0089
7253.7085 1.9348
7252.7068 1.9178
7251.7052 1.9618
7250.7035 1.9267
7249.7018 1.5647
7249.1137 1.0045
7248.8422 0.0000
