7021.3426 224.8898
7020.5694 223.9955
7020.3409 223.7232
7019.7263 222.9911
7019.3392 222.5397
7018.8903 221.9866
7018.3376 221.3151
7018.0499 220.9821
7017.3359 220.1317
7017.2046 219.9777
7016.3672 218.9732
7016.3342 218.9375
7015.4699 217.9688
7015.3326 217.8150
7014.6133 216.9643
7014.3309 216.5871
7013.8442 215.9598
7013.3292 215.3738
7012.9748 214.9554
7012.3275 214.1810
7012.1364 213.9509
7011.3259 212.9609
7011.3131 212.9464
7010.4455 211.9420
7010.3242 211.8068
7009.5882 210.9375
7009.3225 210.6389
7008.7198 209.9330
7008.3209 209.4560
7007.8759 208.9286
7007.3192 208.2358
7007.0242 207.9241
7006.3175 207.1680
7006.1232 206.9196
7005.3183 205.9152
7005.3159 205.9123
7004.4921 204.9107
7004.3142 204.7065
7003.5994 203.9062
7003.3125 203.5802
7002.7349 202.9018
7002.3109 202.4138
7001.8773 201.8973
7001.3092 201.2202
7001.0184 200.8929
7000.3075 200.0828
7000.1398 199.8884
6999.3058 198.9026
6999.2888 198.8839
6998.4847 197.8795
6998.3042 197.6841
6997.5612 196.8750
6997.3025 196.5880
6996.6797 195.8705
6996.3008 195.4441
6995.8003 194.8661
6995.2992 194.2909
6994.9231 193.8616
6994.2975 193.1406
6994.0487 192.8571
6993.2958 191.9845
6993.1762 191.8527
6992.2942 190.8482
6992.2941 190.8482
6991.5007 189.8438
6991.2925 189.5981
6990.6383 188.8393
6990.2908 188.4345
6989.7437 187.8348
6989.2891 187.3590
6988.7881 186.8304
6988.2875 186.2967
6987.8748 185.8259
6987.2858 185.1463
6986.9918 184.8214
6986.2841 184.0358
6986.0878 183.8170
6985.2825 182.9130
6985.1935 182.8125
6984.3368 181.8080
6984.2808 181.7393
6983.5264 180.8036
6983.2791 180.5359
6982.6084 179.7991
6982.2775 179.4399
6981.7024 178.7946
6981.2758 178.3055
6980.7714 177.7902
6980.2741 177.2896
6979.8072 176.7857
6979.2725 176.2311
6978.8632 175.7812
6978.2708 175.1179
6977.9671 174.7768
6977.2691 173.9732
6977.0854 173.7723
6976.2674 172.8847
6976.1556 172.7679
6975.3071 171.7634
6975.2658 171.7207
6974.4207 170.7589
6974.2641 170.5876
6973.5203 169.7545
6973.2624 169.4677
6972.5645 168.7500
6972.2608 168.4223
6971.6037 167.7455
6971.2591 167.4076
6970.6522 166.7411
6970.2574 166.3176
6969.7099 165.7366
6969.2558 165.2440
6968.7735 164.7321
6968.2541 164.1424
6967.9021 163.7277
6967.2524 163.0019
6967.0000 162.7232
6966.2508 161.9154
6966.0650 161.7188
6965.2491 160.8615
6965.1088 160.7143
6964.2474 159.7783
6964.1843 159.7098
6963.2495 158.7054
6963.2457 158.7011
6962.2441 157.7827
6962.1652 157.7009
6961.2424 156.7146
6961.2255 156.6964
6960.2902 155.6920
6960.2407 155.6363
6959.3805 154.6875
6959.2391 154.5325
6958.4615 153.6830
6958.2374 153.4611
6957.4963 152.6786
6957.2357 152.4034
6956.5484 151.6741
6956.2341 151.3334
6955.5788 150.6696
6955.2324 150.3211
6954.6137 149.6652
6954.2307 149.2740
6953.5899 148.6607
6953.2290 148.3151
6952.5653 147.6562
6952.2274 147.3067
6951.5884 146.6518
6951.2257 146.2615
6950.6946 145.6473
6950.2240 145.1583
6949.7041 144.6429
6949.2224 144.1462
6948.7310 143.6384
6948.2207 143.1301
6947.7330 142.6339
6947.2190 142.1186
6946.7370 141.6295
6946.2174 141.0952
6945.7120 140.6250
6945.2157 140.1551
6944.6647 139.6205
6944.2140 139.1977
6943.6371 138.6161
6943.2124 138.1852
6942.6334 137.6116
6942.2107 137.1405
6941.7187 136.6071
6941.2090 136.1175
6940.7080 135.6027
6940.2073 135.1038
6939.6996 134.5982
6939.2057 134.0931
6938.6815 133.5938
6938.2040 133.1277
6937.6652 132.5893
6937.2023 132.1446
6936.6287 131.5848
6936.2007 131.1761
6935.5078 130.5804
6935.1990 130.2984
6934.4474 129.5759
6934.1973 129.3405
6933.4561 128.5714
6933.1957 128.2942
6932.4621 127.5670
6932.1940 127.3017
6931.4221 126.5625
6931.1923 126.3462
6930.3786 125.5580
6930.1907 125.3863
6929.3093 124.5536
6929.1890 124.4333
6928.2618 123.5491
6928.1873 123.4768
6927.1856 122.6413
6927.0848 122.5446
6926.1840 121.6900
6926.0294 121.5402
6925.1823 120.7626
6924.9382 120.5357
6924.1806 119.8180
6923.8788 119.5312
6923.1790 118.7961
6922.9273 118.5268
6922.1773 117.8276
6921.8403 117.5223
6921.1756 116.9071
6920.7558 116.5179
6920.1740 115.9815
6919.6632 115.5134
6919.1723 115.0644
6918.5187 114.5089
6918.1706 114.2118
6917.3416 113.5045
6917.1689 113.3495
6916.2729 112.5000
6916.1673 112.4013
6915.1656 111.5333
6915.1239 111.4955
6914.1639 110.5653
6914.0902 110.4911
6913.1623 109.6351
6913.0009 109.4866
6912.1606 108.7254
6911.8922 108.4821
6911.1589 107.8421
6910.7556 107.4777
6910.1573 106.9557
6909.5510 106.4732
6909.1556 106.1373
6908.3979 105.4688
6908.1539 105.2503
6907.2360 104.4643
6907.1523 104.3916
6906.1506 103.5375
6906.0647 103.4598
6905.1489 102.6552
6904.9152 102.4554
6904.1472 101.7420
6903.8335 101.4509
6903.1456 100.8657
6902.6908 100.4464
6902.1439 99.9457
6901.5559 99.4420
6901.1422 99.0746
6900.2688 98.4375
6900.1406 98.3396
6899.1389 97.4763
6899.0909 97.4330
6898.1372 96.6413
6897.8864 96.4286
6897.1356 95.7871
6896.7013 95.4241
6896.1339 94.9407
6895.5195 94.4196
6895.1322 94.0925
6894.2976 93.4152
6894.1306 93.2617
6893.1905 92.4107
6893.1289 92.3583
6892.1272 91.5674
6891.9242 91.4062
6891.1255 90.7934
6890.6536 90.4018
6890.1239 89.9733
6889.3994 89.3973
6889.1222 89.1606
6888.1573 88.3929
6888.1205 88.3621
6887.1189 87.5332
6886.9475 87.3884
6886.1172 86.7592
6885.6676 86.3839
6885.1155 85.9130
6884.4258 85.3795
6884.1139 85.1194
6883.1288 84.3750
6883.1122 84.3609
6882.1105 83.5667
6881.9080 83.3705
6881.1088 82.7482
6880.5969 82.3661
6880.1072 81.9629
6879.4472 81.3616
6879.1055 81.0800
6878.2039 80.3571
6878.1038 80.2792
6877.1022 79.4801
6876.9700 79.3527
6876.1005 78.6483
6875.7622 78.3482
6875.0988 77.6205
6874.8318 77.3438
6874.0972 76.4829
6873.9825 76.3393
6873.3652 75.3348
6873.0955 74.9737
6872.6930 74.3304
6872.1072 73.3259
6872.0938 73.3072
6871.4677 72.3214
6871.0922 71.7138
6870.7977 71.3170
6870.0905 70.3873
6870.0271 70.3125
6869.2136 69.3080
6869.0888 69.1693
6868.1132 68.3036
6868.0871 68.2793
6867.0855 67.5248
6866.7712 67.2991
6866.0838 66.7828
6865.3669 66.2946
6865.0821 66.0886
6864.0805 65.3925
6863.9472 65.2902
6863.0788 64.6582
6862.5676 64.2857
6862.0771 63.9147
6861.2661 63.2812
6861.0755 63.1346
6860.0738 62.3995
6859.9268 62.2768
6859.0721 61.5238
6858.7764 61.2723
6858.0705 60.6064
6857.7100 60.2679
6857.0688 59.6611
6856.6082 59.2634
6856.0671 58.7641
6855.5839 58.2589
6855.0654 57.5838
6854.7877 57.2545
6854.0638 56.4188
6853.9123 56.2500
6853.0621 55.2488
6853.0592 55.2455
6852.2414 54.2411
6852.0604 54.0148
6851.4060 53.2366
6851.0588 52.8189
6850.5253 52.2321
6850.0571 51.8035
6849.3843 51.2277
6849.0554 50.9427
6848.1672 50.2232
6848.0538 50.1379
6847.0521 49.4608
6846.7629 49.2188
6846.0504 48.6348
6845.5813 48.2143
6845.0487 47.6833
6844.5422 47.2098
6844.0471 46.7399
6843.4805 46.2054
6843.0454 45.8385
6842.3262 45.2009
6842.0437 44.9211
6841.2822 44.1964
6841.0421 43.9788
6840.0404 43.2359
6839.9716 43.1920
6839.0387 42.7300
6838.0371 42.2285
6837.9671 42.1875
6837.0354 41.7647
6836.0337 41.2070
6835.9971 41.1830
6835.0321 40.4900
6834.6242 40.1786
6834.0304 39.6715
6833.4784 39.1741
6833.0287 38.7865
6832.3436 38.1696
6832.0270 37.8645
6831.2288 37.1652
6831.0254 37.0103
6830.0237 36.3731
6829.6589 36.1607
6829.0220 35.8335
6828.0204 35.1891
6827.9707 35.1562
6827.0187 34.6157
6826.2658 34.1518
6826.0170 34.0023
6825.0154 33.4538
6824.4915 33.1473
6824.0137 32.8714
6823.0120 32.2645
6822.8165 32.1429
6822.0104 31.7239
6821.0087 31.2015
6820.9056 31.1384
6820.0070 30.5791
6819.3309 30.1339
6819.0053 29.9427
6818.0037 29.3813
6817.5716 29.1295
6817.0020 28.8621
6816.0003 28.3889
6815.5485 28.1250
6814.9987 27.8207
6813.9970 27.2338
6813.8248 27.1205
6812.9953 26.4966
6812.4525 26.1161
6811.9937 25.8208
6810.9920 25.2426
6810.7462 25.1116
6809.9903 24.8494
6808.9886 24.5615
6807.9870 24.2240
6807.7186 24.1071
6806.9853 23.8003
6805.9836 23.3565
6805.5114 23.1027
6804.9820 22.7573
6804.0897 22.0982
6803.9803 22.0266
6802.9786 21.4884
6802.3472 21.0938
6801.9770 20.9436
6800.9753 20.6447
6799.9736 20.3337
6799.3756 20.0893
6798.9720 19.8792
6797.9703 19.2991
6797.6309 19.0848
6796.9686 18.7075
6795.9669 18.1130
6795.9071 18.0804
6794.9653 17.7365
6793.9636 17.4362
6793.0885 17.0759
6792.9619 17.0210
6791.9603 16.5863
6790.9635 16.0714
6790.9586 16.0691
6789.9569 15.6131
6788.9553 15.2015
6788.6301 15.0670
6787.9536 14.8468
6786.9519 14.5385
6785.9503 14.1593
6785.7147 14.0625
6784.9486 13.8206
6783.9469 13.4797
6782.9452 13.0688
6782.9221 13.0580
6781.9436 12.6148
6780.9419 12.1127
6780.8243 12.0536
6779.9402 11.7197
6778.9386 11.2762
6778.4808 11.0491
6777.9369 10.8759
6776.9352 10.6196
6775.9336 10.3795
6775.0251 10.0446
6774.9319 10.0129
6773.9302 9.7216
6772.9285 9.4734
6771.9269 9.2623
6770.9252 9.1019
6770.4806 9.0402
6769.9235 8.9680
6768.9219 8.8596
6767.9202 8.7903
6766.9185 8.7183
6765.9169 8.6224
6764.9152 8.4552
6763.9135 8.2068
6763.4254 8.0357
6762.9119 7.8335
6761.9102 7.3702
6761.3034 7.0312
6760.9085 6.7786
6759.9068 6.1185
6759.7802 6.0268
6758.9052 5.3020
6758.5980 5.0223
6757.9035 4.1942
6757.7735 4.0179
6757.1017 3.0134
6756.9018 2.6131
6756.6333 2.0089
6756.3673 1.0045
6756.2820 0.0000
