6977.7526 224.5644
6977.2455 223.9955
6976.7509 223.4465
6976.3553 222.9911
6975.7492 222.2803
6975.4853 221.9866
6974.7476 221.1627
6974.5854 220.9821
6973.7459 220.0581
6973.6730 219.9777
6972.7896 218.9732
6972.7442 218.9242
6971.9054 217.9688
6971.7426 217.7863
6970.9004 216.9643
6970.7409 216.7870
6970.0943 215.9598
6969.7392 215.5642
6969.1976 214.9554
6968.7376 214.4405
6968.2930 213.9509
6967.7359 213.3299
6967.3853 212.9464
6966.7342 212.2249
6966.4863 211.9420
6965.7326 211.0889
6965.5973 210.9375
6964.7309 209.9490
6964.7159 209.9330
6963.8064 208.9286
6963.7292 208.8423
6962.8551 207.9241
6962.7275 207.7911
6962.0039 206.9196
6961.7259 206.6061
6961.0652 205.9152
6960.7242 205.5491
6960.1449 204.9107
6959.7225 204.4718
6959.2187 203.9062
6958.7209 203.3385
6958.3240 202.9018
6957.7192 202.2101
6957.4291 201.8973
6956.7175 201.1355
6956.4916 200.8929
6955.7159 200.0574
6955.5633 199.8884
6954.7142 198.9277
6954.6725 198.8839
6953.8193 197.8795
6953.7125 197.7728
6952.8120 196.8750
6952.7109 196.7705
6951.9069 195.8705
6951.7092 195.6522
6950.9980 194.8661
6950.7075 194.5494
6950.0453 193.8616
6949.7058 193.5161
6949.1106 192.8571
6948.7042 192.4029
6948.2128 191.8527
6947.7025 191.2858
6947.2731 190.8482
6946.7008 190.2240
6946.3783 189.8438
6945.6992 189.0881
6945.4463 188.8393
6944.6975 188.0979
6944.4500 187.8348
6943.6958 187.0411
6943.4976 186.8304
6942.6942 186.0067
6942.5236 185.8259
6941.6925 184.8876
6941.6315 184.8214
6940.6986 183.8170
6940.6908 183.8088
6939.7236 182.8125
6939.6891 182.7763
6938.8010 181.8080
6938.6875 181.6780
6937.9618 180.8036
6937.6858 180.5145
6937.0086 179.7991
6936.6841 179.4525
6935.9787 178.7946
6935.6825 178.5135
6935.0177 177.7902
6934.6808 177.4297
6934.0760 176.7857
6933.6791 176.3678
6933.0905 175.7812
6932.6775 175.3585
6932.1315 174.7768
6931.6758 174.2968
6931.1883 173.7723
6930.6741 173.2328
6930.2165 172.7679
6929.6725 172.1517
6929.3278 171.7634
6928.6708 171.1005
6928.3404 170.7589
6927.6691 170.0705
6927.3337 169.7545
6926.6674 169.1298
6926.2992 168.7500
6925.6658 168.0997
6925.3294 167.7455
6924.6641 167.0312
6924.3825 166.7411
6923.6624 166.0131
6923.3904 165.7366
6922.6608 165.0056
6922.3898 164.7321
6921.6591 163.9073
6921.5004 163.7277
6920.6574 162.8497
6920.5353 162.7232
6919.6558 161.8204
6919.5518 161.7188
6918.6541 160.8239
6918.5385 160.7143
6917.6524 159.9025
6917.4691 159.7098
6916.6508 158.8649
6916.4864 158.7054
6915.6491 157.8868
6915.4686 157.7009
6914.6474 156.8628
6914.4820 156.6964
6913.6457 155.8462
6913.4907 155.6920
6912.6441 154.8182
6912.5202 154.6875
6911.6424 153.7535
6911.5759 153.6830
6910.6407 152.7209
6910.5954 152.6786
6909.6391 151.8140
6909.4933 151.6741
6908.6374 150.8571
6908.4479 150.6696
6907.6357 149.8508
6907.4490 149.6652
6906.6341 148.8779
6906.4128 148.6607
6905.6324 147.9038
6905.3750 147.6562
6904.6307 146.9326
6904.3511 146.6518
6903.6290 145.8535
6903.4420 145.6473
6902.6274 144.8560
6902.3996 144.6429
6901.6257 143.9002
6901.3557 143.6384
6900.6240 142.9377
6900.2932 142.6339
6899.6224 142.0293
6899.2009 141.6295
6898.6207 141.0765
6898.1559 140.6250
6897.6190 140.0984
6897.1318 139.6205
6896.6174 139.1211
6896.0843 138.6161
6895.6157 138.1767
6895.0149 137.6116
6894.6140 137.1914
6894.0849 136.6071
6893.6124 136.1412
6893.0528 135.6027
6892.6107 135.1812
6891.8922 134.5982
6891.6090 134.3609
6890.8149 133.5938
6890.6073 133.3882
6889.7545 132.5893
6889.6057 132.4529
6888.6569 131.5848
6888.6040 131.5350
6887.6023 130.6414
6887.5391 130.5804
6886.6007 129.6658
6886.5036 129.5759
6885.5990 128.7033
6885.4637 128.5714
6884.5973 127.7657
6884.4005 127.5670
6883.5957 126.7818
6883.3378 126.5625
6882.5940 125.9228
6882.1905 125.5580
6881.5923 125.0390
6881.0736 124.5536
6880.5907 124.0985
6879.9926 123.5491
6879.5890 123.1570
6878.8926 122.5446
6878.5873 122.2793
6877.7519 121.5402
6877.5856 121.3933
6876.6353 120.5357
6876.5840 120.4852
6875.5823 119.5375
6875.5750 119.5312
6874.5806 118.6251
6874.4735 118.5268
6873.5790 117.7941
6873.2897 117.5223
6872.5773 116.8674
6872.1735 116.5179
6871.5756 115.9861
6871.0373 115.5134
6870.5740 115.1149
6869.9013 114.5089
6869.5723 114.2158
6868.7631 113.5045
6868.5706 113.3208
6867.5942 112.5000
6867.5689 112.4782
6866.5673 111.6041
6866.4454 111.4955
6865.5656 110.6464
6865.3869 110.4911
6864.5639 109.8323
6864.1750 109.4866
6863.5623 108.9548
6863.0254 108.4821
6862.5606 108.0767
6861.8511 107.4777
6861.5589 107.2245
6860.6428 106.4732
6860.5573 106.3985
6859.5556 105.5337
6859.4816 105.4688
6858.5539 104.6797
6858.3076 104.4643
6857.5523 103.8377
6857.0652 103.4598
6856.5506 103.0529
6855.8151 102.4554
6855.5489 102.2033
6854.6966 101.4509
6854.5472 101.3282
6853.5456 100.4712
6853.5184 100.4464
6852.5439 99.6300
6852.3163 99.4420
6851.5422 98.7868
6851.1260 98.4375
6850.5406 97.9577
6849.9116 97.4330
6849.5389 97.1295
6848.6647 96.4286
6848.5372 96.3114
6847.5356 95.5590
6847.3668 95.4241
6846.5339 94.7848
6846.0995 94.4196
6845.5322 93.9424
6844.8825 93.4152
6844.5306 93.1030
6843.7041 92.4107
6843.5289 92.2696
6842.5272 91.4517
6842.4712 91.4062
6841.5255 90.6691
6841.1925 90.4018
6840.5239 89.8826
6839.9268 89.3973
6839.5222 89.0493
6838.5800 88.3929
6838.5205 88.3492
6837.5189 87.5550
6837.3110 87.3884
6836.5172 86.7906
6836.0067 86.3839
6835.5155 85.9817
6834.7267 85.3795
6834.5139 85.2112
6833.5122 84.4729
6833.3924 84.3750
6832.5105 83.6305
6832.2234 83.3705
6831.5088 82.8309
6830.8829 82.3661
6830.5072 82.0499
6829.6306 81.3616
6829.5055 81.2693
6828.5038 80.5497
6828.2848 80.3571
6827.5022 79.7585
6827.0587 79.3527
6826.5005 78.8968
6825.8671 78.3482
6825.4988 77.9432
6824.9707 77.3438
6824.4972 76.7199
6824.2009 76.3393
6823.5260 75.3348
6823.4955 75.2919
6822.9571 74.3304
6822.4938 73.6794
6822.2246 73.3259
6821.6067 72.3214
6821.4922 72.1609
6820.7633 71.3170
6820.4905 71.0193
6819.8039 70.3125
6819.4888 70.0057
6818.6277 69.3080
6818.4871 69.1907
6817.4855 68.5288
6817.1519 68.3036
6816.4838 67.8144
6815.7277 67.2991
6815.4821 67.1226
6814.4805 66.3934
6814.3495 66.2946
6813.4788 65.6699
6812.9754 65.2902
6812.4771 64.9031
6811.5223 64.2857
6811.4755 64.2526
6810.4738 63.4627
6810.2514 63.2812
6809.4721 62.6786
6808.9930 62.2768
6808.4705 61.7907
6807.8797 61.2723
6807.4688 60.8749
6806.8141 60.2679
6806.4671 59.9355
6805.7854 59.2634
6805.4654 58.9386
6804.7991 58.2589
6804.4638 57.8167
6803.9719 57.2545
6803.4621 56.7144
6803.0521 56.2500
6802.4604 55.5394
6802.2049 55.2455
6801.4588 54.3528
6801.3544 54.2411
6800.5102 53.2366
6800.4571 53.1798
6799.5382 52.2321
6799.4554 52.1630
6798.4538 51.4197
6798.2078 51.2277
6797.4521 50.5729
6797.0349 50.2232
6796.4504 49.7590
6795.8187 49.2188
6795.4487 48.8994
6794.6560 48.2143
6794.4471 48.0048
6793.5964 47.2098
6793.4454 47.0747
6792.5509 46.2054
6792.4437 46.1082
6791.4421 45.2047
6791.4378 45.2009
6790.4404 44.2552
6790.3727 44.1964
6789.4387 43.5870
6788.7433 43.1920
6788.4371 43.0420
6787.4354 42.5607
6786.8203 42.1875
6786.4337 41.9796
6785.4321 41.4900
6784.9883 41.1830
6784.4304 40.7367
6783.6939 40.1786
6783.4287 39.9391
6782.6331 39.1741
6782.4270 38.9884
6781.5840 38.1696
6781.4254 38.0223
6780.4237 37.2592
6780.2938 37.1652
6779.4220 36.5788
6778.7920 36.1607
6778.4204 35.9444
6777.4187 35.2934
6777.1998 35.1562
6776.4170 34.7792
6775.4154 34.2301
6775.2852 34.1518
6774.4137 33.6266
6773.6380 33.1473
6773.4120 33.0131
6772.4104 32.4184
6771.9829 32.1429
6771.4087 31.8499
6770.4070 31.3018
6770.1404 31.1384
6769.4053 30.6602
6768.6057 30.1339
6768.4037 30.0167
6767.4020 29.5205
6766.7349 29.1295
6766.4003 28.9780
6765.3987 28.5183
6764.7171 28.1250
6764.3970 27.9285
6763.3953 27.3035
6763.1246 27.1205
6762.3937 26.5410
6761.8470 26.1161
6761.3920 25.8178
6760.3903 25.2612
6760.0881 25.1116
6759.3886 24.8997
6758.3870 24.6576
6757.3853 24.3272
6756.8795 24.1071
6756.3836 23.8810
6755.3820 23.4019
6754.8537 23.1027
6754.3803 22.7688
6753.4939 22.0982
6753.3786 22.0249
6752.3770 21.4748
6751.6943 21.0938
6751.3753 20.9786
6750.3736 20.7061
6749.3720 20.4013
6748.6537 20.0893
6748.3703 19.9174
6747.3686 19.2848
6747.0547 19.0848
6746.3669 18.7025
6745.3653 18.1262
6745.2806 18.0804
6744.3636 17.7781
6743.3619 17.4551
6742.4698 17.0759
6742.3603 17.0214
6741.3586 16.5604
6740.3759 16.0714
6740.3569 16.0629
6739.3553 15.6288
6738.3536 15.2207
6737.9855 15.0670
6737.3519 14.8637
6736.3503 14.5518
6735.3486 14.1539
6735.1442 14.0625
6734.3469 13.7976
6733.3452 13.4622
6732.3436 13.0909
6732.2721 13.0580
6731.3419 12.6082
6730.3402 12.0954
6730.2538 12.0536
6729.3386 11.6984
6728.3369 11.2211
6727.9775 11.0491
6727.3352 10.8731
6726.3336 10.6489
6725.3319 10.3952
6724.3302 10.0561
6724.2950 10.0446
6723.3285 9.7738
6722.3269 9.5469
6721.3252 9.3661
6720.3235 9.2071
6719.3219 9.1004
6718.4058 9.0402
6718.3202 9.0339
6717.3185 8.9774
6716.3169 8.8662
6715.3152 8.6704
6714.3135 8.4388
6713.3119 8.0985
6713.1724 8.0357
6712.3102 7.6193
6711.3085 7.0781
6711.2370 7.0312
6710.3068 6.3872
6709.8395 6.0268
6709.3052 5.5365
6708.7707 5.0223
6708.3035 4.4372
6708.0033 4.0179
6707.3478 3.0134
6707.3018 2.9208
6706.8667 2.0089
6706.5790 1.0045
6706.4819 0.0000
