6959.9559 224.1690
6959.7978 223.9955
6958.9543 223.0328
6958.9148 222.9911
6957.9802 221.9866
6957.9526 221.9576
6957.0580 220.9821
6956.9509 220.8667
6956.1666 219.9777
6955.9492 219.7323
6955.2620 218.9732
6954.9476 218.6335
6954.3312 217.9688
6953.9459 217.5672
6953.3274 216.9643
6952.9442 216.5265
6952.4998 215.9598
6951.9426 215.3374
6951.5819 214.9554
6950.9409 214.2819
6950.6295 213.9509
6949.9392 213.1997
6949.7088 212.9464
6948.9376 212.0973
6948.7941 211.9420
6947.9359 211.0080
6947.8686 210.9375
6946.9342 209.9434
6946.9248 209.9330
6946.0283 208.9286
6945.9326 208.8215
6945.0694 207.9241
6944.9309 207.7782
6944.1426 206.9196
6943.9292 206.6973
6943.2239 205.9152
6942.9275 205.5992
6942.3084 204.9107
6941.9259 204.4974
6941.3558 203.9062
6940.9242 203.4411
6940.4224 202.9018
6939.9225 202.3784
6939.4841 201.8973
6938.9209 201.2697
6938.5673 200.8929
6937.9192 200.2004
6937.6316 199.8884
6936.9175 199.1206
6936.6823 198.8839
6935.9159 198.0146
6935.7979 197.8795
6934.9142 196.9844
6934.8084 196.8750
6933.9125 195.9344
6933.8515 195.8705
6932.9160 194.8661
6932.9109 194.8608
6931.9695 193.8616
6931.9092 193.7974
6931.0179 192.8571
6930.9075 192.7396
6930.0517 191.8527
6929.9058 191.7062
6929.1206 190.8482
6928.9042 190.6011
6928.2653 189.8438
6927.9025 189.4386
6927.2256 188.8393
6926.9008 188.5425
6926.2577 187.8348
6925.8992 187.4721
6925.3067 186.8304
6924.8975 186.3822
6924.3391 185.8259
6923.8958 185.3605
6923.3878 184.8214
6922.8942 184.3223
6922.4077 183.8170
6921.8925 183.2778
6921.4526 182.8125
6920.8908 182.2117
6920.5061 181.8080
6919.8891 181.1124
6919.6171 180.8036
6918.8875 180.0618
6918.6087 179.7991
6917.8858 179.1115
6917.5801 178.7946
6916.8841 178.0688
6916.6076 177.7902
6915.8825 177.0578
6915.6266 176.7857
6914.8808 176.0058
6914.6646 175.7812
6913.8791 174.9445
6913.7118 174.7768
6912.8775 173.9391
6912.7170 173.7723
6911.8758 172.9143
6911.7358 172.7679
6910.8791 171.7634
6910.8741 171.7582
6909.8725 170.8332
6909.7956 170.7589
6908.8708 169.8740
6908.7553 169.7545
6907.8691 168.8286
6907.7897 168.7500
6906.8674 167.8252
6906.7878 167.7455
6905.8658 166.8432
6905.7683 166.7411
6904.8641 165.7987
6904.8027 165.7366
6903.8624 164.7902
6903.8035 164.7321
6902.8835 163.7277
6902.8608 163.7051
6901.9099 162.7232
6901.8591 162.6721
6900.8949 161.7188
6900.8574 161.6804
6899.8558 160.7699
6899.8005 160.7143
6898.8541 159.7756
6898.7917 159.7098
6897.8524 158.7527
6897.8046 158.7054
6896.8508 157.7429
6896.8071 157.7009
6895.8491 156.7776
6895.7669 156.6964
6894.8474 155.7926
6894.7487 155.6920
6893.8457 154.7402
6893.7928 154.6875
6892.8441 153.7115
6892.8146 153.6830
6891.8424 152.8353
6891.6823 152.6786
6890.8407 151.8540
6890.6556 151.6741
6889.8391 150.8812
6889.6214 150.6696
6888.8374 149.9142
6888.5852 149.6652
6887.8357 148.9315
6887.5657 148.6607
6886.8341 147.9444
6886.5197 147.6562
6885.8324 146.9987
6885.4811 146.6518
6884.8307 145.9495
6884.5612 145.6473
6883.8290 144.9363
6883.4861 144.6429
6882.8274 144.0565
6882.3715 143.6384
6881.8257 143.1494
6881.3056 142.6339
6880.8240 142.1695
6880.2593 141.6295
6879.8224 141.1974
6879.1924 140.6250
6878.8207 140.2813
6878.1321 139.6205
6877.8190 139.3346
6877.0902 138.6161
6876.8174 138.3474
6875.9652 137.6116
6875.8157 137.4543
6875.0220 136.6071
6874.8140 136.4204
6873.8868 135.6027
6873.8124 135.5361
6872.8107 134.6379
6872.7686 134.5982
6871.8090 133.7098
6871.6843 133.5938
6870.8073 132.7532
6870.6405 132.5893
6869.8057 131.8089
6869.5596 131.5848
6868.8040 130.9005
6868.4510 130.5804
6867.8023 129.9821
6867.3669 129.5759
6866.8007 129.0379
6866.3251 128.5714
6865.7990 128.0535
6865.1993 127.5670
6864.7973 127.2471
6864.0676 126.5625
6863.7957 126.3043
6862.9998 125.5580
6862.7940 125.3690
6861.8133 124.5536
6861.7923 124.5345
6860.7907 123.6096
6860.7249 123.5491
6859.7890 122.6791
6859.6413 122.5446
6858.7873 121.7949
6858.5073 121.5402
6857.7856 120.9149
6857.3486 120.5357
6856.7840 120.0250
6856.1827 119.5312
6855.7823 119.1572
6855.1360 118.5268
6854.7806 118.2279
6853.9700 117.5223
6853.7790 117.3460
6852.8319 116.5179
6852.7773 116.4680
6851.7756 115.5816
6851.6984 115.5134
6850.7740 114.7251
6850.5330 114.5089
6849.7723 113.8445
6849.3713 113.5045
6848.7706 112.9815
6848.2152 112.5000
6847.7689 112.1256
6846.9583 111.4955
6846.7673 111.3260
6845.8979 110.4911
6845.7656 110.3696
6844.7639 109.5258
6844.7186 109.4866
6843.7623 108.6693
6843.5500 108.4821
6842.7606 107.7968
6842.3864 107.4777
6841.7589 106.9512
6841.1909 106.4732
6840.7573 106.0966
6840.0398 105.4688
6839.7556 105.2208
6838.7621 104.4643
6838.7539 104.4579
6837.7523 103.7085
6837.4635 103.4598
6836.7506 102.8394
6836.2865 102.4554
6835.7489 101.9754
6835.1638 101.4509
6834.7472 101.0982
6833.9699 100.4464
6833.7456 100.2545
6832.7439 99.4717
6832.7083 99.4420
6831.7422 98.6142
6831.5365 98.4375
6830.7406 97.7854
6830.2899 97.4330
6829.7389 97.0200
6828.9681 96.4286
6828.7372 96.2316
6827.7356 95.4612
6827.6902 95.4241
6826.7339 94.6747
6826.4293 94.4196
6825.7322 93.8603
6825.1891 93.4152
6824.7306 92.9928
6824.0470 92.4107
6823.7289 92.1515
6822.8368 91.4062
6822.7272 91.3152
6821.7255 90.5475
6821.5267 90.4018
6820.7239 89.8702
6820.1279 89.3973
6819.7222 89.0519
6818.8539 88.3929
6818.7205 88.2848
6817.7189 87.5304
6817.5465 87.3884
6816.7172 86.7498
6816.2408 86.3839
6815.7155 85.9587
6814.9708 85.3795
6814.7139 85.1783
6813.7122 84.4372
6813.6346 84.3750
6812.7105 83.6299
6812.4053 83.3705
6811.7088 82.8754
6811.0018 82.3661
6810.7072 82.1189
6809.7857 81.3616
6809.7055 81.3005
6808.7038 80.5587
6808.4682 80.3571
6807.7022 79.7794
6807.2113 79.3527
6806.7005 78.9456
6806.0476 78.3482
6805.6988 77.9573
6805.1526 77.3438
6804.6972 76.7640
6804.3408 76.3393
6803.6955 75.3789
6803.6646 75.3348
6803.0487 74.3304
6802.6938 73.8587
6802.3101 73.3259
6801.6922 72.4084
6801.6176 72.3214
6800.8120 71.3170
6800.6905 71.1855
6799.7393 70.3125
6799.6888 70.2674
6798.6871 69.5150
6798.3946 69.3080
6797.6855 68.8221
6796.8747 68.3036
6796.6838 68.1597
6795.6821 67.4683
6795.4370 67.2991
6794.6805 66.7514
6794.0040 66.2946
6793.6788 66.0663
6792.6771 65.3555
6792.5953 65.2902
6791.6755 64.5680
6791.2987 64.2857
6790.6738 63.7896
6790.0440 63.2812
6789.6721 62.9858
6788.7956 62.2768
6788.6705 62.1568
6787.6739 61.2723
6787.6688 61.2674
6786.6671 60.3042
6786.6247 60.2679
6785.6654 59.4200
6785.5032 59.2634
6784.6638 58.4032
6784.5209 58.2589
6783.7301 57.2545
6783.6621 57.1771
6782.8773 56.2500
6782.6604 55.9868
6782.0477 55.2455
6781.6588 54.7642
6781.1788 54.2411
6780.6571 53.6173
6780.2998 53.2366
6779.6554 52.6017
6779.2635 52.2321
6778.6538 51.7672
6777.9437 51.2277
6777.6521 50.9630
6776.7275 50.2232
6776.6504 50.1666
6775.6487 49.3605
6775.4840 49.2188
6774.6471 48.4814
6774.3656 48.2143
6773.6454 47.4689
6773.3822 47.2098
6772.6437 46.4860
6772.3448 46.2054
6771.6421 45.5538
6771.2514 45.2009
6770.6404 44.6364
6770.1217 44.1964
6769.6387 43.8777
6768.6371 43.3155
6768.3813 43.1920
6767.6354 42.8716
6766.6337 42.3285
6766.4155 42.1875
6765.6321 41.7490
6764.7911 41.1830
6764.6304 41.0479
6763.6287 40.2721
6763.5094 40.1786
6762.6270 39.3133
6762.4870 39.1741
6761.6254 38.3402
6761.4424 38.1696
6760.6237 37.5345
6760.0941 37.1652
6759.6220 36.8357
6758.6204 36.2270
6758.5197 36.1607
6757.6187 35.6206
6756.9320 35.1562
6756.6170 34.9828
6755.6154 34.4634
6755.0854 34.1518
6754.6137 33.8478
6753.6120 33.2304
6753.4776 33.1473
6752.6104 32.6389
6751.8479 32.1429
6751.6087 32.0173
6750.6070 31.5325
6749.8956 31.1384
6749.6053 30.9518
6748.6037 30.2986
6748.3431 30.1339
6747.6020 29.7251
6746.6003 29.1295
6746.6003 29.1295
6745.5987 28.6960
6744.5970 28.1398
6744.5736 28.1250
6743.5953 27.5005
6743.0402 27.1205
6742.5937 26.7541
6741.7809 26.1161
6741.5920 25.9909
6740.5903 25.4931
6739.8483 25.1116
6739.5886 25.0266
6738.5870 24.7612
6737.5853 24.4635
6736.7267 24.1071
6736.5836 24.0389
6735.5820 23.5578
6734.7609 23.1027
6734.5803 22.9740
6733.5786 22.2112
6733.4066 22.0982
6732.5770 21.6811
6731.5753 21.1481
6731.4697 21.0938
6730.5736 20.8176
6729.5720 20.5086
6728.5703 20.1055
6728.5377 20.0893
6727.5686 19.4549
6727.0053 19.0848
6726.5669 18.8367
6725.5653 18.2881
6725.1856 18.0804
6724.5636 17.8741
6723.5619 17.5832
6722.5603 17.2134
6722.2639 17.0759
6721.5586 16.7238
6720.5569 16.1977
6720.3090 16.0714
6719.5553 15.7485
6718.5536 15.3353
6717.9124 15.0670
6717.5519 14.9500
6716.5503 14.6453
6715.5486 14.2826
6714.9816 14.0625
6714.5469 13.9290
6713.5452 13.5979
6712.5436 13.2118
6712.1964 13.0580
6711.5419 12.7400
6710.5402 12.2295
6710.1892 12.0536
6709.5386 11.7935
6708.5369 11.3488
6707.9223 11.0491
6707.5352 10.9369
6706.5336 10.7264
6705.5319 10.5098
6704.5302 10.2203
6704.0104 10.0446
6703.5285 9.8860
6702.5269 9.6323
6701.5252 9.4321
6700.5235 9.2706
6699.5219 9.1693
6698.5202 9.1097
6697.5185 9.0632
6697.2431 9.0402
6696.5169 8.9650
6695.5152 8.7585
6694.5135 8.4970
6693.5119 8.1505
6693.2583 8.0357
6692.5102 7.6691
6691.5085 7.1226
6691.3708 7.0312
6690.5068 6.4154
6690.0065 6.0268
6689.5052 5.5677
6688.9394 5.0223
6688.5035 4.4711
6688.1451 4.0179
6687.5018 3.1445
6687.4212 3.0134
6687.0035 2.0089
6686.7473 1.0045
6686.6612 0.0000
