6926.0643 224.6775
6925.4336 223.9955
6925.0626 223.5875
6924.4723 222.9911
6924.0609 222.5731
6923.5111 221.9866
6923.0593 221.5312
6922.5526 220.9821
6922.0576 220.4256
6921.6173 219.9777
6921.0559 219.3924
6920.6600 218.9732
6920.0543 218.3567
6919.6968 217.9688
6919.0526 217.2726
6918.7279 216.9643
6918.0509 216.2229
6917.8162 215.9598
6917.0492 215.2005
6916.8121 214.9554
6916.0476 214.1616
6915.8526 213.9509
6915.0459 213.0842
6914.9108 212.9464
6914.0442 212.0322
6913.9564 211.9420
6913.0426 211.0201
6912.9663 210.9375
6912.0409 209.9505
6912.0238 209.9330
6911.0789 208.9286
6911.0392 208.8863
6910.0814 207.9241
6910.0376 207.8785
6909.1219 206.9196
6909.0359 206.8341
6908.1964 205.9152
6908.0342 205.7424
6907.2092 204.9107
6907.0326 204.7342
6906.2276 203.9062
6906.0309 203.7034
6905.2860 202.9018
6905.0292 202.6229
6904.3297 201.8973
6904.0275 201.5868
6903.3569 200.8929
6903.0259 200.5625
6902.3775 199.8884
6902.0242 199.5153
6901.4241 198.8839
6901.0225 198.4164
6900.4749 197.8795
6900.0209 197.4946
6899.4154 196.8750
6899.0192 196.4550
6898.4616 195.8705
6898.0175 195.4006
6897.4939 194.8661
6897.0159 194.3776
6896.5079 193.8616
6896.0142 193.3792
6895.5123 192.8571
6895.0125 192.3294
6894.5552 191.8527
6894.0109 191.2916
6893.5591 190.8482
6893.0092 190.2621
6892.6194 189.8438
6892.0075 189.2392
6891.6116 188.8393
6891.0058 188.2186
6890.6226 187.8348
6890.0042 187.2334
6889.6084 186.8304
6889.0025 186.2262
6888.6098 185.8259
6888.0008 185.1739
6887.6509 184.8214
6886.9992 184.1758
6886.6409 183.8170
6885.9975 183.1922
6885.6240 182.8125
6884.9958 182.1512
6884.6675 181.8080
6883.9942 181.0516
6883.7561 180.8036
6882.9925 180.0961
6882.6697 179.7991
6881.9908 179.1554
6881.6363 178.7946
6880.9891 178.1375
6880.6442 177.7902
6879.9875 177.1162
6879.6581 176.7857
6878.9858 176.1419
6878.6347 175.7812
6877.9841 175.1043
6877.6571 174.7768
6876.9825 174.0868
6876.6592 173.7723
6875.9808 173.1367
6875.6161 172.7679
6874.9791 172.0483
6874.6925 171.7634
6873.9775 171.1231
6873.6004 170.7589
6872.9758 170.1645
6872.5627 169.7545
6871.9741 169.1925
6871.5246 168.7500
6870.9725 168.1768
6870.5404 167.7455
6869.9708 167.1862
6869.5110 166.7411
6868.9691 166.2227
6868.4830 165.7366
6867.9674 165.2203
6867.4773 164.7321
6866.9658 164.1724
6866.5337 163.7277
6865.9641 163.1769
6865.4619 162.7232
6864.9624 162.2866
6864.3778 161.7188
6863.9608 161.3065
6863.3544 160.7143
6862.9591 160.3214
6862.3177 159.7098
6861.9574 159.3840
6861.2676 158.7054
6860.9558 158.3937
6860.2423 157.7009
6859.9541 157.4133
6859.1830 156.6964
6858.9524 156.4866
6858.1232 155.6920
6857.9508 155.5173
6857.1362 154.6875
6856.9491 154.4928
6856.0253 153.6830
6855.9474 153.6160
6854.9530 152.6786
6854.9457 152.6720
6853.9441 151.7033
6853.9142 151.6741
6852.9424 150.7336
6852.8754 150.6696
6851.9407 149.7798
6851.8202 149.6652
6850.9391 148.8397
6850.7554 148.6607
6849.9374 147.8812
6849.6895 147.6562
6848.9357 146.9533
6848.6170 146.6518
6847.9341 145.9503
6847.6198 145.6473
6846.9324 145.0710
6846.4642 144.6429
6845.9307 144.1275
6845.3968 143.6384
6844.9290 143.2142
6844.3205 142.6339
6843.9274 142.2682
6843.2565 141.6295
6842.9257 141.3097
6842.1479 140.6250
6841.9240 140.4203
6841.0628 139.6205
6840.9224 139.4957
6839.9990 138.6161
6839.9207 138.5393
6838.9190 137.7263
6838.7870 137.6116
6837.9174 136.7637
6837.7683 136.6071
6836.9157 135.7998
6836.7032 135.6027
6835.9140 134.9005
6835.5803 134.5982
6834.9124 133.9869
6834.4816 133.5938
6833.9107 133.0659
6833.3932 132.5893
6832.9090 132.1498
6832.2827 131.5848
6831.9073 131.2462
6831.1165 130.5804
6830.9057 130.3940
6830.0017 129.5759
6829.9040 129.4849
6828.9023 128.6419
6828.8274 128.5714
6827.9007 127.7162
6827.7436 127.5670
6826.8990 126.7923
6826.6459 126.5625
6825.8973 125.8786
6825.5403 125.5580
6824.8957 125.0083
6824.3740 124.5536
6823.8940 124.1375
6823.2338 123.5491
6822.8923 123.2254
6822.1201 122.5446
6821.8907 122.3421
6820.8890 121.6145
6820.8068 121.5402
6819.8873 120.7240
6819.6788 120.5357
6818.8856 119.8110
6818.5657 119.5312
6817.8840 118.8978
6817.4880 118.5268
6816.8823 118.0167
6816.3186 117.5223
6815.8806 117.1302
6815.1428 116.5179
6814.8790 116.2831
6813.9755 115.5134
6813.8773 115.4326
6812.8756 114.5549
6812.8197 114.5089
6811.8740 113.7801
6811.5350 113.5045
6810.8723 112.9512
6810.3463 112.5000
6809.8706 112.0902
6809.1563 111.4955
6808.8689 111.2307
6808.0464 110.4911
6807.8673 110.3353
6806.8656 109.5170
6806.8301 109.4866
6805.8639 108.6282
6805.6930 108.4821
6804.8623 107.8057
6804.4710 107.4777
6803.8606 106.9759
6803.1636 106.4732
6802.8589 106.2410
6801.9297 105.4688
6801.8573 105.4075
6800.8556 104.5807
6800.7137 104.4643
6799.8539 103.7840
6799.4782 103.4598
6798.8523 102.9286
6798.2387 102.4554
6797.8506 102.1143
6797.1359 101.4509
6796.8489 101.2115
6795.9207 100.4464
6795.8472 100.3805
6794.8456 99.6005
6794.6295 99.4420
6793.8439 98.8750
6793.3044 98.4375
6792.8422 98.0599
6792.0740 97.4330
6791.8406 97.2418
6790.8389 96.5061
6790.7446 96.4286
6789.8372 95.7189
6789.4760 95.4241
6788.8356 94.8800
6788.2625 94.4196
6787.8339 94.0908
6786.9537 93.4152
6786.8322 93.3038
6785.8306 92.4968
6785.7250 92.4107
6784.8289 91.7511
6784.3997 91.4062
6783.8272 90.9710
6783.1243 90.4018
6782.8255 90.1545
6781.8239 89.4515
6781.7563 89.3973
6780.8222 88.6800
6780.4592 88.3929
6779.8205 87.8903
6779.1564 87.3884
6778.8189 87.1403
6777.8172 86.3961
6777.8014 86.3839
6776.8155 85.6825
6776.4037 85.3795
6775.8139 84.9565
6775.0386 84.3750
6774.8122 84.1794
6773.8426 83.3705
6773.8105 83.3452
6772.8088 82.6465
6772.4462 82.3661
6771.8072 81.8191
6771.2394 81.3616
6770.8055 81.0445
6769.8852 80.3571
6769.8038 80.3012
6768.8022 79.5730
6768.5435 79.3527
6767.8005 78.7462
6767.3544 78.3482
6766.7988 77.7083
6766.4773 77.3438
6765.7972 76.5386
6765.6371 76.3393
6765.0887 75.3348
6764.7955 74.8797
6764.4159 74.3304
6763.7938 73.4325
6763.7093 73.3259
6762.8992 72.3214
6762.7922 72.2042
6761.8812 71.3170
6761.7905 71.2273
6760.7888 70.5084
6760.5055 70.3125
6759.7871 69.8164
6758.9265 69.3080
6758.7855 69.2165
6757.7838 68.5850
6757.3594 68.3036
6756.7821 67.8760
6755.9134 67.2991
6755.7805 67.2074
6754.7788 66.4574
6754.5676 66.2946
6753.7771 65.6827
6753.2682 65.2902
6752.7755 64.8948
6751.9777 64.2857
6751.7738 64.1222
6750.7721 63.3147
6750.7279 63.2812
6749.7705 62.5812
6749.4224 62.2768
6748.7688 61.6555
6748.3456 61.2723
6747.7671 60.7001
6747.3098 60.2679
6746.7654 59.7405
6746.2842 59.2634
6745.7638 58.7243
6745.3323 58.2589
6744.7621 57.4975
6744.5583 57.2545
6743.7604 56.3128
6743.7049 56.2500
6742.8814 55.2455
6742.7588 55.0996
6741.9740 54.2411
6741.7571 53.9934
6740.9359 53.2366
6740.7554 53.0899
6739.8026 52.2321
6739.7538 52.1925
6738.7521 51.4640
6738.4567 51.2277
6737.7504 50.5769
6737.3445 50.2232
6736.7487 49.7186
6736.1852 49.2188
6735.7471 48.8170
6735.1273 48.2143
6734.7454 47.8028
6734.1599 47.2098
6733.7437 46.7821
6733.1061 46.2054
6732.7421 45.8811
6731.9859 45.2009
6731.7404 45.0025
6730.7387 44.2339
6730.6874 44.1964
6729.7371 43.6686
6728.8138 43.1920
6728.7354 43.1532
6727.7337 42.6228
6727.0539 42.1875
6726.7321 41.9905
6725.7304 41.3340
6725.5319 41.1830
6724.7287 40.5002
6724.3230 40.1786
6723.7270 39.5974
6723.2813 39.1741
6722.7254 38.6708
6722.2054 38.1696
6721.7237 37.7952
6720.7574 37.1652
6720.7220 37.1395
6719.7204 36.4488
6719.3048 36.1607
6718.7187 35.8095
6717.7585 35.1562
6717.7170 35.1321
6716.7154 34.6229
6715.8879 34.1518
6715.7137 34.0328
6714.7120 33.4631
6714.2113 33.1473
6713.7104 32.8447
6712.7087 32.2176
6712.5932 32.1429
6711.7070 31.6926
6710.7531 31.1384
6710.7053 31.1036
6709.7037 30.4536
6709.1980 30.1339
6708.7020 29.8618
6707.7003 29.2889
6707.4116 29.1295
6706.6987 28.8341
6705.6970 28.3524
6705.3378 28.1250
6704.6953 27.6769
6703.9192 27.1205
6703.6937 26.9267
6702.6920 26.1366
6702.6626 26.1161
6701.6903 25.5890
6700.7283 25.1116
6700.6886 25.0991
6699.6870 24.8453
6698.6853 24.5498
6697.6836 24.1500
6697.5879 24.1071
6696.6820 23.6773
6695.6803 23.1126
6695.6635 23.1027
6694.6786 22.3624
6694.3059 22.0982
6693.6770 21.7700
6692.6753 21.2788
6692.2989 21.0938
6691.6736 20.8847
6690.6720 20.5741
6689.6703 20.1375
6689.5721 20.0893
6688.6686 19.5057
6687.9431 19.0848
6687.6669 18.9508
6686.6653 18.4199
6686.0355 18.0804
6685.6636 17.9550
6684.6619 17.6520
6683.6603 17.2703
6683.2364 17.0759
6682.6586 16.7754
6681.6569 16.2690
6681.2672 16.0714
6680.6553 15.8016
6679.6536 15.4092
6678.7909 15.0670
6678.6519 15.0247
6677.6503 14.7203
6676.6486 14.3837
6675.8804 14.0625
6675.6469 13.9785
6674.6452 13.6417
6673.6436 13.2649
6673.1633 13.0580
6672.6419 12.7934
6671.6402 12.2725
6671.1742 12.0536
6670.6386 11.8573
6669.6369 11.4146
6668.8694 11.0491
6668.6352 10.9840
6667.6336 10.7666
6666.6319 10.5499
6665.6302 10.2819
6664.8782 10.0446
6664.6285 9.9627
6663.6269 9.6946
6662.6252 9.4994
6661.6235 9.3654
6660.6219 9.2699
6659.6202 9.2187
6658.6185 9.1562
6657.6181 9.0402
6657.6169 9.0400
6656.6152 8.7906
6655.6135 8.4671
6654.6119 8.0788
6654.5206 8.0357
6653.6102 7.5844
6652.6333 7.0312
6652.6085 7.0142
6651.6068 6.2757
6651.2970 6.0268
6650.6052 5.3643
6650.2727 5.0223
6649.6035 4.1216
6649.5318 4.0179
6648.9170 3.0134
6648.6018 2.3009
6648.4769 2.0089
6648.2211 1.0045
6648.1357 0.0000
