6917.1659 224.8243
6916.3896 223.9955
6916.1643 223.7487
6915.4463 222.9911
6915.1626 222.6966
6914.4679 221.9866
6914.1609 221.6792
6913.4877 220.9821
6913.1593 220.6369
6912.5436 219.9777
6912.1576 219.5577
6911.5950 218.9732
6911.1559 218.5246
6910.6049 217.9688
6910.1543 217.5232
6909.5654 216.9643
6909.1526 216.5144
6908.6842 215.9598
6908.1509 215.3885
6907.7292 214.9554
6907.1492 214.3787
6906.7433 213.9509
6906.1476 213.3170
6905.8025 212.9464
6905.1459 212.2348
6904.8569 211.9420
6904.1442 211.2334
6903.8546 210.9375
6903.1426 210.2182
6902.8667 209.9330
6902.1409 209.1529
6901.9275 208.9286
6901.1392 208.0820
6900.9705 207.9241
6900.1376 207.1539
6899.9277 206.9196
6899.1359 206.0678
6898.9885 205.9152
6898.1342 205.0234
6898.0221 204.9107
6897.1326 204.0282
6897.0131 203.9062
6896.1309 202.9951
6896.0424 202.9018
6895.1292 201.9209
6895.1062 201.8973
6894.1284 200.8929
6894.1275 200.8920
6893.1259 199.9290
6893.0863 199.8884
6892.1242 198.8934
6892.1145 198.8839
6891.2000 197.8795
6891.1225 197.8043
6890.1556 196.8750
6890.1209 196.8400
6889.2003 195.8705
6889.1192 195.7874
6888.2358 194.8661
6888.1175 194.7451
6887.2201 193.8616
6887.1159 193.7565
6886.2063 192.8571
6886.1142 192.7666
6885.2625 191.8527
6885.1125 191.6963
6884.2755 190.8482
6884.1109 190.6698
6883.3112 189.8438
6883.1092 189.6436
6882.2691 188.8393
6882.1075 188.6867
6881.3024 187.8348
6881.1058 187.6312
6880.3005 186.8304
6880.1042 186.6341
6879.3040 185.8259
6879.1025 185.6200
6878.3257 184.8214
6878.1008 184.5941
6877.3277 183.8170
6877.0992 183.5909
6876.2601 182.8125
6876.0975 182.6528
6875.3103 181.8080
6875.0958 181.5699
6874.3382 180.8036
6874.0942 180.5841
6873.2540 179.7991
6873.0925 179.6407
6872.2459 178.7946
6872.0908 178.6406
6871.2747 177.7902
6871.0891 177.6014
6870.2626 176.7857
6870.0875 176.6129
6869.2071 175.7812
6869.0858 175.6626
6868.2440 174.7768
6868.0841 174.6153
6867.2288 173.7723
6867.0825 173.6276
6866.1701 172.7679
6866.0808 172.6725
6865.1936 171.7634
6865.0791 171.6594
6864.1674 170.7589
6864.0775 170.6708
6863.1199 169.7545
6863.0758 169.7115
6862.0741 168.7577
6862.0662 168.7500
6861.0725 167.7566
6861.0612 167.7455
6860.0708 166.7641
6860.0468 166.7411
6859.0691 165.8534
6858.9501 165.7366
6858.0674 164.8641
6857.9327 164.7321
6857.0658 163.7702
6857.0201 163.7277
6856.0641 162.9315
6855.8597 162.7232
6855.0624 161.9445
6854.8337 161.7188
6854.0608 160.9359
6853.8308 160.7143
6853.0591 159.9644
6852.7936 159.7098
6852.0574 159.0422
6851.7117 158.7054
6851.0558 158.0466
6850.7009 157.7009
6850.0541 157.0724
6849.6444 156.6964
6849.0524 156.1604
6848.5628 155.6920
6848.0508 155.1847
6847.5153 154.6875
6847.0491 154.2378
6846.4923 153.6830
6846.0474 153.2702
6845.4094 152.6786
6845.0457 152.3480
6844.3460 151.6741
6844.0441 151.3728
6843.2965 150.6696
6843.0424 150.4276
6842.2142 149.6652
6842.0407 149.5088
6841.1404 148.6607
6841.0391 148.5633
6840.0918 147.6562
6840.0374 147.6018
6839.0357 146.7317
6838.9467 146.6518
6838.0341 145.7674
6837.9219 145.6473
6837.0324 144.8120
6836.8454 144.6429
6836.0307 143.8742
6835.7785 143.6384
6835.0290 142.9694
6834.6788 142.6339
6834.0274 142.0289
6833.5887 141.6295
6833.0257 141.0934
6832.5105 140.6250
6832.0240 140.1837
6831.3985 139.6205
6831.0224 139.2895
6830.2972 138.6161
6830.0207 138.3599
6829.0852 137.6116
6829.0190 137.5483
6828.1002 136.6071
6828.0174 136.5325
6827.0157 135.6077
6827.0102 135.6027
6826.0140 134.7064
6825.8941 134.5982
6825.0124 133.8175
6824.7657 133.5938
6824.0107 132.9204
6823.6528 132.5893
6823.0090 132.0014
6822.5460 131.5848
6822.0073 131.0992
6821.3477 130.5804
6821.0057 130.3004
6820.2227 129.5759
6820.0040 129.3682
6819.1260 128.5714
6819.0023 128.4550
6818.0121 127.5670
6818.0007 127.5567
6816.9990 126.6283
6816.9253 126.5625
6815.9973 125.7448
6815.7874 125.5580
6814.9957 124.8884
6814.6182 124.5536
6813.9940 123.9937
6813.4899 123.5491
6812.9923 123.0984
6812.3110 122.5446
6811.9907 122.2825
6811.0711 121.5402
6810.9890 121.4732
6809.9873 120.6300
6809.8822 120.5357
6808.9856 119.7182
6808.7666 119.5312
6807.9840 118.8129
6807.7009 118.5268
6806.9823 117.9034
6806.5355 117.5223
6805.9806 117.0265
6805.3622 116.5179
6804.9790 116.1947
6804.1531 115.5134
6803.9773 115.3690
6802.9756 114.6028
6802.8713 114.5089
6801.9740 113.7521
6801.6771 113.5045
6800.9723 112.9045
6800.4979 112.5000
6799.9706 112.0452
6799.3412 111.4955
6798.9689 111.1435
6798.2190 110.4911
6797.9673 110.2755
6797.0089 109.4866
6796.9656 109.4497
6795.9639 108.5754
6795.8570 108.4821
6794.9623 107.7501
6794.5844 107.4777
6793.9606 107.0378
6793.2505 106.4732
6792.9589 106.2213
6792.0649 105.4688
6791.9573 105.3755
6790.9556 104.5857
6790.8180 104.4643
6789.9539 103.7623
6789.5899 103.4598
6788.9523 102.9053
6788.3745 102.4554
6787.9506 102.0866
6787.2240 101.4509
6786.9489 101.2277
6785.9596 100.4464
6785.9472 100.4363
6784.9456 99.6984
6784.6262 99.4420
6783.9439 98.8826
6783.3793 98.4375
6782.9422 98.0915
6782.1324 97.4330
6781.9406 97.2744
6780.9389 96.5329
6780.8079 96.4286
6779.9372 95.7296
6779.5501 95.4241
6778.9356 94.9271
6778.3242 94.4196
6777.9339 94.1078
6776.9973 93.4152
6776.9322 93.3582
6775.9306 92.5928
6775.7154 92.4107
6774.9289 91.7926
6774.4407 91.4062
6773.9272 91.0066
6773.1376 90.4018
6772.9255 90.2361
6771.9239 89.5085
6771.7793 89.3973
6770.9222 88.7224
6770.5242 88.3929
6769.9205 87.9227
6769.2120 87.3884
6768.9189 87.1629
6767.9172 86.5746
6767.6779 86.3839
6766.9155 85.8024
6766.3604 85.3795
6765.9139 85.0246
6764.9975 84.3750
6764.9122 84.3088
6763.9105 83.4369
6763.8313 83.3705
6762.9088 82.7240
6762.4396 82.3661
6761.9072 81.9209
6761.2024 81.3616
6760.9055 81.1462
6759.9038 80.3998
6759.8543 80.3571
6758.9022 79.7451
6758.4488 79.3527
6757.9005 78.8576
6757.2965 78.3482
6756.8988 77.9077
6756.4421 77.3438
6755.8972 76.7018
6755.6035 76.3393
6755.0551 75.3348
6754.8955 75.0856
6754.3909 74.3304
6753.8938 73.6467
6753.6372 73.3259
6752.8922 72.4217
6752.7984 72.3214
6751.8905 71.4458
6751.7082 71.3170
6750.8888 70.7072
6750.2289 70.3125
6749.8871 70.0975
6748.8855 69.4664
6748.6581 69.3080
6747.8838 68.7869
6747.1061 68.3036
6746.8821 68.1358
6745.8805 67.4496
6745.6726 67.2991
6744.8788 66.6890
6744.3657 66.2946
6743.8771 65.9072
6743.0307 65.2902
6742.8755 65.1636
6741.8738 64.3688
6741.7556 64.2857
6740.8721 63.6315
6740.4457 63.2812
6739.8705 62.8113
6739.2515 62.2768
6738.8688 61.9050
6738.1676 61.2723
6737.8671 60.9762
6737.1352 60.2679
6736.8654 60.0050
6736.1154 59.2634
6735.8638 58.9988
6735.1745 58.2589
6734.8621 57.8472
6734.3903 57.2545
6733.8604 56.6136
6733.5294 56.2500
6732.8588 55.4724
6732.6523 55.2455
6731.8571 54.4103
6731.6849 54.2411
6730.8554 53.3648
6730.7203 53.2366
6729.8538 52.4903
6729.5576 52.2321
6728.8521 51.6999
6728.2531 51.2277
6727.8504 50.8479
6727.1490 50.2232
6726.8487 49.9697
6725.9964 49.2188
6725.8471 49.0793
6724.9420 48.2143
6724.8454 48.1099
6723.9690 47.2098
6723.8437 47.0835
6722.8767 46.2054
6722.8421 46.1741
6721.8404 45.2214
6721.8173 45.2009
6720.8387 44.4771
6720.4447 44.1964
6719.8371 43.8463
6718.8354 43.3292
6718.5811 43.1920
6717.8337 42.8039
6716.8321 42.1879
6716.8314 42.1875
6715.8304 41.5303
6715.3254 41.1830
6714.8287 40.7912
6714.0855 40.1786
6713.8270 39.9155
6713.1033 39.1741
6712.8254 38.9094
6712.0633 38.1696
6711.8237 37.9773
6710.8220 37.3200
6710.5806 37.1652
6709.8204 36.6385
6709.1349 36.1607
6708.8187 35.9742
6707.8170 35.3204
6707.5714 35.1562
6706.8154 34.7706
6705.8137 34.2688
6705.6198 34.1518
6704.8120 33.6300
6704.0542 33.1473
6703.8104 32.9986
6702.8087 32.3934
6702.4240 32.1429
6701.8070 31.8244
6700.8053 31.2710
6700.5873 31.1384
6699.8037 30.6280
6699.0133 30.1339
6698.8020 30.0166
6697.8003 29.4387
6697.2019 29.1295
6696.7987 28.9744
6695.7970 28.4915
6695.1952 28.1250
6694.7953 27.8409
6693.8274 27.1205
6693.7937 27.0913
6692.7920 26.3183
6692.5081 26.1161
6691.7903 25.7119
6690.7886 25.2269
6690.5308 25.1116
6689.7870 24.9134
6688.7853 24.6338
6687.7836 24.3060
6687.3653 24.1071
6686.7820 23.8012
6685.7803 23.2393
6685.5464 23.1027
6684.7786 22.5377
6684.1737 22.0982
6683.7770 21.8858
6682.7753 21.4050
6682.1314 21.0938
6681.7736 20.9724
6680.7720 20.6509
6679.7703 20.2812
6679.3580 20.0893
6678.7686 19.7145
6677.8133 19.0848
6677.7669 19.0591
6676.7653 18.5385
6675.9063 18.0804
6675.7636 18.0316
6674.7619 17.7211
6673.7603 17.3707
6673.1137 17.0759
6672.7586 16.8840
6671.7569 16.3754
6671.1008 16.0714
6670.7553 15.9336
6669.7536 15.5237
6668.7519 15.1031
6668.6627 15.0670
6667.7503 14.7928
6666.7486 14.4723
6665.7534 14.0625
6665.7469 14.0600
6664.7452 13.7190
6663.7436 13.3578
6663.0133 13.0580
6662.7419 12.9203
6661.7402 12.4391
6661.0087 12.0536
6660.7386 11.9415
6659.7369 11.5146
6658.7693 11.0491
6658.7352 11.0392
6657.7336 10.8141
6656.7319 10.6029
6655.7302 10.3580
6654.7718 10.0446
6654.7285 10.0292
6653.7269 9.7584
6652.7252 9.5697
6651.7235 9.4118
6650.7219 9.3102
6649.7202 9.2523
6648.7185 9.1922
6647.7169 9.0782
6647.5235 9.0402
6646.7152 8.8507
6645.7135 8.5368
6644.7119 8.1454
6644.4543 8.0357
6643.7102 7.6946
6642.7085 7.1037
6642.6031 7.0312
6641.7068 6.3680
6641.2835 6.0268
6640.7052 5.4750
6640.2595 5.0223
6639.7035 4.2822
6639.5200 4.0179
6638.9134 3.0134
6638.7018 2.5436
6638.4724 2.0089
6638.2175 1.0045
6638.1342 0.0000
