6863.3743 224.8406
6862.5386 223.9955
6862.3726 223.8227
6861.5755 222.9911
6861.3710 222.7840
6860.5406 221.9866
6860.3693 221.8245
6859.5086 220.9821
6859.3676 220.8410
6858.5301 219.9777
6858.3659 219.8076
6857.5359 218.9732
6857.3643 218.8016
6856.3744 217.9688
6856.3626 217.9587
6855.3827 216.9643
6855.3609 216.9391
6854.5053 215.9598
6854.3593 215.8158
6853.4489 214.9554
6853.3576 214.8684
6852.4472 213.9509
6852.3559 213.8583
6851.4732 212.9464
6851.3543 212.8231
6850.4550 211.9420
6850.3526 211.8435
6849.4053 210.9375
6849.3509 210.8848
6848.4249 209.9330
6848.3492 209.8547
6847.3539 208.9286
6847.3476 208.9226
6846.3459 207.9594
6846.3122 207.9241
6845.3867 206.9196
6845.3442 206.8770
6844.3912 205.9152
6844.3426 205.8663
6843.3409 204.9112
6843.3404 204.9107
6842.3392 203.9590
6842.2879 203.9062
6841.3376 202.9397
6841.2984 202.9018
6840.3359 201.9397
6840.2920 201.8973
6839.3342 200.9943
6839.2252 200.8929
6838.3326 200.0854
6838.1372 199.8884
6837.3309 199.0460
6837.1605 198.8839
6836.3292 198.0193
6836.2032 197.8795
6835.3275 197.0343
6835.1660 196.8750
6834.3259 196.0221
6834.1683 195.8705
6833.3242 195.0484
6833.1398 194.8661
6832.3225 194.0907
6832.0921 193.8616
6831.3209 193.0815
6831.0929 192.8571
6830.3192 192.0830
6830.0496 191.8527
6829.3175 191.2532
6828.9075 190.8482
6828.3159 190.2114
6827.9766 189.8438
6827.3142 189.1651
6826.9803 188.8393
6826.3125 188.1955
6825.9410 187.8348
6825.3109 187.2293
6824.9162 186.8304
6824.3092 186.2249
6823.8928 185.8259
6823.3075 185.2514
6822.8510 184.8214
6822.3058 184.3130
6821.7778 183.8170
6821.3042 183.3900
6820.6782 182.8125
6820.3025 182.4422
6819.6404 181.8080
6819.3008 181.4596
6818.6881 180.8036
6818.2992 180.4431
6817.6384 179.7991
6817.2975 179.4494
6816.5865 178.7946
6816.2958 178.5176
6815.5311 177.7902
6815.2942 177.5742
6814.4876 176.7857
6814.2925 176.5938
6813.4476 175.7812
6813.2908 175.6223
6812.3783 174.7768
6812.2891 174.6951
6811.2875 173.7933
6811.2664 173.7723
6810.2858 172.8217
6810.2294 172.7679
6809.2841 171.7811
6809.2667 171.7634
6808.2825 170.8470
6808.1934 170.7589
6807.2808 169.8808
6807.1459 169.7545
6806.2791 168.9450
6806.0688 168.7500
6805.2775 168.0187
6804.9877 167.7455
6804.2758 167.0701
6803.9063 166.7411
6803.2741 166.1953
6802.7713 165.7366
6802.2725 165.2698
6801.7007 164.7321
6801.2708 164.2964
6800.7334 163.7277
6800.2691 163.2752
6799.6802 162.7232
6799.2674 162.3406
6798.5705 161.7188
6798.2658 161.4373
6797.5169 160.7143
6797.2641 160.4757
6796.4513 159.7098
6796.2624 159.5318
6795.3397 158.7054
6795.2608 158.6309
6794.2591 157.7781
6794.1764 157.7009
6793.2574 156.8525
6793.0865 156.6964
6792.2558 155.9507
6791.9759 155.6920
6791.2541 155.0044
6790.9346 154.6875
6790.2524 153.9927
6789.9368 153.6830
6789.2508 153.0504
6788.8380 152.6786
6788.2491 152.1718
6787.7002 151.6741
6787.2474 151.2452
6786.6398 150.6696
6786.2457 150.2931
6785.4686 149.6652
6785.2441 149.4841
6784.3294 148.6607
6784.2424 148.5791
6783.2407 147.6645
6783.2315 147.6562
6782.2391 146.7679
6782.1086 146.6518
6781.2374 145.8129
6781.0768 145.6473
6780.2357 144.8901
6779.9652 144.6429
6779.2341 143.9625
6778.8638 143.6384
6778.2324 143.0745
6777.7553 142.6339
6777.2307 142.1771
6776.5342 141.6295
6776.2290 141.3725
6775.3832 140.6250
6775.2274 140.4834
6774.2405 139.6205
6774.2257 139.6077
6773.2240 138.7140
6773.1183 138.6161
6772.2224 137.8115
6771.9835 137.6116
6771.2207 136.8828
6770.9505 136.6071
6770.2190 135.9607
6769.8148 135.6027
6769.2174 135.0696
6768.6512 134.5982
6768.2157 134.2251
6767.4370 133.5938
6767.2140 133.4100
6766.2786 132.5893
6766.2124 132.5298
6765.2107 131.6510
6765.1346 131.5848
6764.2090 130.8265
6763.9331 130.5804
6763.2073 129.9111
6762.8227 129.5759
6762.2057 129.0192
6761.7107 128.5714
6761.2040 128.1121
6760.6018 127.5670
6760.2023 127.2176
6759.4302 126.5625
6759.2007 126.3642
6758.1990 125.5933
6758.1587 125.5580
6757.1973 124.7754
6756.9535 124.5536
6756.1957 123.8682
6755.8137 123.5491
6755.1940 123.0080
6754.6563 122.5446
6754.1923 122.1592
6753.4374 121.5402
6753.1907 121.3322
6752.2170 120.5357
6752.1890 120.5110
6751.1873 119.6558
6751.0294 119.5312
6750.1856 118.8440
6749.8501 118.5268
6749.1840 117.9640
6748.6453 117.5223
6748.1823 117.1293
6747.4299 116.5179
6747.1806 116.3012
6746.2269 115.5134
6746.1790 115.4738
6745.1773 114.6513
6745.0065 114.5089
6744.1756 113.8390
6743.7617 113.5045
6743.1740 113.0138
6742.5602 112.5000
6742.1723 112.1678
6741.2614 111.4955
6741.1706 111.4210
6740.1689 110.5716
6740.0805 110.4911
6739.1673 109.7142
6738.8911 109.4866
6738.1656 108.8839
6737.6524 108.4821
6737.1639 108.1123
6736.3942 107.4777
6736.1623 107.2793
6735.1606 106.5119
6735.1127 106.4732
6734.1589 105.7018
6733.8806 105.4688
6733.1573 104.8790
6732.5822 104.4643
6732.1556 104.1454
6731.2629 103.4598
6731.1539 103.3705
6730.1523 102.6251
6729.9450 102.4554
6729.1506 101.7314
6728.8249 101.4509
6728.1489 100.9300
6727.5551 100.4464
6727.1472 100.1053
6726.2442 99.4420
6726.1456 99.3639
6725.1439 98.6199
6724.9205 98.4375
6724.1422 97.8079
6723.5980 97.4330
6723.1406 97.1201
6722.2309 96.4286
6722.1389 96.3502
6721.1372 95.5621
6720.9537 95.4241
6720.1356 94.8067
6719.6492 94.4196
6719.1339 94.0356
6718.3252 93.4152
6718.1322 93.2379
6717.1306 92.4153
6717.1251 92.4107
6716.1289 91.6970
6715.7431 91.4062
6715.1272 90.9345
6714.3801 90.4018
6714.1255 90.2162
6713.1239 89.5519
6712.9243 89.3973
6712.1222 88.7557
6711.6410 88.3929
6711.1205 87.9948
6710.2952 87.3884
6710.1189 87.2586
6709.1172 86.5985
6708.8322 86.3839
6708.1155 85.8295
6707.5329 85.3795
6707.1139 85.0537
6706.1122 84.4143
6706.0616 84.3750
6705.1105 83.6521
6704.8043 83.3705
6704.1088 82.8502
6703.4348 82.3661
6703.1072 82.0985
6702.1851 81.3616
6702.1055 81.3015
6701.1038 80.6322
6700.7811 80.3571
6700.1022 79.8715
6699.4892 79.3527
6699.1005 79.0226
6698.3068 78.3482
6698.0988 78.1259
6697.3647 77.3438
6697.0972 77.0225
6696.5666 76.3393
6696.0955 75.6810
6695.8507 75.3348
6695.2379 74.3304
6695.0938 74.1557
6694.3742 73.3259
6694.0922 72.9976
6693.2666 72.3214
6693.0905 72.1745
6692.0888 71.5265
6691.7471 71.3170
6691.0871 70.8820
6690.1760 70.3125
6690.0855 70.2517
6689.0838 69.6249
6688.5787 69.3080
6688.0821 68.9783
6687.0805 68.3922
6686.9541 68.3036
6686.0788 67.6494
6685.5962 67.2991
6685.0771 66.8962
6684.2849 66.2946
6684.0755 66.1176
6683.0738 65.3201
6683.0388 65.2902
6682.0721 64.5043
6681.8040 64.2857
6681.0705 63.6412
6680.6512 63.2812
6680.0688 62.7703
6679.4236 62.2768
6679.0671 61.9641
6678.3464 61.2723
6678.0654 60.9865
6677.3464 60.2679
6677.0638 59.9810
6676.3680 59.2634
6676.0621 58.9275
6675.4614 58.2589
6675.0604 57.7315
6674.6773 57.2545
6674.0588 56.5137
6673.8243 56.2500
6673.0571 55.3283
6672.9811 55.2455
6672.0554 54.3634
6671.9075 54.2411
6671.0538 53.4992
6670.7442 53.2366
6670.0521 52.6922
6669.5156 52.2321
6669.0504 51.8455
6668.3073 51.2277
6668.0487 50.9762
6667.2468 50.2232
6667.0471 50.0452
6666.1494 49.2188
6666.0454 49.1151
6665.1281 48.2143
6665.0437 48.1205
6664.2089 47.2098
6664.0421 47.0314
6663.2218 46.2054
6663.0404 46.0259
6662.0670 45.2009
6662.0387 45.1827
6661.0371 44.6580
6660.2257 44.1964
6660.0354 44.0802
6659.0337 43.5121
6658.4893 43.1920
6658.0321 42.9271
6657.0304 42.2643
6656.9276 42.1875
6656.0287 41.5265
6655.6009 41.1830
6655.0270 40.6513
6654.5014 40.1786
6654.0254 39.6518
6653.5109 39.1741
6653.0237 38.7812
6652.3501 38.1696
6652.0220 37.9288
6651.0204 37.3103
6650.7888 37.1652
6650.0187 36.6063
6649.3972 36.1607
6649.0170 35.9341
6648.0154 35.2929
6647.8138 35.1562
6647.0137 34.7200
6646.0120 34.1590
6646.0003 34.1518
6645.0104 33.4939
6644.4238 33.1473
6644.0087 32.9173
6643.0070 32.2863
6642.7765 32.1429
6642.0053 31.7528
6641.0037 31.1783
6640.9380 31.1384
6640.0020 30.5507
6639.3443 30.1339
6639.0003 29.9391
6637.9987 29.3743
6637.5772 29.1295
6636.9970 28.8596
6635.9953 28.3404
6635.6362 28.1250
6634.9937 27.6580
6634.3158 27.1205
6633.9920 26.8413
6632.9903 26.1205
6632.9829 26.1161
6631.9886 25.6474
6630.9870 25.2103
6630.7601 25.1116
6629.9853 24.8982
6628.9836 24.5761
6627.9820 24.1291
6627.9413 24.1071
6626.9803 23.5588
6626.0743 23.1027
6625.9786 23.0398
6624.9770 22.2865
6624.7028 22.0982
6623.9753 21.7641
6622.9736 21.3309
6622.4678 21.0938
6621.9720 20.9149
6620.9703 20.5336
6619.9976 20.0893
6619.9686 20.0701
6618.9669 19.4009
6618.4092 19.0848
6617.9653 18.8806
6616.9636 18.3955
6616.3385 18.0804
6615.9619 17.9581
6614.9603 17.6339
6613.9586 17.2334
6613.6284 17.0759
6612.9569 16.7130
6611.9553 16.2318
6611.6222 16.0714
6610.9536 15.7750
6609.9519 15.3462
6609.2385 15.0670
6608.9503 14.9869
6607.9486 14.7149
6606.9469 14.3797
6606.1959 14.0625
6605.9452 13.9648
6604.9436 13.6129
6603.9419 13.2402
6603.5089 13.0580
6602.9402 12.7443
6601.9386 12.1899
6601.6695 12.0536
6600.9369 11.7422
6599.9352 11.3412
6599.3041 11.0491
6598.9336 10.9550
6597.9319 10.7579
6596.9302 10.5382
6595.9285 10.2851
6595.0654 10.0446
6594.9269 10.0026
6593.9252 9.7680
6592.9235 9.5924
6591.9219 9.4844
6590.9202 9.4158
6589.9185 9.3429
6588.9169 9.2330
6587.9152 9.0413
6587.9112 9.0402
6586.9135 8.6996
6585.9119 8.2933
6585.3996 8.0357
6584.9102 7.7737
6583.9085 7.1879
6583.6812 7.0312
6582.9068 6.4476
6582.3477 6.0268
6581.9052 5.6130
6581.3445 5.0223
6580.9035 4.4241
6580.6290 4.0179
6580.0298 3.0134
6579.9018 2.7343
6579.6032 2.0089
6579.3598 1.0045
6579.2791 0.0000
