6835.3760 224.3115
6835.0513 223.9955
6834.3743 223.3088
6834.0473 222.9911
6833.3726 222.3446
6833.0077 221.9866
6832.3710 221.3859
6831.9670 220.9821
6831.3693 220.3700
6830.9752 219.9777
6830.3676 219.3637
6829.9199 218.9732
6829.3659 218.5023
6828.8289 217.9688
6828.3643 217.5130
6827.7956 216.9643
6827.3626 216.4799
6826.8773 215.9598
6826.3609 215.4787
6825.8302 214.9554
6825.3593 214.5002
6824.8034 213.9509
6824.3576 213.4917
6823.8034 212.9464
6823.3559 212.5046
6822.7716 211.9420
6822.3543 211.5584
6821.7002 210.9375
6821.3526 210.6053
6820.6138 209.9330
6820.3509 209.6809
6819.5706 208.9286
6819.3492 208.7136
6818.5846 207.9241
6818.3476 207.6746
6817.6428 206.9196
6817.3459 206.6129
6816.6310 205.9152
6816.3442 205.6386
6815.5933 204.9107
6815.3426 204.6735
6814.5777 203.9062
6814.3409 203.6619
6813.5486 202.9018
6813.3392 202.6954
6812.4934 201.8973
6812.3376 201.7554
6811.3568 200.8929
6811.3359 200.8743
6810.3342 199.9095
6810.3119 199.8884
6809.3326 198.9418
6809.2725 198.8839
6808.3341 197.8795
6808.3309 197.8764
6807.3292 196.8962
6807.3074 196.8750
6806.3275 195.9119
6806.2838 195.8705
6805.3259 194.9681
6805.2247 194.8661
6804.3242 193.9897
6804.1804 193.8616
6803.3225 193.1085
6803.0466 192.8571
6802.3209 192.1819
6801.9853 191.8527
6801.3192 191.2130
6800.9458 190.8482
6800.3175 190.1737
6799.9987 189.8438
6799.3159 189.1864
6798.9620 188.8393
6798.3142 188.2193
6797.9147 187.8348
6797.3125 187.2575
6796.8768 186.8304
6796.3109 186.2756
6795.8334 185.8259
6795.3092 185.3318
6794.7507 184.8214
6794.3075 184.4209
6793.6501 183.8170
6793.3058 183.4964
6792.5597 182.8125
6792.3042 182.5628
6791.5470 181.8080
6791.3025 181.5532
6790.6050 180.8036
6790.3008 180.5156
6789.5364 179.7991
6789.2992 179.5687
6788.4437 178.7946
6788.2975 178.6572
6787.3883 177.7902
6787.2958 177.7040
6786.3386 176.7857
6786.2942 176.7433
6785.2925 175.9519
6785.1172 175.7812
6784.2908 174.9816
6784.0750 174.7768
6783.2891 174.0157
6783.0282 173.7723
6782.2875 173.1074
6781.9250 172.7679
6781.2858 172.1067
6780.9560 171.7634
6780.2841 171.1243
6779.9008 170.7589
6779.2825 170.1755
6778.8350 169.7545
6778.2808 169.2391
6777.7529 168.7500
6777.2791 168.2996
6776.6325 167.7455
6776.2775 167.4380
6775.5044 166.7411
6775.2758 166.5363
6774.3880 165.7366
6774.2741 165.6310
6773.3250 164.7321
6773.2725 164.6769
6772.3453 163.7277
6772.2708 163.6577
6771.2691 162.7499
6771.2418 162.7232
6770.2674 161.8103
6770.1691 161.7188
6769.2658 160.8491
6769.1103 160.7143
6768.2641 160.0130
6767.9203 159.7098
6767.2624 159.1482
6766.7979 158.7054
6766.2608 158.1673
6765.7393 157.7009
6765.2591 157.2662
6764.6236 156.6964
6764.2574 156.3714
6763.5287 155.6920
6763.2558 155.4235
6762.4914 154.6875
6762.2541 154.4513
6761.4430 153.6830
6761.2524 153.5130
6760.2979 152.6786
6760.2508 152.6379
6759.2491 151.7424
6759.1640 151.6741
6758.2474 150.9356
6757.9504 150.6696
6757.2457 150.0359
6756.8464 149.6652
6756.2441 149.1169
6755.7487 148.6607
6755.2424 148.1939
6754.6251 147.6562
6754.2407 147.3044
6753.5155 146.6518
6753.2391 146.3818
6752.5189 145.6473
6752.2374 145.3938
6751.3568 144.6429
6751.2357 144.5317
6750.2341 143.7580
6750.1011 143.6384
6749.2324 142.8375
6749.0037 142.6339
6748.2307 141.9702
6747.8442 141.6295
6747.2290 141.0825
6746.7191 140.6250
6746.2274 140.1724
6745.6119 139.6205
6745.2257 139.2779
6744.4413 138.6161
6744.2240 138.4320
6743.2451 137.6116
6743.2224 137.5891
6742.2500 136.6071
6742.2207 136.5802
6741.2190 135.7665
6741.0295 135.6027
6740.2174 134.9393
6739.8316 134.5982
6739.2157 134.0283
6738.7124 133.5938
6738.2140 133.1623
6737.5300 132.5893
6737.2124 132.3206
6736.3548 131.5848
6736.2107 131.4616
6735.2090 130.6284
6735.1522 130.5804
6734.2073 129.7880
6733.9614 129.5759
6733.2057 128.9166
6732.7852 128.5714
6732.2040 128.0781
6731.6449 127.5670
6731.2023 127.1738
6730.4685 126.5625
6730.2007 126.3394
6729.2847 125.5580
6729.1990 125.4851
6728.1973 124.6428
6728.0921 124.5536
6727.1957 123.8092
6726.8859 123.5491
6726.1940 122.9531
6725.7159 122.5446
6725.1923 122.1092
6724.5208 121.5402
6724.1907 121.2579
6723.1890 120.5668
6723.1534 120.5357
6722.1873 119.7021
6721.9862 119.5312
6721.1856 118.7746
6720.9107 118.5268
6720.1840 117.9653
6719.6483 117.5223
6719.1823 117.1180
6718.4290 116.5179
6718.1806 116.3063
6717.1985 115.5134
6717.1790 115.4976
6716.1773 114.7101
6715.9362 114.5089
6715.1756 113.8885
6714.6705 113.5045
6714.1740 113.1055
6713.4004 112.5000
6713.1723 112.3194
6712.1706 111.5048
6712.1596 111.4955
6711.1689 110.6258
6711.0200 110.4911
6710.1673 109.8022
6709.7694 109.4866
6709.1656 109.0020
6708.5427 108.4821
6708.1639 108.1694
6707.2787 107.4777
6707.1623 107.3801
6706.1606 106.6996
6705.8863 106.4732
6705.1589 105.8575
6704.6679 105.4688
6704.1573 105.0690
6703.3817 104.4643
6703.1556 104.2827
6702.1539 103.5718
6702.0207 103.4598
6701.1523 102.7527
6700.7679 102.4554
6700.1506 101.9253
6699.5911 101.4509
6699.1489 101.1024
6698.3426 100.4464
6698.1472 100.2796
6697.1456 99.6208
6696.9088 99.4420
6696.1439 98.8498
6695.6305 98.4375
6695.1422 98.0554
6694.3306 97.4330
6694.1406 97.2807
6693.1389 96.5689
6692.9613 96.4286
6692.1372 95.7886
6691.6636 95.4241
6691.1356 95.0050
6690.3897 94.4196
6690.1339 94.2193
6689.1322 93.5282
6688.9807 93.4152
6688.1306 92.7562
6687.7121 92.4107
6687.1289 91.9504
6686.4004 91.4062
6686.1272 91.2053
6685.1255 90.5086
6684.9867 90.4018
6684.1239 89.7843
6683.6044 89.3973
6683.1222 89.0125
6682.2559 88.3929
6682.1205 88.2911
6681.1189 87.5917
6680.8604 87.3884
6680.1172 86.8464
6679.3825 86.3839
6679.1155 86.1954
6678.1139 85.4434
6678.0293 85.3795
6677.1122 84.7148
6676.6642 84.3750
6676.1105 83.9492
6675.4000 83.3705
6675.1088 83.1500
6674.1072 82.4741
6673.9608 82.3661
6673.1055 81.7171
6672.6646 81.3616
6672.1038 80.9443
6671.2628 80.3571
6671.1022 80.2536
6670.1005 79.5714
6669.8587 79.3527
6669.0988 78.7062
6668.6979 78.3482
6668.0972 77.6908
6667.7998 77.3438
6667.0955 76.3841
6667.0575 76.3393
6666.4266 75.3348
6666.0938 74.8883
6665.6644 74.3304
6665.0922 73.7122
6664.6848 73.3259
6664.0905 72.7922
6663.3906 72.3214
6663.0888 72.0923
6662.0871 71.5158
6661.7486 71.3170
6661.0855 70.9091
6660.1161 70.3125
6660.0838 70.2906
6659.0821 69.6643
6658.5498 69.3080
6658.0805 68.9782
6657.0788 68.3309
6657.0404 68.3036
6656.0771 67.5914
6655.6738 67.2991
6655.0755 66.8429
6654.4003 66.2946
6654.0738 66.0093
6653.0721 65.3111
6653.0482 65.2902
6652.0705 64.4644
6651.8565 64.2857
6651.0688 63.5757
6650.7272 63.2812
6650.0671 62.7042
6649.5953 62.2768
6649.0654 61.7432
6648.5688 61.2723
6648.0638 60.7517
6647.5939 60.2679
6647.0621 59.7179
6646.6284 59.2634
6646.0604 58.6176
6645.7315 58.2589
6645.0588 57.3742
6644.9530 57.2545
6644.0571 56.2936
6644.0156 56.2500
6643.0911 55.2455
6643.0554 55.2097
6642.0538 54.3376
6641.9397 54.2411
6641.0521 53.4356
6640.8285 53.2366
6640.0504 52.5741
6639.6607 52.2321
6639.0487 51.7243
6638.4616 51.2277
6638.0471 50.8179
6637.4259 50.2232
6637.0454 49.8693
6636.3465 49.2188
6636.0437 48.9179
6635.2737 48.2143
6635.0421 47.9725
6634.3475 47.2098
6634.0404 46.8780
6633.3551 46.2054
6633.0387 45.9186
6632.1482 45.2009
6632.0371 45.1349
6631.0354 44.6231
6630.2573 44.1964
6630.0337 44.0582
6629.0321 43.4592
6628.6053 43.1920
6628.0304 42.8306
6627.1400 42.1875
6627.0287 42.1037
6626.0270 41.4071
6625.7610 41.1830
6625.0254 40.4868
6624.6806 40.1786
6624.0237 39.4599
6623.7423 39.1741
6623.0220 38.5349
6622.5979 38.1696
6622.0204 37.7770
6621.0198 37.1652
6621.0187 37.1644
6620.0170 36.4244
6619.6451 36.1607
6619.0154 35.7771
6618.0237 35.1562
6618.0137 35.1507
6617.0120 34.6415
6616.1668 34.1518
6616.0104 34.0391
6615.0087 33.3831
6614.6513 33.1473
6614.0070 32.7463
6613.0737 32.1429
6613.0053 32.1055
6612.0037 31.5969
6611.2216 31.1384
6611.0020 30.9917
6610.0003 30.3664
6609.6218 30.1339
6608.9987 29.7988
6607.9970 29.2748
6607.7524 29.1295
6606.9953 28.7623
6605.9937 28.1611
6605.9396 28.1250
6604.9920 27.3642
6604.6840 27.1205
6603.9903 26.5669
6603.2832 26.1161
6602.9886 25.9627
6601.9870 25.5392
6600.9970 25.1116
6600.9853 25.1082
6599.9836 24.8495
6598.9820 24.4850
6598.2213 24.1071
6597.9803 23.9632
6596.9786 23.3867
6596.4716 23.1027
6595.9770 22.7382
6595.0996 22.0982
6594.9753 22.0400
6593.9736 21.6392
6592.9720 21.2002
6592.7509 21.0938
6591.9703 20.7872
6590.9686 20.4081
6590.3085 20.0893
6589.9669 19.8623
6588.9653 19.2243
6588.7232 19.0848
6587.9636 18.7244
6586.9619 18.2290
6586.6683 18.0804
6585.9603 17.8465
6584.9586 17.4935
6584.0190 17.0759
6583.9569 17.0415
6582.9553 16.5361
6581.9536 16.1211
6581.8461 16.0714
6580.9519 15.6724
6579.9503 15.2457
6579.5092 15.0670
6578.9486 14.9025
6577.9469 14.6065
6576.9452 14.2382
6576.5307 14.0625
6575.9436 13.8431
6574.9419 13.4828
6573.9402 13.0745
6573.8977 13.0580
6572.9386 12.5837
6571.9890 12.0536
6571.9369 12.0301
6570.9352 11.6174
6569.9336 11.1537
6569.6845 11.0491
6568.9319 10.8853
6567.9302 10.6800
6566.9285 10.4647
6565.9269 10.2098
6565.1761 10.0446
6564.9252 9.9819
6563.9235 9.7805
6562.9219 9.6249
6561.9202 9.5238
6560.9185 9.4422
6559.9169 9.3367
6558.9152 9.1827
6558.3471 9.0402
6557.9135 8.9062
6556.9119 8.5001
6555.9102 8.0594
6555.8647 8.0357
6554.9085 7.5153
6554.1793 7.0312
6553.9068 6.8156
6552.9165 6.0268
6552.9052 6.0159
6551.9530 5.0223
6551.9035 4.9581
6551.2693 4.0179
6550.9018 3.4157
6550.6630 3.0134
6550.2581 2.0089
6550.0002 1.0045
6549.9121 0.0000
