7459.5259 224.4683
7460.1157 223.9955
7460.5275 223.6556
7461.3429 222.9911
7461.5292 222.8276
7462.4018 221.9866
7462.5309 221.8632
7463.3602 220.9821
7463.5326 220.7905
7464.2743 219.9777
7464.5342 219.6723
7465.1109 218.9732
7465.5359 218.4185
7465.9027 217.9688
7466.5376 217.1087
7466.6418 216.9643
7467.2414 215.9598
7467.5392 215.4644
7467.8734 214.9554
7468.4541 213.9509
7468.5409 213.8098
7469.0659 212.9464
7469.5426 212.0168
7469.5852 211.9420
7470.0657 210.9375
7470.4677 209.9330
7470.5442 209.7379
7470.8845 208.9286
7471.2223 207.9241
7471.5459 206.9948
7471.5747 206.9196
7471.9829 205.9152
7472.3409 204.9107
7472.5476 204.3861
7472.7551 203.9062
7473.1191 202.9018
7473.4962 201.8973
7473.5492 201.7736
7473.9456 200.8929
7474.3097 199.8884
7474.5509 199.1643
7474.6618 198.8839
7475.0029 197.8795
7475.3948 196.8750
7475.5526 196.5143
7475.8380 195.8705
7476.1991 194.8661
7476.5176 193.8616
7476.5543 193.7158
7476.7572 192.8571
7476.7262 191.8527
7476.5543 191.3154
7476.3962 190.8482
7475.9076 189.8438
7475.5526 189.3043
7475.1991 188.8393
7474.5509 188.0401
7474.3893 187.8348
7473.5492 186.9219
7473.4598 186.8304
7472.5771 185.8259
7472.5476 185.7949
7471.5459 184.9828
7470.7392 184.8214
7470.5442 184.7845
7470.4879 184.8214
7469.5426 185.6608
7469.4303 185.8259
7468.9387 186.8304
7468.5409 187.8049
7468.5277 187.8348
7468.0798 188.8393
7467.6091 189.8438
7467.5392 189.9681
7467.0764 190.8482
7466.6077 191.8527
7466.5376 192.0219
7466.1646 192.8571
7465.8414 193.8616
7465.5528 194.8661
7465.5359 194.9202
7465.2414 195.8705
7464.9179 196.8750
7464.5360 197.8795
7464.5342 197.8843
7464.1849 198.8839
7463.8466 199.8884
7463.5326 200.6144
7463.3977 200.8929
7462.9921 201.8973
7462.5973 202.9018
7462.5309 203.0669
7462.1862 203.9062
7461.8561 204.9107
7461.5292 205.8916
7461.5199 205.9152
7461.0733 206.9196
7460.6018 207.9241
7460.5275 208.0498
7460.0214 208.9286
7459.5259 209.8016
7459.4431 209.9330
7458.8888 210.9375
7458.5242 211.6379
7458.3289 211.9420
7457.6863 212.9464
7457.5225 213.1758
7457.0304 213.9509
7456.5209 214.6845
7456.3052 214.9554
7455.5192 215.9253
7455.4855 215.9598
7454.5995 216.9643
7454.5175 217.0394
7453.5159 217.9108
7453.4493 217.9688
7452.5142 218.6956
7452.0937 218.9732
7451.5125 219.3618
7450.5109 219.9667
7450.4932 219.9777
7449.5092 220.5218
7448.5075 220.9699
7448.4806 220.9821
7447.5058 221.3714
7446.5042 221.7322
7445.7940 221.9866
7445.5025 222.0989
7444.5008 222.4126
7443.4992 222.6701
7442.4975 222.8769
7441.7308 222.9911
7441.4958 223.0282
7440.4942 223.0998
7439.4925 223.1028
7438.4908 223.0606
7437.5335 222.9911
7437.4891 222.9880
7436.4875 222.8981
7435.4858 222.7921
7434.4841 222.6971
7433.4825 222.5787
7432.4808 222.4211
7431.4791 222.2159
7430.6822 221.9866
7430.4775 221.9270
7429.4758 221.6398
7428.4741 221.3213
7427.5540 220.9821
7427.4725 220.9482
7426.4708 220.5929
7425.4691 220.2496
7424.7935 219.9777
7424.4674 219.8354
7423.4658 219.3587
7422.7243 218.9732
7422.4641 218.8356
7421.4624 218.2867
7420.9980 217.9688
7420.4608 217.5845
7419.5911 216.9643
7419.4591 216.8527
7418.4574 216.0282
7418.3762 215.9598
7417.4558 215.2348
7417.1131 214.9554
7416.4541 214.4206
7415.8934 213.9509
7415.4524 213.5683
7414.7972 212.9464
7414.4508 212.6073
7413.7779 211.9420
7413.4491 211.6136
7412.7196 210.9375
7412.4474 210.6741
7411.8117 209.9330
7411.4457 209.4879
7410.9986 208.9286
7410.4441 208.1681
7410.2660 207.9241
7409.6611 206.9196
7409.4424 206.5404
7409.0816 205.9152
7408.5261 204.9107
7408.4407 204.7608
7408.0245 203.9062
7407.6126 202.9018
7407.4391 202.4925
7407.1865 201.8973
7406.8271 200.8929
7406.5116 199.8884
7406.4374 199.6261
7406.2402 198.8839
7406.0415 197.8795
7405.8621 196.8750
7405.6840 195.8705
7405.5168 194.8661
7405.4357 194.3466
7405.3625 193.8616
7405.2640 192.8571
7405.1530 191.8527
7405.0620 190.8482
7404.9723 189.8438
7404.9204 188.8393
7404.9013 187.8348
7404.9362 186.8304
7405.0053 185.8259
7405.0792 184.8214
7405.1462 183.8170
7405.2044 182.8125
7405.2590 181.8080
7405.2992 180.8036
7405.3453 179.7991
7405.4014 178.7946
7405.4140 177.7902
7405.4274 176.7857
7405.4240 175.7812
7405.4054 174.7768
7405.4047 173.7723
7405.3885 172.7679
7405.3713 171.7634
7405.3485 170.7589
7405.3097 169.7545
7405.2574 168.7500
7405.1966 167.7455
7405.1344 166.7411
7405.0726 165.7366
7404.9997 164.7321
7404.9293 163.7277
7404.8237 162.7232
7404.7079 161.7188
7404.5857 160.7143
7404.4537 159.7098
7404.4341 159.5626
7404.3275 158.7054
7404.1646 157.7009
7403.9952 156.6964
7403.8092 155.6920
7403.6251 154.6875
7403.4324 153.7771
7403.4104 153.6830
7403.1851 152.6786
7402.9643 151.6741
7402.7308 150.6696
7402.4493 149.6652
7402.4307 149.6067
7402.1454 148.6607
7401.8557 147.6562
7401.5397 146.6518
7401.4290 146.3285
7401.2178 145.6473
7400.9209 144.6429
7400.6196 143.6384
7400.4274 143.0998
7400.2359 142.6339
7399.8613 141.6295
7399.4673 140.6250
7399.4257 140.5315
7399.0144 139.6205
7398.5849 138.6161
7398.4240 138.2862
7398.1115 137.6116
7397.7405 136.6071
7397.4224 135.9370
7397.2478 135.6027
7396.7828 134.5982
7396.4207 133.8070
7396.2998 133.5938
7395.7501 132.5893
7395.4190 132.0231
7395.1915 131.5848
7394.7244 130.5804
7394.4174 129.9923
7394.1936 129.5759
7393.7541 128.5714
7393.4157 127.8223
7393.2754 127.5670
7392.7430 126.5625
7392.4140 125.9662
7392.1839 125.5580
7391.6561 124.5536
7391.4124 124.1331
7391.0725 123.5491
7390.5455 122.5446
7390.4107 122.3275
7389.9145 121.5402
7389.4090 120.6985
7389.2956 120.5357
7388.6691 119.5312
7388.4073 119.1005
7388.0707 118.5268
7387.4295 117.5223
7387.4057 117.4883
7386.7227 116.5179
7386.4040 116.0340
7386.0512 115.5134
7385.4023 114.5111
7385.4008 114.5089
7384.6882 113.5045
7384.4007 113.1194
7383.9657 112.5000
7383.3990 111.6041
7383.3161 111.4955
7382.6999 110.4911
7382.3973 110.0367
7381.9944 109.4866
7381.3957 108.6678
7381.2582 108.4821
7380.5775 107.4777
7380.3940 107.2322
7379.8565 106.4732
7379.3923 105.7334
7379.1814 105.4688
7378.3907 104.4938
7378.3669 104.4643
7377.5905 103.4598
7377.3890 103.2157
7376.8312 102.4554
7376.3873 101.7139
7376.1940 101.4509
7375.4544 100.4464
7375.3856 100.3584
7374.6359 99.4420
7374.3840 99.1431
7373.8125 98.4375
7373.3823 97.9075
7372.9735 97.4330
7372.3806 96.7113
7372.1355 96.4286
7371.3790 95.5247
7371.2934 95.4241
7370.4478 94.4196
7370.3773 94.3478
7369.5788 93.4152
7369.3756 93.1525
7368.7103 92.4107
7368.3740 92.0477
7367.8022 91.4062
7367.3723 90.9670
7366.8647 90.4018
7366.3706 89.8233
7365.9777 89.3973
7365.3689 88.7376
7365.0344 88.3929
7364.3673 87.6934
7364.0902 87.3884
7363.3656 86.6274
7363.1433 86.3839
7362.3639 85.4964
7362.2488 85.3795
7361.3623 84.4526
7361.2777 84.3750
7360.3606 83.5203
7360.2292 83.3705
7359.3589 82.4669
7359.2538 82.3661
7358.3573 81.4480
7358.2695 81.3616
7357.3556 80.5199
7357.2029 80.3571
7356.3539 79.5366
7356.1701 79.3527
7355.3523 78.5070
7355.1716 78.3482
7354.3506 77.5971
7354.1101 77.3438
7353.3489 76.6630
7353.0151 76.3393
7352.3472 75.6673
7351.9792 75.3348
7351.3456 74.7420
7350.9352 74.3304
7350.3439 73.8134
7349.8172 73.3259
7349.3422 72.9054
7348.7293 72.3214
7348.3406 71.9502
7347.5951 71.3170
7347.3389 71.0875
7346.5416 70.3125
7346.3372 70.1499
7345.4923 69.3080
7345.3356 69.1518
7344.3339 68.4274
7344.1783 68.3036
7343.3322 67.5779
7343.0397 67.2991
7342.3306 66.6626
7341.9810 66.2946
7341.3289 65.6783
7340.9009 65.2902
7340.3272 64.7587
7339.8613 64.2857
7339.3255 63.8073
7338.7782 63.2812
7338.3239 62.8380
7337.7775 62.2768
7337.3222 61.8170
7336.6937 61.2723
7336.3205 60.9210
7335.7349 60.2679
7335.3189 59.8095
7334.7980 59.2634
7334.3172 58.7841
7333.6382 58.2589
7333.3155 57.9200
7332.8153 57.2545
7332.3139 56.7110
7331.8711 56.2500
7331.3122 55.6645
7330.8908 55.2455
7330.3105 54.6460
7329.8983 54.2411
7329.3088 53.6279
7328.9211 53.2366
7328.3072 52.6128
7327.9053 52.2321
7327.3055 51.6793
7326.7810 51.2277
7326.3038 50.7498
7325.7149 50.2232
7325.3022 49.8829
7324.4636 49.2188
7324.3005 49.0819
7323.2988 48.3012
7323.1964 48.2143
7322.2972 47.3971
7322.0727 47.2098
7321.2955 46.6019
7320.7406 46.2054
7320.2938 45.9262
7319.2922 45.3324
7319.1029 45.2009
7318.2905 44.6408
7317.6023 44.1964
7317.2888 43.9661
7316.2871 43.2784
7316.1678 43.1920
7315.2855 42.5752
7314.8174 42.1875
7314.2838 41.6955
7313.6889 41.1830
7313.2821 40.8622
7312.2805 40.2005
7312.2467 40.1786
7311.2788 39.4962
7310.8311 39.1741
7310.2771 38.8405
7309.2755 38.2530
7309.1428 38.1696
7308.2738 37.7315
7307.2721 37.3641
7306.8758 37.1652
7306.2705 36.7942
7305.2688 36.1669
7305.2598 36.1607
7304.2671 35.5190
7303.7757 35.1562
7303.2654 34.7595
7302.4600 34.1518
7302.2638 33.9881
7301.2621 33.2422
7301.1242 33.1473
7300.2604 32.6159
7299.3821 32.1429
7299.2588 32.0888
7298.2571 31.7405
7297.2554 31.3447
7296.8557 31.1384
7296.2538 30.7281
7295.3383 30.1339
7295.2521 30.0836
7294.2504 29.5475
7293.4172 29.1295
7293.2487 29.0521
7292.2471 28.6271
7291.2454 28.1368
7291.2240 28.1250
7290.2437 27.6119
7289.2421 27.1258
7289.2328 27.1205
7288.2404 26.5944
7287.2447 26.1161
7287.2387 26.1130
7286.2371 25.6085
7285.2855 25.1116
7285.2354 25.0865
7284.2337 24.6252
7283.2321 24.1492
7283.1519 24.1071
7282.2304 23.6346
7281.2287 23.1190
7281.1972 23.1027
7280.2270 22.5210
7279.4723 22.0982
7279.2254 21.9767
7278.2237 21.6497
7277.2220 21.4080
7276.2204 21.1357
7276.1043 21.0938
7275.2187 20.7760
7274.2170 20.4276
7273.3876 20.0893
7273.2154 19.9946
7272.2137 19.5043
7271.4448 19.0848
7271.2120 18.9547
7270.2104 18.3721
7269.6855 18.0804
7269.2087 17.8615
7268.2070 17.5815
7267.2053 17.3884
7266.2037 17.1972
7265.7867 17.0759
7265.2020 16.8349
7264.2003 16.3574
7263.6542 16.0714
7263.1987 15.8159
7262.1970 15.2941
7261.7178 15.0670
7261.1953 14.8345
7260.1937 14.5685
7259.1920 14.3682
7258.1903 14.0865
7258.1297 14.0625
7257.1886 13.6261
7256.1870 13.1578
7255.9917 13.0580
7255.1853 12.6718
7254.1836 12.3222
7253.4015 12.0536
7253.1820 11.9777
7252.1803 11.7220
7251.1786 11.5524
7250.1770 11.4164
7249.1753 11.2080
7248.6927 11.0491
7248.1736 10.8432
7247.1720 10.4204
7246.3663 10.0446
7246.1703 9.9524
7245.1686 9.6133
7244.1669 9.3222
7243.1698 9.0402
7243.1653 9.0386
7242.1636 8.7160
7241.1619 8.4345
7240.1603 8.1489
7239.7637 8.0357
7239.1586 7.8942
7238.1569 7.7038
7237.1553 7.5188
7236.1536 7.2956
7235.2650 7.0312
7235.1519 6.9786
7234.1503 6.6372
7233.1486 6.4613
7232.1469 6.3566
7231.1452 6.2350
7230.1436 6.0519
7230.0400 6.0268
7229.1419 5.7875
7228.1402 5.5370
7227.1386 5.2962
7226.2410 5.0223
7226.1369 4.9887
7225.1352 4.7275
7224.1336 4.5338
7223.1319 4.3917
7222.1302 4.2057
7221.3620 4.0179
7221.1285 3.9650
7220.1269 3.7383
7219.1252 3.5300
7218.1235 3.3451
7217.1219 3.2176
7216.1202 3.1365
7215.1185 3.0721
7214.5509 3.0134
7214.1169 2.9624
7213.1152 2.7784
7212.1135 2.5604
7211.1119 2.4246
7210.1102 2.3622
7209.1085 2.3818
7208.1068 2.4202
7207.1052 2.4676
7206.1035 2.2812
7205.7238 2.0089
7205.1018 1.3749
7204.8843 1.0045
7204.6831 0.0000
