6322.52203 10.04184 0.24743 0.32508 117.01657
6323.16158 10.13147 0.25105 0.32799 117.48450
6324.16208 10.24984 0.25610 0.33182 117.92630
6325.16258 10.37214 0.26142 0.33578 118.38542
6326.16308 10.47261 0.26602 0.33903 118.54330
6327.16358 10.56314 0.27025 0.34196 118.65506
6328.16408 10.67097 0.27519 0.34545 118.84197
6329.16458 10.77510 0.27999 0.34882 118.96017
6330.16508 10.89696 0.28533 0.35277 119.26925
6331.16558 11.04086 0.29142 0.35743 119.82836
6331.19662 11.04603 0.29163 0.35759 119.85382
6332.16608 11.21369 0.29838 0.36302 120.71329
6333.16658 11.37666 0.30488 0.36830 121.42807
6334.16708 11.51466 0.31058 0.37276 121.78421
6335.16758 11.63351 0.31568 0.37661 122.02792
6336.16808 11.78161 0.32204 0.38141 122.49470
6337.16858 11.93415 0.32868 0.38634 122.98284
6337.84746 12.05021 0.33370 0.39010 123.47264
6338.16908 12.10340 0.33600 0.39182 123.67468
6339.16958 12.24819 0.34240 0.39651 124.03284
6340.17009 12.38628 0.34833 0.40098 124.26712
6341.17059 12.53406 0.35433 0.40577 124.52457
6342.17109 12.69010 0.36050 0.41082 124.81649
6343.17159 12.84038 0.36621 0.41568 124.91113
6344.17209 13.00548 0.37219 0.42103 125.16661
6344.41236 13.05439 0.37412 0.42261 125.32484
6345.17259 13.21121 0.37982 0.42769 125.69217
6346.17309 13.40471 0.38699 0.43395 126.07917
6347.17359 13.57498 0.39378 0.43946 126.31969
6348.17409 13.76454 0.40128 0.44560 126.81230
6349.17459 13.98570 0.41006 0.45276 127.75587
6349.47279 14.05858 0.41292 0.45512 128.12369
6350.17509 14.21156 0.41891 0.46007 128.71620
6351.17559 14.38763 0.42609 0.46577 129.04700
6352.17609 14.54605 0.43284 0.47090 129.10853
6353.17659 14.69644 0.43922 0.47577 129.24086
6354.17709 14.87695 0.44673 0.48161 129.47646
6355.08734 15.06276 0.45422 0.48763 129.92180
6355.17759 15.08279 0.45502 0.48828 129.98301
6356.17809 15.30639 0.46386 0.49551 130.66215
6357.17859 15.51511 0.47205 0.50227 131.14726
6358.17909 15.72798 0.48032 0.50916 131.63479
6359.17959 15.95067 0.48907 0.51637 132.19539
6359.65685 16.06695 0.49367 0.52014 132.56580
6360.18009 16.18867 0.49853 0.52408 132.88867
6361.18059 16.39338 0.50692 0.53070 133.17369
6362.18109 16.56889 0.51402 0.53638 133.33013
6363.18159 16.76396 0.52168 0.54270 133.46089
6364.18209 17.00667 0.53089 0.55056 134.07748
6364.41421 17.07113 0.53331 0.55264 134.30455
6365.18259 17.27617 0.54114 0.55928 134.95132
6366.18309 17.49809 0.54998 0.56647 135.27068
6367.18359 17.71787 0.55875 0.57358 135.53526
6368.18409 17.96481 0.56836 0.58157 136.06182
6368.59933 18.07531 0.57255 0.58515 136.35959
6369.18459 18.23774 0.57864 0.59041 136.82014
6370.18509 18.48076 0.58773 0.59828 137.30349
6371.18559 18.69797 0.59605 0.60531 137.57809
6372.18609 18.94946 0.60581 0.61345 137.99515
6372.66550 19.07950 0.61085 0.61766 138.29410
6373.18659 19.22353 0.61641 0.62232 138.63561
6374.18709 19.48629 0.62642 0.63083 139.12250
6375.18759 19.73824 0.63586 0.63899 139.46429
6376.18809 20.01541 0.64624 0.64796 140.03769
6376.41809 20.08368 0.64877 0.65017 140.21022
6377.18859 20.30912 0.65708 0.65747 140.74957
6378.18909 20.56400 0.66676 0.66572 140.97174
6379.18959 20.79042 0.67526 0.67305 141.17393
6380.19010 21.08235 0.68617 0.68250 141.76138
6380.20684 21.08787 0.68637 0.68268 141.77744
6381.19060 21.40316 0.69808 0.69288 142.67383
6382.19110 21.67385 0.70836 0.70165 142.99442
6383.19160 21.93750 0.71794 0.71018 143.10413
6383.69067 22.09205 0.72291 0.71519 143.21129
6384.19210 22.26743 0.72865 0.72086 143.51574
6385.19260 22.60974 0.73952 0.73195 143.98166
6386.19310 22.92856 0.75059 0.74227 144.48691
6386.66917 23.09623 0.75657 0.74769 144.94836
6387.19360 23.27117 0.76300 0.75336 145.37393
6388.19410 23.54603 0.77324 0.76226 145.78900
6389.19460 23.83045 0.78375 0.77146 146.06466
6390.07702 24.10042 0.79358 0.78020 146.42110
6390.19510 24.14061 0.79504 0.78150 146.50456
6391.19560 24.47506 0.80706 0.79233 147.14147
6392.19610 24.76188 0.81718 0.80162 147.30797
6393.13633 25.10460 0.82970 0.81271 148.13873
6393.19660 25.12828 0.83057 0.81348 148.20720
6394.19710 25.46360 0.84266 0.82433 148.77231
6395.19760 25.79251 0.85445 0.83498 149.25183
6396.16733 26.10879 0.86538 0.84522 149.67553
6396.19810 26.11922 0.86574 0.84556 149.69973
6397.19860 26.41885 0.87618 0.85526 150.11880
6398.19910 26.73391 0.88764 0.86546 150.36417
6399.19960 27.08730 0.90058 0.87690 150.98054
6399.26688 27.11297 0.90150 0.87773 151.03787
6400.20010 27.45941 0.91372 0.88894 151.73466
6401.20060 27.77007 0.92456 0.89900 151.89866
6402.20110 28.11662 0.93686 0.91022 152.36894
6402.20256 28.11715 0.93688 0.91024 152.36990
6403.20160 28.48906 0.95043 0.92228 153.05627
6404.20210 28.84644 0.96292 0.93385 153.58648
6404.91915 29.12134 0.97215 0.94275 154.07731
6405.20260 29.23570 0.97619 0.94645 154.33647
6406.20310 29.56741 0.98826 0.95719 154.86988
6407.20360 29.92840 1.00171 0.96887 155.39349
6407.71332 30.12552 1.00879 0.97525 155.77978
6408.20410 30.33842 1.01623 0.98215 156.28941
6409.20460 30.72987 1.02792 0.99482 156.58163
6410.17388 31.12971 1.04079 1.00776 156.98905
6410.20510 31.14336 1.04124 1.00820 157.01013
6411.20560 31.54354 1.05553 1.02116 157.63511
6412.20610 31.92309 1.06864 1.03345 158.21058
6412.73031 32.13389 1.07610 1.04027 158.59740
6413.20660 32.34064 1.08355 1.04696 159.04698
6414.20710 32.71090 1.09719 1.05895 159.57030
6415.20760 33.06588 1.11007 1.07044 159.95522
6415.37955 33.13808 1.11262 1.07278 160.08007
6416.20810 33.48723 1.12427 1.08408 160.72851
6417.20860 33.86172 1.13790 1.09621 161.08844
6417.91429 34.14226 1.14834 1.10529 161.47297
6418.20910 34.27722 1.15339 1.10966 161.77110
6419.20960 34.68217 1.16738 1.12277 162.33780
6420.21011 35.04799 1.17971 1.13461 162.55567
6420.41938 35.14644 1.18317 1.13780 162.78050
6421.21061 35.53018 1.19816 1.15022 163.71516
6422.21111 35.94587 1.21295 1.16368 164.30034
6422.68502 36.15063 1.22003 1.17030 164.60385
6423.21161 36.39726 1.22846 1.17829 165.22526
6424.21211 36.77772 1.24216 1.19061 165.69631
6425.08736 37.15481 1.25620 1.20281 166.22694
6425.21261 37.21200 1.25825 1.20466 166.33248
6426.21311 37.63202 1.27227 1.21826 166.85605
6427.21361 38.06828 1.28852 1.23238 167.48111
6427.41069 38.15900 1.29184 1.23532 167.63659
6428.21411 38.54959 1.30599 1.24797 168.42096
6429.21461 38.94865 1.31956 1.26088 168.74151
6429.71726 39.16318 1.32700 1.26783 169.02842
6430.21511 39.41635 1.33608 1.27603 169.59442
6431.21561 39.90856 1.35319 1.29196 170.18711
6431.74553 40.16736 1.36099 1.30034 170.49793
6432.21611 40.39203 1.36776 1.30761 170.89117
6433.21661 40.81132 1.38125 1.32118 171.20674
6434.06674 41.17155 1.39527 1.33285 171.60422
6434.21711 41.24462 1.39804 1.33521 171.73431
6435.21761 41.75280 1.41636 1.35166 172.72721
6436.12652 42.17573 1.43068 1.36535 173.31552
6436.21811 42.22582 1.43250 1.36698 173.43182
6437.21861 42.73460 1.45143 1.38345 174.38569
6438.17058 43.17992 1.46687 1.39786 174.99275
6438.21911 43.20344 1.46759 1.39862 175.02878
6439.21961 43.65926 1.48286 1.41338 175.53783
6440.22011 44.09554 1.49955 1.42750 175.88573
6440.39210 44.18410 1.50290 1.43037 176.04138
6441.22061 44.62542 1.51830 1.44466 177.11288
6442.22111 45.07511 1.53331 1.45922 177.62352
6442.45209 45.18828 1.53756 1.46288 177.77882
6443.22161 45.59245 1.55288 1.47596 178.52157
6444.22211 46.03533 1.56746 1.49030 178.85562
6444.51940 46.19247 1.57255 1.49539 179.13310
6445.22261 46.57691 1.58636 1.50783 179.87626
6446.22311 47.05451 1.60432 1.52330 180.42161
6446.49030 47.19665 1.60966 1.52790 180.66428
6447.22361 47.59250 1.62258 1.54071 181.43300
6448.22411 48.05782 1.63933 1.55578 181.85285
6448.49793 48.20084 1.64430 1.56041 181.99659
6449.22461 48.63806 1.65811 1.57456 182.57856
6450.22511 49.12124 1.67209 1.59020 183.17319
6450.36305 49.20502 1.67488 1.59291 183.36752
6451.22561 49.69745 1.69358 1.60886 184.37345
6452.22611 50.18316 1.71140 1.62458 184.89315
6452.27421 50.20921 1.71225 1.62542 184.93534
6453.22661 50.71971 1.72873 1.64195 185.75098
6454.17249 51.21339 1.74714 1.65793 186.46138
6454.22711 51.24461 1.74826 1.65894 186.52021
6455.22761 51.73453 1.76484 1.67480 187.04704
6456.20085 52.21757 1.78083 1.69044 187.59932
6456.22811 52.23412 1.78145 1.69098 187.63439
6457.22861 52.81088 1.80279 1.70965 188.71354
6457.98266 53.22176 1.81675 1.72295 189.34758
6458.22911 53.36594 1.82131 1.72762 189.62420
6459.22961 53.86597 1.83933 1.74380 190.46933
6459.86975 54.22594 1.85231 1.75546 191.07785
6460.23012 54.43299 1.85905 1.76216 191.44415
6461.23062 54.92600 1.87469 1.77812 191.95822
6461.74885 55.23013 1.88598 1.78796 192.52814
6462.23112 55.53313 1.89775 1.79777 193.17945
6463.23162 56.04885 1.91385 1.81447 193.80847
6463.56909 56.23431 1.91997 1.82047 194.09969
6464.23212 56.63102 1.93404 1.83332 194.87252
6465.23262 57.19042 1.95391 1.85143 195.80951
6465.31723 57.23849 1.95526 1.85298 195.87942
6466.23312 57.80594 1.97090 1.87135 196.65811
6466.96931 58.24268 1.98523 1.88549 197.25301
6467.23362 58.38842 1.99047 1.89021 197.54809
6468.23412 58.92775 2.00804 1.90767 198.54293
6468.81141 59.24686 2.01798 1.91800 199.03035
6469.23462 59.50142 2.02712 1.92624 199.51814
6470.23512 60.07325 2.04715 1.94475 200.50471
6470.52986 60.25105 2.05279 1.95051 200.84228
6471.23562 60.65461 2.06376 1.96357 201.53855
6472.23612 61.22232 2.08489 1.98195 202.51206
6472.29034 61.25523 2.08605 1.98302 202.57632
6473.23662 61.78879 2.10214 2.00029 203.47992
6474.08109 62.25941 2.11653 2.01552 204.27562
6474.23712 62.36488 2.12049 2.01894 204.52076
6475.23762 62.95292 2.14021 2.03797 205.64041
6475.77169 63.26360 2.14845 2.04803 206.21281
6476.23812 63.55905 2.15769 2.05760 206.88843
6477.23862 64.07105 2.17570 2.07417 207.80960
6477.55058 64.26778 2.18233 2.08054 208.22558
6478.23912 64.69766 2.19281 2.09446 209.14064
6479.23962 65.23908 2.20994 2.11198 210.11755
6479.29493 65.27197 2.21116 2.11305 210.19343
6480.24012 65.89627 2.22932 2.13326 211.57532
6480.83322 66.27615 2.23685 2.14556 212.21830
6481.24062 66.53734 2.24237 2.15401 212.67711
6482.24112 67.16363 2.26120 2.17429 214.05572
6482.42809 67.28033 2.26416 2.17807 214.33808
6483.24162 67.77024 2.27551 2.19393 215.43045
6484.06665 68.28452 2.28880 2.21057 216.62409
6484.24212 68.40086 2.29223 2.21434 216.90738
6485.24262 68.92769 2.30378 2.23140 218.09758
6485.82668 69.28870 2.31175 2.24308 218.98531
6486.24312 69.57155 2.32006 2.25224 219.70840
6487.24362 70.13561 2.33141 2.27050 221.02237
6487.48087 70.29289 2.33461 2.27559 221.42737
6488.24412 70.81865 2.34644 2.29261 222.82784
6489.06461 71.29707 2.35670 2.30810 224.03317
6489.24462 71.40712 2.35862 2.31166 224.32379
6490.24512 72.01266 2.36867 2.33127 225.92114
6490.72366 72.30126 2.37528 2.34061 226.71627
6491.24562 72.64264 2.38108 2.35166 227.66097
6492.24612 73.26015 2.39020 2.37165 229.41339
6492.31818 73.30544 2.39089 2.37312 229.54241
6493.24662 73.90105 2.40156 2.39240 231.26802
6493.91552 74.30962 2.40731 2.40563 232.49565
6494.24712 74.53105 2.41054 2.41279 233.16247
6495.24762 75.12977 2.41951 2.43218 234.93632
6495.52259 75.31381 2.42175 2.43813 235.45684
6496.24812 75.81367 2.42744 2.45432 236.87210
6497.01925 76.31799 2.43297 2.47064 238.46588
6497.24862 76.47017 2.43562 2.47557 238.95416
6498.24912 77.11241 2.44629 2.49636 241.07046
6498.59033 77.32218 2.44790 2.50315 241.77075
6499.24962 77.73773 2.45147 2.51660 243.20712
6500.21432 78.32636 2.46954 2.53566 245.27884
6500.25013 78.35080 2.47030 2.53645 245.36215
6501.25063 78.98505 2.47881 2.55698 247.65720
6501.79558 79.33054 2.49274 2.56817 248.93878
6502.25113 79.63872 2.53158 2.57814 250.05521
6503.25163 80.20581 2.63068 2.59650 252.23250
6503.45178 80.33473 2.65254 2.60068 252.72906
6504.25213 80.86294 2.69591 2.61778 254.80179
6505.01897 81.33891 2.67871 2.63318 256.84032
6505.25263 81.49385 2.67200 2.63820 257.49001
6506.25313 82.12752 2.66130 2.65871 260.33207
6506.56512 82.34310 2.66362 2.66569 261.27071
6507.25363 82.81224 2.67467 2.68088 263.39200
6508.10951 83.34728 2.68349 2.69820 266.19077
6508.25413 83.46376 2.68570 2.70197 266.66238
6509.25463 84.19016 2.70413 2.72549 270.24648
6509.46896 84.35146 2.71096 2.73071 271.04907
6510.25513 84.89132 2.74586 2.74819 274.02563
6510.95241 85.35565 2.76918 2.76322 276.85617
6511.25563 85.56795 2.77415 2.77009 278.16134
6512.25613 86.13672 2.78566 2.78850 282.15304
6512.59207 86.35983 2.79126 2.79573 283.63447
6513.25663 86.82567 2.80525 2.81081 286.76587
6514.16138 87.36402 2.82236 2.82824 291.50032
6514.25713 87.42699 2.82457 2.83027 291.99478
6515.25763 88.16060 2.84792 2.85402 296.98721
6515.55618 88.36820 2.85401 2.86074 298.56864
6516.25813 88.84227 2.86816 2.87609 302.37923
6517.07079 89.37238 2.88385 2.89325 307.06176
6517.25863 89.50779 2.88789 2.89764 308.10594
6518.25913 90.13496 2.90634 2.91794 314.33807
6518.60038 90.37657 2.91376 2.92576 316.27687
6519.25963 90.88216 2.92965 2.94213 319.81695
6520.05257 91.38075 2.94518 2.95827 324.85136
6520.26013 91.51567 2.94949 2.96264 325.81424
6521.26063 92.13897 2.96994 2.98281 331.56918
6521.63011 92.38494 2.97817 2.99078 333.99096
6522.26113 92.84893 2.99284 3.00580 337.78915
6522.96392 93.38912 3.00901 3.02329 342.30039
6523.26163 93.61847 3.01630 3.03071 344.08042
6524.26213 94.31541 3.04090 3.05327 350.02485
6524.37028 94.39331 3.04369 3.05579 350.64666
6525.26263 94.99914 3.06522 3.07541 356.26877
6525.84101 95.39749 3.07953 3.08830 359.85954
6526.26313 95.69739 3.09025 3.09801 362.31394
6527.26363 96.38373 3.11524 3.12023 368.40319
6527.28755 96.40167 3.11588 3.12081 368.53058
6528.26413 97.11029 3.14154 3.14375 373.90437
6528.71113 97.40586 3.15235 3.15332 376.99284
6529.26463 97.80847 3.16699 3.16635 379.76399
6530.19879 98.41004 3.18891 3.18583 384.36882
6530.26513 98.45371 3.19050 3.18724 384.77669
6531.26563 99.15341 3.21603 3.20989 390.60343
6531.62160 99.41423 3.22550 3.21834 392.44011
6532.26613 99.89281 3.24280 3.23383 395.68054
6533.04449 100.41841 3.26191 3.25085 400.33496
6533.26663 100.58848 3.26815 3.25635 401.28220
6534.26713 101.30093 3.29357 3.27942 406.81946
6534.42822 101.42259 3.29742 3.28335 407.80385
6535.26763 102.10956 3.31925 3.30559 412.15960
6535.66615 102.42678 3.33056 3.31586 413.72879
6536.26813 102.86001 3.34646 3.32989 416.66007
6537.10758 103.43096 3.36689 3.34837 421.46529
6537.26863 103.55256 3.37123 3.35231 422.27014
6538.26913 104.18325 3.39392 3.37272 427.27676
6538.61811 104.43515 3.40286 3.38088 428.50413
6539.26963 104.93638 3.42068 3.39711 431.28169
6539.96154 105.43933 3.43856 3.41339 434.56819
6540.27014 105.66861 3.44674 3.42081 435.95243
6541.27064 106.39814 3.47269 3.44443 440.60754
6541.33213 106.44351 3.47430 3.44590 440.88257
6542.27114 107.10264 3.49765 3.46723 445.60842
6542.73744 107.44770 3.50987 3.47840 447.65204
6543.27164 107.88417 3.52519 3.49253 449.33361
6544.04323 108.45188 3.54516 3.51091 452.69938
6544.27214 108.62444 3.55121 3.51650 453.66261
6545.27264 109.33376 3.57618 3.53946 458.44580
6545.43680 109.45607 3.58047 3.54342 459.13675
6546.27314 110.07976 3.60272 3.56361 462.49773
6546.79789 110.46025 3.61557 3.57593 465.07359
6547.27364 110.86161 3.62761 3.58892 466.35508
6548.03662 111.46444 3.64701 3.60844 468.65085
6548.27414 111.64408 3.65330 3.61425 469.64763
6549.27464 112.35573 3.67846 3.63729 474.16031
6549.42281 112.46862 3.68237 3.64095 474.70983
6550.27514 113.09864 3.70435 3.66134 478.24710
6550.78904 113.47280 3.71740 3.67346 480.40802
6551.27564 113.85880 3.73078 3.68595 481.96341
6552.11348 114.47699 3.75223 3.70596 485.36381
6552.27614 114.60403 3.75665 3.71008 485.91401
6553.27664 115.34900 3.78250 3.73419 489.83569
6553.44843 115.48117 3.78707 3.73847 490.45352
6554.27714 116.13809 3.80974 3.75974 493.02543
6554.72439 116.48536 3.82174 3.77098 494.55093
6555.27764 116.91018 3.83645 3.78473 496.59096
6556.18743 117.48954 3.85654 3.80349 499.98398
6556.27814 117.55541 3.85880 3.80562 500.27084
6557.27864 118.36678 3.88682 3.83189 503.11798
6557.44645 118.49372 3.89127 3.83600 503.67642
6558.27914 119.21056 3.91439 3.85920 505.94329
6558.61450 119.49791 3.92290 3.86851 507.27858
6559.27964 120.01973 3.93987 3.88540 509.87632
6559.91674 120.50209 3.95677 3.90101 512.01006
6560.28014 120.78367 3.96642 3.91013 513.20076
6561.28064 121.50501 3.99123 3.93348 517.35896
6561.28226 121.50628 3.99128 3.93352 517.36407
6562.28114 122.31117 4.01887 3.95958 520.14589
6562.52644 122.51046 4.02568 3.96603 520.80469
6563.28164 123.11406 4.04633 3.98557 522.96448
6563.78115 123.51464 4.06003 3.99854 524.38429
6564.28214 123.92353 4.07402 4.01178 525.84367
6565.20683 124.51883 4.09452 4.03105 529.31296
6565.28264 124.57446 4.09642 4.03285 529.46617
6566.28314 125.38890 4.12414 4.05921 531.98262
6566.45120 125.52301 4.12873 4.06356 532.47003
6567.28364 126.18422 4.15135 4.08496 534.86724
6567.71379 126.52720 4.16304 4.09606 536.05254
6568.28414 126.98962 4.17874 4.11103 537.60544
6568.98665 127.53138 4.19735 4.12857 539.85356
6569.28464 127.79072 4.20634 4.13697 540.32549
6570.21381 128.53556 4.22971 4.16108 543.85211
6570.28514 128.59612 4.23145 4.16304 544.14826
6571.28564 129.46594 4.25975 4.19120 546.50911
6571.37234 129.53975 4.26234 4.19359 546.64297
6572.28614 130.26451 4.28700 4.21705 549.23669
6572.64446 130.54393 4.29650 4.22610 550.48721
6573.28664 131.04367 4.31355 4.24228 552.07431
6573.96754 131.54812 4.33068 4.25861 553.35496
6574.28714 131.81342 4.33971 4.26720 554.02533
6575.21290 132.55230 4.36487 4.29112 556.79204
6575.28764 132.61296 4.36693 4.29308 556.98014
6576.28814 133.39859 4.39365 4.31851 559.99444
6576.48443 133.55649 4.39904 4.32362 560.53077
6577.28864 134.21094 4.42125 4.34481 562.61961
6577.70609 134.56067 4.43309 4.35613 563.55127
6578.28914 135.07188 4.45037 4.37268 564.51002
6578.90512 135.56485 4.46712 4.38864 566.27641
6579.28964 135.88899 4.47816 4.39913 567.07465
6580.15961 136.56904 4.50131 4.42115 569.70810
6580.29015 136.68596 4.50493 4.42493 570.04158
6581.25553 137.57322 4.53168 4.45366 572.52180
6581.29065 137.60282 4.53267 4.45462 572.60387
6582.29115 138.39894 4.56007 4.48039 575.35198
6582.54228 138.57741 4.56610 4.48617 575.99250
6583.29165 139.14535 4.58526 4.50455 577.45960
6583.81133 139.58159 4.60004 4.51867 578.67872
6584.29215 139.98190 4.61361 4.53163 579.82825
6585.03433 140.58577 4.63406 4.55118 581.73347
6585.29265 140.80981 4.64164 4.55844 582.21751
6586.25885 141.58996 4.66810 4.58369 584.82406
6586.29315 141.62046 4.66912 4.58468 584.87865
6587.29365 142.47435 4.69798 4.61232 586.93669
6587.44167 142.59414 4.70202 4.61620 587.33595
6588.29415 143.30769 4.72616 4.63930 589.30189
6588.62767 143.59833 4.73602 4.64871 589.89520
6589.29465 144.15035 4.75467 4.66658 591.50297
6589.86000 144.60251 4.76996 4.68122 593.08220
6590.29515 144.97941 4.78270 4.69342 594.00831
6591.10884 145.60669 4.80416 4.71373 595.98253
6591.29565 145.77921 4.80974 4.71931 595.84549
6592.19165 146.61088 4.83442 4.74623 597.72652
6592.29615 146.69722 4.83721 4.74903 598.07303
6593.29665 147.49774 4.86455 4.77494 600.78306
6593.43565 147.61506 4.86854 4.77874 601.09116
6594.29715 148.33918 4.89297 4.80218 603.09450
6594.63282 148.61925 4.90245 4.81125 603.89619
6595.29765 149.22266 4.92273 4.83079 604.79482
6595.75744 149.62343 4.93629 4.84376 605.65557
6596.29815 150.09028 4.95200 4.85887 606.71920
6596.93629 150.62762 4.97018 4.87627 608.17492
6597.29865 150.94071 4.98074 4.88640 608.88844
6598.12888 151.63180 5.00408 4.90878 610.90193
6598.29915 151.78206 5.00916 4.91364 611.20086
6599.29965 152.61476 5.03728 4.94060 613.61612
6599.32584 152.63598 5.03800 4.94128 613.69457
6600.30015 153.44526 5.06522 4.96748 615.61858
6600.54516 153.64017 5.07184 4.97379 615.77113
6601.30065 154.27302 5.09327 4.99428 617.10844
6601.71366 154.64435 5.10434 5.00630 618.43530
6602.30115 155.19147 5.12071 5.02401 619.95812
6602.80490 155.64854 5.13612 5.03881 620.66569
6603.30165 156.09714 5.15135 5.05333 621.34368
6603.92903 156.65272 5.16999 5.07132 622.47788
6604.30215 156.98074 5.18108 5.08194 623.15848
6605.10874 157.65690 5.20394 5.10383 625.06837
6605.30265 157.82431 5.20957 5.10925 625.47215
6606.30315 158.65121 5.23748 5.13602 628.01267
6606.31451 158.66109 5.23781 5.13634 628.03529
6607.30365 159.53889 5.26733 5.16475 629.75211
6607.44710 159.66527 5.27158 5.16884 630.00925
6608.30415 160.44926 5.29790 5.19422 631.35231
6608.57442 160.66946 5.30534 5.20135 631.88585
6609.30465 161.24359 5.32473 5.21994 632.90539
6609.80973 161.67364 5.33921 5.23386 633.97895
6610.30515 162.11140 5.35395 5.24803 634.96848
6611.00555 162.67782 5.37306 5.26637 636.89883
6611.30565 162.94160 5.38205 5.27491 637.42189
6612.10495 163.68201 5.40616 5.29888 638.77046
6612.30615 163.88100 5.41189 5.30532 639.24871
6613.14733 164.68619 5.43702 5.33139 640.77111
6613.30665 164.83007 5.44195 5.33604 640.98615
6614.30715 165.67974 5.47073 5.36355 643.23407
6614.31903 165.69038 5.47108 5.36389 643.25547
6615.30765 166.60865 5.50189 5.39362 644.52692
6615.40466 166.69456 5.50478 5.39640 644.70759
6616.30815 167.50100 5.53189 5.42251 646.31199
6616.52861 167.69874 5.53855 5.42891 646.67722
6617.30865 168.39979 5.56205 5.45161 648.11094
6617.68526 168.70293 5.57231 5.46142 649.10239
6618.30915 169.20890 5.58930 5.47780 649.82108
6618.89648 169.70711 5.60602 5.49393 650.82550
6619.30965 170.08935 5.61891 5.50630 651.52795
6619.98448 170.71130 5.63975 5.52644 652.48555
6620.31016 171.00678 5.64956 5.53600 653.04058
6621.10965 171.71548 5.67377 5.55895 654.40152
6621.31066 171.91314 5.68023 5.56534 654.60320
6622.15912 172.71967 5.70414 5.59145 656.76357
6622.31116 172.86149 5.70853 5.59605 657.11837
6623.25683 173.72385 5.73766 5.62396 658.53428
6623.31166 173.77346 5.73934 5.62557 658.62326
6624.31216 174.66473 5.76918 5.65442 660.51800
6624.38232 174.72803 5.77130 5.65647 660.63868
6625.31266 175.57387 5.79976 5.68385 662.13522
6625.48916 175.73222 5.80507 5.68898 662.47674
6626.31316 176.46733 5.82967 5.71278 663.82680
6626.65449 176.73640 5.83871 5.72149 664.28710
6627.31366 177.28396 5.85713 5.73921 665.38351
6627.81879 177.74059 5.87248 5.75400 666.39970
6628.31416 178.19056 5.88752 5.76856 667.21254
6628.92289 178.74477 5.90613 5.78650 668.21249
6629.31466 179.10461 5.91822 5.79815 668.83198
6630.04488 179.74895 5.93980 5.81901 670.27228
6630.31516 180.00359 5.94830 5.82726 670.64129
6631.14542 180.75314 5.97371 5.85152 672.03173
6631.31566 180.91897 5.97941 5.85689 672.13263
6632.13510 181.75732 6.00461 5.88403 673.42226
6632.31616 181.92616 6.00965 5.88950 673.92344
6633.26843 182.76151 6.03763 5.91654 675.94697
6633.31666 182.80750 6.03918 5.91803 675.99786
6634.31716 183.73033 6.07000 5.94790 677.55724
6634.35542 183.76569 6.07119 5.94905 677.61332
6635.31766 184.69386 6.10221 5.97909 678.72556
6635.41073 184.76987 6.10476 5.98156 678.91282
6636.31816 185.49956 6.12928 6.00518 680.28006
6636.61562 185.77406 6.13845 6.01406 680.71983
6637.31866 186.42135 6.16014 6.03502 681.97131
6637.71686 186.77824 6.17214 6.04657 682.68359
6638.31916 187.35089 6.19126 6.06511 683.44689
6638.79063 187.78243 6.20574 6.07908 684.22700
6639.31966 188.27074 6.22208 6.09489 685.05526
6639.86546 188.78661 6.23926 6.11159 685.81346
6640.32016 189.20312 6.25342 6.12507 686.50319
6640.98837 189.79079 6.27271 6.14410 688.03683
6641.32066 190.14126 6.28283 6.15544 688.64234
6641.94242 190.79498 6.30300 6.17661 689.32318
6642.32116 191.14419 6.31489 6.18791 689.85356
6643.01571 191.79916 6.33680 6.20911 690.75089
6643.32166 192.08744 6.34645 6.21845 691.26079
6644.18633 192.80335 6.37056 6.24162 693.09795
6644.32216 192.92562 6.37462 6.24558 693.11864
6645.32266 193.79972 6.40383 6.27388 694.70087
6645.33125 193.80753 6.40409 6.27413 694.71961
6646.32316 194.78143 6.43665 6.30566 695.70422
6646.35509 194.81172 6.43766 6.30664 695.74600
6647.32366 195.70632 6.46757 6.33560 697.31225
6647.43946 195.81590 6.47122 6.33915 697.46791
6648.32416 196.62721 6.49838 6.36541 698.95421
6648.53398 196.82008 6.50485 6.37166 699.30426
6649.32466 197.59142 6.53070 6.39663 700.11517
6649.57760 197.82427 6.53871 6.40417 700.45310
6650.32516 198.57582 6.56205 6.42849 701.59031
6650.57000 198.82845 6.56921 6.43667 702.13936
6651.32566 199.53137 6.59196 6.45943 703.59197
6651.64949 199.83264 6.60226 6.46918 703.99584
6652.32616 200.47139 6.62351 6.48986 704.96641
6652.73310 200.83682 6.63581 6.50169 705.86813
6653.32666 201.38886 6.65428 6.51956 706.36442
6653.83910 201.84100 6.66930 6.53420 706.63972
6654.32716 202.27262 6.68374 6.54817 707.50780
6654.94637 202.84519 6.70290 6.56671 708.61989
6655.32766 203.20166 6.71480 6.57825 709.17562
6656.02037 203.84937 6.73644 6.59922 710.23399
6656.32816 204.15596 6.74665 6.60914 710.50284
6657.05514 204.85356 6.76990 6.63172 711.42011
6657.32866 205.11291 6.77856 6.64012 711.80484
6658.13816 205.85774 6.80349 6.66423 713.15324
6658.32916 206.03477 6.80938 6.66996 713.46821
6659.20511 206.86192 6.83716 6.69674 714.67496
6659.32966 206.98882 6.84141 6.70085 714.74521
6660.19708 207.86611 6.86840 6.72925 716.11619
6660.33017 208.00046 6.87232 6.73360 716.39344
6661.22128 208.87029 6.90070 6.76176 717.68624
6661.33067 208.97209 6.90416 6.76505 717.84116
6662.33117 209.81759 6.93234 6.79242 719.20579
6662.39092 209.87448 6.93423 6.79427 719.22306
6663.33167 210.78457 6.96460 6.82373 720.34227
6663.43308 210.87866 6.96774 6.82677 720.50546
6664.33217 211.73328 6.99626 6.85444 721.71902
6664.48707 211.88285 7.00125 6.85928 721.91361
6665.33267 212.70095 7.02854 6.88577 722.93943
6665.52737 212.88703 7.03473 6.89179 723.20180
6666.33317 213.64160 7.05995 6.91622 724.41713
6666.60112 213.89121 7.06828 6.92430 724.83746
6667.33367 214.60527 7.09205 6.94742 725.67614
6667.63869 214.89540 7.10163 6.95681 726.11733
6668.33417 215.55844 7.12405 6.97827 726.94643
6668.68736 215.89958 7.13517 6.98932 727.46637
6669.33467 216.58792 7.15521 7.01160 728.53829
6669.63576 216.90377 7.16507 7.02183 728.85936
6670.33517 217.55984 7.18730 7.04306 729.88642
6670.74148 217.90795 7.19898 7.05433 730.80995
6671.33567 218.44730 7.21680 7.07179 731.11287
6671.83368 218.91213 7.23224 7.08684 731.44175
6672.33617 219.37656 7.24778 7.10188 732.37994
6672.90186 219.91632 7.26577 7.11935 733.14099
6673.33667 220.33077 7.27961 7.13277 733.71033
6673.96241 220.92050 7.29930 7.15186 734.63459
6674.33717 221.28573 7.31141 7.16368 735.06577
6675.01005 221.92469 7.33275 7.18437 735.99962
6675.33767 222.23956 7.34321 7.19456 736.41759
6676.07106 222.92887 7.36622 7.21688 737.50469
6676.33817 223.18143 7.37463 7.22505 737.88955
6677.11734 223.93305 7.39964 7.24938 738.87152
6677.33867 224.14621 7.40670 7.25629 739.15982
6678.21628 224.93724 7.43342 7.28189 740.66081
6678.33917 225.07015 7.43766 7.28620 740.72344
6679.12520 225.94142 7.46316 7.31440 741.73705
6679.33967 226.14120 7.46956 7.32087 742.05934
6680.24471 226.94561 7.49664 7.34691 742.62919
6680.34017 227.03035 7.49945 7.34965 742.80519
6681.32940 227.94979 7.53013 7.37942 744.46087
6681.34067 227.96126 7.53051 7.37979 744.46829
6682.34117 228.92281 7.56248 7.41092 745.73460
6682.37374 228.95397 7.56352 7.41193 745.77725
6683.34167 229.92606 7.59577 7.44340 746.60431
6683.37522 229.95816 7.59684 7.44444 746.64887
6684.34217 230.84096 7.62636 7.47301 748.30979
6684.47126 230.96234 7.63039 7.47694 748.50143
6685.34267 231.81008 7.65859 7.50439 749.50153
6685.50584 231.96653 7.66381 7.50945 749.70562
6686.34317 232.79579 7.69128 7.53630 750.55171
6686.52181 232.97071 7.69718 7.54196 750.70325
6687.34367 233.78082 7.72333 7.56819 751.84850
6687.54817 233.97490 7.72894 7.57447 752.41697
6688.34417 234.72111 7.75186 7.59863 753.38224
6688.61377 234.97908 7.76052 7.60698 753.34242
6689.34467 235.68879 7.78419 7.62995 754.15544
6689.64043 235.98326 7.79395 7.63949 754.45223
6690.34517 236.67038 7.81686 7.66173 755.21244
6690.67612 236.98745 7.82739 7.67199 755.63590
6691.34567 237.61366 7.84821 7.69227 756.63559
6691.74754 237.99163 7.86077 7.70450 757.21174
6692.34617 238.57744 7.88021 7.72347 757.84747
6692.78412 238.99582 7.89417 7.73701 758.41031
6693.34667 239.54344 7.91240 7.75474 759.04275
6693.80885 240.00000 7.92753 7.76952 759.50113
