6695.34767 239.48625 7.92903 7.75289 881.52831
6694.84941 238.99582 7.91205 7.73701 881.24682
6694.34717 238.51677 7.89774 7.72150 880.78041
6693.77795 237.99163 7.87856 7.70450 880.10775
6693.34667 237.58417 7.86527 7.69131 879.65124
6692.72855 236.98745 7.84645 7.67199 879.15514
6692.34617 236.61800 7.83272 7.66003 878.90005
6691.69901 235.98326 7.81305 7.63949 878.55448
6691.34567 235.63853 7.80178 7.62833 878.35223
6690.65414 234.97908 7.77782 7.60698 877.72178
6690.34517 234.66903 7.76900 7.59694 877.70612
6689.63001 233.97490 7.74688 7.57447 876.51583
6689.34467 233.68691 7.73765 7.56515 876.00361
6688.65294 232.97071 7.71618 7.54196 875.82538
6688.34417 232.67463 7.70581 7.53238 876.00067
6687.54899 231.96653 7.68138 7.50945 875.69750
6687.34367 231.78276 7.67608 7.50350 875.35370
6686.45309 230.96234 7.64728 7.47694 874.06713
6686.34317 230.85717 7.64364 7.47354 873.97827
6685.43469 229.95816 7.61545 7.44444 873.57239
6685.34267 229.86816 7.61208 7.44152 873.52078
6684.40133 228.95397 7.58220 7.41193 872.92567
6684.34217 228.89779 7.58047 7.41011 872.87060
6683.34167 227.98158 7.54811 7.38045 871.54520
6683.30865 227.94979 7.54714 7.37942 871.51808
6682.34117 227.03780 7.51729 7.34989 870.42820
6682.24727 226.94561 7.51388 7.34691 870.37788
6681.34067 226.03643 7.48488 7.31748 870.25608
6681.24195 225.94142 7.48173 7.31440 870.14739
6680.34017 224.97510 7.45242 7.28312 869.13271
6680.30158 224.93724 7.45143 7.28189 869.11765
6679.33967 224.13267 7.42348 7.25585 868.35139
6679.13123 223.93305 7.41651 7.24938 868.30048
6678.33917 223.14281 7.39191 7.22380 867.85319
6678.11992 222.92887 7.38437 7.21688 867.70907
6677.33867 222.17462 7.35884 7.19246 867.16230
6677.07240 221.92469 7.35123 7.18437 866.87816
6676.33817 221.25314 7.32783 7.16263 865.88926
6675.98890 220.92050 7.31701 7.15186 865.58853
6675.33767 220.29542 7.29693 7.13162 865.06281
6674.94871 219.91632 7.28343 7.11935 864.86861
6674.33717 219.31436 7.26417 7.09986 864.54419
6673.91412 218.91213 7.25093 7.08684 864.16733
6673.33667 218.38033 7.23251 7.06963 863.41973
6672.83708 217.90795 7.21752 7.05433 862.95711
6672.33617 217.44039 7.20173 7.03920 862.37934
6671.76608 216.90377 7.18316 7.02183 861.82595
6671.33567 216.44093 7.16979 7.00684 862.05660
6670.78064 215.89958 7.15385 6.98932 861.74295
6670.33517 215.50623 7.14055 6.97658 860.95323
6669.69422 214.89540 7.12051 6.95681 860.39027
6669.33467 214.56318 7.10914 6.94605 860.01285
6668.64068 213.89121 7.08679 6.92430 859.50643
6668.33417 213.58392 7.07670 6.91435 859.41839
6667.61417 212.88703 7.05336 6.89179 858.97024
6667.33367 212.60952 7.04413 6.88281 858.89011
6666.57226 211.88285 7.02003 6.85928 858.21503
6666.33317 211.66017 7.01257 6.85207 857.94303
6665.50598 210.87866 6.98637 6.82677 857.17900
6665.33267 210.71405 6.98088 6.82145 857.03575
6664.46352 209.87448 6.95294 6.79427 856.47130
6664.33217 209.74257 6.94851 6.79000 856.43259
6663.39790 208.87029 6.91947 6.76176 855.44762
6663.33167 208.80651 6.91729 6.75969 855.42340
6662.37933 207.86611 6.88699 6.72925 854.53564
6662.33117 207.81943 6.88571 6.72774 854.47697
6661.33067 206.91553 6.85750 6.69848 853.61749
6661.27799 206.86192 6.85558 6.69674 853.64223
6660.33017 205.95853 6.82582 6.66750 852.77561
6660.22146 205.85774 6.82242 6.66423 852.65948
6659.32966 205.03477 6.79430 6.63759 851.61489
6659.13891 204.85356 6.78859 6.63172 851.46051
6658.32916 204.10124 6.76269 6.60737 850.56974
6658.07344 203.84937 6.75409 6.59922 850.48815
6657.32866 203.12618 6.73131 6.57580 850.07549
6657.02741 202.84519 6.72114 6.56671 849.74637
6656.32816 202.18192 6.69895 6.54524 849.17496
6655.96391 201.84100 6.68827 6.53420 848.79292
6655.32766 201.24420 6.66643 6.51488 848.24462
6654.90537 200.83682 6.65396 6.50169 847.99808
6654.32716 200.28207 6.63598 6.48373 847.46172
6653.81977 199.83264 6.61932 6.46918 846.75102
6653.32666 199.39165 6.60554 6.45491 847.09407
6652.70047 198.82845 6.58763 6.43667 846.30636
6652.32616 198.45964 6.57531 6.42473 845.33204
6651.73851 197.82427 6.55727 6.40417 845.47066
6651.32566 197.43726 6.54379 6.39164 845.23849
6650.65453 196.82008 6.52204 6.37166 844.35490
6650.32516 196.49727 6.51243 6.36121 844.25416
6649.58698 195.81590 6.48823 6.33915 843.46469
6649.32466 195.57375 6.47990 6.33131 843.17820
6648.50198 194.81172 6.45594 6.30664 842.37474
6648.32416 194.64743 6.45027 6.30132 842.18576
6647.43795 193.80753 6.42225 6.27413 841.52063
6647.32366 193.69918 6.41872 6.27062 841.43730
6646.35609 192.80335 6.38770 6.24162 840.41270
6646.32316 192.77138 6.38668 6.24059 840.39930
6645.32266 191.85354 6.35647 6.21087 839.20098
6645.26443 191.79916 6.35450 6.20911 839.11672
6644.32216 190.92352 6.32600 6.18077 839.07430
6644.17249 190.79498 6.32168 6.17661 839.02653
6643.32166 189.99867 6.29610 6.15083 837.84281
6643.11922 189.79079 6.29059 6.14410 837.47908
6642.32116 189.05013 6.26625 6.12012 836.61476
6642.03760 188.78661 6.25672 6.11159 836.41319
6641.32066 188.11912 6.23584 6.08998 835.66486
6640.95819 187.78243 6.22410 6.07908 835.36355
6640.32016 187.19678 6.20423 6.06012 834.68877
6639.86906 186.77824 6.19102 6.04657 834.27575
6639.31966 186.27518 6.17351 6.03029 833.66102
6638.77097 185.77406 6.15696 6.01406 833.09270
6638.31916 185.35006 6.14307 6.00034 832.72321
6637.72232 184.76987 6.12303 5.98156 832.55624
6637.31866 184.37860 6.11009 5.96889 832.52520
6636.66912 183.76569 6.08973 5.94905 831.99733
6636.31816 183.44216 6.07868 5.93857 831.63935
6635.45415 182.76151 6.05607 5.91654 830.60123
6635.31766 182.64497 6.05208 5.91277 830.51788
6634.39609 181.75732 6.02306 5.88403 829.70574
6634.31716 181.67640 6.02073 5.88141 829.57959
6633.40456 180.75314 5.99221 5.85152 828.95658
6633.31666 180.67401 5.98949 5.84896 828.89056
6632.31616 179.80336 5.95966 5.82077 827.27027
6632.25865 179.74895 5.95788 5.81901 827.24145
6631.31566 178.89521 5.92914 5.79137 826.20814
6631.14914 178.74477 5.92391 5.78650 826.04311
6630.31516 177.95203 5.89801 5.76084 825.65446
6630.08684 177.74059 5.89076 5.75400 825.48292
6629.31466 177.04491 5.86689 5.73147 824.65562
6628.97388 176.73640 5.85704 5.72149 824.27036
6628.31416 176.15799 5.83703 5.70276 823.30573
6627.86033 175.73222 5.82282 5.68898 823.06773
6627.31366 175.21547 5.80612 5.67225 822.73316
6626.72409 174.72803 5.78895 5.65647 821.94501
6626.31316 174.37418 5.77718 5.64502 822.06632
6625.56692 173.72385 5.75599 5.62396 821.08336
6625.31266 173.50839 5.74815 5.61699 820.62901
6624.45554 172.71967 5.72263 5.59145 819.85874
6624.31216 172.56628 5.71821 5.58649 819.75945
6623.46369 171.71548 5.69151 5.55895 818.97582
6623.31166 171.57980 5.68706 5.55455 818.82165
6622.35370 170.71130 5.65765 5.52644 817.99753
6622.31116 170.67250 5.65629 5.52518 817.95675
6621.31066 169.79563 5.62779 5.49679 816.53679
6621.21493 169.70711 5.62468 5.49393 816.48740
6620.31016 168.88432 5.59604 5.46729 815.78700
6620.11214 168.70293 5.59057 5.46142 815.65159
6619.30965 167.97062 5.56548 5.43771 815.00480
6618.99207 167.69874 5.55638 5.42891 814.32927
6618.30915 167.12211 5.53777 5.41024 813.47567
6617.80048 166.69456 5.52287 5.39640 813.67528
6617.30865 166.29098 5.50912 5.38334 812.83512
6616.65815 165.69038 5.48921 5.36389 812.29526
6616.30815 165.35931 5.47799 5.35318 812.25618
6615.53554 164.68619 5.45470 5.33139 811.36068
6615.30765 164.46296 5.44724 5.32416 811.49691
6614.49605 163.68201 5.42394 5.29888 810.16685
6614.30715 163.51853 5.41892 5.29359 809.58848
6613.40228 162.67782 5.39087 5.26637 809.27694
6613.30665 162.58763 5.38790 5.26345 809.27297
6612.30615 161.73752 5.35853 5.23593 807.54682
6612.23337 161.67364 5.35647 5.23386 807.46890
6611.30565 160.85164 5.32907 5.20725 806.54783
6611.10624 160.66946 5.32274 5.20135 806.44853
6610.30515 159.94797 5.29922 5.17800 805.84727
6609.99305 159.66527 5.28953 5.16884 805.59415
6609.30465 159.06496 5.26859 5.14941 804.77471
6608.77374 158.66109 5.25594 5.13634 804.21677
6608.30415 158.28531 5.24302 5.12417 803.73920
6607.59920 157.65690 5.22169 5.10383 803.01034
6607.30365 157.39116 5.21328 5.09522 802.83335
6606.47027 156.65272 5.18756 5.07132 802.11694
6606.30315 156.50447 5.18247 5.06652 801.95563
6605.30265 155.65180 5.15406 5.03892 800.51765
6605.29902 155.64854 5.15393 5.03881 800.51706
6604.30215 154.75697 5.12543 5.00995 799.01024
6604.18487 154.64435 5.12235 5.00630 798.76070
6603.30165 153.79902 5.09491 4.97894 798.34228
6603.13020 153.64017 5.08947 4.97379 798.41007
6602.30115 152.90278 5.06473 4.94992 797.83464
6601.99124 152.63598 5.05553 4.94128 797.42589
6601.30065 152.06738 5.03617 4.92288 796.02183
6600.77278 151.63180 5.02157 4.90878 795.18949
6600.30015 151.22989 5.00803 4.89577 795.61268
6599.57293 150.62762 4.98727 4.87627 794.98470
6599.29965 150.39150 4.97963 4.86862 794.56603
6598.38625 149.62343 4.95313 4.84376 793.23402
6598.29915 149.54995 4.95043 4.84138 793.10509
6597.29865 148.69257 4.92322 4.81362 791.95205
6597.21438 148.61925 4.92069 4.81125 791.88213
6596.29815 147.84259 4.89310 4.78611 790.64621
6596.02779 147.61506 4.88638 4.77874 790.23535
6595.29765 146.97373 4.86400 4.75798 789.91574
6594.87102 146.61088 4.85177 4.74623 789.25618
6594.29715 146.08785 4.83711 4.72930 787.95992
6593.80864 145.60669 4.82149 4.71373 787.82795
6593.29665 145.16028 4.80602 4.69927 787.52847
6592.64060 144.60251 4.78785 4.68122 786.84709
6592.29615 144.29639 4.77692 4.67131 786.67064
6591.42998 143.59833 4.75322 4.64871 785.28899
6591.29565 143.48780 4.74957 4.64513 785.38431
6590.29515 142.70760 4.72280 4.61987 784.13367
6590.16726 142.59414 4.71893 4.61620 784.00195
6589.29465 141.85850 4.69408 4.59239 782.89517
6588.97478 141.58996 4.68502 4.58369 782.52935
6588.29415 141.01911 4.66553 4.56521 781.70422
6587.77829 140.58577 4.65104 4.55118 781.07838
6587.29365 140.17041 4.63723 4.53774 780.64428
6586.60997 139.58159 4.61677 4.51867 780.06572
6586.29315 139.30835 4.60761 4.50983 779.89210
6585.41408 138.57741 4.58299 4.48617 778.70848
6585.29265 138.47374 4.57946 4.48281 778.57810
6584.29215 137.69317 4.55303 4.45754 776.46225
6584.15152 137.57322 4.54898 4.45366 776.33336
6583.29165 136.75906 4.52393 4.42730 775.21311
6583.07209 136.56904 4.51827 4.42115 774.90713
6582.29115 135.95776 4.49759 4.40136 775.06997
6581.81053 135.56485 4.48378 4.38864 774.54530
6581.29065 135.14528 4.46980 4.37506 773.43359
6580.58643 134.56067 4.44989 4.35613 772.63103
6580.29015 134.30448 4.44108 4.34784 772.50685
6579.39424 133.55649 4.41595 4.32362 771.58025
6579.28964 133.46460 4.41300 4.32065 771.57629
6578.28914 132.65416 4.38486 4.29441 770.02103
6578.16721 132.55230 4.38126 4.29112 769.89615
6577.28864 131.83817 4.35843 4.26800 768.63161
6576.94040 131.54812 4.34779 4.25861 768.31641
6576.28814 131.02060 4.32955 4.24153 767.34892
6575.71843 130.54393 4.31453 4.22610 766.86724
6575.28764 130.16536 4.30080 4.21384 766.85871
6574.49636 129.53975 4.27937 4.19359 765.38745
6574.28714 129.36023 4.27332 4.18778 765.32991
6573.28664 128.59922 4.24800 4.16314 763.62394
6573.21372 128.53556 4.24612 4.16108 763.63400
6572.28614 127.76041 4.22206 4.13599 761.71722
6572.01411 127.53138 4.21391 4.12857 761.60830
6571.28564 126.94064 4.19361 4.10945 760.80611
6570.78618 126.52720 4.17976 4.09606 760.32916
6570.28514 126.11915 4.16582 4.08286 759.76589
6569.54663 125.52301 4.14540 4.06356 758.78196
6569.28464 125.30915 4.13817 4.05663 758.50823
6568.30275 124.51883 4.11125 4.03105 757.25592
6568.28414 124.50277 4.11069 4.03053 757.25676
6567.28364 123.73621 4.08469 4.00571 755.06517
6567.00976 123.51464 4.07717 3.99854 754.74870
6566.28314 122.92663 4.05663 3.97950 753.96856
6565.76926 122.51046 4.04255 3.96603 753.21739
6565.28264 122.11156 4.02936 3.95312 753.21783
6564.40528 121.50628 4.00839 3.93352 751.79037
6564.28214 121.41599 4.00509 3.93060 751.44410
6563.28164 120.62863 3.97899 3.90511 749.62429
6563.12671 120.50209 3.97481 3.90101 749.52718
6562.28114 119.78859 3.94929 3.87792 749.58852
6561.91592 119.49791 3.94084 3.86851 748.47780
6561.28064 118.94594 3.92455 3.85064 746.96642
6560.76091 118.49372 3.90863 3.83600 747.03744
6560.28014 118.12126 3.89596 3.82394 746.40580
6559.47977 117.48954 3.87389 3.80349 745.31257
6559.27964 117.32589 3.86814 3.79819 745.19489
6558.27914 116.56901 3.84244 3.77369 743.07108
6558.17126 116.48536 3.83947 3.77098 742.89034
6557.27864 115.78942 3.81514 3.74845 741.59580
6556.88610 115.48117 3.80476 3.73847 741.02443
6556.27814 115.01617 3.78856 3.72342 739.77525
6555.53189 114.47699 3.77006 3.70596 739.66236
6555.27764 114.28747 3.76357 3.69983 739.49706
6554.27714 113.55478 3.73843 3.67611 736.64910
6554.17254 113.47280 3.73565 3.67346 736.52743
6553.27664 112.78015 3.71124 3.65103 735.20959
6552.88946 112.46862 3.70009 3.64095 734.92043
6552.27614 111.96584 3.68348 3.62467 734.82889
6551.61096 111.46444 3.66564 3.60844 733.75159
6551.27564 111.18946 3.65642 3.59954 733.47168
6550.38579 110.46025 3.63552 3.57593 730.70993
6550.27514 110.37019 3.63256 3.57301 730.44465
6549.27464 109.63025 3.60575 3.54906 728.23985
6549.05039 109.45607 3.59999 3.54342 728.00460
6548.27414 108.83961 3.57825 3.52346 727.28917
6547.74379 108.45188 3.56469 3.51091 725.97517
6547.27364 108.11782 3.55328 3.50010 725.87072
6546.30895 107.44770 3.52919 3.47840 723.62517
6546.27314 107.42036 3.52823 3.47752 723.54810
6545.27264 106.67827 3.50243 3.45350 721.39148
6544.96101 106.44351 3.49409 3.44590 720.83039
6544.27214 105.90629 3.47531 3.42850 720.16102
6543.66324 105.43933 3.45894 3.41339 719.36744
6543.27164 105.13336 3.44808 3.40348 719.04228
6542.31332 104.43515 3.42341 3.38088 716.68586
6542.27114 104.40419 3.42231 3.37988 716.58855
6541.27064 103.67335 3.39641 3.35622 714.23831
6540.94238 103.43096 3.38780 3.34837 713.52990
6540.27014 102.92643 3.36995 3.33204 712.31475
6539.61461 102.42678 3.35215 3.31586 711.82626
6539.26963 102.13168 3.34185 3.30631 712.40422
6538.32367 101.42259 3.31884 3.28335 708.58883
6538.26913 101.38171 3.31759 3.28203 708.47641
6537.26863 100.71641 3.29483 3.26049 705.28729
6536.89052 100.41841 3.28364 3.25085 705.18386
6536.26813 99.96580 3.26743 3.23619 703.73387
6535.49858 99.41423 3.24754 3.21834 701.56356
6535.26763 99.22430 3.24045 3.21219 701.77235
6534.26713 98.49577 3.21400 3.18860 699.46542
6534.14889 98.41004 3.21091 3.18583 699.17755
6533.26663 97.79087 3.18789 3.16578 696.31902
6532.76497 97.40586 3.17405 3.15332 695.84381
6532.26613 97.03563 3.16052 3.14133 694.94895
6531.39134 96.40167 3.13712 3.12081 692.80816
6531.26563 96.29784 3.13333 3.11745 692.99247
6530.26513 95.59172 3.10688 3.09459 689.56828
6529.96778 95.39749 3.09952 3.08830 688.47002
6529.26463 94.94205 3.08258 3.07356 687.35459
6528.52215 94.39331 3.06193 3.05579 686.02801
6528.26413 94.19654 3.05444 3.04942 685.74857
6527.26363 93.52599 3.02863 3.02772 681.24222
6527.09027 93.38912 3.02370 3.02329 680.77860
6526.26313 92.72573 3.00138 3.00181 677.71491
6525.80557 92.38494 2.98852 2.99078 676.46131
6525.26263 91.99706 2.97264 2.97822 675.14757
6524.40111 91.38075 2.94804 2.95827 672.54683
6524.26213 91.27698 2.94384 2.95491 672.27956
6523.26163 90.59769 2.91579 2.93292 667.60072
6522.96614 90.37657 2.90678 2.92576 667.04347
6522.26113 89.88138 2.88585 2.90973 664.31373
6521.51724 89.37238 2.86389 2.89325 660.74722
6521.26063 89.16774 2.85516 2.88663 660.58740
6520.26013 88.56966 2.82915 2.86727 654.34124
6519.99582 88.36820 2.82064 2.86074 655.08521
6519.25963 87.84382 2.79647 2.84377 652.09331
6518.54774 87.36402 2.77436 2.82824 647.86928
6518.25913 87.16871 2.76550 2.82191 646.13304
6517.25863 86.51014 2.73655 2.80059 638.85664
6517.04922 86.35983 2.72897 2.79573 637.88507
6516.25813 85.80058 2.70018 2.77762 633.60441
6515.61759 85.35565 2.68373 2.76322 629.40476
6515.25763 85.10291 2.67570 2.75504 627.16392
6514.25713 84.45095 2.64014 2.73393 618.19913
6514.12226 84.35146 2.63280 2.73071 617.30979
6513.25663 83.69271 2.59033 2.70938 609.01810
6512.82234 83.34728 2.57516 2.69820 605.67230
6512.25613 82.95559 2.56252 2.68552 600.81069
6511.25563 82.44638 2.52197 2.66904 585.94348
6511.12814 82.34310 2.50938 2.66569 585.28434
6510.25513 81.66734 2.45470 2.64382 578.30982
6509.83580 81.33891 2.43691 2.63318 575.33110
6509.25463 80.91134 2.40332 2.61934 568.79053
6508.40989 80.33473 2.34136 2.60068 556.22626
6508.25413 80.23272 2.33183 2.59737 553.39529
6507.25363 79.51095 2.28895 2.57401 537.96232
6507.05391 79.33054 2.27988 2.56817 536.35431
6506.25313 78.64271 2.25640 2.54590 526.15311
6505.88265 78.32636 2.24996 2.53566 520.15520
6505.25263 77.67412 2.22831 2.51454 512.77647
6504.94086 77.32218 2.21830 2.50315 509.19261
6504.25213 76.44085 2.20325 2.47462 502.90063
6504.14297 76.31799 2.20078 2.47064 501.20156
6503.25163 75.32029 2.17839 2.43834 483.93937
6503.24424 75.31381 2.17850 2.43813 483.74568
6502.25113 74.57700 2.18407 2.41428 462.72952
6501.86804 74.30962 2.18023 2.40563 454.16974
6501.25063 73.88568 2.18361 2.39190 440.76586
6500.25352 73.30544 2.18705 2.37312 420.11300
6500.25013 73.30323 2.18703 2.37305 420.05400
6499.24962 72.75427 2.18860 2.35527 401.72161
6498.45705 72.30126 2.19099 2.34061 389.25098
6498.24912 72.15780 2.19074 2.33596 386.67142
6497.24862 71.56670 2.18652 2.31683 373.15248
6496.80793 71.29707 2.18764 2.30810 367.76917
6496.24812 70.89599 2.18576 2.29512 362.17981
6495.31103 70.29289 2.17974 2.27559 352.23416
6495.24762 70.25018 2.17944 2.27421 351.58438
6494.24712 69.60679 2.17790 2.25338 342.42633
6493.78528 69.28870 2.17546 2.24308 339.37214
6493.24662 68.88804 2.16598 2.23011 335.03288
6492.36805 68.28452 2.16776 2.21057 327.35196
6492.24612 68.18311 2.16679 2.20729 326.53838
6491.24562 67.40517 2.15082 2.18211 319.19992
6491.08708 67.28033 2.15113 2.17807 318.09367
6490.24512 66.54221 2.14078 2.15417 312.87628
6489.93411 66.27615 2.13510 2.14556 310.55650
6489.24462 65.68300 2.13087 2.12636 305.61273
6488.79372 65.27197 2.12481 2.11305 303.03354
6488.24412 64.75977 2.11365 2.09647 300.03137
6487.69894 64.26778 2.10390 2.08054 296.82169
6487.24362 63.81804 2.09643 2.06598 294.46152
6486.65250 63.26360 2.08319 2.04803 291.17052
6486.24312 62.86933 2.07375 2.03527 288.94852
6485.59524 62.25941 2.06222 2.01552 285.20311
6485.24262 61.90920 2.05195 2.00419 283.64645
6484.52141 61.25523 2.03320 1.98302 280.44728
6484.24212 60.98354 2.02830 1.97422 278.98408
6483.49958 60.25105 2.00638 1.95051 274.89489
6483.24162 59.98840 1.99906 1.94200 273.57749
6482.47397 59.24686 1.98319 1.91800 269.38428
6482.24112 59.02210 1.97442 1.91072 268.11702
6481.42692 58.24268 1.95286 1.88549 263.72750
6481.24062 58.04383 1.94906 1.87905 262.76066
6480.43698 57.23849 1.92321 1.85298 258.13268
6480.24012 57.05660 1.91929 1.84709 257.03928
6479.31734 56.23431 1.89690 1.82047 251.95786
6479.23962 56.16608 1.89403 1.81826 251.52576
6478.23912 55.28754 1.87201 1.78982 246.03530
6478.17551 55.23013 1.87028 1.78796 245.69832
6477.23862 54.41372 1.84173 1.76154 240.57258
6476.99946 54.22594 1.83857 1.75546 239.25128
6476.23812 53.57665 1.81710 1.73444 235.88994
6475.85050 53.22176 1.80372 1.72295 234.06546
6475.23762 52.66347 1.79053 1.70487 230.82909
6474.77721 52.21757 1.77435 1.69044 228.54222
6474.23712 51.68568 1.75641 1.67322 225.87773
6473.75225 51.21339 1.74328 1.65793 223.46787
6473.23662 50.63135 1.72110 1.63909 221.04423
6472.83054 50.20921 1.70805 1.62542 219.07293
6472.23612 49.57269 1.68818 1.60482 216.20654
6471.88128 49.20502 1.67327 1.59291 214.48130
6471.23562 48.45711 1.65229 1.56870 211.32168
6470.99744 48.20084 1.64531 1.56041 210.12717
6470.23512 47.52475 1.62025 1.53852 206.31532
6469.81238 47.19665 1.61141 1.52790 204.21279
6469.23462 46.79128 1.59823 1.51477 201.34103
6468.33003 46.19247 1.57928 1.49539 196.93853
6468.23412 46.13758 1.57757 1.49361 196.46489
6467.23362 45.61214 1.56106 1.47660 192.02593
6466.56411 45.18828 1.54697 1.46288 189.21498
6466.23312 44.96686 1.53894 1.45571 187.68875
6465.23262 44.29681 1.51737 1.43402 183.27647
6465.08191 44.18410 1.51356 1.43037 182.62158
6464.23212 43.48843 1.48974 1.40785 178.94701
6463.84713 43.17992 1.47933 1.39786 177.30423
6463.23162 42.66450 1.46208 1.38118 174.67375
6462.68862 42.17573 1.44523 1.36535 172.35891
6462.23112 41.73609 1.42938 1.35112 170.39423
6461.64220 41.17155 1.41058 1.33285 167.87026
6461.23062 40.76881 1.39640 1.31981 166.09116
6460.54655 40.16736 1.37663 1.30034 163.25251
6460.23012 39.84382 1.36766 1.28986 161.92536
6459.54154 39.16318 1.34488 1.26783 158.96886
6459.22961 38.92241 1.33609 1.26004 157.74106
6458.22911 38.25154 1.31413 1.23832 154.24353
6458.11087 38.15900 1.31081 1.23532 153.78197
6457.22861 37.57108 1.29025 1.21629 150.47552
6456.58310 37.15481 1.27652 1.20281 148.15103
6456.22811 36.88298 1.26694 1.19401 146.80926
6455.22761 36.15665 1.24126 1.17050 143.16521
6455.21900 36.15063 1.24105 1.17030 143.13447
6454.22711 35.51736 1.21972 1.14980 139.73976
6453.68567 35.14644 1.20639 1.13780 137.88180
6453.22661 34.87735 1.19690 1.12908 136.41438
6452.22611 34.29391 1.17726 1.11020 133.27229
6451.99221 34.14226 1.17192 1.10529 132.51632
6451.22561 33.59241 1.15240 1.08749 129.97114
6450.57515 33.13808 1.13636 1.07278 127.84233
6450.22511 32.90976 1.12859 1.06539 126.74341
6449.22461 32.34753 1.10887 1.04719 124.04413
6448.87719 32.13389 1.10141 1.04027 123.04344
6448.22411 31.81485 1.09054 1.02994 121.31158
6447.22361 31.28423 1.07217 1.01276 118.65705
6446.96755 31.12971 1.06712 1.00776 117.96965
6446.22311 30.64664 1.05207 0.99212 115.97648
6445.40394 30.12552 1.03541 0.97525 113.77702
6445.22261 30.01654 1.03155 0.97173 113.28942
6444.22211 29.41874 1.01018 0.95237 110.63714
6443.75793 29.12134 0.99974 0.94275 109.37874
6443.22161 28.79763 0.98855 0.93227 107.99370
6442.23370 28.11715 0.96453 0.91024 105.23857
6442.22111 28.10577 0.96411 0.90987 105.19593
6441.22061 27.28098 0.93472 0.88317 102.07507
6440.98869 27.11297 0.92876 0.87773 101.43822
6440.22011 26.65613 0.91280 0.86294 99.57395
6439.21961 26.16385 0.89573 0.84700 97.45226
6439.09486 26.10879 0.89384 0.84522 97.21117
6438.21911 25.77089 0.88220 0.83428 95.68697
6437.21861 25.35756 0.86766 0.82090 93.89448
6436.70596 25.10460 0.85856 0.81271 92.87863
6436.21811 24.90528 0.85135 0.80626 92.04297
6435.21761 24.44920 0.83512 0.79149 90.21541
6434.58535 24.10042 0.82282 0.78020 88.88479
6434.21711 23.86301 0.81440 0.77252 88.01428
6433.21661 23.28479 0.79354 0.75380 85.84939
6432.87793 23.09623 0.78674 0.74769 85.13485
6432.21611 22.65223 0.77149 0.73332 83.55887
6431.21561 22.10248 0.75468 0.71552 81.77925
6431.19707 22.09205 0.75437 0.71519 81.74616
6430.21511 21.72162 0.74249 0.70319 80.44240
6429.21461 21.28588 0.72692 0.68909 78.82318
6428.81314 21.08787 0.71977 0.68268 78.09733
6428.21411 20.79963 0.70938 0.67335 77.06765
6427.21361 20.31703 0.69217 0.65772 75.36105
6426.77486 20.08368 0.68388 0.65017 74.54234
6426.21311 19.73412 0.67150 0.63885 73.31881
6425.21261 19.18299 0.65188 0.62101 71.39021
6425.00889 19.07950 0.64822 0.61766 71.02908
6424.21211 18.73347 0.63600 0.60646 69.83095
6423.21161 18.30957 0.62106 0.59274 68.37031
6422.71711 18.07531 0.61276 0.58515 67.55950
6422.21111 17.88590 0.60594 0.57902 66.91118
6421.21061 17.49304 0.59193 0.56630 65.58579
6420.30358 17.07113 0.57698 0.55264 64.14739
6420.21011 17.02256 0.57525 0.55107 63.98079
6419.20960 16.56304 0.55872 0.53620 62.41199
6418.20910 16.11332 0.54266 0.52164 60.88874
6418.10053 16.06695 0.54101 0.52014 60.73222
6417.20860 15.68368 0.52744 0.50773 59.43713
6416.20810 15.26799 0.51271 0.49427 58.04026
6415.69159 15.06276 0.50545 0.48763 57.35241
6415.20760 14.91890 0.50030 0.48297 56.88559
6414.20710 14.64184 0.49046 0.47400 56.00934
6413.20660 14.32536 0.47926 0.46375 54.97550
6412.55352 14.05858 0.46950 0.45512 54.05211
6412.20610 13.91104 0.46406 0.45034 53.53909
6411.20560 13.50909 0.44980 0.43733 52.20461
6410.20510 13.07338 0.43628 0.42322 50.89755
6410.16290 13.05439 0.43574 0.42261 50.84453
6409.20460 12.49924 0.41783 0.40464 49.03405
6408.32665 12.05021 0.40158 0.39010 47.42136
6408.20410 11.99597 0.39957 0.38835 47.22322
6407.20360 11.57926 0.38464 0.37486 45.75397
6406.20310 11.15342 0.36984 0.36107 44.25426
6405.88165 11.04603 0.36611 0.35759 43.87733
6405.20260 10.93361 0.36204 0.35395 43.52827
6404.20210 10.76148 0.35578 0.34838 43.00705
6403.20160 10.60026 0.34984 0.34316 42.52080
6402.20110 10.42648 0.34355 0.33754 41.98573
6401.20060 10.26381 0.33754 0.33227 41.47527
6400.20010 10.09762 0.33125 0.32689 40.95758
6399.78440 10.04184 0.32900 0.32508 40.78922
6399.19960 9.94101 0.32509 0.32182 40.46010
6398.19910 9.80479 0.31952 0.31741 40.04176
6397.19860 9.62926 0.31289 0.31173 39.45287
6396.19810 9.43106 0.30590 0.30531 38.74008
6395.19760 9.15474 0.29608 0.29637 37.70521
6394.88860 9.03766 0.29188 0.29258 37.25252
6394.19710 8.73362 0.28124 0.28273 36.05568
6393.19660 8.22055 0.26319 0.26612 33.99952
6392.88478 8.03347 0.25664 0.26007 33.24427
6392.19610 7.59620 0.24146 0.24591 31.46452
6391.39218 7.02929 0.22164 0.22756 29.13783
6391.19560 6.86030 0.21564 0.22209 28.43866
6390.22769 6.02510 0.18630 0.19505 24.99049
6390.19510 5.99106 0.18511 0.19395 24.84859
6389.31788 5.02092 0.15095 0.16254 20.78532
0.00000 0.00000 0.00000 0.00000 0.00000
