6668.30256 246.26725 8.12529 7.97241 735.45372
6668.22299 246.18744 8.12265 7.96983 735.37629
6667.40823 245.40413 8.09662 7.94447 734.31934
6667.18411 245.18914 8.08947 7.93751 734.02677
6666.38996 244.42199 8.06392 7.91267 732.99966
6666.11515 244.15674 8.05464 7.90409 732.77724
6665.35395 243.41463 8.03125 7.88006 731.55187
6665.15288 243.21740 8.02564 7.87368 731.05989
6664.53873 242.63592 8.00792 7.85485 729.72250
6664.18979 242.32641 7.99755 7.84483 729.06864
6663.39620 241.57798 7.97250 7.82060 727.91375
6662.87245 241.05817 7.95530 7.80378 727.33472
6662.22803 240.41550 7.93386 7.78297 726.92062
6661.89508 240.07063 7.92254 7.77181 727.08572
6661.36864 239.56289 7.90574 7.75537 726.79658
6660.95246 239.15631 7.89215 7.74221 726.23508
6660.49018 238.71221 7.87736 7.72783 725.54972
6660.02734 238.28935 7.86330 7.71414 724.80215
6659.38039 237.67878 7.84292 7.69438 723.83960
6658.78462 237.08962 7.82339 7.67530 723.17465
6658.37632 236.69184 7.81014 7.66242 722.68265
6657.82818 236.16378 7.79254 7.64533 721.95114
6657.40753 235.76080 7.77918 7.63228 721.36474
6656.78280 235.16041 7.75919 7.61285 720.52097
6656.46077 234.85062 7.74860 7.60282 720.16032
6655.79763 234.22917 7.72866 7.58270 718.90515
6655.65273 234.08668 7.72456 7.57809 718.56349
6654.84889 233.38161 7.70319 7.55526 716.33964
6654.06318 232.61422 7.67735 7.53042 715.39032
6653.33923 231.83302 7.65170 7.50513 715.81796
6653.46852 231.96890 7.65618 7.50953 715.76821
6652.67153 231.22298 7.63132 7.48538 715.01322
6652.32892 230.89566 7.62041 7.47479 714.44549
6651.46516 230.04341 7.59212 7.44720 713.47183
6651.37830 229.95599 7.58922 7.44437 713.38724
6650.52730 229.13737 7.56189 7.41786 712.22180
6650.44921 229.06354 7.55942 7.41547 712.10568
6649.50698 228.17049 7.52965 7.38656 710.72180
6649.51360 228.17402 7.52978 7.38668 710.75504
6648.52414 227.25601 7.49919 7.35696 709.12212
6648.34265 227.08326 7.49346 7.35137 708.84489
6647.36482 226.13175 7.46139 7.32056 707.72496
6647.66084 226.40683 7.47071 7.32947 708.15987
6646.68058 225.54174 7.44329 7.30146 705.71252
6646.45924 225.33785 7.43740 7.29486 705.08564
6645.58482 224.55464 7.41224 7.26951 703.13862
6644.77638 223.76415 7.38574 7.24392 702.11332
6643.93612 222.84505 7.35546 7.21416 702.90434
6644.03029 222.93538 7.35845 7.21709 702.95320
6643.34024 222.25316 7.33576 7.19500 702.32898
6643.38666 222.30002 7.33732 7.19652 702.38851
6642.55896 221.55264 7.31230 7.17232 700.78909
6642.10282 221.11797 7.29786 7.15825 700.13802
6641.43636 220.48166 7.27667 7.13765 699.18127
6641.01859 220.08759 7.26350 7.12490 698.55146
6640.38548 219.46927 7.24290 7.10488 697.76826
6640.08863 219.19000 7.23355 7.09584 697.31359
6639.47666 218.62176 7.21460 7.07744 696.30428
6638.98935 218.15746 7.19909 7.06241 695.59863
6638.54821 217.74624 7.18543 7.04910 694.86548
6637.97900 217.22781 7.16784 7.03232 693.88665
6637.51348 216.79248 7.15328 7.01822 693.15792
6636.84546 216.17410 7.13489 6.99820 691.35980
6636.35047 215.70232 7.12046 6.98293 690.20560
6635.62625 214.99098 7.09656 6.95990 690.23424
6635.21866 214.58693 7.08326 6.94682 690.13105
6634.55665 213.91282 7.06081 6.92500 689.46620
6634.39418 213.75397 7.05551 6.91986 689.26287
6633.70844 213.10184 7.03375 6.89875 688.27840
6633.42353 212.83042 7.02469 6.88996 687.86376
6632.67375 212.11633 7.00087 6.86684 686.79205
6632.59930 212.04735 6.99857 6.86461 686.66627
6631.72533 211.25857 6.97217 6.83907 685.00322
6631.43937 210.99259 6.96328 6.83046 684.53250
6630.48973 210.09068 6.93314 6.80127 683.15469
6630.37615 209.98089 6.92946 6.79771 683.00750
6629.40083 209.04066 6.89818 6.76727 681.69536
6630.11913 209.66591 6.91908 6.78751 683.28482
6628.98980 208.77588 6.88899 6.75870 679.99677
6628.18072 208.04099 6.86505 6.73491 678.31868
6627.38915 207.28073 6.84238 6.71030 676.35731
6627.07025 206.97345 6.83214 6.70035 675.94561
6626.34052 206.25331 6.80815 6.67704 676.05316
6625.98940 205.92038 6.79702 6.66626 675.81477
6625.19138 205.11092 6.77008 6.64006 675.00805
6625.24664 205.15275 6.77150 6.64141 675.18781
6624.55532 204.53379 6.75079 6.62137 673.86882
6623.98953 203.99421 6.73270 6.60390 673.05984
6623.43209 203.44774 6.71452 6.58621 672.42010
6623.11767 203.16650 6.70509 6.57711 671.80322
6622.45407 202.54617 6.68435 6.55703 670.75386
6622.04011 202.15063 6.67114 6.54422 670.17391
6621.51389 201.67655 6.65525 6.52887 669.17015
6620.84397 201.03979 6.63397 6.50826 668.21534
6620.65862 200.85323 6.62775 6.50222 668.05311
6620.09585 200.37865 6.61184 6.48686 666.67280
6619.65627 199.98940 6.59882 6.47426 665.76452
6618.83103 199.25230 6.57371 6.45039 664.22604
6618.53339 198.98342 6.56506 6.44169 663.58024
6617.59171 198.11079 6.53931 6.41344 662.15791
6617.11783 197.64539 6.52364 6.39837 661.61648
6616.24601 196.73699 6.49342 6.36897 661.10773
6616.46806 196.95505 6.50068 6.37603 661.34150
6615.55216 196.10225 6.47209 6.34842 659.88372
6615.53545 196.08578 6.47154 6.34788 659.86564
6614.53643 195.16669 6.44084 6.31813 658.16885
6614.49306 195.12580 6.43948 6.31681 658.10521
6613.51447 194.22206 6.40917 6.28755 656.48167
6613.36770 194.08321 6.40452 6.28306 656.26802
6612.53348 193.30475 6.37852 6.25785 654.96474
6612.54996 193.32421 6.37917 6.25848 654.95133
6611.73643 192.61824 6.35539 6.23563 653.15576
6611.35726 192.28399 6.34419 6.22481 652.39033
6610.60907 191.62712 6.32214 6.20354 650.79604
6610.05581 191.10982 6.30475 6.18680 649.98259
6609.59998 190.69476 6.29073 6.17336 649.38294
6608.96269 190.12137 6.27420 6.15480 647.54961
6608.45406 189.64028 6.25897 6.13922 647.30775
6607.73975 188.97060 6.23646 6.11755 646.20217
6607.19756 188.42991 6.21846 6.10004 645.71158
6606.68317 187.90509 6.20103 6.08305 645.41422
6606.60253 187.83973 6.19882 6.08094 645.20029
6605.84695 187.15983 6.17599 6.05893 643.73620
6605.64838 186.97491 6.16980 6.05294 643.42236
6604.80517 186.23057 6.14477 6.02884 641.71263
6604.43248 185.89080 6.13341 6.01784 641.07241
6603.48322 184.98708 6.10314 5.98859 639.79890
6603.52959 185.03050 6.10459 5.98999 639.86796
6602.54117 184.12090 6.07409 5.96055 638.23914
6603.15283 184.63779 6.09154 5.97728 639.70420
6602.04309 183.77635 6.06237 5.94939 636.30475
6601.25749 183.08833 6.03937 5.92712 634.56559
6600.51068 182.39627 6.01592 5.90471 633.94467
6600.18521 182.09571 6.00596 5.89498 633.84882
6599.59174 181.55275 5.98969 5.87741 632.53995
6599.17567 181.18175 5.97877 5.86540 631.15654
6598.62347 180.68810 5.96226 5.84942 630.09987
6597.88779 180.02314 5.93976 5.82789 628.83075
6597.26989 179.41968 5.91959 5.80835 628.17325
6596.77118 178.92280 5.90300 5.79227 627.75494
6596.55926 178.73284 5.89664 5.78612 627.36544
6595.87897 178.11278 5.87587 5.76605 626.21228
6595.66091 177.91585 5.86926 5.75967 625.81180
6594.84657 177.19676 5.84507 5.73639 624.20034
6594.87872 177.21902 5.84583 5.73711 624.32732
6593.91277 176.41905 5.81883 5.71121 621.86162
6593.69115 176.22892 5.81242 5.70506 621.36597
6592.70740 175.36889 5.78353 5.67722 619.33266
6592.49683 175.18167 5.77727 5.67116 618.92899
6591.65848 174.43921 5.75229 5.64712 617.26270
6591.36523 174.17661 5.74353 5.63862 617.02871
6590.62984 173.52693 5.72182 5.61759 616.51089
6590.17228 173.10896 5.70743 5.60406 615.81167
6589.69048 172.67686 5.69368 5.59007 614.60280
6588.95306 172.03304 5.67466 5.56923 612.22445
6588.25815 171.34958 5.65198 5.54710 611.55412
6587.92083 171.01120 5.64058 5.53615 611.34080
6587.64021 170.78064 5.63282 5.52868 610.60100
6586.80311 170.01439 5.60717 5.50388 609.24726
6586.63362 169.84853 5.60160 5.49851 609.09207
6585.86641 169.17918 5.57908 5.47684 607.52082
6585.91643 169.21145 5.58019 5.47788 607.74451
6584.98007 168.45029 5.55447 5.45324 605.23729
6584.87107 168.35974 5.55140 5.45031 604.97544
6583.84028 167.50310 5.52254 5.42258 602.38132
6583.48417 167.18596 5.51184 5.41231 601.64349
6582.71688 166.52071 5.48954 5.39078 600.67219
6582.28506 166.13835 5.47668 5.37840 600.46223
6581.67186 165.59312 5.45841 5.36075 599.31993
6581.15885 165.14304 5.44313 5.34618 598.26974
6580.64523 164.68385 5.42709 5.33131 597.65051
6580.05008 164.15607 5.41070 5.31422 596.02891
6579.71109 163.86094 5.40211 5.30467 594.86960
6578.84806 163.10444 5.37812 5.28018 592.65177
6578.63336 162.89847 5.37107 5.27351 592.48305
6577.78026 162.15095 5.34575 5.24931 590.83306
6577.49806 161.89533 5.33720 5.24104 590.35026
6576.50563 160.97507 5.30632 5.21125 588.95678
6577.08996 161.47529 5.32317 5.22744 590.23623
6576.03175 160.63924 5.29490 5.20037 587.15847
6575.70790 160.36560 5.28565 5.19152 586.40289
6574.89016 159.70265 5.26319 5.17005 584.23916
6574.21448 159.11578 5.24344 5.15106 582.74404
6573.70902 158.66184 5.22824 5.13636 582.23458
6573.15168 158.18698 5.21229 5.12099 581.83851
6572.73525 157.81868 5.19993 5.10906 581.24201
6572.04162 157.22328 5.17983 5.08979 579.63745
6571.88858 157.09385 5.17546 5.08560 579.30354
6570.93983 156.30651 5.14894 5.06011 576.96094
6570.82945 156.21221 5.14577 5.05706 576.70998
6569.81443 155.35474 5.11644 5.02930 574.53804
6569.51717 155.09454 5.10802 5.02088 573.84476
6568.69327 154.36270 5.08650 4.99718 571.25677
6568.29512 154.02105 5.07538 4.98612 570.27546
6567.54249 153.32155 5.05149 4.96348 569.38738
6567.65409 153.40761 5.05441 4.96626 569.72831
6567.06118 152.96187 5.03934 4.95183 567.74791
6566.12162 152.17884 5.01285 4.92649 565.51647
6565.78818 151.87522 5.00267 4.91666 564.90472
6565.06716 151.27657 4.98249 4.89728 563.67762
6564.87651 151.11547 4.97707 4.89206 563.56981
6563.88180 150.28686 4.94918 4.86524 561.65194
6563.78739 150.20678 4.94648 4.86264 561.40164
6562.78472 149.35308 4.91759 4.83501 559.24715
6562.56746 149.16328 4.91119 4.82886 558.82550
6561.83177 148.53079 4.88989 4.80839 557.31800
6561.56203 148.31357 4.88255 4.80136 556.60811
6560.86230 147.73518 4.86321 4.78263 554.77698
6560.27420 147.23541 4.84601 4.76645 553.60158
6559.88989 146.91735 4.83509 4.75616 552.75441
6559.08196 146.24425 4.81403 4.73437 550.18595
6559.42854 146.49754 4.82157 4.74256 551.82479
6558.46527 145.83057 4.80152 4.72097 546.95916
6557.25267 144.82312 4.76753 4.68836 544.05310
6556.36677 143.96982 4.73892 4.66073 543.16008
6556.64088 144.21060 4.74706 4.66853 543.67934
6555.89247 143.59458 4.72622 4.64859 542.31956
6555.47340 143.24145 4.71436 4.63716 542.07288
6554.99079 142.84034 4.70079 4.62417 541.10638
6554.39948 142.37385 4.68495 4.60907 539.27037
6553.85869 141.93278 4.67000 4.59479 537.91242
6552.95505 141.16695 4.64412 4.57000 535.93915
6552.97922 141.17976 4.64457 4.57041 536.08258
6552.02400 140.41513 4.61860 4.54566 533.46595
6552.00081 140.39529 4.61793 4.54502 533.41703
6551.01475 139.61671 4.59153 4.51981 530.58788
6550.59890 139.26823 4.57973 4.50853 529.64291
6550.18342 138.92595 4.56814 4.49745 528.59178
6549.67880 138.56639 4.55592 4.48581 526.66343
6548.99573 138.03394 4.53768 4.46857 524.66929
6548.05139 137.26191 4.51209 4.44358 522.04144
6547.85461 137.09509 4.50712 4.43818 521.35118
6546.85135 136.25691 4.48052 4.41104 519.54612
6546.69081 136.11822 4.47595 4.40656 519.37935
6545.76402 135.32304 4.44925 4.38081 517.21966
6545.63694 135.21255 4.44548 4.37724 516.99747
6544.98188 134.67106 4.42715 4.35971 515.43896
6544.59142 134.36631 4.41681 4.34984 514.25804
6544.01999 133.90976 4.40122 4.33506 512.75362
6543.30646 133.33633 4.38174 4.31650 510.72431
6543.08504 133.16268 4.37583 4.31088 510.06832
6542.08181 132.37151 4.34888 4.28526 507.17035
6542.32593 132.55798 4.35523 4.29130 507.94601
6541.32527 131.81772 4.33005 4.26734 504.47465
6540.88731 131.49279 4.31896 4.25682 502.97371
6540.05731 130.85667 4.29723 4.23622 500.33672
6539.29372 130.22974 4.27595 4.21593 498.38678
6539.07285 130.04542 4.26969 4.20996 497.77710
6538.21813 129.38230 4.24689 4.18849 495.74483
6538.21814 129.37571 4.24667 4.18828 495.82726
6537.21144 128.61775 4.22206 4.16374 492.86134
6536.78292 128.27696 4.21202 4.15271 490.95470
6535.95949 127.61045 4.19004 4.13113 488.46307
6535.29369 127.05926 4.17116 4.11329 486.85030
6534.69901 126.52554 4.15306 4.09601 485.88368
6534.39909 126.27021 4.14435 4.08775 485.22683
6534.27481 126.18269 4.14134 4.08491 484.73232
6533.34691 125.49057 4.11761 4.06251 481.50463
6533.19277 125.37085 4.11351 4.05863 481.02792
6532.27838 124.67283 4.08960 4.03603 478.04148
6532.15638 124.59430 4.08689 4.03349 477.46656
6531.21083 123.90020 4.06307 4.01102 474.02883
6530.52585 123.35584 4.04437 3.99340 471.97159
6530.13958 123.06273 4.03437 3.98391 470.64011
6529.21058 122.33557 4.00954 3.96037 469.09297
6529.32674 122.41746 4.01235 3.96302 469.39302
6528.32504 121.68736 3.98720 3.93938 465.79863
6527.86592 121.33254 3.97508 3.92790 464.35173
6527.13521 120.75698 3.95541 3.90927 462.10436
6526.64131 120.38229 3.94242 3.89714 460.43464
6526.12096 119.97339 3.92811 3.88390 458.90728
6525.26543 119.31034 3.90711 3.86243 455.46150
6524.91612 119.01924 3.89845 3.85301 454.06551
6523.94700 118.22902 3.87166 3.82743 451.26771
6524.57430 118.69824 3.88795 3.84262 453.44470
6523.47648 117.94392 3.86167 3.81820 448.77792
6522.66078 117.32757 3.84042 3.79825 445.92860
6522.19464 116.95281 3.82743 3.78611 444.55542
6521.55155 116.48028 3.81109 3.77082 442.13675
6521.45744 116.40418 3.80846 3.76835 441.85498
6520.46265 115.70602 3.78421 3.74575 438.17682
6520.06220 115.40441 3.77381 3.73599 437.37027
6519.23659 114.77893 3.75214 3.71574 434.46175
6518.66368 114.34749 3.73719 3.70177 432.38113
6518.24296 114.00869 3.72542 3.69080 431.12844
6517.56096 113.51598 3.70831 3.67485 428.37836
6517.37708 113.37798 3.70351 3.67039 427.69936
6516.36148 112.64298 3.67785 3.64659 423.60555
6516.18339 112.50580 3.67309 3.64215 422.96628
6515.49385 112.00642 3.65568 3.62598 420.19668
6514.90198 111.60305 3.64119 3.61293 417.63849
6514.47605 111.28858 3.63029 3.60275 415.88754
6513.54209 110.63845 3.61008 3.58170 410.87091
6513.01226 110.24324 3.59721 3.56890 408.49673
6511.96598 109.40734 3.56791 3.54184 405.56655
6511.85608 109.30527 3.56437 3.53854 405.50055
6511.26930 108.86282 3.54891 3.52422 403.89997
6510.71738 108.45612 3.53452 3.51105 401.50674
6510.44410 108.25043 3.52730 3.50439 400.41058
6509.51177 107.59594 3.50430 3.48320 396.29397
6509.40940 107.52278 3.50171 3.48083 395.83707
6508.36550 106.77023 3.47503 3.45647 391.35904
6507.94694 106.45640 3.46392 3.44631 389.67326
6507.43544 106.08283 3.45069 3.43422 387.52809
6506.71869 105.57804 3.43278 3.41788 384.27262
6506.88098 105.67875 3.43637 3.42114 385.16223
6505.78923 104.99783 3.41200 3.39909 379.33834
6504.93476 104.38084 3.39004 3.37912 375.57424
6504.43799 104.00228 3.37659 3.36687 373.59746
6503.87128 103.62292 3.36301 3.35458 370.83734
6503.38898 103.27563 3.35063 3.34334 368.61520
6502.38676 102.55072 3.32457 3.31987 365.23632
6502.41252 102.56706 3.32517 3.32040 365.32493
6501.47642 101.91012 3.30231 3.29914 360.95290
6500.73313 101.37282 3.28559 3.28174 357.03370
6500.20876 100.95968 3.27157 3.26837 354.75045
6499.48714 100.42653 3.25208 3.25111 351.63387
6499.36429 100.33614 3.24883 3.24818 351.09290
6498.37895 99.61946 3.22371 3.22498 346.65091
6498.39615 99.62917 3.22405 3.22530 346.75555
6497.81492 99.23312 3.20982 3.21247 343.85241
6497.21476 98.86602 3.19650 3.20059 340.67574
6496.70342 98.53734 3.18468 3.18995 338.05926
6495.61786 97.80647 3.15900 3.16629 332.87987
6495.27610 97.56401 3.15043 3.15844 331.28342
6494.48555 97.01453 3.13107 3.14065 327.65684
6493.74672 96.48461 3.11263 3.12350 325.10421
6493.66545 96.41878 3.11036 3.12137 324.81872
6492.72570 95.80292 3.08928 3.10143 320.19977
6492.67445 95.76172 3.08784 3.10009 319.99322
6491.68047 95.12624 3.06625 3.07952 315.20269
6490.67221 94.40915 3.04225 3.05631 310.85259
6490.50535 94.26896 3.03737 3.05177 310.25399
6489.64373 93.68933 3.01865 3.03300 306.32209
6489.67553 93.70824 3.01921 3.03362 306.48302
6488.87054 93.18004 3.00444 3.01652 302.64459
6488.27263 92.81471 2.99462 3.00469 299.89474
6487.39526 92.22805 2.97704 2.98570 296.26702
6486.26598 91.38991 2.95087 2.95857 291.89962
6486.62587 91.64108 2.95846 2.96670 293.31841
6485.62070 90.96913 2.93833 2.94494 289.37662
6484.75469 90.35657 2.91969 2.92511 286.55730
6484.36000 90.03912 2.90964 2.91484 285.25790
6483.68926 89.57754 2.89545 2.89989 282.77344
6483.76703 89.63229 2.89710 2.90167 283.05032
6482.58531 88.85506 2.87456 2.87650 279.01136
6482.20880 88.56565 2.86612 2.86714 277.78642
6481.22987 87.90955 2.84793 2.84590 274.63129
6480.00491 86.88784 2.82000 2.81282 270.82314
6479.86155 86.75195 2.81751 2.80842 270.37049
6478.92838 85.99854 2.79261 2.78403 267.57936
6478.03190 85.14508 2.74126 2.75640 264.86028
6477.21033 84.29597 2.71548 2.72891 262.33123
6476.68689 83.73948 2.70700 2.71090 260.85253
6475.84093 82.73963 2.67826 2.67853 258.47184
6476.06711 82.96003 2.68571 2.68566 259.09484
6475.67634 82.59429 2.67344 2.67383 258.00843
6476.15231 82.98448 2.68564 2.68646 259.28366
6475.35899 82.41032 2.66922 2.66787 257.14627
6476.05703 82.87341 2.68177 2.68286 259.02096
6475.09175 82.29253 2.67046 2.66406 256.50778
6474.34319 81.84394 2.67810 2.64953 254.73485
6474.38614 81.85295 2.67715 2.64983 254.81754
6473.34891 81.30137 2.69320 2.63197 252.47006
6472.37136 80.70106 2.70710 2.61254 250.32727
6472.35232 80.65725 2.70354 2.61112 250.23260
6471.60957 80.29227 2.66364 2.59930 248.80736
6470.55366 79.66949 2.55967 2.57914 246.72840
6469.72124 79.11530 2.50415 2.56120 244.96040
6468.98005 78.62895 2.50305 2.54545 243.44880
6468.63371 78.39414 2.49400 2.53785 242.73782
6467.58369 77.68462 2.46595 2.51488 240.59348
6467.09927 77.33544 2.46165 2.50358 239.56451
6466.36555 76.79296 2.45386 2.48602 237.99088
6465.63351 76.27085 2.44155 2.46912 236.44145
6465.01599 75.77404 2.43592 2.45303 234.98904
6464.15809 75.10308 2.42609 2.43131 233.24176
6463.79230 74.79474 2.42061 2.42133 232.40983
6462.80685 73.96971 2.40639 2.39462 229.96886
6462.69520 73.87359 2.40466 2.39151 229.68933
6461.74128 73.05836 2.38833 2.36512 227.31787
6461.37390 72.74284 2.38297 2.35490 226.41168
6460.58606 72.03331 2.36828 2.33193 224.35412
6460.16346 71.66495 2.36041 2.32001 223.29107
6459.39866 70.95257 2.34526 2.29695 221.22341
6458.96630 70.54550 2.33580 2.28377 220.06195
6458.36971 69.98415 2.32223 2.26560 218.45650
6457.75916 69.40411 2.30839 2.24682 216.78773
6457.21669 68.85737 2.29501 2.22912 215.23541
6456.68579 68.34732 2.28208 2.21261 213.79021
6456.22644 67.87289 2.26979 2.19725 212.46490
6455.88206 67.55455 2.26163 2.18694 211.56549
6455.37608 67.08150 2.24906 2.17163 210.21627
6454.76757 66.50523 2.23424 2.15297 208.63533
6454.40178 66.15792 2.22607 2.14173 207.75983
6453.62410 65.43480 2.20716 2.11832 205.87220
6453.17159 64.96971 2.19351 2.10326 204.55605
6452.67183 64.48381 2.17925 2.08753 203.22184
6452.91478 64.68824 2.18518 2.09415 203.79383
6452.18916 64.12575 2.16888 2.07594 202.19279
6451.65300 63.68922 2.15606 2.06181 200.96213
6450.60649 62.76499 2.12812 2.03189 198.39820
6450.60033 62.75896 2.12793 2.03170 198.38174
6449.65561 61.93394 2.10261 2.00499 196.10939
6449.24207 61.56891 2.09112 1.99317 195.11667
6448.36607 60.74685 2.06521 1.96656 192.86297
6448.02472 60.42053 2.05484 1.95599 191.97597
6447.26008 59.68121 2.03122 1.93206 189.96613
6446.85946 59.28740 2.01863 1.91931 188.91309
6446.13492 58.55714 1.99461 1.89567 186.96124
6445.59212 58.00345 1.97711 1.87775 185.49033
6444.83876 57.16499 1.95270 1.85060 183.47606
6444.68878 57.01313 1.94776 1.84569 183.07698
6443.90103 56.15552 1.91895 1.81792 180.82807
6443.63181 55.87336 1.90960 1.80879 180.08724
6442.73841 54.85873 1.87573 1.77594 177.49652
6444.43079 56.37259 1.92603 1.82495 181.66975
6443.48089 55.70956 1.90417 1.80349 179.66717
6443.07238 55.41924 1.89455 1.79409 178.80256
6442.69144 55.16117 1.88594 1.78573 178.00917
6441.77397 54.55880 1.86592 1.76623 176.19320
6442.16012 54.79937 1.87389 1.77402 176.92442
6440.93925 54.07859 1.84979 1.75069 174.75033
6439.92979 53.40012 1.82706 1.72872 172.76411
6439.42731 53.04277 1.81496 1.71715 171.74372
6438.43160 52.33544 1.79101 1.69426 169.70538
6437.79741 51.84537 1.77442 1.67839 168.32604
6436.80410 51.01256 1.74607 1.65143 166.00173
6436.49280 50.75223 1.73719 1.64300 165.27384
6435.63320 50.00371 1.71175 1.61877 163.19143
6435.15306 49.57719 1.69702 1.60496 162.00898
6434.48863 48.96609 1.67606 1.58518 160.30189
6434.06840 48.58966 1.66451 1.57299 159.34248
6433.56065 48.12700 1.65061 1.55802 158.18819
6432.82052 47.47242 1.62825 1.53682 156.36694
6432.22220 46.87566 1.60761 1.51751 154.71723
6432.05196 46.69998 1.60162 1.51182 154.24372
6432.15665 46.81198 1.60544 1.51544 154.54401
6431.23401 46.10367 1.58093 1.49251 152.55694
6431.71971 46.44678 1.59286 1.50362 153.54342
6430.74458 45.81108 1.57075 1.48304 151.68613
6429.97399 45.29529 1.55287 1.46634 150.18797
6429.28265 44.77660 1.53478 1.44955 148.70874
6428.66756 44.33031 1.51928 1.43511 147.43212
6428.78543 44.42084 1.52242 1.43804 147.69084
6427.70530 43.71619 1.49786 1.41522 145.65278
6427.66563 43.67471 1.49642 1.41388 145.53559
6427.31250 43.47458 1.48938 1.40740 144.95299
6426.30253 42.91557 1.46977 1.38931 143.36162
6425.29233 42.26716 1.44706 1.36831 141.50518
6424.46593 41.66995 1.42618 1.34898 139.81099
6424.22170 41.50859 1.42060 1.34376 139.35636
6423.87507 41.28901 1.41292 1.33665 138.73171
6422.89088 40.66959 1.39086 1.31660 136.93810
6423.58925 41.05803 1.40472 1.32917 138.05465
6422.58012 40.56007 1.38700 1.31305 136.64795
6421.37334 39.89736 1.36601 1.29160 135.00467
6420.77083 39.53691 1.35474 1.27993 134.12674
6419.82896 38.92930 1.33332 1.26026 132.41495
6419.35867 38.63347 1.32279 1.25068 131.57842
6419.13970 38.50226 1.31818 1.24643 131.21411
6418.10979 37.90098 1.29708 1.22697 129.56769
6417.75358 37.67971 1.28928 1.21981 128.95574
6416.69478 37.03650 1.26660 1.19898 127.17013
6415.36132 36.08217 1.23312 1.16809 124.43414
6414.69560 35.52262 1.21356 1.14997 122.77718
6413.78921 34.75552 1.18670 1.12514 120.46162
6415.24541 35.77241 1.22244 1.15806 123.42291
6414.61215 35.40510 1.20948 1.14617 122.40335
6414.15054 35.20214 1.20223 1.13960 121.85981
6414.55021 35.37340 1.20836 1.14514 122.31567
6413.34526 34.89890 1.19136 1.12978 121.12907
6412.04871 34.32261 1.17082 1.11113 119.67653
6411.92042 34.25201 1.16831 1.10884 119.48562
6411.11174 33.90948 1.15606 1.09775 118.65919
6409.81802 33.30254 1.13452 1.07810 117.11735
6408.87443 32.80180 1.11668 1.06189 115.78754
6408.19133 32.40200 1.10266 1.04895 114.67870
6407.22593 31.84664 1.08294 1.03097 113.13307
6406.69275 31.52920 1.07141 1.02069 112.22382
6405.87091 30.99553 1.05384 1.00342 110.77363
6405.65734 30.85501 1.04963 0.99887 110.41763
6406.66058 31.33802 1.06488 1.01451 111.52375
6405.35496 30.83977 1.04883 0.99838 110.50379
6404.00098 30.22644 1.02914 0.97852 109.20591
6403.64824 30.05398 1.02313 0.97294 108.76197
6402.73638 29.60524 1.00676 0.95841 107.54269
6401.71433 29.08843 0.98846 0.94168 106.17040
6401.43838 28.95202 0.98364 0.93726 105.81287
6400.47746 28.44441 0.96564 0.92083 104.41439
6399.43759 27.87999 0.94562 0.90256 102.83505
6400.25433 28.27477 0.95967 0.91534 103.87580
6399.14484 27.80051 0.94271 0.89999 102.71151
6397.96425 27.25725 0.92337 0.88240 101.29377
6398.08317 27.29709 0.92480 0.88369 101.37617
6397.45960 27.05342 0.91606 0.87580 100.80549
6396.21684 26.54152 0.89778 0.85923 99.47878
6395.22269 26.07706 0.88124 0.84419 98.22747
6394.99473 25.95918 0.87706 0.84038 97.89285
6394.11161 25.56257 0.86292 0.82754 96.83601
6393.29946 25.20081 0.85002 0.81583 95.87585
6393.55226 25.30169 0.85364 0.81909 96.12618
6392.53216 24.91169 0.83963 0.80647 95.18070
6391.47213 24.48187 0.82423 0.79255 94.08225
6391.76098 24.57687 0.82767 0.79563 94.28720
6391.38679 24.47491 0.82394 0.79233 94.11351
6390.11023 24.09326 0.81012 0.77997 93.37843
6388.72346 23.60632 0.79264 0.76421 92.24898
6387.92938 23.28557 0.78107 0.75382 91.32662
6387.28186 23.01294 0.77117 0.74500 90.51084
6386.24252 22.56827 0.75608 0.73060 89.34522
6385.19331 22.10875 0.74186 0.71573 88.28045
6384.33494 21.65330 0.72690 0.70098 86.94397
6383.65573 21.27350 0.71321 0.68869 85.62878
6383.53180 21.22937 0.71160 0.68726 85.50464
6383.34377 21.15942 0.70907 0.68499 85.30844
6382.38484 20.75172 0.69452 0.67180 84.07196
6381.53115 20.41163 0.68248 0.66079 83.07396
6382.95793 20.82985 0.69753 0.67432 84.04111
6382.50725 20.75161 0.69458 0.67179 83.98509
6381.59240 20.60378 0.68907 0.66701 83.93603
6380.56449 20.43722 0.68284 0.66161 83.87405
6379.56428 20.26947 0.67657 0.65618 83.79755
6378.65653 20.12229 0.67110 0.65142 83.68738
6377.82694 19.99879 0.66649 0.64742 83.66949
6377.43632 19.95581 0.66482 0.64603 83.76067
6376.67466 19.84463 0.66062 0.64243 83.78755
6375.47260 19.65502 0.65355 0.63629 83.77435
6374.00042 19.36920 0.64308 0.62704 83.50264
6372.44930 18.97252 0.62881 0.61420 82.68776
6371.19197 18.58265 0.61488 0.60158 81.65610
6369.88009 18.06715 0.59667 0.58489 79.85106
6368.61898 17.46144 0.57536 0.56528 77.56641
6367.37912 16.78267 0.55153 0.54331 74.83825
6366.75530 16.40859 0.53843 0.53120 73.27376
6365.65427 15.69422 0.51341 0.50807 70.20011
6364.69120 15.01791 0.48972 0.48617 67.23060
6363.79519 14.30209 0.46479 0.46300 64.01115
6362.77780 13.43088 0.43459 0.43480 60.08141
6361.82924 12.47700 0.40479 0.40392 56.12472
6361.13384 11.70413 0.37759 0.37890 52.42649
0.00000 0.00000 0.00000 0.00000 0.00000
