6666.33317 239.61778 7.92892 7.75715 877.23495
6665.68835 238.99582 7.90976 7.73701 876.79986
6665.33267 238.65887 7.89824 7.72610 876.46436
6664.65363 237.99163 7.87540 7.70450 876.04660
6664.33217 237.66674 7.86527 7.69399 875.94854
6663.60467 236.98745 7.84185 7.67199 875.18544
6663.33167 236.72215 7.83280 7.66341 874.97069
6662.56253 235.98326 7.80940 7.63949 874.26029
6662.33117 235.77317 7.80187 7.63268 874.11159
6661.44095 234.97908 7.77581 7.60698 873.86609
6661.33067 234.87234 7.77231 7.60352 873.83721
6660.45617 233.97490 7.74353 7.57447 872.93055
6660.33017 233.84282 7.73983 7.57019 872.74427
6659.45073 232.97071 7.71235 7.54196 872.03890
6659.32966 232.85886 7.70829 7.53834 871.90769
6658.41180 231.96653 7.67930 7.50945 871.20541
6658.32916 231.88716 7.67666 7.50688 871.14415
6657.36751 230.96234 7.64533 7.47694 870.36245
6657.32866 230.92352 7.64410 7.47569 870.34527
6656.32816 229.98152 7.61263 7.44519 869.30139
6656.30389 229.95816 7.61182 7.44444 869.28073
6655.32766 229.01162 7.58088 7.41379 868.58673
6655.26922 228.95397 7.57890 7.41193 868.55267
6654.32716 228.03677 7.54831 7.38223 867.85666
6654.23278 227.94979 7.54550 7.37942 867.73354
6653.32666 227.14319 7.51830 7.35331 867.21804
6653.10749 226.94561 7.51183 7.34691 867.18139
6652.32616 226.23764 7.48803 7.32399 866.20122
6652.02293 225.94142 7.47820 7.31440 865.88311
6651.32566 225.18064 7.45623 7.28977 865.32433
6651.09684 224.93724 7.44863 7.28189 865.19788
6650.32516 224.20962 7.42387 7.25834 864.53158
6650.02865 223.93305 7.41469 7.24938 864.14928
6649.32466 223.26501 7.39248 7.22776 863.45187
6648.97687 222.92887 7.38135 7.21688 863.21352
6648.32416 222.30477 7.36046 7.19667 862.67310
6647.93926 221.92469 7.34785 7.18437 862.46610
6647.32366 221.32797 7.32794 7.16505 862.09303
6646.89868 220.92050 7.31411 7.15186 861.76095
6646.32316 220.35486 7.29560 7.13355 861.45800
6645.86161 219.91632 7.28093 7.11935 861.04009
6645.32266 219.42108 7.26409 7.10332 860.22035
6644.79154 218.91213 7.24749 7.08684 859.82596
6644.32216 218.46092 7.23208 7.07224 860.16258
6643.70110 217.90795 7.21354 7.05433 859.88018
6643.32166 217.56873 7.20272 7.04335 859.18598
6642.61019 216.90377 7.17964 7.02183 858.47484
6642.32116 216.60156 7.17015 7.01204 858.34503
6641.65607 215.89958 7.15035 6.98932 857.43960
6641.32066 215.58077 7.13934 6.97900 857.04269
6640.61537 214.89540 7.11639 6.95681 856.75296
6640.32016 214.61363 7.10746 6.94769 856.50604
6639.53817 213.89121 7.08232 6.92430 855.49458
6639.31966 213.68190 7.07569 6.91752 855.34073
6638.49386 212.88703 7.04908 6.89179 854.74589
6638.31916 212.72155 7.04309 6.88643 854.57120
6637.44744 211.88285 7.01635 6.85928 853.99501
6637.31866 211.75890 7.01216 6.85527 853.92175
6636.39909 210.87866 6.98225 6.82677 853.01875
6636.31816 210.80049 6.97989 6.82424 853.00585
6635.31766 210.01185 6.95235 6.79871 851.57337
6635.17573 209.87448 6.94771 6.79427 851.50453
6634.31716 209.02775 6.92078 6.76686 851.03447
6634.15276 208.87029 6.91514 6.76176 850.95496
6633.31666 208.02517 6.88770 6.73440 850.62732
6633.15449 207.86611 6.88355 6.72925 850.23266
6632.31616 207.05826 6.85728 6.70310 848.84083
6632.12333 206.86192 6.85075 6.69674 848.89812
6631.31566 206.09133 6.82568 6.67179 848.33912
6631.06987 205.85774 6.81740 6.66423 848.13345
6630.31516 205.12880 6.79370 6.64063 847.68709
6630.02541 204.85356 6.78447 6.63172 847.44684
6629.31466 204.19265 6.76121 6.61033 846.68624
6628.94691 203.84937 6.75073 6.59922 846.28118
6628.31416 203.27963 6.73153 6.58077 845.34719
6627.85903 202.84519 6.71663 6.56671 845.06052
6627.31366 202.29750 6.69926 6.54898 844.88704
6626.78644 201.84100 6.68313 6.53420 844.31551
6626.31316 201.42987 6.66915 6.52089 844.23368
6625.67511 200.83682 6.65055 6.50169 843.91038
6625.31266 200.51485 6.63907 6.49127 843.19625
6624.58683 199.83264 6.61668 6.46918 842.56745
6624.31216 199.55759 6.60785 6.46028 842.60876
6623.55439 198.82845 6.58296 6.43667 841.88587
6623.31166 198.57744 6.57589 6.42855 841.51828
6622.58321 197.82427 6.55328 6.40417 841.07504
6622.31116 197.57687 6.54424 6.39616 840.78471
6621.47307 196.82008 6.51966 6.37166 839.65532
6621.31066 196.66822 6.51473 6.36674 839.50115
6620.41452 195.81590 6.48524 6.33915 838.88495
6620.31016 195.71516 6.48207 6.33589 838.83974
6619.35385 194.81172 6.45185 6.30664 838.12447
6619.30965 194.76986 6.45041 6.30528 838.08643
6618.30915 193.88552 6.42135 6.27666 836.74106
6618.21965 193.80753 6.41861 6.27413 836.78386
6617.30865 193.03783 6.39264 6.24921 835.88147
6617.06071 192.80335 6.38503 6.24162 835.58838
6616.30815 192.08381 6.36056 6.21833 835.18319
6615.99684 191.79916 6.35102 6.20911 834.84665
6615.30765 191.17749 6.33026 6.18899 833.95125
6614.90252 190.79498 6.31695 6.17661 833.80311
6614.30715 190.19106 6.29821 6.15706 833.35501
6613.92375 189.79079 6.28674 6.14410 832.80075
6613.30665 189.18537 6.26689 6.12450 832.49396
6612.87636 188.78661 6.25311 6.11159 832.18159
6612.30615 188.25225 6.23538 6.09429 831.71732
6611.79937 187.78243 6.21966 6.07908 831.23894
6611.30565 187.34585 6.20477 6.06495 830.51904
6610.69287 186.77824 6.18594 6.04657 829.93914
6610.30515 186.42040 6.17391 6.03499 829.65743
6609.61113 185.77406 6.15184 6.01406 828.97013
6609.30465 185.47549 6.14213 6.00440 828.97343
6608.41019 184.76987 6.11828 5.98156 827.94322
6608.30415 184.68489 6.11536 5.97880 827.70151
6607.31483 183.76569 6.08497 5.94905 826.77446
6607.30365 183.75547 6.08461 5.94872 826.76619
6606.30315 182.85055 6.05405 5.91942 825.62141
6606.20691 182.76151 6.05118 5.91654 825.55249
6605.30265 181.91144 6.02248 5.88902 824.89805
6605.13554 181.75732 6.01786 5.88403 824.49682
6604.30215 180.93814 5.99381 5.85751 823.26139
6604.11980 180.75314 5.98732 5.85152 823.36302
6603.30165 180.00556 5.96209 5.82732 822.76836
6603.02672 179.74895 5.95389 5.81901 822.58391
6602.30115 179.07934 5.93047 5.79734 821.94058
6601.92991 178.74477 5.91954 5.78650 821.56546
6601.30065 178.17111 5.90069 5.76793 820.87149
6600.80360 177.74059 5.88543 5.75400 820.13022
6600.30015 177.30859 5.87195 5.74001 820.21749
6599.65779 176.73640 5.85254 5.72149 820.06761
6599.29965 176.42059 5.84121 5.71126 819.41882
6598.52110 175.73222 5.81944 5.68898 818.43039
6598.29915 175.52901 5.81235 5.68240 818.27421
6597.39487 174.72803 5.78442 5.65647 817.08671
6597.29865 174.63997 5.78176 5.65362 816.99740
6596.31354 173.72385 5.75075 5.62396 816.41665
6596.29815 173.70965 5.75026 5.62350 816.40781
6595.29765 172.83634 5.72110 5.59523 815.01440
6595.17026 172.71967 5.71732 5.59145 814.75597
6594.29715 171.86830 5.69188 5.56389 813.27823
6594.14534 171.71548 5.68682 5.55895 813.39715
6593.29665 170.92947 5.65990 5.53350 813.07671
6593.05563 170.71130 5.65253 5.52644 812.85712
6592.29615 170.02778 5.62958 5.50431 812.15247
6591.92735 169.70711 5.61878 5.49393 811.51749
6591.29565 169.17836 5.60076 5.47681 810.89699
6590.71806 168.70293 5.58496 5.46142 810.73202
6590.29515 168.34037 5.57293 5.44968 810.03967
6589.60015 167.69874 5.55080 5.42891 809.58870
6589.29465 167.41395 5.54137 5.41969 809.51393
6588.48202 166.69456 5.51742 5.39640 808.63336
6588.29415 166.53006 5.51172 5.39108 808.39487
6587.31114 165.69038 5.48400 5.36389 806.84270
6587.29365 165.67470 5.48348 5.36339 806.82442
6586.29315 164.76995 5.45232 5.33410 806.13482
6586.19761 164.68619 5.44961 5.33139 806.02218
6585.29265 163.79492 5.42195 5.30253 805.28983
6585.17456 163.68201 5.41866 5.29888 805.04601
6584.29215 162.93016 5.39453 5.27454 803.39705
6584.01936 162.67782 5.38547 5.26637 803.45293
6583.29165 162.03937 5.36390 5.24570 802.35928
6582.83876 161.67364 5.35191 5.23386 801.94515
6582.29115 161.21291 5.33595 5.21895 802.18937
6581.66383 160.66946 5.31767 5.20135 801.38815
6581.29065 160.34951 5.30721 5.19099 800.81837
6580.51889 159.66527 5.28356 5.16884 800.14079
6580.29015 159.46335 5.27676 5.16231 799.93189
6579.35654 158.66109 5.24971 5.13634 798.68181
6579.28964 158.59811 5.24755 5.13430 798.68422
6578.28914 157.71714 5.21789 5.10578 797.74656
6578.21929 157.65690 5.21586 5.10383 797.66395
6577.28864 156.87035 5.18906 5.07836 796.24818
6577.04664 156.65272 5.18166 5.07132 796.08570
6576.28814 155.99151 5.16016 5.04991 795.27253
6575.90680 155.64854 5.14833 5.03881 795.14447
6575.28764 155.05551 5.12743 5.01961 795.35096
6574.83640 154.64435 5.11652 5.00630 794.24745
6574.28714 154.14130 5.10119 4.99002 793.04587
6573.68403 153.64017 5.08340 4.97379 792.69295
6573.28664 153.32268 5.07347 4.96352 792.80548
6572.50007 152.63598 5.04993 4.94128 792.44977
6572.28614 152.44831 5.04333 4.93521 792.17884
6571.29434 151.63180 5.01627 4.90878 790.50983
6571.28564 151.62415 5.01601 4.90853 790.50275
6570.28514 150.76855 4.98663 4.88083 789.26990
6570.12250 150.62762 4.98214 4.87627 789.13392
6569.28464 149.90930 4.95705 4.85301 788.23245
6568.95860 149.62343 4.94736 4.84376 788.04689
6568.28414 149.04880 4.92821 4.82516 787.20437
6567.77516 148.61925 4.91327 4.81125 786.53020
6567.28364 148.20202 4.89924 4.79774 785.96669
6566.57881 147.61506 4.87954 4.77874 784.95950
6566.28314 147.35973 4.87069 4.77048 784.74334
6565.42637 146.61088 4.84536 4.74623 784.11318
6565.28264 146.47403 4.84127 4.74180 784.18054
6564.28214 145.62987 4.81582 4.71448 782.78310
6564.25808 145.60669 4.81503 4.71373 782.80032
6563.28164 144.80913 4.78782 4.68791 781.20652
6563.03443 144.60251 4.78090 4.68122 780.90198
6562.28114 143.95644 4.75879 4.66030 780.21705
6561.85465 143.59833 4.74688 4.64871 779.75432
6561.28064 143.11973 4.73072 4.63322 778.94318
6560.66862 142.59414 4.71261 4.61620 778.46715
6560.28014 142.26890 4.70176 4.60567 777.98029
6559.44406 141.58996 4.67906 4.58369 776.61883
6559.27964 141.44487 4.67405 4.57899 776.57355
6558.27914 140.59831 4.64419 4.55159 775.64550
6558.26412 140.58577 4.64377 4.55118 775.62783
6557.27864 139.76767 4.61631 4.52470 774.41726
6557.06704 139.58159 4.60999 4.51867 774.35638
6556.27814 138.92028 4.58930 4.49727 773.43656
6555.82366 138.57741 4.57706 4.48617 773.07771
6555.27764 138.15821 4.56198 4.47260 772.83032
6554.55132 137.57322 4.54289 4.45366 771.63650
6554.27714 137.31861 4.53436 4.44542 771.56975
6553.46276 136.56904 4.51187 4.42115 770.25461
6553.27664 136.41631 4.50727 4.41621 769.88212
6552.27614 135.61584 4.47893 4.39029 768.41233
6552.21734 135.56485 4.47717 4.38864 768.39460
6551.27564 134.79054 4.45134 4.36357 767.19450
6550.98718 134.56067 4.44308 4.35613 766.69673
6550.27514 133.98876 4.42375 4.33762 765.58935
6549.75486 133.55649 4.40912 4.32362 765.06248
6549.27464 133.15098 4.39481 4.31050 764.74897
6548.56119 132.55230 4.37477 4.29112 764.27914
6548.27414 132.30942 4.36658 4.28325 764.04155
6547.27364 131.56512 4.34098 4.25916 762.30236
6547.25255 131.54812 4.34043 4.25861 762.34041
6546.27314 130.81094 4.31530 4.23474 760.74470
6545.95557 130.54393 4.30619 4.22610 760.47353
6545.27264 129.95551 4.28637 4.20705 760.42931
6544.75235 129.53975 4.27215 4.19359 759.71328
6544.27214 129.12929 4.25800 4.18030 759.77724
6543.55966 128.53556 4.23928 4.16108 758.15027
6543.27164 128.29786 4.23244 4.15339 757.10101
6542.34139 127.53138 4.20764 4.12857 755.72989
6542.27114 127.47263 4.20561 4.12667 755.74246
6541.27064 126.65049 4.17677 4.10006 754.98484
6541.11550 126.52720 4.17278 4.09606 754.75844
6540.27014 125.86171 4.15040 4.07452 753.42436
6539.85569 125.52301 4.13847 4.06356 753.08687
6539.26963 125.06545 4.12354 4.04874 752.12010
6538.56262 124.51883 4.10449 4.03105 750.73564
6538.26913 124.27586 4.09579 4.02318 751.19974
6537.26863 123.54729 4.07135 3.99960 749.91411
6537.22819 123.51464 4.07021 3.99854 749.85684
6536.26813 122.75329 4.04371 3.97389 748.50439
6535.96789 122.51046 4.03583 3.96603 748.24996
6535.26763 121.95003 4.01604 3.94789 747.48392
6534.71041 121.50628 4.00079 3.93352 746.88040
6534.26713 121.15472 3.98906 3.92214 746.33876
6533.38819 120.50209 3.96618 3.90101 744.19318
6533.26663 120.40079 3.96270 3.89773 744.20877
6532.26613 119.60297 3.93602 3.87191 742.97212
6532.13672 119.49791 3.93280 3.86851 742.58730
6531.26563 118.74183 3.90986 3.84403 741.12702
6530.97819 118.49372 3.90129 3.83600 741.37620
6530.26513 117.94676 3.88197 3.81829 740.14839
6529.59315 117.48954 3.86656 3.80349 738.78486
6529.26463 117.25280 3.85850 3.79582 738.72217
6528.27131 116.48536 3.83222 3.77098 737.35369
6528.26413 116.47931 3.83202 3.77078 737.35614
6527.26363 115.71918 3.80570 3.74618 735.62138
6526.95528 115.48117 3.79729 3.73847 735.17474
6526.26313 114.96272 3.77996 3.72169 733.77292
6525.64172 114.47699 3.76282 3.70596 733.07488
6525.26263 114.17713 3.75253 3.69626 732.74059
6524.31594 113.47280 3.72829 3.67346 730.75847
6524.26213 113.42776 3.72668 3.67200 730.78232
6523.26163 112.65854 3.69991 3.64709 729.41272
6523.00999 112.46862 3.69349 3.64095 728.95200
6522.26113 111.91916 3.67375 3.62316 727.21102
6521.69350 111.46444 3.65799 3.60844 727.34331
6521.26063 111.08831 3.64591 3.59626 727.20253
6520.41675 110.46025 3.62673 3.57593 724.30579
6520.26013 110.34200 3.62292 3.57210 724.36919
6519.25963 109.63110 3.59806 3.54909 722.34798
6519.02954 109.45607 3.59198 3.54342 722.01879
6518.25913 108.86396 3.57123 3.52425 721.08690
6517.71093 108.45188 3.55703 3.51091 720.17519
6517.25863 108.11854 3.54544 3.50012 719.25959
6516.34655 107.44770 3.52171 3.47840 717.35945
6516.25813 107.37463 3.51914 3.47604 717.41369
6515.25763 106.66109 3.49411 3.45294 714.72080
6514.98057 106.44351 3.48658 3.44590 714.56391
6514.25713 105.86937 3.46632 3.42731 714.36272
6513.67815 105.43933 3.45140 3.41339 713.34833
6513.25663 105.11680 3.44007 3.40295 712.96493
6512.30625 104.43515 3.41565 3.38088 710.44306
6512.25613 104.39722 3.41434 3.37965 710.48580
6511.25563 103.74940 3.39135 3.35868 708.51948
6510.83074 103.43096 3.37977 3.34837 707.67384
6510.25513 102.98696 3.36431 3.33400 707.10337
6509.42578 102.42678 3.34402 3.31586 704.27669
6509.25463 102.29286 3.33912 3.31153 704.33437
6508.25413 101.45694 3.31215 3.28447 703.14507
6508.21303 101.42259 3.31111 3.28335 703.04676
6507.25363 100.73620 3.28751 3.26113 699.68169
6506.82134 100.41841 3.27560 3.25085 699.06706
6506.25313 99.99424 3.26067 3.23711 698.27698
6505.47128 99.41423 3.23966 3.21834 697.00239
6505.25263 99.24285 3.23341 3.21279 696.98181
6504.25213 98.56605 3.20866 3.19088 693.26188
6504.04846 98.41004 3.20305 3.18583 693.13113
6503.25163 97.81619 3.18136 3.16660 691.71726
6502.60760 97.40586 3.16621 3.15332 690.30458
6502.25113 97.18613 3.15818 3.14621 689.33451
6501.25063 96.50345 3.13270 3.12411 685.53754
6501.11631 96.40167 3.12890 3.12081 685.42715
6500.25013 95.76235 3.10514 3.10011 684.05396
6499.71575 95.39749 3.09134 3.08830 682.11083
6499.24962 95.05877 3.07853 3.07734 681.14392
6498.27219 94.39331 3.05339 3.05579 677.27800
6498.24912 94.37678 3.05276 3.05526 677.22326
6497.24862 93.67986 3.02566 3.03270 674.32882
6496.87730 93.38912 3.01515 3.02329 673.60330
6496.24812 92.87350 2.99771 3.00659 671.70915
6495.55461 92.38494 2.97932 2.99078 668.65623
6495.24762 92.16708 2.97054 2.98372 667.80757
6494.24712 91.46661 2.94219 2.96105 666.12920
6494.11960 91.38075 2.93872 2.95827 666.09387
6493.24662 90.83289 2.91583 2.94053 661.75570
6492.57014 90.37657 2.89671 2.92576 658.46141
6492.24612 90.14789 2.88710 2.91836 657.41238
6491.24562 89.49465 2.85841 2.89721 651.59937
6491.08465 89.37238 2.85293 2.89325 651.40730
6490.24512 88.76925 2.82694 2.87373 648.76892
6489.66639 88.36820 2.80906 2.86074 646.19283
6489.24462 88.05799 2.79527 2.85070 645.10595
6488.24412 87.38724 2.76362 2.82899 639.33250
6488.21263 87.36402 2.76256 2.82824 639.24260
6487.24362 86.73254 2.73466 2.80779 632.41681
6486.73576 86.35983 2.71714 2.79573 630.62274
6486.24312 85.99274 2.69708 2.78384 629.21079
6485.27108 85.35565 2.66407 2.76322 621.72584
6485.24262 85.33524 2.66331 2.76256 621.72374
6484.24212 84.70237 2.64398 2.74207 616.52561
6483.71419 84.35146 2.62246 2.73071 611.17189
6483.24162 84.02663 2.59898 2.72019 605.81882
6482.37252 83.34728 2.55515 2.69820 598.56022
6482.24112 83.25380 2.55210 2.69518 597.48001
6481.24062 82.66326 2.53003 2.67606 583.06170
6480.77350 82.34310 2.49997 2.66569 577.92219
6480.24012 81.93315 2.44993 2.65242 574.09033
6479.38930 81.33891 2.41403 2.63318 564.17848
6479.23962 81.24420 2.41206 2.63012 561.82431
6478.23912 80.58029 2.34522 2.60863 546.41944
6477.92062 80.33473 2.32726 2.60068 543.10848
6477.23862 79.88864 2.29198 2.58623 530.92595
6476.53276 79.33054 2.25773 2.56817 525.06278
6476.23812 79.08291 2.25356 2.56015 523.66521
6475.23762 78.34030 2.23028 2.53611 504.85856
6475.22207 78.32636 2.22977 2.53566 504.63513
6474.40194 77.32218 2.20767 2.50315 500.81489
6474.23712 77.14603 2.20194 2.49745 498.39617
6473.51922 76.31799 2.18329 2.47064 488.88310
6473.23662 75.95840 2.17880 2.45900 485.84072
6472.58620 75.31381 2.16784 2.43813 471.43888
6472.23612 75.01201 2.16806 2.42836 463.10135
6471.23562 74.33215 2.17632 2.40635 440.27359
6471.19987 74.30962 2.17624 2.40563 439.51074
6470.23512 73.76707 2.18359 2.38806 418.85252
6469.47104 73.30544 2.18619 2.37312 405.33958
6469.23462 73.14521 2.18365 2.36793 401.87266
6468.23412 72.60650 2.18843 2.35049 385.47893
6467.71217 72.30126 2.18947 2.34061 378.28713
6467.23362 71.99998 2.18732 2.33086 373.78383
6466.23312 71.46536 2.18562 2.31355 361.48314
6465.96324 71.29707 2.18704 2.30810 358.43270
6465.23262 70.80029 2.18725 2.29202 351.36901
6464.46708 70.29289 2.17938 2.27559 344.02207
6464.23212 70.12632 2.17922 2.27020 341.98109
6463.23162 69.45876 2.17794 2.24859 332.99506
6463.00029 69.28870 2.17593 2.24308 331.16750
6462.23112 68.71245 2.16713 2.22443 325.35254
6461.60859 68.28452 2.16819 2.21057 320.28665
6461.23062 67.97761 2.16673 2.20064 317.78122
6460.33245 67.28033 2.15043 2.17807 311.59369
6460.23012 67.19403 2.15092 2.17527 310.99295
6459.22961 66.34658 2.14039 2.14784 304.47913
6459.13957 66.27615 2.13890 2.14556 303.89919
6458.22911 65.55960 2.13384 2.12236 298.60052
6457.91290 65.27197 2.12900 2.11305 296.87065
6457.22861 64.63734 2.11143 2.09250 293.15604
6456.81166 64.26778 2.10901 2.08054 290.78564
6456.22811 63.70325 2.09590 2.06227 287.78034
6455.76074 63.26360 2.08367 2.04803 285.27996
6455.22761 62.75945 2.07810 2.03171 282.43367
6454.69824 62.25941 2.06290 2.01552 279.60384
6454.22711 61.78856 2.05025 2.00028 277.23560
6453.66618 61.25523 2.03879 1.98302 274.25558
6453.22661 60.81865 2.02595 1.96888 272.02283
6452.61749 60.25105 2.01103 1.95051 268.72729
6452.22611 59.87497 2.00084 1.93833 266.68313
6451.54427 59.24686 1.98455 1.91800 262.98573
6451.22561 58.95376 1.97530 1.90851 261.28496
6450.46094 58.24268 1.95524 1.88549 257.20434
6450.22511 57.99652 1.94998 1.87752 255.97726
6449.34135 57.23849 1.92807 1.85298 251.56136
6449.22461 57.14255 1.92522 1.84988 251.00535
6448.22411 56.27076 1.90227 1.82165 245.69110
6448.18262 56.23431 1.90087 1.82047 245.47212
6447.22361 55.38122 1.87871 1.79286 240.49648
6447.05365 55.23013 1.87494 1.78796 239.61957
6446.22311 54.49861 1.84750 1.76428 235.35905
6445.90844 54.22594 1.84214 1.75546 233.74262
6445.22261 53.57616 1.82176 1.73442 230.38280
6444.85280 53.22176 1.80807 1.72295 228.58614
6444.22211 52.60777 1.79328 1.70307 225.54911
6443.83486 52.21757 1.77858 1.69044 223.70907
6443.22161 51.59739 1.75751 1.67036 220.78647
6442.83727 51.21339 1.74790 1.65793 218.96020
6442.22111 50.51962 1.72041 1.63547 216.12555
6441.91203 50.20921 1.71110 1.62542 214.60398
6441.22061 49.48282 1.68901 1.60191 211.55467
6440.92742 49.20502 1.67685 1.59291 210.37880
6440.22011 48.47431 1.65500 1.56926 207.13615
6439.95619 48.20084 1.64865 1.56041 205.79601
6439.21961 47.62691 1.62782 1.54183 202.19926
6438.59196 47.19665 1.61596 1.52790 199.16874
6438.21911 46.94578 1.60837 1.51978 197.39365
6437.21861 46.28632 1.58667 1.49843 192.73969
6437.07933 46.19247 1.58354 1.49539 192.10291
6436.21811 45.67799 1.56712 1.47873 188.23075
6435.50089 45.18828 1.55103 1.46288 185.08806
6435.21761 44.98130 1.54344 1.45618 183.86180
6434.21711 44.26450 1.51998 1.43297 179.60804
6434.11199 44.18410 1.51729 1.43037 179.16626
6433.21661 43.43088 1.49143 1.40599 175.41595
6432.91804 43.17992 1.48306 1.39786 174.16052
6432.21611 42.56013 1.46203 1.37780 171.25722
6431.74803 42.17573 1.44831 1.36535 169.55953
6431.21561 41.72608 1.43296 1.35080 167.50828
6430.64991 41.17155 1.41390 1.33285 165.08495
6430.21511 40.73826 1.39853 1.31882 163.24173
6429.56520 40.16736 1.38040 1.30034 160.61669
6429.21461 39.81420 1.37004 1.28891 159.18125
6428.53112 39.16318 1.34850 1.26783 156.37590
6428.21411 38.92445 1.33982 1.26010 155.14799
6427.21442 38.15900 1.31431 1.23532 151.32196
6427.21361 38.15839 1.31429 1.23530 151.31888
6426.21311 37.50001 1.29096 1.21399 147.73610
6425.69731 37.15481 1.27982 1.20281 145.90557
6425.21261 36.78628 1.26668 1.19088 144.13493
6424.33833 36.15063 1.24428 1.17030 141.03100
6424.21211 36.07061 1.24151 1.16771 140.60005
6423.21161 35.48712 1.22174 1.14882 137.57060
6422.71090 35.14644 1.20961 1.13780 135.96031
6422.21111 34.85631 1.19922 1.12840 134.39726
6421.21061 34.25565 1.17912 1.10896 131.32308
6421.04316 34.14226 1.17504 1.10529 130.78492
6420.21011 33.53807 1.15346 1.08573 128.06129
6419.61134 33.13808 1.13939 1.07278 126.20530
6419.20960 32.88351 1.13065 1.06454 125.00348
6418.20910 32.24887 1.10843 1.04399 122.05152
6418.02427 32.13389 1.10439 1.04027 121.52181
6417.20860 31.73397 1.09067 1.02732 119.44100
6416.20810 31.18714 1.07180 1.00962 116.84849
6416.11338 31.12971 1.06998 1.00776 116.60480
6415.20760 30.54292 1.05182 0.98877 114.24317
6414.49839 30.12552 1.03816 0.97525 112.46897
6414.20710 29.96000 1.03240 0.96990 111.76715
6413.20660 29.35874 1.01075 0.95043 109.22206
6412.84669 29.12134 1.00240 0.94275 108.24422
6412.20610 28.71858 0.98839 0.92971 106.58171
6411.36209 28.11715 0.96717 0.91024 104.21554
6411.20560 27.97620 0.96207 0.90567 103.69320
6410.20510 27.13338 0.93216 0.87839 100.53486
6410.17716 27.11297 0.93144 0.87773 100.45582
6409.20460 26.55264 0.91175 0.85959 98.16493
6408.24296 26.10879 0.89639 0.84522 96.26098
6408.20410 26.09286 0.89584 0.84470 96.19125
6407.20360 25.70979 0.88257 0.83230 94.50770
6406.20310 25.26136 0.86663 0.81779 92.66406
6405.85705 25.10460 0.86097 0.81271 92.04756
6405.20260 24.85436 0.85191 0.80461 91.03304
6404.20210 24.36453 0.83446 0.78875 89.13438
6403.72724 24.10042 0.82513 0.78020 88.14641
6403.20160 23.77064 0.81341 0.76953 86.94969
6402.20110 23.20884 0.79306 0.75134 84.84983
6402.00375 23.09623 0.78904 0.74769 84.43646
6401.20060 22.56284 0.77091 0.73043 82.58821
6400.40738 22.09205 0.75670 0.71519 81.09463
6400.20010 22.01469 0.75420 0.71268 80.82365
6399.19960 21.63675 0.74162 0.70045 79.48424
6398.19910 21.18341 0.72530 0.68577 77.83312
6398.01257 21.08787 0.72184 0.68268 77.49068
6397.19860 20.68403 0.70732 0.66960 76.06998
6396.19810 20.23066 0.69117 0.65493 74.48721
6395.92412 20.08368 0.68595 0.65017 73.97736
6395.19760 19.64771 0.67044 0.63606 72.46288
6394.19710 19.12188 0.65174 0.61903 70.64195
6394.11030 19.07950 0.65024 0.61766 70.49602
6393.19660 18.68578 0.63631 0.60491 69.14603
6392.19610 18.21768 0.61973 0.58976 67.54791
6391.90596 18.07531 0.61466 0.58515 67.06212
6391.19560 17.79978 0.60473 0.57623 66.12609
6390.19510 17.39531 0.59028 0.56314 64.76771
6389.51361 17.07113 0.57877 0.55264 63.67312
6389.19460 16.90939 0.57301 0.54741 63.12284
6388.19410 16.46754 0.55710 0.53310 61.63392
6387.19360 16.07860 0.54318 0.52051 60.33141
6387.16663 16.06695 0.54277 0.52014 60.29227
6386.19310 15.63732 0.52755 0.50623 58.84874
6385.19260 15.22167 0.51274 0.49277 57.45884
6384.77874 15.06276 0.50712 0.48763 56.93814
6384.19210 14.89891 0.50122 0.48232 56.42170
6383.19160 14.59812 0.49050 0.47258 55.46091
6382.19110 14.25455 0.47821 0.46146 54.33466
6381.71273 14.05858 0.47101 0.45512 53.66232
6381.19060 13.84001 0.46291 0.44804 52.90901
6380.19010 13.41988 0.44839 0.43444 51.53958
6379.37748 13.05439 0.43725 0.42261 50.46532
6379.18959 12.93962 0.43370 0.41889 50.10612
6378.18909 12.44130 0.41721 0.40276 48.47286
6377.41887 12.05021 0.40298 0.39010 47.06848
6377.18859 11.94763 0.39923 0.38678 46.70165
6376.18809 11.53444 0.38445 0.37340 45.24985
6375.18759 11.13607 0.37054 0.36051 43.86805
6374.94309 11.04603 0.36740 0.35759 43.55393
6374.18709 10.90558 0.36227 0.35305 43.12465
6373.18659 10.74966 0.35652 0.34800 42.67232
6372.18609 10.58487 0.35042 0.34266 42.17550
6371.18559 10.42237 0.34442 0.33740 41.69012
6370.18509 10.26848 0.33871 0.33242 41.21256
6369.18459 10.12833 0.33325 0.32788 40.79932
6368.54084 10.04184 0.32981 0.32508 40.54149
6368.18409 9.97916 0.32740 0.32306 40.33768
6367.18359 9.82713 0.32141 0.31813 39.86049
6366.18309 9.62580 0.31382 0.31162 39.16583
6365.18259 9.37512 0.30486 0.30350 38.26196
6364.18209 9.05418 0.29349 0.29311 37.05095
6364.14205 9.03766 0.29291 0.29258 36.98726
6363.18159 8.58032 0.27678 0.27777 35.19534
6362.18472 8.03347 0.25741 0.26007 33.02265
6362.18109 8.03133 0.25733 0.26000 33.01408
6361.18059 7.45487 0.23720 0.24134 30.68727
6360.60795 7.02929 0.22228 0.22756 28.95065
6360.18009 6.65341 0.20881 0.21539 27.41276
6359.46638 6.02510 0.18695 0.19505 24.84188
6359.17959 5.71915 0.17617 0.18515 23.56949
6358.55532 5.02092 0.15134 0.16254 20.66393
0.00000 0.00000 0.00000 0.00000 0.00000
