6662.86196 243.21650 8.03622 7.87365 800.50842
6662.22864 242.60558 8.01804 7.85387 799.42865
6661.85048 242.24696 8.00593 7.84226 799.58964
6661.13298 241.54199 7.98247 7.81944 799.43244
6660.87456 241.27852 7.97373 7.81091 799.17663
6660.17218 240.62311 7.95183 7.78969 798.21216
6659.86231 240.32264 7.94187 7.77996 797.89407
6659.12164 239.61097 7.91821 7.75693 797.08198
6658.99597 239.49829 7.91446 7.75328 796.85971
6658.09533 238.69484 7.88758 7.72727 795.23215
6657.76080 238.37320 7.87689 7.71686 794.85595
6656.87048 237.45954 7.84657 7.68728 794.46789
6656.79684 237.38057 7.84395 7.68472 794.46895
6655.94479 236.53559 7.81593 7.65737 793.78334
6655.85476 236.45400 7.81320 7.65473 793.63035
6654.92826 235.55330 7.78327 7.62557 792.73248
6654.86351 235.49122 7.78121 7.62356 792.65416
6653.89895 234.56360 7.75008 7.59353 791.65841
6653.89700 234.55996 7.74996 7.59341 791.67503
6652.89970 233.62098 7.72213 7.56301 790.42283
6652.82369 233.54817 7.71986 7.56065 790.28981
6651.84539 232.59963 7.68808 7.52995 789.21914
6651.77988 232.53510 7.68594 7.52786 789.16611
6650.84795 231.62773 7.65587 7.49848 788.22828
6650.90214 231.67898 7.65758 7.50014 788.29882
6649.99758 230.87377 7.63061 7.47408 786.62950
6649.75223 230.65266 7.62321 7.46692 786.21460
6648.92919 229.90650 7.59826 7.44276 784.81669
6648.39168 229.37857 7.58076 7.42567 784.32970
6647.65009 228.57035 7.55397 7.39951 784.49413
6647.61458 228.52525 7.55248 7.39805 784.56977
6646.90046 227.85262 7.53001 7.37627 783.64523
6646.59611 227.56867 7.52051 7.36708 783.20060
6645.87191 226.88143 7.49769 7.34483 782.28604
6645.51466 226.53624 7.48614 7.33366 781.94843
6644.84697 225.89770 7.46489 7.31299 781.05760
6644.44636 225.50235 7.45339 7.30019 780.61686
6643.85160 224.92586 7.43602 7.28152 780.17929
6643.41255 224.50476 7.42187 7.26789 779.76102
6642.84504 223.94689 7.40311 7.24983 779.24076
6642.45006 223.57163 7.39068 7.23768 778.75236
6641.90116 223.06708 7.37379 7.22135 777.89760
6641.32948 222.51965 7.35560 7.20363 777.24342
6640.93509 222.13894 7.34292 7.19130 776.82251
6640.37333 221.63970 7.32621 7.17514 775.75466
6639.93538 221.24747 7.31307 7.16244 774.96170
6639.13504 220.49867 7.28807 7.13820 773.85145
6638.69641 220.04557 7.27300 7.12354 773.71335
6638.08522 219.39944 7.25156 7.10262 773.67456
6637.84882 219.17886 7.24420 7.09548 773.34429
6637.14029 218.49036 7.22123 7.07319 772.68030
6636.91076 218.27095 7.21390 7.06609 772.39226
6636.13063 217.55027 7.18991 7.04275 771.25130
6635.85404 217.28599 7.18100 7.03420 771.41500
6635.03144 216.49419 7.15550 7.00857 770.99160
6634.85718 216.32914 7.15069 7.00322 770.49592
6633.98073 215.48588 7.12452 6.97592 768.80101
6633.86001 215.36968 7.12056 6.97216 768.70659
6632.94033 214.48933 7.09105 6.94366 767.71395
6633.19103 214.70191 7.09816 6.95054 768.31788
6632.16922 213.89609 7.07101 6.92446 765.22233
6631.66952 213.43910 7.05566 6.90966 764.42478
6630.81454 212.59589 7.02755 6.88237 763.73894
6630.61356 212.40215 7.02107 6.87609 763.53307
6629.77071 211.55026 6.99272 6.84852 763.08810
6629.67982 211.46148 6.98976 6.84564 763.00781
6628.82778 210.64033 6.96238 6.81906 762.11856
6628.64864 210.45727 6.95630 6.81313 762.04999
6627.86578 209.71050 6.93137 6.78896 761.19717
6627.60337 209.46099 6.92305 6.78088 760.80578
6626.84980 208.73315 6.89858 6.75732 760.32182
6626.60924 208.50455 6.89091 6.74992 760.47282
6625.90746 207.85202 6.87084 6.72879 759.61216
6625.57652 207.54268 6.86181 6.71878 758.59561
6624.92278 206.95367 6.84266 6.69971 757.19094
6624.35641 206.41334 6.82438 6.68222 756.68326
6623.89642 205.94751 6.80890 6.66714 756.43837
6623.51064 205.61846 6.79786 6.65649 755.55234
6622.96100 205.13973 6.78176 6.64099 754.41793
6622.30071 204.52646 6.76125 6.62114 753.49469
6621.92196 204.18952 6.74996 6.61023 752.79102
6621.13022 203.44537 6.72506 6.58614 751.78496
6620.82600 203.14183 6.71495 6.57631 751.60259
6620.05537 202.40013 6.69011 6.55230 750.82085
6619.71755 202.05342 6.67860 6.54108 750.75605
6619.04756 201.35968 6.65547 6.51862 750.61225
6618.95701 201.28494 6.65295 6.51620 750.37238
6618.11151 200.52142 6.62745 6.49148 749.61883
6617.86951 200.29568 6.61997 6.48417 749.69774
6616.96585 199.43622 6.59104 6.45635 749.02037
6616.87261 199.34604 6.58799 6.45343 748.92863
6615.92000 198.44609 6.56046 6.42430 746.86757
6615.99269 198.51122 6.56238 6.42640 747.09811
6614.99997 197.63376 6.53408 6.39800 744.72139
6614.98746 197.62236 6.53369 6.39763 744.70444
6614.03444 196.81665 6.50654 6.37155 742.48866
6613.61024 196.42195 6.49330 6.35877 741.91825
6612.87609 195.71987 6.46987 6.33604 741.18018
6612.64001 195.50480 6.46265 6.32908 740.81038
6611.92709 194.86148 6.44104 6.30825 739.63154
6611.39211 194.35546 6.42417 6.29187 739.02695
6610.72660 193.68099 6.40163 6.27003 738.83262
6610.37908 193.31717 6.38949 6.25826 738.91147
6609.84634 192.79456 6.37202 6.24134 738.46788
6609.46609 192.44312 6.36027 6.22996 737.93591
6608.89639 191.90923 6.34249 6.21268 737.91646
6608.44241 191.48794 6.32852 6.19904 738.03671
6607.94546 191.04843 6.31352 6.18481 737.20282
6607.29768 190.44876 6.29374 6.16540 736.16728
6606.90341 190.08485 6.28299 6.15362 735.06828
6606.17802 189.40913 6.26216 6.13174 733.41839
6606.09732 189.31125 6.25890 6.12857 733.60831
6605.31020 188.69289 6.23767 6.10855 731.32255
6604.92535 188.37050 6.22689 6.09812 730.37390
6603.91182 187.42896 6.19530 6.06764 729.08895
6603.94945 187.46348 6.19646 6.06876 729.14131
6602.94548 186.55541 6.16600 6.03936 727.57045
6602.78499 186.40711 6.16100 6.03456 727.36160
6601.88335 185.55950 6.13265 6.00712 726.40109
6601.64908 185.34125 6.12531 6.00005 726.11477
6600.78692 184.49386 6.09697 5.97262 725.64311
6600.71058 184.41063 6.09422 5.96993 725.79708
6599.91900 183.68764 6.07007 5.94652 725.95145
6599.63001 183.41806 6.06111 5.93779 725.67411
6598.92478 182.76717 6.03926 5.91672 724.64131
6598.56922 182.44690 6.02830 5.90635 724.21238
6597.97325 181.90318 6.01052 5.88875 723.17063
6597.53885 181.52759 5.99946 5.87659 721.59425
6597.00464 181.06886 5.98546 5.86174 719.88971
6596.33876 180.47592 5.96535 5.84255 718.84336
6595.98928 180.16778 5.95491 5.83257 718.23822
6595.19461 179.46511 5.93135 5.80982 716.81205
6594.97161 179.26097 5.92450 5.80322 716.51577
6594.07367 178.46563 5.89773 5.77747 714.98894
6593.89623 178.30379 5.89227 5.77223 714.74797
6592.90875 177.38546 5.86148 5.74250 713.65770
6593.00856 177.47509 5.86448 5.74540 713.80348
6591.99931 176.59413 5.83480 5.71688 711.81292
6591.69350 176.31300 5.82536 5.70778 711.47272
6590.79794 175.43978 5.79629 5.67951 712.46619
6590.72398 175.36162 5.79369 5.67698 712.56447
6589.90836 174.60636 5.76833 5.65253 711.59445
6589.70826 174.42548 5.76225 5.64668 711.31498
6588.97198 173.76274 5.74005 5.62522 710.26329
6588.69132 173.51868 5.73180 5.61732 709.74613
6588.10141 173.02503 5.71485 5.60134 708.51619
6587.50756 172.53604 5.69961 5.58551 706.47703
6586.95388 172.06004 5.68554 5.57010 704.51011
6586.20304 171.36749 5.66252 5.54768 703.54856
6585.95374 171.13394 5.65453 5.54012 703.36451
6585.17161 170.44172 5.63134 5.51771 702.05637
6585.03911 170.32542 5.62743 5.51394 701.82248
6584.06203 169.49080 5.59928 5.48693 699.88207
6583.94031 169.38349 5.59567 5.48345 699.67486
6582.94445 168.48293 5.56544 5.45430 698.56142
6582.70796 168.26702 5.55821 5.44731 698.78234
6581.79017 167.36321 5.52798 5.41805 699.40843
6581.90496 167.46483 5.53140 5.42134 699.61559
6581.01187 166.70373 5.50577 5.39670 697.67536
6580.69451 166.41217 5.49597 5.38726 697.35918
6580.05215 165.84800 5.47689 5.36900 696.31148
6579.65444 165.52852 5.46612 5.35865 695.21730
6579.04259 165.01381 5.44873 5.34199 693.89985
6578.39718 164.45482 5.42961 5.32390 692.83240
6577.99374 164.10855 5.41871 5.31269 691.72417
6577.20371 163.40821 5.39788 5.29001 689.28344
6577.02142 163.24692 5.39253 5.28479 688.97282
6576.08591 162.44302 5.36514 5.25877 687.35719
6575.97733 162.34358 5.36181 5.25555 687.22717
6574.98741 161.47194 5.33252 5.22733 685.69919
6574.98911 161.47344 5.33257 5.22738 685.70165
6574.03645 160.66815 5.30527 5.20131 683.63512
6573.74689 160.40927 5.29660 5.19293 683.59758
6572.98291 159.74324 5.27431 5.17137 683.64762
6572.49091 159.29980 5.25934 5.15701 683.01861
6571.86669 158.70203 5.23922 5.13766 682.76129
6571.46362 158.33547 5.22690 5.12579 682.36653
6571.00230 157.91089 5.21265 5.11205 681.95973
6570.51779 157.50991 5.19906 5.09907 680.86786
6570.05249 157.13585 5.18639 5.08696 679.66487
6569.20982 156.40086 5.16164 5.06316 678.34474
6569.08633 156.29034 5.15793 5.05959 678.18630
6568.11530 155.49104 5.13055 5.03371 676.10784
6568.03554 155.42374 5.12827 5.03153 675.95999
6567.03202 154.56555 5.10169 5.00375 672.97326
6566.86487 154.42075 5.09743 4.99906 672.40544
6566.01840 153.69502 5.07338 4.97557 670.67517
6565.69825 153.41422 5.06380 4.96648 670.16562
6565.04915 152.86126 5.04522 4.94858 669.78028
6564.54501 152.43580 5.03098 4.93480 669.67839
6564.06910 152.03173 5.01726 4.92172 668.83926
6563.35866 151.44007 4.99722 4.90257 667.27923
6562.99841 151.12941 4.98676 4.89251 666.71086
6562.11216 150.35468 4.96061 4.86743 665.47550
6562.02823 150.26992 4.95777 4.86469 665.53332
6561.05155 149.44606 4.92991 4.83802 663.68795
6561.08691 149.47240 4.93081 4.83887 663.81032
6560.10975 148.67424 4.90376 4.81303 661.58144
6559.79119 148.40795 4.89473 4.80441 660.96463
6559.04034 147.76396 4.87302 4.78356 659.72840
6558.64704 147.43386 4.86185 4.77288 658.97538
6558.04976 146.93568 4.84459 4.75675 658.00234
6557.42948 146.40307 4.82763 4.73951 656.50471
6557.10966 146.13517 4.81980 4.73083 655.26176
6556.26532 145.44944 4.79809 4.70863 652.42111
6556.03862 145.25220 4.79133 4.70225 652.52615
6555.04984 144.41559 4.76301 4.67517 652.29303
6555.07026 144.43275 4.76359 4.67572 652.33822
6554.06525 143.59835 4.73521 4.64871 650.20291
6553.83552 143.39699 4.72841 4.64219 649.94589
6553.13661 142.81011 4.70857 4.62319 648.67879
6552.79399 142.55498 4.69989 4.61493 647.52046
6552.17998 142.08306 4.68379 4.59965 645.69043
6551.33720 141.40329 4.66074 4.57765 643.71477
6550.88690 140.99370 4.64687 4.56439 643.45381
6550.11415 140.28210 4.62290 4.54135 643.17724
6550.14536 140.31440 4.62399 4.54240 643.13079
6549.14366 139.51296 4.59668 4.51645 640.69738
6549.03569 139.42194 4.59360 4.51351 640.52850
6548.11382 138.66390 4.56791 4.48897 638.53840
6547.86041 138.46238 4.56108 4.48244 637.87302
6547.11664 137.86482 4.54066 4.46310 637.62084
6546.54484 137.38999 4.52477 4.44773 637.03261
6546.05585 136.97713 4.51246 4.43436 635.12854
6545.34267 136.37867 4.49405 4.41499 632.96820
6545.23187 136.27737 4.49054 4.41171 632.98399
6544.28593 135.57431 4.46617 4.38895 629.94640
6544.24284 135.54082 4.46502 4.38786 629.82919
6543.21214 134.76446 4.43869 4.36273 626.53971
6542.70630 134.34423 4.42438 4.34913 625.63207
6542.06889 133.79426 4.40571 4.33132 624.85714
6541.56858 133.39509 4.39215 4.31840 623.69150
6541.05180 132.95413 4.37715 4.30412 622.97978
6540.36401 132.38106 4.35767 4.28557 621.81257
6540.09141 132.15612 4.35005 4.27829 621.32770
6539.15990 131.38860 4.32395 4.25344 619.57666
6539.09453 131.33388 4.32209 4.25167 619.44150
6538.10462 130.52041 4.29445 4.22534 618.42996
6538.01991 130.45369 4.29221 4.22318 618.45375
6537.15359 129.77159 4.26913 4.20110 616.99833
6536.74211 129.43525 4.25741 4.19021 616.25737
6536.20286 129.01449 4.24297 4.17659 614.91393
6535.46507 128.44377 4.22566 4.15811 611.61952
6535.26706 128.27430 4.22056 4.15262 610.98917
6534.31723 127.58328 4.19765 4.13025 607.15086
6534.12002 127.43118 4.19233 4.12533 606.67655
6533.15234 126.66377 4.16608 4.10049 604.39708
6532.83763 126.40937 4.15741 4.09225 603.74368
6532.14757 125.85711 4.13853 4.07437 602.22594
6531.59907 125.42030 4.12360 4.06023 600.96743
6531.24305 125.13654 4.11388 4.05105 600.19710
6530.37912 124.49527 4.09187 4.03029 597.19745
6530.14003 124.30262 4.08529 4.02405 596.76899
6529.14488 123.50909 4.05829 3.99836 596.44820
6528.87497 123.28750 4.05074 3.99119 596.02888
6527.99074 122.52006 4.02460 3.96634 595.15125
6527.86745 122.40822 4.02081 3.96272 595.15900
6527.33024 121.99477 4.00658 3.94934 593.69991
6526.74349 121.59799 3.99284 3.93649 591.00994
6526.24001 121.23421 3.98033 3.92472 589.15469
6525.21315 120.44107 3.95306 3.89904 586.35863
6525.23786 120.45947 3.95370 3.89963 586.43290
6524.23165 119.69499 3.92746 3.87489 583.48124
6523.93980 119.46951 3.92054 3.86759 582.12704
6523.22646 118.93496 3.90438 3.85028 578.47327
6522.55387 118.40957 3.88661 3.83327 576.57086
6522.24371 118.16287 3.87793 3.82529 576.01169
6521.31851 117.47473 3.85414 3.80301 572.89394
6521.20591 117.38497 3.85107 3.80010 572.60638
6520.22113 116.62784 3.82505 3.77559 571.38336
6520.03836 116.48974 3.82030 3.77112 571.20941
6519.22874 115.89466 3.79968 3.75186 568.39840
6518.49915 115.31101 3.77955 3.73296 566.87730
6518.16956 115.01836 3.76951 3.72349 566.78682
6517.42719 114.46806 3.75041 3.70567 564.27216
6517.34781 114.40628 3.74826 3.70367 564.06938
6516.33831 113.68892 3.72325 3.68045 559.98632
6515.98715 113.42393 3.71404 3.67187 558.89169
6515.22982 112.84181 3.69381 3.65303 556.77521
6514.72366 112.46141 3.68064 3.64071 555.09726
6514.29482 112.14543 3.66969 3.63048 553.58775
6513.36317 111.46011 3.64538 3.60830 550.55570
6513.33027 111.42773 3.64427 3.60725 550.61440
6512.31267 110.70178 3.62113 3.58375 544.80998
6511.87790 110.36441 3.61076 3.57283 543.87700
6511.20413 109.82907 3.59222 3.55550 543.28299
6510.67254 109.43511 3.57818 3.54274 541.35832
6510.30341 109.15146 3.56829 3.53356 540.25359
6509.38681 108.49432 3.54523 3.51229 536.52189
6509.52322 108.58425 3.54842 3.51520 537.25652
6508.45005 107.88809 3.52364 3.49266 531.19448
6507.80014 107.40783 3.50674 3.47711 528.81878
6507.34770 107.05475 3.49433 3.46568 527.55337
6506.57571 106.53496 3.47581 3.44886 523.54730
6506.06641 106.14452 3.46201 3.43622 521.95147
6505.04829 105.29394 3.43198 3.40868 520.32154
6505.29050 105.47954 3.43855 3.41469 521.10739
6504.32795 104.79088 3.41402 3.39240 516.94061
6503.84298 104.43455 3.40129 3.38086 514.99604
6503.26904 104.00612 3.38599 3.36699 512.70053
6502.46869 103.41228 3.36495 3.34777 511.52600
6502.39716 103.34727 3.36268 3.34566 511.70999
6501.40804 102.67837 3.33844 3.32401 506.51214
6501.04977 102.41102 3.32864 3.31535 505.33512
6500.39275 101.91824 3.31134 3.29940 502.45178
6499.94319 101.63680 3.30227 3.29029 498.51233
6499.48238 101.34955 3.29312 3.28099 494.41407
6498.40747 100.61641 3.26698 3.25726 488.03941
6498.14020 100.41948 3.25968 3.25088 486.93436
6497.33667 99.82581 3.23797 3.23166 483.43074
6496.83960 99.48744 3.22551 3.22071 480.56062
6496.39437 99.16334 3.21360 3.21021 478.41752
6495.45598 98.52477 3.18991 3.18954 472.89962
6495.39002 98.47867 3.18819 3.18805 472.52028
6494.32721 97.73761 3.16059 3.16406 467.09695
6493.73970 97.28212 3.14373 3.14931 466.46799
6493.22473 96.85585 3.12793 3.13551 465.12692
6492.67070 96.46943 3.11335 3.12300 461.67658
6492.37384 96.25870 3.10539 3.11618 460.03064
6491.38784 95.56838 3.07905 3.09384 454.10800
6491.44411 95.60470 3.08045 3.09501 454.53346
6490.52733 95.02877 3.05843 3.07637 447.32777
6489.74546 94.50224 3.03827 3.05932 441.80768
6489.47499 94.30972 3.03085 3.05309 440.21896
6488.46919 93.65294 3.00532 3.03183 432.75580
6488.14970 93.42036 2.99702 3.02430 430.41621
6487.35583 92.84993 2.97810 3.00583 423.60792
6486.76934 92.44338 2.96341 2.99267 418.92051
6486.40579 92.17394 2.95317 2.98395 416.95641
6485.45401 91.53637 2.92893 2.96331 409.46136
6485.47483 91.54785 2.92936 2.96368 409.65682
6484.43223 90.86728 2.90467 2.94165 403.52288
6483.76305 90.38015 2.88708 2.92588 398.66915
6483.41580 90.11661 2.87781 2.91734 396.49931
6482.52511 89.53412 2.85814 2.89849 388.78376
6482.56268 89.55637 2.85887 2.89921 389.17407
6481.53597 88.90674 2.83902 2.87818 379.60298
6480.91567 88.49493 2.82682 2.86485 374.22735
6480.24558 88.02959 2.81246 2.84978 368.66319
6479.31599 87.30426 2.79399 2.82630 362.38045
6479.65508 87.53310 2.79879 2.83371 365.38476
6478.60429 86.91176 2.78374 2.81359 354.59062
6477.82612 86.38203 2.76639 2.79645 347.80877
6477.30405 85.98031 2.74797 2.78344 344.04153
6476.55356 85.45699 2.71854 2.76650 338.30986
6476.48666 85.41807 2.71682 2.76524 337.80318
6475.40084 84.69662 2.68123 2.74188 329.28086
6475.07737 84.44762 2.66288 2.73382 326.86640
6474.30764 83.93949 2.65220 2.71737 319.42245
6473.39665 83.22475 2.64137 2.69423 312.39047
6473.20118 83.05494 2.63224 2.68874 311.27590
6472.25149 82.35067 2.56891 2.66594 304.51741
6471.35724 81.49860 2.55242 2.63835 300.30830
6470.56299 80.52568 2.54689 2.60686 298.70270
6470.48177 80.44715 2.53750 2.60432 298.32338
6469.69529 79.53941 2.37514 2.57493 296.37754
6469.57367 79.36176 2.35266 2.56918 296.45525
6469.15026 78.94621 2.33992 2.55573 294.65832
6469.29641 79.05653 2.33915 2.55930 295.61151
6468.43023 78.47096 2.34909 2.54034 289.67462
6468.74097 78.66322 2.34597 2.54656 291.87924
6467.72380 78.09064 2.34995 2.52803 284.51722
6466.83158 77.55200 2.34645 2.51059 280.40000
6466.77484 77.49831 2.34583 2.50885 280.28545
6465.80998 76.97955 2.34656 2.49206 274.63560
6465.12017 76.57695 2.34449 2.47903 271.29630
6464.77353 76.35291 2.34256 2.47177 269.89658
6463.81242 75.84032 2.34126 2.45518 265.26014
6463.19529 75.46102 2.33952 2.44290 262.52594
6462.44617 74.95188 2.33618 2.42642 259.46664
6461.67361 74.43976 2.33141 2.40984 256.73688
6461.43431 74.27026 2.32959 2.40435 255.94633
6460.42013 73.59343 2.32276 2.38244 252.42637
6460.01073 73.29651 2.31941 2.37283 251.15340
6459.30545 72.76714 2.31276 2.35569 248.92192
6458.64879 72.31436 2.30677 2.34103 247.19175
6458.13865 71.90695 2.30069 2.32784 246.01782
6457.24950 71.21676 2.29094 2.30550 243.22895
6456.99922 71.00997 2.28771 2.29881 242.54817
6456.00991 70.17196 2.27406 2.27168 239.82157
6456.04832 70.20606 2.27465 2.27278 239.92220
6455.06188 69.42853 2.26156 2.24761 236.89257
6454.52404 68.94832 2.25268 2.23206 235.51194
6453.85964 68.33193 2.24040 2.21211 233.84561
6453.39951 67.92254 2.23212 2.19886 232.55565
6452.77388 67.31825 2.21920 2.17929 231.02554
6452.32977 66.90069 2.20968 2.16578 229.90197
6451.79322 66.39331 2.19904 2.14935 228.36959
6451.21620 65.84765 2.18840 2.13169 226.59532
6450.74031 65.37216 2.17711 2.11629 225.36983
6450.18594 64.84521 2.16393 2.09923 223.86585
6449.76854 64.42998 2.15325 2.08579 222.98801
6449.18675 63.88836 2.13904 2.06826 221.87053
6448.80995 63.52598 2.12944 2.05653 220.91481
6448.15749 62.92514 2.11351 2.03708 218.99715
6447.82657 62.62071 2.10527 2.02722 218.08308
6447.00437 61.85545 2.08408 2.00245 215.77863
6446.88662 61.71867 2.08017 1.99802 215.53133
6446.09530 61.04154 2.06108 1.97610 213.14623
6445.95100 60.92190 2.05769 1.97222 212.69269
6444.93877 60.03991 2.03217 1.94367 209.68140
6444.86038 59.97098 2.03015 1.94144 209.44952
6443.90059 59.11719 2.00499 1.91380 206.63027
6443.74593 58.97965 2.00085 1.90935 206.17855
6442.92664 58.25803 1.97878 1.88599 203.78511
6442.51920 57.90195 1.96881 1.87446 202.50405
6441.77647 57.19888 1.94970 1.85170 200.17099
6441.37539 56.81447 1.93772 1.83925 199.13315
6440.71072 56.16728 1.91689 1.81830 197.64415
6440.28200 55.73570 1.90328 1.80433 196.48271
6439.67445 55.12126 1.88353 1.78444 194.70328
6439.17282 54.61512 1.86711 1.76806 193.28463
6438.54399 53.90766 1.84397 1.74515 191.53832
6438.31407 53.68119 1.83649 1.73782 190.85155
6437.65045 52.98339 1.81336 1.71523 188.91645
6437.37781 52.72642 1.80486 1.70691 188.08493
6436.62610 51.95038 1.77891 1.68179 185.84685
6436.72465 52.01623 1.78113 1.68392 186.17587
6436.25560 51.65365 1.76895 1.67218 184.66265
6435.77818 51.32977 1.75808 1.66170 183.10214
6435.45661 51.11335 1.75080 1.65469 182.06385
6434.46171 50.45759 1.72879 1.63346 178.90985
6434.48168 50.46473 1.72903 1.63369 178.97511
6433.53426 49.89663 1.71007 1.61530 176.03824
6432.64367 49.29149 1.68930 1.59571 173.36959
6432.29721 49.03978 1.68098 1.58756 172.37158
6431.29279 48.32016 1.65946 1.56427 169.73206
6430.91135 48.02544 1.65040 1.55473 168.61983
6429.99827 47.25740 1.62430 1.52986 165.98211
6429.63555 46.95155 1.61388 1.51996 164.94100
6428.95969 46.35430 1.59366 1.50063 162.97472
6428.54643 46.01627 1.58209 1.48968 161.79251
6427.84143 45.41591 1.56154 1.47025 159.75627
6427.13700 44.72956 1.53801 1.44803 157.66772
6426.81838 44.40736 1.52690 1.43760 156.70323
6426.17277 43.84043 1.50733 1.41925 154.81990
6425.73130 43.40121 1.49217 1.40503 153.48759
6425.20842 42.89945 1.47475 1.38878 151.90721
6425.18200 42.90017 1.47476 1.38881 151.85360
6424.17473 42.12892 1.44793 1.36384 149.00877
6424.46488 42.33505 1.45515 1.37051 149.81986
6423.45350 41.66950 1.43190 1.34897 147.21180
6422.79357 41.22523 1.41642 1.33458 145.58054
6422.24118 40.80755 1.40159 1.32106 144.04491
6421.42938 40.21733 1.38199 1.30196 141.90487
6421.67494 40.37907 1.38696 1.30719 142.51165
6420.59040 39.74497 1.36754 1.28666 139.97889
6420.04421 39.37596 1.35541 1.27472 138.63727
6419.65842 39.15559 1.34761 1.26758 137.73469
6418.60254 38.52156 1.32504 1.24706 135.25184
6418.12909 38.20529 1.31399 1.23682 134.10458
6417.33913 37.63167 1.29399 1.21825 132.11151
6416.87395 37.32218 1.28310 1.20823 130.99483
6416.53193 37.10608 1.27548 1.20124 130.20473
6415.53662 36.47472 1.25334 1.18080 127.92937
6415.73627 36.57968 1.25703 1.18419 128.33989
6414.89734 36.16771 1.24245 1.17086 126.68432
6413.79271 35.56503 1.22125 1.15135 124.51057
6413.40650 35.33361 1.21310 1.14385 123.69626
6412.56742 34.78903 1.19395 1.12623 121.81496
6411.98130 34.44574 1.18184 1.11511 120.60618
6411.65495 34.25959 1.17527 1.10909 119.95066
6410.58275 33.61496 1.15259 1.08822 117.72285
6410.15190 33.33300 1.14274 1.07909 116.78146
6409.40476 32.86014 1.12603 1.06378 115.19690
6408.38266 32.13250 1.10055 1.04023 112.83893
6407.96672 31.78535 1.08819 1.02899 111.72718
6406.99058 30.96311 1.06040 1.00237 109.20195
6407.66712 31.43728 1.07581 1.01772 110.66012
6406.90074 30.99023 1.06113 1.00325 109.23036
6406.15511 30.65201 1.05071 0.99230 108.16612
6406.41216 30.76072 1.05397 0.99582 108.50518
6405.28496 30.32702 1.04015 0.98178 107.11307
6404.15342 29.82193 1.02209 0.96543 105.40289
6403.97298 29.73605 1.01892 0.96265 105.11075
6403.16146 29.41876 1.00744 0.95237 104.03870
6401.92687 28.81687 0.98614 0.93289 102.10212
6401.17503 28.39998 0.97138 0.91939 100.78082
6400.67944 28.08789 0.96035 0.90929 99.79810
6399.74810 27.56577 0.94187 0.89239 98.15426
6399.29159 27.29673 0.93236 0.88368 97.30485
6398.53831 26.79513 0.91469 0.86744 95.73086
6398.00495 26.47706 0.90343 0.85714 94.73279
6398.43639 26.69330 0.91112 0.86414 95.41078
6397.28137 26.25415 0.89532 0.84993 94.05057
6396.10059 25.72172 0.87638 0.83269 92.40341
6395.77963 25.56156 0.87069 0.82750 91.91000
6395.06281 25.20492 0.85801 0.81596 90.81193
6394.06739 24.75394 0.84192 0.80136 89.44537
6393.40694 24.40384 0.82948 0.79003 88.36445
6392.76486 24.01598 0.81582 0.77747 87.15849
6391.88130 23.55325 0.79945 0.76249 85.73746
6392.11241 23.66299 0.80336 0.76604 86.07375
6391.14393 23.24500 0.78823 0.75251 84.80634
6390.05823 22.73758 0.77014 0.73608 83.26578
6389.97885 22.68901 0.76856 0.73451 83.12594
6389.34880 22.44621 0.76079 0.72665 82.50672
6388.20755 21.98330 0.74638 0.71167 81.34431
6387.32923 21.56874 0.73224 0.69824 80.12489
6387.11471 21.45626 0.72812 0.69460 79.76540
6386.27684 21.08535 0.71460 0.68260 78.62761
6385.37732 20.73705 0.70209 0.67132 77.61166
6385.14890 20.64174 0.69870 0.66824 77.33373
6384.22496 20.23367 0.68418 0.65502 76.10261
6383.31077 19.85403 0.67056 0.64273 74.96723
6383.24366 19.82128 0.66940 0.64167 74.86520
6382.78729 19.69751 0.66487 0.63767 74.54017
6381.65900 19.35744 0.65251 0.62666 73.61230
6380.47741 18.95171 0.63790 0.61352 72.45392
6379.79883 18.67777 0.62810 0.60466 71.62426
6379.25651 18.45079 0.61999 0.59731 70.92846
6378.20220 18.00772 0.60425 0.58296 69.51977
6377.21376 17.56197 0.58838 0.56853 68.11187
6376.89718 17.38313 0.58205 0.56274 67.51451
6375.94487 16.90935 0.56523 0.54741 65.95447
6375.20640 16.53407 0.55190 0.53526 64.69994
6375.25612 16.55908 0.55279 0.53607 64.78334
6374.30889 16.16786 0.53879 0.52340 63.52254
6373.36157 15.79071 0.52527 0.51119 62.29929
6373.82063 15.91840 0.52993 0.51533 62.67454
6373.35524 15.83590 0.52682 0.51266 62.48116
6372.39531 15.68665 0.52114 0.50782 62.16511
6371.37899 15.51930 0.51483 0.50241 61.78790
6370.40472 15.36102 0.50887 0.49728 61.41453
6369.45817 15.21536 0.50342 0.49257 61.06506
6368.50186 15.08150 0.49836 0.48823 60.78376
6367.80351 14.98718 0.49481 0.48518 60.59248
6367.40283 14.91774 0.49227 0.48293 60.41038
6366.31410 14.75095 0.48616 0.47753 60.02247
6365.08140 14.50292 0.47728 0.46950 59.30069
6363.80919 14.18280 0.46578 0.45914 58.25504
6362.63960 13.81030 0.45240 0.44708 56.91526
6362.00186 13.55646 0.44376 0.43886 55.98734
6360.89924 13.02902 0.42759 0.42179 54.19523
6359.77945 12.41693 0.40787 0.40197 51.96598
6359.68474 12.36357 0.40595 0.40025 51.74638
6358.49439 11.67202 0.38154 0.37786 48.93377
6357.48197 10.93163 0.35591 0.35389 45.90830
6356.87769 10.40763 0.33769 0.33693 43.72816
6356.05388 9.67953 0.31235 0.31336 40.69476
6355.47652 9.07880 0.29145 0.29391 38.17793
6354.82789 8.35353 0.26623 0.27043 35.12754
0.00000 0.00000 0.00000 0.00000 0.00000
