6650.38142 247.15990 8.15343 8.00131 734.91388
6649.38119 246.19381 8.12136 7.97003 733.64321
6649.58254 246.38276 8.12763 7.97615 733.94082
6648.55951 245.44938 8.09649 7.94593 732.20587
6648.18154 245.08451 8.08433 7.93412 731.71781
6647.32325 244.23110 8.05598 7.90649 730.82933
6647.56690 244.46436 8.06386 7.91404 731.12439
6646.65883 243.65745 8.03667 7.88792 729.44073
6646.42567 243.44336 8.03028 7.88099 728.84904
6645.58479 242.69790 8.00804 7.85686 726.53778
6644.86502 242.00110 7.98468 7.83430 725.58258
6644.12589 241.23738 7.95950 7.80958 725.74778
6643.76909 240.86474 7.94720 7.79751 725.84214
6643.12008 240.17939 7.92452 7.77533 725.39008
6643.10232 240.16268 7.92397 7.77479 725.36167
6642.40490 239.49756 7.90178 7.75325 724.41497
6642.14428 239.24399 7.89337 7.74505 724.09215
6641.42309 238.57253 7.87098 7.72331 722.93709
6640.82669 237.98111 7.85134 7.70416 722.28821
6640.28161 237.42007 7.83267 7.68600 721.87806
6640.05941 237.21733 7.82590 7.67944 721.48588
6639.39328 236.58166 7.80477 7.65886 720.55188
6639.04186 236.23878 7.79330 7.64776 720.13120
6638.56905 235.80616 7.77892 7.63375 719.31536
6638.01253 235.29724 7.76197 7.61728 718.31210
6637.54685 234.86254 7.74720 7.60320 717.67049
6636.93032 234.30032 7.72885 7.58500 716.45764
6636.47340 233.87294 7.71649 7.57117 715.15526
6635.68835 233.13249 7.69313 7.54720 714.31426
6635.04622 232.48019 7.67129 7.52608 714.22049
6634.49649 231.88341 7.65156 7.50676 713.93322
6634.40152 231.80269 7.64885 7.50415 713.71552
6633.67894 231.11005 7.62578 7.48173 712.75327
6633.36367 230.79597 7.61528 7.47156 712.41629
6632.68609 230.14845 7.59377 7.45060 711.46702
6632.44207 229.91264 7.58592 7.44296 711.14746
6631.71479 229.22818 7.56305 7.42080 710.03827
6631.42826 228.96427 7.55422 7.41226 709.55749
6630.55350 228.12412 7.52622 7.38506 708.35997
6630.35746 227.93343 7.51986 7.37889 708.11672
6629.47865 227.08197 7.49154 7.35132 706.95702
6629.86414 227.41870 7.50275 7.36223 707.79511
6628.92831 226.64891 7.47690 7.33731 705.40741
6628.24167 226.02278 7.45581 7.31704 704.25757
6627.28764 225.07935 7.42779 7.28649 702.18584
6627.42153 225.20709 7.43169 7.29063 702.49218
6626.49383 224.34092 7.40317 7.26259 701.30973
6625.93220 223.79262 7.38501 7.24484 701.29176
6625.01293 222.80830 7.35229 7.21297 700.82304
6625.39831 223.19127 7.36507 7.22537 701.24403
6624.47294 222.33056 7.33631 7.19751 699.74690
6624.23343 222.09701 7.32850 7.18995 699.44770
6623.39680 221.29496 7.30181 7.16398 698.29070
6623.19270 221.09988 7.29529 7.15767 698.00148
6622.39552 220.33228 7.26967 7.13282 696.93726
6622.22678 220.17355 7.26435 7.12768 696.67063
6621.42961 219.42487 7.23934 7.10344 695.43457
6621.05283 219.05851 7.22719 7.09158 694.97269
6620.46137 218.48424 7.20801 7.07299 694.24322
6620.37430 218.41226 7.20558 7.07066 694.01807
6619.69937 217.82815 7.18606 7.05175 692.49312
6619.02856 217.22233 7.16556 7.03214 691.28233
6618.42475 216.65364 7.14682 7.01373 690.30242
6617.82825 216.08314 7.12985 6.99526 689.34705
6617.27224 215.54535 7.11263 6.97785 689.02848
6616.60335 214.86936 7.09067 6.95597 688.18536
6616.21233 214.46618 7.07719 6.94291 687.94697
6615.78527 214.04220 7.06306 6.92919 687.49803
6615.46261 213.74046 7.05298 6.91942 686.97162
6614.81358 213.13056 7.03262 6.89968 685.97275
6614.43416 212.76991 7.02053 6.88800 685.43212
6613.76177 212.13433 6.99929 6.86742 684.42504
6613.43219 211.82653 6.98900 6.85746 683.90568
6612.65285 211.08360 6.96422 6.83341 682.80039
6612.65061 211.07303 6.96388 6.83307 682.87348
6611.82136 210.34859 6.93961 6.80961 681.10819
6611.63032 210.17388 6.93377 6.80396 680.77218
6610.65029 209.29824 6.90443 6.77561 678.83487
6610.34696 209.01611 6.89499 6.76648 678.35579
6609.34904 208.04797 6.86314 6.73514 676.92722
6609.59146 208.27417 6.87005 6.74246 677.45035
6608.60179 207.38574 6.84382 6.71370 675.54958
6608.24870 207.05484 6.83295 6.70299 675.14477
6607.37729 206.21877 6.80472 6.67592 673.93984
6606.92034 205.76790 6.78977 6.66132 673.44270
6606.07149 204.87423 6.76003 6.63239 673.03130
6606.36634 205.15992 6.76960 6.64164 673.39715
6605.56505 204.43054 6.74511 6.61803 671.96916
6605.35136 204.23387 6.73853 6.61166 671.60485
6604.57127 203.53103 6.71503 6.58891 670.13416
6604.06267 203.05661 6.69917 6.57355 669.33039
6603.39716 202.41601 6.67770 6.55281 668.46711
6603.07795 202.11504 6.66767 6.54307 667.99361
6602.69333 201.75246 6.65557 6.53133 667.42354
6602.43648 201.54675 6.64863 6.52467 666.71049
6601.67377 200.91693 6.62735 6.50428 664.76676
6600.73310 200.03911 6.59814 6.47587 663.29638
6600.37415 199.68652 6.58632 6.46445 663.41539
6599.71334 199.05874 6.56532 6.44413 663.10108
6599.53229 198.88788 6.56006 6.43860 662.66904
6598.69084 198.11923 6.53729 6.41371 660.23013
6598.19000 197.62803 6.52082 6.39781 659.68323
6597.44566 196.87167 6.49556 6.37333 659.13944
6597.46679 196.90023 6.49649 6.37425 659.08868
6596.57487 196.06290 6.46844 6.34714 657.73839
6596.44993 195.94165 6.46439 6.34322 657.59098
6595.53540 195.08505 6.43574 6.31549 656.21050
6595.70657 195.23928 6.44094 6.32048 656.52842
6594.71465 194.37184 6.41174 6.29240 654.43447
6594.66895 194.33102 6.41037 6.29108 654.34657
6593.72124 193.50985 6.38279 6.26449 652.27950
6593.31106 193.14086 6.37042 6.25255 651.52558
6592.54090 192.43046 6.34659 6.22955 650.28355
6592.29900 192.21199 6.33927 6.22248 649.81951
6591.57948 191.56814 6.31776 6.20164 648.44168
6591.13030 191.15170 6.30379 6.18815 648.37291
6590.52368 190.60440 6.28541 6.17044 647.84419
6589.84772 189.96722 6.26643 6.14981 645.99917
6589.40366 189.52974 6.25294 6.13565 645.21671
6588.81177 188.98131 6.23437 6.11789 644.32486
6588.23926 188.41244 6.21546 6.09948 643.80491
6587.88239 188.05137 6.20340 6.08779 643.53579
6587.65412 187.86617 6.19714 6.08179 642.92205
6586.80669 187.09758 6.17130 6.05691 641.43206
6586.49145 186.79546 6.16122 6.04713 641.04133
6585.72091 186.08919 6.13759 6.02427 639.75264
6585.68945 186.05040 6.13630 6.02301 639.79900
6584.83736 185.31479 6.11153 5.99920 637.95769
6584.81749 185.29913 6.11100 5.99869 637.89933
6583.78114 184.41676 6.08139 5.97012 635.50262
6583.57669 184.23275 6.07520 5.96417 635.07554
6582.67496 183.44139 6.04863 5.93855 633.84310
6582.37275 183.16893 6.03958 5.92973 633.74241
6581.61832 182.49200 6.01659 5.90781 632.53375
6581.25120 182.16331 6.00559 5.89717 631.76561
6580.55868 181.53873 5.98749 5.87695 629.66728
6580.07997 181.09639 5.97326 5.86263 628.74423
6579.56279 180.62608 5.95744 5.84741 627.87593
6578.83210 179.95727 5.93495 5.82576 626.68515
6578.27880 179.40390 5.91650 5.80784 626.28018
6577.86878 179.00718 5.90320 5.79500 625.81526
6577.59427 178.76262 5.89496 5.78708 625.30217
6576.90185 178.13763 5.87400 5.76685 624.08334
6576.86064 178.09267 5.87250 5.76539 624.09107
6576.05892 177.43703 5.85038 5.74417 622.00957
6575.81756 177.23557 5.84355 5.73765 621.41053
6574.79552 176.36578 5.81428 5.70949 619.12030
6574.53135 176.13232 5.80644 5.70193 618.56064
6573.58792 175.28246 5.77795 5.67442 617.34789
6573.34895 175.06408 5.77067 5.66735 617.34242
6572.54222 174.32258 5.74582 5.64334 616.44274
6572.40648 174.20011 5.74171 5.63938 616.16239
6571.67520 173.56156 5.72027 5.61871 614.67812
6571.25197 173.18204 5.70721 5.60642 614.02249
6570.69110 172.69139 5.69134 5.59054 612.70554
6569.89430 171.98318 5.67042 5.56761 610.26475
6569.21714 171.31019 5.64789 5.54582 609.76071
6568.81912 170.91183 5.63450 5.53293 609.52178
6568.66739 170.77781 5.63002 5.52859 609.22570
6568.00481 170.20264 5.61069 5.50997 607.86255
6568.02032 170.20005 5.61063 5.50989 608.06299
6567.20267 169.56702 5.58909 5.48939 605.57859
6566.67493 169.13145 5.57443 5.47529 604.26992
6565.65513 168.22820 5.54405 5.44605 602.29285
6565.68213 168.25057 5.54481 5.44678 602.35126
6564.75276 167.45337 5.51810 5.42097 601.37489
6564.55488 167.27766 5.51223 5.41528 601.25976
6563.79064 166.63403 5.49054 5.39444 599.42940
6563.21359 166.12928 5.47355 5.37810 598.33478
6562.63392 165.60685 5.45602 5.36119 597.34734
6562.09267 165.13100 5.44001 5.34579 596.30224
6561.75309 164.82240 5.42938 5.33580 595.85332
6561.16769 164.33290 5.41297 5.31995 594.45015
6560.78291 164.01415 5.40354 5.30963 593.05631
6559.81380 163.17489 5.37753 5.28246 590.33009
6559.59280 162.97248 5.37062 5.27591 590.03987
6558.61218 162.09452 5.34091 5.24749 588.43381
6558.94504 162.37966 5.35046 5.25672 589.15768
6557.84810 161.47991 5.32011 5.22759 586.36471
6557.45853 161.12697 5.30827 5.21616 585.76502
6556.70478 160.47166 5.28620 5.19495 584.24408
6556.36806 160.17522 5.27624 5.18535 583.61718
6555.73086 159.62296 5.25767 5.16747 582.70435
6555.15774 159.12545 5.24103 5.15137 582.44360
6554.73036 158.73890 5.22801 5.13885 581.72901
6554.16851 158.26740 5.21203 5.12359 580.43744
6553.76948 157.92806 5.20060 5.11260 579.58877
6552.94075 157.21464 5.17655 5.08951 577.90516
6552.87445 157.15933 5.17467 5.08772 577.75353
6551.87283 156.32513 5.14658 5.06071 575.39259
6551.81422 156.27468 5.14489 5.05908 575.26924
6550.85001 155.46561 5.11727 5.03289 573.20598
6550.57013 155.23025 5.10933 5.02527 572.56036
6549.92018 154.67283 5.09243 5.00722 570.56287
6549.51392 154.36174 5.08321 4.99715 568.82050
6548.58646 153.57020 5.05669 4.97153 566.81569
6548.02992 153.04179 5.03892 4.95442 566.15594
6547.95709 152.98841 5.03713 4.95269 565.89930
6547.15775 152.34558 5.01548 4.93188 564.68474
6546.72839 151.97890 5.00318 4.92001 564.22882
6545.77329 151.15153 4.97524 4.89323 562.28595
6545.81979 151.18947 4.97652 4.89446 562.40544
6544.82323 150.34936 4.94815 4.86726 560.23157
6544.84021 150.35960 4.94850 4.86759 560.31653
6543.95780 149.64965 4.92447 4.84461 558.02177
6543.47590 149.24635 4.91084 4.83155 556.92607
6542.81213 148.68845 4.89197 4.81349 555.46126
6542.15350 148.12528 4.87293 4.79526 554.11796
6541.99618 147.96923 4.86771 4.79021 554.03572
6541.43179 147.54690 4.85345 4.77654 552.14963
6541.14597 147.32866 4.84595 4.76947 551.30808
6540.10171 146.51604 4.81872 4.74316 548.19355
6539.87753 146.33188 4.81320 4.73720 547.36301
6538.95473 145.58425 4.79030 4.71300 544.23017
6538.23057 144.97051 4.76958 4.69313 543.02491
6537.45200 144.23613 4.74478 4.66936 543.18258
6537.42784 144.20666 4.74380 4.66840 543.23748
6536.89387 143.77938 4.72933 4.65457 541.69965
6536.21922 143.20594 4.70989 4.63601 540.31950
6535.89907 142.93943 4.70088 4.62738 539.60689
6535.04047 142.23183 4.67687 4.60447 537.55786
6535.01205 142.19520 4.67565 4.60329 537.64565
6534.08128 141.46425 4.65086 4.57962 535.03023
6533.91413 141.32955 4.64630 4.57526 534.60142
6532.95828 140.55640 4.62010 4.55023 532.15886
6532.65503 140.30511 4.61162 4.54210 531.45464
6532.09971 139.85465 4.59630 4.52751 530.06056
6531.65318 139.52022 4.58495 4.51669 528.63136
6531.18490 139.16343 4.57280 4.50514 527.19819
6530.24485 138.44060 4.54828 4.48174 524.25100
6529.98454 138.22881 4.54112 4.47488 523.66173
6528.98347 137.42404 4.51371 4.44883 522.44957
6528.59169 137.09584 4.50381 4.43820 521.01372
6527.75451 136.36649 4.48153 4.41459 518.61950
6527.72469 136.34409 4.48078 4.41387 518.52071
6526.93486 135.71759 4.45919 4.39359 516.46168
6526.25996 135.14408 4.43981 4.37502 515.07115
6525.96103 134.88712 4.43108 4.36670 514.49354
6525.27782 134.34918 4.41276 4.34929 512.59358
6525.02246 134.14011 4.40567 4.34252 511.96979
6524.04892 133.36698 4.37936 4.31749 509.32189
6524.60272 133.77527 4.39332 4.33071 511.20786
6523.40613 132.95322 4.36510 4.30409 506.40517
6522.51251 132.24466 4.34099 4.28116 503.94400
6521.98320 131.80820 4.32618 4.26703 502.72377
6521.34020 131.29891 4.30883 4.25054 500.87224
6521.13253 131.11997 4.30272 4.24475 500.40578
6520.29119 130.48600 4.28115 4.22422 498.63240
6520.07813 130.32109 4.27557 4.21888 498.31032
6519.04621 129.50832 4.24782 4.19257 495.50878
6518.90292 129.38813 4.24360 4.18868 495.26936
6518.22938 128.86942 4.22615 4.17189 493.10709
6517.67403 128.45999 4.21386 4.15864 490.53571
6516.99961 127.92934 4.19747 4.14146 487.99255
6516.10611 127.20375 4.17248 4.11797 485.79815
6515.80258 126.93984 4.16353 4.10942 485.21501
6514.87603 126.16376 4.13705 4.08430 483.14184
6515.46587 126.61816 4.15259 4.09901 484.91996
6514.39919 125.86215 4.12661 4.07454 480.87890
6513.88140 125.46982 4.11319 4.06183 479.23353
6513.23097 124.98263 4.09646 4.04606 477.05759
6512.42522 124.36796 4.07546 4.02616 474.41520
6512.01971 124.03788 4.06420 4.01548 473.80015
6511.11213 123.32023 4.03965 3.99225 472.19782
6511.35881 123.50491 4.04601 3.99822 473.00056
6510.31124 122.74414 4.01978 3.97360 469.07885
6509.96011 122.47013 4.01041 3.96473 468.02842
6509.24989 121.94660 3.99246 3.94778 465.54302
6508.42137 121.30959 3.97051 3.92716 462.91544
6508.10798 121.04533 3.96146 3.91860 462.19827
6507.29042 120.42722 3.94020 3.89859 459.48806
6507.32651 120.45016 3.94101 3.89933 459.65409
6506.39236 119.76690 3.91735 3.87721 456.31274
6505.99020 119.48203 3.90829 3.86799 454.42722
6505.03781 118.75263 3.88591 3.84438 450.32648
6504.44220 118.25880 3.86878 3.82839 448.88245
6504.32082 118.16651 3.86555 3.82540 448.49448
6503.46089 117.54546 3.84406 3.80530 445.17794
6503.17063 117.32686 3.83648 3.79822 444.22188
6502.15156 116.54582 3.80961 3.77294 442.17034
6502.10368 116.50213 3.80811 3.77152 442.10530
6501.36151 115.96628 3.78950 3.75418 439.11493
6500.64353 115.43602 3.77110 3.73701 436.52703
6500.48446 115.30146 3.76646 3.73265 436.12824
6499.62975 114.72386 3.74626 3.71396 432.36746
6499.08064 114.32225 3.73228 3.70095 430.38934
6498.15118 113.59569 3.70711 3.67743 427.28738
6498.00559 113.49188 3.70348 3.67407 426.68089
6497.52623 113.13449 3.69103 3.66250 424.91692
6496.96709 112.76709 3.67808 3.65061 422.32542
6496.50943 112.45906 3.66731 3.64064 420.24550
6495.42898 111.69187 3.64029 3.61580 415.90974
6495.07158 111.42695 3.63088 3.60722 414.56721
6494.25888 110.81630 3.61143 3.58746 411.43997
6493.58681 110.31349 3.59576 3.57118 409.09279
6493.16577 109.96621 3.58364 3.55994 407.77140
6492.50187 109.47967 3.56639 3.54419 405.18260
6492.30942 109.33915 3.56146 3.53964 404.43653
6491.27451 108.57340 3.53449 3.51485 400.40909
6491.19599 108.50890 3.53224 3.51276 400.16748
6490.45270 107.97665 3.51347 3.49553 397.04700
6489.78195 107.50328 3.49675 3.48020 394.14493
6489.52000 107.29725 3.48946 3.47353 393.18973
6488.65314 106.71506 3.46876 3.45469 389.13446
6488.50073 106.60945 3.46501 3.45127 388.44890
6487.50169 105.91266 3.44023 3.42871 384.01864
6487.07948 105.61186 3.42952 3.41897 382.15401
6486.52364 105.23158 3.41597 3.40666 379.61669
6485.52398 104.52536 3.39081 3.38380 375.16276
6485.54499 104.52859 3.39094 3.38390 375.36374
6484.58104 103.87254 3.36757 3.36267 372.00267
6484.06123 103.50570 3.35441 3.35079 369.70532
6483.33732 102.97777 3.33563 3.33370 366.53158
6482.64775 102.47113 3.31713 3.31730 363.66669
6482.63822 102.45990 3.31672 3.31693 363.66567
6481.64803 101.80187 3.29435 3.29563 358.53049
6481.01626 101.34530 3.28009 3.28085 355.21076
6480.21163 100.72845 3.25845 3.26088 351.84203
6479.89227 100.49238 3.24974 3.25324 350.48590
6479.67932 100.33937 3.24417 3.24829 349.55514
6478.78712 99.75909 3.22382 3.22950 345.24105
6478.59075 99.62780 3.21917 3.22525 344.26561
6477.56252 98.92338 3.19378 3.20245 339.30923
6477.12030 98.61329 3.18260 3.19241 337.28322
6476.80490 98.39697 3.17490 3.18541 335.88042
6475.90463 97.82982 3.15490 3.16704 332.26209
6475.39326 97.48467 3.14266 3.15587 329.76740
6474.39275 96.76351 3.11742 3.13253 325.32128
6474.11141 96.55955 3.11031 3.12592 324.05872
6473.68803 96.26813 3.10035 3.11649 322.09464
6472.82957 95.70685 3.08117 3.09832 318.04972
6472.93842 95.76904 3.08329 3.10033 318.59976
6471.86806 95.10916 3.06099 3.07897 313.46386
6471.09106 94.58470 3.04366 3.06199 309.99144
6470.67052 94.28854 3.03367 3.05240 308.21561
6469.79148 93.71440 3.01501 3.03382 304.34860
6469.55728 93.55482 3.01041 3.02865 303.26441
6468.59351 92.89067 2.99232 3.00715 299.06326
6468.10973 92.56502 2.98301 2.99661 296.95589
6467.19162 91.90661 2.96206 2.97529 293.77221
6466.37767 91.26134 2.94191 2.95440 290.97736
6466.95912 91.66207 2.95402 2.96738 293.18835
6465.90597 91.02902 2.93551 2.94688 288.94595
6464.88710 90.31310 2.91373 2.92371 285.24015
6464.37585 89.91309 2.90093 2.91076 283.43927
6464.00267 89.66715 2.89331 2.90279 282.09070
6463.73187 89.49430 2.88826 2.89720 281.14562
6462.62642 88.75931 2.86708 2.87341 277.47072
6462.74384 88.81770 2.86871 2.87530 277.86731
6461.48035 88.03430 2.84660 2.84993 273.89721
6460.09519 86.91597 2.81182 2.81373 269.65604
6459.82412 86.67184 2.80766 2.80583 268.81784
6458.87841 85.89971 2.77999 2.78083 266.12837
6457.84335 84.87074 2.72429 2.74752 263.11865
6457.18838 84.15168 2.70562 2.72424 261.09149
6456.81879 83.77415 2.70031 2.71202 260.03791
6455.97370 82.80525 2.67528 2.68065 257.51320
6456.05560 82.85362 2.67641 2.68222 257.72498
6455.85725 82.69008 2.67129 2.67693 257.17730
6456.35142 83.06208 2.68185 2.68897 258.52383
6455.71528 82.65315 2.67171 2.67573 256.85377
6456.21365 82.96191 2.67929 2.68573 258.14753
6455.12865 82.33274 2.66894 2.66536 255.42922
6454.25587 81.79879 2.67606 2.64807 253.38482
6454.80155 82.07623 2.66905 2.65705 254.59490
6453.68945 81.57099 2.68073 2.64070 252.26143
6452.19620 80.68825 2.70634 2.61212 249.09397
6452.04564 80.56315 2.69457 2.60807 248.71894
6451.22128 80.10058 2.63037 2.59310 247.13438
6450.39779 79.58452 2.54699 2.57639 245.47012
6449.68175 79.08993 2.50620 2.56038 243.97630
6449.01684 78.66389 2.50290 2.54659 242.69141
6448.64951 78.41486 2.49435 2.53852 241.93038
6447.58203 77.70030 2.46667 2.51539 239.76698
6447.06316 77.32165 2.46242 2.50313 238.65334
6446.42678 76.85053 2.45625 2.48788 237.26803
6445.70648 76.35719 2.44519 2.47191 235.80001
6444.99717 75.79589 2.43803 2.45374 234.17857
6444.11557 75.10141 2.42804 2.43126 232.39801
6444.13803 75.10922 2.42805 2.43151 232.41683
6443.10803 74.33044 2.41525 2.40630 230.19523
6442.55288 73.86754 2.40774 2.39131 228.85970
6441.68743 73.12914 2.39238 2.36741 226.71844
6441.09585 72.60063 2.38255 2.35030 225.17440
6440.43663 71.97667 2.36894 2.33010 223.35712
6439.99503 71.58325 2.36075 2.31736 222.22426
6439.34664 70.96049 2.34725 2.29720 220.42133
6438.90621 70.55233 2.33811 2.28399 219.24855
6438.33966 70.01455 2.32536 2.26658 217.71451
6437.77608 69.48006 2.31275 2.24928 216.17740
6437.35038 69.06658 2.30277 2.23589 215.00516
6436.71613 68.47751 2.28804 2.21682 213.33589
6436.30366 68.06443 2.27752 2.20345 212.15744
6435.76492 67.56494 2.26478 2.18728 210.75815
6435.56735 67.37570 2.25974 2.18115 210.22489
6434.87610 66.77547 2.24389 2.16172 208.50871
6434.69577 66.61397 2.23989 2.15649 208.07302
6433.76314 65.81756 2.22113 2.13071 206.07025
6433.27254 65.36610 2.20861 2.11610 204.82536
6432.31163 64.43784 2.18130 2.08605 202.22792
6432.64106 64.74058 2.19020 2.09585 203.06675
6431.64135 63.86838 2.16438 2.06761 200.65882
6431.47869 63.72523 2.16007 2.06298 200.26784
6430.58593 62.93527 2.13625 2.03740 198.07361
6430.29622 62.67705 2.12841 2.02904 197.37653
6429.55140 62.00830 2.10781 2.00739 195.52030
6429.02984 61.54155 2.09333 1.99228 194.24624
6428.31212 60.85523 2.07174 1.97007 192.36532
6427.85192 60.41775 2.05782 1.95590 191.17048
6427.17579 59.75761 2.03667 1.93453 189.39597
6426.64417 59.22005 2.01929 1.91713 187.94718
6426.09748 58.65959 2.00089 1.89899 186.44970
6425.48451 58.03923 1.98088 1.87890 184.81655
6424.96137 57.44823 1.96412 1.85977 183.39449
6424.87276 57.38267 1.96219 1.85765 183.22100
6424.13764 56.65816 1.93858 1.83419 181.31544
6423.52979 56.03104 1.91764 1.81389 179.65353
6422.94424 55.38832 1.89626 1.79309 178.05889
6423.51953 55.90950 1.91360 1.80996 179.41209
6423.44030 55.86051 1.91197 1.80837 179.27155
6422.89873 55.50114 1.90006 1.79674 178.24474
6422.69190 55.36192 1.89544 1.79223 177.83039
6421.67658 54.69181 1.87308 1.77054 175.82423
6421.61115 54.64036 1.87135 1.76887 175.67931
6420.76964 54.11954 1.85384 1.75201 174.13824
6419.72347 53.41084 1.83000 1.72907 172.07006
6419.33410 53.12814 1.82045 1.71992 171.27254
6418.35439 52.41919 1.79645 1.69697 169.25372
6417.86328 52.05589 1.78410 1.68521 168.23357
6416.90961 51.29491 1.75815 1.66057 166.11167
6416.28358 50.77091 1.74027 1.64361 164.65232
6415.56002 50.14005 1.71878 1.62318 162.91644
6414.86108 49.50339 1.69685 1.60257 161.13817
6414.27862 48.95094 1.67791 1.58469 159.63960
6413.63035 48.32135 1.65897 1.56431 158.09659
6413.44973 48.13381 1.65319 1.55824 157.62746
6412.76898 47.53796 1.63289 1.53895 155.98051
6412.24786 47.02648 1.61509 1.52239 154.55397
6411.80978 46.60300 1.60055 1.50868 153.39194
6412.17870 46.92627 1.61167 1.51914 154.28934
6411.17687 46.16925 1.58547 1.49464 152.14291
6411.57425 46.45069 1.59525 1.50375 152.95252
6410.65107 45.83246 1.57373 1.48373 151.16913
6409.87809 45.31249 1.55558 1.46690 149.66859
6409.42406 44.96715 1.54355 1.45572 148.68593
6408.61698 44.41624 1.52437 1.43789 147.10268
6409.00617 44.66910 1.53321 1.44607 147.82954
6407.83670 43.95393 1.50813 1.42292 145.78273
6407.24300 43.54886 1.49400 1.40981 144.62755
6407.02550 43.42586 1.48967 1.40583 144.27179
6405.93438 42.76035 1.46632 1.38428 142.37090
6405.20983 42.27475 1.44935 1.36856 140.99101
6404.49015 41.75260 1.43112 1.35166 139.50760
6404.12885 41.51707 1.42290 1.34403 138.84407
6403.86309 41.34870 1.41700 1.33858 138.37003
6402.87398 40.72532 1.39475 1.31840 136.58649
6403.36990 40.99914 1.40453 1.32726 137.36270
6402.56953 40.60353 1.39040 1.31446 136.25946
6401.41536 39.97530 1.37033 1.29412 134.69432
6401.11879 39.81185 1.36524 1.28883 134.30362
6400.03865 39.18764 1.34433 1.26862 132.68418
6399.09059 38.58993 1.32294 1.24927 130.98039
6398.85933 38.44783 1.31794 1.24467 130.59033
6397.79673 37.77186 1.29425 1.22279 128.71574
6397.44046 37.53666 1.28596 1.21517 128.05511
6396.55568 36.97012 1.26607 1.19683 126.46313
6395.34855 36.09775 1.23539 1.16859 123.94053
6394.72316 35.57923 1.21726 1.15181 122.41358
6393.76593 34.77396 1.18907 1.12574 120.03607
6395.26957 35.81752 1.22573 1.15952 123.03179
6394.64664 35.45641 1.21301 1.14783 122.02589
6394.08110 35.20825 1.20418 1.13980 121.39073
6394.50070 35.38797 1.21058 1.14561 121.84530
6393.55040 35.00965 1.19699 1.13337 120.92093
6392.32674 34.53320 1.17991 1.11794 119.78758
6391.58779 34.18194 1.16735 1.10657 118.88703
6390.95322 33.90512 1.15751 1.09761 118.20312
6389.64576 33.26531 1.13473 1.07690 116.55624
6388.64042 32.70830 1.11496 1.05887 115.05414
6388.12556 32.38836 1.10376 1.04851 114.13306
6387.23945 31.88304 1.08579 1.03215 112.70129
6386.65699 31.53849 1.07338 1.02100 111.70599
6385.91427 31.05431 1.05711 1.00532 110.38479
6385.59574 30.86115 1.05110 0.99907 109.92181
6386.67890 31.37573 1.06779 1.01573 111.08324
6385.38195 30.88310 1.05167 0.99978 110.12544
6384.07643 30.30194 1.03321 0.98096 108.93251
6383.84137 30.19303 1.02938 0.97744 108.65898
6382.82432 29.72968 1.01263 0.96244 107.47092
6381.60468 29.10695 0.99043 0.94228 105.79240
6380.95760 28.75814 0.97810 0.93099 104.83587
6380.33470 28.38869 0.96502 0.91903 103.76854
6379.52301 27.95924 0.94975 0.90512 102.57858
6380.17606 28.27062 0.96086 0.91520 103.39588
6379.08861 27.80681 0.94426 0.90019 102.23921
6377.89844 27.24523 0.92430 0.88201 100.69508
6378.08718 27.31826 0.92693 0.88437 100.86526
6377.47858 27.08582 0.91856 0.87685 100.33100
6376.20527 26.56192 0.89978 0.85989 99.04118
6375.17631 26.08220 0.88266 0.84436 97.75188
6375.27094 26.10897 0.88364 0.84523 97.79756
6374.29143 25.71668 0.86956 0.83253 96.83972
6373.12896 25.20047 0.85113 0.81581 95.46167
6373.29424 25.27206 0.85369 0.81813 95.65200
6372.36364 24.87860 0.83960 0.80539 94.62865
6371.44858 24.50797 0.82630 0.79340 93.67778
6371.55322 24.53492 0.82729 0.79427 93.72133
6371.40950 24.50116 0.82605 0.79318 93.67617
6370.17076 24.14247 0.81303 0.78156 92.95109
6368.72489 23.64362 0.79514 0.76541 91.79136
6367.79203 23.26456 0.78137 0.75314 90.75354
6367.37512 23.08287 0.77482 0.74726 90.23384
6366.36128 22.67544 0.76050 0.73407 89.15542
6365.24406 22.19771 0.74561 0.71861 88.05279
6364.32021 21.72941 0.73052 0.70345 86.76859
6363.49109 21.26700 0.71391 0.68848 85.18575
6363.03679 21.04228 0.70583 0.68120 84.44565
6363.31210 21.16998 0.71041 0.68534 84.85213
6362.41698 20.79791 0.69708 0.67329 83.74469
6361.56290 20.45821 0.68507 0.66229 82.68874
6362.73582 20.80326 0.69743 0.67346 83.55019
6362.49917 20.76911 0.69613 0.67236 83.55716
6361.61182 20.62425 0.69076 0.66767 83.42917
6360.69195 20.48219 0.68542 0.66307 83.38177
6359.66146 20.33083 0.67968 0.65817 83.38885
6358.66516 20.17073 0.67366 0.65299 83.33033
6357.83244 20.04906 0.66904 0.64905 83.34689
6357.07234 19.95556 0.66546 0.64602 83.45090
6356.52732 19.87056 0.66227 0.64327 83.44093
6355.31830 19.66554 0.65462 0.63663 83.34855
6353.88827 19.36337 0.64356 0.62685 82.92358
6352.39286 18.97384 0.62953 0.61424 82.02949
6351.10202 18.56435 0.61490 0.60098 80.89628
6349.75541 18.01978 0.59561 0.58335 79.06615
6348.79518 17.54833 0.57899 0.56809 77.27391
6347.75595 17.04512 0.56124 0.55180 75.37852
6346.65674 16.41600 0.53912 0.53144 72.82031
6345.52040 15.67156 0.51304 0.50734 69.64452
6344.38873 14.83045 0.48361 0.48011 65.94271
6343.59642 14.15318 0.45991 0.45818 62.85026
6342.64126 13.30657 0.43120 0.43077 59.06752
6341.75063 12.37966 0.40181 0.40077 55.23965
6341.11198 11.66096 0.37649 0.37750 51.87539
0.00000 0.00000 0.00000 0.00000 0.00000
