6638.31916 239.64990 7.92776 7.75819 873.60535
6637.62979 238.99582 7.90626 7.73701 872.95010
6637.31866 238.70036 7.89646 7.72745 872.67174
6636.60221 237.99163 7.87250 7.70450 872.14731
6636.31816 237.70331 7.86323 7.69517 872.10686
6635.44308 236.98745 7.83913 7.67199 871.13119
6635.31766 236.88190 7.83551 7.66858 870.95654
6634.41047 235.98326 7.80606 7.63949 870.41410
6634.31716 235.89441 7.80302 7.63661 870.35259
6633.39449 234.97908 7.77240 7.60698 869.96553
6633.31666 234.89627 7.76966 7.60430 870.00520
6632.38192 233.97490 7.74039 7.57447 868.81879
6632.31616 233.90831 7.73848 7.57231 868.69790
6631.39492 232.97071 7.70904 7.54196 868.06138
6631.31566 232.89695 7.70644 7.53957 867.98317
6630.36765 231.96653 7.67559 7.50945 867.39256
6630.31516 231.91543 7.67391 7.50780 867.36234
6629.31621 230.96234 7.64163 7.47694 866.45872
6629.31466 230.96079 7.64158 7.47689 866.45806
6628.31416 230.02842 7.61059 7.44671 865.23738
6628.24163 229.95816 7.60817 7.44444 865.19221
6627.31366 229.03582 7.57797 7.41458 864.72877
6627.22088 228.95397 7.57521 7.41193 864.55961
6626.31316 228.18496 7.54906 7.38703 863.77433
6626.06783 227.94979 7.54163 7.37942 863.76212
6625.31266 227.24504 7.51776 7.35660 862.80791
6625.00059 226.94561 7.50774 7.34691 862.48910
6624.31216 226.27219 7.48572 7.32511 862.24134
6623.97668 225.94142 7.47443 7.31440 861.98553
6623.31166 225.20335 7.45293 7.29051 861.52852
6623.06031 224.93724 7.44507 7.28189 861.39333
6622.31116 224.23943 7.42070 7.25930 860.57483
6621.98887 223.93305 7.41062 7.24938 860.28769
6621.31066 223.28775 7.38977 7.22849 859.66370
6620.94121 222.92887 7.37709 7.21688 859.39595
6620.31016 222.31496 7.35734 7.19700 858.99413
6619.90863 221.92469 7.34432 7.18437 858.73450
6619.30965 221.35786 7.32478 7.16602 858.19241
6618.82985 220.92050 7.31078 7.15186 857.31852
6618.30915 220.44017 7.29458 7.13631 857.07407
6617.70757 219.91632 7.27666 7.11935 856.91294
6617.30865 219.56713 7.26565 7.10805 856.31291
6616.64666 218.91213 7.24338 7.08684 855.88955
6616.30815 218.57616 7.23197 7.07597 855.77900
6615.58673 217.90795 7.21054 7.05433 854.92528
6615.30765 217.65008 7.20153 7.04599 854.56987
6614.52442 216.90377 7.17670 7.02183 853.97606
6614.30715 216.67166 7.16958 7.01431 853.98868
6613.59873 215.89958 7.14605 6.98932 853.32750
6613.30665 215.61519 7.13702 6.98011 853.06558
6612.55167 214.89540 7.11307 6.95681 852.54868
6612.30615 214.66345 7.10481 6.94930 852.33350
6611.46844 213.89121 7.07999 6.92430 851.27831
6611.30565 213.73824 7.07486 6.91935 851.09603
6610.42940 212.88703 7.04570 6.89179 850.58693
6610.30515 212.76586 7.04201 6.88787 850.53620
6609.38574 211.88285 7.01198 6.85928 849.74220
6609.30465 211.80464 7.00928 6.85675 849.74154
6608.30415 210.99300 6.98302 6.83048 848.56848
6608.18593 210.87866 6.97906 6.82677 848.49748
6607.30365 210.04484 6.95085 6.79978 847.52337
6607.12681 209.87448 6.94546 6.79427 847.42592
6606.30315 209.07048 6.91821 6.76824 846.97143
6606.08924 208.87029 6.91145 6.76176 846.81270
6605.30265 208.11721 6.88677 6.73738 846.10402
6605.04865 207.86611 6.87934 6.72925 845.54811
6604.30215 207.14425 6.85724 6.70588 844.24018
6604.02931 206.86192 6.84777 6.69674 844.38036
6603.30165 206.14073 6.82332 6.67339 844.24798
6602.99904 205.85774 6.81385 6.66423 843.95603
6602.30115 205.18875 6.79154 6.64258 843.47243
6601.94570 204.85356 6.78032 6.63172 843.19942
6601.30065 204.26527 6.76039 6.61268 842.21341
6600.83265 203.84937 6.74654 6.59922 841.53106
6600.30015 203.37371 6.73075 6.58382 841.62681
6599.72686 202.84519 6.71308 6.56671 841.54568
6599.29965 202.43837 6.69954 6.55354 841.15995
6598.64917 201.84100 6.67932 6.53420 840.34417
6598.29915 201.52243 6.66845 6.52389 839.94229
6597.57911 200.83682 6.64584 6.50169 839.41827
6597.29865 200.58201 6.63725 6.49344 839.02691
6596.50061 199.83264 6.61207 6.46918 838.30165
6596.29815 199.62932 6.60530 6.46260 838.37071
6595.43703 198.82845 6.57870 6.43667 837.22360
6595.29765 198.68617 6.57462 6.43207 836.96751
6594.44999 197.82427 6.54863 6.40417 836.21166
6594.29715 197.68899 6.54379 6.39979 836.01291
6593.35666 196.82008 6.51472 6.37166 835.08807
6593.29665 196.76088 6.51281 6.36974 835.07945
6592.29615 195.82670 6.48093 6.33950 834.20697
6592.28416 195.81590 6.48057 6.33915 834.18642
6591.29565 194.93600 6.45126 6.31066 833.18863
6591.15459 194.81172 6.44696 6.30664 833.23049
6590.29515 194.06040 6.42252 6.28232 832.42396
6590.03020 193.80753 6.41399 6.27413 832.19271
6589.29465 193.12366 6.39038 6.25199 831.59499
6588.94819 192.80335 6.38026 6.24162 831.26253
6588.29415 192.19480 6.35943 6.22192 830.69488
6587.86840 191.79916 6.34615 6.20911 830.23184
6587.29365 191.27618 6.32935 6.19218 829.58381
6586.78180 190.79498 6.31208 6.17661 829.37637
6586.29315 190.28945 6.29651 6.16024 829.20110
6585.80120 189.79079 6.28263 6.14410 828.45381
6585.29265 189.30580 6.26614 6.12840 827.88969
6584.73566 188.78661 6.24857 6.11159 827.58162
6584.29215 188.37685 6.23540 6.09832 827.18364
6583.65341 187.78243 6.21456 6.07908 826.62392
6583.29165 187.45168 6.20368 6.06837 826.19255
6582.49053 186.77824 6.18130 6.04657 825.77175
6582.29115 186.60559 6.17535 6.04098 825.72651
6581.34373 185.77406 6.14775 6.01406 824.26534
6581.29065 185.72534 6.14611 6.01249 824.21728
6580.29015 184.81487 6.11516 5.98301 823.21037
6580.24256 184.76987 6.11370 5.98156 823.19029
6579.28964 183.87784 6.08362 5.95268 822.55402
6579.16768 183.76569 6.07982 5.94905 822.44479
6578.28914 182.98044 6.05369 5.92363 821.26791
6578.04918 182.76151 6.04619 5.91654 821.04132
6577.28864 182.06882 6.02265 5.89411 820.43113
6576.95970 181.75732 6.01339 5.88403 819.81221
6576.28814 181.06772 5.99258 5.86171 819.14978
6575.96908 180.75314 5.98208 5.85152 819.20409
6575.28764 180.14945 5.96151 5.83198 818.44056
6574.83977 179.74895 5.94824 5.81901 817.92937
6574.28714 179.24709 5.93113 5.80277 817.23082
6573.67521 178.74477 5.91453 5.78650 816.35478
6573.28664 178.42031 5.90429 5.77600 816.38265
6572.54910 177.74059 5.87987 5.75400 816.16237
6572.28614 177.49757 5.87182 5.74613 815.88218
6571.42518 176.73640 5.84728 5.72149 814.85446
6571.28564 176.61089 5.84264 5.71742 814.68946
6570.28514 175.74267 5.81513 5.68932 813.16095
6570.27390 175.73222 5.81479 5.68898 813.15392
6569.28464 174.81367 5.78211 5.65924 812.68572
6569.19103 174.72803 5.77948 5.65647 812.61161
6568.28414 173.89305 5.75127 5.62944 811.94378
6568.09150 173.72385 5.74557 5.62396 811.66863
6567.28364 173.04204 5.72347 5.60189 810.43533
6566.93463 172.71967 5.71242 5.59145 810.01414
6566.28314 172.06089 5.69265 5.57013 809.09962
6565.92786 171.71548 5.68213 5.55895 808.94784
6565.28264 171.13584 5.66162 5.54018 808.71998
6564.75566 170.71130 5.64739 5.52644 808.57340
6564.28214 170.33068 5.63495 5.51412 807.76961
6563.57259 169.70711 5.61321 5.49393 806.80486
6563.28164 169.45603 5.60471 5.48580 806.38599
6562.43312 168.70293 5.57965 5.46142 805.53819
6562.28114 168.55791 5.57459 5.45673 805.55820
6561.30511 167.69874 5.54579 5.42891 804.44554
6561.28064 167.67665 5.54505 5.42820 804.42658
6560.28014 166.80128 5.51508 5.39986 803.25545
6560.16195 166.69456 5.51153 5.39640 803.16423
6559.27964 165.91297 5.48528 5.37110 802.33886
6559.03524 165.69038 5.47775 5.36389 802.21383
6558.27914 165.01418 5.45493 5.34200 801.63703
6557.89701 164.68619 5.44365 5.33139 801.20979
6557.27864 164.09338 5.42480 5.31219 800.83587
6556.86006 163.68201 5.41272 5.29888 800.19045
6556.27814 163.17182 5.39669 5.28236 798.97507
6555.67255 162.67782 5.37960 5.26637 799.10558
6555.27764 162.35318 5.36846 5.25586 798.92123
6554.48771 161.67364 5.34595 5.23386 797.75074
6554.27714 161.48241 5.33945 5.22767 797.67372
6553.32240 160.66946 5.31188 5.20135 796.38396
6553.27664 160.63021 5.31058 5.20008 796.32319
6552.27614 159.75022 5.28064 5.17159 795.43892
6552.18127 159.66527 5.27777 5.16884 795.39126
6551.27564 158.89280 5.25179 5.14384 794.14465
6551.01085 158.66109 5.24381 5.13634 793.88629
6550.27514 158.00682 5.22182 5.11515 793.48044
6549.86938 157.65690 5.21005 5.10383 792.99556
6549.27464 157.13980 5.19228 5.08709 792.42333
6548.72857 156.65272 5.17587 5.07132 792.15564
6548.27414 156.25365 5.16279 5.05840 791.66673
6547.51735 155.64854 5.14228 5.03881 790.49719
6547.27364 155.43593 5.13459 5.03193 790.89030
6546.36883 154.64435 5.11050 5.00630 789.89749
6546.27314 154.55990 5.10840 5.00357 789.53307
6545.27264 153.65537 5.07801 4.97429 788.72826
6545.25547 153.64017 5.07751 4.97379 788.72789
6544.27214 152.81240 5.05007 4.94700 787.38417
6544.06672 152.63598 5.04352 4.94128 787.17431
6543.27164 151.99971 5.02228 4.92069 785.56474
6542.84975 151.63180 5.00975 4.90878 785.23828
6542.27114 151.11283 4.99182 4.89198 785.11132
6541.70265 150.62762 4.97611 4.87627 784.51291
6541.27064 150.24878 4.96302 4.86400 784.19071
6540.52775 149.62343 4.94121 4.84376 783.34185
6540.27014 149.41055 4.93432 4.83687 782.95474
6539.30768 148.61925 4.90686 4.81125 781.45918
6539.26963 148.58621 4.90575 4.81018 781.42739
6538.26913 147.76606 4.87831 4.78363 780.28271
6538.07776 147.61506 4.87306 4.77874 780.30951
6537.26863 146.96294 4.85082 4.75763 779.92209
6536.84905 146.61088 4.83919 4.74623 779.18666
6536.26813 146.09069 4.82348 4.72939 777.86784
6535.77006 145.60669 4.80860 4.71373 777.80785
6535.26763 145.17361 4.79386 4.69971 777.56711
6534.56844 144.60251 4.77416 4.68122 776.61272
6534.26713 144.33577 4.76523 4.67258 776.50872
6533.35202 143.59833 4.74031 4.64871 774.91987
6533.26663 143.52834 4.73793 4.64644 774.80079
6532.26613 142.70731 4.70996 4.61986 773.46211
6532.13484 142.59414 4.70614 4.61620 773.41066
6531.26563 141.89418 4.68267 4.59354 772.00672
6530.90560 141.58996 4.67245 4.58369 771.72032
6530.26513 141.03678 4.65301 4.56578 771.25068
6529.62921 140.58577 4.63809 4.55118 770.01386
6529.26463 140.31596 4.62932 4.54245 769.78833
6528.41268 139.58159 4.60391 4.51867 769.52887
6528.26413 139.45276 4.59970 4.51450 769.46624
6527.26363 138.63940 4.57244 4.48817 768.09817
6527.19084 138.57741 4.57020 4.48617 768.04914
6526.26313 137.84276 4.54505 4.46238 766.55445
6525.93587 137.57322 4.53589 4.45366 766.24420
6525.26263 136.94031 4.51582 4.43317 765.79372
6524.85910 136.56904 4.50533 4.42115 765.21955
6524.26213 136.06853 4.48831 4.40495 764.69261
6523.64300 135.56485 4.47029 4.38864 764.14002
6523.26163 135.26125 4.46046 4.37881 763.50867
6522.37327 134.56067 4.43599 4.35613 761.93807
6522.26113 134.46562 4.43271 4.35306 761.90470
6521.26063 133.65555 4.40561 4.32683 760.60463
6521.12833 133.55649 4.40216 4.32362 760.24262
6520.26013 132.89636 4.37957 4.30225 759.69692
6519.82635 132.55230 4.36802 4.29112 759.72477
6519.25963 132.12867 4.35319 4.27740 758.17073
6518.56025 131.54812 4.33356 4.25861 757.71975
6518.25913 131.28620 4.32480 4.25013 757.78241
6517.28282 130.54393 4.29949 4.22610 755.69247
6517.25863 130.52372 4.29881 4.22544 755.68051
6516.25813 129.73213 4.27174 4.19982 754.16471
6516.02036 129.53975 4.26504 4.19359 753.99321
6515.25763 128.91658 4.24398 4.17342 753.36282
6514.82530 128.53556 4.23243 4.16108 752.64325
6514.25713 128.03932 4.21766 4.14502 751.49113
6513.63661 127.53138 4.20059 4.12857 751.09187
6513.25663 127.21442 4.18942 4.11831 751.10687
6512.33974 126.52720 4.16597 4.09606 748.88435
6512.25613 126.46352 4.16387 4.09400 748.83721
6511.25563 125.72278 4.13827 4.07002 748.48430
6511.00424 125.52301 4.13150 4.06356 748.12650
6510.25513 124.94201 4.11191 4.04475 746.80409
6509.71947 124.51883 4.09690 4.03105 746.18737
6509.25463 124.15397 4.08452 4.01924 745.54754
6508.43724 123.51464 4.06264 3.99854 744.45484
6508.25413 123.36156 4.05717 3.99358 744.43968
6507.25363 122.58639 4.03090 3.96849 742.94932
6507.15776 122.51046 4.02828 3.96603 742.84545
6506.25313 121.81772 4.00407 3.94361 741.33493
6505.86007 121.50628 3.99365 3.93352 740.94471
6505.25263 121.03169 3.97734 3.91816 740.16488
6504.57439 120.50209 3.95914 3.90101 739.28365
6504.25213 120.23713 3.94999 3.89244 739.43539
6503.31153 119.49791 3.92562 3.86851 737.53181
6503.25163 119.44369 3.92403 3.86675 737.47356
6502.25113 118.69469 3.90102 3.84250 735.82980
6502.01440 118.49372 3.89400 3.83600 736.12963
6501.25063 117.91325 3.87371 3.81721 734.90579
6500.71054 117.48954 3.85928 3.80349 734.35410
6500.25013 117.11784 3.84648 3.79146 734.15442
6499.37883 116.48536 3.82479 3.77098 732.06092
6499.24962 116.38519 3.82135 3.76774 731.91316
6498.24912 115.62983 3.79509 3.74328 730.26624
6498.05590 115.48117 3.79006 3.73847 730.02533
6497.24862 114.87544 3.76897 3.71886 728.62905
6496.71649 114.47699 3.75503 3.70596 727.70591
6496.24812 114.12419 3.74314 3.69454 726.94347
6495.32887 113.47280 3.72011 3.67346 724.41230
6495.24762 113.40913 3.71789 3.67139 724.31331
6494.24712 112.67657 3.69274 3.64768 723.16811
6493.95732 112.46862 3.68551 3.64095 723.30515
6493.24662 111.94689 3.66733 3.62406 722.31928
6492.56557 111.46444 3.65035 3.60844 720.60455
6492.24612 111.21872 3.64201 3.60048 720.11980
6491.32760 110.46025 3.61886 3.57593 717.96906
6491.24562 110.39171 3.61668 3.57371 717.86998
6490.24512 109.63551 3.59045 3.54923 716.53150
6490.00387 109.45607 3.58406 3.54342 716.16177
6489.24462 108.88371 3.56409 3.52489 715.07268
6488.69698 108.45188 3.54919 3.51091 714.90994
6488.24412 108.11365 3.53733 3.49996 714.24343
6487.30343 107.44770 3.51386 3.47840 711.80265
6487.24362 107.40010 3.51220 3.47686 711.80211
6486.24312 106.67682 3.48685 3.45345 709.71295
6485.92477 106.44351 3.47854 3.44590 708.99299
6485.24262 105.93567 3.46074 3.42946 708.47914
6484.49560 105.43933 3.44344 3.41339 707.74274
6484.24212 105.25859 3.43706 3.40754 707.15323
6483.24162 104.55557 3.41199 3.38478 704.34344
6483.08316 104.43515 3.40772 3.38088 704.21505
6482.24112 103.83346 3.38685 3.36140 702.30731
6481.68728 103.43096 3.37214 3.34837 701.23492
6481.24062 103.09829 3.36029 3.33760 700.55739
6480.30567 102.42678 3.33625 3.31586 698.88367
6480.24012 102.37112 3.33423 3.31406 699.02550
6479.23962 101.59997 3.30848 3.28910 696.80148
6479.01847 101.42259 3.30315 3.28335 696.00412
6478.23912 100.85726 3.28380 3.26505 693.47381
6477.67940 100.41841 3.26779 3.25085 693.94681
6477.23862 100.07122 3.25539 3.23961 693.80196
6476.23812 99.49176 3.23434 3.22085 689.50792
6476.13508 99.41423 3.23154 3.21834 689.71118
6475.23762 98.76448 3.20787 3.19730 688.10118
6474.74043 98.41004 3.19503 3.18583 687.03959
6474.23712 98.05887 3.18206 3.17446 685.68655
6473.35419 97.40586 3.15810 3.15332 684.55663
6473.23662 97.31617 3.15480 3.15042 684.50914
6472.23612 96.66225 3.13024 3.12925 680.19056
6471.87082 96.40167 3.12049 3.12081 679.38441
6471.23562 95.95309 3.10373 3.10629 677.81149
6470.42217 95.39749 3.08278 3.08830 675.13443
6470.23512 95.25460 3.07738 3.08368 675.10194
6469.23462 94.57477 3.05144 3.06167 671.41342
6468.99409 94.39331 3.04454 3.05579 671.29788
6468.23412 93.87541 3.02403 3.03903 668.92641
6467.51453 93.38912 3.00572 3.02329 666.14379
6467.23362 93.16411 2.99816 3.01600 666.50296
6466.23312 92.47844 2.97322 2.99380 661.63425
6466.10986 92.38494 2.96951 2.99078 661.49737
6465.23262 91.76849 2.94432 2.97082 659.44091
6464.70832 91.38075 2.92840 2.95827 658.63417
6464.23212 91.03747 2.91395 2.94716 657.51402
6463.24286 90.37657 2.88616 2.92576 653.14452
6463.23162 90.36845 2.88582 2.92550 653.11913
6462.23112 89.72251 2.85753 2.90459 647.46828
6461.71231 89.37238 2.84177 2.89325 645.16305
6461.23062 89.03470 2.82673 2.88232 643.46537
6460.28728 88.36820 2.79788 2.86074 640.31663
6460.23012 88.32652 2.79603 2.85939 640.18118
6459.22961 87.68295 2.76590 2.83856 633.52869
6458.70713 87.36402 2.75074 2.82824 631.57704
6458.22911 87.07188 2.73797 2.81878 629.18420
6457.22861 86.45435 2.71047 2.79879 620.21267
6457.10391 86.35983 2.70563 2.79573 619.99201
6456.22811 85.72195 2.67029 2.77508 616.67853
6455.68153 85.35565 2.64973 2.76322 612.81669
6455.22761 85.03336 2.63802 2.75278 610.44535
6454.22711 84.36102 2.62138 2.73102 602.91980
6454.21342 84.35146 2.62099 2.73071 602.78928
6453.22661 83.69466 2.55434 2.70945 589.62582
6452.80073 83.34728 2.52409 2.69820 587.20617
6452.22611 82.96306 2.52191 2.68576 581.69102
6451.22561 82.35858 2.46442 2.66619 567.58031
6451.20517 82.34310 2.46269 2.66569 567.44351
6450.22511 81.58103 2.40281 2.64102 560.45160
6449.84072 81.33891 2.39485 2.63318 555.64330
6449.22461 80.99671 2.37539 2.62211 547.43804
6448.25527 80.33473 2.31549 2.60068 533.61855
6448.22411 80.31462 2.31408 2.60003 533.09134
6447.22361 79.67340 2.25754 2.57927 515.23733
6446.84594 79.33054 2.23790 2.56817 512.67983
6446.22311 78.76647 2.23022 2.54991 506.79139
6445.68716 78.32636 2.21286 2.53566 498.25633
6445.22261 77.81684 2.20043 2.51916 494.67918
6444.75406 77.32218 2.19240 2.50315 488.76107
6444.22211 76.80366 2.17679 2.48636 479.58829
6443.79180 76.31799 2.17242 2.47064 474.15940
6443.22161 75.64483 2.16472 2.44885 466.62705
6442.82570 75.31381 2.16154 2.43813 457.20444
6442.22111 74.83957 2.16605 2.42278 443.78321
6441.32321 74.30962 2.17235 2.40563 424.82573
6441.22061 74.24640 2.17183 2.40358 423.34205
6440.22011 73.73852 2.18347 2.38714 405.25882
6439.50098 73.30544 2.18228 2.37312 393.62299
6439.21961 73.11623 2.18041 2.36699 389.94537
6438.21911 72.58836 2.18615 2.34990 374.85996
6437.75023 72.30126 2.18873 2.34061 369.12916
6437.21861 71.94695 2.18724 2.32914 363.44781
6436.21811 71.40470 2.18588 2.31158 351.38534
6436.04599 71.29707 2.18781 2.30810 349.64545
6435.21761 70.73714 2.18636 2.28997 342.15669
6434.53544 70.29289 2.18192 2.27559 335.96667
6434.21711 70.06882 2.18115 2.26834 333.38230
6433.21661 69.38748 2.18102 2.24628 325.19025
6433.08320 69.28870 2.17978 2.24308 324.19784
6432.21611 68.66101 2.16850 2.22276 317.84912
6431.61196 68.28452 2.17400 2.21057 314.01456
6431.21561 67.98976 2.17035 2.20103 311.55164
6430.30695 67.28033 2.15560 2.17807 305.43063
6430.21511 67.20275 2.15638 2.17555 304.91769
6429.21461 66.34549 2.14247 2.14780 298.86569
6429.13552 66.27615 2.14089 2.14556 298.32119
6428.21411 65.48563 2.13692 2.11997 292.43614
6427.97259 65.27197 2.13165 2.11305 291.16827
6427.21361 64.58312 2.11631 2.09075 287.18567
6426.85886 64.26778 2.11065 2.08054 285.22742
6426.21311 63.64645 2.09842 2.06043 282.03387
6425.79451 63.26360 2.08886 2.04803 279.80904
6425.21261 62.71806 2.07525 2.03037 276.80525
6424.71136 62.25941 2.06803 2.01552 274.17608
6424.21211 61.78504 2.05282 2.00017 271.55248
6423.58532 61.25523 2.04010 1.98302 268.32829
6423.21161 60.92559 2.03559 1.97234 266.83850
6422.43970 60.25105 2.01010 1.95051 262.89008
6422.21111 60.04110 2.00549 1.94371 261.65753
6421.31220 59.24686 1.98948 1.91800 256.89344
6421.21061 59.15519 1.98500 1.91503 256.36322
6420.21011 58.25850 1.96468 1.88600 251.22566
6420.19184 58.24268 1.96442 1.88549 251.12796
6419.20960 57.29913 1.93355 1.85494 245.92161
6419.14564 57.23849 1.93274 1.85298 245.59331
6418.20910 56.41108 1.91110 1.82620 240.88177
6418.00794 56.23431 1.90376 1.82047 239.86809
6417.20860 55.54718 1.88800 1.79823 235.82201
6416.85742 55.23013 1.87804 1.78796 234.10536
6416.20810 54.62319 1.85674 1.76832 230.99087
6415.76796 54.22594 1.84747 1.75546 228.87080
6415.20760 53.67616 1.82887 1.73766 226.22111
6414.71140 53.22176 1.81462 1.72295 223.82109
6414.20710 52.74630 1.80020 1.70756 221.80323
6413.67380 52.21757 1.78162 1.69044 219.69041
6413.20660 51.76221 1.76760 1.67570 217.46824
6412.66027 51.21339 1.75106 1.65793 214.90596
6412.20610 50.68338 1.73096 1.64077 212.89759
6411.75792 50.20921 1.71593 1.62542 210.83126
6411.20560 49.61660 1.69637 1.60624 208.28451
6410.79602 49.20502 1.67969 1.59291 206.37380
6410.20510 48.60083 1.66399 1.57335 203.59601
6409.77816 48.20084 1.65220 1.56041 201.54847
6409.20460 47.78738 1.63815 1.54702 198.82349
6408.28571 47.19665 1.62033 1.52790 194.56988
6408.20410 47.14076 1.61853 1.52609 194.19859
6407.20360 46.47129 1.59695 1.50442 189.72775
6406.81034 46.19247 1.58674 1.49539 188.00007
6406.20310 45.80734 1.57511 1.48292 185.35770
6405.20260 45.19238 1.55466 1.46301 181.59936
6405.19723 45.18828 1.55451 1.46288 181.57786
6404.20210 44.43080 1.52902 1.43836 177.42503
6403.89194 44.18410 1.52072 1.43037 176.16452
6403.20160 43.57785 1.50015 1.41075 173.32127
6402.74530 43.17992 1.48607 1.39786 171.45341
6402.20110 42.69061 1.46984 1.38202 169.23124
6401.64722 42.17573 1.45208 1.36535 166.95541
6401.20060 41.74227 1.43632 1.35132 165.11160
6400.60544 41.17155 1.41769 1.33285 162.66650
6400.20010 40.77550 1.40347 1.32003 160.97959
6399.50809 40.16736 1.38327 1.30034 158.23800
6399.19960 39.86027 1.37524 1.29040 157.00791
6398.46539 39.16318 1.35129 1.26783 154.06082
6398.19910 38.96275 1.34403 1.26134 153.05952
6397.19860 38.21239 1.31943 1.23705 149.33328
6397.12259 38.15900 1.31742 1.23532 149.06084
6396.19810 37.58895 1.29738 1.21687 146.13842
6395.55207 37.15481 1.28272 1.20281 143.93802
6395.19760 36.88387 1.27321 1.19404 142.65248
6394.19710 36.17299 1.24793 1.17103 139.22262
6394.16475 36.15063 1.24713 1.17030 139.11335
6393.19660 35.52938 1.22640 1.15019 135.98251
6392.64969 35.14644 1.21245 1.13780 134.18371
6392.19610 34.86425 1.20252 1.12866 132.77684
6391.19560 34.24532 1.18139 1.10862 129.74274
6391.04437 34.14226 1.17781 1.10529 129.26779
6390.19510 33.53407 1.15609 1.08560 126.56883
6389.59595 33.13808 1.14217 1.07278 124.75567
6389.19460 32.88295 1.13367 1.06452 123.58359
6388.19410 32.27135 1.11196 1.04472 120.78938
6387.95701 32.13389 1.10719 1.04027 120.18683
6387.19360 31.78608 1.09512 1.02901 118.42732
6386.19310 31.25190 1.07669 1.01172 115.89484
6385.99202 31.12971 1.07269 1.00776 115.38127
6385.19260 30.61368 1.05652 0.99106 113.35440
6384.43354 30.12552 1.04069 0.97525 111.38329
6384.19210 29.97211 1.03531 0.97029 110.74215
6383.19160 29.33455 1.01239 0.94965 108.09658
6382.87528 29.12134 1.00485 0.94275 107.24824
6382.19110 28.67603 0.98938 0.92833 105.45956
6381.43716 28.11715 0.96953 0.91024 103.31077
6381.19060 27.89356 0.96145 0.90300 102.49551
6380.22512 27.11297 0.93387 0.87773 99.57503
6380.19010 27.08850 0.93300 0.87694 99.48053
6379.18959 26.53240 0.91352 0.85893 97.22696
6378.18909 26.13637 0.89968 0.84611 95.55218
6378.12700 26.10879 0.89873 0.84522 95.43739
6377.18859 25.73160 0.88559 0.83301 93.82301
6376.18809 25.29414 0.87004 0.81885 92.05273
6375.81594 25.10460 0.86317 0.81271 91.31840
6375.18759 24.82750 0.85312 0.80374 90.22504
6374.18709 24.32216 0.83514 0.78738 88.30605
6373.79146 24.10042 0.82730 0.78020 87.49201
6373.18659 23.73121 0.81416 0.76825 86.15816
6372.18609 23.15379 0.79333 0.74956 84.04188
6372.08317 23.09623 0.79126 0.74769 83.83144
6371.18559 22.52998 0.77211 0.72936 81.88259
6370.38539 22.09205 0.75877 0.71519 80.50228
6370.18509 22.02201 0.75653 0.71292 80.26894
6369.18459 21.64582 0.74388 0.70074 78.95205
6368.18409 21.20184 0.72793 0.68637 77.36275
6367.96023 21.08787 0.72381 0.68268 76.96078
6367.18359 20.69855 0.70977 0.67007 75.60253
6366.18309 20.18766 0.69154 0.65354 73.83183
6365.99353 20.08368 0.68784 0.65017 73.47418
6365.18259 19.60460 0.67080 0.63466 71.82596
6364.18209 19.08896 0.65243 0.61797 70.05424
6364.16229 19.07950 0.65210 0.61766 70.02182
6363.18159 18.66235 0.63729 0.60416 68.60612
6362.18109 18.18879 0.62048 0.58883 66.99655
6361.92231 18.07531 0.61642 0.58515 66.61043
6361.18059 17.81855 0.60715 0.57684 65.75708
6360.18009 17.40983 0.59250 0.56361 64.39353
6359.45830 17.07113 0.58044 0.55264 63.25696
6359.17959 16.93012 0.57541 0.54808 62.78251
6358.17909 16.48266 0.55931 0.53359 61.28356
6357.22533 16.06695 0.54443 0.52014 59.89967
6357.17859 16.04609 0.54369 0.51946 59.83005
6356.17809 15.62637 0.52875 0.50587 58.43184
6355.17759 15.20696 0.51379 0.49229 57.03821
6354.80443 15.06276 0.50865 0.48763 56.56688
6354.17709 14.88783 0.50231 0.48196 56.01933
6353.17659 14.59264 0.49177 0.47241 55.08935
6352.17609 14.29290 0.48099 0.46270 54.11736
6351.60867 14.05858 0.47241 0.45512 53.31793
6351.17559 13.86755 0.46538 0.44893 52.65826
6350.17509 13.43856 0.45035 0.43505 51.25985
6349.31932 13.05439 0.43842 0.42261 50.11996
6349.17459 12.96717 0.43577 0.41979 49.85683
6348.17409 12.40494 0.41727 0.40158 48.02573
6347.44674 12.05021 0.40429 0.39010 46.75542
6347.17359 11.93217 0.39993 0.38628 46.33285
6346.17309 11.52574 0.38543 0.37312 44.92614
6345.17259 11.10503 0.37068 0.35950 43.46412
6344.99864 11.04603 0.36860 0.35759 43.26212
6344.17209 10.90716 0.36347 0.35310 42.85237
6343.17159 10.76784 0.35826 0.34859 42.45988
6342.17109 10.61202 0.35247 0.34354 41.99799
6341.17059 10.45278 0.34649 0.33839 41.52518
6340.17009 10.30276 0.34082 0.33353 41.08136
6339.16958 10.16011 0.33531 0.32891 40.66566
6338.19032 10.04184 0.33051 0.32508 40.34003
6338.16908 10.03828 0.33037 0.32497 40.32884
6337.16858 9.85020 0.32318 0.31888 39.71037
6336.16808 9.62167 0.31474 0.31148 38.92147
6335.16758 9.35773 0.30510 0.30294 37.96088
6334.16708 9.05338 0.29432 0.29309 36.83026
6334.13065 9.03766 0.29376 0.29258 36.77044
6333.16658 8.56488 0.27708 0.27727 34.93086
6332.21387 8.03347 0.25805 0.26007 32.83375
6332.16608 8.00440 0.25702 0.25913 32.71872
6331.16558 7.35420 0.23431 0.23808 30.12077
6330.73959 7.02929 0.22283 0.22756 28.80436
6330.16508 6.52088 0.20471 0.21110 26.73107
6329.60112 6.02510 0.18739 0.19505 24.72607
6329.16458 5.55316 0.17051 0.17977 22.75352
6328.69443 5.02092 0.15181 0.16254 20.56758
0.00000 0.00000 0.00000 0.00000 0.00000
