7407.91525 249.20239 8.12510 8.06743 1294.73637
7406.95470 248.80882 8.11207 8.05469 1292.63723
7405.82523 248.35582 8.09719 8.04002 1290.22377
7405.08011 248.00726 8.08579 8.02874 1288.61802
7404.43850 247.70222 8.07580 8.01886 1287.22360
7403.35737 247.19461 8.05906 8.00243 1284.66451
7402.53435 246.76989 8.04500 7.98868 1282.68912
7402.00123 246.46822 8.03511 7.97892 1281.40498
7401.06968 245.98976 8.01962 7.96343 1279.14718
7400.48142 245.66573 8.00903 7.95294 1277.68699
7399.65990 245.19061 7.99333 7.93756 1275.60251
7398.65520 244.59971 7.97321 7.91843 1273.07128
7398.29788 244.37981 7.96564 7.91131 1272.12594
7397.11280 243.61506 7.94135 7.88655 1268.88801
7396.10296 242.87613 7.91907 7.86263 1266.20866
7395.35282 242.27190 7.90025 7.84307 1264.14368
7394.45556 241.52252 7.87618 7.81881 1261.46300
7393.99227 241.09189 7.86186 7.80487 1260.02053
7393.29175 240.47140 7.84131 7.78478 1257.80043
7392.95249 240.17400 7.83152 7.77515 1256.69826
7391.99752 239.28992 7.80260 7.74653 1253.65206
7391.54842 238.85343 7.78826 7.73240 1252.15378
7390.61310 237.88941 7.75659 7.70119 1248.92772
7390.23535 237.47698 7.74300 7.68784 1247.57776
7389.41691 236.55787 7.71291 7.65809 1244.51229
7389.20004 236.29880 7.70449 7.64970 1243.67209
7388.60324 235.63519 7.68280 7.62822 1241.44917
7387.85217 234.76873 7.65425 7.60017 1238.46744
7386.88034 233.42211 7.61353 7.55657 1234.52887
7386.16846 232.25898 7.57518 7.51892 1231.40938
7386.06707 232.10148 7.56998 7.51382 1230.90767
7385.31714 230.83590 7.52861 7.47285 1227.19426
7384.77110 229.78234 7.49403 7.43874 1224.23639
7384.57592 229.38932 7.48116 7.42602 1223.17363
7384.05366 228.33954 7.44683 7.39204 1220.12700
7383.65913 227.51975 7.42002 7.36550 1217.77033
7383.25463 226.60419 7.39005 7.33586 1215.19108
7382.80280 225.40639 7.35294 7.29708 1211.92568
7382.41160 224.33990 7.31938 7.26256 1209.02720
7382.26949 223.94027 7.30621 7.24962 1207.87389
7381.88560 222.82510 7.26979 7.21352 1204.58705
7381.45670 221.23963 7.21810 7.16219 1200.21142
7381.12593 219.65264 7.16631 7.11082 1195.92040
7380.89511 218.07555 7.11498 7.05976 1191.85347
7380.77051 216.73469 7.07127 7.01635 1188.47380
7380.72149 216.06475 7.05222 6.99466 1186.99247
7380.67933 215.46952 7.03370 6.97539 1185.51767
7380.62123 214.32291 6.99614 6.93828 1182.60924
7380.58321 213.26526 6.96185 6.90404 1179.83813
7380.54467 212.30175 6.93048 6.87284 1177.29734
7380.49910 211.25941 6.89667 6.83910 1174.28400
7380.46270 210.13262 6.86007 6.80262 1171.02562
7380.44159 209.04957 6.82495 6.76756 1167.88470
7380.42443 208.01284 6.79192 6.73400 1164.85099
7380.41146 206.99982 6.76191 6.70121 1161.96580
7380.39647 205.98528 6.72874 6.66836 1158.79312
7380.38554 204.96718 6.69572 6.63540 1155.52229
7380.37300 203.90735 6.66136 6.60109 1152.09650
7400.37325 202.85681 6.62450 6.56708 1320.86360
7380.37517 201.84252 6.59435 6.53425 1145.42938
7380.37295 200.84615 6.56189 6.50199 1142.12383
7400.37329 199.84464 6.52749 6.46957 1319.75027
7380.37536 198.83363 6.49889 6.43684 1135.69523
7380.37237 197.87126 6.46932 6.40569 1132.64610
7380.36632 196.90976 6.43781 6.37456 1129.32701
7380.35550 195.97411 6.40729 6.34427 1126.13342
7380.33820 195.09645 6.37884 6.31586 1123.13401
7380.30494 194.20515 6.34986 6.28700 1119.99711
7380.26076 193.16484 6.31613 6.25333 1116.28491
7380.22826 192.07737 6.28050 6.21812 1112.51358
7380.20202 191.06653 6.24795 6.18540 1109.12780
7380.17685 190.16531 6.22066 6.15622 1106.26576
7380.13921 189.35474 6.19549 6.12998 1103.61731
7380.08762 188.58274 6.17017 6.10499 1100.88244
7380.01818 187.83854 6.14575 6.08090 1098.01499
7379.92300 187.04900 6.12009 6.05534 1094.78432
7379.79765 186.13783 6.09037 6.02584 1091.08285
7379.79663 186.13602 6.09031 6.02578 1091.06879
7379.64152 185.04565 6.05474 5.99048 1086.69886
7379.51375 183.94884 6.01896 5.95498 1082.57200
7379.40038 183.02963 5.98908 5.92522 1079.13327
7379.29944 182.25911 5.96554 5.90027 1076.14520
7379.16738 181.49840 5.94217 5.87565 1072.91769
7379.00509 180.61561 5.91396 5.84707 1069.21445
7378.88778 180.03225 5.89485 5.82818 1066.73639
7378.79333 179.55092 5.87910 5.81260 1064.76866
7378.60061 178.47697 5.84421 5.77783 1060.54879
7378.43099 177.50217 5.81246 5.74628 1056.88787
7378.28164 176.69250 5.78603 5.72007 1053.79223
7378.12399 175.96016 5.76219 5.69636 1050.88049
7378.05739 175.68725 5.75332 5.68752 1049.70163
7378.03583 175.66479 5.75260 5.68680 1049.45396
7377.71283 174.58182 5.71746 5.65174 1044.42656
7377.42300 173.61734 5.68571 5.62051 1039.87791
7377.13464 172.67821 5.65578 5.59011 1035.37805
7377.10742 172.59021 5.65311 5.58726 1034.95896
7376.76284 171.43993 5.61837 5.55002 1029.62683
7376.51424 170.50888 5.58859 5.51988 1025.60171
7376.29255 169.81593 5.56580 5.49745 1022.10568
7376.28625 169.81870 5.56590 5.49754 1022.03859
7375.92622 168.79936 5.53286 5.46454 1016.75373
7375.50821 167.43147 5.48851 5.42026 1010.54230
7375.25665 166.47990 5.45764 5.38945 1006.78813
7375.30785 166.65917 5.46346 5.39526 1007.53127
7375.05420 165.99595 5.44199 5.37379 1004.04044
7374.64978 164.78418 5.40239 5.33456 998.35455
7374.33105 163.79414 5.37167 5.30251 993.92059
7374.32516 163.77171 5.37099 5.30178 993.83766
7374.05609 163.08037 5.35039 5.27940 990.30290
7373.66860 161.96397 5.31529 5.24326 985.17922
7373.34410 161.04654 5.28552 5.21356 980.96690
7373.41515 161.24158 5.29181 5.21987 981.87680
7372.95671 160.08909 5.25510 5.18256 976.06879
7372.54892 158.88252 5.21646 5.14350 970.91373
7372.27272 158.09204 5.19098 5.11791 967.54385
7372.39133 158.41512 5.20141 5.12837 968.97521
7371.93336 157.28138 5.16472 5.09167 963.40324
7371.55986 156.29103 5.13172 5.05961 958.91790
7371.65858 156.51558 5.13923 5.06688 960.10852
7371.29790 155.79369 5.11539 5.04351 955.69311
7370.78177 154.59712 5.07776 5.00477 949.55033
7370.63978 154.26530 5.06720 4.99403 947.92736
7370.48714 153.98024 5.05781 4.98480 946.16081
7370.00646 152.95833 5.02364 4.95172 940.99045
7369.83259 152.60785 5.01207 4.94037 939.19566
7369.52706 152.05048 4.99382 4.92233 936.03041
7368.89387 150.70067 4.94897 4.87863 929.24970
7368.53655 149.85768 4.92024 4.85134 925.48754
7368.61152 150.03572 4.92644 4.85711 926.30067
7368.07091 148.93577 4.88822 4.82150 920.18120
7367.69955 148.13998 4.86153 4.79574 916.23346
7367.79709 148.35424 4.86872 4.80267 917.23140
7367.22902 147.28772 4.83264 4.76815 911.07801
7366.88913 146.64615 4.81091 4.74738 907.31641
7366.53951 145.99554 4.79162 4.72631 903.39262
7366.01535 144.88120 4.75489 4.69024 897.93331
7365.78531 144.40189 4.73886 4.67472 895.59838
7365.62350 144.12473 4.72959 4.66575 893.83682
7365.04262 142.94120 4.68989 4.62744 887.92851
7364.78764 142.40030 4.67180 4.60992 885.39055
7364.58768 142.05810 4.66031 4.59885 883.27969
7364.12335 141.07717 4.62752 4.56709 878.83305
7363.93546 140.75117 4.61657 4.55654 876.90723
7363.63645 140.20606 4.59830 4.53889 873.85577
7363.12571 139.21124 4.56508 4.50669 868.76174
7362.99403 138.97106 4.55701 4.49891 867.44441
7362.56130 138.22013 4.53153 4.47460 863.14674
7362.00006 137.09474 4.49478 4.43817 857.97121
7362.04629 137.17726 4.49734 4.44084 858.42748
7361.56299 136.37050 4.47236 4.41472 853.64172
7360.92400 135.13781 4.43246 4.37482 848.47310
7361.20333 135.61101 4.44816 4.39014 850.86960
7360.74965 134.91968 4.42501 4.36775 846.73114
7360.20586 134.04822 4.39555 4.33954 841.79400
7359.84077 133.44775 4.37556 4.32010 838.39026
7359.27774 132.42339 4.34140 4.28694 833.20827
7359.20057 132.28403 4.33674 4.28243 832.49616
7358.80677 131.68712 4.31674 4.26311 828.50886
7358.13931 130.52127 4.27791 4.22536 822.52765
7358.32552 130.82323 4.28801 4.23514 824.25128
7357.74327 129.94838 4.25852 4.20682 818.71018
7357.27783 129.20330 4.23349 4.18270 814.43093
7357.10249 128.95430 4.22535 4.17464 812.69260
7356.47965 127.97204 4.19478 4.14284 806.74917
7356.43573 127.92669 4.19337 4.14137 806.22917
7355.73975 126.88861 4.15993 4.10776 799.46428
7355.22369 126.03854 4.13130 4.08025 795.07325
7355.14015 125.93694 4.12786 4.07696 794.22442
7354.41624 124.79010 4.08961 4.03983 787.89293
7354.32296 124.62426 4.08411 4.03446 787.16953
7354.07185 124.26052 4.07196 4.02269 784.89350
7353.58868 123.59221 4.04961 4.00105 780.41328
7353.26330 123.14205 4.03457 3.98648 777.35610
7352.57457 122.11876 4.00051 3.95335 771.16985
7352.66146 122.24381 4.00468 3.95740 771.95418
7352.01378 121.38006 3.97557 3.92944 766.04973
7351.62120 120.82052 3.95670 3.91132 762.97688
7351.34659 120.47136 3.94527 3.90002 760.62632
7350.63152 119.49926 3.91499 3.86855 754.64121
7350.31481 119.05734 3.90122 3.85424 751.93464
7349.69378 118.12222 3.87051 3.82397 746.90716
7349.75961 118.22024 3.87380 3.82714 747.44846
7348.96465 117.18337 3.83876 3.79358 740.15733
7348.30856 116.15127 3.80444 3.76017 735.24629
7348.59890 116.57522 3.81854 3.77389 737.55974
7347.83247 115.58607 3.78548 3.74187 730.85194
7347.79952 115.54483 3.78410 3.74053 730.55587
7347.13430 114.69222 3.75553 3.71293 724.74463
7346.93184 114.45826 3.74769 3.70536 722.84576
7346.18683 113.52504 3.71642 3.67515 716.26528
7345.71234 112.87280 3.69434 3.65403 712.63881
7345.38619 112.47059 3.68073 3.64101 709.80335
7344.63845 111.45027 3.64775 3.60798 703.52354
7345.07485 111.99919 3.66511 3.62575 707.50868
7344.21878 111.01410 3.63396 3.59386 699.18987
7344.22294 111.02298 3.63424 3.59415 699.20508
7343.39679 110.09631 3.60469 3.56415 691.39251
7343.03574 109.68923 3.59100 3.55097 688.50205
7342.14951 108.61686 3.55462 3.51625 682.14143
7341.80581 108.13794 3.53859 3.50075 679.95119
7341.56700 107.86422 3.52941 3.49189 677.94593
7340.98737 107.17530 3.50626 3.46959 672.90413
7340.88016 107.03259 3.50146 3.46497 672.09338
7340.29897 106.39825 3.48000 3.44443 666.86864
7339.64918 105.65758 3.45494 3.42045 661.29403
7338.76902 104.51775 3.41668 3.38355 655.01848
7339.12343 104.95079 3.43119 3.39757 657.70152
7338.28313 103.98401 3.39864 3.36627 650.87652
7338.51445 104.23055 3.40703 3.37426 652.91015
7337.72638 103.43460 3.37989 3.34849 645.70704
7337.21924 102.90374 3.36163 3.33130 641.48652
7336.40575 101.97616 3.33055 3.30127 634.67972
7336.36087 101.91392 3.32855 3.29926 634.37214
7335.83780 101.37208 3.31148 3.28172 629.52348
7335.60327 101.13845 3.30401 3.27416 627.32453
7334.83085 100.36594 3.27923 3.24915 620.16109
7334.25705 99.74790 3.25838 3.22914 615.81452
7333.74222 99.17240 3.23867 3.21051 612.30043
7333.42385 98.84571 3.22759 3.19993 609.98772
7332.86446 98.25078 3.20741 3.18067 606.04335
7332.59772 97.96630 3.19771 3.17146 604.15642
7332.17517 97.56478 3.18393 3.15846 600.05485
7331.60579 97.00725 3.16482 3.14042 595.09997
7331.02797 96.42162 3.14482 3.12146 590.47086
7330.51850 95.91288 3.12754 3.10499 586.32523
7330.05603 95.42734 3.11108 3.08927 582.70301
7329.62944 95.02120 3.09723 3.07612 579.08707
7328.94066 94.31928 3.07307 3.05340 573.78069
7328.63227 93.99095 3.06182 3.04277 571.53940
7328.28663 93.66893 3.05088 3.03234 568.65508
7327.94084 93.34997 3.04030 3.02202 565.68593
7327.41588 92.87637 3.02481 3.00669 561.01844
7326.77524 92.31966 3.00563 2.98866 555.28280
7325.74962 91.28992 2.97119 2.95533 547.70890
7325.46713 90.97574 2.96070 2.94516 546.05916
7325.01417 90.51938 2.94529 2.93038 543.04775
7325.10385 90.60895 2.94833 2.93328 543.65273
7324.31280 89.92941 2.92491 2.91128 537.30014
7323.63078 89.31122 2.90326 2.89127 531.88012
7322.69873 88.36609 2.86965 2.86068 525.33412
7322.89514 88.55097 2.87631 2.86666 526.83429
7322.01186 87.74949 2.84721 2.84071 519.92292
7322.52427 88.17850 2.86292 2.85460 524.16872
7321.39689 87.30449 2.83065 2.82631 514.36755
7320.91063 86.87270 2.81475 2.81233 510.53341
7320.16244 86.23937 2.79090 2.79183 504.69558
7319.76374 85.89181 2.77760 2.78058 501.76470
7319.34268 85.52554 2.76342 2.76872 498.48234
7319.13314 85.36777 2.75720 2.76361 496.71151
7318.23622 84.69940 2.73099 2.74197 489.16605
7317.15550 83.72435 2.69395 2.71041 481.10620
7317.09038 83.66747 2.69178 2.70857 480.63432
7316.14631 82.84711 2.65975 2.68201 474.27154
7315.95161 82.67123 2.65273 2.67632 473.09695
7314.95165 81.76820 2.61730 2.64708 467.01582
7315.42483 82.16348 2.63261 2.65988 470.09110
7314.40481 81.36616 2.60211 2.63407 462.95137
7314.25672 81.22501 2.59688 2.62950 461.98614
7313.35194 80.55253 2.57159 2.60773 455.32748
7312.38505 79.68660 2.53902 2.57969 448.90346
7312.23457 79.54267 2.53387 2.57503 447.93531
7311.66328 79.09032 2.51826 2.56039 444.08600
7311.24650 78.74861 2.50670 2.54933 441.43540
7310.32618 77.97528 2.47953 2.52429 435.68576
7310.21195 77.88633 2.47619 2.52141 434.92962
7309.15454 76.98718 2.44215 2.49231 428.50181
7309.39180 77.17115 2.44905 2.49826 429.96646
7308.32722 76.35102 2.42033 2.47171 423.17459
7307.69343 75.77610 2.40172 2.45310 419.78629
7306.97584 75.16569 2.38010 2.43334 415.87459
7306.11783 74.34131 2.34803 2.40665 411.22800
7305.44685 73.65150 2.32362 2.38432 407.64666
7305.12640 73.31077 2.31310 2.37329 406.01193
7304.65341 72.84982 2.29781 2.35837 403.58978
7304.29437 72.49518 2.28281 2.34689 401.64899
7303.69591 71.93386 2.25584 2.32871 398.55913
7302.84410 71.07039 2.22281 2.30076 394.32491
7302.15714 70.29186 2.20215 2.27556 390.85989
7301.95925 70.06770 2.19519 2.26830 389.94656
7301.39624 69.47624 2.17402 2.24915 387.38028
7301.07928 69.14000 2.15927 2.23827 386.01901
7300.40049 68.42608 2.12861 2.21516 382.97060
7299.71787 67.67778 2.11412 2.19093 379.85939
7298.88252 66.64207 2.09390 2.15740 377.21307
7298.94332 66.71960 2.09584 2.15991 377.37893
7298.07107 65.68930 2.06374 2.12656 374.49066
7297.95355 65.54419 2.05966 2.12186 374.13320
7297.12233 64.54428 2.03750 2.08949 371.41376
7296.69617 63.98811 2.02453 2.07149 370.38750
7296.39440 63.58503 2.01488 2.05844 369.80747
7296.18332 63.36173 2.00949 2.05121 369.08074
7295.63009 62.73569 1.99444 2.03094 367.37935
7295.02489 62.01072 1.97305 2.00747 366.08365
7294.70097 61.63988 1.96184 1.99547 365.24732
7293.97982 60.75972 1.94136 1.96697 364.02190
7293.98957 60.78641 1.94218 1.96784 363.92027
7293.09351 59.74266 1.90577 1.93405 362.43195
7293.19296 59.85773 1.90897 1.93777 362.56975
7292.32536 58.88551 1.87730 1.90630 360.94161
7292.46808 59.03575 1.88304 1.91116 361.25394
7291.61732 58.16610 1.85174 1.88301 359.23244
7291.84859 58.37427 1.85843 1.88975 360.11038
7291.04979 57.65758 1.83622 1.86655 356.54408
7291.08102 57.68737 1.83716 1.86751 356.68705
7290.07622 56.81092 1.80721 1.83914 352.91498
7289.87317 56.63235 1.80076 1.83336 352.59073
7288.91943 55.76977 1.77066 1.80543 349.96669
7288.81560 55.66986 1.76708 1.80220 349.67426
7288.16623 55.09665 1.74629 1.78364 347.55295
7288.21318 55.14228 1.74788 1.78512 347.65912
7287.69820 54.75490 1.73459 1.77258 345.29746
7287.14835 54.35304 1.72051 1.75957 342.65030
7287.27001 54.43983 1.72362 1.76238 343.25489
7286.20982 53.76833 1.69967 1.74064 337.24645
7285.80711 53.49107 1.68992 1.73167 335.31416
7285.42712 53.23382 1.68105 1.72334 333.29939
7284.68701 52.81413 1.66653 1.70975 328.86366
7283.53414 52.03336 1.63930 1.68448 323.19245
7282.48285 51.21536 1.61132 1.65800 319.10036
7282.17993 50.97312 1.60297 1.65015 317.94980
7281.29543 50.26102 1.57862 1.62710 314.66813
7280.75284 49.79962 1.56301 1.61216 313.62717
7280.23540 49.36250 1.54775 1.59801 312.73903
7279.73099 48.94564 1.53355 1.58452 310.92116
7279.97704 49.11594 1.53923 1.59003 312.22154
7279.17715 48.59810 1.52286 1.57327 307.69071
7278.72836 48.29294 1.51389 1.56339 305.29392
7277.79150 47.61603 1.49182 1.54147 301.21060
7277.76115 47.57729 1.49047 1.54022 301.24043
7277.82638 47.62785 1.49224 1.54186 301.46242
7276.93209 47.14780 1.47558 1.52632 296.54389
7277.04754 47.19956 1.47732 1.52799 297.29702
7276.63472 47.01548 1.47113 1.52203 294.66986
7275.48836 46.52129 1.45461 1.50603 287.62739
7274.16080 45.84375 1.43182 1.48410 280.62776
7273.11163 45.18712 1.41000 1.46284 275.97385
7272.03453 44.46044 1.38559 1.43932 272.36229
7271.97078 44.41559 1.38408 1.43787 272.18416
7270.85465 43.65473 1.35870 1.41323 267.83064
7270.04155 43.03773 1.33799 1.39326 265.03401
7269.54208 42.64550 1.32484 1.38056 263.39852
7268.75555 42.04900 1.30489 1.36125 260.67524
7268.75014 42.02688 1.30414 1.36054 260.75986
7267.91679 41.44087 1.28464 1.34157 257.56132
7268.46095 41.78594 1.29612 1.35274 259.86223
7268.13715 41.58812 1.28956 1.34633 258.44102
7267.48461 41.30548 1.28009 1.33718 255.06837
7267.68861 41.38361 1.28271 1.33971 256.14302
7266.81646 41.03885 1.27104 1.32855 251.53553
7265.42767 40.43968 1.25121 1.30915 244.78587
7263.80079 39.54881 1.22514 1.28031 237.59378
7263.06012 39.02879 1.20804 1.26348 235.34335
7262.31690 38.55215 1.19200 1.24805 232.90476
7263.06248 38.98117 1.20638 1.26194 235.52304
7262.15983 38.52019 1.19100 1.24701 232.07114
7261.32692 38.11307 1.17768 1.23383 228.59875
7261.60734 38.24368 1.18197 1.23806 229.75548
7260.35556 37.68990 1.16386 1.22013 224.60726
7259.10374 37.05904 1.14314 1.19971 219.73930
7259.25082 37.13053 1.14547 1.20203 220.30438
7258.13814 36.59592 1.12802 1.18472 216.09122
7256.96922 35.98283 1.10794 1.16487 211.81199
7256.93964 35.96643 1.10740 1.16434 211.70624
7256.11517 35.53306 1.09327 1.15031 208.76500
7255.23184 35.10254 1.07925 1.13637 205.58818
7255.02164 34.99609 1.07579 1.13293 204.87165
7253.97155 34.45451 1.05808 1.11540 201.66452
7252.97753 33.92026 1.04064 1.09810 198.18411
7253.61129 34.22722 1.05067 1.10804 200.40822
7252.57024 33.77483 1.03597 1.09339 196.85458
7251.44664 33.26520 1.01941 1.07689 193.12621
7250.69226 32.88723 1.00714 1.06466 190.65447
7249.74835 32.36669 0.99023 1.04781 187.57318
7248.71622 31.78315 0.97101 1.02892 184.24669
7248.37765 31.57870 0.96425 1.02230 183.11163
7247.79776 31.20973 0.95237 1.01035 181.19415
7247.74519 31.20697 0.95231 1.01026 181.05879
7248.68830 31.56007 0.96334 1.02169 183.94171
7248.06425 31.37961 0.95775 1.01585 182.07015
7247.04560 31.13276 0.95051 1.00786 179.30477
7245.65061 30.72657 0.93953 0.99471 175.84999
7244.73877 30.39574 0.93024 0.98400 173.79013
7244.12858 30.15528 0.92285 0.97622 172.24375
7243.06494 29.77264 0.91055 0.96383 169.66400
7241.82506 29.26868 0.89435 0.94752 166.60753
7240.87168 28.79569 0.87925 0.93220 164.01824
7239.72889 28.17991 0.85939 0.91227 160.73166
7238.80542 27.63134 0.84163 0.89451 157.89241
7238.53060 27.45953 0.83606 0.88895 157.01729
7237.73523 26.99571 0.82108 0.87393 154.59578
7238.47455 27.34180 0.83215 0.88514 156.52211
7239.00559 27.51676 0.83764 0.89080 157.63448
7238.62983 27.43802 0.83526 0.88825 157.01207
7237.71504 27.27528 0.83049 0.88298 155.71382
7236.13235 26.93569 0.82017 0.87199 153.55659
7234.04253 26.20579 0.79721 0.84836 149.66818
7233.02988 25.68910 0.78060 0.83163 146.99399
7231.93661 25.13621 0.76287 0.81373 144.15299
7231.11274 24.66003 0.74745 0.79832 141.67234
7230.90145 24.52226 0.74296 0.79386 140.94894
7230.38056 24.26396 0.73465 0.78550 139.60974
7230.97447 24.51242 0.74257 0.79354 140.89396
7230.96079 24.50025 0.74217 0.79315 140.82975
7230.26021 24.33222 0.73703 0.78771 139.99050
7228.77117 23.96117 0.72572 0.77570 138.28393
7227.20766 23.41192 0.70830 0.75791 135.60079
7226.45505 23.08942 0.69774 0.74747 133.95142
7225.43959 22.62805 0.68340 0.73254 131.69135
7224.40025 22.14518 0.67022 0.71691 129.63779
7224.49612 22.18837 0.67144 0.71830 129.82786
7223.89279 21.91249 0.66359 0.70937 128.60517
7223.43001 21.75106 0.65885 0.70415 127.91089
7223.00433 21.62616 0.65504 0.70010 127.37388
7223.45222 21.73403 0.65827 0.70360 127.79344
7222.85779 21.61335 0.65474 0.69969 127.38340
7221.96274 21.47671 0.65074 0.69527 127.07549
7220.44746 21.19699 0.64228 0.68621 126.29839
7218.75044 20.75231 0.62859 0.67181 124.55798
7217.21231 20.16707 0.61024 0.65287 121.80941
7216.59953 19.88088 0.60110 0.64360 120.31349
7215.72538 19.51552 0.58952 0.63178 118.49321
7215.16134 19.27551 0.58190 0.62401 117.27216
7215.25585 19.30575 0.58284 0.62499 117.40425
7214.67460 19.10628 0.57662 0.61853 116.49633
7213.88314 18.89214 0.57008 0.61160 115.67697
7212.89963 18.60403 0.56122 0.60227 114.49011
7212.49986 18.47077 0.55708 0.59795 113.88394
7211.74112 18.22404 0.54941 0.58997 112.77805
7211.01444 18.02549 0.54335 0.58354 111.98457
7210.07908 17.78188 0.53592 0.57565 110.99918
7210.15035 17.79336 0.53625 0.57602 111.02921
7209.61519 17.68308 0.53297 0.57245 110.63661
7208.66541 17.49347 0.52746 0.56632 110.11004
7207.41049 17.24379 0.52030 0.55823 109.38402
7205.95175 16.87517 0.50938 0.54630 107.89264
7204.71802 16.49629 0.49793 0.53403 106.05773
7204.70918 16.46485 0.49688 0.53302 105.81585
7204.60757 16.42413 0.49562 0.53170 105.58648
7204.27354 16.39668 0.49510 0.53081 105.67883
7203.18712 16.25629 0.49169 0.52627 105.57149
7201.81250 16.03798 0.48607 0.51920 105.06793
7200.62966 15.79168 0.47923 0.51122 104.04862
7200.12826 15.66869 0.47580 0.50724 103.48455
7199.15588 15.42124 0.46880 0.49923 102.28954
7198.09778 15.15658 0.46147 0.49066 100.99903
7197.04771 14.87637 0.45371 0.48159 99.52253
7196.36876 14.70025 0.44890 0.47589 98.58259
0.00000 0.00000 0.00000 0.00000 0.00000
