7409.81055 244.57553 7.97331 7.91764 1300.44523
7408.83003 244.17383 7.95991 7.90464 1298.34543
7407.76504 243.74744 7.94576 7.89084 1295.93394
7407.24771 243.50154 7.93824 7.88288 1294.70863
7406.57142 243.17999 7.92916 7.87247 1293.10107
7405.53061 242.69161 7.91484 7.85666 1290.54711
7404.92924 242.38076 7.90466 7.84659 1289.18811
7404.35229 242.05546 7.89372 7.83606 1288.11654
7403.38627 241.55879 7.87736 7.81998 1285.70270
7402.96574 241.32659 7.86981 7.81247 1284.68284
7402.18113 240.87281 7.85488 7.79778 1282.69195
7401.19276 240.29149 7.83584 7.77896 1280.16113
7400.99987 240.17276 7.83197 7.77511 1279.67514
7399.90707 239.46873 7.80883 7.75232 1276.69399
7399.17039 238.92760 7.79103 7.73480 1274.77861
7398.52683 238.40853 7.77404 7.71800 1273.05986
7397.73556 237.74871 7.75241 7.69664 1270.89992
7397.34631 237.38373 7.74041 7.68482 1269.79072
7396.59855 236.72106 7.71874 7.66337 1267.63902
7396.32617 236.48371 7.71094 7.65569 1266.94581
7395.40222 235.62823 7.68293 7.62799 1264.47636
7395.12389 235.35828 7.67413 7.61925 1263.59265
7394.21919 234.42587 7.64346 7.58907 1260.77828
7393.96710 234.14922 7.63532 7.58011 1259.93098
7393.17336 233.25802 7.60879 7.55126 1257.21368
7392.94919 232.99065 7.59981 7.54261 1256.50603
7392.32349 232.29458 7.57698 7.52007 1254.20934
7391.77501 231.66852 7.55650 7.49980 1252.23651
7391.06524 230.68595 7.52430 7.46800 1249.62775
7390.43290 229.64852 7.49043 7.43441 1247.13500
7390.35126 229.52354 7.48635 7.43037 1246.79166
7389.67730 228.38866 7.44925 7.39363 1243.92627
7389.23397 227.52784 7.42109 7.36576 1241.94154
7389.05305 227.16328 7.40921 7.35396 1241.11556
7388.54205 226.13630 7.37541 7.32071 1238.63179
7388.17774 225.37916 7.35313 7.29620 1236.68492
7387.90469 224.76653 7.33453 7.27637 1235.14479
7387.48996 223.66554 7.29830 7.24072 1232.66329
7387.11021 222.63020 7.26451 7.20721 1230.45265
7386.98267 222.27117 7.25281 7.19558 1229.67502
7386.66940 221.37071 7.22344 7.16643 1227.60338
7386.31939 220.07588 7.18134 7.12452 1224.83028
7386.04924 218.78030 7.13908 7.08257 1222.06296
7385.86066 217.48966 7.09705 7.04079 1219.47195
7385.75305 216.31713 7.06046 7.00283 1217.38976
7385.70842 215.70346 7.04247 6.98297 1216.32335
7385.67108 215.18246 7.02519 6.96610 1215.36480
7385.61657 214.10706 6.99024 6.93129 1213.43307
7385.57963 213.07615 6.95669 6.89791 1211.51292
7385.54028 212.09230 6.92464 6.86606 1209.47478
7385.49547 211.06904 6.89135 6.83294 1207.25164
7385.46103 210.00355 6.85665 6.79844 1204.91627
7385.44079 208.95993 6.82278 6.76466 1202.60762
7385.42389 207.93947 6.79056 6.73162 1200.23761
7385.41099 206.93087 6.76013 6.69897 1198.01736
7385.39606 205.92151 6.72705 6.66630 1195.49027
7385.38522 204.91037 6.69410 6.63356 1192.98090
7385.37292 203.87836 6.66047 6.60015 1190.33435
7395.37325 202.85100 6.62518 6.56690 1277.65192
7385.37517 201.84176 6.59414 6.53422 1185.14508
7385.37295 200.84148 6.56150 6.50184 1182.56096
7395.37329 199.83864 6.52650 6.46938 1274.39661
7385.37536 198.83104 6.49660 6.43676 1177.39307
7385.37231 197.84776 6.46737 6.40493 1174.98706
7385.36612 196.86492 6.43503 6.37311 1172.35525
7385.35487 195.89500 6.40334 6.34171 1169.76196
7385.33617 194.95408 6.37264 6.31125 1167.17691
7385.30099 194.00634 6.34168 6.28057 1164.49929
7385.25749 192.98409 6.30835 6.24747 1161.58238
7385.22632 191.93827 6.27413 6.21362 1158.72513
7385.20017 190.93075 6.24100 6.18100 1156.01927
7385.17334 189.97805 6.21221 6.15016 1153.76126
7385.13114 189.07068 6.18379 6.12079 1151.43216
7385.07158 188.18258 6.15473 6.09203 1148.86953
7384.99000 187.30839 6.12615 6.06373 1146.14551
7384.88219 186.41153 6.09686 6.03470 1143.23623
7384.75065 185.45385 6.06559 6.00370 1139.95077
7384.74574 185.42445 6.06463 6.00275 1139.83872
7384.60039 184.40567 6.03136 5.96976 1136.31602
7384.47838 183.35517 5.99695 5.93576 1133.09897
7384.35974 182.39348 5.96530 5.90462 1130.23035
7384.24241 181.50612 5.93875 5.87590 1127.64727
7384.09027 180.62368 5.91111 5.84733 1124.61696
7383.91681 179.68019 5.88022 5.81679 1121.27995
7383.79106 179.05357 5.85968 5.79650 1119.07027
7383.71071 178.64575 5.84639 5.78330 1117.63380
7383.52429 177.60669 5.81239 5.74966 1114.18703
7383.35205 176.61719 5.78005 5.71763 1111.16115
7383.18422 175.71026 5.75037 5.68827 1108.31417
7382.99736 174.84201 5.72196 5.66016 1105.34249
7382.87562 174.35134 5.70591 5.64428 1103.49610
7382.81407 174.19223 5.70074 5.63912 1102.59818
7382.50303 173.14865 5.66640 5.60534 1098.10411
7382.20721 172.16432 5.63726 5.57348 1093.89389
7381.91400 171.20926 5.60660 5.54256 1089.82187
7381.89511 171.14866 5.60459 5.54060 1089.55736
7381.57192 170.07143 5.56945 5.50572 1085.17744
7381.31276 169.10381 5.53780 5.47440 1081.69091
7381.04273 168.25525 5.51009 5.44693 1078.25196
7380.98955 168.12194 5.50573 5.44261 1077.55533
7380.67843 167.24487 5.47710 5.41422 1073.53918
7380.31611 166.05883 5.43836 5.37582 1069.06411
7380.05696 165.08096 5.40641 5.34417 1066.02721
7380.00010 164.93209 5.40146 5.33935 1065.35083
7379.77093 164.33688 5.38207 5.32008 1062.57365
7379.40174 163.22891 5.34951 5.28421 1058.09442
7379.08069 162.23180 5.31664 5.25193 1054.43642
7379.00850 162.02063 5.30978 5.24509 1053.65797
7378.75548 161.37282 5.28865 5.22412 1051.07379
7378.38800 160.31253 5.25403 5.18980 1047.85250
7378.04810 159.35172 5.22257 5.15869 1044.80306
7378.05325 159.37395 5.22330 5.15941 1044.83979
7377.65223 158.37090 5.19060 5.12694 1040.53719
7377.28023 157.26553 5.15452 5.09116 1036.80990
7376.98178 156.41135 5.12661 5.06350 1034.00574
7377.02224 156.52973 5.13045 5.06734 1034.37370
7376.59012 155.46078 5.09546 5.03273 1030.03346
7376.21391 154.46351 5.06586 5.00045 1026.24957
7376.17446 154.36923 5.06317 4.99740 1025.82403
7375.84429 153.71275 5.04217 4.97614 1022.28432
7375.37097 152.61237 5.00610 4.94052 1017.69105
7375.16481 152.13831 4.99060 4.92517 1015.70441
7374.98765 151.80183 4.97962 4.91428 1013.80950
7374.51125 150.78879 4.94656 4.88149 1009.17182
7374.26097 150.28633 4.93036 4.86522 1006.63342
7374.00833 149.83277 4.91588 4.85054 1003.92373
7373.45659 148.65577 4.87741 4.81243 998.77324
7373.11270 147.84302 4.85099 4.78612 995.80366
7373.09436 147.82121 4.85030 4.78542 995.57848
7372.57709 146.76914 4.81596 4.75136 990.85406
7372.19395 145.94899 4.79224 4.72481 987.12250
7372.19542 145.97628 4.79302 4.72569 987.06448
7371.64406 144.94093 4.76004 4.69217 981.72537
7371.28848 144.27009 4.73857 4.67046 978.34998
7371.02813 143.79275 4.72333 4.65500 975.92461
7370.53058 142.73349 4.68895 4.62071 971.92382
7370.23632 142.12408 4.66876 4.60098 969.42999
7370.07771 141.85316 4.65978 4.59221 967.90231
7369.54143 140.75930 4.62398 4.55680 963.95687
7369.23724 140.11972 4.60320 4.53610 962.30633
7369.05662 139.81566 4.59338 4.52625 961.02185
7368.58644 138.82311 4.56041 4.49412 958.19216
7368.31090 138.33136 4.54362 4.47820 955.73033
7368.06531 137.88546 4.52836 4.46377 953.64573
7367.55212 136.88595 4.49792 4.43141 949.34317
7367.33994 136.49859 4.48614 4.41887 947.43023
7366.98426 135.88831 4.46525 4.39911 944.46377
7366.45445 134.82352 4.42922 4.36464 940.92052
7366.36582 134.65898 4.42368 4.35932 940.27005
7365.94319 133.95931 4.40024 4.33666 936.65160
7365.36518 132.84087 4.36277 4.30046 932.80263
7365.44409 132.96224 4.36686 4.30439 933.51370
7364.96440 132.22971 4.34207 4.28067 929.24960
7364.44510 131.39703 4.31398 4.25372 924.89153
7364.19595 130.99165 4.30044 4.24059 922.88931
7363.63860 129.97738 4.26659 4.20776 919.16593
7363.44220 129.63667 4.25511 4.19673 917.76824
7363.08974 129.10716 4.23699 4.17959 914.79607
7362.46994 128.02214 4.20345 4.14446 909.94257
7362.50443 128.07793 4.20527 4.14627 910.20628
7361.94208 127.23360 4.17784 4.11893 905.39770
7361.48034 126.49425 4.15296 4.09500 901.83733
7361.29802 126.23447 4.14426 4.08659 900.29094
7360.66806 125.24125 4.11105 4.05443 897.09604
7360.55903 125.09855 4.10627 4.04982 896.36520
7359.95373 124.19744 4.07613 4.02064 892.13116
7359.45277 123.37116 4.04852 3.99389 888.86762
7359.33725 123.21952 4.04342 3.98899 887.82220
7358.65867 122.14400 4.00745 3.95417 883.37811
7358.50215 121.87937 3.99860 3.94560 882.51561
7358.15670 121.37712 3.98181 3.92934 879.96226
7357.63476 120.65465 3.95763 3.90595 875.72892
7357.38789 120.31579 3.94619 3.89498 873.77666
7356.70570 119.30206 3.91487 3.86217 868.30058
7356.67090 119.25644 3.91344 3.86069 867.97499
7356.05120 118.43061 3.88645 3.83395 862.72753
7355.65052 117.86001 3.86730 3.81548 859.88843
7355.34870 117.47418 3.85441 3.80299 857.35077
7354.65543 116.53140 3.82287 3.77247 852.10907
7354.46249 116.26507 3.81396 3.76385 850.72657
7353.81800 115.29542 3.78159 3.73246 847.04229
7353.71923 115.16713 3.77728 3.72831 846.27746
7353.06629 114.32390 3.74895 3.70101 841.20959
7352.49345 113.41509 3.71866 3.67159 838.69495
7352.55513 113.51773 3.72208 3.67491 838.90082
7351.78289 112.52107 3.68855 3.64264 833.41137
7351.73868 112.46538 3.68667 3.64084 833.13229
7351.04129 111.57205 3.65698 3.61192 829.13653
7350.80459 111.29570 3.64898 3.60298 827.47760
7350.15754 110.48637 3.62359 3.57678 821.92306
7349.69459 109.84928 3.60234 3.55615 819.25148
7349.37600 109.45705 3.58907 3.54345 816.92359
7348.65739 108.47570 3.55611 3.51168 812.85465
7348.84871 108.71926 3.56432 3.51957 814.14956
7347.98433 107.72463 3.53077 3.48737 807.07511
7347.94939 107.68928 3.52958 3.48622 806.72793
7347.12415 106.76364 3.49825 3.45626 799.72896
7346.85554 106.46291 3.48808 3.44652 797.54395
7346.07644 105.52182 3.45628 3.41606 792.10787
7345.74032 105.05255 3.44054 3.40087 790.69656
7345.39145 104.64340 3.42673 3.38762 788.17693
7344.83086 103.97723 3.40417 3.36605 784.26184
7344.63025 103.72550 3.39566 3.35791 783.13500
7343.98640 103.02145 3.37185 3.33511 777.91003
7343.55496 102.53590 3.35518 3.31939 774.80017
7342.72806 101.46390 3.32168 3.28469 772.18124
7342.89839 101.67211 3.32777 3.29143 773.06349
7342.04902 100.69493 3.29665 3.25980 766.99633
7342.09365 100.73921 3.29819 3.26123 767.42687
7341.28089 99.91814 3.27006 3.23465 760.23979
7340.94579 99.57015 3.25827 3.22338 757.47798
7340.17142 98.68682 3.22834 3.19479 752.53491
7340.01635 98.50255 3.22211 3.18882 751.68828
7339.41888 97.88269 3.20096 3.16876 746.94153
7339.13730 97.60142 3.19138 3.15965 744.54590
7338.41289 96.87753 3.16678 3.13622 738.44788
7337.96394 96.39247 3.15033 3.12051 735.34434
7337.41409 95.77867 3.12950 3.10064 732.05447
7337.04709 95.40012 3.11674 3.08839 729.18123
7336.49774 94.81577 3.09661 3.06947 725.54474
7336.13378 94.43129 3.08297 3.05702 723.42259
7335.65115 93.97067 3.06693 3.04211 719.43010
7335.13756 93.46796 3.05085 3.02584 714.43954
7334.57438 92.89700 3.03385 3.00735 709.53525
7334.09367 92.41743 3.01825 2.99183 706.33659
7333.59752 91.89777 3.00078 2.97501 704.04237
7333.14889 91.46965 2.98628 2.96115 700.75723
7332.53316 90.84165 2.96494 2.94082 696.27174
7332.15005 90.43775 2.95117 2.92774 694.01493
7331.69900 90.01438 2.93679 2.91404 690.30856
7331.30409 89.65016 2.92448 2.90224 686.89255
7330.71129 89.11601 2.90644 2.88495 681.56137
7330.22103 88.69661 2.89220 2.87138 676.80425
7329.35024 87.82069 2.86282 2.84302 670.95552
7329.06673 87.50546 2.85233 2.83281 669.74736
7328.49846 86.93333 2.83335 2.81429 666.19860
7328.38484 86.83601 2.83009 2.81114 665.12274
7327.57040 86.13625 2.80675 2.78849 657.45973
7327.14806 85.75752 2.79421 2.77623 653.85042
7326.25607 84.85250 2.76425 2.74693 648.63380
7326.27998 84.87092 2.76490 2.74753 648.89824
7325.36676 84.04211 2.73868 2.72070 642.36566
7325.59430 84.23199 2.74422 2.72684 644.24509
7324.53036 83.40816 2.71935 2.70017 632.70145
7324.19377 83.10162 2.70900 2.69025 629.81776
7323.41289 82.44008 2.68528 2.66883 622.95224
7323.03345 82.10908 2.67153 2.65812 619.63406
7322.50276 81.65076 2.64928 2.64328 615.07623
7322.10250 81.34497 2.63242 2.63338 610.66132
7321.44928 80.86844 2.61277 2.61795 603.04690
7320.51503 80.02117 2.58408 2.59053 596.14904
7320.37611 79.89865 2.57755 2.58656 594.99505
7319.43452 79.08046 2.54544 2.56007 587.10017
7319.30647 78.96382 2.54303 2.55630 586.13391
7318.30624 78.06054 2.52113 2.52705 578.72133
7318.51987 78.23655 2.52661 2.53275 580.68682
7317.53257 77.46525 2.50403 2.50778 570.78909
7317.30961 77.26522 2.49907 2.50131 569.01105
7316.50589 76.67275 2.47771 2.48213 560.05044
7315.75613 75.99393 2.45727 2.46015 557.71225
7315.44695 75.71114 2.45056 2.45100 555.27387
7314.79638 75.19370 2.43638 2.43425 546.99585
7314.45266 74.91188 2.42546 2.42512 543.28956
7313.52699 74.13409 2.40166 2.39994 535.44188
7313.43514 74.06389 2.39996 2.39767 534.49050
7312.40618 73.18892 2.37099 2.36934 525.84288
7312.46861 73.22993 2.37263 2.37067 526.63687
7311.49228 72.48031 2.35174 2.34640 516.68090
7311.00539 72.03031 2.34001 2.33184 513.40141
7310.31633 71.44533 2.31462 2.31290 507.64494
7309.65840 70.81082 2.29869 2.29236 503.74801
7309.05159 70.18656 2.27186 2.27215 501.26915
7308.68006 69.79346 2.25819 2.25942 499.63600
7308.15462 69.28029 2.24273 2.24281 496.71441
7307.75216 68.88357 2.22698 2.22997 495.79553
7307.17562 68.34337 2.20625 2.21248 493.83834
7306.50895 67.66909 2.18269 2.19065 490.34059
7305.90598 66.98336 2.15676 2.16845 489.56200
7305.62341 66.66565 2.14582 2.15817 488.78458
7305.02528 66.03675 2.12601 2.13781 484.74256
7304.70756 65.69971 2.11489 2.12690 482.98586
7304.02716 64.98409 2.08981 2.10373 480.73477
7303.55033 64.46650 2.07144 2.08697 479.59747
7302.76792 63.49507 2.03771 2.05553 480.85342
7302.75638 63.48532 2.03738 2.05521 480.76507
7301.89517 62.46808 2.00252 2.02228 481.40757
7301.80319 62.35353 1.99861 2.01857 481.64600
7301.00466 61.39348 1.96626 1.98749 483.14647
7300.67425 60.95910 1.95150 1.97343 484.80797
7300.25839 60.41176 1.93319 1.95571 487.05087
7299.91757 60.03677 1.92060 1.94357 487.09012
7299.42917 59.48500 1.90204 1.92571 487.31414
7298.83811 58.77662 1.87808 1.90278 489.16367
7298.53877 58.43501 1.86633 1.89172 490.97076
7297.81533 57.55208 1.83894 1.86313 493.01763
7297.76317 57.50617 1.83758 1.86165 492.54918
7296.88422 56.48221 1.80306 1.82850 493.49189
7296.92164 56.52653 1.80460 1.82993 493.38473
7296.05157 55.55154 1.77085 1.79837 494.06211
7296.05895 55.55643 1.77103 1.79853 494.14437
7295.21106 54.68974 1.74062 1.77047 492.66884
7295.24896 54.70855 1.74131 1.77108 493.23791
7294.38602 53.93339 1.71396 1.74599 489.13054
7294.36492 53.91696 1.71337 1.74545 488.96934
7293.36227 53.04239 1.68228 1.71714 483.73304
7293.22111 52.91869 1.67791 1.71314 483.02686
7292.28363 52.07082 1.64786 1.68569 479.12706
7292.14027 51.93535 1.64309 1.68130 478.67807
7291.40678 51.28892 1.62026 1.66038 475.42238
7291.24909 51.16947 1.61597 1.65651 474.26510
7290.67251 50.73577 1.60054 1.64247 469.82964
7290.03820 50.27276 1.58426 1.62748 466.21737
7289.95817 50.22393 1.58254 1.62590 465.66953
7288.92782 49.57161 1.55954 1.60478 456.99038
7288.59386 49.33968 1.55119 1.59727 454.45378
7288.03622 48.96855 1.53834 1.58526 449.77139
7287.21300 48.49912 1.52375 1.57006 440.22188
7286.58948 48.07547 1.51090 1.55635 434.36065
7285.56359 47.27721 1.48343 1.53051 428.74549
7285.31306 47.07652 1.47655 1.52401 427.50313
7284.46962 46.39780 1.45341 1.50204 423.26385
7283.98843 45.98768 1.43938 1.48876 421.33105
7283.43936 45.52393 1.42342 1.47375 419.02432
7282.87597 45.05859 1.40736 1.45868 416.42011
7282.80993 44.99590 1.40520 1.45665 416.27026
7281.90974 44.41086 1.38493 1.43771 409.25902
7281.64277 44.23015 1.37867 1.43186 407.18853
7280.71666 43.56098 1.35563 1.41020 402.64781
7280.46312 43.37023 1.34908 1.40402 401.85563
7280.23385 43.24560 1.34479 1.39999 399.95548
7279.28645 42.73679 1.32736 1.38352 390.94182
7279.18461 42.67928 1.32540 1.38166 390.06687
7278.63752 42.43413 1.31700 1.37372 384.32681
7277.56409 41.97252 1.30144 1.35878 373.00346
7276.63580 41.49928 1.28573 1.34346 364.68223
7275.87548 41.02045 1.26973 1.32795 359.56338
7274.83667 40.31943 1.24685 1.30526 353.13052
7274.78550 40.28311 1.24577 1.30409 352.78659
7273.74648 39.57584 1.22537 1.28119 345.26072
7273.11269 39.09209 1.20943 1.26553 342.04435
7272.58995 38.68186 1.19544 1.25225 340.04606
7271.81673 38.09563 1.17592 1.23327 337.64493
7271.69373 37.98519 1.17221 1.22969 337.31004
7270.77680 37.33961 1.15029 1.20880 331.82859
7270.97165 37.46201 1.15445 1.21276 333.15148
7270.38673 37.12277 1.14292 1.20178 328.87767
7269.56021 36.75665 1.13054 1.18992 321.42107
7269.58880 36.75875 1.13061 1.18999 321.80804
7268.72589 36.41780 1.11900 1.17895 313.73814
7267.53124 35.90371 1.10180 1.16231 303.48959
7266.49887 35.33926 1.08300 1.14404 296.32845
7265.84722 34.87764 1.06763 1.12909 293.06480
7265.00910 34.33884 1.04969 1.11165 288.24702
7265.34815 34.53418 1.05618 1.11797 290.41599
7264.39658 34.04839 1.04015 1.10225 283.76915
7263.51488 33.61720 1.02595 1.08829 277.49596
7263.62008 33.66668 1.02758 1.08989 278.19169
7262.49394 33.17023 1.01132 1.07382 271.22603
7261.36778 32.60100 0.99264 1.05539 263.70243
7261.41640 32.62384 0.99339 1.05613 264.02940
7260.38473 32.12906 0.97731 1.04011 257.16407
7259.30002 31.55933 0.95837 1.02167 250.62919
7259.26431 31.53970 0.95772 1.02103 250.42155
7258.37274 31.07174 0.94313 1.00589 244.89298
7257.43083 30.61206 0.93017 0.99100 238.69031
7257.31379 30.55244 0.92851 0.98907 237.94136
7256.30043 30.03000 0.91230 0.97216 231.92948
7255.33785 29.51243 0.89508 0.95541 226.59103
7255.62005 29.64848 0.89955 0.95981 228.27683
7254.59928 29.20504 0.88507 0.94545 222.53302
7253.53723 28.72324 0.86943 0.92986 216.80976
7253.07931 28.49382 0.86193 0.92243 214.30355
7252.18783 28.00218 0.84578 0.90651 209.74110
7251.19299 27.43969 0.82730 0.88831 204.75888
7251.00223 27.32293 0.82344 0.88453 203.84542
7250.21204 26.83123 0.80712 0.86861 200.11417
7249.80178 26.64951 0.80111 0.86272 197.90534
7250.15706 26.78066 0.80542 0.86697 199.91437
7249.34478 26.54637 0.79781 0.85939 195.14618
7248.33521 26.30193 0.78998 0.85147 189.36671
7247.13746 25.95276 0.77890 0.84017 183.07345
7246.56658 25.74180 0.77223 0.83334 180.31690
7245.87619 25.47065 0.76367 0.82456 177.05322
7244.84412 25.09990 0.75204 0.81256 172.89570
7243.80217 24.67618 0.73872 0.79884 168.27312
7243.24724 24.39606 0.72981 0.78977 165.96497
7242.17560 23.81945 0.71141 0.77111 161.56182
7241.39704 23.35542 0.69632 0.75608 158.40796
7241.07620 23.15606 0.68961 0.74963 157.12148
7240.17827 22.63319 0.67298 0.73270 153.45505
7240.35420 22.70856 0.67524 0.73514 154.17405
7240.31320 22.69077 0.67470 0.73457 154.00619
7239.62507 22.53807 0.67042 0.72962 151.23012
7238.66742 22.36682 0.66580 0.72408 147.57539
7237.37583 22.09278 0.65899 0.71521 143.04215
7236.07711 21.63846 0.64557 0.70050 138.95870
7235.32434 21.24664 0.63283 0.68782 136.24138
7234.27746 20.71801 0.61596 0.67070 132.58292
7233.67003 20.36349 0.60460 0.65923 130.38648
7233.25963 20.11329 0.59649 0.65113 128.87922
7232.49894 19.73489 0.58426 0.63888 126.25681
7232.61031 19.78759 0.58596 0.64058 126.63413
7232.28880 19.67983 0.58253 0.63710 125.64564
7231.43826 19.47298 0.57609 0.63040 123.29355
7230.19349 19.16774 0.56668 0.62052 120.03332
7228.97648 18.73525 0.55300 0.60652 116.65775
7228.53518 18.54266 0.54684 0.60028 115.33104
7227.52720 18.08471 0.53207 0.58546 112.43960
7226.50728 17.61082 0.51677 0.57012 109.43042
7226.53146 17.62138 0.51711 0.57046 109.50081
7225.75330 17.27153 0.50578 0.55913 107.23070
7225.02166 17.01116 0.49742 0.55070 105.37996
7224.44492 16.83819 0.49190 0.54510 104.05795
7224.53251 16.85213 0.49232 0.54555 104.21093
7223.73505 16.69091 0.48739 0.54033 102.72908
7222.78727 16.54517 0.48313 0.53562 101.25246
7221.52938 16.31545 0.47647 0.52818 99.27116
7220.18062 15.96122 0.46595 0.51671 96.82465
7219.26210 15.60655 0.45491 0.50523 94.70184
7218.60492 15.30066 0.44524 0.49533 92.96945
7217.66759 14.90815 0.43302 0.48262 90.67325
7217.08093 14.65868 0.42526 0.47455 89.24623
7216.93258 14.59528 0.42325 0.47249 88.88113
7216.14170 14.32637 0.41475 0.46379 87.29315
7215.24572 14.08139 0.40691 0.45586 85.80177
7214.35604 13.82084 0.39852 0.44742 84.26735
7214.05383 13.71838 0.39521 0.44411 83.67698
7213.17421 13.43381 0.38676 0.43489 82.15305
7212.31062 13.19642 0.38023 0.42721 80.95599
7211.34269 12.94419 0.37358 0.41904 79.75673
7211.23945 12.91342 0.37277 0.41805 79.61140
7210.61050 12.78314 0.36924 0.41383 78.96920
7209.63536 12.58845 0.36387 0.40753 78.00342
7208.50765 12.36566 0.35734 0.40031 76.81724
7207.27803 12.05428 0.34785 0.39023 75.10947
7206.32860 11.76279 0.33870 0.38080 73.47801
7206.15649 11.67891 0.33597 0.37808 72.99939
7205.60543 11.52472 0.33133 0.37309 72.15524
7204.93817 11.44105 0.32920 0.37038 71.75449
7203.89471 11.30662 0.32598 0.36603 71.10908
7202.70715 11.11867 0.32128 0.35994 70.15797
7201.70367 10.90839 0.31555 0.35314 69.02761
7201.36478 10.82400 0.31309 0.35041 68.54942
7200.37834 10.57298 0.30579 0.34228 67.13130
7199.34904 10.31568 0.29843 0.33395 65.67900
7198.32376 10.04194 0.29075 0.32509 64.10107
7197.62480 9.86059 0.28575 0.31922 63.05006
0.00000 0.00000 0.00000 0.00000 0.00000
