7115.55778 10.03293 0.28720 0.32480 139.90242
7115.70201 10.04184 0.28746 0.32508 139.94966
7116.55828 10.07977 0.28914 0.32631 139.99950
7117.55878 10.13481 0.29139 0.32809 140.19848
7118.55928 10.17911 0.29346 0.32953 140.22607
7119.55978 10.21765 0.29525 0.33078 140.14936
7120.56028 10.25797 0.29720 0.33208 140.07950
7121.56078 10.29018 0.29903 0.33312 139.91414
7122.56128 10.31642 0.30049 0.33397 139.64276
7123.56178 10.36223 0.30290 0.33546 139.59611
7124.56228 10.41046 0.30544 0.33702 139.57415
7125.56278 10.47214 0.30849 0.33901 139.71921
7126.56328 10.52451 0.31127 0.34071 139.71147
7127.56378 10.57152 0.31400 0.34223 139.61130
7128.56428 10.64310 0.31771 0.34455 139.83633
7129.56478 10.70879 0.32153 0.34668 139.96427
7130.56528 10.78816 0.32550 0.34925 140.28218
7131.56578 10.88746 0.32993 0.35246 140.90866
7132.56628 10.99436 0.33505 0.35592 141.54519
7133.04904 11.04603 0.33737 0.35759 141.84535
7133.56678 11.09657 0.33961 0.35923 142.08927
7134.56728 11.19310 0.34400 0.36235 142.52836
7135.56778 11.28238 0.34783 0.36524 142.83861
7136.56828 11.36385 0.35138 0.36788 143.01686
7137.56878 11.44805 0.35500 0.37061 143.19783
7138.56928 11.53343 0.35873 0.37337 143.36684
7139.56978 11.60994 0.36218 0.37585 143.51033
7140.57029 11.69894 0.36650 0.37873 143.70488
7141.57079 11.79634 0.37108 0.38188 143.98128
7142.57129 11.90224 0.37619 0.38531 144.35933
7143.57179 12.01905 0.38180 0.38909 144.87673
7143.82935 12.05021 0.38328 0.39010 145.01811
7144.57229 12.13778 0.38748 0.39294 145.39185
7145.57279 12.25853 0.39346 0.39685 145.94697
7146.57329 12.36424 0.39865 0.40027 146.21681
7147.57379 12.48045 0.40368 0.40403 146.53592
7148.57429 12.57989 0.40815 0.40725 146.73939
7149.57479 12.69086 0.41253 0.41084 146.92923
7150.57529 12.81507 0.41736 0.41486 147.16269
7151.57579 12.95195 0.42223 0.41929 147.41560
7152.27662 13.05439 0.42619 0.42261 147.70394
7152.57629 13.09869 0.42769 0.42404 147.76464
7153.57679 13.23881 0.43329 0.42858 148.05058
7154.57729 13.37276 0.43870 0.43292 148.20449
7155.57779 13.49989 0.44422 0.43703 148.29299
7156.57829 13.61345 0.44951 0.44071 148.27793
7157.57879 13.75804 0.45596 0.44539 148.82020
7158.57929 13.90715 0.46252 0.45022 149.27746
7159.49405 14.05858 0.46897 0.45512 149.87547
7159.57979 14.07363 0.46961 0.45561 149.94389
7160.58029 14.25862 0.47690 0.46159 150.85439
7161.58079 14.42413 0.48308 0.46695 151.40879
7162.58129 14.56618 0.48874 0.47155 151.60506
7163.58179 14.70922 0.49468 0.47618 151.76180
7164.58229 14.85239 0.50085 0.48082 151.87739
7165.58279 15.02840 0.50837 0.48651 152.36510
7165.79560 15.06276 0.50979 0.48763 152.45087
7166.58329 15.19498 0.51567 0.49191 152.91400
7167.58379 15.36295 0.52232 0.49734 153.22086
7168.58429 15.52889 0.52847 0.50272 153.48802
7169.58479 15.69799 0.53395 0.50819 153.74148
7170.58529 15.88011 0.53916 0.51409 154.12717
7171.52861 16.06695 0.54377 0.52014 154.65826
7171.58579 16.07879 0.54413 0.52052 154.69648
7172.58629 16.26947 0.54958 0.52669 155.12478
7173.58679 16.42326 0.55453 0.53167 155.03190
7174.58729 16.59802 0.56001 0.53733 155.30194
7175.58779 16.75344 0.56487 0.54236 155.31369
7176.58829 16.95263 0.57017 0.54881 155.75250
7177.09383 17.07113 0.57264 0.55264 156.21253
7177.58879 17.18669 0.57504 0.55638 156.65717
7178.58929 17.39716 0.57778 0.56320 157.23623
7179.58979 17.56413 0.58032 0.56860 157.21800
7180.59030 17.72713 0.58320 0.57388 157.15352
7181.59080 17.92565 0.58781 0.58031 157.54822
7182.24024 18.07531 0.59143 0.58515 158.08508
7182.59130 18.15687 0.59363 0.58779 158.37588
7183.59180 18.34626 0.59772 0.59392 158.69140
7184.59230 18.51970 0.60072 0.59954 158.93998
7185.59280 18.70718 0.60339 0.60561 159.15363
7186.59330 18.92354 0.60678 0.61261 159.76349
7187.34533 19.07950 0.60985 0.61766 160.12264
7187.59380 19.12534 0.61085 0.61914 160.16991
7188.59430 19.32099 0.61624 0.62548 160.49662
7189.59480 19.49990 0.62166 0.63127 160.59210
7190.59530 19.66137 0.62589 0.63650 160.46152
7191.59580 19.88191 0.63100 0.64364 161.04284
7192.52921 20.08368 0.63505 0.65017 161.72687
7192.59630 20.09893 0.63531 0.65066 161.79193
7193.59680 20.33687 0.64085 0.65837 162.58456
7194.59730 20.53043 0.64596 0.66463 162.78773
7195.59780 20.73778 0.65269 0.67134 163.11585
7196.59830 20.97294 0.66008 0.67896 163.78534
7197.03476 21.08787 0.66368 0.68268 164.20012
7197.59880 21.24289 0.66763 0.68770 164.86168
7198.59930 21.45706 0.67202 0.69463 165.30353
7199.59980 21.71186 0.67827 0.70288 166.10540
7200.60030 21.94811 0.68523 0.71053 166.52187
7201.20555 22.09205 0.68957 0.71519 166.69825
7201.60080 22.19413 0.69274 0.71849 166.93886
7202.60130 22.45740 0.70010 0.72701 167.43144
7203.60180 22.72848 0.70668 0.73579 167.99513
7204.60230 23.02033 0.71340 0.74524 168.99584
7204.86330 23.09623 0.71550 0.74769 169.28139
7205.60280 23.27282 0.72052 0.75341 169.65089
7206.60330 23.51339 0.72895 0.76120 170.14626
7207.60380 23.74121 0.73688 0.76857 170.41056
7208.60430 23.98885 0.74441 0.77659 170.84719
7209.01181 24.10042 0.74744 0.78020 171.12657
7209.60480 24.27082 0.75176 0.78572 171.64954
7210.60530 24.51337 0.75811 0.79357 172.23568
7211.60580 24.77959 0.76649 0.80219 172.78739
7212.60630 25.05944 0.77620 0.81125 173.48077
7212.76520 25.10460 0.77779 0.81271 173.59839
7213.60680 25.33123 0.78522 0.82005 174.05704
7214.60730 25.61008 0.79285 0.82907 174.67251
7215.60780 25.89429 0.80060 0.83828 175.32529
7216.32605 26.10879 0.80713 0.84522 175.88465
7216.60830 26.19387 0.80997 0.84797 176.10797
7217.60880 26.48552 0.82064 0.85742 176.78075
7218.60930 26.75349 0.82896 0.86609 177.14698
7219.60980 27.03805 0.83665 0.87530 177.97021
7219.84350 27.11297 0.83847 0.87773 178.20334
7220.61031 27.35809 0.84567 0.88566 178.85390
7221.61081 27.64556 0.85510 0.89497 179.39143
7222.61131 27.92070 0.86468 0.90388 179.77583
7223.25493 28.11715 0.87143 0.91024 180.21088
7223.61181 28.24451 0.87506 0.91436 180.63393
7224.61231 28.58627 0.88437 0.92542 181.65573
7225.61281 28.89390 0.89359 0.93538 182.31009
7226.29137 29.12134 0.90169 0.94275 182.92949
7226.61331 29.23479 0.90558 0.94642 183.26783
7227.61381 29.54883 0.91631 0.95658 184.02393
7228.61431 29.83760 0.92412 0.96593 184.66544
7229.52768 30.12552 0.93220 0.97525 185.32289
7229.61481 30.15863 0.93317 0.97633 185.44240
7230.61531 30.51890 0.94491 0.98799 186.31744
7231.61581 30.88653 0.95621 0.99989 187.00442
7232.22277 31.12971 0.96231 1.00776 187.61654
7232.61631 31.28758 0.96620 1.01287 188.07713
7233.61681 31.62683 0.97564 1.02386 188.93225
7234.61731 31.96277 0.98735 1.03473 189.81331
7235.07368 32.13389 0.99333 1.04027 190.36404
7235.61781 32.34669 1.00065 1.04716 191.09412
7236.61831 32.69205 1.01040 1.05834 191.99245
7237.61881 33.00588 1.01938 1.06850 192.82589
7237.98422 33.13808 1.02339 1.07278 193.19568
7238.61931 33.37011 1.03145 1.08029 193.89066
7239.61981 33.73624 1.04399 1.09214 194.97623
7240.62031 34.06638 1.05383 1.10283 195.78594
7240.80532 34.14226 1.05591 1.10529 196.05876
7241.62081 34.48741 1.06630 1.11646 197.34484
7242.62131 34.83708 1.07844 1.12778 198.33709
7243.47642 35.14644 1.08891 1.13780 199.28683
7243.62181 35.20913 1.09083 1.13983 199.52969
7244.62231 35.61884 1.10249 1.15309 201.02037
7245.62281 35.94237 1.11254 1.16356 202.01974
7246.14617 36.15063 1.11992 1.17030 202.81617
7246.62331 36.35749 1.12727 1.17700 203.61847
7247.62381 36.73523 1.13949 1.18923 204.94697
7248.62431 37.12849 1.15105 1.20196 206.38750
7248.68745 37.15481 1.15189 1.20281 206.49226
7249.62481 37.54354 1.16474 1.21540 208.04441
7250.62531 37.92232 1.17775 1.22766 209.48425
7251.22041 38.15900 1.18494 1.23532 210.43574
7251.62581 38.33728 1.19015 1.24109 211.18310
7252.62631 38.74115 1.20272 1.25417 212.86576
7253.62681 39.13453 1.21665 1.26690 214.59914
7253.69852 39.16318 1.21773 1.26783 214.73197
7254.62731 39.57663 1.23100 1.28121 216.60045
7255.62781 39.99751 1.24177 1.29484 218.27392
7256.00518 40.16736 1.24666 1.30034 218.95245
7256.62831 40.43464 1.25483 1.30899 220.12428
7257.62881 40.85951 1.26913 1.32274 222.18726
7258.37324 41.17155 1.27890 1.33285 223.78436
7258.62931 41.28995 1.28259 1.33668 224.38954
7259.62981 41.75214 1.29772 1.35164 226.77829
7260.63032 42.16672 1.31224 1.36506 229.02934
7260.65089 42.17573 1.31253 1.36535 229.07685
7261.63082 42.62603 1.32642 1.37993 231.52833
7262.63132 43.06959 1.34104 1.39429 234.08568
7262.90398 43.17992 1.34501 1.39786 234.71735
7263.63182 43.47432 1.35526 1.40739 236.44416
7264.63232 43.90585 1.36895 1.42136 239.16688
7265.26011 44.18410 1.37737 1.43037 240.91194
7265.63282 44.35470 1.38323 1.43589 241.99927
7266.63332 44.80496 1.39927 1.45047 244.92602
7267.50399 45.18828 1.41181 1.46288 247.57763
7267.63382 45.25566 1.41391 1.46506 247.99961
7268.63432 45.74103 1.42946 1.48077 251.24115
7269.63482 46.18516 1.44520 1.49515 254.55556
7269.64967 46.19247 1.44547 1.49539 254.60707
7270.63532 46.69642 1.46178 1.51170 258.02907
7271.63582 47.16962 1.47716 1.52702 261.65751
7271.69120 47.19665 1.47808 1.52790 261.85706
7272.63632 47.62840 1.49365 1.54187 264.98270
7273.63682 48.07834 1.50811 1.55644 268.84870
7273.87655 48.20084 1.51156 1.56041 269.78683
7274.63732 48.63387 1.52401 1.57442 272.85974
7275.63782 49.15380 1.54101 1.59126 277.06128
7275.73376 49.20502 1.54285 1.59291 277.47273
7276.63832 49.65658 1.55762 1.60753 281.28581
7277.63882 50.14043 1.57407 1.62320 285.75766
7277.77985 50.20921 1.57645 1.62542 286.41145
7278.63932 50.62171 1.59113 1.63878 290.50642
7279.63982 51.11234 1.60713 1.65466 295.34715
7279.83783 51.21339 1.61060 1.65793 296.38433
7280.64032 51.62268 1.62516 1.67118 300.10558
7281.64082 52.09386 1.64173 1.68643 304.88254
7281.87690 52.21757 1.64590 1.69044 306.14768
7282.64132 52.62602 1.65974 1.70366 310.13253
7283.64182 53.12073 1.67740 1.71968 315.83025
7283.84459 53.22176 1.68104 1.72295 316.99171
7284.64232 53.63787 1.69529 1.73642 321.59466
7285.64282 54.15139 1.71270 1.75304 327.65131
7285.77441 54.22594 1.71546 1.75546 328.40772
7286.64332 54.68679 1.73209 1.77038 333.76865
7287.64382 55.21392 1.75048 1.78744 340.19358
7287.67437 55.23013 1.75104 1.78796 340.39367
7288.64432 55.73665 1.76956 1.80436 346.89977
7289.64482 56.21989 1.78628 1.82001 354.39642
7289.67425 56.23431 1.78679 1.82047 354.58341
7290.64532 56.72891 1.80437 1.83649 360.57232
7291.56425 57.23849 1.82301 1.85298 367.33932
7291.64582 57.29095 1.82482 1.85468 367.89146
7292.64632 57.87418 1.84298 1.87356 376.07492
7293.25301 58.24268 1.85476 1.88549 381.02953
7293.64682 58.47400 1.86298 1.89298 384.07565
7294.64732 59.02502 1.88277 1.91082 392.40567
7295.03956 59.24686 1.89014 1.91800 395.77065
7295.64782 59.60814 1.90263 1.92969 400.89776
7296.64832 60.17891 1.92275 1.94817 409.97373
7296.76142 60.25105 1.92526 1.95051 410.89213
7297.64882 60.80936 1.94466 1.96858 418.69862
7298.38724 61.25523 1.96005 1.98302 424.67404
7298.64932 61.41851 1.96573 1.98830 426.39210
7299.64982 62.02160 1.98652 2.00783 435.83745
7299.99473 62.25941 1.99467 2.01552 438.86149
7300.65033 62.73841 2.01124 2.03103 444.25522
7301.36352 63.26360 2.02940 2.04803 450.19804
7301.65083 63.49706 2.03751 2.05559 452.23880
7302.65133 64.24716 2.06440 2.07987 461.10376
7302.67952 64.26778 2.06512 2.08054 461.37255
7303.65183 64.98003 2.08991 2.10360 470.91326
7304.09297 65.27197 2.10021 2.11305 475.93479
7304.65233 65.72994 2.11604 2.12788 480.81370
7305.44675 66.27615 2.13338 2.14556 491.81179
7305.65283 66.42097 2.13780 2.15025 494.81563
7306.65333 67.02590 2.15805 2.16983 510.78649
7307.04887 67.28033 2.16843 2.17807 516.68724
7307.65383 67.65730 2.18220 2.19027 524.20655
7308.65433 68.22132 2.20409 2.20853 540.14420
7308.74383 68.28452 2.20669 2.21057 541.47266
7309.65483 68.88725 2.22990 2.23009 555.45708
7310.27027 69.28870 2.24621 2.24308 565.29977
7310.65533 69.55945 2.25717 2.25185 570.78528
7311.65583 70.17461 2.28158 2.27176 588.12119
7311.81829 70.29289 2.28630 2.27559 590.29201
7312.65633 70.89395 2.30977 2.29505 601.69902
7313.20005 71.29707 2.32493 2.30810 608.66612
7313.65683 71.62806 2.33810 2.31882 614.50296
7314.64846 72.30126 2.36487 2.34061 628.94762
7314.65733 72.30808 2.36512 2.34083 629.04441
7315.65783 73.01082 2.39197 2.36358 643.01823
7316.10170 73.30544 2.40372 2.37312 647.74496
7316.65833 73.70544 2.41844 2.38607 652.26253
7317.41539 74.30962 2.43923 2.40563 659.65236
7317.65883 74.50764 2.44763 2.41204 661.60856
7318.65933 75.28859 2.47354 2.43732 673.04880
7318.68803 75.31381 2.47420 2.43813 673.35677
7319.65983 76.09354 2.50122 2.46338 685.13938
7319.91052 76.31799 2.50886 2.47064 686.41523
7320.66033 77.00797 2.53002 2.49298 689.85194
7321.07310 77.32218 2.54193 2.50315 694.36155
7321.66083 77.77865 2.55737 2.51793 700.33376
7322.31855 78.32636 2.57212 2.53566 705.77046
7322.66133 78.60011 2.57908 2.54452 708.95192
7323.54870 79.33054 2.60234 2.56817 716.56487
7323.66183 79.42274 2.60491 2.57115 717.55686
7324.66233 80.21412 2.63242 2.59677 727.69922
7324.81397 80.33473 2.63864 2.60068 729.07201
7325.66283 80.98941 2.66608 2.62187 734.53503
7326.04706 81.33891 2.67211 2.63318 735.99282
7326.66333 81.89076 2.67892 2.65105 740.43701
7327.16064 82.34310 2.68715 2.66569 743.48501
7327.66383 82.80985 2.70421 2.68080 746.30804
7328.22961 83.34728 2.72518 2.69820 749.09259
7328.66433 83.83338 2.73891 2.71394 750.58643
7329.16798 84.35146 2.75204 2.73071 753.98956
7329.66483 84.81143 2.76568 2.74560 757.30459
7330.27195 85.35565 2.78413 2.76322 761.50111
7330.66533 85.70878 2.79547 2.77465 764.49790
7331.33013 86.35983 2.81670 2.79573 767.84649
7331.66583 86.71323 2.82867 2.80717 768.98558
7332.36261 87.36402 2.85034 2.82824 773.63459
7332.66633 87.66182 2.86039 2.83788 775.32621
7333.43655 88.36820 2.88435 2.86074 781.28014
7333.66683 88.57089 2.89096 2.86731 782.50173
7334.51630 89.37238 2.91840 2.89325 785.64281
7334.66733 89.51573 2.92339 2.89789 786.68533
7335.60532 90.37657 2.95234 2.92576 794.34578
7335.66783 90.44146 2.95458 2.92786 794.65609
7336.59882 91.38075 2.98642 2.95827 800.05113
7336.66833 91.44580 2.98856 2.96037 800.61371
7337.59356 92.38494 3.02137 2.99078 805.88724
7337.66883 92.46674 3.02412 2.99343 806.15938
7338.47179 93.38912 3.05192 3.02329 810.93190
7338.66933 93.61091 3.05904 3.03047 812.10933
7339.41365 94.39331 3.08569 3.05579 816.16359
7339.66983 94.66216 3.09483 3.06450 817.68527
7340.37322 95.39749 3.11998 3.08830 822.01227
7340.67034 95.71624 3.13064 3.09862 823.69482
7341.28898 96.40167 3.15405 3.12081 826.78729
7341.67084 96.81658 3.16828 3.13424 828.87408
7342.18373 97.40586 3.18791 3.15332 831.37514
7342.67134 98.00845 3.20854 3.17283 832.74229
7343.08863 98.41004 3.22218 3.18583 834.98666
7343.67184 98.99851 3.24195 3.20488 837.74066
7344.01661 99.41423 3.25616 3.21834 839.35272
7344.67234 100.16680 3.28158 3.24270 843.07843
7344.88546 100.41841 3.29007 3.25085 844.12201
7345.65366 101.42259 3.32331 3.28335 846.61169
7345.67284 101.44870 3.32407 3.28420 846.71628
7346.45872 102.42678 3.35459 3.31586 851.57362
7346.67334 102.66586 3.36289 3.32360 852.96136
7347.33665 103.43096 3.38880 3.34837 857.09986
7347.67384 103.83286 3.40239 3.36138 859.04251
7348.16337 104.43515 3.42274 3.38088 861.53319
7348.67434 105.09524 3.44503 3.40225 863.73100
7348.96756 105.43933 3.45666 3.41339 865.61299
7349.67484 106.30697 3.48596 3.44148 869.71519
7349.78759 106.44351 3.49056 3.44590 870.39528
7350.61085 107.44770 3.52434 3.47840 875.65274
7350.67534 107.52728 3.52703 3.48098 876.06927
7351.40383 108.45188 3.55820 3.51091 879.46068
7351.67584 108.79259 3.56962 3.52194 880.12216
7352.22969 109.45607 3.59184 3.54342 882.93887
7352.67634 110.01768 3.61106 3.56160 885.82984
7353.01656 110.46025 3.62555 3.57593 888.00195
7353.67684 111.46184 3.65558 3.60835 891.48758
7353.67871 111.46444 3.65567 3.60844 891.49735
7354.41272 112.46862 3.68964 3.64095 895.27094
7354.67734 112.85276 3.70242 3.65338 896.46023
7355.11873 113.47280 3.72316 3.67346 898.79124
7355.67784 114.27490 3.74999 3.69942 901.55289
7355.81993 114.47699 3.75676 3.70596 902.31298
7356.47150 115.48117 3.79033 3.73847 904.94800
7356.67834 115.77946 3.80029 3.74813 906.11089
7357.18909 116.48536 3.82389 3.77098 909.35656
7357.67884 117.19935 3.84776 3.79409 912.10371
7357.87367 117.48954 3.85743 3.80349 913.16534
7358.52907 118.49372 3.89121 3.83600 916.42225
7358.67934 118.74409 3.89960 3.84410 916.97194
7359.10628 119.49791 3.92186 3.86851 919.10283
7359.67984 120.47380 3.95383 3.90010 921.57929
7359.69999 120.50209 3.95479 3.90101 921.72989
7360.42192 121.50628 3.98835 3.93352 927.01545
7360.68034 121.88242 4.00095 3.94570 928.01823
7361.11256 122.51046 4.02197 3.96603 929.92261
7361.68084 123.30469 4.04857 3.99174 934.00340
7361.82585 123.51464 4.05561 3.99854 935.14509
7362.44427 124.51883 4.08933 4.03105 938.76995
7362.68134 124.91251 4.10253 4.04379 940.09093
7363.09061 125.52301 4.12296 4.06356 943.12281
7363.68184 126.43828 4.15372 4.09319 947.22856
7363.74012 126.52720 4.15673 4.09606 947.64903
7364.37493 127.53138 4.19088 4.12857 952.04593
7364.68234 128.02568 4.20744 4.14458 954.14704
7364.99040 128.53556 4.22243 4.16108 956.64878
7365.51301 129.53975 4.25446 4.19359 959.45485
7365.68284 129.85774 4.26544 4.20388 960.30447
7366.07668 130.54393 4.28864 4.22610 962.81815
7366.60171 131.54812 4.32149 4.25861 965.62134
7366.68334 131.70779 4.32672 4.26378 966.03813
7367.10821 132.55230 4.35492 4.29112 968.18024
7367.59666 133.55649 4.38872 4.32362 970.55439
7367.68384 133.73069 4.39446 4.32926 971.02070
7368.07756 134.56067 4.42139 4.35613 972.95982
7368.50566 135.56485 4.45421 4.38864 974.77504
7368.68434 135.97093 4.46786 4.40179 975.50778
7369.00329 136.56904 4.48779 4.42115 977.40797
7369.50692 137.57322 4.51702 4.45366 980.13566
7369.68484 137.87876 4.52697 4.46355 981.28895
7370.07520 138.57741 4.54977 4.48617 984.21805
7370.67133 139.58159 4.58239 4.51867 989.68492
7370.68534 139.60469 4.58314 4.51942 989.81400
7371.28356 140.58577 4.61497 4.55118 995.29907
7371.68584 141.25790 4.63667 4.57294 999.01482
7371.87751 141.58996 4.64744 4.58369 1000.71187
7372.38888 142.59414 4.68029 4.61620 1004.75460
7372.68634 143.18600 4.69963 4.63536 1007.08459
7372.90168 143.59833 4.71307 4.64871 1008.91895
7373.36939 144.60251 4.74578 4.68122 1012.44854
7373.68684 145.28114 4.76817 4.70319 1014.92859
7373.84838 145.60669 4.77899 4.71373 1016.24582
7374.24955 146.61088 4.80811 4.74623 1019.36309
7374.68075 147.61506 4.84104 4.77874 1022.60640
7374.68734 147.62920 4.84150 4.77920 1022.66303
7375.13969 148.61925 4.87384 4.81125 1026.52418
7375.55044 149.62343 4.90658 4.84376 1029.65657
7375.68784 149.93253 4.91670 4.85377 1030.85129
7375.98199 150.62762 4.93940 4.87627 1033.32527
7376.37340 151.63180 4.97229 4.90878 1036.38703
7376.68834 152.42676 4.99827 4.93451 1039.01346
7376.77827 152.63598 5.00514 4.94128 1039.86030
7377.19827 153.64017 5.03791 4.97379 1043.61336
7377.58957 154.64435 5.06928 5.00630 1047.37933
7377.68884 154.88652 5.07600 5.01414 1048.42501
7378.00326 155.64854 5.10005 5.03881 1051.41383
7378.40602 156.65272 5.13294 5.07132 1054.67256
7378.68934 157.32144 5.15481 5.09297 1056.90200
7378.82152 157.65690 5.16582 5.10383 1057.97919
7379.15130 158.66109 5.19870 5.13634 1060.74473
7379.41773 159.66527 5.23161 5.16884 1062.88155
7379.66532 160.66946 5.26453 5.20135 1065.03101
7379.68984 160.77151 5.26788 5.20466 1065.24537
7379.91460 161.67364 5.29746 5.23386 1067.23482
7380.15616 162.67782 5.33023 5.26637 1069.42194
7380.43395 163.68201 5.36250 5.29888 1072.38958
7380.69035 164.55616 5.38828 5.32718 1075.23283
7380.72761 164.68619 5.39257 5.33139 1075.63696
7381.05138 165.69038 5.42564 5.36389 1079.43228
7381.38806 166.69456 5.45840 5.39640 1083.48317
7381.69085 167.46265 5.48347 5.42127 1087.23695
7381.78009 167.69874 5.49120 5.42891 1088.37761
7382.12407 168.70293 5.52399 5.46142 1092.69715
7382.46542 169.70711 5.55682 5.49393 1097.06978
7382.69135 170.35182 5.57783 5.51480 1100.00646
7382.82059 170.71130 5.58954 5.52644 1101.71235
7383.12339 171.71548 5.62274 5.55895 1105.74787
7383.35987 172.71967 5.65233 5.59145 1109.02462
7383.57241 173.72385 5.68495 5.62396 1112.08732
7383.69185 174.39736 5.70693 5.64577 1113.95124
7383.74377 174.72803 5.71777 5.65647 1114.76553
7383.88182 175.73222 5.75069 5.68898 1117.09338
7384.01640 176.73640 5.78352 5.72149 1119.47196
7384.18100 177.74059 5.81642 5.75400 1122.36482
7384.36530 178.74477 5.84925 5.78650 1125.61275
7384.56543 179.74895 5.88209 5.81901 1129.17437
7384.69235 180.42154 5.90401 5.84079 1131.44796
7384.74379 180.75314 5.91516 5.85152 1132.51623
7384.85233 181.75732 5.94539 5.88403 1135.12418
7384.93989 182.76151 5.97735 5.91654 1137.47909
7385.01411 183.76569 6.01014 5.94905 1139.95881
7385.07822 184.76987 6.04298 5.98156 1142.32201
7385.11848 185.77406 6.07591 6.01406 1144.61370
7385.15014 186.77824 6.10874 6.04657 1146.88628
7385.17462 187.78243 6.14159 6.07908 1149.08353
7385.18670 188.78661 6.17434 6.11159 1151.39700
7385.18691 189.79079 6.20694 6.14410 1153.54935
7385.17735 190.79498 6.23650 6.17661 1155.47256
7385.15460 191.79916 6.26964 6.20911 1157.67209
7385.12666 192.80335 6.30250 6.24162 1159.84693
7385.08285 193.80753 6.33526 6.27413 1161.88184
7385.03844 194.81172 6.36809 6.30664 1163.93279
7384.98251 195.81590 6.40086 6.33915 1166.06372
7384.94050 196.82008 6.43374 6.37166 1168.26902
7384.87549 197.82427 6.46666 6.40417 1170.36073
7384.82094 198.82845 6.49654 6.43667 1172.36026
7384.75271 199.83264 6.52881 6.46918 1174.47305
7384.69235 200.50896 6.55079 6.49108 1175.78301
7384.65529 200.83682 6.56148 6.50169 1176.34873
7384.53808 201.84100 6.59423 6.53420 1178.06884
7384.43112 202.84519 6.62695 6.56671 1179.82404
7384.32863 203.84937 6.65966 6.59922 1181.64753
7384.21885 204.85356 6.69236 6.63172 1183.49730
7384.12260 205.85774 6.72504 6.66423 1185.32436
7384.03589 206.86192 6.75782 6.69674 1187.20623
7383.95496 207.86611 6.78832 6.72925 1188.96965
7383.88550 208.87029 6.81972 6.76176 1190.81278
7383.82060 209.87448 6.85239 6.79427 1192.65281
7383.75250 210.87866 6.88505 6.82677 1194.50088
7383.69185 211.72773 6.91259 6.85426 1195.82729
7383.67883 211.88285 6.91763 6.85928 1196.06528
7383.59877 212.88703 6.95027 6.89179 1197.66397
7383.53095 213.89121 6.98293 6.92430 1199.17943
7383.48045 214.89540 7.01546 6.95681 1200.75824
7383.45080 215.89958 7.04819 6.98932 1202.30339
7383.45256 216.90377 7.07733 7.02183 1203.84704
7383.49520 217.90795 7.11025 7.05433 1205.62089
7383.58288 218.91213 7.14292 7.08684 1207.55649
7383.69185 219.61467 7.16580 7.10959 1209.10236
7383.73234 219.91632 7.17558 7.11935 1209.72629
7383.92191 220.92050 7.20830 7.15186 1211.94276
7384.16426 221.92469 7.24104 7.18437 1214.34212
7384.49198 222.92887 7.27378 7.21688 1216.99439
7384.69235 223.47658 7.29168 7.23461 1218.54328
7384.83040 223.93305 7.30649 7.24938 1219.59900
7385.20185 224.93724 7.33948 7.28189 1222.12337
7385.58555 225.94142 7.36877 7.31440 1224.58443
7385.69285 226.16983 7.37606 7.32180 1225.19928
7386.03677 226.94561 7.40175 7.34691 1227.22085
7386.56332 227.94979 7.43455 7.37942 1230.03772
7386.69335 228.18047 7.44210 7.38689 1230.62216
7387.16405 228.95397 7.46733 7.41193 1232.73024
7387.69385 229.68568 7.49129 7.43561 1235.06920
7387.86864 229.95816 7.50023 7.44444 1235.89996
7388.58184 230.96234 7.53308 7.47694 1239.01161
7388.69435 231.11131 7.53797 7.48177 1239.50734
7389.33017 231.96653 7.56598 7.50945 1242.17170
7389.69485 232.40467 7.58028 7.52364 1243.63171
7390.16209 232.97071 7.59896 7.54196 1245.42560
7390.69535 233.58455 7.61902 7.56183 1247.41029
7391.06274 233.97490 7.63030 7.57447 1248.77586
7391.69585 234.62468 7.64947 7.59550 1251.06360
7392.03044 234.97908 7.66129 7.60698 1252.27020
7392.69635 235.61508 7.68230 7.62757 1254.52349
7393.08631 235.98326 7.69428 7.63949 1255.80684
7393.69685 236.54352 7.71273 7.65762 1257.83140
7394.26886 236.98745 7.72725 7.67199 1259.66984
7394.69735 237.31430 7.73798 7.68258 1261.02350
7395.63943 237.99163 7.76020 7.70450 1263.92942
7395.69785 238.03664 7.76168 7.70596 1264.09571
7396.69835 238.73592 7.78465 7.72860 1266.72318
7397.08343 238.99582 7.79318 7.73701 1267.87628
7397.69885 239.43277 7.80755 7.75116 1269.70346
7398.60674 240.00000 7.82619 7.76952 1272.21446
