6603.30165 239.81565 7.92907 7.76355 868.89833
6602.45757 238.99582 7.90183 7.73701 868.21877
6602.30115 238.84376 7.89652 7.73209 868.11287
6601.38759 237.99163 7.86948 7.70450 867.01199
6601.30065 237.90739 7.86658 7.70178 866.92252
6600.30015 236.99778 7.83507 7.67233 866.32849
6600.28923 236.98745 7.83475 7.67199 866.33273
6599.29965 236.02930 7.80277 7.64098 865.94661
6599.25171 235.98326 7.80121 7.63949 865.89745
6598.29915 235.09551 7.77274 7.61075 864.75520
6598.17998 234.97908 7.76850 7.60698 864.69586
6597.29865 234.07830 7.73953 7.57782 864.11813
6597.19758 233.97490 7.73696 7.57447 863.90330
6596.29815 233.03811 7.70641 7.54414 863.35406
6596.23117 232.97071 7.70421 7.54196 863.34817
6595.29765 232.07802 7.67502 7.51306 862.48700
6595.18227 231.96653 7.67107 7.50945 862.40982
6594.29715 231.15662 7.64422 7.48323 861.23784
6594.09667 230.96234 7.63778 7.47694 861.07997
6593.29665 230.16164 7.61061 7.45102 860.75885
6593.08609 229.95816 7.60412 7.44444 860.58028
6592.29615 229.19070 7.57826 7.41959 860.08583
6592.04138 228.95397 7.57023 7.41193 859.68116
6591.29565 228.29208 7.54871 7.39050 858.92697
6590.91103 227.94979 7.53693 7.37942 858.88839
6590.29515 227.39392 7.51820 7.36142 858.19675
6589.82985 226.94561 7.50362 7.34691 857.70193
6589.29465 226.42381 7.48572 7.33002 857.42159
6588.79139 225.94142 7.46967 7.31440 857.00562
6588.29415 225.41292 7.45451 7.29729 856.45724
6587.84747 224.93724 7.43965 7.28189 856.11311
6587.29365 224.43002 7.42255 7.26547 855.37978
6586.77050 223.93305 7.40599 7.24938 854.92727
6586.29315 223.46022 7.39010 7.23408 854.71439
6585.75284 222.92887 7.37244 7.21688 854.45607
6585.29265 222.47413 7.35740 7.20216 854.26110
6584.70853 221.92469 7.33884 7.18437 853.61249
6584.29215 221.53972 7.32599 7.17191 853.16232
6583.65193 220.92050 7.30531 7.15186 852.65631
6583.29165 220.57262 7.29371 7.14060 852.34393
6582.53500 219.91632 7.27181 7.11935 851.85775
6582.29115 219.69552 7.26447 7.11220 851.86749
6581.45145 218.91213 7.23816 7.08684 850.89222
6581.29065 218.76354 7.23314 7.08203 850.69137
6580.38117 217.90795 7.20471 7.05433 849.81215
6580.29015 217.82439 7.20191 7.05163 849.69986
6579.31017 216.90377 7.17072 7.02183 848.86694
6579.28964 216.88112 7.17000 7.02109 848.87695
6578.38131 215.89958 7.14065 6.98932 848.22296
6578.28914 215.81308 7.13786 6.98652 848.07664
6577.29916 214.89540 7.10719 6.95681 846.99937
6577.28864 214.88560 7.10685 6.95649 846.98898
6576.28814 213.95143 7.07578 6.92625 845.92147
6576.22592 213.89121 7.07380 6.92430 845.87802
6575.28764 212.97936 7.04294 6.89478 845.36776
6575.18998 212.88703 7.03992 6.89179 845.28102
6574.28714 212.02506 7.01112 6.86389 844.45029
6574.12507 211.88285 7.00625 6.85928 844.19004
6573.28664 211.16788 6.98280 6.83614 843.60403
6572.98441 210.87866 6.97321 6.82677 843.73671
6572.28614 210.22349 6.95083 6.80556 842.96880
6571.91322 209.87448 6.93954 6.79427 842.60871
6571.28564 209.27479 6.91946 6.77485 842.14980
6570.84295 208.87029 6.90559 6.76176 841.62538
6570.28514 208.34713 6.88841 6.74482 841.20318
6569.81333 207.86611 6.87369 6.72925 840.55537
6569.28464 207.32956 6.85751 6.71188 839.79440
6568.81812 206.86192 6.84247 6.69674 839.80719
6568.28414 206.34494 6.82441 6.68000 839.58398
6567.75233 205.85774 6.80818 6.66423 838.89416
6567.28364 205.43216 6.79443 6.65046 838.35854
6566.67200 204.85356 6.77442 6.63172 837.85242
6566.28314 204.49167 6.76256 6.62001 837.48710
6565.60883 203.84937 6.74121 6.59922 836.85464
6565.28264 203.53451 6.73044 6.58902 836.93920
6564.42800 202.84519 6.70778 6.56671 836.06640
6564.28214 202.71864 6.70354 6.56261 835.83711
6563.37440 201.84100 6.67361 6.53420 835.26773
6563.28164 201.75449 6.67078 6.53140 835.20526
6562.31261 200.83682 6.63983 6.50169 834.51611
6562.28114 200.80663 6.63880 6.50071 834.49595
6561.28064 199.88050 6.60814 6.47073 833.48449
6561.22944 199.83264 6.60649 6.46918 833.44390
6560.28014 198.95512 6.57717 6.44077 832.44812
6560.14575 198.82845 6.57351 6.43667 832.15820
6559.27964 197.93137 6.54584 6.40763 831.42003
6559.17541 197.82427 6.54232 6.40417 831.42935
6558.27914 197.00168 6.51475 6.37754 830.65527
6558.08052 196.82008 6.50855 6.37166 830.40943
6557.27864 196.09201 6.48396 6.34809 829.55240
6556.98024 195.81590 6.47495 6.33915 829.25545
6556.27814 195.16136 6.45307 6.31796 828.56995
6555.86937 194.81172 6.44036 6.30664 828.38335
6555.27764 194.31387 6.42343 6.29052 828.12055
6554.73052 193.80753 6.40793 6.27413 827.57602
6554.27714 193.39426 6.39255 6.26075 827.07780
6553.61184 192.80335 6.37436 6.24162 826.16541
6553.27664 192.49145 6.36459 6.23153 825.96585
6552.54612 191.79916 6.33941 6.20911 825.52701
6552.27614 191.54423 6.33150 6.20086 825.36832
6551.46330 190.79498 6.30535 6.17661 824.81228
6551.27564 190.60980 6.29920 6.17061 824.77521
6550.42768 189.79079 6.27720 6.14410 823.16011
6550.27514 189.65052 6.27267 6.13956 822.85518
6549.33871 188.78661 6.24185 6.11159 822.12617
6549.27464 188.72775 6.24012 6.10968 822.07459
6548.27414 187.79487 6.20865 6.07948 821.38885
6548.25970 187.78243 6.20824 6.07908 821.36062
6547.27364 186.96188 6.18196 6.05252 820.05914
6547.06008 186.77824 6.17511 6.04657 820.13106
6546.27314 186.11710 6.15261 6.02517 818.89119
6545.90002 185.77406 6.14171 6.01406 818.52149
6545.27264 185.18064 6.12069 5.99485 818.32778
6544.83016 184.76987 6.10754 5.98156 817.99908
6544.27214 184.25894 6.09061 5.96501 817.55503
6543.73472 183.76569 6.07320 5.94905 817.14114
6543.27164 183.36108 6.05993 5.93595 816.46542
6542.61382 182.76151 6.03968 5.91654 815.86586
6542.27114 182.42856 6.02789 5.90576 816.04787
6541.55023 181.75732 6.00704 5.88403 815.11570
6541.27064 181.47391 5.99868 5.87485 814.67295
6540.53359 180.75314 5.97518 5.85152 814.28594
6540.27014 180.52594 5.96766 5.84417 813.92678
6539.37094 179.74895 5.94096 5.81901 812.66139
6539.26963 179.65730 5.93786 5.81605 812.56044
6538.26913 178.78009 5.90870 5.78765 811.65884
6538.22604 178.74477 5.90749 5.78650 811.65225
6537.26863 177.95048 5.88049 5.76079 810.80907
6537.03337 177.74059 5.87354 5.75400 810.49264
6536.26813 177.07602 5.85078 5.73248 809.39540
6535.90011 176.73640 5.83949 5.72149 809.21540
6535.26763 176.15856 5.82017 5.70278 808.79674
6534.79686 175.73222 5.80566 5.68898 808.44786
6534.26713 175.24414 5.78933 5.67318 808.17560
6533.66964 174.72803 5.77193 5.65647 807.35583
6533.26663 174.37510 5.76004 5.64505 806.85897
6532.53261 173.72385 5.73821 5.62396 806.12389
6532.26613 173.49131 5.73027 5.61643 805.83530
6531.41938 172.71967 5.70447 5.59145 805.17172
6531.26563 172.55841 5.69967 5.58623 805.12499
6530.38356 171.71548 5.67406 5.55895 803.87601
6530.26513 171.61031 5.67057 5.55554 803.73453
6529.26463 170.83192 5.64386 5.53034 802.71534
6529.13180 170.71130 5.63992 5.52644 802.79186
6528.26413 169.93635 5.61404 5.50135 801.94410
6528.00256 169.70711 5.60621 5.49393 801.70500
6527.26363 169.07081 5.58399 5.47333 800.76757
6526.84482 168.70293 5.57181 5.46142 800.36391
6526.26313 168.18826 5.55481 5.44476 799.85638
6525.70490 167.69874 5.53814 5.42891 799.34201
6525.26263 167.29954 5.52540 5.41599 799.10495
6524.59536 166.69456 5.50469 5.39640 798.72493
6524.26213 166.39812 5.49419 5.38681 798.47654
6523.42632 165.69038 5.47113 5.36389 797.22396
6523.26163 165.54625 5.46592 5.35923 797.04548
6522.26113 164.69017 5.43727 5.33151 795.97305
6522.25661 164.68619 5.43715 5.33139 795.97017
6521.26063 163.70613 5.40581 5.29966 795.36574
6521.23406 163.68201 5.40511 5.29888 795.28753
6520.26013 162.89386 5.37977 5.27336 794.18641
6520.01200 162.67782 5.37199 5.26637 794.44788
6519.25963 162.06617 5.35172 5.24657 792.95730
6518.80410 161.67364 5.33856 5.23386 792.46155
6518.25913 161.18262 5.32125 5.21796 792.29157
6517.66710 160.66946 5.30419 5.20135 791.72430
6517.25863 160.31043 5.29202 5.18973 791.46492
6516.50223 159.66527 5.26972 5.16884 790.54909
6516.25813 159.46075 5.26311 5.16222 790.19452
6515.28203 158.66109 5.23544 5.13634 788.59540
6515.25763 158.63968 5.23469 5.13564 788.57853
6514.25713 157.77046 5.20577 5.10750 787.74226
6514.12298 157.65690 5.20181 5.10383 787.57248
6513.25663 156.92303 5.17691 5.08007 786.61810
6512.93883 156.65272 5.16788 5.07132 786.22793
6512.25613 156.09685 5.14864 5.05332 785.07015
6511.67743 155.64854 5.13350 5.03881 784.98839
6511.25563 155.29881 5.12174 5.02749 784.93502
6510.52223 154.64435 5.10141 5.00630 783.32815
6510.25513 154.40141 5.09431 4.99844 782.74242
6509.38124 153.64017 5.06919 4.97379 782.05206
6509.25463 153.53280 5.06548 4.97032 781.95137
6508.25413 152.68032 5.03667 4.94272 780.96462
6508.20376 152.63598 5.03517 4.94128 780.93870
6507.25363 151.82558 5.00752 4.91505 780.11641
6507.01927 151.63180 5.00102 4.90878 779.80454
6506.25313 151.00482 4.97971 4.88848 778.67309
6505.80133 150.62762 4.96707 4.87627 778.14702
6505.25263 150.16616 4.95152 4.86133 777.58765
6504.63060 149.62343 4.93287 4.84376 777.27304
6504.25213 149.29799 4.92179 4.83322 777.07228
6503.43592 148.61925 4.89889 4.81125 775.97445
6503.25163 148.45770 4.89328 4.80602 775.97258
6502.25113 147.75438 4.86997 4.78325 774.19089
6502.08317 147.61506 4.86528 4.77874 774.07513
6501.25063 146.91736 4.84091 4.75616 773.29682
6500.89567 146.61088 4.83081 4.74623 773.01936
6500.25013 145.99822 4.81266 4.72640 772.24278
6499.81737 145.60669 4.80004 4.71373 771.90279
6499.24962 145.15053 4.78481 4.69896 771.06285
6498.57180 144.60251 4.76581 4.68122 770.15072
6498.24912 144.33204 4.75629 4.67246 769.84690
6497.38178 143.59833 4.73172 4.64871 769.25997
6497.24862 143.48122 4.72765 4.64492 769.26201
6496.24812 142.68373 4.70032 4.61910 767.66204
6496.14347 142.59414 4.69737 4.61620 767.61994
6495.24762 141.87884 4.67261 4.59304 766.22279
6494.88626 141.58996 4.66284 4.58369 765.53040
6494.24712 141.07905 4.64575 4.56715 765.54792
6493.59798 140.58577 4.62876 4.55118 765.18385
6493.24662 140.30218 4.61914 4.54200 764.63789
6492.35052 139.58159 4.59488 4.51867 763.38073
6492.24612 139.49661 4.59199 4.51592 763.27158
6491.24562 138.70438 4.56505 4.49028 761.71165
6491.09760 138.57741 4.56078 4.48617 761.67399
6490.24512 137.88711 4.53704 4.46382 760.81752
6489.83666 137.57322 4.52609 4.45366 760.07161
6489.24462 137.03780 4.50978 4.43632 759.42551
6488.75147 136.56904 4.49585 4.42115 759.14229
6488.24412 136.15295 4.48176 4.40768 758.60339
6487.50243 135.56485 4.46138 4.38864 757.77691
6487.24362 135.35406 4.45426 4.38182 757.52058
6486.24687 134.56067 4.42717 4.35613 756.25041
6486.24312 134.55747 4.42706 4.35603 756.24990
6485.24262 133.80900 4.40171 4.33180 754.27801
6484.90316 133.55649 4.39317 4.32362 754.34251
6484.24212 133.04344 4.37542 4.30702 754.05297
6483.63891 132.55230 4.35874 4.29112 753.36775
6483.24162 132.23512 4.34793 4.28085 752.96437
6482.33077 131.54812 4.32421 4.25861 751.11024
6482.24112 131.47656 4.32182 4.25629 751.01246
6481.24062 130.72422 4.29599 4.23194 748.97595
6481.02412 130.54393 4.28974 4.22610 748.92038
6480.24012 129.87716 4.26731 4.20451 748.93753
6479.81120 129.53975 4.25561 4.19359 748.48165
6479.23962 129.06569 4.23912 4.17824 748.46286
6478.58307 128.53556 4.22293 4.16108 746.77711
6478.23912 128.25870 4.21473 4.15212 745.70383
6477.36654 127.53138 4.19051 4.12857 745.01336
6477.23862 127.42268 4.18665 4.12505 745.08350
6476.23812 126.72749 4.16297 4.10255 743.71786
6475.98515 126.52720 4.15616 4.09606 743.79797
6475.23762 125.94222 4.13582 4.07713 742.78818
6474.70339 125.52301 4.12178 4.06356 742.24628
6474.23712 125.16825 4.10956 4.05207 741.50367
6473.38759 124.51883 4.08723 4.03105 740.21163
6473.23662 124.39314 4.08296 4.02698 740.22423
6472.23612 123.65088 4.05744 4.00295 738.23733
6472.05954 123.51464 4.05273 3.99854 738.00966
6471.23562 122.88742 4.03125 3.97823 736.76458
6470.75524 122.51046 4.01837 3.96603 736.30971
6470.23512 122.09718 4.00416 3.95265 735.97352
6469.47318 121.50628 3.98385 3.93352 735.13559
6469.23462 121.32145 3.97750 3.92754 734.87708
6468.23412 120.61444 3.95299 3.90465 732.05155
6468.08777 120.50209 3.94909 3.90101 731.84589
6467.23362 119.84921 3.92662 3.87988 732.28393
6466.75718 119.49791 3.91553 3.86851 731.49086
6466.23312 119.06917 3.90270 3.85463 729.96484
6465.53321 118.49372 3.88392 3.83600 729.48530
6465.23262 118.26796 3.87605 3.82869 729.18930
6464.23212 117.56051 3.85117 3.80579 726.62773
6464.14256 117.48954 3.84872 3.80349 726.57687
6463.23162 116.79433 3.82492 3.78098 725.51265
6462.82489 116.48536 3.81400 3.77098 725.01704
6462.23112 116.02155 3.79801 3.75597 724.61803
6461.47793 115.48117 3.77953 3.73847 722.94131
6461.23062 115.29660 3.77307 3.73250 722.56252
6460.23012 114.55002 3.74731 3.70833 721.12172
6460.13593 114.47699 3.74481 3.70596 721.05817
6459.22961 113.79974 3.72133 3.68404 719.71555
6458.73023 113.47280 3.70998 3.67346 719.15661
6458.22911 113.13575 3.69827 3.66254 718.46301
6457.34348 112.46862 3.67512 3.64095 717.16465
6457.22861 112.37941 3.67205 3.63806 717.10976
6456.22811 111.66781 3.64710 3.61502 715.04603
6455.95509 111.46444 3.63999 3.60844 714.73350
6455.22761 110.89040 3.62156 3.58985 713.34325
6454.71315 110.46025 3.60840 3.57593 712.45970
6454.22711 110.09165 3.59610 3.56400 711.57804
6453.27580 109.45607 3.57349 3.54342 708.70246
6453.22661 109.41894 3.57219 3.54222 708.65327
6452.22611 108.65999 3.54568 3.51765 707.75681
6451.94758 108.45188 3.53840 3.51091 707.43806
6451.22561 107.94479 3.52042 3.49450 705.77275
6450.57185 107.44770 3.50320 3.47840 705.21364
6450.22511 107.17057 3.49353 3.46943 705.29517
6449.22461 106.57869 3.47252 3.45027 702.11999
6449.03165 106.44351 3.46779 3.44590 701.88051
6448.22411 105.86241 3.44737 3.42708 700.17884
6447.65365 105.43933 3.43246 3.41339 699.60477
6447.22361 105.12249 3.42127 3.40313 699.05853
6446.26611 104.43515 3.39687 3.38088 697.33970
6446.22311 104.40272 3.39573 3.37983 697.31036
6445.22261 103.70932 3.37122 3.35738 694.81305
6444.81659 103.43096 3.36118 3.34837 693.67349
6444.22211 103.01108 3.34627 3.33478 692.36261
6443.44764 102.42678 3.32513 3.31586 692.21931
6443.22161 102.23404 3.31830 3.30962 692.70922
6442.22111 101.49618 3.29429 3.28574 689.45553
6442.12757 101.42259 3.29207 3.28335 689.06991
6441.22061 100.79691 3.27039 3.26310 686.70431
6440.66112 100.41841 3.25655 3.25085 686.92984
6440.22011 100.12314 3.24584 3.24129 685.61907
6439.21961 99.44192 3.22109 3.21923 682.55650
6439.18208 99.41423 3.22008 3.21834 682.52412
6438.21911 98.73420 3.19521 3.19632 680.61521
6437.77420 98.41004 3.18326 3.18583 680.06388
6437.21861 98.01389 3.16846 3.17300 679.09242
6436.32679 97.40586 3.14595 3.15332 676.57501
6436.21811 97.32566 3.14296 3.15072 676.48031
6435.21761 96.71225 3.11942 3.13087 671.24809
6434.79293 96.40167 3.10774 3.12081 670.75899
6434.21711 95.97035 3.09164 3.10685 670.45322
6433.34229 95.39749 3.06966 3.08830 667.18165
6433.21661 95.30708 3.06611 3.08538 666.97465
6432.21611 94.59099 3.03860 3.06219 665.34095
6431.89155 94.39331 3.03078 3.05579 664.69889
6431.21561 94.00063 3.01467 3.04308 662.04378
6430.29497 93.38912 2.99059 3.02329 657.77764
6430.21511 93.32401 2.98833 3.02118 657.63297
6429.21461 92.58303 2.96315 2.99719 653.43474
6428.95196 92.38494 2.95593 2.99078 653.26227
6428.21411 91.86382 2.93332 2.97391 651.98835
6427.50232 91.38075 2.91257 2.95827 649.55365
6427.21361 91.18660 2.90504 2.95198 648.45852
6426.21311 90.54708 2.87524 2.93128 643.29794
6425.98572 90.37657 2.86730 2.92576 643.13919
6425.21261 89.84104 2.84466 2.90842 640.73219
6424.47612 89.37238 2.82500 2.89325 636.55791
6424.21211 89.18334 2.81593 2.88713 635.71347
6423.21161 88.56609 2.78733 2.86715 631.73212
6422.90371 88.36820 2.77970 2.86074 631.01091
6422.21111 87.95167 2.76069 2.84726 625.32564
6421.30746 87.36402 2.73452 2.82824 619.99618
6421.21061 87.29825 2.73190 2.82611 619.52357
6420.21011 86.68927 2.70764 2.80639 611.17283
6419.74752 86.35983 2.69379 2.79573 609.34810
6419.20960 85.95305 2.67089 2.78256 608.35890
6418.27482 85.35565 2.63884 2.76322 600.63642
6418.20910 85.30728 2.63715 2.76165 600.38857
6417.20860 84.64206 2.60974 2.74012 593.41758
6416.79334 84.35146 2.58749 2.73071 590.54401
6416.20810 83.94174 2.54394 2.71745 584.16987
6415.37777 83.34728 2.49705 2.69820 575.49679
6415.20760 83.23088 2.49229 2.69443 573.77780
6414.20710 82.64725 2.47419 2.67554 562.23809
6413.68005 82.34310 2.44482 2.66569 556.30474
6413.20660 82.02481 2.40647 2.65539 550.71931
6412.26136 81.33891 2.37145 2.63318 541.56892
6412.20610 81.30280 2.36905 2.63202 540.79596
6411.20560 80.68056 2.31954 2.61187 524.55552
6410.74572 80.33473 2.28928 2.60068 519.79537
6410.20510 79.98913 2.26360 2.58949 510.75989
6409.31595 79.33054 2.21310 2.56817 498.84204
6409.20460 79.23713 2.20742 2.56514 497.74760
6408.20410 78.40919 2.19506 2.53834 484.28134
6408.10632 78.32636 2.19307 2.53566 482.83503
6407.20360 77.39627 2.16686 2.50555 473.26862
6407.13245 77.32218 2.16624 2.50315 472.39657
6406.20310 76.36242 2.15612 2.47208 459.32263
6406.15124 76.31799 2.15548 2.47064 458.47560
6405.20260 75.55442 2.15262 2.44592 443.61878
6404.87765 75.31381 2.15656 2.43813 436.46774
6404.20210 74.83187 2.16226 2.42253 422.49763
6403.31903 74.30962 2.16811 2.40563 406.23750
6403.20160 74.23408 2.16836 2.40318 404.38661
6402.20110 73.66314 2.18052 2.38470 388.27586
6401.57933 73.30544 2.18288 2.37312 379.41615
6401.20060 73.07042 2.17964 2.36551 374.70180
6400.20010 72.55492 2.19081 2.34882 361.28723
6399.78266 72.30126 2.19151 2.34061 356.74427
6399.19960 71.92569 2.18904 2.32845 351.03419
6398.19910 71.39080 2.19026 2.31113 340.10693
6398.05501 71.29707 2.19246 2.30810 338.86355
6397.19860 70.71122 2.19377 2.28913 331.82504
6396.49042 70.29289 2.18537 2.27559 326.37021
6396.19810 70.10173 2.18648 2.26940 324.66809
6395.19760 69.42479 2.18618 2.24749 317.11291
6395.01578 69.28870 2.18389 2.24308 315.90431
6394.19710 68.68954 2.17460 2.22369 310.35386
6393.61358 68.28452 2.17802 2.21057 306.19821
6393.19660 67.94536 2.17642 2.19960 303.75270
6392.33476 67.28033 2.15751 2.17807 298.39437
6392.19610 67.16189 2.15898 2.17423 297.67498
6391.19560 66.31877 2.14737 2.14694 291.81740
6391.14623 66.27615 2.14611 2.14556 291.49987
6390.19510 65.46053 2.14491 2.11915 285.79090
6389.98257 65.27197 2.13961 2.11305 284.71623
6389.19460 64.57089 2.11879 2.09035 280.71959
6388.83390 64.26778 2.11788 2.08054 278.64555
6388.19410 63.68150 2.10236 2.06156 275.77713
6387.67198 63.26360 2.09129 2.04803 273.55329
6387.19360 62.87887 2.08554 2.03558 271.00257
6386.46698 62.25941 2.07190 2.01552 267.03050
6386.19310 62.00941 2.06450 2.00743 265.68911
6385.35148 61.25523 2.04491 1.98302 261.44923
6385.19260 61.10722 2.04320 1.97822 260.68019
6384.19864 60.25105 2.01685 1.95051 255.57109
6384.19210 60.24516 2.01663 1.95032 255.53882
6383.19160 59.39748 2.00212 1.92287 250.41286
6383.02154 59.24686 1.99530 1.91800 249.57071
6382.19110 58.50978 1.97421 1.89414 245.54877
6381.87584 58.24268 1.97134 1.88549 243.97574
6381.19060 57.57725 1.94681 1.86395 240.58977
6380.83353 57.23849 1.94051 1.85298 238.80853
6380.19010 56.66965 1.92813 1.83457 235.76080
6379.70200 56.23431 1.91021 1.82047 233.40892
6379.18959 55.77095 1.89945 1.80547 231.06159
6378.53355 55.23013 1.88350 1.78796 228.45123
6378.18909 54.93153 1.87306 1.77830 226.96589
6377.43058 54.22594 1.85352 1.75546 223.41520
6377.18859 53.97897 1.84557 1.74746 222.35542
6376.42868 53.22176 1.81992 1.72295 218.96870
6376.18809 52.98125 1.81300 1.71516 217.88975
6375.47512 52.21757 1.78712 1.69044 214.76589
6375.18759 51.90659 1.77665 1.68037 213.49926
6374.51056 51.21339 1.75544 1.65793 210.46564
6374.18709 50.84590 1.74129 1.64603 209.04359
6373.58707 50.20921 1.72068 1.62542 206.35645
6373.18659 49.79668 1.70770 1.61207 204.54972
6372.56477 49.20502 1.68537 1.59291 201.71831
6372.18609 48.86244 1.67536 1.58182 199.99125
6371.37592 48.20084 1.65765 1.56041 196.26781
6371.18559 48.06693 1.65371 1.55607 195.38430
6370.18509 47.47882 1.63437 1.53703 191.27017
6369.74773 47.19665 1.62512 1.52790 189.55056
6369.18459 46.80530 1.61406 1.51523 187.11484
6368.33110 46.19247 1.59184 1.49539 183.54239
6368.18409 46.09377 1.58867 1.49219 182.93674
6367.18359 45.40788 1.56745 1.46999 178.87606
6366.89984 45.18828 1.55963 1.46288 177.73157
6366.18309 44.60841 1.53962 1.44411 174.85604
6365.68104 44.18410 1.52536 1.43037 172.84464
6365.18259 43.71546 1.50934 1.41520 170.82621
6364.58920 43.17992 1.49043 1.39786 168.45198
6364.18209 42.79728 1.47762 1.38548 166.81237
6363.51605 42.17573 1.45639 1.36535 164.14205
6363.18159 41.85786 1.44477 1.35506 162.79842
6362.48098 41.17155 1.42175 1.33285 159.92408
6362.18109 40.87321 1.41118 1.32319 158.72797
6361.28233 40.16736 1.38723 1.30034 155.64806
6361.18059 40.07644 1.38476 1.29739 155.27064
6360.20650 39.16318 1.35550 1.26783 151.47587
6360.18009 39.14388 1.35476 1.26720 151.38047
6359.17959 38.41664 1.33052 1.24366 147.79905
6358.84179 38.15900 1.32137 1.23532 146.59162
6358.17909 37.68214 1.30408 1.21988 144.28741
6357.41246 37.15481 1.28646 1.20281 141.69769
6357.17859 36.97454 1.28010 1.19698 140.87965
6356.17809 36.25788 1.25474 1.17378 137.53158
6356.02206 36.15063 1.25086 1.17030 137.02412
6355.17759 35.60159 1.23252 1.15253 134.36118
6354.53062 35.14644 1.21608 1.13780 132.28205
6354.17709 34.91431 1.20762 1.13028 131.19973
6353.17659 34.27537 1.18599 1.10960 128.19200
6352.96339 34.14226 1.18129 1.10529 127.58305
6352.17609 33.64361 1.16341 1.08914 125.42537
6351.41230 33.13808 1.14563 1.07278 123.17460
6351.17559 32.98583 1.14045 1.06785 122.49142
6350.17509 32.35998 1.11853 1.04759 119.70538
6349.81673 32.13389 1.11053 1.04027 118.71044
6349.17459 31.81938 1.09958 1.03009 117.16505
6348.17409 31.28589 1.08108 1.01282 114.71493
6347.91298 31.12971 1.07589 1.00776 114.06105
6347.17359 30.64719 1.06075 0.99214 112.23397
6346.34943 30.12552 1.04382 0.97525 110.17435
6346.17309 30.01449 1.03994 0.97166 109.72208
6345.17259 29.34210 1.01571 0.94989 107.02177
6344.85426 29.12134 1.00785 0.94275 106.16589
6344.17209 28.65164 0.99137 0.92754 104.33774
6343.38977 28.11715 0.97250 0.91024 102.30859
6343.17159 27.94226 0.96619 0.90457 101.68055
6342.17109 27.13730 0.93775 0.87852 98.71456
6342.13646 27.11297 0.93690 0.87773 98.62251
6341.17059 26.58714 0.91830 0.86071 96.52588
6340.17009 26.14101 0.90263 0.84626 94.67764
6340.09736 26.10879 0.90151 0.84522 94.54628
6339.16958 25.74209 0.88867 0.83335 93.02529
6338.16908 25.29617 0.87278 0.81891 91.25637
6337.80718 25.10460 0.86586 0.81271 90.53559
6337.16858 24.80805 0.85508 0.80311 89.40001
6336.16808 24.30588 0.83716 0.78685 87.52615
6335.80081 24.10042 0.82987 0.78020 86.77877
6335.16758 23.71737 0.81630 0.76780 85.41864
6334.16708 23.20649 0.79778 0.75126 83.56209
6333.97340 23.09623 0.79384 0.74769 83.16311
6333.16658 22.57407 0.77600 0.73079 81.38460
6332.33805 22.09205 0.76118 0.71519 79.87811
6332.16608 22.02900 0.75920 0.71314 79.67390
6331.16558 21.64610 0.74637 0.70075 78.36913
6330.16508 21.19233 0.72989 0.68606 76.75514
6329.95710 21.08787 0.72610 0.68268 76.38700
6329.16458 20.68520 0.71161 0.66964 74.99707
6328.16408 20.16408 0.69303 0.65277 73.21576
6328.01662 20.08368 0.69016 0.65017 72.93959
6327.16358 19.59348 0.67267 0.63430 71.26705
6326.16308 19.12403 0.65592 0.61910 69.66713
6326.06734 19.07950 0.65434 0.61766 69.51633
6325.16258 18.70520 0.64103 0.60554 68.26322
6324.16208 18.23639 0.62430 0.59037 66.68702
6323.83189 18.07531 0.61855 0.58515 66.14575
6323.16158 17.81187 0.60901 0.57662 65.26918
6322.16108 17.41007 0.59460 0.56362 63.94646
6321.43885 17.07113 0.58248 0.55264 62.81472
6321.16058 16.93229 0.57751 0.54815 62.35065
6320.16008 16.48750 0.56149 0.53375 60.87685
6319.18962 16.06695 0.54645 0.52014 59.48584
6319.15958 16.05376 0.54598 0.51971 59.44217
6318.15908 15.62750 0.53076 0.50591 58.03306
6317.15858 15.24887 0.51715 0.49365 56.78619
6316.67925 15.06276 0.51051 0.48763 56.16737
6316.15808 14.91923 0.50527 0.48298 55.73080
6315.15758 14.64450 0.49539 0.47409 54.88167
6314.15708 14.31321 0.48344 0.46336 53.82188
6313.52783 14.05858 0.47405 0.45512 52.96333
6313.15658 13.88940 0.46778 0.44964 52.38017
6312.15608 13.44398 0.45226 0.43522 50.92653
6311.30929 13.05439 0.44010 0.42261 49.77428
6311.15558 12.96236 0.43733 0.41963 49.50216
6310.15508 12.41830 0.41926 0.40202 47.74131
6309.40741 12.05021 0.40584 0.39010 46.43520
6309.15458 11.93944 0.40180 0.38652 46.04309
6308.15408 11.57569 0.38879 0.37474 44.79478
6307.15358 11.18028 0.37477 0.36194 43.44302
6306.76558 11.04603 0.37001 0.35759 42.98479
6306.15308 10.94018 0.36606 0.35417 42.67218
6305.15258 10.79227 0.36050 0.34938 42.26281
6304.15208 10.63555 0.35460 0.34430 41.81178
6303.15158 10.48351 0.34882 0.33938 41.37966
6302.15108 10.34411 0.34347 0.33487 40.98538
6301.15058 10.20052 0.33794 0.33022 40.57674
6300.15008 10.07352 0.33287 0.32611 40.22591
6299.91533 10.04184 0.33161 0.32508 40.13081
6299.14957 9.90573 0.32650 0.32068 39.68610
6298.14907 9.66386 0.31749 0.31285 38.85807
6297.14857 9.37618 0.30685 0.30353 37.82649
6296.14807 9.03943 0.29484 0.29263 36.58457
6296.14407 9.03766 0.29478 0.29258 36.57791
6295.14757 8.53529 0.27700 0.27631 34.64734
6294.26683 8.03347 0.25893 0.26007 32.68198
6294.14707 7.95913 0.25627 0.25766 32.39057
6293.14657 7.29062 0.23275 0.23602 29.74377
6292.80929 7.02929 0.22353 0.22756 28.69633
6292.14607 6.44763 0.20273 0.20873 26.34224
6291.65462 6.02510 0.18800 0.19505 24.64337
6291.14557 5.48867 0.16880 0.17768 22.41489
6290.69709 5.02092 0.15242 0.16254 20.51470
0.00000 0.00000 0.00000 0.00000 0.00000
