6589.75869 242.59070 8.00909 7.85339 791.96229
6589.76961 242.60017 8.00941 7.85370 791.98434
6588.84383 241.71251 7.97965 7.82496 791.01286
6588.80982 241.68246 7.97865 7.82399 790.94790
6587.93083 240.87968 7.95190 7.79800 789.53391
6587.74070 240.70961 7.94620 7.79249 789.19512
6586.89101 239.94615 7.92065 7.76778 787.71993
6586.46446 239.51992 7.90646 7.75398 787.39875
6585.79434 238.85447 7.88430 7.73244 786.85778
6585.46893 238.54424 7.87395 7.72239 786.47192
6584.75896 237.83614 7.85037 7.69947 785.91535
6584.40625 237.48178 7.83859 7.68800 785.69005
6583.71292 236.77323 7.81502 7.66506 785.29238
6583.46029 236.51054 7.80628 7.65656 785.14449
6582.79604 235.85895 7.78463 7.63546 785.01557
6582.50614 235.57673 7.77535 7.62633 785.15248
6581.86148 234.96364 7.75476 7.60648 784.75306
6581.47361 234.60280 7.74255 7.59480 784.15797
6580.83321 233.99530 7.72416 7.57513 782.77140
6580.36692 233.54264 7.71076 7.56048 781.74410
6579.88695 233.07351 7.69515 7.54529 781.28573
6579.49084 232.72605 7.68329 7.53404 780.58666
6578.93419 232.24681 7.66729 7.51853 779.38260
6578.22354 231.57755 7.64496 7.49686 778.45124
6577.86182 231.23147 7.63340 7.48566 778.03938
6577.17614 230.59070 7.61202 7.46491 777.09677
6576.80079 230.23408 7.60011 7.45337 776.64165
6576.01170 229.45606 7.57420 7.42818 775.97659
6575.62479 229.04190 7.56042 7.41477 775.98947
6575.03985 228.41106 7.53949 7.39435 776.06899
6574.87646 228.25910 7.53439 7.38943 775.83882
6574.15435 227.59314 7.51211 7.36787 774.66141
6573.77592 227.23188 7.50007 7.35618 774.43237
6573.01146 226.46780 7.47468 7.33144 775.00355
6572.81590 226.27282 7.46800 7.32513 774.96580
6572.05159 225.54227 7.44534 7.30148 773.37359
6571.88247 225.38178 7.44064 7.29628 772.94745
6571.01461 224.57837 7.41494 7.27028 771.33042
6570.99540 224.55171 7.41404 7.26941 771.40256
6570.02134 223.71276 7.38577 7.24225 769.38097
6569.82588 223.53511 7.37984 7.23650 769.05719
6568.83535 222.59062 7.34825 7.20593 767.93543
6568.81793 222.57328 7.34767 7.20536 767.92330
6567.87770 221.70043 7.31850 7.17711 766.60140
6567.75202 221.58038 7.31447 7.17322 766.46342
6566.88400 220.78234 7.28778 7.14739 765.16575
6566.40921 220.31688 7.27221 7.13232 764.78514
6565.59012 219.41532 7.24229 7.10313 765.02728
6565.64224 219.46529 7.24396 7.10475 765.07991
6564.80684 218.65560 7.21707 7.07854 765.26557
6564.70505 218.55705 7.21380 7.07535 765.33118
6563.88430 217.79914 7.18846 7.05081 764.22986
6563.58869 217.52170 7.17918 7.04183 763.83236
6562.83417 216.80506 7.15501 7.01863 763.09529
6562.49946 216.48383 7.14522 7.00823 762.40693
6561.88431 215.88651 7.12771 6.98889 761.01204
6561.68100 215.71812 7.12232 6.98344 760.42190
6560.97768 215.13447 7.10230 6.96455 758.82118
6560.32176 214.51965 7.08180 6.94464 757.98098
6559.84463 214.07180 7.06681 6.93015 757.38758
6559.21048 213.46745 7.04651 6.91058 756.70309
6558.81295 213.07379 7.03340 6.89784 756.43221
6558.19076 212.48548 7.01375 6.87879 755.71068
6557.81361 212.11899 7.00147 6.86693 755.38167
6557.14704 211.48108 6.98019 6.84628 754.74604
6556.75363 211.10477 6.96761 6.83409 754.27853
6556.04193 210.38287 6.94351 6.81072 754.23032
6555.84395 210.18409 6.93690 6.80429 754.47199
6555.12669 209.52049 6.91481 6.78281 754.24595
6554.87661 209.28547 6.90702 6.77520 753.88899
6554.05627 208.52636 6.88120 6.75062 752.86000
6553.86866 208.35434 6.87544 6.74506 752.59786
6552.95240 207.49705 6.84991 6.71730 750.33218
6553.06226 207.58818 6.85258 6.72025 750.73419
6552.06429 206.76077 6.82543 6.69347 748.06451
6551.76314 206.48797 6.81615 6.68464 747.64875
6550.85849 205.63806 6.78775 6.65712 746.56098
6550.76196 205.54887 6.78475 6.65423 746.43460
6549.90692 204.77819 6.75893 6.62928 745.08947
6549.59952 204.48797 6.74922 6.61989 744.74998
6548.86909 203.80772 6.72639 6.59787 743.86910
6548.50104 203.46509 6.71489 6.58678 743.41175
6547.84751 202.84162 6.69400 6.56659 742.69021
6547.38742 202.41543 6.67981 6.55279 742.62124
6546.71304 201.73903 6.65729 6.53090 743.21754
6546.43160 201.44332 6.64745 6.52132 743.25709
6545.88862 200.95547 6.63102 6.50553 742.30323
6545.32637 200.42558 6.61335 6.48838 741.72729
6544.88432 199.99069 6.59885 6.47430 741.44513
6544.41826 199.58669 6.58508 6.46122 740.60653
6543.98216 199.20781 6.57217 6.44895 739.84452
6543.25986 198.57367 6.55290 6.42843 737.78865
6542.90908 198.26715 6.54382 6.41850 736.68158
6542.04935 197.47368 6.51741 6.39282 735.52288
6541.91593 197.34598 6.51309 6.38868 735.42376
6540.99301 196.51728 6.48533 6.36185 733.98149
6540.90764 196.43708 6.48264 6.35926 733.89237
6539.91129 195.53336 6.45229 6.33000 732.47275
6539.84989 195.47689 6.45039 6.32817 732.39916
6538.88201 194.58551 6.42048 6.29932 731.10167
6538.61413 194.33213 6.41199 6.29111 730.87145
6537.72254 193.43274 6.38208 6.26200 731.98158
6537.75808 193.46342 6.38311 6.26299 732.00760
6536.88907 192.66905 6.35643 6.23728 730.92962
6536.68938 192.48247 6.35015 6.23123 730.71873
6535.91203 191.77881 6.32648 6.20846 729.65513
6535.60814 191.50255 6.31726 6.19951 729.23102
6534.98131 190.94239 6.29818 6.18138 728.38987
6534.59015 190.61325 6.28709 6.17072 727.54428
6534.01482 190.13482 6.27261 6.15523 725.58810
6533.29070 189.49842 6.25325 6.13463 723.57587
6532.86906 189.10915 6.23999 6.12203 723.17736
6532.14476 188.43717 6.21722 6.10028 722.44190
6531.88606 188.19808 6.20925 6.09254 722.13980
6531.07511 187.45514 6.18430 6.06849 721.19541
6530.98563 187.37240 6.18152 6.06581 721.09696
6530.02464 186.54343 6.15363 6.03897 719.25455
6529.88267 186.41552 6.14936 6.03483 719.23622
6528.88123 185.49537 6.11851 6.00504 719.32037
6528.67211 185.29640 6.11183 5.99860 719.11664
6527.72877 184.35108 6.08024 5.96800 719.00334
6527.87207 184.48415 6.08471 5.97231 719.13206
6526.97803 183.69191 6.05799 5.94666 717.79733
6526.93233 183.65818 6.05684 5.94557 717.64181
6526.06900 182.97196 6.03371 5.92335 715.30766
6525.44238 182.41184 6.01461 5.90522 714.54609
6524.87425 181.87453 5.99716 5.88782 713.90414
6524.43876 181.48478 5.98571 5.87521 712.62113
6523.94544 181.05390 5.97253 5.86126 711.29111
6523.28481 180.46097 5.95239 5.84206 710.47854
6522.94950 180.16187 5.94229 5.83238 710.03206
6522.16389 179.46908 5.91904 5.80995 708.81640
6521.88969 179.21910 5.91058 5.80186 708.53860
6521.00880 178.41415 5.88354 5.77580 707.46670
6520.98691 178.38915 5.88271 5.77499 707.51179
6520.00148 177.54334 5.85428 5.74761 707.13677
6519.97461 177.51864 5.85346 5.74681 707.13071
6518.98819 176.67394 5.82496 5.71947 705.32833
6518.54206 176.26220 5.81111 5.70614 704.95509
6517.73638 175.44425 5.78376 5.67966 705.21412
6517.86736 175.56350 5.78778 5.68352 705.35469
6517.08220 174.92753 5.76621 5.66293 703.48446
6516.62766 174.54268 5.75317 5.65047 702.64099
6516.01686 174.03432 5.73610 5.63401 701.35203
6515.35849 173.46065 5.71667 5.61544 700.37981
6514.96784 173.11198 5.70468 5.60415 700.00271
6514.22342 172.46815 5.68455 5.58331 698.09512
6513.99729 172.26378 5.67853 5.57670 697.48153
6513.10377 171.50477 5.65408 5.55212 695.38990
6512.99446 171.40940 5.65081 5.54904 695.23526
6511.99374 170.54848 5.62166 5.52117 694.07987
6511.90269 170.46856 5.61898 5.51858 694.11893
6510.97128 169.65996 5.59179 5.49240 693.48409
6510.76928 169.48024 5.58570 5.48658 693.16333
6510.01168 168.83424 5.56388 5.46567 691.87916
6509.47305 168.37026 5.54821 5.45065 691.03513
6508.86708 167.78839 5.52864 5.43181 690.89479
6508.56156 167.52163 5.51966 5.42318 690.46803
6508.01641 167.08653 5.50489 5.40909 689.13778
6507.25065 166.40505 5.48190 5.38703 688.26324
6507.03510 166.20813 5.47527 5.38066 688.09233
6506.20551 165.52788 5.45230 5.35863 686.31698
6505.95356 165.31162 5.44506 5.35163 685.91663
6504.94858 164.42610 5.41484 5.32297 684.79492
6504.97129 164.44591 5.41549 5.32361 684.83419
6503.98133 163.58697 5.38968 5.29580 682.04840
6503.90868 163.52419 5.38776 5.29377 681.85038
6503.06505 162.83393 5.36448 5.27142 680.05813
6502.62531 162.46113 5.35184 5.25935 680.14939
6501.97770 161.90480 5.33321 5.24134 679.81672
6501.41037 161.40795 5.31641 5.22526 678.97515
6500.95973 161.00779 5.30291 5.21231 678.52771
6500.30129 160.43747 5.28366 5.19384 677.63703
6500.27638 160.39952 5.28240 5.19261 677.84057
6499.35909 159.75597 5.26045 5.17178 674.44709
6498.84370 159.33780 5.24628 5.15824 673.34013
6497.87432 158.44990 5.21628 5.12950 672.76207
6497.76537 158.35047 5.21295 5.12628 672.69498
6496.90628 157.57329 5.18671 5.10112 672.08055
6496.79361 157.47227 5.18332 5.09785 671.97860
6496.04853 156.85839 5.16251 5.07798 670.57358
6495.58823 156.46769 5.14934 5.06533 669.90384
6495.02898 156.00370 5.13361 5.05031 668.75993
6494.32415 155.40262 5.11304 5.03085 668.49263
6494.03223 155.13567 5.10423 5.02221 668.80434
6493.24197 154.49393 5.08515 5.00143 666.40722
6493.08968 154.36319 5.08124 4.99720 665.89302
6492.10161 153.56470 5.05429 4.97135 663.78317
6492.07410 153.54077 5.05348 4.97058 663.75773
6491.13535 152.79859 5.02829 4.94655 661.54681
6490.78787 152.51801 5.01878 4.93747 660.84294
6490.11257 151.97744 5.00044 4.91997 659.38874
6489.50652 151.48704 4.98377 4.90409 658.17292
6489.03802 151.09926 4.97066 4.89154 657.36556
6488.20699 150.39974 4.94693 4.86889 656.12778
6487.82056 150.04527 4.93498 4.85742 656.01019
6486.99827 149.26966 4.90880 4.83231 656.08441
6487.19046 149.43144 4.91426 4.83754 656.36556
6486.19782 148.67833 4.88862 4.81316 653.69053
6485.88975 148.42540 4.88003 4.80498 653.05653
6485.03278 147.70285 4.85566 4.78158 652.59864
6484.74837 147.46855 4.84778 4.77400 652.64488
6484.06615 146.91262 4.82866 4.75600 651.84783
6483.51843 146.45626 4.81385 4.74123 650.59354
6483.15654 146.16303 4.80528 4.73174 649.22559
6482.32850 145.52421 4.78521 4.71106 646.35381
6482.22791 145.43366 4.78204 4.70812 646.36579
6481.23131 144.69598 4.75663 4.68424 643.52098
6480.86065 144.39132 4.74633 4.67438 642.88430
6480.03472 143.68760 4.72247 4.65160 641.92040
6479.80563 143.50702 4.71634 4.64575 641.43059
6479.13528 142.98053 4.69842 4.62871 639.93891
6478.51652 142.48521 4.68158 4.61267 638.71245
6478.12397 142.17336 4.67098 4.60258 637.92984
6477.20124 141.43604 4.64589 4.57871 635.95586
6476.88530 141.14875 4.63618 4.56941 636.05935
6475.93524 140.29795 4.60751 4.54187 637.38899
6476.14124 140.47186 4.61340 4.54750 637.44475
6475.14139 139.68292 4.58657 4.52196 635.36103
6474.90280 139.49439 4.58015 4.51585 634.89479
6474.17195 138.92006 4.56058 4.49726 633.39004
6473.64681 138.51915 4.54698 4.48428 632.01515
6473.24192 138.20175 4.53611 4.47401 631.15814
6472.39038 137.57922 4.51459 4.45385 628.74867
6472.14113 137.38615 4.50832 4.44760 628.01484
6471.12581 136.58500 4.48427 4.42167 624.24895
6470.95694 136.44472 4.47964 4.41712 623.96037
6470.10949 135.76570 4.45620 4.39514 622.55141
6469.74175 135.47059 4.44613 4.38559 621.87367
6469.14649 135.00458 4.43038 4.37050 620.60377
6468.42813 134.43774 4.41099 4.35215 619.18516
6468.14476 134.19767 4.40279 4.34438 618.78125
6467.23443 133.49913 4.37906 4.32177 617.64037
6467.09137 133.38392 4.37517 4.31804 617.72014
6466.08431 132.57087 4.34746 4.29172 616.40847
6465.91215 132.42712 4.34256 4.28706 616.20914
6465.11829 131.79147 4.32085 4.26649 614.89479
6464.73074 131.48527 4.31040 4.25657 614.15512
6464.24316 131.11372 4.29769 4.24454 612.98577
6463.45521 130.53433 4.27784 4.22579 610.74269
6463.19405 130.33032 4.27089 4.21918 610.20418
6462.19490 129.57011 4.24482 4.19457 607.81175
6462.14380 129.52664 4.24330 4.19317 607.79544
6461.20093 128.82661 4.21960 4.17050 605.07429
6460.68046 128.40894 4.20719 4.15698 603.19993
6460.19562 128.01506 4.19507 4.14423 601.79540
6459.50770 127.51470 4.17785 4.12803 599.53954
6459.20071 127.26898 4.16933 4.12008 599.27122
6458.22593 126.53807 4.14443 4.09642 598.51964
6458.13570 126.46788 4.14204 4.09414 598.33550
6457.17414 125.72640 4.11661 4.07014 596.08761
6456.86923 125.48966 4.10849 4.06248 595.49312
6456.40449 125.13533 4.09630 4.05101 594.41782
6455.71510 124.70411 4.08135 4.03705 591.05112
6455.17624 124.32455 4.06829 4.02476 589.22416
6454.13895 123.51094 4.04040 3.99842 587.25789
6453.91729 123.33237 4.03429 3.99264 586.92984
6453.01295 122.57171 4.00820 3.96801 586.21147
6452.90543 122.47502 4.00489 3.96488 586.24786
6452.29419 122.03146 3.98965 3.95052 584.40759
6451.58770 121.52186 3.97202 3.93403 582.25479
6451.22661 121.24846 3.96261 3.92518 581.41033
6450.23321 120.50610 3.93712 3.90114 578.63694
6450.23474 120.50702 3.93715 3.90117 578.64464
6449.23409 119.76804 3.91155 3.87725 577.86408
6448.83701 119.46295 3.90213 3.86737 576.57228
6448.20539 118.98694 3.88779 3.85196 573.54824
6447.50743 118.45519 3.86995 3.83475 571.72942
6447.49665 118.43038 3.86910 3.83395 572.04476
6446.52484 117.83131 3.84790 3.81455 567.20294
6445.96325 117.42304 3.83387 3.80134 565.48397
6445.21824 116.84208 3.81375 3.78253 564.04732
6444.77715 116.52989 3.80289 3.77242 562.57312
6444.24580 116.14455 3.78952 3.75995 560.96878
6443.32043 115.45029 3.76545 3.73747 558.64006
6443.23075 115.37598 3.76288 3.73507 558.54275
6442.20488 114.61697 3.73655 3.71050 555.75507
6441.93578 114.39495 3.72883 3.70331 555.35665
6441.23031 113.85198 3.71000 3.68573 554.51466
6440.72648 113.49323 3.69757 3.67412 554.08300
6440.24824 113.13466 3.68507 3.66251 553.04302
6439.35582 112.47947 3.66228 3.64130 550.33856
6439.51725 112.58465 3.66595 3.64470 551.07803
6438.47731 111.92618 3.64274 3.62339 545.89495
6437.87466 111.50096 3.62761 3.60962 543.96128
6437.34193 111.11183 3.61457 3.59702 542.01168
6436.50381 110.53638 3.59685 3.57839 537.02128
6436.28548 110.36981 3.59155 3.57300 536.19271
6435.28397 109.65304 3.56621 3.54980 532.92113
6435.02161 109.45295 3.55913 3.54332 532.34186
6434.32383 108.93872 3.54107 3.52667 530.25582
6433.75014 108.55097 3.52742 3.51412 527.82175
6433.38438 108.29127 3.51815 3.50571 526.56154
6432.39530 107.61897 3.49425 3.48395 522.25877
6432.25081 107.51545 3.49060 3.48060 521.96149
6431.33055 106.86788 3.46770 3.45963 520.50544
6430.70115 106.41678 3.45161 3.44503 518.09160
6430.14703 105.97653 3.43600 3.43078 517.14747
6429.41100 105.41337 3.41588 3.41255 515.38007
6429.53727 105.49632 3.41887 3.41523 515.98817
6428.50517 104.85792 3.39578 3.39457 510.04867
6427.96490 104.47419 3.38198 3.38214 508.04434
6427.36489 104.04304 3.36645 3.36819 505.88063
6426.60507 103.53169 3.34787 3.35163 502.37090
6426.40141 103.37921 3.34239 3.34670 501.75867
6425.43099 102.73257 3.31880 3.32576 497.01242
6425.15506 102.54415 3.31173 3.31966 495.89725
6424.34339 101.99226 3.29157 3.30180 491.90565
6423.59187 101.44789 3.27419 3.28417 487.93779
6423.39521 101.29995 3.26940 3.27938 487.51232
6422.42028 100.65130 3.24586 3.25838 483.33514
6422.22125 100.50910 3.24049 3.25378 482.47642
6421.45644 99.98125 3.22077 3.23669 478.98863
6420.87610 99.62115 3.20730 3.22504 475.24019
6420.47677 99.36106 3.19745 3.21662 473.01509
6419.45104 98.69054 3.17211 3.19491 467.16019
6419.18529 98.50492 3.16506 3.18890 465.86808
6418.31926 97.90828 3.14248 3.16958 461.55248
6417.60028 97.37906 3.12234 3.15245 458.64412
6417.36075 97.18210 3.11483 3.14608 458.15594
6416.45207 96.58627 3.09196 3.12679 452.63946
6416.33280 96.50287 3.08876 3.12409 452.02044
6415.36345 95.83763 3.06315 3.10255 446.73187
6414.87053 95.49076 3.04968 3.09132 443.99303
6414.36850 95.14831 3.03649 3.08024 441.84325
6413.40349 94.47819 3.01076 3.05854 438.18947
6413.55809 94.57571 3.01457 3.06170 439.27084
6412.55384 93.95458 2.99017 3.04159 431.76825
6411.95084 93.56848 2.97540 3.02909 427.41200
6411.52665 93.28945 2.96571 3.02006 423.88823
6410.54377 92.67511 2.94557 3.00017 414.64486
6410.48256 92.63211 2.94402 2.99878 414.24243
6409.49446 92.03127 2.92209 2.97933 406.17421
6408.68982 91.47333 2.90161 2.96127 400.91771
6408.71399 91.47188 2.90149 2.96122 401.46064
6407.69333 90.92107 2.88296 2.94339 391.49606
6406.95113 90.42081 2.86640 2.92719 386.13743
6406.33997 89.97716 2.85221 2.91283 382.06553
6405.59519 89.47332 2.83621 2.89652 378.09175
6405.52702 89.41290 2.83421 2.89456 378.05328
6404.50789 88.78830 2.81670 2.87434 369.56211
6403.98861 88.42053 2.80793 2.86244 365.96497
6403.39576 88.00028 2.79878 2.84883 361.75496
6402.67956 87.53313 2.78049 2.83371 355.76193
6402.69404 87.53431 2.78054 2.83375 356.02427
6401.67104 86.95628 2.75321 2.81504 346.06997
6400.89965 86.46683 2.72808 2.79919 339.58145
6400.18229 85.94366 2.69970 2.78225 334.59712
6399.38462 85.32607 2.66813 2.76226 329.36556
6399.57240 85.45438 2.67464 2.76641 330.79624
6398.49591 84.80191 2.64196 2.74529 321.52299
6398.03956 84.46742 2.62131 2.73446 318.41114
6397.34608 84.02068 2.59823 2.72000 312.32456
6396.39597 83.32038 2.59236 2.69733 306.20765
6395.98729 82.99116 2.57950 2.68667 304.60357
6394.98116 82.14259 2.52735 2.65920 299.14962
6394.59475 81.77798 2.51367 2.64740 297.58600
6393.64027 80.78584 2.53654 2.61528 294.39805
6393.88273 81.01334 2.53456 2.62265 295.44569
6392.89548 80.14750 2.46091 2.59461 290.79914
6392.75832 80.02347 2.43693 2.59060 290.20125
6391.91158 79.25563 2.33290 2.56574 286.67905
6392.12243 79.42809 2.34432 2.57133 287.72527
6391.57385 79.05274 2.33333 2.55917 284.46728
6390.84448 78.64565 2.34259 2.54600 279.75870
6390.71396 78.56176 2.34428 2.54328 279.05035
6389.73677 78.01194 2.34750 2.52548 273.57561
6389.05596 77.62465 2.34821 2.51294 270.26990
6388.82853 77.47933 2.34830 2.50824 269.34165
6387.83208 76.97030 2.34973 2.49176 265.15854
6387.13204 76.55954 2.34772 2.47846 262.70002
6386.69568 76.27898 2.34616 2.46938 261.17767
6385.78280 75.78215 2.34574 2.45330 257.54336
6385.37498 75.54529 2.34539 2.44563 255.85964
6384.49064 74.98745 2.34359 2.42757 252.58729
6383.65687 74.44065 2.33958 2.40987 249.93776
6383.35968 74.22719 2.33741 2.40296 249.09390
6382.35906 73.54835 2.33125 2.38098 246.00081
6382.04441 73.31968 2.32892 2.37358 245.10860
6381.29210 72.76759 2.32254 2.35571 242.92019
6380.63212 72.31410 2.31771 2.34102 240.86816
6380.09707 71.88686 2.31182 2.32719 239.46875
6379.22607 71.20983 2.30243 2.30528 237.06233
6378.96934 70.99598 2.29876 2.29835 236.54108
6377.97018 70.15531 2.28447 2.27114 234.40812
6377.87744 70.07643 2.28315 2.26858 234.14575
6376.92774 69.26416 2.26864 2.24229 231.64576
6376.64961 69.01877 2.26413 2.23434 230.94017
6375.97680 68.42220 2.25255 2.21503 229.22300
6375.66079 68.18908 2.24821 2.20749 228.25481
6374.96383 67.62020 2.23701 2.18907 226.29199
6374.26239 67.01024 2.22359 2.16932 224.48442
6373.88328 66.66700 2.21605 2.15821 223.51820
6373.14720 66.02765 2.20387 2.13751 221.29588
6372.92739 65.83327 2.20003 2.13122 220.65051
6372.00788 65.04772 2.18136 2.10579 218.15661
6371.92072 64.96835 2.17937 2.10322 217.93896
6370.93187 64.11904 2.15842 2.07573 215.23715
6370.84329 64.04425 2.15652 2.07330 215.00040
6369.91843 63.24868 2.13542 2.04755 212.98240
6369.64112 63.00581 2.12900 2.03969 212.31113
6368.90076 62.35624 2.11149 2.01866 210.25986
6368.38038 61.90346 2.09904 2.00400 208.87544
6367.78129 61.31836 2.08254 1.98506 207.38700
6367.48217 61.06052 2.07518 1.97671 206.56769
6366.96391 60.63656 2.06306 1.96299 205.10226
6366.23979 60.01340 2.04501 1.94281 203.10363
6365.80769 59.63302 2.03373 1.93050 201.92570
6364.97971 58.86106 2.01050 1.90551 199.71452
6364.74299 58.62599 2.00314 1.89790 199.11204
6363.91615 57.85216 1.98033 1.87285 196.79574
6363.64701 57.58316 1.97315 1.86414 196.02213
6362.82039 56.75819 1.94820 1.83743 193.74949
6362.53740 56.47052 1.93884 1.82812 192.96407
6361.74861 55.61991 1.91146 1.80058 191.09505
6361.58186 55.44038 1.90558 1.79477 190.73069
6360.80513 54.64138 1.87937 1.76891 188.66122
6360.51603 54.30892 1.86842 1.75814 187.85975
6359.92611 53.69188 1.84799 1.73817 186.19168
6359.72068 53.48690 1.84109 1.73153 185.60771
6359.07254 52.87651 1.82064 1.71177 183.69399
6359.20725 52.97285 1.82386 1.71489 184.10847
6358.29333 52.33562 1.80254 1.69426 181.32728
6358.31562 52.34227 1.80276 1.69448 181.39799
6357.41093 51.73984 1.78247 1.67497 178.69497
6356.78623 51.32469 1.76850 1.66153 176.88768
6356.25337 50.94721 1.75583 1.64931 175.34150
6355.27924 50.23902 1.73197 1.62639 172.58117
6355.33481 50.27897 1.73330 1.62768 172.73827
6354.26809 49.54040 1.70823 1.60377 169.77929
6353.67232 49.07940 1.69231 1.58885 168.13468
6352.98117 48.51190 1.67500 1.57048 166.21972
6352.28068 47.91921 1.65692 1.55129 164.50437
6351.76632 47.43266 1.64006 1.53554 163.06045
6351.12705 46.84456 1.61980 1.51650 161.22365
6350.74526 46.48471 1.60750 1.50485 160.13486
6350.01818 45.79822 1.58382 1.48263 158.03287
6349.83952 45.61999 1.57771 1.47686 157.50571
6349.05335 44.93597 1.55398 1.45471 155.27340
6348.83443 44.74126 1.54720 1.44841 154.64733
6347.87223 43.87536 1.51717 1.42038 151.88708
6347.76522 43.77332 1.51362 1.41707 151.57296
6346.77262 42.85052 1.48149 1.38720 148.66899
6347.20631 43.20580 1.49384 1.39870 149.88075
6346.21647 42.48964 1.46877 1.37552 147.24839
6345.80996 42.18114 1.45789 1.36553 146.15399
6345.30695 41.81601 1.44511 1.35371 144.83742
6344.48838 41.25807 1.42558 1.33565 142.76335
6344.21302 41.05234 1.41826 1.32899 142.03410
6343.24573 40.34681 1.39371 1.30615 139.65349
6343.21786 40.32798 1.39310 1.30554 139.59201
6342.36484 39.77247 1.37617 1.28755 137.67623
6341.62292 39.24565 1.35854 1.27050 135.86549
6341.60092 39.22475 1.35778 1.26982 135.80036
6340.59349 38.64251 1.33679 1.25097 133.54838
6340.00196 38.25026 1.32299 1.23828 132.16513
6339.37064 37.80639 1.30744 1.22391 130.64398
6338.63934 37.32853 1.29051 1.20844 128.96043
6338.49897 37.23938 1.28735 1.20555 128.64482
6337.50480 36.61188 1.26519 1.18524 126.44425
6337.39109 36.52885 1.26226 1.18255 126.16886
6336.89719 36.29252 1.25382 1.17490 125.25401
6335.78736 35.71068 1.23310 1.15606 123.12025
6335.15707 35.33561 1.21981 1.14392 121.83394
6334.43833 34.85997 1.20307 1.12852 120.30744
6333.61742 34.33205 1.18446 1.11143 118.54468
6333.42638 34.20964 1.18012 1.10747 118.13600
6332.44200 33.56153 1.15724 1.08649 116.00336
6332.13113 33.36633 1.15032 1.08017 115.35798
6331.29940 32.84294 1.13179 1.06322 113.62905
6330.25231 32.05077 1.10391 1.03758 111.12540
6329.99847 31.83020 1.09604 1.03044 110.42788
6329.04315 31.06142 1.06958 1.00555 108.04644
6329.65787 31.47319 1.08333 1.01888 109.31982
6328.94704 31.07598 1.06994 1.00602 108.05219
6328.14472 30.72612 1.05892 0.99470 106.96491
6328.24266 30.76501 1.06013 0.99596 107.08479
6327.22370 30.36891 1.04735 0.98313 105.84217
6326.02122 29.82580 1.02806 0.96555 104.08131
6325.55857 29.58363 1.01923 0.95771 103.29211
6325.06427 29.34982 1.01087 0.95014 102.54784
6323.97440 28.85174 0.99309 0.93402 100.96530
6323.18749 28.42199 0.97778 0.92011 99.61372
6322.66329 28.10456 0.96651 0.90983 98.62544
6321.71225 27.57024 0.94751 0.89253 96.95802
6321.33052 27.35104 0.93971 0.88544 96.27724
6320.54350 26.85377 0.92209 0.86934 94.72685
6319.86897 26.44850 0.90769 0.85622 93.47478
6320.42204 26.71829 0.91735 0.86495 94.30249
6319.24416 26.27905 0.90144 0.85073 92.96843
6318.03836 25.72760 0.88167 0.83288 91.29422
6317.67192 25.54497 0.87514 0.82697 90.73932
6316.86985 25.13636 0.86062 0.81374 89.47650
6315.85269 24.60786 0.84176 0.79663 87.86243
6315.60623 24.47858 0.83714 0.79245 87.46449
6314.87388 24.07629 0.82284 0.77942 86.23858
6313.97791 23.64200 0.80738 0.76536 84.92761
6314.06858 23.68090 0.80878 0.76662 85.04404
6313.12396 23.28474 0.79436 0.75380 83.86040
6312.01350 22.76513 0.77567 0.73698 82.28875
6311.83622 22.67123 0.77255 0.73394 82.02123
6311.30754 22.46480 0.76597 0.72725 81.49827
6310.18921 22.01574 0.75185 0.71272 80.38486
6309.26931 21.59061 0.73735 0.69895 79.18702
6309.08898 21.49831 0.73399 0.69596 78.89349
6308.14829 21.08199 0.71879 0.68249 77.58894
6307.16630 20.65622 0.70351 0.66870 76.32621
6307.35499 20.73349 0.70627 0.67121 76.54998
6306.29717 20.32602 0.69163 0.65801 75.37961
6305.26015 19.89588 0.67614 0.64409 74.09937
6305.02678 19.79650 0.67256 0.64087 73.80113
6304.82808 19.74924 0.67080 0.63934 73.68456
6303.71777 19.44460 0.65959 0.62948 72.88621
6302.48062 19.04092 0.64492 0.61641 71.75642
6301.54737 18.67358 0.63169 0.60452 70.65828
6301.09788 18.47022 0.62441 0.59794 70.02812
6300.06897 18.00965 0.60792 0.58303 68.59537
6299.08753 17.54790 0.59150 0.56808 67.09824
6298.72631 17.34853 0.58441 0.56162 66.43747
6297.92133 16.90359 0.56860 0.54722 64.96004
6297.30575 16.63863 0.55910 0.53864 64.11622
6297.27470 16.62981 0.55877 0.53836 64.09110
6296.27277 16.22238 0.54411 0.52517 62.80514
6295.35723 15.85263 0.53079 0.51320 61.61643
6295.58335 15.91104 0.53294 0.51509 61.78144
6295.39475 15.89015 0.53211 0.51441 61.75298
6294.40358 15.74808 0.52659 0.50981 61.47788
6293.38971 15.58844 0.52046 0.50464 61.13554
6292.42497 15.44477 0.51493 0.49999 60.83427
6291.46289 15.30740 0.50963 0.49555 60.56146
6290.50561 15.17999 0.50478 0.49142 60.28429
6289.49732 15.05392 0.49989 0.48734 60.06281
6288.91133 14.96696 0.49661 0.48453 59.86740
6288.01844 14.79245 0.49021 0.47888 59.40821
6286.84544 14.49359 0.47946 0.46920 58.49241
6285.65141 14.15489 0.46718 0.45824 57.37823
6284.51894 13.76837 0.45319 0.44572 56.01566
6283.90317 13.51000 0.44428 0.43736 55.10371
6282.79026 12.95147 0.42712 0.41928 53.29399
6281.76059 12.36663 0.40786 0.40034 51.16796
6281.37264 12.12631 0.39936 0.39256 50.20572
6280.28496 11.39616 0.37365 0.36893 47.30525
6279.58774 10.86070 0.35495 0.35159 45.16193
6278.92930 10.28568 0.33486 0.33298 42.83053
6278.30330 9.78245 0.31723 0.31669 40.79660
6277.51184 9.01505 0.29038 0.29184 37.65615
6276.90517 8.33369 0.26658 0.26979 34.83641
0.00000 0.00000 0.00000 0.00000 0.00000
