6175.58702 10.04184 0.24638 0.32508 113.37048
6176.08804 10.09574 0.24854 0.32683 113.62389
6177.08854 10.21263 0.25339 0.33061 114.11537
6178.08904 10.32772 0.25830 0.33434 114.56731
6179.08954 10.43386 0.26305 0.33778 114.88068
6180.09005 10.53224 0.26758 0.34096 115.07927
6181.09055 10.62722 0.27203 0.34404 115.20416
6182.09105 10.72928 0.27671 0.34734 115.40356
6183.09155 10.82694 0.28119 0.35050 115.52269
6184.09205 10.95846 0.28672 0.35476 116.01219
6184.77960 11.04603 0.29030 0.35759 116.36453
6185.09255 11.09116 0.29208 0.35905 116.61038
6186.09305 11.22911 0.29769 0.36352 117.14181
6187.09355 11.35160 0.30283 0.36749 117.45055
6188.09405 11.47753 0.30822 0.37156 117.76738
6189.09455 11.61274 0.31394 0.37594 118.16834
6190.09505 11.75533 0.32003 0.38056 118.65024
6191.09555 11.90806 0.32649 0.38550 119.21900
6191.93866 12.05021 0.33257 0.39010 119.86823
6192.09605 12.07624 0.33369 0.39094 119.97799
6193.09655 12.22759 0.34037 0.39584 120.55641
6194.09705 12.35377 0.34572 0.39993 120.85692
6195.09755 12.49138 0.35139 0.40438 121.10322
6196.09805 12.64242 0.35740 0.40927 121.48259
6197.09855 12.79163 0.36302 0.41410 121.68371
6198.09905 12.95489 0.36903 0.41939 121.95784
6198.64388 13.05439 0.37261 0.42261 122.16357
6199.09955 13.13717 0.37564 0.42529 122.32943
6200.10005 13.32061 0.38234 0.43123 122.70510
6201.10055 13.49261 0.38895 0.43680 123.02647
6202.10105 13.64048 0.39502 0.44158 123.14397
6203.10155 13.79528 0.40119 0.44659 123.51486
6204.10205 13.98817 0.40908 0.45284 124.22516
6204.41357 14.05858 0.41182 0.45512 124.54955
6205.10255 14.20102 0.41745 0.45973 125.11567
6206.10305 14.36630 0.42422 0.46508 125.42047
6207.10355 14.54248 0.43141 0.47078 125.79541
6208.10405 14.70343 0.43821 0.47599 125.97986
6209.10455 14.88489 0.44565 0.48187 126.34802
6209.98042 15.06276 0.45282 0.48763 126.84982
6210.10505 15.08863 0.45387 0.48846 126.92041
6211.10555 15.27239 0.46114 0.49441 127.38151
6212.10605 15.45945 0.46847 0.50047 127.79560
6213.10655 15.63856 0.47560 0.50627 128.03934
6214.10705 15.83494 0.48337 0.51262 128.44240
6215.10755 16.04960 0.49188 0.51957 128.99868
6215.17847 16.06695 0.49257 0.52014 129.06020
6216.10805 16.27990 0.50103 0.52703 129.69224
6217.10855 16.48073 0.50910 0.53353 130.04684
6218.10905 16.67795 0.51691 0.53992 130.33483
6219.10955 16.87304 0.52440 0.54623 130.57519
6219.96651 17.07113 0.53190 0.55264 131.10271
6220.11006 17.10638 0.53322 0.55378 131.24341
6221.11056 17.31860 0.54143 0.56066 131.72998
6222.11106 17.52835 0.54976 0.56745 132.02907
6223.11156 17.74810 0.55848 0.57456 132.40800
6224.11206 17.96186 0.56690 0.58148 132.70455
6224.55398 18.07531 0.57117 0.58515 133.01557
6225.11256 18.22785 0.57689 0.59009 133.49838
6226.11306 18.47844 0.58632 0.59820 134.09552
6227.11356 18.71149 0.59514 0.60575 134.50531
6228.11406 18.94167 0.60404 0.61320 134.82292
6228.70457 19.07950 0.60935 0.61766 135.15655
6229.11456 19.17562 0.61305 0.62077 135.39679
6230.11506 19.43594 0.62299 0.62920 135.97632
6231.11556 19.68520 0.63228 0.63727 136.43343
6232.11606 19.93350 0.64152 0.64531 136.84238
6232.66357 20.08368 0.64712 0.65017 137.19771
6233.11656 20.20742 0.65176 0.65417 137.48458
6234.11706 20.43923 0.66057 0.66168 137.67254
6235.11756 20.68418 0.66996 0.66961 137.94634
6236.11806 20.94961 0.67992 0.67820 138.40741
6236.63390 21.08787 0.68507 0.68268 138.67234
6237.11856 21.22558 0.69015 0.68714 138.95986
6238.11906 21.47556 0.69964 0.69523 139.47709
6239.11956 21.74789 0.70967 0.70404 139.97287
6240.12006 22.03588 0.71981 0.71337 140.36477
6240.29555 22.09205 0.72171 0.71519 140.45867
6241.12056 22.37772 0.73066 0.72443 140.93288
6242.12106 22.69627 0.74121 0.73475 141.40335
6243.12156 23.01796 0.75255 0.74516 142.17166
6243.36325 23.09623 0.75533 0.74769 142.36534
6244.12206 23.31021 0.76329 0.75462 142.70861
6245.12256 23.57100 0.77302 0.76306 142.93364
6246.12306 23.83912 0.78286 0.77174 143.18266
6247.12356 24.08901 0.79225 0.77983 143.42436
6247.15496 24.10042 0.79267 0.78020 143.45653
6248.12406 24.44735 0.80525 0.79143 144.41035
6249.12456 24.72926 0.81568 0.80056 144.68844
6250.12506 25.04270 0.82698 0.81071 145.24229
6250.31584 25.10460 0.82933 0.81271 145.36419
6251.12556 25.37339 0.83920 0.82141 145.92453
6252.12606 25.68518 0.85074 0.83151 146.39124
6253.12656 25.99450 0.86186 0.84152 146.82852
6253.47535 26.10879 0.86582 0.84522 147.03097
6254.12706 26.32009 0.87346 0.85206 147.38357
6255.12756 26.62534 0.88478 0.86194 147.71509
6256.12806 26.90341 0.89514 0.87094 148.05751
6256.71641 27.11297 0.90281 0.87773 148.49572
6257.12856 27.26819 0.90834 0.88275 148.87337
6258.12906 27.59922 0.91999 0.89347 149.38201
6259.12956 27.89761 0.93079 0.90313 149.57776
6259.76554 28.11715 0.93884 0.91024 149.95954
6260.13007 28.25505 0.94399 0.91470 150.26790
6261.13057 28.60977 0.95684 0.92618 150.91564
6262.13107 28.95411 0.96899 0.93733 151.45215
6262.58057 29.12134 0.97461 0.94275 151.77979
6263.13157 29.33151 0.98216 0.94955 152.21797
6264.13207 29.64729 0.99388 0.95977 152.59820
6265.13257 29.94814 1.00545 0.96951 152.87613
6265.61769 30.12552 1.01188 0.97525 153.19261
6266.13307 30.33753 1.01888 0.98212 153.67207
6267.13357 30.73007 1.03142 0.99482 154.15652
6268.13407 31.08466 1.04278 1.00630 154.24022
6268.24269 31.12971 1.04425 1.00776 154.30315
6269.13457 31.48612 1.05695 1.01930 154.95003
6270.13507 31.85895 1.07034 1.03137 155.61417
6270.81881 32.13389 1.07986 1.04027 156.20650
6271.13557 32.26740 1.08469 1.04459 156.51567
6272.13607 32.64352 1.09875 1.05677 157.07086
6273.13657 32.98365 1.11143 1.06778 157.40513
6273.55700 33.13808 1.11684 1.07278 157.74919
6274.13707 33.36103 1.12441 1.08000 158.15716
6275.13757 33.71136 1.13694 1.09134 158.45222
6276.13807 34.10223 1.15158 1.10399 159.06720
6276.23508 34.14226 1.15308 1.10529 159.14409
6277.13857 34.51090 1.16636 1.11722 159.80606
6278.13907 34.87165 1.17873 1.12890 160.13933
6278.84553 35.14644 1.18862 1.13780 160.52572
6279.13957 35.27836 1.19358 1.14207 160.81782
6280.14007 35.69370 1.20921 1.15551 161.54206
6281.14057 36.10941 1.22394 1.16897 162.22518
6281.24993 36.15063 1.22529 1.17030 162.27060
6282.14107 36.48868 1.23717 1.18125 162.88302
6283.14157 36.87656 1.25172 1.19381 163.33645
6283.82342 37.15481 1.26204 1.20281 163.73898
6284.14207 37.29229 1.26695 1.20726 163.98151
6285.14257 37.69378 1.28054 1.22026 164.48880
6286.14307 38.09216 1.29497 1.23316 164.95095
6286.29879 38.15900 1.29759 1.23532 165.05812
6287.14357 38.54775 1.31216 1.24791 165.82343
6288.14407 38.96692 1.32710 1.26148 166.42331
6288.62651 39.16318 1.33408 1.26783 166.70240
6289.14457 39.41108 1.34309 1.27585 167.23690
6290.14507 39.89336 1.35953 1.29147 167.90948
6290.77315 40.16736 1.36816 1.30034 168.10895
6291.14557 40.32996 1.37299 1.30560 168.35831
6292.14607 40.72738 1.38589 1.31847 168.65188
6293.14657 41.14388 1.40191 1.33195 169.20422
6293.20227 41.17155 1.40300 1.33285 169.26482
6294.14707 41.63342 1.41990 1.34780 170.19411
6295.14757 42.07026 1.43516 1.36194 170.75942
6295.37479 42.17573 1.43887 1.36535 170.93303
6296.14807 42.56593 1.45344 1.37799 171.76217
6297.14857 42.98564 1.46853 1.39157 172.17705
6297.57458 43.17992 1.47528 1.39786 172.46084
6298.14907 43.44239 1.48371 1.40636 172.85278
6299.14957 43.86322 1.49962 1.41998 173.25331
6299.86950 44.18410 1.51200 1.43037 173.89872
6300.15008 44.32191 1.51677 1.43483 174.17884
6301.15058 44.79794 1.53315 1.45024 174.90981
6302.08915 45.18828 1.54705 1.46288 175.20138
6302.15108 45.21868 1.54816 1.46386 175.25317
6303.15158 45.70442 1.56633 1.47959 176.05048
6304.15208 46.12829 1.58053 1.49331 176.39674
6304.26891 46.19247 1.58278 1.49539 176.53705
6305.15258 46.68479 1.60128 1.51133 177.64051
6306.15308 47.14750 1.61832 1.52631 178.20248
6306.25374 47.19665 1.62011 1.52790 178.27713
6307.15358 47.62744 1.63458 1.54184 178.95759
6308.15408 48.08257 1.65096 1.55658 179.40588
6308.41786 48.20084 1.65499 1.56041 179.50204
6309.15458 48.57364 1.66729 1.57247 180.00722
6310.15508 49.13029 1.68403 1.59049 180.87220
6310.28359 49.20502 1.68664 1.59291 181.04367
6311.15558 49.67332 1.70489 1.60807 181.98489
6312.15608 50.13054 1.72146 1.62288 182.45490
6312.31744 50.20921 1.72396 1.62542 182.55673
6313.15658 50.60040 1.73667 1.63809 182.98233
6314.15708 51.08168 1.75475 1.65367 183.60500
6314.40608 51.21339 1.75981 1.65793 183.82944
6315.15758 51.61641 1.77402 1.67098 184.54707
6316.15808 52.10532 1.79031 1.68681 185.18315
6316.38432 52.21757 1.79443 1.69044 185.32748
6317.15858 52.61549 1.80967 1.70332 186.06241
6318.15908 53.04295 1.82431 1.71716 186.44507
6318.49952 53.22176 1.82996 1.72295 186.72410
6319.15958 53.58732 1.84280 1.73478 187.40923
6320.16008 54.11778 1.86305 1.75195 188.27489
6320.35612 54.22594 1.86712 1.75546 188.46529
6321.16058 54.64993 1.88039 1.76918 189.14304
6322.16108 55.15058 1.89834 1.78539 189.81092
6322.30365 55.23013 1.90141 1.78796 189.95420
6323.16158 55.70361 1.91893 1.80329 190.79916
6324.16208 56.20024 1.93413 1.81937 191.43074
6324.22417 56.23431 1.93532 1.82047 191.49102
6325.16258 56.75240 1.95521 1.83725 192.41843
6326.08934 57.23849 1.97209 1.85298 193.18438
6326.16308 57.28351 1.97341 1.85444 193.28687
6327.16358 57.79463 1.98717 1.87099 193.84442
6327.89109 58.24268 2.00288 1.88549 194.56137
6328.16408 58.40500 2.00864 1.89075 194.89189
6329.16458 58.90888 2.02534 1.90706 195.60506
6329.78558 59.24686 2.03609 1.91800 196.17084
6330.16508 59.48511 2.04465 1.92571 196.68812
6331.16558 59.99767 2.06272 1.94230 197.41686
6331.61403 60.25105 2.07088 1.95051 197.87951
6332.16608 60.55929 2.07979 1.96049 198.43807
6333.16658 61.08098 2.09904 1.97737 199.23690
6333.45872 61.25523 2.10571 1.98302 199.59331
6334.16708 61.66786 2.11764 1.99637 200.38655
6335.16758 62.13155 2.13243 2.01138 201.06574
6335.40578 62.25941 2.13693 2.01552 201.32177
6336.16808 62.68480 2.15233 2.02930 202.07613
6337.16858 63.22375 2.16758 2.04674 203.01825
6337.23706 63.26360 2.16895 2.04803 203.09637
6338.16908 63.80791 2.18715 2.06565 204.18534
6338.95925 64.26778 2.20331 2.08054 205.11157
6339.16958 64.39564 2.20663 2.08468 205.37737
6340.17009 64.92125 2.22056 2.10170 206.26387
6340.80205 65.27197 2.23235 2.11305 206.97967
6341.17059 65.50264 2.24015 2.12052 207.51792
6342.17109 66.07637 2.25412 2.13909 208.50864
6342.51923 66.27615 2.25772 2.14556 208.77975
6343.17159 66.68132 2.26872 2.15867 209.54200
6344.17209 67.21106 2.28387 2.17582 210.69850
6344.28980 67.28033 2.28574 2.17807 210.85386
6345.17259 67.77841 2.29633 2.19419 211.90446
6346.08436 68.28452 2.31009 2.21057 212.96990
6346.17309 68.33863 2.31154 2.21233 213.09846
6347.17359 68.92215 2.32484 2.23122 214.43623
6347.81673 69.28870 2.33276 2.24308 215.26890
6348.17409 69.50581 2.33800 2.25011 215.78585
6349.17459 70.08780 2.35091 2.26895 217.17272
6349.53637 70.29289 2.35409 2.27559 217.65989
6350.17509 70.67926 2.36264 2.28810 218.61238
6351.17559 71.26694 2.37482 2.30712 220.06981
6351.22404 71.29707 2.37538 2.30810 220.14800
6352.17609 71.82806 2.38394 2.32529 221.47277
6353.07985 72.30126 2.39303 2.34061 222.71671
6353.17659 72.35995 2.39428 2.34251 222.87914
6354.17709 72.95032 2.40267 2.36162 224.46032
6354.80227 73.30544 2.40806 2.37312 225.44658
6355.17759 73.54159 2.41203 2.38076 226.08725
6356.17809 74.13337 2.42083 2.39992 227.76183
6356.45760 74.30962 2.42296 2.40563 228.28186
6357.17859 74.76306 2.42898 2.42030 229.62712
6358.17267 75.31381 2.43437 2.43813 231.17085
6358.17909 75.31804 2.43440 2.43827 231.18186
6359.17959 75.98819 2.43938 2.45997 233.07515
6359.71709 76.31799 2.44328 2.47064 234.10642
6360.18009 76.61224 2.44783 2.48017 235.01631
6361.18059 77.20045 2.45392 2.49921 236.94629
6361.40128 77.32218 2.45407 2.50315 237.35121
6362.18109 77.75546 2.45753 2.51718 238.75961
6363.15476 78.32636 2.47339 2.53566 240.69528
6363.18159 78.34330 2.47367 2.53621 240.75171
6364.18209 78.90646 2.47932 2.55444 242.78188
6364.92547 79.33054 2.49225 2.56817 244.34431
6365.18259 79.49729 2.50669 2.57357 244.93566
6366.18309 80.10295 2.58504 2.59317 247.15550
6366.56723 80.33473 2.61377 2.60068 248.02780
6367.18359 80.72038 2.64706 2.61316 249.47025
6368.18409 81.31156 2.63560 2.63230 251.86701
6368.22535 81.33891 2.63456 2.63318 251.97127
6369.18459 81.94526 2.62179 2.65281 254.39014
6369.88828 82.34310 2.62154 2.66569 256.26199
6370.18509 82.51954 2.62482 2.67141 256.95621
6371.18559 83.05420 2.63224 2.68871 259.64534
6371.69200 83.34728 2.63229 2.69820 261.15755
6372.18609 83.70652 2.63562 2.70983 262.64966
6373.07518 84.35146 2.65531 2.73071 265.51363
6373.18659 84.42478 2.65842 2.73308 265.89993
6374.18709 85.01607 2.67817 2.75223 269.35969
6374.74049 85.35565 2.68239 2.76322 271.41152
6375.18759 85.64098 2.68774 2.77246 273.07204
6376.18809 86.24978 2.71057 2.79216 277.05840
6376.36002 86.35983 2.71576 2.79573 277.74559
6377.18859 86.89098 2.73901 2.81292 281.22165
6377.97992 87.36402 2.76124 2.82824 284.92354
6378.18909 87.50264 2.76851 2.83272 285.84715
6379.18959 88.06378 2.79698 2.85089 290.01770
6379.66920 88.36820 2.80996 2.86074 292.28016
6380.19010 88.69030 2.82346 2.87117 294.99831
6381.19060 89.29003 2.84602 2.89059 300.24853
6381.31698 89.37238 2.84861 2.89325 300.88307
6382.19110 89.93106 2.86414 2.91134 305.49423
6382.91621 90.37657 2.87709 2.92576 309.52905
6383.19160 90.56650 2.88311 2.93191 310.94001
6384.19210 91.20682 2.90278 2.95264 316.48153
6384.46011 91.38075 2.90809 2.95827 317.99353
6385.19260 91.84454 2.92226 2.97328 322.19224
6386.02589 92.38494 2.93979 2.99078 326.75200
6386.19310 92.51109 2.94386 2.99486 327.55305
6387.19360 93.19416 2.96365 3.01697 333.64864
6387.50172 93.38912 2.96915 3.02329 335.70948
6388.19410 93.83011 2.98334 3.03756 339.02245
6389.12463 94.39331 3.00279 3.05579 344.27548
6389.19460 94.43681 3.00431 3.05720 344.70311
6390.19510 95.09251 3.02723 3.07843 350.37957
6390.64886 95.39749 3.03802 3.08830 352.89621
6391.19560 95.75751 3.05099 3.09996 355.88761
6392.19254 96.40167 3.07422 3.12081 361.61291
6392.19610 96.40428 3.07431 3.12090 361.63027
6393.19660 97.04357 3.09762 3.14159 367.33467
6393.74642 97.40586 3.11102 3.15332 370.33262
6394.19710 97.72872 3.12298 3.16377 372.46997
6395.19760 98.38015 3.14707 3.18486 377.93567
6395.24049 98.41004 3.14818 3.18583 378.15099
6396.19810 99.06016 3.17232 3.20687 382.85068
6396.82563 99.41423 3.18559 3.21834 385.75155
6397.19860 99.62462 3.19340 3.22515 388.03544
6398.19910 100.26965 3.21738 3.24603 393.64153
6398.41918 100.41841 3.22296 3.25085 394.70199
6399.19960 100.97019 3.24367 3.26871 398.02959
6399.86355 101.42259 3.25934 3.28335 401.67577
6400.20010 101.67779 3.26736 3.29161 403.45821
6401.20060 102.39537 3.29213 3.31485 408.38320
6401.24033 102.42678 3.29329 3.31586 408.49672
6402.20110 103.07576 3.31755 3.33687 412.87639
6402.76880 103.43096 3.33058 3.34837 415.98274
6403.20160 103.73401 3.34157 3.35818 417.84887
6404.20210 104.42824 3.36696 3.38066 422.15250
6404.21254 104.43515 3.36722 3.38088 422.20203
6405.20260 105.11653 3.39198 3.40294 426.66539
6405.75504 105.43933 3.40371 3.41339 428.96620
6406.20310 105.69306 3.41298 3.42160 431.03469
6407.20360 106.39191 3.43813 3.44423 435.25563
6407.27340 106.44351 3.43998 3.44590 435.49168
6408.20410 107.08862 3.46326 3.46678 439.32290
6408.73018 107.44770 3.47611 3.47840 441.56174
6409.20460 107.80950 3.48899 3.49012 443.03887
6410.20510 108.44304 3.51176 3.51063 447.96367
6410.21747 108.45188 3.51208 3.51091 448.00800
6411.20560 109.18472 3.53805 3.53464 451.25393
6411.58529 109.45607 3.54763 3.54342 452.63711
6412.20610 109.88857 3.56328 3.55742 454.92178
6413.00154 110.46025 3.58319 3.57593 457.85084
6413.20660 110.63405 3.58859 3.58156 458.54769
6414.20710 111.31136 3.60974 3.60348 463.18764
6414.41590 111.46444 3.61502 3.60844 463.56161
6415.20760 111.99186 3.63395 3.62551 466.40305
6415.89307 112.46862 3.65070 3.64095 469.05171
6416.20810 112.69492 3.65861 3.64827 470.13633
6417.20860 113.40364 3.68348 3.67122 473.69058
6417.30387 113.47280 3.68590 3.67346 474.00139
6418.20910 114.11892 3.70851 3.69437 477.12278
6418.73168 114.47699 3.72107 3.70596 479.15066
6419.20960 114.82355 3.73321 3.71718 480.71518
6420.14607 115.48117 3.75616 3.73847 484.03175
6420.21011 115.52965 3.75784 3.74004 484.20773
6421.21061 116.25600 3.78312 3.76356 487.39207
6421.51850 116.48536 3.79110 3.77098 488.26405
6422.21111 116.98363 3.80846 3.78711 490.50322
6422.97660 117.48954 3.82613 3.80349 493.72573
6423.21161 117.66150 3.83205 3.80906 494.11126
6424.21211 118.33630 3.85558 3.83090 496.77050
6424.42990 118.49372 3.86121 3.83600 497.44524
6425.21261 119.09670 3.88111 3.85552 499.80313
6425.69581 119.49791 3.89297 3.86851 501.45380
6426.21311 119.90275 3.90603 3.88161 503.03357
6427.05398 120.50209 3.92699 3.90101 505.70588
6427.21361 120.62033 3.93114 3.90484 506.14346
6428.21411 121.35254 3.95629 3.92855 509.18991
6428.42077 121.50628 3.96162 3.93352 509.77504
6429.21461 122.11032 3.98245 3.95308 511.76108
6429.75795 122.51046 3.99626 3.96603 513.33581
6430.21511 122.84774 4.00787 3.97695 514.60540
6431.11004 123.51464 4.03083 3.99854 517.19762
6431.21561 123.59792 4.03370 4.00124 517.42582
6432.21611 124.21752 4.05511 4.02129 520.68428
6432.62898 124.51883 4.06543 4.03105 521.69946
6433.21661 124.97841 4.08126 4.04593 523.13605
6433.97250 125.52301 4.09995 4.06356 525.45292
6434.21711 125.70500 4.10624 4.06945 526.13045
6435.21761 126.47543 4.13269 4.09439 528.48505
6435.28621 126.52720 4.13447 4.09606 528.66380
6436.21811 127.21439 4.15795 4.11831 531.34905
6436.62714 127.53138 4.16897 4.12857 532.24324
6437.21861 128.01538 4.18562 4.14424 533.17194
6437.90605 128.53556 4.20141 4.16108 535.84954
6438.21911 128.78871 4.20897 4.16928 536.92696
6439.13600 129.53975 4.23422 4.19359 538.64524
6439.21961 129.60478 4.23649 4.19570 538.80573
6440.22011 130.32785 4.26132 4.21910 541.95337
6440.52150 130.54393 4.26868 4.22610 542.93937
6441.22061 131.05436 4.28615 4.24262 543.95526
6441.89446 131.54812 4.30299 4.25861 545.40311
6442.22111 131.80753 4.31187 4.26701 546.17408
6443.22161 132.52572 4.33646 4.29026 549.30058
6443.25494 132.55230 4.33738 4.29112 549.36863
6444.22211 133.33128 4.36395 4.31633 551.21712
6444.52376 133.55649 4.37168 4.32362 552.04651
6445.22261 134.06678 4.38912 4.34014 554.09880
6445.87230 134.56067 4.40596 4.35613 555.75527
6446.22311 134.85463 4.41599 4.36565 556.25062
6447.18287 135.56485 4.44019 4.38864 559.00142
6447.22361 135.59701 4.44128 4.38968 559.09606
6448.22411 136.40650 4.46910 4.41589 560.79941
6448.43765 136.56904 4.47448 4.42115 561.42450
6449.22461 137.23386 4.49429 4.44267 563.71282
6449.67076 137.57322 4.50513 4.45366 564.39946
6450.22511 137.95140 4.51808 4.46590 565.81886
6451.06557 138.57741 4.53964 4.48617 568.14576
6451.22561 138.71073 4.54413 4.49048 568.40041
6452.22611 139.51082 4.57138 4.51638 570.42958
6452.31212 139.58159 4.57379 4.51867 570.57573
6453.22661 140.33337 4.59929 4.54301 572.15988
6453.54243 140.58577 4.60785 4.55118 572.80823
6454.22711 141.10900 4.62569 4.56812 574.54049
6454.87530 141.58996 4.64215 4.58369 576.38622
6455.22761 141.87800 4.65192 4.59302 577.03324
6456.13402 142.59414 4.67626 4.61620 579.00554
6456.22811 142.67318 4.67894 4.61876 579.15044
6457.22861 143.48934 4.70666 4.64518 581.00745
6457.36012 143.59833 4.71038 4.64871 581.21656
6458.22911 144.29800 4.73422 4.67136 583.08519
6458.67211 144.60251 4.74450 4.68122 584.19662
6459.22961 145.00141 4.75805 4.69413 585.07910
6460.03342 145.60669 4.77902 4.71373 587.17379
6460.23012 145.78653 4.78483 4.71955 587.39566
6461.12103 146.61088 4.80934 4.74623 589.14519
6461.23062 146.70166 4.81227 4.74917 589.40412
6462.23112 147.49554 4.83947 4.77487 591.50153
6462.37963 147.61506 4.84353 4.77874 591.80753
6463.23162 148.30210 4.86680 4.80098 593.59051
6463.63326 148.61925 4.87759 4.81125 594.49333
6464.23212 149.11295 4.89429 4.82723 595.57685
6464.84097 149.62343 4.91163 4.84376 596.57657
6465.23262 149.96124 4.92301 4.85470 597.10226
6466.05536 150.62762 4.94563 4.87627 598.74512
6466.23312 150.77414 4.95059 4.88101 599.10201
6467.23362 151.49781 4.97522 4.90444 601.75561
6467.41090 151.63180 4.97973 4.90878 601.90908
6468.23412 152.27246 5.00147 4.92952 603.46581
6468.67461 152.63598 5.01384 4.94128 604.35104
6469.23462 153.12134 5.03021 4.95700 605.09411
6469.86596 153.64017 5.04781 4.97379 606.28806
6470.23512 153.96031 5.05890 4.98416 606.68570
6471.02849 154.64435 5.08044 5.00630 608.42362
6471.23562 154.82582 5.08562 5.01218 609.06391
6472.23612 155.64327 5.11218 5.03864 611.53045
6472.24218 155.64854 5.11237 5.03881 611.53649
6473.23662 156.50977 5.14164 5.06669 612.87114
6473.40278 156.65272 5.14646 5.07132 613.11823
6474.23712 157.34925 5.17003 5.09387 614.61614
6474.60960 157.65690 5.18048 5.10383 615.33312
6475.23762 158.17517 5.19805 5.12060 616.51855
6475.84146 158.66109 5.21449 5.13634 617.98419
6476.23812 159.00688 5.22612 5.14753 618.24616
6477.13855 159.66527 5.24846 5.16884 619.89457
6477.23862 159.74391 5.25113 5.17139 620.14805
6478.23912 160.58213 5.27951 5.19853 622.06356
6478.34295 160.66946 5.28246 5.20135 622.24486
6479.23962 161.42138 5.30787 5.22569 623.86202
6479.53931 161.67364 5.31641 5.23386 624.39391
6480.24012 162.27370 5.33660 5.25329 625.53739
6480.72982 162.67782 5.35027 5.26637 626.52508
6481.24062 163.12933 5.36580 5.28099 627.08086
6481.85148 163.68201 5.38358 5.29888 628.06440
6482.24112 164.05406 5.39449 5.31092 628.84036
6482.94492 164.68619 5.41455 5.33139 630.15148
6483.24162 164.93787 5.42329 5.33953 630.55712
6484.18165 165.69038 5.44882 5.36389 632.81773
6484.24212 165.74493 5.45065 5.36566 632.89931
6485.24262 166.56408 5.47824 5.39218 633.92373
6485.40119 166.69456 5.48266 5.39640 634.04303
6486.24312 167.40540 5.50667 5.41941 635.62055
6486.58444 167.69874 5.51657 5.42891 636.17871
6487.24362 168.26515 5.53569 5.44725 637.26792
6487.76454 168.70293 5.55045 5.46142 638.25928
6488.24412 169.10925 5.56421 5.47457 639.12293
6488.94478 169.70711 5.58440 5.49393 640.35730
6489.24462 169.98214 5.59367 5.50283 640.65638
6490.08570 170.71130 5.61822 5.52644 642.03159
6490.24512 170.85099 5.62289 5.53096 642.27710
6491.24562 171.68045 5.65124 5.55781 644.23238
6491.28741 171.71548 5.65242 5.55895 644.31632
6492.24612 172.57902 5.67887 5.58690 646.49610
6492.39556 172.71967 5.68303 5.59145 646.81772
6493.24662 173.49379 5.70878 5.61651 647.94198
6493.52715 173.72385 5.71665 5.62396 648.59115
6494.24712 174.31191 5.73640 5.64300 649.44967
6494.74534 174.72803 5.75042 5.65647 649.88461
6495.24762 175.15302 5.76478 5.67023 650.90948
6495.92461 175.73222 5.78427 5.68898 652.14744
6496.24812 176.02159 5.79403 5.69835 652.59106
6497.07264 176.73640 5.81818 5.72149 653.98983
6497.24862 176.89865 5.82364 5.72674 654.18008
6498.20653 177.74059 5.85195 5.75400 655.68065
6498.24912 177.77807 5.85321 5.75521 655.74690
6499.24962 178.66527 5.88311 5.78393 657.26127
6499.33940 178.74477 5.88577 5.78650 657.39231
6500.25013 179.54272 5.91272 5.81234 658.85396
6500.48227 179.74895 5.91963 5.81901 659.21127
6501.25063 180.43376 5.94264 5.84118 660.31680
6501.61268 180.75314 5.95370 5.85152 660.81680
6502.25113 181.37391 5.97371 5.87162 661.49990
6502.70452 181.75732 5.98481 5.88403 662.42302
6503.25163 182.20593 5.99875 5.89855 663.46581
6503.89378 182.76151 6.01773 5.91654 664.59066
6504.25213 183.07741 6.02841 5.92677 665.16970
6505.01850 183.76569 6.05152 5.94905 666.26718
6505.25263 183.98746 6.05894 5.95623 666.47899
6506.15159 184.76987 6.08529 5.98156 668.05627
6506.25313 184.85926 6.08831 5.98445 668.22407
6507.25363 185.75747 6.11852 6.01353 669.68774
6507.27244 185.77406 6.11908 6.01406 669.71823
6508.25413 186.62176 6.14762 6.04151 671.53899
6508.42547 186.77824 6.15290 6.04657 671.75887
6509.25463 187.55267 6.17889 6.07164 672.66606
6509.50906 187.78243 6.18661 6.07908 673.03287
6510.25513 188.48727 6.21019 6.10190 673.77035
6510.58495 188.78661 6.22021 6.11159 674.22720
6511.25563 189.37806 6.24043 6.13074 675.37912
6511.76246 189.79079 6.25385 6.14410 676.34812
6512.25613 190.24717 6.26698 6.15887 676.91733
6512.80842 190.79498 6.28415 6.17661 677.52363
6513.25663 191.21117 6.29843 6.19008 678.03468
6513.92770 191.79916 6.31821 6.20911 679.19464
6514.25713 192.09403 6.32811 6.21866 679.73585
6515.04816 192.80335 6.35195 6.24162 680.96053
6515.25763 192.99620 6.35840 6.24787 681.23344
6516.16800 193.80753 6.38569 6.27413 682.72004
6516.25813 193.88985 6.38845 6.27680 682.84630
6517.25863 194.78879 6.41863 6.30590 684.41039
6517.28332 194.81172 6.41940 6.30664 684.44098
6518.25913 195.71837 6.44983 6.33599 685.68649
6518.36551 195.81590 6.45309 6.33915 685.82930
6519.25963 196.61932 6.48007 6.36516 687.21586
6519.49473 196.82008 6.48682 6.37166 687.76807
6520.26013 197.49883 6.50956 6.39363 688.67986
6520.65193 197.82427 6.52073 6.40417 688.92116
6521.26063 198.39955 6.53903 6.42279 689.67608
6521.68214 198.82845 6.55144 6.43667 690.55648
6522.26113 199.34351 6.56788 6.45335 691.80792
6522.79547 199.83264 6.58465 6.46918 692.46457
6523.26163 200.28193 6.59966 6.48373 692.90596
6523.87636 200.83682 6.61826 6.50169 693.90293
6524.26213 201.20607 6.63064 6.51364 694.28345
6524.93449 201.84100 6.65192 6.53420 695.06225
6525.26263 202.13725 6.66187 6.54379 695.58668
6526.02684 202.84519 6.68561 6.56671 696.61687
6526.26313 203.06656 6.69303 6.57387 696.91128
6527.12689 203.84937 6.71932 6.59922 698.27012
6527.26363 203.98267 6.72378 6.60353 698.39339
6528.22014 204.85356 6.75289 6.63172 699.82429
6528.26413 204.89454 6.75426 6.63305 699.88245
6529.26463 205.81397 6.78515 6.66282 701.30272
6529.31648 205.85774 6.78662 6.66423 701.35541
6530.26513 206.64771 6.81305 6.68981 702.53454
6530.49092 206.86192 6.82041 6.69674 702.78034
6531.26563 207.64739 6.84568 6.72217 703.56172
6531.48939 207.86611 6.85189 6.72925 704.08944
6532.26613 208.63559 6.87607 6.75416 705.17011
6532.50435 208.87029 6.88410 6.76176 705.30716
6533.26663 209.57527 6.90778 6.78458 706.38438
6533.58408 209.87448 6.91775 6.79427 706.79055
6534.26713 210.51980 6.93932 6.81516 707.62717
6534.66702 210.87866 6.95138 6.82677 708.31659
6535.26763 211.45153 6.97058 6.84532 709.01075
6535.72184 211.88285 6.98500 6.85928 709.56389
6536.26813 212.39452 7.00208 6.87585 710.28215
6536.79228 212.88703 7.01858 6.89179 710.94567
6537.26863 213.33582 7.03364 6.90632 711.66633
6537.92843 213.89121 7.05230 6.92430 712.81547
6538.26913 214.19120 7.06229 6.93401 712.93263
6539.05000 214.89540 7.08578 6.95681 713.96644
6539.26963 215.10566 7.09286 6.96362 714.26288
6540.11195 215.89958 7.11942 6.98932 715.32129
6540.27014 216.05802 7.12420 6.99445 715.59840
6541.08203 216.90377 7.14947 7.02183 716.80678
6541.27064 217.08248 7.15547 7.02761 717.04078
6542.19389 217.90795 7.18340 7.05433 718.59243
6542.27114 217.98232 7.18587 7.05674 718.68295
6543.24627 218.91213 7.21697 7.08684 719.86784
6543.27164 218.93602 7.21777 7.08762 719.90147
6544.27214 219.90295 7.25004 7.11892 720.99779
6544.28635 219.91632 7.25049 7.11935 721.01704
6545.27264 220.81638 7.28061 7.14849 722.60620
6545.38345 220.92050 7.28409 7.15186 722.75603
6546.27314 221.76143 7.31226 7.17908 723.93586
6546.45146 221.92469 7.31773 7.18437 724.27833
6547.27364 222.71717 7.34403 7.21002 724.65117
6547.50673 222.92887 7.35107 7.21688 724.72282
6548.27414 223.60696 7.37386 7.23883 725.91232
6548.62233 223.93305 7.38468 7.24938 726.48511
6549.27464 224.53911 7.40513 7.26900 727.36116
6549.69669 224.93724 7.41862 7.28189 727.89019
6550.27514 225.57816 7.43758 7.30264 728.46996
6550.60959 225.94142 7.44840 7.31440 728.84241
6551.27564 226.56669 7.46933 7.33464 729.75588
6551.67910 226.94561 7.48213 7.34691 730.28609
6552.27614 227.50292 7.50070 7.36495 731.16868
6552.74973 227.94979 7.51561 7.37942 731.80860
6553.27664 228.47854 7.53322 7.39654 732.23102
6553.77032 228.95397 7.54905 7.41193 732.82331
6554.27714 229.43569 7.56517 7.42752 733.43526
6554.81033 229.95816 7.58265 7.44444 734.04757
6555.27764 230.41916 7.59801 7.45936 734.51591
6555.94076 230.96234 7.61613 7.47694 735.41754
6556.27814 231.24662 7.62563 7.48615 735.86299
6557.03735 231.96653 7.64969 7.50945 736.90472
6557.27864 232.20496 7.65765 7.51717 737.14045
6558.06967 232.97071 7.68324 7.54196 738.00529
6558.27914 233.18075 7.69045 7.54876 738.12955
6559.07954 233.97490 7.71514 7.57447 739.37990
6559.27964 234.17425 7.72095 7.58092 739.80127
6560.08920 234.97908 7.74679 7.60698 740.83450
6560.28014 235.16441 7.75310 7.61298 741.00328
6561.09954 235.98326 7.78031 7.63949 741.73353
6561.28064 236.16189 7.78628 7.64527 741.91916
6562.14253 236.98745 7.81384 7.67199 742.98397
6562.28114 237.11946 7.81822 7.67627 743.15885
6563.23028 237.99163 7.84746 7.70450 744.66971
6563.28164 238.04136 7.84911 7.70611 744.72656
6564.23247 238.99582 7.88085 7.73701 745.60351
6564.28214 239.04612 7.88253 7.73864 745.64761
6565.28264 239.90813 7.91132 7.76655 746.81869
6565.37797 240.00000 7.91437 7.76952 746.83319
