6576.28814 239.65968 7.92002 7.75850 865.59994
6575.61186 238.99582 7.89790 7.73701 865.07344
6575.28764 238.68028 7.88719 7.72680 864.84955
6574.56293 237.99163 7.86476 7.70450 864.21314
6574.28714 237.72452 7.85575 7.69586 863.94063
6573.46064 236.98745 7.83089 7.67199 863.25846
6573.28664 236.83062 7.82588 7.66692 863.23628
6572.40897 235.98326 7.79731 7.63949 862.80339
6572.28614 235.86609 7.79340 7.63569 862.65624
6571.34516 234.97908 7.76410 7.60698 861.82203
6571.28564 234.91826 7.76188 7.60501 861.83383
6570.33444 233.97490 7.73270 7.57447 860.58806
6570.28514 233.92545 7.73134 7.57287 860.47648
6569.36901 232.97071 7.70029 7.54196 860.13894
6569.28464 232.88833 7.69749 7.53929 860.10703
6568.32994 231.96653 7.66684 7.50945 859.40659
6568.28414 231.92316 7.66538 7.50805 859.35845
6567.28364 230.99839 7.63489 7.47811 858.10957
6567.24615 230.96234 7.63368 7.47694 858.07491
6566.28314 230.04077 7.60258 7.44711 857.26922
6566.19713 229.95816 7.59994 7.44444 857.20262
6565.28264 229.06880 7.57003 7.41564 856.69652
6565.14870 228.95397 7.56617 7.41193 856.64452
6564.28214 228.23668 7.54260 7.38871 855.54212
6563.99241 227.94979 7.53280 7.37942 855.30417
6563.28164 227.25740 7.50970 7.35700 854.84955
6562.95649 226.94561 7.49971 7.34691 854.54005
6562.28114 226.27629 7.47645 7.32524 854.36342
6561.92897 225.94142 7.46554 7.31440 854.04550
6561.28064 225.26259 7.44590 7.29243 853.14277
6560.97291 224.93724 7.43564 7.28189 852.93249
6560.28014 224.30883 7.41447 7.26155 852.04910
6559.88276 223.93305 7.40197 7.24938 851.67977
6559.27964 223.34566 7.38208 7.23037 851.30350
6558.84264 222.92887 7.36835 7.21688 850.94338
6558.27914 222.38483 7.35019 7.19926 850.53313
6557.79572 221.92469 7.33444 7.18437 850.18611
6557.27864 221.45097 7.31904 7.16903 849.56498
6556.73147 220.92050 7.30100 7.15186 849.13484
6556.27814 220.47516 7.28602 7.13744 848.90174
6555.62317 219.91632 7.26780 7.11935 848.49583
6555.27764 219.60926 7.25733 7.10941 848.35018
6554.55895 218.91213 7.23400 7.08684 847.82573
6554.27714 218.64412 7.22515 7.07817 847.57831
6553.49635 217.90795 7.20015 7.05433 846.83605
6553.27664 217.70684 7.19350 7.04782 846.56300
6552.41158 216.90377 7.16636 7.02183 845.78983
6552.27614 216.75802 7.16155 7.01711 845.81870
6551.47692 215.89958 7.13659 6.98932 845.10168
6551.27564 215.70521 7.13035 6.98302 844.85686
6550.40668 214.89540 7.10258 6.95681 844.04796
6550.27514 214.77508 7.09863 6.95291 843.88674
6549.33232 213.89121 7.06913 6.92430 842.99816
6549.27464 213.83519 7.06724 6.92249 842.97192
6548.27659 212.88703 7.03578 6.89179 842.17168
6548.27414 212.88465 7.03571 6.89171 842.16945
6547.27364 211.99788 7.00565 6.86301 841.35556
6547.14802 211.88285 7.00157 6.85928 841.42342
6546.27314 211.12422 6.97733 6.83472 840.20050
6546.01982 210.87866 6.96896 6.82677 840.01052
6545.27264 210.16949 6.94472 6.80382 839.47698
6544.95096 209.87448 6.93589 6.79427 839.14686
6544.27214 209.23366 6.91358 6.77352 838.50989
6543.88620 208.87029 6.90072 6.76176 838.26102
6543.27164 208.28932 6.88245 6.74295 837.85243
6542.85280 207.86611 6.86864 6.72925 837.25639
6542.27114 207.27613 6.85137 6.71015 836.44276
6541.85054 206.86192 6.83866 6.69674 836.38068
6541.27064 206.31156 6.81862 6.67892 836.08058
6540.77785 205.85774 6.80371 6.66423 835.48750
6540.27014 205.37917 6.78818 6.64874 835.11301
6539.70154 204.85356 6.76968 6.63172 834.58526
6539.26963 204.47015 6.75746 6.61931 833.94903
6538.60006 203.84937 6.73657 6.59922 833.23999
6538.26913 203.54064 6.72556 6.58922 833.39882
6537.45133 202.84519 6.70327 6.56671 832.81887
6537.26863 202.67952 6.69757 6.56134 832.58700
6536.36836 201.84100 6.66903 6.53420 831.69270
6536.26813 201.74917 6.66613 6.53123 831.58861
6535.29474 200.83682 6.63502 6.50169 830.88468
6535.26763 200.81145 6.63415 6.50087 830.86147
6534.26713 199.87682 6.60320 6.47061 830.01648
6534.21925 199.83264 6.60165 6.46918 829.98109
6533.26663 198.95628 6.57235 6.44081 829.06351
6533.13263 198.82845 6.56859 6.43667 828.79880
6532.26613 197.93526 6.54091 6.40776 828.06433
6532.15836 197.82427 6.53726 6.40417 828.13299
6531.26563 197.01923 6.51030 6.37810 827.17398
6531.04912 196.82008 6.50332 6.37166 826.97985
6530.26513 196.09140 6.47924 6.34807 826.25291
6529.93652 195.81590 6.46983 6.33915 825.75964
6529.26463 195.26028 6.45061 6.32116 825.48555
6528.76653 194.81172 6.43597 6.30664 825.05072
6528.26413 194.35228 6.42045 6.29177 824.46633
6527.67522 193.80753 6.40184 6.27413 824.04784
6527.26363 193.42737 6.38942 6.26182 823.65635
6526.55311 192.80335 6.36806 6.24162 822.66763
6526.26313 192.54402 6.35921 6.23323 822.32193
6525.45296 191.79916 6.33456 6.20911 821.60996
6525.26263 191.62688 6.32870 6.20354 821.40796
6524.36437 190.79498 6.30042 6.17661 820.94815
6524.26213 190.69228 6.29701 6.17328 820.98801
6523.32625 189.79079 6.26968 6.14410 819.35925
6523.26163 189.73073 6.26788 6.14215 819.22804
6522.26113 188.82389 6.23756 6.11280 818.20072
6522.22129 188.78661 6.23629 6.11159 818.18227
6521.26063 187.89112 6.20641 6.08260 817.54209
6521.13550 187.78243 6.20274 6.07908 817.34089
6520.26013 187.04723 6.17797 6.05528 816.77366
6519.95537 186.77824 6.16895 6.04657 816.82032
6519.25963 186.18848 6.14907 6.02748 815.55742
6518.80438 185.77406 6.13519 6.01406 815.21342
6518.25913 185.26145 6.11789 5.99747 815.04635
6517.72038 184.76987 6.10138 5.98156 814.57141
6517.25863 184.34204 6.08699 5.96770 814.25897
6516.61543 183.76569 6.06747 5.94905 813.70562
6516.25813 183.45607 6.05711 5.93902 813.16107
6515.48062 182.76151 6.03364 5.91654 812.37300
6515.25763 182.54786 6.02627 5.90962 812.44454
6514.38677 181.75732 6.00101 5.88403 811.21233
6514.25713 181.63041 5.99735 5.87992 810.98177
6513.36808 180.75314 5.96953 5.85152 810.49081
6513.25663 180.65382 5.96598 5.84831 810.44081
6512.25613 179.81312 5.93808 5.82109 808.79277
6512.17975 179.74895 5.93592 5.81901 808.76447
6511.25563 178.99844 5.91035 5.79472 808.13422
6510.97273 178.74477 5.90227 5.78650 807.84219
6510.25513 178.08579 5.87967 5.76517 807.34490
6509.86953 177.74059 5.86787 5.75400 807.04350
6509.25463 177.21419 5.85068 5.73696 806.20696
6508.72030 176.73640 5.83398 5.72149 805.72586
6508.25413 176.31883 5.82017 5.70797 805.32725
6507.59665 175.73222 5.80081 5.68898 804.75165
6507.25363 175.41067 5.78941 5.67857 804.68823
6506.46710 174.72803 5.76656 5.65647 803.77587
6506.25313 174.53835 5.76017 5.65033 803.59638
6505.30676 173.72385 5.73227 5.62396 802.31630
6505.25263 173.67822 5.73077 5.62249 802.24224
6504.25213 172.79017 5.70066 5.59374 801.40651
6504.17471 172.71967 5.69843 5.59145 801.25417
6503.25163 171.81178 5.67142 5.56206 800.12368
6503.13770 171.71548 5.66820 5.55895 799.97235
6502.25113 171.03476 5.64430 5.53691 799.44018
6501.89086 170.71130 5.63389 5.52644 799.19254
6501.25063 170.14866 5.61455 5.50822 798.52214
6500.74914 169.70711 5.59932 5.49393 798.07189
6500.25013 169.26768 5.58494 5.47970 797.63271
6499.57880 168.70293 5.56530 5.46142 796.70903
6499.24962 168.41248 5.55556 5.45202 796.44004
6498.41730 167.69874 5.53167 5.42891 795.41023
6498.24912 167.55516 5.52668 5.42426 795.21201
6497.28867 166.69456 5.49776 5.39640 794.74693
6497.24862 166.65875 5.49655 5.39524 794.72747
6496.24812 165.83508 5.46841 5.36858 793.01777
6496.08256 165.69038 5.46367 5.36389 792.88739
6495.24762 164.98606 5.43986 5.34109 791.72906
6494.88504 164.68619 5.42940 5.33139 791.18947
6494.24712 164.07690 5.41013 5.31166 791.80206
6493.81789 163.68201 5.39869 5.29888 791.63009
6493.24662 163.21073 5.38349 5.28362 790.32529
6492.63402 162.67782 5.36520 5.26637 789.93991
6492.24612 162.34047 5.35380 5.25545 789.67220
6491.45195 161.67364 5.33135 5.23386 788.61443
6491.24562 161.49352 5.32526 5.22803 788.48258
6490.30042 160.66946 5.29721 5.20135 787.82344
6490.24512 160.62009 5.29554 5.19975 787.80570
6489.24462 159.79169 5.26747 5.17294 786.32857
6489.09951 159.66527 5.26317 5.16884 786.21604
6488.24412 158.96398 5.23954 5.14614 784.90158
6487.89481 158.66109 5.22932 5.13634 784.67478
6487.24362 158.08519 5.20962 5.11769 784.38315
6486.73929 157.65690 5.19522 5.10383 783.87608
6486.24312 157.22994 5.18070 5.09000 783.48969
6485.53330 156.65272 5.16109 5.07132 782.28688
6485.24262 156.42081 5.15344 5.06381 782.14455
6484.24212 155.64953 5.12680 5.03884 781.28271
6484.24099 155.64854 5.12677 5.03881 781.28274
6483.24162 154.75637 5.09833 5.00993 780.23102
6483.11275 154.64435 5.09503 5.00630 779.87032
6482.24112 153.87489 5.07044 4.98139 778.77857
6481.98042 153.64017 5.06242 4.97379 778.89674
6481.24062 153.02885 5.04119 4.95400 778.03181
6480.78554 152.63598 5.02803 4.94128 777.71242
6480.24012 152.17579 5.01243 4.92639 777.25808
6479.56217 151.63180 4.99357 4.90878 776.12944
6479.23962 151.35342 4.98428 4.89976 775.96959
6478.35346 150.62762 4.95962 4.87627 774.81793
6478.23912 150.53220 4.95630 4.87318 774.70821
6477.23862 149.70370 4.92828 4.84636 773.47153
6477.13741 149.62343 4.92553 4.84376 773.31248
6476.23812 148.95006 4.90253 4.82196 772.58226
6475.83792 148.61925 4.89145 4.81125 772.51192
6475.23762 148.12269 4.87464 4.79518 771.71694
6474.60948 147.61506 4.85742 4.77874 770.87855
6474.23712 147.29935 4.84651 4.76852 770.68439
6473.41658 146.61088 4.82335 4.74623 770.01618
6473.23662 146.44343 4.81822 4.74081 769.89437
6472.29245 145.60669 4.79258 4.71373 768.33833
6472.23612 145.56161 4.79110 4.71227 768.26058
6471.23562 144.80000 4.76473 4.68761 766.26455
6470.99686 144.60251 4.75797 4.68122 766.02306
6470.23512 143.94566 4.73593 4.65995 765.80949
6469.80795 143.59833 4.72408 4.64871 765.36179
6469.23462 143.13079 4.70810 4.63357 764.73824
6468.57751 142.59414 4.68989 4.61620 764.09075
6468.23412 142.31992 4.68053 4.60732 763.54406
6467.23362 141.59123 4.65557 4.58373 761.91323
6467.23205 141.58996 4.65553 4.58369 761.91546
6466.23312 140.80780 4.62895 4.55837 761.00218
6465.95682 140.58577 4.62131 4.55118 760.62200
6465.23262 139.99127 4.60107 4.53194 760.08821
6464.71270 139.58159 4.58722 4.51867 759.30234
6464.23212 139.20991 4.57436 4.50664 758.50237
6463.46663 138.57741 4.55296 4.48617 757.94475
6463.23162 138.38060 4.54631 4.47980 757.82909
6462.23112 137.62295 4.51984 4.45527 756.07280
6462.16970 137.57322 4.51816 4.45366 756.00816
6461.23062 136.71948 4.49252 4.42602 755.04167
6461.06716 136.56904 4.48787 4.42115 754.96671
6460.23012 135.90260 4.46490 4.39957 754.11302
6459.80642 135.56485 4.45338 4.38864 753.62408
6459.22961 135.10019 4.43773 4.37360 753.04122
6458.45458 134.56067 4.41895 4.35613 752.32561
6458.22911 134.39648 4.41336 4.35082 751.96926
6457.22861 133.61918 4.38684 4.32565 750.38105
6457.14966 133.55649 4.38464 4.32362 750.31097
6456.22811 132.82614 4.35982 4.29998 749.33673
6455.88583 132.55230 4.35048 4.29112 749.03211
6455.22761 132.04896 4.33312 4.27482 747.97870
6454.58323 131.54812 4.31616 4.25861 747.11580
6454.22711 131.27466 4.30681 4.24975 746.57432
6453.25795 130.54393 4.28174 4.22610 744.86806
6453.22661 130.51704 4.28083 4.22523 744.88047
6452.22611 129.72189 4.25370 4.19949 743.95078
6451.98790 129.53975 4.24735 4.19359 743.65516
6451.22561 128.95298 4.22721 4.17459 742.64499
6450.74408 128.53556 4.21447 4.16108 742.01304
6450.22511 128.08758 4.20105 4.14658 740.94179
6449.46385 127.53138 4.18212 4.12857 740.62882
6449.22461 127.35184 4.17582 4.12276 740.83330
6448.22411 126.59494 4.15019 4.09826 739.27909
6448.13506 126.52720 4.14790 4.09606 739.15438
6447.22361 125.84439 4.12409 4.07396 737.65928
6446.82342 125.52301 4.11325 4.06356 737.47064
6446.22311 125.06004 4.09724 4.04857 736.77579
6445.49970 124.51883 4.07844 4.03105 735.58443
6445.22261 124.29701 4.07095 4.02387 735.46020
6444.22211 123.59691 4.04674 4.00120 732.76778
6444.11814 123.51464 4.04389 3.99854 732.71174
6443.22161 122.80694 4.01977 3.97563 732.12383
6442.83852 122.51046 4.00948 3.96603 731.78288
6442.22111 122.03572 3.99319 3.95066 731.12383
6441.51391 121.50628 3.97508 3.93352 730.07617
6441.22061 121.28618 3.96751 3.92640 730.31122
6440.22011 120.65178 3.94569 3.90586 727.48914
6440.03142 120.50209 3.94055 3.90101 727.32241
6439.21961 119.84330 3.91759 3.87969 727.61403
6438.74414 119.49791 3.90662 3.86851 725.97050
6438.21911 119.07754 3.89408 3.85490 724.46259
6437.52791 118.49372 3.87496 3.83600 724.51357
6437.21861 118.25842 3.86669 3.82838 724.33075
6436.21811 117.54345 3.84181 3.80523 722.24045
6436.14857 117.48954 3.83993 3.80349 722.19127
6435.21761 116.79669 3.81605 3.78106 720.91788
6434.79299 116.48536 3.80516 3.77098 720.23847
6434.21711 116.04780 3.78998 3.75682 719.68352
6433.41443 115.48117 3.77050 3.73847 717.90854
6433.21661 115.33892 3.76554 3.73387 717.54769
6432.21611 114.57610 3.73911 3.70917 716.87095
6432.06538 114.47699 3.73567 3.70596 716.74560
6431.21561 113.93709 3.71690 3.68849 714.99159
6430.59236 113.47280 3.70079 3.67346 714.03548
6430.21511 113.17696 3.69054 3.66388 714.02934
6429.21461 112.49002 3.66664 3.64164 711.37630
6429.18672 112.46862 3.66590 3.64095 711.35709
6428.21411 111.74396 3.64055 3.61749 710.46111
6427.81899 111.46444 3.63064 3.60844 709.77153
6427.21361 111.00803 3.61565 3.59366 708.52063
6426.54935 110.46025 3.59919 3.57593 707.18856
6426.21311 110.19638 3.59040 3.56739 706.91048
6425.21261 109.51908 3.56633 3.54546 704.35182
6425.12636 109.45607 3.56411 3.54342 704.24389
6424.21211 108.79044 3.54090 3.52187 702.75041
6423.73069 108.45188 3.52906 3.51091 702.02090
6423.21161 108.10488 3.51686 3.49968 702.00063
6422.23507 107.44770 3.49374 3.47840 699.67623
6422.21111 107.42906 3.49309 3.47780 699.67268
6421.21061 106.72782 3.46837 3.45510 697.64513
6420.79618 106.44351 3.45828 3.44590 696.60860
6420.21011 106.02988 3.44364 3.43251 695.49258
6419.42538 105.43933 3.42287 3.41339 695.08179
6419.20960 105.27463 3.41706 3.40806 695.04083
6418.20910 104.60702 3.39321 3.38644 692.05833
6417.97792 104.43515 3.38712 3.38088 691.88274
6417.20860 103.90393 3.36822 3.36368 690.15856
6416.53738 103.43096 3.35128 3.34837 688.91053
6416.20810 103.18247 3.34248 3.34033 688.74335
6415.20760 102.49608 3.31765 3.31811 686.51188
6415.10201 102.42678 3.31509 3.31586 686.12964
6414.20710 101.79177 3.29325 3.29530 685.00120
6413.70719 101.42259 3.28176 3.28335 684.35699
6413.20660 101.08963 3.27065 3.27257 681.86932
6412.23279 100.41841 3.24600 3.25085 679.83660
6412.20610 100.39849 3.24527 3.25020 679.83322
6411.20560 99.70653 3.21996 3.22780 677.56544
6410.77795 99.41423 3.20919 3.21834 676.54961
6410.20510 99.01170 3.19429 3.20531 675.51710
6409.27795 98.41004 3.17185 3.18583 672.21395
6409.20460 98.35965 3.16999 3.18420 672.04453
6408.20410 97.67284 3.14418 3.16196 669.68925
6407.81934 97.40586 3.13414 3.15332 668.86453
6407.20360 96.98410 3.11820 3.13967 667.44378
6406.37527 96.40167 3.09600 3.12081 665.70432
6406.20310 96.27176 3.09107 3.11661 665.77458
6405.20260 95.68204 3.06802 3.09751 662.92656
6404.77831 95.39749 3.05689 3.08830 661.69067
6404.20210 95.00156 3.04131 3.07549 660.12331
6403.28968 94.39331 3.01704 3.05579 657.18292
6403.20160 94.33368 3.01460 3.05386 656.93422
6402.20110 93.67182 2.98695 3.03244 653.92215
6401.79951 93.38912 2.97603 3.02329 652.44438
6401.20060 92.94915 2.96101 3.00904 649.59021
6400.42042 92.38494 2.94167 2.99078 647.35064
6400.20010 92.22756 2.93501 2.98568 647.02804
6399.19960 91.61666 2.90590 2.96591 641.72817
6398.86670 91.38075 2.89711 2.95827 641.03714
6398.19910 90.92668 2.87718 2.94357 638.93269
6397.40658 90.37657 2.85108 2.92576 636.73086
6397.19860 90.22108 2.84441 2.92073 636.55458
6396.19810 89.67708 2.82207 2.90312 630.61493
6395.73279 89.37238 2.80881 2.89325 629.04965
6395.19760 89.00290 2.79083 2.88129 627.02513
6394.19710 88.37086 2.76561 2.86083 621.26239
6394.19342 88.36820 2.76551 2.86074 621.25487
6393.19660 87.71029 2.73818 2.83945 616.29446
6392.67089 87.36402 2.72092 2.82824 613.51864
6392.19610 87.06002 2.71796 2.81839 610.49843
6391.19560 86.36314 2.70003 2.79583 606.40215
6391.19061 86.35983 2.69972 2.79573 606.37302
6390.19510 85.80239 2.63387 2.77768 595.51359
6389.47520 85.35565 2.58962 2.76322 589.11684
6389.19460 85.16628 2.57762 2.75709 587.29255
6388.19410 84.46695 2.55667 2.73445 582.72829
6388.00476 84.35146 2.55133 2.73071 581.52811
6387.19360 83.84070 2.51256 2.71418 572.82088
6386.54129 83.34728 2.47106 2.69820 567.04023
6386.19310 83.12031 2.46044 2.69085 563.56238
6385.19260 82.59946 2.43367 2.67399 546.74815
6384.80995 82.34310 2.40447 2.66569 542.61564
6384.19210 81.87053 2.36838 2.65039 538.24836
6383.42652 81.33891 2.34276 2.63318 529.82892
6383.19160 81.19378 2.33654 2.62849 526.23198
6382.19110 80.59532 2.27156 2.60911 509.38176
6381.86508 80.33473 2.25825 2.60068 506.71604
6381.19060 79.91257 2.23928 2.58701 495.39815
6380.45388 79.33054 2.16959 2.56817 487.64003
6380.19010 79.08992 2.17141 2.56038 485.81206
6379.18959 78.38235 2.16419 2.53747 468.05930
6379.12370 78.32636 2.16186 2.53566 467.42307
6378.18909 77.40061 2.15273 2.50569 461.93697
6378.10783 77.32218 2.15103 2.50315 460.84664
6377.18859 76.43026 2.13819 2.47428 447.54144
6377.06195 76.31799 2.14038 2.47064 445.60562
6376.18809 75.60219 2.14125 2.44747 430.31448
6375.78354 75.31381 2.14623 2.43813 422.10175
6375.18759 74.90566 2.15958 2.42492 411.15024
6374.18709 74.36250 2.16425 2.40734 393.67348
6374.09928 74.30962 2.16514 2.40563 392.39707
6373.18659 73.80992 2.17934 2.38945 378.86115
6372.31132 73.30544 2.18306 2.37312 367.73278
6372.18609 73.21843 2.18239 2.37030 366.51074
6371.18559 72.67886 2.18874 2.35283 354.46718
6370.47647 72.30126 2.19835 2.34061 347.18403
6370.18509 72.12559 2.19517 2.33492 345.22196
6369.18459 71.58534 2.19205 2.31743 335.70832
6368.70739 71.29707 2.19480 2.30810 331.49852
6368.18409 70.92444 2.19886 2.29604 327.82262
6367.18359 70.30045 2.18814 2.27584 319.74714
6367.17269 70.29289 2.18800 2.27559 319.67056
6366.18309 69.60067 2.19688 2.25318 312.83548
6365.74697 69.28870 2.18793 2.24308 309.94120
6365.18259 68.86938 2.18135 2.22951 306.38327
6364.34102 68.28452 2.18221 2.21057 300.75883
6364.18209 68.15212 2.18027 2.20629 299.90827
6363.18159 67.39242 2.16600 2.18169 293.92632
6363.03713 67.28033 2.16391 2.17807 293.09742
6362.18109 66.56211 2.16255 2.15482 288.53673
6361.80187 66.27615 2.15369 2.14556 286.52213
6361.18059 65.78814 2.14176 2.12976 283.25483
6360.56686 65.27197 2.14635 2.11305 279.89934
6360.18009 64.93257 2.13083 2.10206 278.03808
6359.37964 64.26778 2.12040 2.08054 273.81728
6359.17959 64.09099 2.12154 2.07482 272.83306
6358.23684 63.26360 2.09476 2.04803 268.17554
6358.17909 63.21193 2.09362 2.04636 267.89632
6357.17859 62.37551 2.08003 2.01928 262.75344
6357.04222 62.25941 2.07597 2.01552 262.06879
6356.17809 61.52619 2.05665 1.99179 257.73855
6355.85223 61.25523 2.05115 1.98302 256.09406
6355.17759 60.66220 2.03808 1.96382 252.84960
6354.69022 60.25105 2.02320 1.95051 250.44512
6354.17709 59.79929 2.01458 1.93588 248.02719
6353.53093 59.24686 2.00224 1.91800 244.85939
6353.17659 58.93630 1.98827 1.90794 243.16900
6352.25996 58.24268 1.97653 1.88549 239.31160
6352.17609 58.17026 1.97510 1.88315 238.96119
6351.20780 57.23849 1.94458 1.85298 234.33239
6351.17559 57.20910 1.94426 1.85203 234.18346
6350.17509 56.31626 1.91949 1.82313 229.65806
6350.08432 56.23431 1.91605 1.82047 229.24574
6349.17459 55.40320 1.89730 1.79357 225.15636
6348.99466 55.23013 1.89143 1.78796 224.36914
6348.17409 54.41876 1.86272 1.76170 220.80804
6347.97210 54.22594 1.85884 1.75546 219.91446
6347.17359 53.40925 1.82901 1.72902 216.46824
6346.98314 53.22176 1.82344 1.72295 215.63289
6346.17309 52.35034 1.79783 1.69474 212.16034
6346.04924 52.21757 1.79182 1.69044 211.62606
6345.17259 51.30710 1.76359 1.66096 207.79009
6345.08037 51.21339 1.76086 1.65793 207.38676
6344.17209 50.23701 1.72347 1.62632 203.36942
6344.13930 50.20921 1.72290 1.62542 203.21789
6343.17159 49.39985 1.69703 1.59922 199.31603
6342.93489 49.20502 1.68859 1.59291 198.37707
6342.17109 48.63419 1.67533 1.57443 194.94071
6341.60470 48.20084 1.66275 1.56041 192.46946
6341.17059 47.89856 1.65297 1.55062 190.60658
6340.17009 47.24118 1.63083 1.52934 186.40836
6340.10729 47.19665 1.62949 1.52790 186.14980
6339.16958 46.50343 1.60737 1.50546 182.32059
6338.76005 46.19247 1.59571 1.49539 180.67188
6338.16908 45.77570 1.58313 1.48190 178.32314
6337.41259 45.18828 1.56311 1.46288 175.34595
6337.16858 44.97326 1.55515 1.45592 174.37527
6336.23132 44.18410 1.52915 1.43037 170.70636
6336.16808 44.12425 1.52701 1.42843 170.45417
6335.16758 43.18556 1.49441 1.39805 166.51373
6335.16085 43.17992 1.49422 1.39786 166.49006
6334.16708 42.31692 1.46395 1.36993 162.90667
6334.01888 42.17573 1.45891 1.36535 162.31516
6333.16658 41.35022 1.43080 1.33863 158.89921
6332.97685 41.17155 1.42455 1.33285 158.15361
6332.16608 40.42872 1.39874 1.30880 154.98269
6331.86203 40.16736 1.39077 1.30034 153.86023
6331.16558 39.50363 1.37079 1.27885 151.22859
6330.78331 39.16318 1.35866 1.26783 149.78176
6330.16508 38.71717 1.34280 1.25339 147.60909
6329.43114 38.15900 1.32458 1.23532 145.02748
6329.16458 37.95418 1.31676 1.22869 144.09333
6328.16408 37.27229 1.29361 1.20662 140.79316
6327.99759 37.15481 1.28961 1.20281 140.24491
6327.16358 36.53071 1.26711 1.18261 137.42619
6326.57567 36.15063 1.25385 1.17030 135.64173
6326.16308 35.90730 1.24544 1.16243 134.51910
6325.16258 35.22150 1.22181 1.14023 131.42562
6325.05790 35.14644 1.21900 1.13780 131.09212
6324.16208 34.56820 1.19858 1.11908 128.42964
6323.53944 34.14226 1.18410 1.10529 126.55115
6323.16158 33.86456 1.17394 1.09630 125.37766
6322.16108 33.20625 1.15069 1.07499 122.47933
6322.05197 33.13808 1.14829 1.07278 122.17566
6321.16058 32.58026 1.12906 1.05472 119.71171
6320.46572 32.13389 1.11300 1.04027 117.80472
6320.16008 31.97628 1.10741 1.03517 117.06745
6319.15958 31.48249 1.09018 1.01918 114.72981
6318.55772 31.12971 1.07824 1.00776 113.25972
6318.15908 30.85722 1.06978 0.99894 112.24963
6317.15858 30.24157 1.05007 0.97901 109.92298
6316.96949 30.12552 1.04615 0.97525 109.47997
6316.15808 29.62396 1.02808 0.95902 107.44080
6315.44162 29.12134 1.01016 0.94275 105.50163
6315.15758 28.92301 1.00318 0.93632 104.74544
6314.15708 28.17271 0.97670 0.91204 101.93771
6314.08489 28.11715 0.97473 0.91024 101.73080
6313.15658 27.36046 0.94781 0.88574 98.96209
6312.81789 27.11297 0.93918 0.87773 98.04248
6312.15608 26.72994 0.92562 0.86533 96.54626
6311.15558 26.26996 0.90938 0.85044 94.68238
6310.78895 26.10879 0.90369 0.84522 94.02611
6310.15508 25.86213 0.89499 0.83723 93.00992
6309.15458 25.43432 0.87975 0.82339 91.32372
6308.43676 25.10460 0.86790 0.81271 90.08462
6308.15408 24.98823 0.86368 0.80894 89.64015
6307.15358 24.50187 0.84619 0.79320 87.82870
6306.43449 24.10042 0.83191 0.78020 86.37627
6306.15308 23.92307 0.82561 0.77446 85.74878
6305.15258 23.35725 0.80532 0.75614 83.72764
6304.68518 23.09623 0.79578 0.74769 82.78002
6304.15208 22.75767 0.78395 0.73673 81.60278
6303.15158 22.15833 0.76513 0.71733 79.72245
6303.03445 22.09205 0.76311 0.71519 79.52094
6302.15108 21.76061 0.75227 0.70446 78.43229
6301.15058 21.33328 0.73686 0.69062 76.92821
6300.66641 21.08787 0.72791 0.68268 76.07105
6300.15008 20.81419 0.71803 0.67382 75.12308
6299.14957 20.36398 0.70196 0.65924 73.59819
6298.62316 20.08368 0.69198 0.65017 72.64270
6298.14907 19.80661 0.68209 0.64120 71.69797
6297.14857 19.27190 0.66295 0.62389 69.88924
6296.74940 19.07950 0.65610 0.61766 69.24104
6296.14807 18.82575 0.64703 0.60945 68.39556
6295.14757 18.38268 0.63120 0.59510 66.91670
6294.52128 18.07531 0.62018 0.58515 65.88808
6294.14707 17.92345 0.61470 0.58024 65.38425
6293.14657 17.53009 0.60052 0.56750 64.09548
6292.14607 17.07817 0.58432 0.55287 62.59395
6292.13095 17.07113 0.58407 0.55264 62.57063
6291.14557 16.62783 0.56813 0.53829 61.10685
6290.14507 16.23890 0.55415 0.52570 59.83299
6289.73607 16.06695 0.54800 0.52014 59.26889
6289.14457 15.81051 0.53883 0.51183 58.42455
6288.14407 15.38731 0.52359 0.49813 57.03019
6287.34560 15.06276 0.51190 0.48763 55.96963
6287.14357 15.00655 0.50985 0.48581 55.79501
6286.14307 14.73681 0.50006 0.47707 54.97397
6285.14257 14.44291 0.48939 0.46756 54.05781
6284.14207 14.06194 0.47546 0.45523 52.79935
6284.13436 14.05858 0.47533 0.45512 52.78771
6283.14157 13.59397 0.45858 0.44008 51.21713
6282.14107 13.12870 0.44361 0.42502 49.81394
6281.95922 13.05439 0.44126 0.42261 49.59078
6281.14057 12.64231 0.42833 0.40927 48.32981
6280.14007 12.12124 0.40969 0.39240 46.52125
6279.97745 12.05021 0.40707 0.39010 46.27072
6279.13957 11.71053 0.39478 0.37910 45.10391
6278.13907 11.30059 0.38023 0.36583 43.70060
6277.40286 11.04603 0.37109 0.35759 42.84569
6277.13857 10.99997 0.36938 0.35610 42.71342
6276.13807 10.84934 0.36366 0.35123 42.29241
6275.13757 10.70432 0.35811 0.34653 41.89523
6274.13707 10.54585 0.35211 0.34140 41.44543
6273.13657 10.41118 0.34696 0.33704 41.07200
6272.13607 10.28948 0.34218 0.33310 40.75334
6271.13557 10.14646 0.33663 0.32847 40.34360
6270.33019 10.04184 0.33247 0.32508 40.06142
6270.13507 10.00704 0.33114 0.32396 39.95514
6269.13457 9.74646 0.32148 0.31552 39.05942
6268.13407 9.46195 0.31095 0.30631 38.05522
6267.13357 9.14382 0.29929 0.29601 36.91515
6266.87768 9.03766 0.29552 0.29258 36.51707
6266.13307 8.68179 0.28293 0.28106 35.16523
6265.13257 8.12356 0.26290 0.26298 32.99868
6264.98202 8.03347 0.25965 0.26007 32.64844
6264.13207 7.50051 0.24064 0.24281 30.55387
6263.46791 7.02929 0.22401 0.22756 28.67148
6263.13157 6.74978 0.21406 0.21851 27.55204
6262.30834 6.02510 0.18837 0.19505 24.63834
6262.13107 5.83190 0.18155 0.18880 23.84955
6261.40374 5.02092 0.15299 0.16254 20.53387
0.00000 0.00000 0.00000 0.00000 0.00000
