6569.28290 246.79597 8.13296 7.98953 727.34580
6568.61655 246.14184 8.11120 7.96835 726.58551
6568.37234 245.90375 8.10332 7.96064 726.29233
6567.65538 245.22253 8.08057 7.93859 725.31514
6567.55269 245.11690 8.07708 7.93517 725.23215
6566.79800 244.44460 8.05463 7.91341 723.81356
6566.38073 244.06307 8.04164 7.90105 723.21276
6565.46850 243.18256 8.01425 7.87255 721.50628
6565.42183 243.13803 8.01298 7.87111 721.40888
6564.46777 242.23866 7.98447 7.84199 720.62749
6564.23754 242.01222 7.97677 7.83466 720.42295
6563.29070 241.07318 7.94552 7.80426 719.32671
6563.07634 240.85604 7.93829 7.79723 719.14839
6562.17203 239.91358 7.90697 7.76672 718.55098
6562.33532 240.07909 7.91247 7.77208 718.69926
6561.38709 239.16353 7.88197 7.74244 717.50096
6561.49254 239.26306 7.88528 7.74566 717.65315
6560.49065 238.33701 7.85435 7.71568 716.05686
6560.33158 238.18653 7.84933 7.71081 715.83257
6559.36810 237.26450 7.81858 7.68096 714.54625
6559.22909 237.13077 7.81412 7.67663 714.36601
6558.36562 236.29063 7.78611 7.64944 713.33100
6558.75424 236.64234 7.79789 7.66082 714.01701
6557.72515 235.78690 7.76916 7.63313 711.60315
6556.99754 235.09624 7.74612 7.61077 710.60511
6556.32139 234.43758 7.72405 7.58945 709.75241
6555.95495 234.08553 7.71369 7.57805 709.27119
6555.29177 233.42812 7.69416 7.55677 708.66869
6554.81170 232.96599 7.67844 7.54181 708.07931
6554.03817 232.15799 7.65152 7.51565 707.59783
6554.07293 232.17535 7.65212 7.51621 707.77298
6553.50500 231.66393 7.63502 7.49966 706.76633
6552.94738 231.13726 7.61744 7.48261 705.96827
6552.33395 230.53992 7.59754 7.46327 705.24642
6551.91600 230.14148 7.58425 7.45037 704.68641
6551.35692 229.60167 7.56617 7.43289 703.99076
6550.97230 229.23502 7.55391 7.42103 703.47445
6550.41579 228.72430 7.53686 7.40449 702.55786
6549.74927 228.07933 7.51536 7.38361 701.73667
6549.56372 227.88573 7.50892 7.37734 701.63457
6549.07907 227.47772 7.49521 7.36414 700.54285
6548.41473 226.88253 7.47533 7.34487 699.32053
6547.61619 226.10922 7.44919 7.31983 698.51747
6547.40867 225.91214 7.44285 7.31345 698.40663
6546.65964 225.20586 7.42238 7.29059 697.24043
6546.48338 225.04521 7.41740 7.28539 696.82735
6545.53040 224.15975 7.38750 7.25672 695.34642
6544.95624 223.57117 7.36804 7.23767 694.90534
6544.22807 222.78828 7.34201 7.21232 694.68932
6544.43318 222.99773 7.34900 7.21911 694.84364
6543.59787 222.21934 7.32291 7.19391 693.59623
6543.44669 222.08072 7.31827 7.18942 693.35042
6542.48544 221.17957 7.28821 7.16025 691.95436
6542.38270 221.08095 7.28490 7.15705 691.82409
6541.38885 220.13679 7.25332 7.12649 690.49148
6541.64035 220.36749 7.26102 7.13396 690.89702
6540.62701 219.46932 7.23096 7.10488 688.99313
6540.57055 219.41524 7.22915 7.10313 688.92169
6539.62453 218.59389 7.20153 7.07654 686.99980
6539.11618 218.11328 7.18550 7.06098 686.28163
6538.42553 217.45764 7.16358 7.03976 685.43138
6538.11986 217.17763 7.15405 7.03069 685.37408
6537.41102 216.50862 7.13260 7.00903 684.76720
6537.02217 216.14250 7.12194 6.99718 683.68974
6536.30268 215.46104 7.10028 6.97512 682.41274
6535.73734 214.89250 7.08119 6.95671 681.97467
6535.19330 214.34042 7.06270 6.93884 681.57216
6534.90990 214.06106 7.05334 6.92980 681.28852
6534.43651 213.61188 7.03840 6.91526 680.66027
6533.96018 213.17343 7.02372 6.90106 679.91518
6533.44832 212.69099 7.00752 6.88545 679.21579
6532.97695 212.25490 6.99293 6.87133 678.50545
6532.53250 211.86008 6.97973 6.85855 677.67823
6531.79367 211.17556 6.95678 6.83639 676.58684
6531.68761 211.06948 6.95323 6.83295 676.49854
6530.92797 210.42449 6.93160 6.81207 674.83014
6530.46933 210.01229 6.91776 6.79873 674.01122
6529.55868 209.16413 6.88945 6.77127 673.23985
6529.43720 209.05248 6.88573 6.76766 673.24157
6528.45627 208.13308 6.85517 6.73789 672.07991
6528.44101 208.11878 6.85474 6.73743 672.04272
6527.44278 207.18628 6.82645 6.70724 669.80030
6527.44836 207.19165 6.82663 6.70742 669.80674
6526.47961 206.30041 6.79688 6.67856 668.30636
6525.99016 205.82738 6.78098 6.66325 667.79189
6525.08899 204.89863 6.74999 6.63318 667.29797
6525.40551 205.19984 6.76008 6.64293 667.68351
6524.55433 204.43263 6.73430 6.61810 666.26722
6524.24935 204.15242 6.72490 6.60903 665.79760
6523.56500 203.51489 6.70364 6.58839 664.81996
6523.54664 203.50806 6.70340 6.58817 664.70097
6522.75173 202.84857 6.68114 6.56682 662.86939
6522.04607 202.21681 6.65992 6.54636 661.64506
6521.49291 201.71099 6.64296 6.52999 660.78881
6520.88698 201.15053 6.62413 6.51185 659.85661
6520.59500 200.87917 6.61509 6.50306 659.73992
6519.93458 200.29969 6.59582 6.48430 659.29511
6519.52154 199.92989 6.58343 6.47233 658.59992
6518.69563 199.17063 6.55767 6.44775 657.38516
6518.48224 198.97714 6.55145 6.44149 656.97049
6517.53807 198.10262 6.52544 6.41318 654.64374
6517.30954 197.87988 6.51809 6.40597 654.39584
6516.39693 197.00083 6.48835 6.37751 653.51101
6516.54016 197.13491 6.49280 6.38185 653.70756
6515.54082 196.22911 6.46250 6.35253 652.11584
6515.40213 196.10092 6.45822 6.34837 651.91963
6514.47082 195.23268 6.42912 6.32027 650.67144
6514.68806 195.42641 6.43562 6.32654 651.04979
6513.77962 194.66320 6.40993 6.30183 649.05149
6513.44229 194.36638 6.39995 6.29222 648.45481
6512.68546 193.72374 6.37827 6.27142 646.79751
6512.00778 193.10933 6.35772 6.25153 646.18905
6511.46332 192.59745 6.34067 6.23496 646.16354
6510.95401 192.13304 6.32499 6.21992 645.43030
6510.53307 191.74250 6.31194 6.20728 644.77455
6509.98585 191.25226 6.29546 6.19141 643.90399
6509.63123 190.94501 6.28490 6.18146 643.30264
6508.75933 190.16585 6.26024 6.15624 641.39187
6508.49494 189.91441 6.25300 6.14810 640.74205
6507.62821 189.12766 6.22743 6.12263 639.18894
6507.23693 188.75199 6.21470 6.11047 638.84605
6506.38304 187.90920 6.18658 6.08318 638.19554
6506.80067 188.29062 6.19935 6.09553 638.80369
6505.82299 187.46915 6.17169 6.06894 636.70646
6505.86554 187.50336 6.17285 6.07005 636.81109
6504.86006 186.68588 6.14517 6.04358 634.40607
6504.23344 186.13274 6.12660 6.02568 633.36301
6503.52371 185.48092 6.10472 6.00457 632.29051
6503.30092 185.28070 6.09800 5.99809 631.93943
6502.67474 184.74447 6.08003 5.98073 631.27251
6502.05162 184.18816 6.06134 5.96272 630.88862
6501.59055 183.77516 6.04742 5.94935 630.08119
6500.87552 183.13670 6.02607 5.92868 628.92972
6500.60948 182.88431 6.01762 5.92051 628.66478
6499.89536 182.26543 5.99637 5.90048 627.46868
6499.70920 182.09990 5.99080 5.89512 627.14980
6498.78769 181.30683 5.96746 5.86945 624.35924
6498.62395 181.16559 5.96292 5.86487 623.99124
6497.60690 180.26285 5.93249 5.83565 622.37329
6497.18309 179.86930 5.91925 5.82291 621.84622
6496.29518 178.99564 5.88999 5.79463 621.26504
6497.00393 179.61339 5.91080 5.81462 622.51466
6495.97865 178.82295 5.88400 5.78904 619.68860
6495.26076 178.19740 5.86301 5.76878 618.42812
6494.64632 177.65753 5.84478 5.75131 617.38611
6494.14058 177.21225 5.82986 5.73689 617.13155
6493.73832 176.85691 5.81802 5.72539 617.02715
6493.08127 176.30438 5.79935 5.70750 615.80644
6492.70945 175.97727 5.78831 5.69691 615.01283
6491.91050 175.29227 5.76525 5.67474 613.51748
6491.60195 175.02611 5.75625 5.66612 612.95305
6490.61565 174.14244 5.72652 5.63751 611.51807
6490.88025 174.36873 5.73409 5.64484 612.02809
6489.85932 173.52814 5.70575 5.61763 609.78542
6489.61229 173.31505 5.69839 5.61073 609.40195
6488.82221 172.64857 5.67657 5.58915 607.61447
6488.15987 172.08701 5.66013 5.57097 605.52986
6487.39416 171.35954 5.63595 5.54742 604.76736
6487.27261 171.24238 5.63194 5.54363 604.69560
6486.77802 170.83681 5.61827 5.53050 603.61296
6486.07112 170.22291 5.59760 5.51063 602.39992
6485.77181 169.96171 5.58881 5.50217 601.82734
6484.99084 169.30607 5.56673 5.48095 600.91903
6484.67319 169.03030 5.55747 5.47202 600.80935
6483.72397 168.20273 5.52959 5.44523 599.30222
6483.85216 168.30970 5.53319 5.44869 599.57169
6482.84220 167.47342 5.50494 5.42162 597.49353
6482.72516 167.37031 5.50148 5.41828 597.31000
6481.84130 166.64537 5.47701 5.39481 595.38407
6481.29551 166.17436 5.46109 5.37956 594.45229
6480.68411 165.63322 5.44287 5.36204 593.54936
6480.24155 165.25818 5.43029 5.34990 592.67998
6479.84432 164.91468 5.41852 5.33878 592.07491
6479.24511 164.42824 5.40191 5.32304 590.79847
6479.10725 164.31747 5.39835 5.31945 590.41721
6478.13610 163.56890 5.37602 5.29522 586.84650
6477.58145 163.10846 5.36087 5.28031 585.58695
6476.59316 162.22618 5.33101 5.25175 584.46894
6476.50206 162.14760 5.32839 5.24920 584.40055
6475.60612 161.35665 5.30173 5.22360 583.99052
6475.52339 161.27606 5.29901 5.22099 583.93055
6474.80685 160.68434 5.27901 5.20183 582.40127
6474.29742 160.24547 5.26420 5.18763 581.58769
6473.89549 159.90532 5.25272 5.17661 580.83617
6473.21235 159.35707 5.23422 5.15887 579.30495
6472.84931 159.04523 5.22368 5.14877 578.68697
6472.00890 158.35720 5.20035 5.12650 576.89146
6471.85819 158.23179 5.19611 5.12244 576.59784
6470.87539 157.41793 5.16858 5.09609 574.65740
6471.12071 157.61088 5.17510 5.10234 575.25295
6470.12353 156.86282 5.14971 5.07812 572.44178
6469.46516 156.32561 5.13159 5.06073 571.02792
6468.90866 155.86506 5.11595 5.04582 569.94240
6468.25514 155.33662 5.09779 5.02871 568.57933
6467.79711 154.94960 5.08548 5.01618 567.48123
6466.91592 154.20966 5.06345 4.99223 565.99002
6466.57462 153.90117 5.05315 4.98224 565.70155
6465.68032 153.10868 5.02606 4.95659 564.50482
6466.16860 153.51053 5.03970 4.96960 565.49227
6465.11520 152.70826 5.01246 4.94362 562.65132
6464.50312 152.20721 4.99554 4.92740 561.39901
6463.78248 151.58526 4.97447 4.90727 560.28543
6463.49288 151.35203 4.96656 4.89972 559.65220
6462.91184 150.87821 4.95057 4.88438 558.44616
6462.28108 150.36299 4.93308 4.86770 557.15112
6462.25325 150.33423 4.93211 4.86677 557.16074
6461.34567 149.67406 4.90960 4.84540 554.41405
6461.06683 149.46334 4.90243 4.83858 553.65272
6460.04644 148.66432 4.87537 4.81271 551.18111
6459.63405 148.33320 4.86413 4.80199 550.41126
6458.95183 147.77277 4.84537 4.78385 549.23641
6458.55763 147.46290 4.83480 4.77382 548.88887
6457.95730 146.99622 4.81851 4.75871 547.81018
6457.08497 146.27640 4.79567 4.73541 545.48231
6457.11818 146.29426 4.79621 4.73598 545.67822
6456.17873 145.58339 4.77447 4.71297 542.35035
6455.46767 144.99500 4.75419 4.69392 541.10102
6454.49703 144.11263 4.72442 4.66536 540.13991
6454.74272 144.31510 4.73128 4.67191 540.61534
6453.99984 143.72459 4.71120 4.65280 538.94712
6453.54992 143.36589 4.69903 4.64118 537.95159
6453.26653 143.12774 4.69096 4.63347 537.46557
6452.70157 142.74009 4.67766 4.62092 535.50485
6452.13834 142.32759 4.66364 4.60757 533.83839
6451.08729 141.51121 4.63587 4.58114 531.27974
6450.93795 141.39324 4.63184 4.57732 530.95569
6450.00719 140.65558 4.60677 4.55344 528.78696
6449.75129 140.44961 4.59977 4.54678 528.58161
6449.12215 139.96877 4.58347 4.53121 527.81126
6448.46286 139.45641 4.56603 4.51462 526.16013
6448.18785 139.24506 4.55882 4.50778 525.44717
6447.22105 138.51613 4.53406 4.48418 522.83499
6446.99550 138.33836 4.52803 4.47843 522.30894
6446.03218 137.57270 4.50175 4.45364 520.27507
6445.89429 137.46868 4.49828 4.45027 519.86962
6444.94392 136.73374 4.47537 4.42648 516.74646
6444.20215 136.09884 4.45483 4.40593 515.25821
6444.05340 135.95587 4.45016 4.40130 515.15118
6443.53952 135.58758 4.43766 4.38938 513.49760
6443.19731 135.33129 4.42885 4.38108 512.55961
6442.18912 134.56858 4.40284 4.35639 509.90345
6442.13415 134.52651 4.40141 4.35503 509.75047
6441.14466 133.78456 4.37608 4.33101 507.52738
6440.65375 133.39290 4.36278 4.31833 507.16209
6440.17931 133.02700 4.35027 4.30648 505.98658
6439.43556 132.47032 4.33123 4.28846 503.86205
6439.37097 132.40617 4.32906 4.28638 503.87524
6438.44175 131.75702 4.30685 4.26537 500.77241
6437.92123 131.36310 4.29336 4.25262 499.37930
6437.04808 130.67380 4.26979 4.23030 497.38857
6436.73346 130.43057 4.26150 4.22243 496.60206
6436.17991 130.00465 4.24701 4.20864 495.21161
6435.51815 129.50946 4.22989 4.19261 493.39878
6435.70953 129.63052 4.23415 4.19653 494.15979
6434.71550 129.00039 4.21227 4.17613 490.12749
6433.74623 128.28003 4.18988 4.15281 486.53930
6433.06889 127.72800 4.17168 4.13494 484.90579
6432.66632 127.43895 4.16216 4.12558 483.42977
6431.85229 126.78881 4.14003 4.10453 482.38740
6431.19308 126.23129 4.12099 4.08649 481.89114
6431.34624 126.35258 4.12514 4.09041 482.20736
6430.38280 125.66436 4.10148 4.06813 479.00931
6430.16709 125.50340 4.09593 4.06292 478.41887
6429.26513 124.83211 4.07287 4.04119 475.85144
6428.80062 124.49107 4.06117 4.03015 474.46303
6428.32928 124.13072 4.04875 4.01848 473.23958
6427.63322 123.64068 4.03184 4.00262 470.90805
6427.18965 123.31863 4.02076 3.99219 469.51726
6426.22272 122.58105 3.99538 3.96832 466.92769
6426.68268 122.90471 4.00654 3.97879 468.47893
6425.58282 122.19976 3.98210 3.95597 463.96241
6424.54279 121.43539 3.95568 3.93123 460.83941
6424.40789 121.31798 3.95165 3.92743 460.61489
6423.54213 120.72549 3.93124 3.90825 457.76503
6423.20890 120.48521 3.92294 3.90047 457.24756
6422.29593 119.80468 3.89997 3.87844 454.98256
6421.89367 119.51990 3.89158 3.86922 452.75492
6421.01019 118.85135 3.86971 3.84757 449.86045
6420.24930 118.22617 3.84812 3.82734 448.26552
6420.45613 118.37301 3.85324 3.83209 448.95716
6419.58262 117.78366 3.83268 3.81301 445.65055
6419.23934 117.53957 3.82420 3.80511 444.45847
6418.37174 116.90772 3.80225 3.78465 441.71067
6418.07820 116.70109 3.79506 3.77796 440.68173
6417.63732 116.40713 3.78475 3.76845 438.93968
6416.63758 115.73432 3.76128 3.74667 435.06848
6416.46176 115.61105 3.75696 3.74268 434.43900
6415.49507 114.93347 3.73324 3.72074 431.01162
6415.07482 114.64510 3.72312 3.71141 429.40509
6414.30057 114.09694 3.70389 3.69366 426.85553
6413.40049 113.42061 3.68040 3.67177 425.16928
6413.56219 113.52731 3.68418 3.67522 425.85405
6412.57714 112.87025 3.66089 3.65395 421.76345
6412.22830 112.61695 3.65199 3.64575 420.60260
6411.49000 112.10744 3.63410 3.62925 417.78979
6410.68844 111.54206 3.61385 3.61095 414.95828
6410.45684 111.36312 3.60752 3.60516 414.27731
6409.56640 110.75301 3.58803 3.58541 410.06990
6409.34567 110.60385 3.58350 3.58058 408.95031
6408.36438 109.90735 3.55974 3.55803 405.07429
6407.96275 109.60803 3.54900 3.54834 403.80297
6407.57742 109.35476 3.53996 3.54014 402.18467
6406.54907 108.64613 3.51472 3.51720 398.06080
6406.50995 108.61760 3.51370 3.51628 397.91849
6405.53091 107.94048 3.48958 3.49436 394.81917
6405.07375 107.62776 3.47844 3.48423 393.45655
6404.64205 107.32148 3.46747 3.47432 391.71158
6403.81794 106.78788 3.44813 3.45704 388.03640
6403.54491 106.60392 3.44150 3.45109 386.89760
6402.53305 105.90930 3.41649 3.42860 382.75783
6402.14905 105.64283 3.40695 3.41998 381.24882
6401.49443 105.19418 3.39073 3.40545 378.47513
6400.57529 104.54785 3.36731 3.38453 374.83042
6400.97273 104.79486 3.37630 3.39252 376.72129
6399.97260 104.20536 3.35479 3.37344 371.65979
6399.15438 103.66620 3.33519 3.35599 367.99966
6398.60982 103.29169 3.32162 3.34386 365.70304
6397.73765 102.71045 3.30038 3.32505 361.91780
6397.67707 102.66912 3.29884 3.32371 361.66550
6396.61391 101.96539 3.27356 3.30093 357.20536
6395.94413 101.49557 3.25884 3.28572 354.53170
6395.31424 101.03313 3.24338 3.27075 351.72654
6394.57080 100.49555 3.22352 3.25334 348.82787
6394.87386 100.69108 3.23077 3.25967 350.18423
6393.83861 100.05821 3.20766 3.23918 345.18031
6393.18951 99.61298 3.19158 3.22477 342.37891
6392.53245 99.16616 3.17561 3.21031 339.51580
6391.64320 98.54868 3.15338 3.19032 335.70626
6392.18906 98.87582 3.16506 3.20091 338.41897
6391.18744 98.33117 3.14580 3.18327 333.14029
6390.14467 97.66533 3.12222 3.16172 328.35073
6389.73497 97.37904 3.11212 3.15245 326.61233
6388.85429 96.82393 3.09298 3.13448 322.60670
6388.68357 96.71335 3.08926 3.13090 321.82755
6387.69079 96.05810 3.06687 3.10969 318.19821
6387.22136 95.74868 3.05630 3.09967 316.29481
6386.58192 95.33535 3.04244 3.08629 313.41522
6385.48102 94.56946 3.01718 3.06150 308.89516
6386.30141 95.08312 3.03383 3.07813 312.51042
6385.14314 94.43244 3.01300 3.05706 307.18601
6384.10993 93.79448 2.99235 3.03641 302.76165
6383.49477 93.38285 2.98005 3.02308 300.23570
6382.54385 92.71769 2.96209 3.00155 296.32229
6382.69908 92.82789 2.96518 3.00512 296.91980
6381.53578 92.08626 2.94265 2.98111 292.43843
6380.69806 91.46249 2.92278 2.96092 289.45780
6381.34389 91.86589 2.93522 2.97397 291.88463
6380.29385 91.31739 2.91883 2.95622 287.87168
6378.92139 90.42547 2.89076 2.92734 283.11834
6378.31783 89.96331 2.87674 2.91238 281.42271
6377.82374 89.62196 2.86744 2.90133 279.79440
6378.03473 89.76155 2.87115 2.90585 280.50921
6376.75539 88.98895 2.84629 2.88084 276.38219
6376.22835 88.59471 2.82734 2.86808 274.74023
6375.39282 88.06031 2.80506 2.85078 272.28849
6374.10277 87.05475 2.76101 2.81822 268.48029
6374.19015 87.08996 2.76231 2.81936 268.70908
6373.36790 86.51302 2.73931 2.80069 266.45160
6372.11988 85.46405 2.71222 2.76673 262.90180
6371.15905 84.51246 2.68671 2.73592 260.11507
6371.14573 84.50056 2.68649 2.73554 260.07698
6370.26278 83.64365 2.67223 2.70780 257.69541
6370.68599 84.02170 2.67799 2.72003 258.72463
6370.01094 83.46621 2.66953 2.70205 257.14771
6370.06994 83.52081 2.67067 2.70382 257.29073
6370.06863 83.49613 2.66982 2.70302 257.26459
6369.38361 83.13328 2.66630 2.69127 255.77888
6369.26457 83.06323 2.66538 2.68901 255.48497
6368.28970 82.52889 2.65666 2.67171 253.35456
6367.22221 81.91363 2.65598 2.65179 251.11409
6367.32269 81.95612 2.65452 2.65317 251.29285
6366.45816 81.49086 2.66769 2.63810 249.60895
6365.63717 81.05232 2.68862 2.62391 248.08223
6365.33797 80.87233 2.69278 2.61808 247.50255
6364.29405 80.30788 2.66001 2.59981 245.66994
6363.19563 79.64096 2.56438 2.57822 243.64531
6362.71047 79.29340 2.52970 2.56697 242.60539
6361.88705 78.78259 2.51698 2.55043 241.08251
6361.44124 78.48742 2.51138 2.54087 240.21928
6360.42472 77.77631 2.47930 2.51785 238.13331
6359.84598 77.36201 2.47510 2.50444 236.92642
6359.37045 77.00689 2.47083 2.49294 235.89298
6358.51458 76.41179 2.45594 2.47368 234.17597
6358.08400 76.07761 2.45026 2.46286 233.18555
6357.12364 75.34862 2.44575 2.43926 231.26742
6356.65091 74.97555 2.43921 2.42718 230.32516
6355.87314 74.32160 2.42876 2.40601 228.41020
6355.68318 74.18574 2.42657 2.40161 228.02184
6354.87186 73.54700 2.41441 2.38094 226.19295
6354.06770 72.87203 2.40146 2.35909 224.24258
6353.72213 72.56767 2.39633 2.34923 223.36212
6352.94253 71.92047 2.38259 2.32828 221.48284
6352.57879 71.60294 2.37568 2.31800 220.54862
6351.63637 70.77585 2.35813 2.29123 218.16248
6351.75076 70.87199 2.36034 2.29434 218.44143
6350.75639 70.04072 2.34150 2.26743 216.05481
6350.57061 69.88295 2.33789 2.26232 215.60694
6349.72890 69.16870 2.32121 2.23920 213.58804
6349.31635 68.82374 2.31280 2.22803 212.59235
6348.63903 68.22839 2.29792 2.20876 210.89129
6348.15906 67.82363 2.28793 2.19565 209.74515
6347.62979 67.35792 2.27573 2.18058 208.43664
6346.99939 66.81911 2.26160 2.16314 206.88323
6346.97715 66.78276 2.26060 2.16196 206.77783
6346.18070 66.18262 2.24655 2.14253 205.27367
6345.27184 65.40430 2.22620 2.11733 203.23942
6344.27994 64.44993 2.19778 2.08644 200.52463
6344.51476 64.66788 2.20427 2.09349 201.12362
6343.51323 63.77412 2.17735 2.06456 198.61583
6343.34340 63.62078 2.17259 2.05960 198.19411
6342.39784 62.75682 2.14603 2.03163 195.80113
6341.98102 62.35816 2.13359 2.01872 194.68396
6341.16739 61.55362 2.10820 1.99268 192.48911
6340.86941 61.26524 2.09901 1.98334 191.70176
6340.04873 60.42611 2.07192 1.95617 189.39270
6339.71444 60.08951 2.06099 1.94528 188.49194
6338.85039 59.16049 2.03066 1.91520 186.00551
6338.83190 59.13927 2.02996 1.91452 185.94973
6337.97612 58.25051 2.00034 1.88574 183.55710
6337.77579 58.04296 1.99386 1.87902 183.02658
6336.87545 57.07508 1.96525 1.84769 180.68788
6337.72202 57.87853 1.98907 1.87370 182.67662
6336.76783 57.08047 1.96545 1.84787 180.65036
6336.85753 57.14642 1.96761 1.85000 180.83512
6336.14597 56.61530 1.94959 1.83281 179.32609
6335.68096 56.25746 1.93753 1.82122 178.31885
6335.61057 56.21037 1.93596 1.81970 178.18537
6334.66092 55.58678 1.91510 1.79951 176.44049
6334.17251 55.24515 1.90358 1.78845 175.49675
6333.19340 54.52124 1.87912 1.76502 173.47080
6332.87785 54.27948 1.87091 1.75719 172.81430
6332.19355 53.79399 1.85437 1.74147 171.45474
6331.15596 52.98922 1.82697 1.71542 169.22799
6330.69171 52.59233 1.81335 1.70257 168.13848
6329.76105 51.80878 1.78645 1.67721 165.99284
6329.32396 51.41520 1.77295 1.66446 164.91452
6328.32799 50.48076 1.74079 1.63421 162.35999
6328.60493 50.73107 1.74942 1.64232 163.04353
6327.56357 49.82649 1.71824 1.61303 160.55758
6327.07033 49.36723 1.70207 1.59817 159.28347
6326.22752 48.55087 1.67545 1.57174 157.18393
6326.20215 48.52705 1.67474 1.57097 157.12641
6325.47331 47.85885 1.65373 1.54933 155.42816
6325.07306 47.50970 1.64140 1.53803 154.44992
6324.35192 46.82305 1.61743 1.51580 152.55232
6324.60338 47.02501 1.62442 1.52234 153.11267
6324.20292 46.74540 1.61472 1.51329 152.32422
6323.36721 46.11064 1.59249 1.49274 150.53529
6323.43099 46.14723 1.59379 1.49392 150.64148
6322.51289 45.52238 1.57182 1.47370 148.87368
6322.04290 45.18859 1.56011 1.46289 147.92385
6321.39492 44.69910 1.54296 1.44704 146.53883
6321.28727 44.63784 1.54080 1.44506 146.36440
6320.66916 44.26294 1.52761 1.43292 145.30661
6319.49201 43.45829 1.49923 1.40688 143.03576
6319.59054 43.51949 1.50139 1.40886 143.20812
6318.64602 42.90925 1.47990 1.38910 141.48697
6317.78677 42.32192 1.45910 1.37009 139.84112
6317.54371 42.13738 1.45262 1.36411 139.31791
6316.68344 41.57258 1.43289 1.34583 137.72277
6316.74787 41.61549 1.43439 1.34722 137.84145
6315.81175 41.02952 1.41353 1.32825 136.19126
6315.29758 40.69487 1.40138 1.31742 135.23069
6315.69708 40.92511 1.40976 1.32487 135.88972
6314.48820 40.32433 1.38874 1.30542 134.26551
6313.25799 39.60986 1.36648 1.28229 132.55775
6312.79987 39.29990 1.35589 1.27226 131.72369
6311.91946 38.75930 1.33632 1.25475 130.19249
6311.71668 38.63481 1.33189 1.25072 129.84623
6310.66572 37.98063 1.30882 1.22955 128.04012
6309.70373 37.31137 1.28517 1.20788 126.15047
6309.21694 36.96720 1.27302 1.19674 125.17112
6308.15068 36.16791 1.24483 1.17086 122.85503
6307.78203 35.88078 1.23471 1.16157 122.02378
6306.94520 35.19747 1.21067 1.13945 120.02992
6307.48631 35.57313 1.22395 1.15161 121.10337
6307.63313 35.64863 1.22664 1.15405 121.30807
6307.01902 35.37430 1.21680 1.14517 120.58798
6307.01423 35.36899 1.21662 1.14500 120.57197
6306.34038 35.10594 1.20708 1.13648 119.92079
6305.12065 34.58459 1.18827 1.11961 118.60248
6304.36454 34.23790 1.17585 1.10838 117.71240
6303.90255 34.03945 1.16872 1.10196 117.21706
6302.56598 33.38747 1.14532 1.08085 115.51614
6301.42698 32.75633 1.12284 1.06042 113.79768
6301.13764 32.57440 1.11641 1.05453 113.28503
6300.24480 32.07010 1.09845 1.03821 111.90802
6299.54476 31.67389 1.08413 1.02538 110.77146
6298.93474 31.28876 1.07050 1.01291 109.63231
6298.03465 30.75002 1.05357 0.99547 108.32834
6299.34037 31.38472 1.07402 1.01602 109.80442
6298.41501 31.03648 1.06229 1.00474 109.05021
6297.02327 30.44181 1.04361 0.98549 107.84812
6296.06109 29.96430 1.02681 0.97003 106.61597
6295.84305 29.83913 1.02227 0.96598 106.25403
6294.83383 29.38475 1.00577 0.95127 105.07868
6293.75648 28.81955 0.98567 0.93298 103.53832
6293.32643 28.56686 0.97668 0.92480 102.81503
6292.53864 28.14594 0.96165 0.91117 101.64278
6292.67672 28.21259 0.96404 0.91333 101.82247
6292.15904 27.99568 0.95622 0.90630 101.27641
6290.95878 27.46310 0.93712 0.88906 99.87220
6290.34969 27.16365 0.92644 0.87937 99.02615
6290.46036 27.21905 0.92842 0.88116 99.17909
6289.25522 26.74190 0.91117 0.86572 98.01837
6288.02800 26.19087 0.89139 0.84788 96.55404
6288.02647 26.18997 0.89135 0.84785 96.55135
6287.28049 25.85069 0.87918 0.83686 95.64424
6286.44775 25.53028 0.86758 0.82649 94.85403
6285.79995 25.25971 0.85783 0.81773 94.15311
6285.21829 25.00748 0.84877 0.80957 93.48492
6284.30592 24.62141 0.83488 0.79707 92.45466
6283.78879 24.40884 0.82720 0.79019 91.89532
6284.52740 24.65827 0.83630 0.79826 92.47194
6283.43180 24.36224 0.82536 0.78868 91.92415
6281.94679 23.91851 0.80920 0.77431 90.98989
6280.58006 23.40603 0.79066 0.75772 89.64420
6279.89757 23.11670 0.77998 0.74836 88.80250
6278.91395 22.65638 0.76392 0.73346 87.49680
6277.98934 22.22613 0.75042 0.71953 86.43786
6277.58701 22.04793 0.74486 0.71376 86.01408
6276.57644 21.53999 0.72770 0.69731 84.54279
6275.60343 21.03297 0.70925 0.68090 82.85999
6276.17987 21.30107 0.71896 0.68958 83.70896
6275.36380 20.97031 0.70693 0.67887 82.72680
6274.56550 20.64027 0.69511 0.66819 81.75485
6274.52528 20.62306 0.69450 0.66763 81.70341
6275.60197 20.88121 0.70402 0.67599 82.19660
6274.67643 20.74195 0.69864 0.67148 82.13357
6273.63804 20.59125 0.69284 0.66660 82.09968
6272.68756 20.44024 0.68714 0.66171 81.93892
6271.86574 20.33010 0.68285 0.65815 81.96932
6270.82457 20.20311 0.67785 0.65404 82.04840
6269.77698 20.05375 0.67205 0.64920 82.04234
6268.95004 19.94614 0.66786 0.64572 82.09218
6267.73662 19.71516 0.65920 0.63824 81.82061
6266.50623 19.39487 0.64748 0.62787 81.11873
6265.25033 19.03713 0.63447 0.61629 80.25129
6263.93402 18.61815 0.61937 0.60273 79.04268
6262.68515 18.11635 0.60145 0.58648 77.38498
6261.49305 17.54013 0.58098 0.56783 75.30050
6260.22506 16.83657 0.55610 0.54505 72.58335
6259.69581 16.52205 0.54500 0.53487 71.34358
6258.60497 15.83424 0.52076 0.51260 68.57778
6257.46608 15.02792 0.49238 0.48650 65.21449
6256.58517 14.30919 0.46725 0.46323 62.14618
6255.54807 13.39388 0.43559 0.43360 58.19114
6254.70120 12.52496 0.40850 0.40547 54.78211
6253.95917 11.69763 0.37934 0.37869 51.08138
0.00000 0.00000 0.00000 0.00000 0.00000
