6564.82428 242.97740 8.01791 7.86591 790.48272
6564.47494 242.64216 8.00764 7.85505 790.16159
6563.84030 242.05446 7.98774 7.83603 789.24731
6563.32354 241.54732 7.97086 7.81961 788.78079
6562.78699 241.01443 7.95315 7.80236 788.35516
6562.33485 240.58030 7.93865 7.78831 787.85073
6561.92584 240.17728 7.92523 7.77526 787.50050
6561.48719 239.81143 7.91295 7.76342 786.47868
6560.89378 239.30784 7.89606 7.74711 785.17274
6560.10773 238.54373 7.87056 7.72238 784.39472
6559.74766 238.18402 7.85858 7.71073 784.13107
6559.04877 237.48572 7.83534 7.68813 783.62681
6558.70323 237.12505 7.82336 7.67645 783.53307
6558.11687 236.52991 7.80357 7.65718 783.19679
6557.83579 236.26920 7.79480 7.64874 782.80230
6557.11796 235.58153 7.77190 7.62648 782.00047
6556.83429 235.31224 7.76294 7.61776 781.61245
6556.04707 234.56288 7.73767 7.59350 780.99935
6555.75154 234.26816 7.72854 7.58396 781.01474
6554.98478 233.50599 7.70618 7.55929 779.99235
6554.80380 233.32638 7.70031 7.55347 779.76441
6554.02049 232.57416 7.67477 7.52912 779.02153
6553.84716 232.41513 7.66947 7.52397 778.76348
6552.95879 231.57236 7.64142 7.49669 777.67414
6553.01872 231.61830 7.64297 7.49818 777.85270
6552.03918 230.79010 7.61519 7.47137 775.67610
6551.77026 230.54412 7.60696 7.46340 775.26380
6550.80971 229.61778 7.57596 7.43342 774.27568
6550.58982 229.40235 7.56880 7.42644 774.08153
6549.65191 228.41627 7.53605 7.39452 773.94365
6549.81150 228.57262 7.54126 7.39958 774.08563
6548.85176 227.67079 7.51111 7.37039 772.89802
6548.68543 227.51307 7.50582 7.36528 772.70400
6547.78471 226.63160 7.47643 7.33674 771.83444
6547.72307 226.57332 7.47446 7.33486 771.81221
6546.84385 225.74905 7.44756 7.30817 771.69674
6546.66198 225.57217 7.44247 7.30245 771.29675
6545.85759 224.82437 7.41960 7.27824 769.36596
6545.53987 224.52102 7.40931 7.26842 769.08326
6544.84078 223.84497 7.38655 7.24653 768.45623
6544.60354 223.63484 7.37954 7.23973 768.01358
6543.93017 223.02849 7.35925 7.22010 766.90741
6543.51301 222.65390 7.34663 7.20797 766.21454
6542.87651 222.09319 7.32786 7.18982 765.03163
6542.26760 221.50092 7.30806 7.17065 764.49629
6541.84474 221.09575 7.29450 7.15753 764.04546
6541.15200 220.44838 7.27290 7.13658 763.17032
6540.62976 219.88575 7.25413 7.11836 763.27334
6540.22670 219.46305 7.24008 7.10468 763.24538
6539.85635 219.12746 7.22889 7.09381 762.67552
6539.24368 218.54593 7.20935 7.07499 762.00220
6538.82920 218.16595 7.19667 7.06269 761.30012
6538.09681 217.45659 7.17300 7.03972 761.24646
6537.83209 217.18548 7.16389 7.03095 761.65787
6537.15070 216.56098 7.14359 7.01073 760.65641
6536.83152 216.26184 7.13492 7.00104 759.74506
6536.04729 215.51627 7.11161 6.97691 758.38947
6535.86699 215.34976 7.10590 6.97152 758.18043
6534.99091 214.53540 7.07856 6.94515 757.09691
6535.00241 214.53846 7.07867 6.94525 757.19392
6534.02247 213.70443 7.05059 6.91825 755.10595
6533.83262 213.53391 7.04486 6.91273 754.79768
6532.85415 212.62300 7.01431 6.88324 753.56247
6532.61713 212.39320 7.00662 6.87580 753.36884
6531.71626 211.48192 6.97625 6.84630 753.02419
6531.69180 211.45803 6.97545 6.84553 753.00657
6530.79380 210.59013 6.94642 6.81743 752.25458
6530.73546 210.53286 6.94451 6.81558 752.20791
6529.87248 209.73972 6.91787 6.78990 751.18245
6529.62519 209.50630 6.91016 6.78235 751.31161
6528.85384 208.78538 6.88601 6.75901 751.14884
6528.59217 208.54145 6.87763 6.75111 750.83045
6527.87717 207.89151 6.85737 6.73007 749.21004
6527.44050 207.47948 6.84525 6.71673 748.15749
6526.96007 207.01900 6.83036 6.70183 747.54447
6526.59466 206.73281 6.82045 6.69256 746.57777
6525.92341 206.17765 6.80166 6.67459 745.01577
6525.16892 205.45809 6.77761 6.65129 744.29752
6524.86622 205.17108 6.76797 6.64200 744.00207
6524.16319 204.52701 6.74637 6.62115 743.06058
6523.96434 204.34532 6.74027 6.61527 742.79324
6523.09283 203.58838 6.71480 6.59077 741.16218
6522.77144 203.28794 6.70473 6.58104 740.79492
6521.85905 202.39406 6.67482 6.55210 740.27033
6521.67228 202.20540 6.66852 6.54600 740.22132
6520.81971 201.32372 6.63909 6.51745 740.22007
6520.93700 201.43862 6.64293 6.52117 740.21908
6519.94843 200.56332 6.61365 6.49284 739.88199
6519.90030 200.52006 6.61220 6.49144 739.83495
6518.89396 199.60628 6.58133 6.46185 738.40631
6518.73013 199.45305 6.57609 6.45689 738.27754
6517.85601 198.62805 6.55003 6.43019 736.86224
6517.84341 198.62196 6.54984 6.42999 736.77518
6516.99665 197.90425 6.52770 6.40675 734.30790
6516.61786 197.56602 6.51612 6.39580 733.79599
6515.94579 196.98248 6.49634 6.37691 732.60148
6515.38961 196.47754 6.47942 6.36057 731.83655
6514.84756 195.97021 6.46237 6.34414 731.29333
6514.30423 195.46460 6.44543 6.32778 730.71883
6513.90310 195.09349 6.43299 6.31576 730.26996
6513.21928 194.48288 6.41244 6.29599 729.27478
6512.75044 194.03388 6.39735 6.28146 728.83649
6512.08908 193.37476 6.37533 6.26012 729.04454
6511.86516 193.17047 6.36850 6.25351 729.13792
6511.08152 192.44639 6.34429 6.23007 728.91915
6510.88920 192.26166 6.33808 6.22409 728.73512
6510.03931 191.49684 6.31243 6.19933 727.51367
6509.98511 191.44570 6.31071 6.19767 727.47001
6508.99682 190.59616 6.28178 6.17017 725.76981
6509.02328 190.61822 6.28251 6.17088 725.83394
6508.02269 189.78433 6.25759 6.14389 722.45671
6507.64432 189.44335 6.24661 6.13285 721.76194
6506.86846 188.72239 6.22207 6.10951 721.12543
6506.65024 188.52628 6.21549 6.10316 720.82980
6505.94061 187.90906 6.19476 6.08318 719.61727
6505.48204 187.49219 6.18074 6.06968 719.07691
6504.91462 186.99132 6.16382 6.05347 718.21271
6504.28420 186.41593 6.14446 6.03484 717.53295
6503.86820 186.01532 6.13105 6.02187 717.31067
6503.21905 185.43609 6.11150 6.00312 716.31853
6502.75078 184.98327 6.09640 5.98846 716.76170
6502.14727 184.38652 6.07651 5.96914 717.46282
6501.94723 184.22059 6.07088 5.96377 717.03691
6501.10817 183.47491 6.04577 5.93963 715.76668
6500.94331 183.32225 6.04067 5.93469 715.62041
6500.00554 182.50176 6.01282 5.90813 714.27743
6500.19458 182.65166 6.01801 5.91298 714.70283
6499.14824 181.85138 5.99143 5.88707 711.41234
6498.67803 181.43651 5.97933 5.87364 710.01213
6497.89148 180.72259 5.95627 5.85053 708.76142
6497.62291 180.47905 5.94792 5.84265 708.53664
6496.97953 179.91470 5.92882 5.82438 707.60910
6496.51344 179.52006 5.91554 5.81160 706.72189
6495.91234 178.99392 5.89776 5.79457 705.85174
6495.28402 178.41906 5.87839 5.77596 705.24034
6494.91585 178.08324 5.86712 5.76509 704.80544
6494.21375 177.46215 5.84627 5.74498 704.57626
6493.94557 177.22140 5.83820 5.73719 704.73289
6493.06600 176.45211 5.81227 5.71228 703.65789
6492.80969 176.20597 5.80398 5.70432 703.55296
6491.91984 175.36944 5.77584 5.67723 703.08062
6492.01794 175.45837 5.77884 5.68011 703.18252
6491.02136 174.61708 5.75038 5.65288 701.40782
6490.96184 174.56624 5.74865 5.65123 701.30869
6490.03238 173.80034 5.72288 5.62644 699.36074
6489.71919 173.52349 5.71352 5.61748 698.99462
6489.03123 172.95293 5.69400 5.59901 697.74176
6488.44982 172.45610 5.67873 5.58292 696.16823
6487.92526 171.98120 5.66468 5.56755 694.85336
6487.32019 171.45276 5.64691 5.55044 693.99528
6486.96755 171.13857 5.63611 5.54027 693.66559
6486.21241 170.49120 5.61432 5.51931 692.49264
6485.99716 170.30712 5.60809 5.51335 692.09800
6485.04046 169.49016 5.58049 5.48690 691.20509
6485.03514 169.48394 5.58028 5.48670 691.22508
6484.03293 168.64733 5.55202 5.45962 690.15492
6483.61421 168.27657 5.53952 5.44762 689.62666
6482.74319 167.41547 5.51056 5.41974 689.93457
6482.88185 167.53412 5.51456 5.42358 690.14407
6482.08674 166.89496 5.49292 5.40289 688.37330
6481.64278 166.52575 5.48039 5.39094 687.56347
6481.05555 166.03964 5.46395 5.37520 686.48143
6480.39369 165.49235 5.44551 5.35748 685.20713
6479.98578 165.13566 5.43343 5.34594 684.70800
6479.21501 164.48113 5.41102 5.32475 683.64771
6478.99897 164.29799 5.40504 5.31882 683.22254
6478.02739 163.46956 5.38034 5.29200 680.36224
6478.07215 163.50623 5.38150 5.29319 680.48005
6477.05827 162.67692 5.35332 5.26634 678.38230
6476.76680 162.42682 5.34487 5.25824 678.27042
6475.98579 161.74249 5.32189 5.23609 678.64033
6475.72036 161.52842 5.31464 5.22916 678.12250
6474.99424 160.93246 5.29448 5.20987 676.62410
6474.40079 160.40340 5.27656 5.19274 676.15435
6474.14655 160.17569 5.26886 5.18537 675.94591
6473.41539 159.63668 5.25056 5.16792 673.72551
6473.03529 159.32938 5.24012 5.15797 672.96119
6472.02793 158.48671 5.21156 5.13069 671.35024
6471.90205 158.37754 5.20786 5.12716 671.20604
6470.91704 157.50010 5.17822 5.09875 670.42406
6470.89140 157.47701 5.17745 5.09800 670.40789
6470.03547 156.76642 5.15330 5.07500 669.01510
6469.72296 156.50297 5.14441 5.06647 668.53423
6469.09355 155.99442 5.12720 5.05001 667.26764
6468.47426 155.49386 5.10993 5.03380 666.21890
6468.02620 155.11677 5.09726 5.02160 665.34554
6467.23543 154.45709 5.07774 5.00024 663.86194
6466.98706 154.24419 5.07128 4.99335 663.66630
6466.02841 153.42600 5.04338 4.96686 662.63967
6466.20137 153.56348 5.04809 4.97131 663.01391
6465.17574 152.78465 5.02159 4.94610 660.32677
6464.83353 152.50438 5.01207 4.93702 659.72507
6464.12441 151.93432 4.99267 4.91857 658.35954
6463.57316 151.50366 4.97801 4.90463 657.11094
6463.04790 151.06407 4.96313 4.89040 656.36480
6462.30012 150.45191 4.94236 4.87058 655.09844
6461.87081 150.07725 4.92972 4.85845 654.73081
6461.04105 149.31440 4.90385 4.83375 654.62864
6461.14876 149.40703 4.90697 4.83675 654.73863
6460.15203 148.63394 4.88070 4.81173 652.49572
6459.91992 148.44321 4.87421 4.80555 652.08944
6459.05886 147.72573 4.84994 4.78233 651.06248
6458.80384 147.52601 4.84315 4.77586 651.02918
6458.08177 146.95668 4.82350 4.75743 650.54695
6457.47392 146.44813 4.80707 4.74097 649.17534
6457.11075 146.15346 4.79829 4.73143 647.98009
6456.27538 145.49229 4.77755 4.71002 645.49655
6456.36824 145.54468 4.77938 4.71172 646.00660
6455.35960 144.86652 4.75576 4.68976 642.27271
6454.80412 144.42737 4.74089 4.67555 641.14194
6454.04517 143.79402 4.71941 4.65504 640.15565
6453.63279 143.46014 4.70800 4.64424 639.48592
6453.08226 143.01078 4.69273 4.62969 638.61280
6452.41256 142.47240 4.67447 4.61226 637.46111
6452.17987 142.28287 4.66802 4.60612 637.09481
6451.21983 141.55673 4.64321 4.58262 634.72414
6450.85017 141.24747 4.63273 4.57260 634.30459
6449.85016 140.33133 4.60165 4.54295 634.63663
6449.98978 140.44808 4.60560 4.54673 634.60656
6449.10472 139.73588 4.58146 4.52367 634.68325
6448.87627 139.55602 4.57532 4.51785 634.27044
6448.18163 139.04152 4.55774 4.50119 632.29178
6447.42854 138.44290 4.53743 4.48181 630.93910
6447.29107 138.31149 4.53300 4.47756 631.06160
6446.39319 137.69986 4.51166 4.45776 627.98250
6446.10073 137.48243 4.50436 4.45072 627.14693
6445.13091 136.71812 4.48139 4.42598 623.72396
6444.86466 136.50889 4.47469 4.41920 622.99602
6444.13209 135.94641 4.45540 4.40099 621.44348
6443.49631 135.43195 4.43777 4.38434 620.53977
6443.18817 135.17908 4.42921 4.37615 620.11962
6442.33087 134.54420 4.40749 4.35560 617.91476
6442.17056 134.41572 4.40310 4.35144 617.62240
6441.17724 133.65571 4.37718 4.32684 615.98936
6440.92713 133.46040 4.37055 4.32051 616.04789
6440.07891 132.78681 4.34755 4.29871 615.13112
6439.59330 132.38226 4.33370 4.28561 614.60037
6439.13104 131.99796 4.32061 4.27317 614.17413
6438.49202 131.51776 4.30421 4.25762 612.64051
6438.32791 131.38792 4.29978 4.25342 612.36622
6437.34028 130.70377 4.27625 4.23127 609.03815
6436.98453 130.42989 4.26685 4.22241 608.31044
6436.13240 129.74821 4.24367 4.20034 606.99470
6435.87533 129.55607 4.23700 4.19412 606.41862
6435.20843 129.07394 4.22013 4.17851 604.68746
6434.39146 128.43566 4.20050 4.15785 601.96810
6434.21014 128.28176 4.19595 4.15287 601.46153
6433.25246 127.57925 4.17261 4.13012 598.55117
6433.10177 127.46357 4.16854 4.12638 598.28057
6432.17563 126.74485 4.14397 4.10311 596.69353
6431.91036 126.54864 4.13727 4.09676 596.62920
6431.25373 126.07339 4.12093 4.08137 595.74391
6430.48116 125.49655 4.10108 4.06270 593.74777
6430.24565 125.31236 4.09475 4.05674 593.36281
6429.28712 124.61446 4.07077 4.03414 590.77862
6429.32154 124.64187 4.07171 4.03503 590.82999
6428.29334 123.94166 4.04758 4.01236 587.14178
6427.55759 123.36150 4.02762 3.99358 585.96919
6427.05097 122.93412 4.01293 3.97975 585.69307
6426.42428 122.43370 3.99575 3.96355 584.82422
6426.29313 122.33864 3.99251 3.96047 584.46987
6425.30324 121.63130 3.96810 3.93757 581.55176
6425.21127 121.56400 3.96577 3.93539 581.31270
6424.26857 120.89498 3.94268 3.91373 578.33447
6423.65850 120.42949 3.92658 3.89866 577.40349
6423.27114 120.11768 3.91576 3.88857 577.96934
6422.49549 119.58514 3.89786 3.87133 575.51929
6422.22692 119.38921 3.89205 3.86499 574.16077
6421.23583 118.65057 3.86882 3.84107 570.53501
6421.21666 118.63358 3.86825 3.84052 570.53688
6420.42903 118.11817 3.84997 3.82384 567.42778
6419.59263 117.54315 3.83002 3.80522 564.50916
6419.26342 117.28892 3.82126 3.79699 563.88189
6418.30164 116.60099 3.79729 3.77472 561.05124
6418.25516 116.56759 3.79612 3.77364 560.91469
6417.28455 115.89019 3.77261 3.75171 557.68366
6416.63707 115.39564 3.75539 3.73570 556.37814
6416.12422 114.98362 3.74110 3.72236 555.73427
6415.37898 114.40900 3.72116 3.70376 554.38705
6415.24732 114.30036 3.71738 3.70025 554.23697
6414.28446 113.60618 3.69322 3.67777 552.19548
6414.17016 113.52396 3.69037 3.67511 552.09868
6413.26489 112.87731 3.66773 3.65418 550.26418
6412.72777 112.47377 3.65369 3.64111 548.88724
6412.46097 112.27441 3.64676 3.63466 548.26084
6411.55054 111.70741 3.62655 3.61630 543.93439
6411.40534 111.61164 3.62308 3.61320 543.39241
6410.39480 110.94091 3.60056 3.59149 538.49004
6409.76473 110.49361 3.58697 3.57701 535.15013
6409.28637 110.14111 3.57501 3.56560 533.57199
6408.39459 109.50801 3.55239 3.54510 530.87136
6408.40267 109.50800 3.55240 3.54510 531.01693
6407.39337 108.83212 3.52843 3.52322 526.84409
6406.95777 108.52463 3.51750 3.51327 525.39561
6406.34678 108.09658 3.50223 3.49941 523.08119
6405.51166 107.51730 3.48175 3.48066 521.62479
6405.38018 107.41453 3.47812 3.47733 521.67116
6404.37819 106.74216 3.45395 3.45556 517.61164
6403.85748 106.35867 3.44023 3.44315 516.18230
6403.23012 105.85115 3.42218 3.42672 515.41196
6402.85905 105.61199 3.41352 3.41898 513.61047
6402.44823 105.35217 3.40408 3.41057 511.49414
6401.40263 104.65042 3.37863 3.38785 506.97811
6401.28157 104.56417 3.37552 3.38506 506.55877
6400.33445 103.92933 3.35234 3.36450 502.43073
6399.61135 103.39104 3.33275 3.34708 500.39777
6399.39863 103.21138 3.32625 3.34126 500.25655
6398.51808 102.65816 3.30575 3.32335 495.49628
6398.34927 102.54381 3.30146 3.31965 494.83614
6397.39880 101.89947 3.27800 3.29879 490.22003
6396.88387 101.55265 3.26687 3.28756 486.86604
6396.37407 101.20897 3.25557 3.27644 484.96431
6395.36843 100.51476 3.22977 3.25396 481.22697
6395.44630 100.56631 3.23174 3.25563 481.63376
6394.55018 99.97469 3.20928 3.23648 477.10621
6394.09035 99.71852 3.19957 3.22819 473.68861
6393.46543 99.33841 3.18505 3.21588 469.76907
6392.40425 98.62526 3.15785 3.19280 464.46495
6392.33298 98.57574 3.15595 3.19119 464.14057
6391.37987 97.95364 3.13211 3.17105 458.82638
6390.57475 97.36967 3.10964 3.15215 455.59153
6390.26044 97.10944 3.09968 3.14372 455.00942
6389.37373 96.49824 3.07608 3.12394 450.63647
6389.38785 96.50779 3.07645 3.12425 450.71156
6388.40002 95.83744 3.05048 3.10255 445.36480
6387.99695 95.56911 3.04001 3.09386 444.10056
6387.39851 95.18442 3.02511 3.08141 441.46762
6386.38450 94.48129 2.99787 3.05864 435.81931
6386.63812 94.64077 3.00414 3.06381 437.54628
6385.61694 94.03924 2.98070 3.04433 429.74213
6384.91385 93.60245 2.96403 3.03019 424.70912
6384.47911 93.32307 2.95443 3.02115 421.16285
6383.48462 92.67891 2.93362 3.00029 412.61013
6383.45871 92.66195 2.93304 2.99975 412.41169
6382.54565 92.12095 2.91402 2.98223 404.93649
6381.63650 91.52333 2.89287 2.96288 398.72185
6381.54345 91.45240 2.89044 2.96059 398.25698
6380.55722 90.85188 2.87086 2.94115 390.30690
6380.04431 90.51989 2.86042 2.93040 386.54731
6379.55580 90.18421 2.85013 2.91953 383.10228
6378.67475 89.67171 2.83463 2.90294 376.78347
6378.42627 89.51629 2.82991 2.89791 375.36083
6377.37397 88.81780 2.81111 2.87530 367.60285
6376.76378 88.37971 2.80049 2.86112 363.47092
6376.40526 88.10362 2.79351 2.85218 361.40977
6375.57449 87.58511 2.76812 2.83539 354.46707
6375.65601 87.63503 2.77125 2.83701 355.17383
6374.66975 87.05575 2.73722 2.81826 346.34566
6373.85618 86.58269 2.71189 2.80294 339.03202
6373.25328 86.15911 2.68922 2.78923 334.83816
6372.25273 85.43472 2.65152 2.76578 327.99483
6372.49091 85.58997 2.65925 2.77080 329.86953
6371.44363 84.94731 2.62880 2.75000 321.32926
6370.75958 84.45436 2.59995 2.73404 316.77416
6370.46553 84.27378 2.58925 2.72820 314.74965
6369.36931 83.55312 2.56520 2.70487 306.96585
6368.85735 83.14596 2.55984 2.69168 303.91210
6368.04633 82.46632 2.52621 2.66968 299.93694
6367.58044 82.11440 2.50518 2.65829 297.24786
6366.69615 81.29421 2.50871 2.63174 293.64025
6366.32475 80.90421 2.51738 2.61911 292.55203
6365.83794 80.45316 2.49192 2.60451 290.64302
6365.38507 80.06247 2.43323 2.59186 288.61402
6365.17370 79.84520 2.39563 2.58483 288.04058
6364.57018 79.45853 2.34638 2.57231 284.44695
6364.62419 79.47321 2.34738 2.57279 284.93822
6363.68065 78.93718 2.33652 2.55543 279.04341
6363.08016 78.57957 2.34533 2.54386 275.80523
6362.77863 78.38308 2.34764 2.53750 274.34951
6361.83353 77.90149 2.34942 2.52190 269.81769
6361.33754 77.61124 2.34881 2.51251 268.12293
6360.77494 77.27951 2.35024 2.50177 265.83411
6359.84024 76.79115 2.35169 2.48596 261.86191
6359.58678 76.64814 2.35161 2.48133 260.91963
6358.72559 76.16008 2.35043 2.46553 257.80361
6357.78307 75.63137 2.35030 2.44841 254.30754
6357.42390 75.40060 2.34959 2.44094 253.00390
6356.43054 74.74925 2.34659 2.41986 249.72583
6355.91793 74.40790 2.34378 2.40881 248.21579
6355.31735 73.98230 2.33984 2.39503 246.57451
6354.43833 73.37518 2.33427 2.37537 243.97885
6354.30245 73.26683 2.33296 2.37187 243.62527
6353.31483 72.58510 2.32607 2.34980 240.64234
6352.82925 72.22959 2.32156 2.33829 239.38488
6352.09812 71.64620 2.31274 2.31940 238.00013
6351.48831 71.18082 2.30623 2.30434 236.28415
6350.99384 70.76039 2.29968 2.29073 235.04956
6350.21080 70.12678 2.28945 2.27021 232.96562
6350.14469 70.05179 2.28797 2.26779 232.86256
6349.19299 69.35524 2.27684 2.24524 230.06643
6348.82953 69.05819 2.27143 2.23562 229.09639
6347.93880 68.29062 2.25650 2.21077 226.84903
6347.65896 68.06410 2.25202 2.20344 226.07785
6346.90834 67.40741 2.23840 2.18218 224.16651
6346.50964 67.07209 2.23109 2.17132 223.14286
6345.93439 66.57910 2.22033 2.15537 221.61678
6345.32813 66.06676 2.21085 2.13878 219.81474
6344.95893 65.74858 2.20446 2.12848 218.78040
6344.15158 65.07902 2.18850 2.10680 216.58857
6343.94784 64.89674 2.18396 2.10090 216.09394
6342.98033 64.08994 2.16357 2.07478 213.99120
6342.95015 64.06418 2.16290 2.07395 213.92319
6341.94342 63.21578 2.14093 2.04648 211.20172
6341.68821 62.99525 2.13505 2.03935 210.54280
6340.91918 62.31235 2.11652 2.01724 208.55799
6340.59062 62.05564 2.10949 2.00893 207.66370
6339.81359 61.37104 2.09022 1.98676 205.60782
6339.36046 60.94421 2.07790 1.97295 204.47138
6338.85101 60.49879 2.06498 1.95853 203.10937
6338.21265 59.92452 2.04805 1.93994 201.41852
6337.73010 59.47358 2.03449 1.92534 200.15629
6337.04641 58.81929 2.01458 1.90416 198.35596
6336.68269 58.45815 2.00313 1.89247 197.42494
6335.98199 57.78311 1.98354 1.87061 195.50297
6335.58632 57.37398 1.97237 1.85737 194.35689
6334.92231 56.69556 1.95107 1.83541 192.76946
6334.50611 56.25439 1.93663 1.82112 191.85022
6333.91935 55.61747 1.91593 1.80050 190.28255
6333.57595 55.24971 1.90387 1.78860 189.32176
6333.01457 54.68436 1.88521 1.77030 187.75932
6332.60270 54.24026 1.87048 1.75592 186.61791
6332.17904 53.83095 1.85683 1.74267 185.38680
6331.97499 53.63059 1.85012 1.73618 184.80320
6331.40220 53.19474 1.83545 1.72207 183.11404
6331.20441 53.05455 1.83077 1.71753 182.53011
6330.17789 52.29455 1.80524 1.69293 179.53919
6330.21771 52.31491 1.80593 1.69359 179.65499
6329.34430 51.72271 1.78593 1.67442 177.15926
6328.68520 51.26605 1.77052 1.65964 175.29314
6328.16900 50.88335 1.75755 1.64725 173.85313
6327.25068 50.19368 1.73422 1.62492 171.30354
6327.20253 50.15886 1.73305 1.62379 171.17139
6326.14967 49.38358 1.70652 1.59869 168.50815
6325.67039 48.99018 1.69312 1.58596 167.24624
6324.89121 48.32022 1.67293 1.56427 165.07787
6324.32323 47.81759 1.65692 1.54800 163.51458
6323.76843 47.26499 1.63764 1.53011 161.90391
6323.43506 46.99040 1.62821 1.52122 160.98484
6322.80939 46.45290 1.60970 1.50382 159.23532
6322.12578 45.80790 1.58736 1.48294 157.27442
6321.69977 45.40471 1.57339 1.46989 156.03699
6321.02325 44.74933 1.55064 1.44867 154.05376
6320.81360 44.53437 1.54317 1.44171 153.42561
6320.09034 43.91300 1.52146 1.42160 151.38650
6319.75820 43.59941 1.51054 1.41144 150.41174
6319.00043 42.90071 1.48608 1.38882 148.20865
6319.18639 43.06627 1.49186 1.39418 148.73967
6318.16862 42.30975 1.46528 1.36969 146.03765
6318.06027 42.22402 1.46228 1.36692 145.73908
6317.28544 41.67821 1.44317 1.34925 143.81847
6316.60215 41.19889 1.42632 1.33373 142.18424
6316.20910 40.89643 1.41548 1.32394 141.12784
6315.26094 40.21825 1.39240 1.30199 138.76070
6315.50055 40.37922 1.39750 1.30720 139.31827
6314.43975 39.71272 1.37693 1.28562 136.96334
6313.85779 39.31514 1.36354 1.27275 135.59194
6313.42016 39.03769 1.35352 1.26377 134.57393
6312.38513 38.35129 1.32913 1.24155 132.14137
6312.23822 38.24926 1.32558 1.23824 131.79307
6311.36256 37.64179 1.30410 1.21858 129.71762
6310.89722 37.34456 1.29354 1.20896 128.67403
6310.48026 37.07618 1.28405 1.20027 127.73910
6309.48733 36.45124 1.26192 1.18004 125.55736
6309.73372 36.58177 1.26657 1.18426 126.04113
6308.84174 36.14168 1.25086 1.17001 124.40819
6307.74224 35.54087 1.22954 1.15056 122.32184
6307.32805 35.28855 1.22057 1.14240 121.45550
6306.46451 34.70852 1.20005 1.12362 119.54713
6306.00120 34.43869 1.19049 1.11488 118.62704
6305.40482 34.08348 1.17790 1.10338 117.43091
6304.31604 33.33604 1.15139 1.07919 115.01070
6304.14076 33.21338 1.14705 1.07522 114.61632
6303.20706 32.55663 1.12388 1.05396 112.50501
6302.48808 32.00109 1.10426 1.03597 110.75171
6302.00645 31.59169 1.08951 1.02272 109.44427
6301.39007 31.10813 1.07299 1.00706 107.95558
6301.84050 31.38625 1.08230 1.01607 108.82026
6301.03711 30.99478 1.06934 1.00339 107.57701
6300.37049 30.70292 1.06018 0.99395 106.69147
6300.27968 30.67072 1.05914 0.99290 106.59049
6299.11452 30.19386 1.04342 0.97747 105.11212
6297.96840 29.64092 1.02323 0.95957 103.30742
6298.11554 29.70554 1.02559 0.96166 103.52014
6296.98031 29.22126 1.00814 0.94598 101.95577
6295.76946 28.57564 0.98513 0.92508 99.93657
6295.48170 28.41328 0.97934 0.91982 99.42783
6294.65922 27.92763 0.96205 0.90410 97.91270
6293.78864 27.44155 0.94473 0.88837 96.39734
6293.56827 27.30491 0.93988 0.88394 95.97132
6292.58688 26.71941 0.91905 0.86499 94.15390
6292.34078 26.55823 0.91333 0.85977 93.65048
6292.32413 26.57716 0.91397 0.86038 93.71243
6291.14724 26.11026 0.89709 0.84527 92.29822
6290.04210 25.58052 0.87816 0.82812 90.67610
6289.93515 25.52330 0.87612 0.82627 90.50198
6288.93518 25.03485 0.85862 0.81045 89.01766
6287.96500 24.55215 0.84133 0.79483 87.55543
6287.71435 24.41706 0.83650 0.79045 87.14144
6286.80353 23.90996 0.81850 0.77404 85.58474
6286.13429 23.57747 0.80661 0.76327 84.58219
6286.18444 23.60615 0.80763 0.76420 84.67110
6285.06406 23.12627 0.79004 0.74867 83.21900
6283.95076 22.58479 0.77133 0.73114 81.63712
6284.29664 22.73463 0.77621 0.73599 82.03496
6283.27857 22.34107 0.76365 0.72325 81.05036
6282.15338 21.87189 0.74863 0.70806 79.84722
6281.55108 21.59128 0.73885 0.69897 79.00547
6281.10184 21.37635 0.73107 0.69202 78.34394
6280.24016 21.00431 0.71742 0.67997 77.21436
6279.53008 20.73149 0.70754 0.67114 76.41859
6279.22231 20.61093 0.70323 0.66724 76.07084
6278.21852 20.18835 0.68805 0.65356 74.82085
6277.24680 19.78847 0.67362 0.64061 73.62446
6277.43360 19.84468 0.67568 0.64243 73.77946
6276.81819 19.67736 0.66950 0.63702 73.33822
6275.66406 19.35953 0.65780 0.62673 72.50597
6274.43019 18.93669 0.64244 0.61304 71.30694
6273.68648 18.63582 0.63160 0.60330 70.40283
6273.04947 18.34071 0.62109 0.59374 69.45323
6272.08143 17.89873 0.60528 0.57944 68.06290
6271.31655 17.55745 0.59304 0.56839 66.99091
6270.81104 17.28429 0.58331 0.55954 66.09803
6269.89980 16.81525 0.56659 0.54436 64.56622
6269.43009 16.59196 0.55860 0.53713 63.83971
6269.24491 16.51134 0.55570 0.53452 63.58163
6268.30349 16.13651 0.54220 0.52239 62.39542
6267.38099 15.77723 0.52921 0.51076 61.25233
6268.12605 15.97506 0.53652 0.51716 61.81628
6267.40213 15.87058 0.53244 0.51378 61.61223
6266.38347 15.71835 0.52654 0.50885 61.31092
6265.39771 15.56645 0.52068 0.50393 60.99658
6264.42800 15.42752 0.51529 0.49944 60.71562
6263.48833 15.29439 0.51020 0.49513 60.42708
6262.50011 15.17760 0.50560 0.49134 60.24753
6261.42023 15.03047 0.49993 0.48658 59.95904
6260.85201 14.92914 0.49614 0.48330 59.71340
6259.91691 14.71562 0.48837 0.47639 59.10006
6258.73238 14.39774 0.47688 0.46610 58.11506
6257.53710 14.02220 0.46319 0.45394 56.85000
6256.64468 13.69449 0.45135 0.44333 55.69828
6255.90056 13.36738 0.44053 0.43274 54.58942
6254.71260 12.74978 0.42160 0.41275 52.57228
6253.91912 12.27013 0.40517 0.39722 50.78475
6253.47126 11.98088 0.39477 0.38786 49.62784
6252.43750 11.34063 0.37225 0.36713 47.13474
6251.71588 10.79386 0.35308 0.34943 44.96873
6250.80663 9.98970 0.32494 0.32340 41.71554
6250.25899 9.47732 0.30698 0.30681 39.63328
6249.42973 8.56969 0.27525 0.27743 35.89843
6249.25581 8.37772 0.26853 0.27121 35.10923
0.00000 0.00000 0.00000 0.00000 0.00000
