6553.26429 246.65852 8.12649 7.98508 726.45635
6552.77451 246.17588 8.11041 7.96945 725.91731
6552.36309 245.78506 8.09737 7.95680 725.34864
6551.69430 245.14089 8.07588 7.93595 724.50375
6551.34089 244.78572 8.06411 7.92445 724.15753
6550.75809 244.23892 8.04581 7.90675 723.32726
6550.28087 243.77783 8.03018 7.89182 722.80323
6549.66461 243.16919 8.01217 7.87212 721.57397
6549.65557 243.15873 8.01186 7.87178 721.56544
6548.88232 242.49133 7.99101 7.85017 719.61162
6548.19920 241.85059 7.96930 7.82943 718.64862
6547.33080 240.96625 7.94004 7.80080 718.31745
6547.15685 240.78521 7.93405 7.79494 718.43116
6546.44823 240.07052 7.91024 7.77180 718.12089
6546.39050 240.02261 7.90862 7.77025 717.97512
6545.52701 239.19890 7.88111 7.74359 716.76633
6545.34617 239.02538 7.87532 7.73797 716.54572
6544.44133 238.15534 7.84633 7.70980 715.38007
6544.47432 238.18059 7.84718 7.71062 715.47322
6543.53627 237.31828 7.81836 7.68270 713.96598
6543.32249 237.11699 7.81165 7.67619 713.65877
6542.31791 236.14413 7.77919 7.64469 712.44524
6542.29922 236.12601 7.77859 7.64411 712.42259
6541.31216 235.16692 7.74670 7.61306 711.23059
6541.59284 235.42747 7.75545 7.62149 711.64800
6540.63423 234.57790 7.72656 7.59399 709.95229
6540.43132 234.39608 7.72076 7.58810 709.50810
6539.52745 233.58646 7.69680 7.56189 707.05003
6538.72762 232.80261 7.67075 7.53652 706.24399
6537.90118 231.90086 7.64086 7.50733 706.65262
6538.09943 232.09572 7.64736 7.51363 706.64508
6537.40562 231.43747 7.62544 7.49233 706.24327
6537.21630 231.26284 7.61963 7.48667 705.92561
6536.42045 230.52339 7.59485 7.46273 704.63427
6535.93561 230.05503 7.57927 7.44757 704.07674
6535.24792 229.37270 7.55653 7.42548 703.35895
6535.02339 229.15330 7.54918 7.41838 703.10428
6534.40994 228.57307 7.52976 7.39960 702.26374
6533.99434 228.18319 7.51675 7.38697 701.66765
6533.35371 227.57314 7.49639 7.36723 700.82634
6532.91013 227.14514 7.48214 7.35337 700.27442
6532.40802 226.66890 7.46617 7.33795 699.59517
6531.91934 226.21080 7.45058 7.32312 698.96518
6531.59742 225.90639 7.44071 7.31327 698.44744
6531.10336 225.48094 7.42804 7.29949 697.00665
6530.61191 225.05699 7.41539 7.28577 695.53026
6529.64969 224.18107 7.38602 7.25741 694.36594
6528.93745 223.45315 7.36197 7.23385 694.43748
6528.36667 222.82898 7.34112 7.21364 694.28399
6528.40275 222.88201 7.34287 7.21536 694.17625
6527.63431 222.15377 7.31860 7.19178 693.16382
6527.54802 222.06875 7.31575 7.18903 693.07791
6526.70461 221.31350 7.29041 7.16458 691.57661
6526.42747 221.05471 7.28177 7.15620 691.17706
6525.50185 220.18838 7.25274 7.12816 689.84614
6525.33192 220.02810 7.24738 7.12297 689.61052
6524.35078 219.08197 7.21580 7.09234 688.44017
6524.49208 219.21475 7.22026 7.09664 688.63689
6523.51026 218.31160 7.19001 7.06740 687.12483
6523.87086 218.62386 7.20045 7.07751 687.84322
6522.82362 217.77017 7.17180 7.04987 685.26254
6522.06021 217.07078 7.14798 7.02723 684.16465
6521.31633 216.34763 7.12540 7.00382 682.86012
6520.98817 216.03507 7.11637 6.99370 682.01939
6520.26306 215.32212 7.09322 6.97062 681.86409
6520.01170 215.07715 7.08495 6.96269 681.90410
6519.30749 214.40463 7.06257 6.94092 681.02644
6518.93934 214.03907 7.05033 6.92909 680.66921
6518.36534 213.48996 7.03198 6.91131 679.99792
6517.95679 213.10369 7.01909 6.89881 679.45902
6517.41370 212.58460 7.00171 6.88200 678.79507
6517.00988 212.21322 6.98925 6.86998 678.19377
6516.45862 211.70665 6.97226 6.85358 677.33803
6515.89257 211.17628 6.95449 6.83641 676.56691
6515.46162 210.78058 6.94125 6.82360 675.91340
6514.75156 210.11769 6.91906 6.80214 674.91649
6514.62343 209.98355 6.91458 6.79780 674.86757
6513.98369 209.44041 6.89632 6.78021 673.48964
6513.68417 209.18171 6.88764 6.77184 672.89489
6512.75168 208.36569 6.86000 6.74542 671.14338
6512.49873 208.14158 6.85292 6.73817 670.55771
6511.47975 207.20249 6.82476 6.70777 669.16097
6511.37456 207.10397 6.82149 6.70458 669.05662
6510.40300 206.18685 6.79047 6.67489 667.83474
6510.16279 205.95970 6.78289 6.66753 667.53613
6509.20925 205.01636 6.75144 6.63699 666.70512
6509.33406 205.12976 6.75525 6.64067 666.90113
6508.46967 204.33124 6.72847 6.61482 665.66650
6508.29536 204.16981 6.72305 6.60959 665.41943
6507.49932 203.43593 6.69841 6.58583 664.26390
6507.24657 203.20827 6.69080 6.57846 663.84561
6506.49198 202.51819 6.66765 6.55612 662.71503
6506.16485 202.21459 6.65747 6.54629 662.25641
6505.69905 201.79499 6.64338 6.53271 661.50356
6505.34421 201.50186 6.63351 6.52322 660.69918
6504.66727 200.93717 6.61447 6.50494 659.18178
6503.78404 200.13470 6.58761 6.47896 657.80587
6503.50386 199.86321 6.57853 6.47017 657.47256
6502.83938 199.26917 6.55824 6.45094 656.79415
6502.58329 199.04514 6.55090 6.44369 656.61048
6501.63766 198.19263 6.52571 6.41609 654.51426
6501.13699 197.71044 6.50968 6.40048 653.93831
6500.25711 196.81456 6.47955 6.37148 653.53886
6500.58697 197.12538 6.48998 6.38154 653.94588
6499.62922 196.27880 6.46151 6.35413 652.27148
6499.50946 196.17117 6.45790 6.35065 652.08019
6498.50294 195.25210 6.42707 6.32090 650.60802
6498.42695 195.18086 6.42468 6.31859 650.51408
6497.52886 194.36637 6.39734 6.29222 649.15233
6497.34656 194.19956 6.39175 6.28682 648.89236
6496.69618 193.61178 6.37203 6.26779 647.91641
6496.63921 193.57781 6.37086 6.26669 647.66517
6495.74006 192.84839 6.34617 6.24308 645.53168
6494.93932 192.11824 6.32162 6.21944 644.29097
6494.49482 191.70794 6.30795 6.20616 643.86932
6493.91525 191.17971 6.29027 6.18906 643.82517
6493.69143 190.97824 6.28336 6.18254 643.71623
6492.91110 190.30999 6.26167 6.16091 641.84923
6492.54037 189.97540 6.25189 6.15007 640.85412
6491.63115 189.15458 6.22549 6.12350 639.16009
6491.15307 188.69601 6.20997 6.10866 638.73302
6490.29366 187.82579 6.18096 6.08048 638.34351
6490.74441 188.24570 6.19503 6.09408 638.88111
6489.75682 187.40512 6.16672 6.06687 636.94081
6489.66008 187.32020 6.16385 6.06412 636.77422
6488.72637 186.51620 6.13676 6.03809 635.03574
6488.39426 186.22997 6.12712 6.02882 634.41481
6487.65551 185.56876 6.10489 6.00742 633.28026
6487.49737 185.43896 6.10053 6.00322 632.92373
6486.73424 184.80801 6.07918 5.98279 631.26479
6486.05614 184.20174 6.05883 5.96316 630.22249
6485.67429 183.86489 6.04744 5.95226 629.52946
6484.99095 183.27377 6.02764 5.93312 628.86566
6484.56781 182.89995 6.01520 5.92102 628.70169
6483.71980 182.13466 5.98908 5.89625 627.53278
6483.72139 182.12777 5.98887 5.89602 627.61454
6482.80442 181.35084 5.96567 5.87087 624.93010
6482.77363 181.32444 5.96488 5.87002 624.84181
6481.74601 180.45242 5.93588 5.84179 622.73897
6481.11903 179.88217 5.91667 5.82333 621.89437
6480.23869 179.01327 5.88759 5.79520 621.39613
6480.43243 179.19106 5.89358 5.80095 621.63700
6479.66163 178.51662 5.87082 5.77912 620.35118
6479.44751 178.32926 5.86453 5.77305 620.00048
6478.88631 177.85687 5.84855 5.75776 618.90024
6478.44260 177.50257 5.83659 5.74629 617.82181
6477.76758 176.95411 5.81802 5.72854 616.31157
6476.86589 176.16408 5.79146 5.70296 614.86509
6476.74048 176.03861 5.78726 5.69890 614.94011
6475.93948 175.37339 5.76491 5.67736 614.28249
6475.69245 175.16193 5.75778 5.67052 613.83176
6474.68819 174.29129 5.72842 5.64233 612.03848
6474.72123 174.31874 5.72935 5.64322 612.10730
6473.76614 173.50948 5.70195 5.61702 610.31950
6473.55810 173.33068 5.69553 5.61123 610.08122
6472.80527 172.69810 5.67501 5.59076 608.34243
6472.14724 172.13858 5.65857 5.57264 606.35628
6471.37053 171.41581 5.63473 5.54924 605.40863
6471.00265 171.06018 5.62266 5.53773 605.21943
6470.85143 170.92699 5.61823 5.53342 604.98596
6470.31153 170.49891 5.60386 5.51956 603.63957
6470.00426 170.25458 5.59552 5.51165 602.91801
6469.03134 169.47824 5.56918 5.48652 600.67623
6468.69789 169.19915 5.55977 5.47748 600.04157
6467.69587 168.33305 5.53056 5.44945 598.34039
6467.54925 168.20568 5.52627 5.44532 598.27832
6466.68137 167.44829 5.50081 5.42080 597.89611
6466.64530 167.41480 5.49968 5.41972 597.86739
6465.89731 166.81489 5.47941 5.40030 596.05028
6465.23044 166.25204 5.46038 5.38208 594.87503
6464.73903 165.82484 5.44597 5.36825 594.08869
6464.06414 165.25538 5.42674 5.34981 592.83261
6463.75067 164.97920 5.41735 5.34087 592.41767
6462.94894 164.30523 5.39463 5.31905 590.91913
6462.94157 164.29655 5.39436 5.31877 590.92352
6461.96063 163.50717 5.37087 5.29322 587.68821
6461.74364 163.32974 5.36509 5.28747 587.16197
6460.78633 162.52988 5.33775 5.26158 585.44624
6460.40029 162.19560 5.32648 5.25076 584.81258
6459.68095 161.57156 5.30548 5.23056 583.65404
6459.35521 161.28781 5.29589 5.22137 583.14356
6458.88261 160.89935 5.28277 5.20879 582.62331
6458.27054 160.39696 5.26580 5.19253 582.14489
6457.91869 160.11633 5.25631 5.18345 581.33715
6456.95289 159.32362 5.22952 5.15778 579.36203
6456.91902 159.28580 5.22825 5.15656 579.40208
6455.94632 158.50492 5.20175 5.13128 577.27138
6455.74407 158.33574 5.19603 5.12580 576.90705
6454.86517 157.61216 5.17156 5.10238 575.15968
6454.52319 157.32808 5.16191 5.09318 574.53044
6453.82168 156.74866 5.14231 5.07442 573.19394
6453.25565 156.26996 5.12627 5.05893 572.15762
6453.26625 156.25719 5.12586 5.05851 572.40898
6452.59458 155.79745 5.11001 5.04363 570.15262
6451.84439 155.22336 5.09040 5.02505 568.28284
6450.81399 154.36186 5.06446 4.99716 565.33790
6450.36874 153.97545 5.05179 4.98465 564.51288
6449.45188 153.12537 5.02295 4.95713 564.65538
6449.84440 153.45322 5.03400 4.96774 564.79623
6449.06796 152.85854 5.01392 4.94849 563.78608
6448.40696 152.32555 4.99583 4.93123 562.28822
6447.87232 151.87903 4.98072 4.91678 561.35858
6447.20881 151.33937 4.96244 4.89931 560.04174
6446.91407 151.09541 4.95418 4.89141 559.48380
6446.01034 150.36392 4.92934 4.86773 557.64432
6446.08226 150.41908 4.93121 4.86952 557.82400
6445.07332 149.63664 4.90463 4.84419 555.39282
6444.75957 149.38559 4.89612 4.83606 554.72139
6444.04724 148.81278 4.87667 4.81752 553.24007
6443.67456 148.53272 4.86717 4.80845 552.25207
6443.17134 148.14489 4.85395 4.79589 551.02613
6442.38370 147.55106 4.83394 4.77667 548.90772
6442.11160 147.34115 4.82671 4.76988 548.24254
6441.08575 146.54907 4.79989 4.74423 546.29362
6440.91574 146.41085 4.79576 4.73976 546.04356
6440.05654 145.73276 4.77546 4.71781 543.49229
6439.35602 145.17800 4.75657 4.69985 541.91355
6438.51256 144.42066 4.73091 4.67533 541.09032
6438.28000 144.20237 4.72353 4.66826 540.96485
6438.01303 143.99824 4.71659 4.66166 540.30049
6437.24966 143.39294 4.69596 4.64206 538.66336
6437.04300 143.22698 4.69032 4.63669 538.23042
6436.06034 142.45854 4.66425 4.61181 535.99130
6436.26136 142.61046 4.66940 4.61673 536.51969
6435.28959 141.89555 4.64496 4.59358 533.76947
6434.82069 141.54858 4.63318 4.58235 532.46791
6434.12610 141.02046 4.61523 4.56526 530.70801
6433.37850 140.44052 4.59547 4.54648 528.97613
6433.16724 140.27274 4.58975 4.54105 528.52464
6432.20275 139.54735 4.56498 4.51757 526.06445
6432.16291 139.51633 4.56393 4.51656 526.02228
6431.14913 138.74840 4.53792 4.49170 524.51472
6430.64254 138.35208 4.52445 4.47887 523.20690
6429.98228 137.81801 4.50594 4.46158 522.08376
6429.36913 137.33626 4.48995 4.44599 520.53479
6429.05413 137.07158 4.48221 4.43742 519.58137
6428.27539 136.48038 4.46365 4.41828 517.05770
6427.91573 136.19690 4.45395 4.40910 516.27922
6426.91057 135.37823 4.42640 4.38260 514.22476
6427.12657 135.54483 4.43210 4.38799 514.74202
6426.39256 134.99966 4.41340 4.37034 512.78593
6426.03311 134.76182 4.40525 4.36264 511.47445
6425.28351 134.23144 4.38712 4.34547 509.11100
6424.32599 133.50945 4.36241 4.32210 506.58937
6424.22236 133.43249 4.35976 4.31961 506.27798
6423.18236 132.65326 4.33322 4.29438 504.48173
6422.88820 132.42270 4.32536 4.28692 504.11939
6422.24532 131.92540 4.30831 4.27082 502.50754
6421.78240 131.60177 4.29728 4.26034 501.01496
6421.03855 131.04005 4.27805 4.24216 499.11659
6420.13894 130.31960 4.25339 4.21884 497.24159
6420.36933 130.48892 4.25919 4.22432 497.89711
6419.35921 129.77382 4.23470 4.20117 494.69063
6418.93597 129.44943 4.22339 4.19067 493.71371
6418.39086 129.03174 4.20900 4.17714 492.42514
6417.99468 128.77773 4.20085 4.16892 490.63033
6417.22848 128.23468 4.18474 4.15134 487.32053
6416.16771 127.42509 4.15734 4.12513 484.52910
6415.98367 127.27695 4.15236 4.12034 484.12133
6414.98033 126.48182 4.12504 4.09460 481.86765
6415.12800 126.58295 4.12854 4.09787 482.41057
6414.38634 126.06186 4.11061 4.08100 480.33306
6413.64088 125.51600 4.09197 4.06333 479.10267
6413.38961 125.32108 4.08526 4.05702 478.50233
6412.48019 124.68649 4.06334 4.03648 475.39955
6412.24613 124.51779 4.05754 4.03101 474.69661
6411.26539 123.79053 4.03249 4.00747 471.92966
6410.96492 123.57060 4.02492 4.00035 471.04269
6410.23066 123.03802 4.00653 3.98311 468.83520
6409.42382 122.42159 3.98522 3.96315 466.76881
6409.79328 122.66377 3.99364 3.97099 468.17355
6408.84794 122.08902 3.97362 3.95239 464.01465
6408.02925 121.51450 3.95380 3.93379 461.32940
6407.33458 121.00119 3.93609 3.91717 459.30514
6406.77136 120.60219 3.92233 3.90425 457.43581
6406.30536 120.26466 3.91041 3.89333 456.06552
6405.29648 119.52485 3.88681 3.86938 453.31642
6405.34781 119.56123 3.88782 3.87056 453.47696
6404.20522 118.73455 3.86098 3.84379 449.59232
6403.62785 118.26702 3.84474 3.82866 448.37358
6403.26767 117.98048 3.83474 3.81938 447.55974
6402.73559 117.61605 3.82200 3.80758 445.64401
6402.37182 117.34789 3.81268 3.79890 444.55035
6401.39125 116.65104 3.78837 3.77634 441.33102
6401.41360 116.66250 3.78878 3.77671 441.45539
6400.58871 116.09327 3.76886 3.75829 438.52000
6400.10757 115.77663 3.75774 3.74804 436.59937
6399.63881 115.46257 3.74676 3.73787 434.81748
6398.63527 114.79087 3.72317 3.71612 430.99400
6398.46383 114.67409 3.71906 3.71234 430.35885
6397.42908 113.95888 3.69396 3.68919 426.64409
6396.78769 113.48750 3.67737 3.67393 424.75613
6396.51765 113.28329 3.67024 3.66732 424.33226
6395.71925 112.75370 3.65152 3.65018 421.87711
6395.62435 112.68880 3.64922 3.64807 421.48526
6394.56346 111.97702 3.62410 3.62503 417.31081
6393.86051 111.47722 3.60605 3.60885 414.95557
6393.32155 111.06868 3.59231 3.59563 413.08624
6392.55951 110.53224 3.57586 3.57826 409.51189
6392.28619 110.32031 3.56886 3.57140 408.59030
6391.37982 109.66676 3.54551 3.55024 405.46275
6391.81341 109.95129 3.55580 3.55945 407.25989
6390.72239 109.28909 3.53192 3.53802 402.19021
6389.63103 108.51493 3.50421 3.51295 398.23979
6389.59917 108.48223 3.50305 3.51190 398.22835
6388.65897 107.86443 3.48082 3.49190 394.23337
6388.28148 107.60251 3.47149 3.48342 392.95541
6387.50139 107.05638 3.45185 3.46574 391.02613
6386.92004 106.65923 3.43746 3.45288 388.62866
6386.69393 106.50127 3.43177 3.44777 387.73051
6385.72494 105.87363 3.40899 3.42745 383.54457
6385.60060 105.78681 3.40582 3.42464 383.04015
6384.55054 105.10613 3.38111 3.40260 378.47754
6383.60629 104.41587 3.35603 3.38025 374.97699
6383.76014 104.49926 3.35910 3.38295 375.81372
6383.00900 104.05044 3.34266 3.36842 372.13378
6382.77863 103.90881 3.33747 3.36384 371.04381
6381.82853 103.32161 3.31601 3.34483 366.56974
6380.97960 102.76528 3.29565 3.32682 362.84082
6380.70124 102.58607 3.28892 3.32102 361.62532
6379.67369 101.90707 3.26478 3.29904 356.98284
6379.19576 101.58596 3.25459 3.28864 354.65335
6378.33556 100.97435 3.23418 3.26884 351.77621
6377.69877 100.50583 3.21691 3.25368 349.33188
6377.82041 100.58488 3.21986 3.25623 349.90958
6376.83873 99.97677 3.19762 3.23655 345.31103
6376.45522 99.71744 3.18828 3.22815 343.63434
6375.64640 99.18934 3.16934 3.21106 339.98807
6374.81707 98.62513 3.14902 3.19279 336.41509
6374.95738 98.70290 3.15178 3.19531 337.16580
6374.08963 98.19180 3.13386 3.17876 332.92622
6373.60919 97.90388 3.12369 3.16944 330.66715
6372.91742 97.47588 3.10873 3.15559 327.48650
6371.92444 96.85894 3.08743 3.13561 323.01365
6371.73536 96.73804 3.08336 3.13170 322.17580
6370.72176 96.07894 3.06123 3.11036 317.79597
6370.18723 95.72742 3.04917 3.09898 315.97123
6369.81332 95.48250 3.04087 3.09106 314.65246
6368.84541 94.87318 3.02095 3.07133 310.38532
6368.86478 94.88224 3.02123 3.07162 310.47890
6367.85389 94.26469 3.00132 3.05163 306.16639
6366.97156 93.68630 2.98240 3.03291 302.60661
6366.51986 93.38066 2.97337 3.02301 300.78055
6365.57436 92.72682 2.95556 3.00185 296.89390
6365.78852 92.87291 2.95969 3.00657 297.75121
6364.67072 92.17725 2.93842 2.98405 293.40874
6363.86115 91.60415 2.91978 2.96550 290.49360
6364.34282 91.90122 2.92919 2.97512 292.28743
6363.23235 91.30569 2.91091 2.95584 288.09607
6362.01646 90.52482 2.88592 2.93056 283.92071
6361.53651 90.16755 2.87421 2.91899 282.60257
6360.87404 89.73974 2.86149 2.90514 280.52423
6360.97264 89.80389 2.86329 2.90722 280.84819
6359.68051 89.00789 2.83661 2.88145 276.70574
6359.00540 88.50895 2.81147 2.86530 274.64900
6358.37458 88.09337 2.79483 2.85185 272.78502
6357.23648 87.23783 2.75736 2.82415 269.49829
6357.20660 87.19669 2.75512 2.82282 269.39703
6356.24957 86.50438 2.72297 2.80041 266.72537
6355.25108 85.68197 2.70620 2.77378 263.92344
6354.32625 84.81335 2.68436 2.74566 261.28685
6354.13819 84.63501 2.68088 2.73989 260.74466
6353.48821 84.02976 2.67229 2.72030 258.92051
6353.61123 84.13813 2.67344 2.72380 259.25066
6353.33846 83.91817 2.67152 2.71668 258.54622
6352.77729 83.55019 2.66824 2.70477 257.26802
6353.05219 83.69828 2.66921 2.70956 257.83767
6352.27575 83.27116 2.66486 2.69574 256.25156
6351.70792 82.94442 2.66020 2.68516 255.00724
6351.27800 82.68828 2.65517 2.67687 254.03250
6350.34604 82.18010 2.65132 2.66042 252.12720
6350.02015 81.99342 2.65365 2.65437 251.47720
6349.31335 81.59203 2.66203 2.64138 250.08163
6348.36727 81.07370 2.68369 2.62460 248.31535
6348.39785 81.08996 2.68266 2.62513 248.36996
6347.33458 80.51289 2.67794 2.60644 246.47968
6346.25011 79.89672 2.60043 2.58650 244.57236
6345.75000 79.56946 2.55907 2.57590 243.59217
6344.79914 78.96789 2.52744 2.55643 241.80054
6344.11906 78.52185 2.51949 2.54199 240.48821
6343.33787 77.96493 2.48921 2.52396 238.85297
6342.47598 77.34219 2.47892 2.50380 237.04314
6342.46841 77.32109 2.47846 2.50312 236.97882
6341.53386 76.69181 2.46943 2.48274 235.17948
6340.85019 76.19521 2.45921 2.46667 233.71387
6340.04982 75.56625 2.45234 2.44631 231.96968
6339.44201 75.10343 2.44500 2.43132 230.83575
6338.77104 74.54604 2.43536 2.41328 229.26214
6337.98759 73.89408 2.42455 2.39217 227.33830
6338.06983 73.93505 2.42506 2.39350 227.44776
6337.25399 73.34042 2.41354 2.37425 225.76655
6336.83281 73.01338 2.40792 2.36366 224.82866
6335.84099 72.20261 2.39300 2.33742 222.49189
6335.36704 71.80858 2.38475 2.32466 221.35616
6334.62402 71.14903 2.37058 2.30331 219.40542
6334.36173 70.93599 2.36592 2.29641 218.81403
6333.75785 70.42695 2.35474 2.27993 217.33489
6333.16670 69.93739 2.34334 2.26408 215.93465
6332.78635 69.61622 2.33604 2.25369 215.01022
6331.95571 68.93319 2.31974 2.23157 213.07833
6331.69323 68.70359 2.31394 2.22414 212.42329
6330.73438 67.89567 2.29401 2.19799 210.11981
6330.72042 67.88331 2.29369 2.19759 210.08487
6329.71530 67.03594 2.27167 2.17015 207.66985
6329.56044 66.90347 2.26819 2.16587 207.29385
6328.83432 66.29477 2.25309 2.14616 205.69664
6328.25950 65.83660 2.24227 2.13133 204.58615
6327.32624 64.99275 2.21791 2.10401 202.21441
6326.83762 64.51686 2.20374 2.08860 200.86693
6326.44608 64.16113 2.19285 2.07709 199.85514
6325.88264 63.65249 2.17717 2.06062 198.42607
6325.31126 63.13251 2.16123 2.04379 196.97086
6324.50576 62.35555 2.13698 2.01864 194.81024
6324.12381 61.96669 2.12466 2.00605 193.73432
6323.41425 61.27271 2.10246 1.98358 191.83721
6322.97192 60.80588 2.08740 1.96847 190.55351
6322.34230 60.16416 2.06654 1.94769 188.80547
6321.81716 59.60527 2.04821 1.92960 187.28969
6321.28583 59.02331 2.02914 1.91076 185.74333
6320.96273 58.68304 2.01774 1.89975 184.82471
6320.40552 58.11181 1.99887 1.88125 183.29776
6320.24838 57.91830 1.99310 1.87499 182.83087
6320.15629 57.85958 1.99146 1.87309 182.67775
6319.84149 57.60092 1.98404 1.86471 182.03389
6319.11709 57.01268 1.96584 1.84567 180.52667
6319.25282 57.11875 1.96931 1.84911 180.82080
6318.23632 56.37868 1.94422 1.82515 178.70155
6318.24991 56.37827 1.94421 1.82513 178.70443
6317.45238 55.82937 1.92583 1.80736 177.17632
6316.69995 55.29850 1.90785 1.79018 175.71967
6316.09388 54.84460 1.89245 1.77548 174.45470
6315.16810 54.13343 1.86831 1.75246 172.48650
6315.20749 54.16464 1.86938 1.75347 172.57247
6314.10971 53.34987 1.84152 1.72710 170.30741
6313.38323 52.75450 1.82108 1.70782 168.66770
6312.57386 52.04847 1.79685 1.68497 166.73091
6311.92076 51.46617 1.77676 1.66611 165.14026
6311.29668 50.85541 1.75572 1.64634 163.46775
6311.00563 50.59962 1.74686 1.63806 162.76584
6310.42500 50.07078 1.72861 1.62094 161.31937
6309.85724 49.55376 1.71061 1.60420 159.88894
6309.28113 49.02226 1.69203 1.58700 158.41821
6308.59683 48.36120 1.67167 1.56560 156.77975
6308.45797 48.21902 1.66739 1.56099 156.43744
6307.76602 47.61928 1.64721 1.54158 154.83893
6307.36909 47.24298 1.63379 1.52940 153.77358
6306.76291 46.68873 1.61454 1.51145 152.24877
6307.21988 47.07132 1.62778 1.52384 153.30510
6306.17974 46.30139 1.60095 1.49891 151.14253
6306.12183 46.25199 1.59922 1.49732 151.00449
6305.39908 45.73448 1.58103 1.48056 149.54121
6304.74576 45.28410 1.56512 1.46598 148.26047
6304.22604 44.89352 1.55146 1.45334 147.16051
6303.34468 44.25313 1.52886 1.43261 145.35983
6304.02080 44.69872 1.54463 1.44703 146.62054
6302.76893 43.94779 1.51808 1.42272 144.48537
6301.89769 43.33632 1.49650 1.40293 142.75452
6301.56762 43.11504 1.48867 1.39576 142.13117
6300.57158 42.44528 1.46500 1.37408 140.24427
6300.49642 42.39408 1.46319 1.37242 140.09979
6299.59146 41.77408 1.44132 1.35235 138.33996
6299.27277 41.57289 1.43427 1.34584 137.77726
6298.74354 41.23702 1.42240 1.33497 136.83192
6297.72429 40.57728 1.39864 1.31361 134.94567
6298.65818 41.10254 1.41768 1.33061 136.43649
6297.53827 40.55732 1.39787 1.31296 134.91030
6296.30188 39.87602 1.37630 1.29091 133.24283
6295.61839 39.46055 1.36285 1.27746 132.19907
6294.76806 38.89401 1.34250 1.25912 130.59144
6294.43495 38.70201 1.33560 1.25290 130.06285
6293.60008 38.18480 1.31735 1.23616 128.63411
6292.45174 37.39104 1.28920 1.21046 126.38219
6292.27073 37.26412 1.28472 1.20635 126.02260
6291.23287 36.52204 1.25856 1.18233 123.90619
6290.38530 35.86556 1.23540 1.16108 121.98503
6289.90228 35.45287 1.22092 1.14772 120.78188
6289.60253 35.22422 1.21284 1.14031 120.11949
6290.49893 35.77564 1.23240 1.15816 121.66292
6289.89005 35.47685 1.22173 1.14849 120.86389
6289.50475 35.31072 1.21575 1.14311 120.43119
6289.46418 35.29990 1.21535 1.14276 120.40729
6288.16519 34.77793 1.19643 1.12587 119.09240
6286.87721 34.17753 1.17485 1.10643 117.53042
6286.94296 34.20552 1.17586 1.10734 117.60065
6285.66626 33.61960 1.15485 1.08837 116.09755
6284.33970 32.90158 1.12915 1.06512 114.14444
6284.09218 32.76214 1.12420 1.06061 113.76542
6283.20954 32.25204 1.10611 1.04410 112.36486
6282.35193 31.77505 1.08892 1.02865 111.04117
6281.88021 31.48440 1.07840 1.01924 110.16822
6280.99079 30.93845 1.06037 1.00157 108.71429
6281.39934 31.13718 1.06664 1.00800 109.16185
6281.46979 31.19733 1.06856 1.00995 109.33033
6280.12116 30.64715 1.05122 0.99214 108.22310
6278.90681 30.07026 1.03173 0.97346 106.83827
6278.62513 29.92360 1.02642 0.96872 106.43120
6277.73828 29.47886 1.01021 0.95432 105.20886
6276.89635 29.07670 0.99585 0.94130 104.15586
6276.29322 28.76032 0.98458 0.93106 103.28655
6275.44849 28.28882 0.96776 0.91579 101.95551
6275.05495 28.09482 0.96081 0.90951 101.42477
6275.21751 28.17624 0.96372 0.91215 101.64892
6273.97344 27.64059 0.94442 0.89481 100.28799
6272.78988 27.06466 0.92387 0.87616 98.65290
6273.56166 27.40034 0.93590 0.88703 99.57477
6272.39279 26.95194 0.91971 0.87252 98.43863
6271.12443 26.41309 0.90029 0.85507 97.05873
6270.48785 26.11786 0.88971 0.84551 96.25751
6270.20207 25.97569 0.88462 0.84091 95.86014
6269.37743 25.64754 0.87275 0.83029 95.03382
6268.56271 25.31245 0.86067 0.81944 94.16502
6268.24179 25.17920 0.85587 0.81513 93.81769
6267.24390 24.75529 0.84060 0.80140 92.69130
6266.29433 24.35629 0.82622 0.78849 91.62622
6267.27078 24.68889 0.83834 0.79925 92.40482
6266.52238 24.49452 0.83113 0.79296 92.05744
6265.17003 24.11396 0.81713 0.78064 91.30623
6263.72421 23.62158 0.79936 0.76470 90.09499
6262.62896 23.17344 0.78293 0.75019 88.85081
6261.91719 22.83709 0.77089 0.73930 87.85574
6260.97148 22.40334 0.75674 0.72526 86.74287
6260.08533 21.99189 0.74398 0.71194 85.74096
6259.54363 21.69322 0.73391 0.70227 84.84955
6258.77304 21.31124 0.72012 0.68991 83.63864
6258.48091 21.17723 0.71520 0.68557 83.21400
6258.38834 21.13631 0.71372 0.68425 83.08953
6257.50727 20.79089 0.70123 0.67306 82.09808
6256.60976 20.44513 0.68885 0.66187 81.11374
6258.25630 20.89243 0.70521 0.67635 82.10745
6257.66526 20.80005 0.70165 0.67336 82.04780
6256.68297 20.66363 0.69634 0.66894 82.02475
6255.66718 20.50804 0.69041 0.66391 81.91763
6254.79318 20.38365 0.68562 0.65988 81.85390
6253.83701 20.26225 0.68084 0.65595 81.89978
6252.80615 20.12511 0.67546 0.65151 81.93215
6251.72566 19.98062 0.66983 0.64683 81.96125
6250.75449 19.80473 0.66318 0.64114 81.77833
6249.57923 19.52763 0.65294 0.63217 81.25397
6248.28755 19.15828 0.63947 0.62021 80.33909
6246.97879 18.75730 0.62492 0.60723 79.27794
6245.78459 18.31332 0.60905 0.59286 77.82238
6244.65398 17.80716 0.59098 0.57647 76.07541
6243.28703 17.09172 0.56562 0.55331 73.40540
6242.25674 16.47028 0.54368 0.53319 70.96150
6241.66287 16.08017 0.52994 0.52056 69.38632
6240.65860 15.42927 0.50697 0.49949 66.75430
6239.54197 14.58609 0.47741 0.47220 63.23466
6238.55041 13.72423 0.44683 0.44429 59.48541
6237.68992 12.91276 0.42141 0.41802 56.30903
6236.74392 11.88413 0.38629 0.38472 51.89236
6236.56000 11.67918 0.37912 0.37809 50.98880
0.00000 0.00000 0.00000 0.00000 0.00000
