7382.04503 245.76912 8.01153 7.95628 1236.92031
7381.71872 245.38113 7.99890 7.94372 1235.69166
7380.96699 244.47002 7.96795 7.91423 1232.79980
7380.42454 243.76468 7.94536 7.89139 1230.60580
7379.65693 242.66099 7.91285 7.85566 1227.25889
7379.54340 242.48516 7.90727 7.84997 1226.75600
7378.99019 241.72459 7.88237 7.82535 1224.36435
7378.36350 240.79733 7.85191 7.79533 1221.71271
7377.75975 239.81840 7.82000 7.76364 1218.84919
7377.07993 238.53385 7.77809 7.72206 1215.04690
7376.64637 237.64380 7.74899 7.69324 1212.52037
7376.20401 236.63818 7.71620 7.66069 1209.73888
7375.63415 235.08716 7.66562 7.61048 1205.58136
7375.17596 233.50412 7.61750 7.55923 1201.68065
7374.95569 232.56291 7.58669 7.52876 1199.36327
7374.84021 232.08044 7.57110 7.51314 1198.13830
7374.57473 230.79555 7.52935 7.47154 1194.90538
7374.34691 229.43424 7.48512 7.42747 1191.55227
7374.19364 228.29472 7.44814 7.39058 1188.66527
7374.04833 227.24757 7.41415 7.35669 1185.90370
7373.92250 226.23732 7.38122 7.32398 1183.06311
7373.79075 225.28220 7.35299 7.29306 1180.44204
7373.74947 224.93851 7.34265 7.28193 1179.47783
7373.64202 223.93713 7.31012 7.24952 1176.49067
7373.54041 222.87606 7.27569 7.21517 1173.31865
7373.43371 221.75153 7.23934 7.17876 1169.75796
7373.34475 220.50216 7.19885 7.13832 1165.77894
7373.29014 219.33369 7.16106 7.10049 1162.17927
7373.24801 218.22968 7.12535 7.06475 1158.74036
7373.21934 217.13754 7.08960 7.02939 1155.16450
7373.19828 216.11925 7.05829 6.99643 1152.03445
7373.17467 215.10484 7.02750 6.96359 1148.88627
7373.15560 214.08107 6.99439 6.93045 1145.44461
7373.13643 213.09154 6.96223 6.89841 1142.08832
7373.11517 212.10424 6.93033 6.86645 1138.72091
7373.09147 211.05782 6.89638 6.83257 1135.06559
7373.07803 210.03565 6.86331 6.79948 1131.58973
7373.05952 209.07165 6.83171 6.76828 1128.19265
7373.03747 208.02068 6.79822 6.73425 1124.60079
7373.02689 206.95650 6.76628 6.69980 1121.29796
7373.01925 206.05603 6.73763 6.67065 1118.31313
7372.99258 205.19882 6.70957 6.64290 1115.22660
7372.96129 204.36667 6.68260 6.61596 1112.30103
7372.90895 203.57093 6.65680 6.59020 1109.33514
7372.84164 202.73320 6.62954 6.56308 1106.05708
7372.75148 201.82353 6.60012 6.53363 1102.36511
7372.74180 201.73070 6.59711 6.53063 1101.98712
7372.65255 200.84251 6.56817 6.50187 1098.42504
7372.54868 199.82812 6.53522 6.46904 1094.37442
7372.44812 198.80774 6.50408 6.43600 1090.55565
7372.35491 197.86562 6.47515 6.40550 1087.04117
7372.25465 196.96420 6.44558 6.37632 1083.52880
7372.14820 196.07609 6.41663 6.34757 1079.95291
7372.02065 195.13228 6.38611 6.31702 1076.07110
7371.89926 194.21215 6.35622 6.28723 1072.42472
7371.81683 193.69157 6.33935 6.27038 1070.26506
7371.78937 193.52910 6.33409 6.26512 1069.57393
7371.60746 192.50587 6.30077 6.23199 1065.12164
7371.43957 191.51474 6.26837 6.19991 1060.93775
7371.27491 190.60324 6.24040 6.17040 1057.16419
7371.09770 189.66538 6.21199 6.14004 1053.19792
7370.91355 188.71876 6.18141 6.10939 1049.19104
7370.97979 189.01592 6.19116 6.11901 1050.54064
7370.73320 188.02547 6.15873 6.08695 1045.80368
7370.48481 186.87312 6.12151 6.04964 1040.76355
7370.28841 185.96136 6.09189 6.02013 1036.90708
7370.09520 185.13632 6.06516 5.99342 1033.36233
7370.07698 185.07097 6.06305 5.99130 1033.05560
7369.86344 184.35081 6.03983 5.96799 1029.55278
7369.59053 183.26354 6.00430 5.93279 1024.93347
7369.37376 182.45590 5.97890 5.90664 1021.38065
7369.11350 181.57186 5.95244 5.87803 1017.36131
7369.13359 181.64098 5.95452 5.88026 1017.67241
7368.79468 180.53667 5.91992 5.84451 1012.43777
7368.48076 179.40039 5.88278 5.80773 1007.38824
7368.21940 178.45800 5.85248 5.77722 1003.13212
7368.15184 178.22427 5.84502 5.76965 1002.03830
7367.97500 177.69713 5.82817 5.75259 999.38258
7367.60245 176.44650 5.78791 5.71210 993.53073
7367.28322 175.25768 5.74968 5.67362 988.57746
7367.01578 174.21761 5.71616 5.63995 984.43710
7367.23346 174.94139 5.73946 5.66338 987.67781
7366.83673 173.78752 5.70220 5.62602 981.97236
7366.53416 172.78425 5.67025 5.59354 977.61252
7366.25310 171.97594 5.64612 5.56738 973.77246
7366.35033 172.24382 5.65401 5.57605 975.08038
7365.89888 171.05908 5.61872 5.53770 969.04813
7365.54009 169.97999 5.58414 5.50276 964.17890
7365.37136 169.52242 5.56953 5.48795 961.89027
7365.34903 169.50429 5.56901 5.48736 961.60805
7364.77191 168.04291 5.52317 5.44005 954.05241
7364.37513 166.79733 5.48427 5.39973 948.89369
7364.39706 166.84762 5.48579 5.40136 949.17646
7364.23426 166.49417 5.47512 5.38992 947.08924
7363.77416 165.33745 5.43837 5.35247 941.29914
7363.37200 164.30797 5.40503 5.31914 936.31269
7363.55347 164.74210 5.41871 5.33320 938.55281
7363.01750 163.53427 5.38285 5.29409 931.86398
7362.58469 162.43827 5.34593 5.25861 926.62315
7362.69443 162.68657 5.35428 5.26665 927.99250
7362.16188 161.59194 5.31790 5.23122 921.49667
7361.62997 160.20839 5.27193 5.18643 915.16025
7361.46707 159.77235 5.25700 5.17231 913.30325
7361.42934 159.73951 5.25579 5.17125 912.83620
7360.86202 158.41463 5.21028 5.12836 906.92722
7360.42645 157.28973 5.17187 5.09194 902.89707
7360.76903 158.05254 5.19811 5.11663 906.21048
7360.25691 157.05682 5.16397 5.08440 900.95982
7359.73181 155.94817 5.12764 5.04851 894.90638
7359.69398 155.88141 5.12541 5.04635 894.45510
7359.12350 154.68544 5.08722 5.00763 887.93995
7358.66285 153.57263 5.05048 4.97161 883.02043
7358.76776 153.80793 5.05862 4.97922 884.12559
7358.28303 152.85846 5.02550 4.94849 878.76841
7357.74336 151.62396 4.98379 4.90852 873.26925
7357.72311 151.55866 4.98162 4.90641 873.09283
7357.29585 150.73237 4.95374 4.87966 868.45804
7356.80527 149.53957 4.91414 4.84104 863.72471
7356.70664 149.32563 4.90700 4.83412 862.75326
7356.56494 149.08040 4.89873 4.82618 861.21114
7356.06178 148.03845 4.86348 4.79245 856.10754
7355.90408 147.72948 4.85309 4.78245 854.46517
7355.61645 147.23557 4.83674 4.76646 851.31067
7354.98256 145.96426 4.79687 4.72530 844.83348
7354.80827 145.57635 4.78438 4.71274 843.20864
7354.63005 145.29220 4.77487 4.70354 841.30038
7354.02850 144.11154 4.73489 4.66532 835.49863
7353.94820 143.93813 4.72909 4.65971 834.77794
7353.75017 143.62382 4.71852 4.64953 832.65836
7353.12138 142.52649 4.68178 4.61401 826.20036
7352.93963 142.20222 4.67086 4.60351 824.36375
7352.41197 141.24674 4.63877 4.57258 819.26014
7351.86001 140.16594 4.60264 4.53759 814.47219
7352.26487 140.87070 4.62626 4.56041 818.23812
7351.57585 139.79901 4.59031 4.52571 811.59997
7351.13930 139.04377 4.56508 4.50126 807.98312
7350.97179 138.80710 4.55706 4.49360 806.41544
7350.34939 137.76352 4.52182 4.45982 800.99774
7350.22459 137.58134 4.51576 4.45392 799.77248
7349.57688 136.52585 4.48237 4.41975 793.31903
7348.92787 135.33538 4.44428 4.38121 787.29518
7349.29110 135.94670 4.46440 4.40100 790.72215
7348.48927 134.70270 4.42270 4.36073 782.95730
7348.04028 133.88056 4.39513 4.33412 779.26707
7347.88542 133.66829 4.38801 4.32724 777.71143
7347.27042 132.59382 4.35213 4.29246 772.58314
7347.29923 132.64891 4.35397 4.29424 772.79944
7346.80791 131.90294 4.32889 4.27009 768.21857
7346.23945 130.98748 4.29833 4.24046 763.18249
7346.24987 131.02322 4.29950 4.24161 763.18608
7345.55572 129.95100 4.26332 4.20690 757.07551
7345.52992 129.89299 4.26136 4.20503 756.94592
7344.93867 129.09497 4.23463 4.17919 751.13823
7344.22460 127.95118 4.19857 4.14216 744.81532
7344.50512 128.37932 4.21188 4.15602 747.36231
7343.80170 127.40178 4.18124 4.12438 740.42153
7343.71062 127.28789 4.17752 4.12069 739.52047
7343.00409 126.34882 4.14610 4.09029 733.42589
7342.51359 125.63159 4.12185 4.06707 729.76762
7341.94204 124.82365 4.09487 4.04092 725.28846
7341.24303 123.63580 4.05528 4.00246 720.46622
7341.68608 124.29354 4.07732 4.02375 724.12748
7341.11280 123.55456 4.05246 3.99983 718.74044
7340.73357 123.04517 4.03535 3.98334 715.25128
7340.28122 122.46698 4.01597 3.96462 711.05570
7339.62763 121.56448 3.98557 3.93541 705.54990
7339.33439 121.17674 3.97243 3.92285 703.04825
7338.62222 120.12098 3.93791 3.88868 697.53199
7338.80719 120.36767 3.94567 3.89666 699.19112
7338.15208 119.55598 3.92022 3.87039 692.91258
7337.68711 118.90682 3.89986 3.84937 688.88904
7337.59960 118.80957 3.89668 3.84622 688.02351
7336.96714 118.04193 3.87104 3.82137 682.34540
7336.22652 117.07923 3.83850 3.79021 676.27332
7335.53627 116.01292 3.80289 3.75569 671.62715
7336.09067 116.74307 3.82736 3.77932 676.21118
7335.43421 116.00755 3.80259 3.75551 669.93753
7335.01317 115.49872 3.78549 3.73904 666.46651
7334.52709 114.92893 3.76635 3.72059 662.62052
7334.03772 114.35156 3.74705 3.70190 659.00873
7333.64067 113.88154 3.73130 3.68669 656.08846
7333.06761 113.19682 3.70819 3.66452 651.68234
7332.53090 112.56530 3.68672 3.64408 647.28141
7331.66880 111.40597 3.64917 3.60655 640.52863
7332.14646 111.99802 3.66794 3.62571 644.62730
7331.30063 111.03386 3.63744 3.59450 636.87005
7331.37141 111.10767 3.63975 3.59689 637.55063
7330.59686 110.29010 3.61389 3.57042 630.31168
7330.03415 109.66801 3.59307 3.55028 625.51759
7329.21201 108.66932 3.55910 3.51795 619.32028
7328.87853 108.22798 3.54428 3.50366 617.09603
7328.57837 107.87769 3.53252 3.49232 614.76869
7328.17489 107.39610 3.51634 3.47673 611.80121
7328.04722 107.27295 3.51217 3.47275 610.62261
7327.35468 106.53189 3.48706 3.44876 604.75198
7327.27671 106.44108 3.48399 3.44582 604.15805
7326.57569 105.74884 3.46046 3.42341 598.07332
7325.82618 104.94761 3.43344 3.39747 592.72644
7325.06085 104.03266 3.40275 3.36785 588.27578
7325.39530 104.40665 3.41533 3.37996 590.50316
7324.52497 103.51994 3.38525 3.35125 583.81919
7324.51699 103.50911 3.38488 3.35090 583.77714
7323.61081 102.61671 3.35413 3.32201 576.15330
7322.87824 101.82069 3.32779 3.29624 570.32883
7322.02170 100.78369 3.29511 3.26267 564.34488
7322.52483 101.34242 3.31279 3.28076 568.15967
7321.56575 100.36705 3.28158 3.24918 560.36487
7321.53564 100.32690 3.28025 3.24788 560.20832
7320.67174 99.45795 3.25054 3.21975 553.50100
7320.42192 99.20997 3.24194 3.21172 551.60212
7319.55214 98.28661 3.21038 3.18183 545.48260
7319.75495 98.49625 3.21750 3.18862 547.01910
7318.82251 97.60398 3.18703 3.15973 539.62337
7319.85866 98.45263 3.21618 3.18721 549.00714
7318.59281 97.56032 3.18530 3.15832 536.51369
7317.22409 96.29988 3.14199 3.11752 525.28684
7316.50764 95.55834 3.11662 3.09351 520.59503
7316.65014 95.69566 3.12133 3.09796 521.52186
7315.87994 94.99155 3.09714 3.07516 516.44296
7315.53774 94.66901 3.08596 3.06472 514.35883
7314.87087 94.04831 3.06439 3.04463 510.03448
7314.77490 93.95384 3.06113 3.04157 509.41311
7314.07091 93.37164 3.04148 3.02272 503.34267
7313.40015 92.74781 3.02149 3.00252 498.04144
7312.82598 92.23877 3.00519 2.98605 493.67804
7311.92456 91.35545 2.97523 2.95745 487.50357
7311.68996 91.08994 2.96591 2.94885 486.11948
7311.50378 90.92516 2.96000 2.94352 484.76160
7311.50586 90.94008 2.96051 2.94400 484.69920
7310.59406 90.22976 2.93512 2.92101 477.75973
7310.22122 89.92985 2.92460 2.91130 475.06054
7309.18346 89.05210 2.89360 2.88288 467.53625
7308.98604 88.87970 2.88742 2.87730 466.14801
7308.05810 88.07284 2.85818 2.85118 459.74715
7308.27350 88.23004 2.86402 2.85627 461.36010
7307.33410 87.52927 2.83817 2.83358 455.20060
7306.45043 86.72723 2.80868 2.80762 450.40689
7306.16122 86.47504 2.79916 2.79946 448.67092
7305.54628 85.96117 2.77953 2.78282 444.55394
7305.23810 85.69415 2.76934 2.77418 442.43995
7304.46456 85.05546 2.74481 2.75350 436.78196
7303.84037 84.52317 2.72371 2.73627 432.50871
7302.82964 83.55928 2.68447 2.70506 426.53889
7303.32966 83.99753 2.70250 2.71925 429.67253
7302.32058 83.18105 2.66834 2.69282 423.06833
7301.88345 82.80440 2.65240 2.68063 420.36176
7300.94621 81.97444 2.61759 2.65376 414.93767
7300.88452 81.89729 2.61452 2.65126 414.66350
7300.05980 81.21717 2.58717 2.62924 409.92016
7299.58448 80.75724 2.56746 2.61435 407.25048
7299.11309 80.36865 2.55226 2.60177 404.52845
7298.24947 79.59420 2.52633 2.57670 399.91740
7297.72014 79.07212 2.50911 2.55980 397.23102
7297.27055 78.65056 2.49506 2.54615 394.95442
7296.96025 78.37400 2.48606 2.53720 393.23486
7296.34692 77.81840 2.46721 2.51921 389.98526
7295.85453 77.40239 2.45199 2.50575 387.40169
7294.83166 76.41354 2.41822 2.47374 382.34598
7294.97203 76.52464 2.42188 2.47733 383.10207
7294.14189 75.80804 2.39856 2.45413 378.67733
7293.60494 75.30257 2.38107 2.43777 375.85119
7292.67792 74.38224 2.34328 2.40798 371.58581
7292.18298 73.86591 2.32337 2.39126 369.28759
7291.37734 72.95115 2.29869 2.36165 365.75675
7291.90667 73.48293 2.31172 2.37886 368.17091
7291.01133 72.68447 2.29085 2.35301 363.89606
7290.00440 71.63897 2.24995 2.31917 359.89590
7289.30780 70.80316 2.21824 2.29211 357.57860
7289.03189 70.51328 2.21313 2.28273 356.54020
7288.29163 69.60673 2.19350 2.25338 353.54950
7288.00389 69.26146 2.18324 2.24220 352.43260
7287.43809 68.59458 2.15812 2.22061 350.41778
7286.87453 67.88357 2.13443 2.19759 348.64092
7286.65310 67.62424 2.12938 2.18920 347.88452
7285.91728 66.72556 2.10657 2.16011 345.73244
7285.55496 66.27319 2.09310 2.14546 344.53419
7284.82301 65.28885 2.07650 2.11360 342.64322
7284.83285 65.31565 2.07708 2.11446 342.59364
7283.95031 64.19040 2.04685 2.07804 340.80395
7283.43206 63.42628 2.02723 2.05330 340.49265
7283.36602 63.33604 2.02405 2.05038 340.43066
7282.86957 62.70981 2.00386 2.03010 339.71403
7282.96990 62.83735 2.00748 2.03423 339.84587
7282.13207 61.88388 1.97706 2.00337 338.09973
7281.55860 61.17762 1.95188 1.98050 337.36376
7280.80702 60.15185 1.91697 1.94730 338.26617
7280.82764 60.17113 1.91766 1.94792 338.29926
7280.35751 59.59820 1.89770 1.92937 338.87157
7280.02381 59.20125 1.88407 1.91652 338.78154
7279.67270 58.79237 1.86993 1.90329 338.45612
7279.23287 58.29348 1.85242 1.88713 338.21432
7278.98692 58.03650 1.84390 1.87882 337.62942
7278.46910 57.47383 1.82692 1.86060 336.21148
7278.53929 57.55703 1.82941 1.86329 336.33149
7277.89751 56.96626 1.81039 1.84417 334.07304
7277.45320 56.56492 1.79597 1.83118 332.81975
7276.78019 55.93752 1.77418 1.81087 331.03196
7276.35111 55.52608 1.76000 1.79755 330.05425
7276.15304 55.34262 1.75363 1.79161 329.56184
7275.70193 54.97968 1.74094 1.77986 327.73556
7275.92042 55.12838 1.74616 1.78467 328.92797
7275.07237 54.56826 1.72651 1.76654 324.25807
7275.21982 54.65582 1.72958 1.76937 325.15228
7274.24002 54.04886 1.70828 1.74972 319.46802
7273.34465 53.44847 1.68730 1.73029 314.92070
7273.18287 53.32955 1.68315 1.72644 314.18362
7272.21145 52.71335 1.66178 1.70649 309.73396
7271.31008 52.07331 1.63965 1.68577 306.17960
7270.38136 51.33569 1.61411 1.66189 302.80677
7269.90919 50.95081 1.60088 1.64943 301.24465
7269.25795 50.42516 1.58270 1.63241 298.99442
7268.48448 49.76946 1.56024 1.61119 296.68612
7268.24146 49.55462 1.55275 1.60423 296.07102
7267.48415 48.93753 1.53148 1.58425 293.63273
7268.04211 49.34429 1.54532 1.59742 295.95763
7267.26232 48.83007 1.52800 1.58078 292.11874
7266.92103 48.63380 1.52200 1.57442 290.05935
7265.92360 47.97588 1.50208 1.55312 284.80613
7265.04656 47.34250 1.48034 1.53262 281.42950
7265.84900 47.84435 1.49767 1.54887 285.18298
7264.88190 47.32645 1.47976 1.53210 279.93058
7264.27403 46.99329 1.46828 1.52131 276.74199
7264.50298 47.10421 1.47209 1.52490 278.07395
7263.41055 46.62195 1.45578 1.50929 271.59870
7262.14996 45.99439 1.43451 1.48898 265.81414
7261.06091 45.33180 1.41207 1.46753 261.03058
7259.98063 44.60373 1.38753 1.44396 256.85318
7259.55375 44.29779 1.37721 1.43405 255.30087
7258.70826 43.69864 1.35702 1.41466 252.22360
7257.87280 43.05972 1.33558 1.39397 249.49534
7257.93369 43.08698 1.33650 1.39485 249.80582
7257.05893 42.51014 1.31715 1.37618 246.43340
7256.51623 42.11793 1.30398 1.36348 244.51896
7255.82185 41.58968 1.28638 1.34638 242.24612
7255.95912 41.69048 1.28971 1.34965 242.73337
7256.01197 41.71331 1.29046 1.35039 243.00615
7255.20271 41.31764 1.27732 1.33758 239.09569
7255.13517 41.27369 1.27583 1.33615 238.85226
7254.81515 41.15086 1.27164 1.33218 237.39523
7253.39421 40.54773 1.25122 1.31265 231.22266
7251.74748 39.65956 1.22495 1.28390 224.22229
7251.06473 39.18582 1.20963 1.26856 221.83827
7250.26176 38.67150 1.19220 1.25191 219.07902
7250.85015 39.00606 1.20352 1.26274 221.23787
7250.36276 38.76030 1.19519 1.25479 219.35565
7249.44331 38.34995 1.18165 1.24150 215.59999
7249.11509 38.18597 1.17629 1.23619 214.33677
7248.37693 37.85322 1.16533 1.22542 211.52094
7247.12423 37.24711 1.14533 1.20580 206.91657
7246.42617 36.86582 1.13283 1.19346 204.48075
7246.00020 36.62983 1.12503 1.18582 203.02558
7245.07489 36.16397 1.10972 1.17074 200.21484
7244.63630 35.93140 1.10204 1.16321 198.76387
7244.07987 35.63178 1.09217 1.15351 196.87042
7243.17649 35.18808 1.07767 1.13914 193.85249
7242.81323 35.00241 1.07159 1.13313 192.65004
7242.05885 34.61462 1.05890 1.12058 190.23144
7241.07198 34.10913 1.04234 1.10421 187.07075
7241.46744 34.28823 1.04819 1.11001 188.33321
7240.73269 33.98605 1.03837 1.10023 185.99653
7239.47940 33.44502 1.02075 1.08272 182.18986
7238.21776 32.80318 0.99977 1.06194 178.41293
7237.39902 32.30513 0.98353 1.04581 175.84305
7236.41140 31.70396 0.96351 1.02635 173.08902
7236.20775 31.57748 0.95929 1.02226 172.47111
7235.88541 31.35105 0.95187 1.01493 171.44311
7235.47618 31.18500 0.94679 1.00955 170.29750
7236.79553 31.67805 0.96237 1.02551 173.92142
7236.01918 31.44827 0.95501 1.01807 171.87662
7235.19503 31.24816 0.94890 1.01160 169.77441
7233.79397 30.88518 0.93892 0.99985 166.55478
7232.51841 30.43912 0.92664 0.98541 163.79121
7232.04245 30.25222 0.92097 0.97936 162.72313
7230.98389 29.85149 0.90813 0.96638 160.37322
7229.83751 29.39119 0.89327 0.95148 157.81918
7228.56311 28.77333 0.87350 0.93148 154.67522
7227.45597 28.12875 0.85256 0.91061 151.59389
7226.52731 27.54839 0.83374 0.89182 148.83701
7226.46870 27.50848 0.83245 0.89053 148.64847
7225.74793 27.07675 0.81846 0.87656 146.56159
7226.23564 27.30966 0.82594 0.88410 147.75631
7227.09941 27.60395 0.83517 0.89362 149.46105
7226.71844 27.51479 0.83247 0.89074 148.85519
7225.86516 27.38503 0.82874 0.88654 147.83382
7224.14249 27.03072 0.81813 0.87507 145.81588
7222.38679 26.47837 0.80092 0.85718 143.17652
7220.47619 25.55997 0.77153 0.82745 138.80684
7219.41641 24.91711 0.75074 0.80664 135.67078
7218.92687 24.61807 0.74099 0.79696 134.19635
7218.91658 24.59557 0.74024 0.79623 134.08116
7218.49303 24.38189 0.73336 0.78931 133.05751
7218.77660 24.51012 0.73746 0.79347 133.66465
7218.98578 24.57140 0.73938 0.79545 133.94458
7218.18362 24.37085 0.73323 0.78896 133.06124
7216.90553 24.04895 0.72343 0.77854 131.74585
7215.50390 23.61329 0.70990 0.76443 129.92574
7214.22894 23.10118 0.69337 0.74785 127.56679
7213.44371 22.72658 0.68150 0.73573 125.80561
7212.46482 22.29367 0.66953 0.72171 124.07932
7211.87315 22.00484 0.66160 0.71236 122.92106
7211.67476 21.88805 0.65818 0.70858 122.39075
7211.44251 21.80221 0.65564 0.70580 122.04024
7210.92656 21.66417 0.65160 0.70133 121.56111
7211.53485 21.81285 0.65591 0.70615 122.04346
7210.80814 21.66018 0.65152 0.70121 121.61341
7209.91317 21.51979 0.64743 0.69666 121.33404
7208.46729 21.24830 0.63933 0.68787 120.66985
7206.75734 20.81216 0.62609 0.67375 119.26998
7205.23948 20.25145 0.60872 0.65560 116.84042
7204.65482 19.98859 0.60041 0.64709 115.57096
7203.60005 19.54659 0.58650 0.63278 113.47580
7202.69007 19.12841 0.57329 0.61924 111.40459
7203.13971 19.30435 0.57879 0.62494 112.21401
7202.65230 19.13045 0.57340 0.61931 111.45496
7201.85523 18.92070 0.56708 0.61252 110.72560
7200.75369 18.58765 0.55684 0.60174 109.30859
7200.49268 18.49907 0.55412 0.59887 108.93032
7199.78989 18.26844 0.54704 0.59140 107.93532
7199.16549 18.10741 0.54222 0.58619 107.36479
7198.24792 17.88872 0.53579 0.57911 106.64780
7197.82153 17.78169 0.53261 0.57565 106.27249
7197.56023 17.73028 0.53116 0.57398 106.14193
7196.51346 17.51099 0.52490 0.56688 105.50660
7195.28812 17.24309 0.51727 0.55821 104.65250
7193.90625 16.88655 0.50692 0.54667 103.23576
7192.68526 16.51003 0.49578 0.53448 101.44971
7192.77710 16.51403 0.49580 0.53461 101.40278
7192.59239 16.45331 0.49397 0.53264 101.08569
7192.19575 16.41196 0.49302 0.53130 101.06703
7191.20561 16.27604 0.48976 0.52690 100.87374
7189.92386 16.08883 0.48533 0.52084 100.55751
7188.65705 15.84424 0.47905 0.51293 99.74287
7187.88102 15.65935 0.47408 0.50694 98.91813
7186.97912 15.40744 0.46708 0.49879 97.63769
7186.07704 15.17016 0.46062 0.49110 96.44086
7185.18960 14.94182 0.45454 0.48371 95.27720
7184.38147 14.75041 0.44968 0.47752 94.33724
0.00000 0.00000 0.00000 0.00000 0.00000
