7389.69485 239.32860 7.80513 7.74778 1272.41779
7389.41467 238.99582 7.79429 7.73701 1271.57213
7388.69435 238.12274 7.76585 7.70875 1269.38015
7388.58983 237.99163 7.76157 7.70450 1269.02848
7387.89167 236.98745 7.72877 7.67199 1266.81015
7387.69385 236.69118 7.71912 7.66240 1266.12876
7387.17782 235.98326 7.69605 7.63949 1264.40816
7386.69335 235.26437 7.67272 7.61621 1262.94219
7386.51081 234.97908 7.66328 7.60698 1262.26399
7385.98027 233.97490 7.63232 7.57447 1260.05430
7385.69285 233.38220 7.61484 7.55528 1258.79886
7385.50722 232.97071 7.60125 7.54196 1257.96350
7385.13477 231.96653 7.56852 7.50945 1256.29330
7384.84754 230.96234 7.53582 7.47694 1254.91955
7384.69235 230.28310 7.51374 7.45495 1254.14130
7384.61241 229.95816 7.50317 7.44444 1253.69670
7384.40369 228.95397 7.47048 7.41193 1252.44104
7384.23612 227.94979 7.43777 7.37942 1251.25148
7384.10222 226.94561 7.40513 7.34691 1250.06607
7383.96267 225.94142 7.37219 7.31440 1248.66493
7383.83763 224.93724 7.34316 7.28189 1247.21710
7383.69933 223.93305 7.31016 7.24938 1245.53595
7383.69185 223.86654 7.30801 7.24723 1245.42751
7383.59106 222.92887 7.27741 7.21688 1243.81740
7383.49505 221.92469 7.24474 7.18437 1242.10490
7383.39912 220.92050 7.21199 7.15186 1240.28361
7383.32757 219.91632 7.17922 7.11935 1238.45435
7383.28125 218.91213 7.14644 7.08684 1236.70097
7383.24283 217.90795 7.11372 7.05433 1234.93944
7383.21661 216.90377 7.08069 7.02183 1233.19559
7383.19587 215.89958 7.05135 6.98932 1231.60819
7383.17248 214.89540 7.01848 6.95681 1229.72094
7383.15380 213.89121 6.98577 6.92430 1227.89116
7383.13434 212.88703 6.95292 6.89179 1225.98934
7383.11271 211.88285 6.92008 6.85928 1223.96519
7383.08987 210.87866 6.88724 6.82677 1221.99339
7383.07673 209.87448 6.85437 6.79427 1220.12537
7383.05749 208.87029 6.82153 6.76176 1218.19548
7383.03628 207.86611 6.78990 6.72925 1216.29124
7383.02644 206.86192 6.75930 6.69674 1214.54165
7383.01728 205.85774 6.72630 6.66423 1212.70408
7382.98661 204.85356 6.69344 6.63172 1210.71181
7382.94790 203.84937 6.66060 6.59922 1208.65565
7382.88258 202.84519 6.62767 6.56671 1206.42666
7382.80176 201.84100 6.59487 6.53420 1204.01691
7382.70268 200.83682 6.56201 6.50169 1201.44333
7382.69135 200.72747 6.55843 6.49815 1201.15584
7382.60142 199.83264 6.52919 6.46918 1198.88649
7382.49858 198.82845 6.49690 6.43667 1196.43980
7382.39964 197.82427 6.46698 6.40417 1194.12657
7382.30010 196.82008 6.43390 6.37166 1191.77780
7382.18850 195.81590 6.40109 6.33915 1189.37900
7382.06795 194.81172 6.36820 6.30664 1186.92766
7381.93252 193.80753 6.33536 6.27413 1184.39287
7381.79952 192.80335 6.30250 6.24162 1181.97538
7381.69085 192.10920 6.27977 6.21915 1180.10032
7381.63860 191.79916 6.26964 6.20911 1179.22187
7381.46001 190.79498 6.23653 6.17661 1176.40173
7381.28985 189.79079 6.20694 6.14410 1173.71313
7381.10852 188.78661 6.17424 6.11159 1171.05624
7380.91883 187.78243 6.14145 6.07908 1168.23033
7380.72346 186.77824 6.10855 6.04657 1165.53582
7380.69035 186.62738 6.10361 6.04169 1165.07894
7380.47646 185.77406 6.07570 6.01406 1162.21709
7380.26112 184.76987 6.04283 5.98156 1159.41660
7380.04439 183.76569 6.00989 5.94905 1156.67772
7379.80912 182.76151 5.97712 5.91654 1153.85106
7379.68984 182.31547 5.96208 5.90210 1152.34483
7379.52128 181.75732 5.94508 5.88403 1150.18400
7379.27030 180.75314 5.91483 5.85152 1147.06852
7379.00042 179.74895 5.88176 5.81901 1144.05528
7378.70556 178.74477 5.84884 5.78650 1141.06644
7378.68934 178.69351 5.84717 5.78485 1140.91602
7378.39582 177.74059 5.81594 5.75400 1138.23478
7378.11939 176.73640 5.78310 5.72149 1135.78800
7377.84074 175.73222 5.75014 5.68898 1133.17761
7377.68884 175.21670 5.73322 5.67229 1131.63767
7377.52406 174.72803 5.71722 5.65647 1129.77153
7377.22467 173.72385 5.68439 5.62396 1126.79709
7376.95578 172.71967 5.65171 5.59145 1124.42792
7376.69769 171.71548 5.62207 5.55895 1122.24421
7376.68834 171.68482 5.62107 5.55795 1122.16342
7376.35182 170.71130 5.58887 5.52644 1118.91001
7376.04895 169.70711 5.55599 5.49393 1116.41445
7375.70230 168.70293 5.52314 5.46142 1113.32566
7375.68784 168.66459 5.52189 5.46018 1113.18768
7375.31738 167.69874 5.49035 5.42891 1109.69833
7374.98497 166.69456 5.45738 5.39640 1107.07762
7374.68734 165.88754 5.43090 5.37028 1104.49083
7374.59316 165.69038 5.42449 5.36389 1103.52556
7374.19170 164.68619 5.39143 5.33139 1099.98202
7373.87749 163.68201 5.36151 5.29888 1097.71010
7373.68684 163.14629 5.34484 5.28153 1096.21476
7373.47739 162.67782 5.32914 5.26637 1094.32920
7373.07881 161.67364 5.29641 5.23386 1091.08933
7372.68657 160.66946 5.26349 5.20135 1088.18851
7372.68634 160.66893 5.26347 5.20134 1088.18658
7372.23872 159.66527 5.23067 5.16884 1084.34825
7371.84390 158.66109 5.19778 5.13634 1081.59527
7371.68584 158.30998 5.18632 5.12497 1080.31227
7371.35511 157.65690 5.16503 5.10383 1077.20651
7370.97648 156.65272 5.13217 5.07132 1075.00955
7370.68534 155.89634 5.10740 5.04683 1073.30133
7370.55424 155.64854 5.09916 5.03881 1072.15171
7370.12404 154.64435 5.06844 5.00630 1068.76525
7369.73670 153.64017 5.03692 4.97379 1066.61724
7369.68484 153.52393 5.03305 4.97003 1066.32116
7369.22664 152.63598 5.00396 4.94128 1063.68874
7368.75228 151.63180 4.97109 4.90878 1061.22978
7368.68434 151.50266 4.96689 4.90460 1060.70824
7368.26319 150.62762 4.93836 4.87627 1057.59092
7367.85000 149.62343 4.90543 4.84376 1055.60972
7367.68384 149.27985 4.89417 4.83264 1054.51343
7367.34002 148.61925 4.87263 4.81125 1051.99868
7366.90462 147.61506 4.83986 4.77874 1049.95794
7366.68334 147.11858 4.82334 4.76267 1048.91475
7366.40702 146.61088 4.80684 4.74623 1046.81015
7365.99943 145.60669 4.77759 4.71373 1044.82825
7365.68284 144.91792 4.75475 4.69143 1043.39065
7365.50633 144.60251 4.74448 4.68122 1042.10183
7365.02198 143.59833 4.71160 4.64871 1039.65459
7364.68234 142.93969 4.69001 4.62739 1037.69506
7364.47406 142.59414 4.67885 4.61620 1036.02326
7363.97508 141.58996 4.64601 4.58369 1033.64220
7363.68184 140.96553 4.62546 4.56348 1032.55518
7363.45329 140.58577 4.61308 4.55118 1030.88212
7362.94363 139.58159 4.58035 4.51867 1028.45012
7362.68134 139.06654 4.56343 4.50200 1027.33824
7362.38347 138.57741 4.54754 4.48617 1025.25218
7361.80845 137.57322 4.51437 4.45366 1021.86831
7361.68084 137.34514 4.50733 4.44627 1021.01562
7361.25047 136.56904 4.48543 4.42115 1017.88123
7360.73864 135.56485 4.45222 4.38864 1017.50959
7360.68034 135.46887 4.44907 4.38553 1017.34940
7360.09406 134.56067 4.41947 4.35613 1014.13589
7359.67984 133.84193 4.39606 4.33286 1011.85946
7359.48243 133.55649 4.38678 4.32362 1010.27059
7358.88421 132.55230 4.35393 4.29112 1007.18571
7358.67934 132.24119 4.34381 4.28104 1005.81954
7358.24995 131.54812 4.32124 4.25861 1003.40373
7357.70523 130.54393 4.28813 4.22610 1001.88782
7357.67884 130.50191 4.28676 4.22474 1001.74715
7357.05338 129.53975 4.25552 4.19359 998.07627
7356.67834 128.84232 4.23263 4.17101 997.25310
7356.46768 128.53556 4.22403 4.16108 995.40954
7355.89432 127.53138 4.19312 4.12857 993.08711
7355.67784 127.19007 4.18184 4.11752 992.13276
7355.24007 126.52720 4.16023 4.09606 989.81049
7354.67734 125.62073 4.13036 4.06672 987.61176
7354.60138 125.52301 4.12727 4.06356 987.00746
7353.95164 124.51883 4.09459 4.03105 984.20405
7353.67684 124.09405 4.08054 4.01730 983.07904
7353.23687 123.51464 4.06158 3.99854 980.01742
7352.67634 122.60626 4.03227 3.96913 978.47889
7352.60182 122.51046 4.02920 3.96603 977.89571
7351.87902 121.50628 3.99592 3.93352 974.16566
7351.67584 121.24180 3.98718 3.92496 973.51085
7351.11678 120.50209 3.96336 3.90101 971.72505
7350.67534 119.85354 3.94206 3.88002 970.10412
7350.40588 119.49791 3.93097 3.86851 967.98451
7349.81969 118.49372 3.90054 3.83600 966.77323
7349.67484 118.27858 3.89337 3.82903 966.46038
7349.06362 117.48954 3.86778 3.80349 962.96135
7348.67434 116.96699 3.84982 3.78657 961.09373
7348.29497 116.48536 3.83381 3.77098 958.83586
7347.67384 115.62659 3.80598 3.74318 956.42741
7347.55391 115.48117 3.80097 3.73847 955.64831
7346.87724 114.47699 3.76680 3.70596 954.52515
7346.67334 114.19322 3.75754 3.69678 953.90907
7346.08902 113.47280 3.73383 3.67346 950.64278
7345.67284 112.88784 3.71351 3.65452 949.67894
7345.33214 112.46862 3.69948 3.64095 947.84756
7344.67234 111.66776 3.67269 3.61502 944.42195
7344.50143 111.46444 3.66564 3.60844 943.51536
7343.85300 110.46025 3.63502 3.57593 942.05223
7343.67184 110.22188 3.62746 3.56821 941.26885
7342.98922 109.45607 3.60157 3.54342 939.02336
7342.67134 109.06813 3.58846 3.53086 938.70268
7342.14600 108.45188 3.56752 3.51091 936.01532
7341.67084 107.89125 3.54871 3.49276 933.58685
7341.29610 107.44770 3.53373 3.47840 931.91133
7340.67034 106.70078 3.50839 3.45422 929.34260
7340.43809 106.44351 3.49973 3.44590 927.98236
7339.69372 105.43933 3.46616 3.41339 927.65983
7339.66983 105.41023 3.46518 3.41245 927.58981
7338.81441 104.43515 3.43229 3.38088 923.68954
7338.66933 104.27099 3.42678 3.37556 923.04691
7337.87369 103.43096 3.39840 3.34837 918.14904
7337.66883 103.20956 3.39096 3.34120 917.02789
7337.02422 102.42678 3.36440 3.31586 915.90071
7336.66833 101.95749 3.34911 3.30067 915.88362
7336.21589 101.42259 3.33337 3.28335 913.03687
7335.66783 100.77372 3.31249 3.26235 911.23480
7335.32838 100.41841 3.30031 3.25085 909.70243
7334.66733 99.71095 3.27622 3.22794 906.38950
7334.39172 99.41423 3.26618 3.21834 905.38848
7333.66683 98.69790 3.24207 3.19515 903.59458
7333.39322 98.41004 3.23219 3.18583 903.19715
7332.66633 97.53985 3.20287 3.15766 902.84386
7332.53595 97.40586 3.19835 3.15332 902.21905
7331.66583 96.51936 3.16769 3.12462 898.33875
7331.55150 96.40167 3.16379 3.12081 897.85090
7330.66533 95.52913 3.13395 3.09256 893.26676
7330.54261 95.39749 3.12935 3.08830 892.96050
7329.71344 94.39331 3.09579 3.05579 894.47662
7329.66483 94.34096 3.09398 3.05410 894.40392
7328.72875 93.38912 3.06129 3.02329 891.06273
7328.66433 93.31393 3.05918 3.02085 890.88263
7327.74086 92.38494 3.02975 2.99078 885.11181
7327.66383 92.31398 3.02725 2.98848 884.69749
7326.78464 91.38075 2.99586 2.95827 884.34499
7326.66333 91.26616 2.99165 2.95456 883.77555
7325.73370 90.37657 2.96135 2.92576 880.28793
7325.66283 90.30943 2.95921 2.92359 880.31709
7324.66233 89.61294 2.93366 2.90104 871.41469
7324.43587 89.37238 2.92562 2.89325 871.35292
7323.66183 88.57138 2.89890 2.86732 871.06994
7323.45516 88.36820 2.89139 2.86074 870.72002
7322.66133 87.64222 2.86659 2.83724 867.49302
7322.36688 87.36402 2.85720 2.82824 866.73401
7321.66083 86.70689 2.83387 2.80696 864.69254
7321.28113 86.35983 2.82162 2.79573 863.40428
7320.66033 85.84970 2.80424 2.77921 859.22442
7320.13484 85.35565 2.78725 2.76322 858.20193
7319.65983 84.93819 2.77073 2.74970 856.43753
7319.06207 84.35146 2.75316 2.73071 856.66373
7318.65933 83.91861 2.73890 2.71670 856.35944
7318.02879 83.34728 2.71746 2.69820 852.36114
7317.65883 83.05712 2.71161 2.68881 849.85610
7316.74227 82.34310 2.68494 2.66569 842.99413
7316.65833 82.27716 2.68188 2.66356 842.49608
7315.65783 81.43091 2.66540 2.63616 842.72135
7315.55388 81.33891 2.66469 2.63318 842.54834
7314.65733 80.55950 2.65802 2.60795 839.54102
7314.41060 80.33473 2.64953 2.60068 839.41255
7313.65683 79.78181 2.61695 2.58278 832.41765
7313.18014 79.33054 2.59134 2.56817 832.99980
7312.65633 78.87152 2.57441 2.55331 831.82272
7312.00459 78.32636 2.55206 2.53566 829.08075
7311.65583 78.02520 2.54508 2.52591 827.99240
7310.80462 77.32218 2.52187 2.50315 823.58512
7310.65533 77.20495 2.51674 2.49936 822.42383
7309.72628 76.31799 2.48942 2.47064 824.20888
7309.65483 76.25206 2.48699 2.46851 824.30353
7308.65433 75.44260 2.45650 2.44230 814.79935
7308.50849 75.31381 2.45376 2.43813 813.22420
7307.65383 74.55771 2.42780 2.41366 811.52389
7307.39814 74.30962 2.41672 2.40563 814.56040
7306.65333 73.69883 2.39351 2.38585 810.40258
7306.25311 73.30544 2.37991 2.37312 811.41230
7305.65283 72.80348 2.35953 2.35687 807.94206
7305.09147 72.30126 2.33421 2.34061 806.51723
7304.65233 71.86485 2.32364 2.32648 807.94880
7304.04744 71.29707 2.29649 2.30810 807.81149
7303.65183 70.94280 2.27571 2.29663 806.50612
7302.93226 70.29289 2.26152 2.27559 803.96338
7302.65133 70.06729 2.24899 2.26829 800.92616
7301.84855 69.28870 2.21227 2.24308 800.55276
7301.65083 69.08195 2.21022 2.23639 801.33018
7300.72951 68.28452 2.16190 2.21057 792.86509
7300.65033 68.20591 2.15995 2.20803 792.66748
7299.71802 67.28033 2.12966 2.17807 789.44712
7299.64982 67.21412 2.12370 2.17592 789.08764
7298.82344 66.27615 2.09296 2.14556 788.97983
7298.64932 66.09804 2.09067 2.13979 787.58433
7297.72361 65.27197 2.04119 2.11305 775.69084
7297.64882 65.19205 2.03900 2.11046 775.28158
7296.87673 64.26778 2.00575 2.08054 774.06540
7296.64832 64.03332 1.98336 2.07295 771.06460
7296.02239 63.26360 1.97265 2.04803 768.86147
7295.64782 62.81395 1.95178 2.03348 766.09818
7295.17538 62.25941 1.91566 2.01552 761.33541
7294.64732 61.59202 1.90615 1.99392 757.45248
7294.36256 61.25523 1.89712 1.98302 754.04001
7293.64682 60.38095 1.85371 1.95471 745.90609
7293.53830 60.25105 1.84819 1.95051 744.50958
7292.79134 59.24686 1.83722 1.91800 738.95247
7292.64632 59.07469 1.83096 1.91242 736.92250
7291.98925 58.24268 1.79176 1.88549 729.83067
7291.64582 57.72241 1.79144 1.86865 727.28911
7291.29192 57.23849 1.78540 1.85298 722.55411
7290.64532 56.42191 1.75438 1.82655 715.04600
7290.47988 56.23431 1.75016 1.82047 712.83165
7289.64482 55.28399 1.74251 1.78971 705.74092
7289.59771 55.23013 1.74112 1.78796 705.29654
7288.86206 54.22594 1.69680 1.75546 699.70408
7288.64432 53.93419 1.69386 1.74601 697.88901
7288.06082 53.22176 1.68314 1.72295 691.97072
7287.64382 52.72550 1.66388 1.70688 687.55294
7287.20743 52.21757 1.65120 1.69044 682.95148
7286.64332 51.57892 1.63893 1.66976 676.95889
7286.29754 51.21339 1.62556 1.65793 672.95115
7285.64282 50.50694 1.60360 1.63506 666.02597
7285.32231 50.20921 1.59496 1.62542 661.85795
7284.64232 49.58334 1.57248 1.60516 653.37270
7284.22313 49.20502 1.55920 1.59291 648.38183
7283.64182 48.66304 1.54036 1.57537 641.21002
7283.15852 48.20084 1.52580 1.56041 635.08502
7282.64132 47.73327 1.51114 1.54527 629.17863
7281.98083 47.19665 1.49297 1.52790 621.45360
7281.64082 46.92612 1.48067 1.51914 617.19189
7280.64032 46.26176 1.45833 1.49763 605.38048
7280.54633 46.19247 1.45682 1.49539 604.56152
7279.63982 45.63208 1.43062 1.47725 592.37301
7278.98109 45.18828 1.41760 1.46288 584.18154
7278.63932 44.94938 1.40997 1.45515 580.16403
7277.63882 44.31432 1.38655 1.43459 567.60662
7277.45502 44.18410 1.38174 1.43037 565.57077
7276.63832 43.53502 1.35923 1.40936 557.79131
7276.20309 43.17992 1.34764 1.39786 553.84396
7275.63782 42.72468 1.32960 1.38313 548.66779
7274.99104 42.17573 1.31143 1.36535 543.21547
7274.63732 41.86742 1.30107 1.35537 540.34647
7273.78411 41.17155 1.27387 1.33285 532.79636
7273.63682 41.05579 1.27051 1.32910 531.46076
7272.63632 40.39679 1.24952 1.30777 520.58505
7272.24263 40.16736 1.24173 1.30034 516.60983
7271.63582 39.76792 1.22928 1.28741 510.39912
7270.79971 39.16318 1.21031 1.26783 501.67537
7270.63532 39.06419 1.20693 1.26463 499.91926
7269.63482 38.52816 1.18401 1.24727 488.12051
7268.95967 38.15900 1.17364 1.23532 480.30903
7268.63432 37.99751 1.16943 1.23009 476.39898
7267.63382 37.55751 1.15573 1.21585 463.82340
7266.82563 37.15481 1.13992 1.20281 454.43910
7266.63332 37.02830 1.13610 1.19872 452.58516
7265.63282 36.35432 1.11435 1.17690 443.20277
7265.35236 36.15063 1.10630 1.17030 440.73266
7264.63232 35.64224 1.08926 1.15385 434.24405
7263.98672 35.14644 1.07332 1.13780 428.71486
7263.63182 34.86923 1.06390 1.12882 425.76805
7262.63132 34.20662 1.03927 1.10737 418.01536
7262.54854 34.14226 1.03717 1.10529 417.35093
7261.63082 33.44990 1.01597 1.08287 409.21989
7261.14143 33.13808 1.00371 1.07278 404.49255
7260.63032 32.84365 0.99277 1.06325 399.28375
7259.62981 32.35099 0.97876 1.04730 388.52741
7259.19277 32.13389 0.97309 1.04027 383.90082
7258.62931 31.90682 0.96467 1.03292 377.61173
7257.62881 31.48859 0.94867 1.01938 366.79829
7256.96682 31.12971 0.93740 1.00776 360.21951
7256.62831 30.87639 0.93089 0.99956 357.19352
7255.62781 30.23317 0.90859 0.97874 347.78821
7255.44754 30.12552 0.90465 0.97525 346.07260
7254.62731 29.71522 0.89139 0.96197 338.79222
7253.62681 29.26709 0.87983 0.94746 329.71553
7253.33793 29.12134 0.87495 0.94275 326.92770
7252.62631 28.80100 0.86225 0.93237 320.08158
7251.62581 28.31762 0.84658 0.91673 310.79302
7251.26982 28.11715 0.84076 0.91024 307.68214
7250.62531 27.76370 0.82996 0.89879 302.03419
7249.62481 27.25902 0.81027 0.88246 293.15468
7249.35174 27.11297 0.80538 0.87773 290.80014
7248.62431 26.72403 0.79483 0.86514 284.56843
7247.62381 26.23144 0.77946 0.84919 275.93862
7247.38526 26.10879 0.77420 0.84522 273.92677
7246.62331 25.71710 0.75977 0.83254 267.57919
7245.62281 25.20465 0.74608 0.81595 259.48419
7245.42485 25.10460 0.74340 0.81271 258.09513
7244.62231 24.77351 0.73188 0.80199 252.01881
7243.62181 24.34334 0.71656 0.78807 243.78707
7243.14340 24.10042 0.70941 0.78020 240.03790
7242.62131 23.77708 0.69968 0.76974 236.08945
7241.62081 23.16804 0.67552 0.75002 228.52727
7241.50571 23.09623 0.67239 0.74769 227.66376
7240.62031 22.54306 0.65591 0.72979 221.01537
7239.63770 22.09205 0.64633 0.71519 213.63455
7239.61981 22.08516 0.64617 0.71496 213.50146
7238.61931 21.79222 0.63602 0.70548 206.18177
7237.61881 21.54634 0.62491 0.69752 199.07284
7236.61831 21.29232 0.61769 0.68930 192.94377
7236.06159 21.08787 0.61383 0.68268 189.38259
7235.61781 20.91323 0.60917 0.67702 186.44439
7234.61731 20.53493 0.59697 0.66478 180.08207
7233.61681 20.13285 0.58326 0.65176 173.87539
7233.51185 20.08368 0.58183 0.65017 173.23025
7232.61631 19.56306 0.56653 0.63332 167.68246
7231.84500 19.07950 0.54852 0.61766 162.87424
7231.61581 18.93484 0.54162 0.61298 161.44601
7230.61531 18.34126 0.52203 0.59376 155.28262
7230.07321 18.07531 0.51794 0.58515 152.08856
7229.61481 17.92548 0.51532 0.58030 149.58644
7228.61431 17.69615 0.50812 0.57288 144.49386
7227.61381 17.53911 0.50047 0.56779 140.10069
7226.61331 17.34077 0.49371 0.56137 135.64980
7225.77851 17.07113 0.48664 0.55264 131.72206
7225.61281 16.98005 0.48427 0.54970 130.85798
7224.61231 16.37295 0.46360 0.53004 125.50194
7224.11130 16.06695 0.44987 0.52014 122.83110
7223.61181 15.76636 0.44006 0.51040 120.18703
7222.61131 15.26927 0.42918 0.49431 115.27820
7222.05493 15.06276 0.42442 0.48763 112.85100
7221.61081 14.92209 0.41989 0.48307 111.04836
7220.61031 14.66976 0.40865 0.47490 107.35252
7219.60980 14.42155 0.40011 0.46687 103.82357
7218.60930 14.10769 0.39168 0.45671 100.41770
7218.49875 14.05858 0.39058 0.45512 99.95497
7217.60880 13.63527 0.37731 0.44141 96.21178
7216.60830 13.19249 0.36074 0.42708 92.43494
7216.33291 13.05439 0.35658 0.42261 91.35503
7215.60780 12.69397 0.34720 0.41094 88.58559
7214.60730 12.31621 0.34036 0.39871 85.16156
7213.67824 12.05021 0.33288 0.39010 82.40989
7213.60680 12.02985 0.33212 0.38944 82.20310
7212.60630 11.82318 0.32306 0.38275 79.77227
7211.60580 11.66408 0.31427 0.37760 77.70012
7210.60530 11.47953 0.31054 0.37163 75.59891
7209.60480 11.22613 0.30602 0.36342 73.38060
7209.14591 11.04603 0.30212 0.35759 72.01776
7208.60430 10.80156 0.29326 0.34968 70.25739
7207.60380 10.38308 0.27632 0.33613 67.22514
7206.86551 10.04184 0.26462 0.32508 64.85039
7206.60330 9.92333 0.26201 0.32125 64.02750
7205.60280 9.57563 0.25679 0.30999 61.48484
7204.60230 9.30543 0.24918 0.30124 59.41104
7203.71978 9.03766 0.23737 0.29258 57.47898
7203.60180 8.99469 0.23530 0.29118 57.18480
7202.60130 8.67177 0.22184 0.28073 54.94118
7201.60080 8.40848 0.21694 0.27221 53.08880
7200.60030 8.16934 0.21524 0.26447 51.42428
7200.05139 8.03347 0.21288 0.26007 50.48273
7199.59980 7.94048 0.21045 0.25706 49.82578
7198.59930 7.73095 0.20118 0.25027 48.38248
7197.59880 7.51372 0.19107 0.24324 46.91642
7196.59830 7.25572 0.18333 0.23489 45.24607
7195.86575 7.02929 0.17940 0.22756 43.80550
7195.59780 6.92009 0.17792 0.22402 43.12854
7194.59730 6.65635 0.17443 0.21549 41.45228
7193.59680 6.51059 0.16907 0.21077 40.48252
7192.59630 6.37321 0.16327 0.20632 39.58379
7191.59580 6.22958 0.15569 0.20167 38.65539
7190.59530 6.03388 0.14758 0.19533 37.42049
7190.56083 6.02510 0.14733 0.19505 37.36555
7189.59480 5.75559 0.14294 0.18633 35.67558
7188.59430 5.49217 0.14298 0.17780 33.98393
7187.59380 5.23512 0.14182 0.16948 32.34021
7186.69167 5.02092 0.13563 0.16254 31.03750
0.00000 0.00000 0.00000 0.00000 0.00000
