7377.68884 239.73302 7.82118 7.76088 1250.70027
7377.47098 238.99582 7.79718 7.73701 1249.29485
7377.23164 237.99163 7.76451 7.70450 1247.51787
7377.03283 236.98745 7.73190 7.67199 1245.92059
7376.83219 235.98326 7.69921 7.63949 1243.99726
7376.68834 235.20696 7.67404 7.61435 1242.51426
7376.64467 234.97908 7.66648 7.60698 1242.03472
7376.49648 233.97490 7.63566 7.57447 1240.18309
7376.37636 232.97071 7.60446 7.54196 1238.40073
7376.27825 231.96653 7.57174 7.50945 1236.59416
7376.20851 230.96234 7.53894 7.47694 1234.92960
7376.14780 229.95816 7.50623 7.44444 1233.17035
7376.07642 228.95397 7.47348 7.41193 1231.22420
7376.00547 227.94979 7.44076 7.37942 1229.17615
7375.94588 226.94561 7.40798 7.34691 1227.15628
7375.90230 225.94142 7.37510 7.31440 1225.24953
7375.86523 224.93724 7.34587 7.28189 1223.43979
7375.82297 223.93305 7.31275 7.24938 1221.42434
7375.78991 222.92887 7.27996 7.21688 1219.39171
7375.77987 221.92469 7.24715 7.18437 1217.61726
7375.76504 220.92050 7.21430 7.15186 1215.77834
7375.73548 219.91632 7.18147 7.11935 1213.80303
7375.68784 219.21815 7.15867 7.09675 1212.13963
7375.66667 218.91213 7.14867 7.08684 1211.42748
7375.59327 217.90795 7.11583 7.05433 1209.00781
7375.51537 216.90377 7.08264 7.02183 1206.58464
7375.43826 215.89958 7.05340 6.98932 1204.24315
7375.34825 214.89540 7.02055 6.95681 1201.69867
7375.26973 213.89121 6.98772 6.92430 1199.34152
7375.19451 212.88703 6.95490 6.89179 1196.92539
7375.11555 211.88285 6.92204 6.85928 1194.65084
7375.01476 210.87866 6.88919 6.82677 1192.06487
7374.91536 209.87448 6.85634 6.79427 1189.60842
7374.80571 208.87029 6.82346 6.76176 1187.06959
7374.68908 207.86611 6.79202 6.72925 1184.46788
7374.68734 207.85124 6.79161 6.72877 1184.43163
7374.56658 206.86192 6.76122 6.69674 1181.96744
7374.41255 205.85774 6.72827 6.66423 1179.02949
7374.24993 204.85356 6.69547 6.63172 1176.00080
7374.09096 203.84937 6.66260 6.59922 1173.14688
7373.95099 202.84519 6.62969 6.56671 1170.54080
7373.81148 201.84100 6.59691 6.53420 1168.11402
7373.68684 201.08677 6.57221 6.50978 1166.01601
7373.63232 200.83682 6.56402 6.50169 1165.16241
7373.41364 199.83264 6.53127 6.46918 1161.80617
7373.22383 198.82845 6.49903 6.43667 1158.85899
7373.05270 197.82427 6.46897 6.40417 1156.28268
7372.84877 196.82008 6.43595 6.37166 1153.32584
7372.68634 196.11273 6.41287 6.34876 1151.00648
7372.61114 195.81590 6.40313 6.33915 1149.95073
7372.38573 194.81172 6.37026 6.30664 1146.88344
7372.16973 193.80753 6.33740 6.27413 1143.96182
7371.94821 192.80335 6.30450 6.24162 1141.06700
7371.71211 191.79916 6.27168 6.20911 1138.04034
7371.68584 191.68987 6.26811 6.20558 1137.71420
7371.45407 190.79498 6.23862 6.17661 1134.86640
7371.25230 189.79079 6.20898 6.14410 1132.42411
7371.04909 188.78661 6.17624 6.11159 1130.21134
7370.84173 187.78243 6.14339 6.07908 1128.04650
7370.68534 187.10781 6.12128 6.05724 1126.36805
7370.57953 186.77824 6.11049 6.04657 1125.10516
7370.29446 185.77406 6.07755 6.01406 1121.92472
7370.05626 184.76987 6.04469 5.98156 1119.44819
7369.80176 183.76569 6.01179 5.94905 1116.95140
7369.68484 183.36421 5.99864 5.93605 1115.86029
7369.45259 182.76151 5.97897 5.91654 1113.64815
7369.11481 181.75732 5.94705 5.88403 1110.76886
7368.79694 180.75314 5.91671 5.85152 1107.85176
7368.68434 180.46809 5.90717 5.84229 1106.67042
7368.40474 179.74895 5.88374 5.81901 1103.49914
7368.11690 178.74477 5.85087 5.78650 1100.87471
7367.85464 177.74059 5.81794 5.75400 1098.83872
7367.68384 177.16448 5.79903 5.73535 1097.45766
7367.50359 176.73640 5.78506 5.72149 1095.56147
7367.13381 175.73222 5.75229 5.68898 1091.97476
7366.80783 174.72803 5.71949 5.65647 1089.23393
7366.68334 174.36624 5.70765 5.64476 1088.21255
7366.41113 173.72385 5.68670 5.62396 1085.40496
7366.06267 172.71967 5.65403 5.59145 1082.51639
7365.76802 171.71548 5.62452 5.55895 1080.25539
7365.68284 171.48906 5.61704 5.55162 1079.54219
7365.35365 170.71130 5.59154 5.52644 1076.44709
7365.01861 169.70711 5.55858 5.49393 1074.14800
7364.68234 168.77900 5.52822 5.46388 1071.59400
7364.64702 168.70293 5.52574 5.46142 1071.25291
7364.25598 167.69874 5.49305 5.42891 1068.16919
7363.94191 166.69456 5.46010 5.39640 1066.62069
7363.68184 165.92210 5.43478 5.37140 1065.12991
7363.57219 165.69038 5.42722 5.36389 1064.07992
7363.15482 164.68619 5.39426 5.33139 1060.93260
7362.82537 163.68201 5.36426 5.29888 1059.05805
7362.68134 163.31069 5.35313 5.28686 1057.98884
7362.38787 162.67782 5.33209 5.26637 1055.60880
7361.97780 161.67364 5.29932 5.23386 1052.80402
7361.68084 160.94874 5.27563 5.21039 1050.77213
7361.54473 160.66946 5.26657 5.20135 1049.62993
7361.13316 159.66527 5.23377 5.16884 1047.39592
7360.74619 158.66109 5.20074 5.13634 1046.49829
7360.68034 158.51471 5.19594 5.13160 1046.26261
7360.22186 157.65690 5.16803 5.10383 1043.02422
7359.81179 156.65272 5.13526 5.07132 1040.93378
7359.67984 156.35796 5.12569 5.06178 1040.03757
7359.30843 155.64854 5.10235 5.03881 1037.00622
7358.88999 154.64435 5.07156 5.00630 1034.75811
7358.67934 154.20168 5.05893 4.99197 1032.97997
7358.39492 153.64017 5.04045 4.97379 1030.98443
7357.97384 152.63598 5.00754 4.94128 1029.28447
7357.67884 151.96724 4.98562 4.91964 1027.95563
7357.47857 151.63180 4.97479 4.90878 1026.14418
7357.00816 150.62762 4.94206 4.87627 1023.71316
7356.67834 149.88739 4.91783 4.85230 1022.41820
7356.52122 149.62343 4.90925 4.84376 1021.12576
7355.99152 148.61925 4.87658 4.81125 1017.69419
7355.67784 148.00282 4.85658 4.79130 1015.91572
7355.45198 147.61506 4.84410 4.77874 1014.19178
7354.97077 146.61088 4.81099 4.74623 1012.13153
7354.67734 145.96840 4.79282 4.72543 1010.51827
7354.47057 145.60669 4.78216 4.71373 1008.87421
7353.95074 144.60251 4.74904 4.68122 1006.32367
7353.67684 144.03477 4.73044 4.66284 1005.36646
7353.40903 143.59833 4.71627 4.64871 1003.39130
7352.91287 142.59414 4.68359 4.61620 1001.72373
7352.67634 142.13850 4.66880 4.60145 1000.63403
7352.32365 141.58996 4.65089 4.58369 997.76327
7351.75655 140.58577 4.61813 4.55118 995.65987
7351.67584 140.45195 4.61376 4.54685 995.36750
7351.12201 139.58159 4.58558 4.51867 993.02696
7350.67534 138.80788 4.56021 4.49363 990.77893
7350.51375 138.57741 4.55287 4.48617 989.31593
7349.92109 137.57322 4.52013 4.45366 986.26477
7349.67484 137.03540 4.50406 4.43625 985.84533
7349.38929 136.56904 4.49097 4.42115 983.57913
7348.81966 135.56485 4.45797 4.38864 981.46523
7348.67434 135.32280 4.45026 4.38080 980.79431
7348.18199 134.56067 4.42553 4.35613 977.85102
7347.67384 133.70463 4.39747 4.32842 975.77736
7347.55949 133.55649 4.39284 4.32362 974.76137
7346.96756 132.55230 4.36018 4.29112 972.69500
7346.67334 132.02108 4.34243 4.27392 972.14080
7346.32933 131.54812 4.32711 4.25861 969.59886
7345.72196 130.54393 4.29479 4.22610 967.58578
7345.67284 130.46212 4.29208 4.22345 967.44395
7345.04496 129.53975 4.26176 4.19359 963.90849
7344.67234 128.98021 4.24356 4.17548 962.25009
7344.36386 128.53556 4.23150 4.16108 959.77539
7343.82034 127.53138 4.19980 4.12857 958.98993
7343.67184 127.28784 4.19139 4.12069 958.69904
7343.07541 126.52720 4.16741 4.09606 955.83676
7342.67134 125.94637 4.14870 4.07726 955.21342
7342.34711 125.52301 4.13488 4.06356 953.15971
7341.67561 124.51883 4.10182 4.03105 950.57324
7341.67084 124.51256 4.10163 4.03085 950.54376
7340.95181 123.51464 4.06983 3.99854 947.05367
7340.67034 123.10012 4.05583 3.98512 946.16764
7340.21685 122.51046 4.03693 3.96603 943.38701
7339.66983 121.59887 4.00759 3.93652 943.77810
7339.59157 121.50628 4.00467 3.93352 943.18929
7338.83649 120.50209 3.97093 3.90101 939.42483
7338.66933 120.27117 3.96373 3.89354 938.87367
7338.06584 119.49791 3.94054 3.86851 935.13975
7337.66883 118.92094 3.92354 3.84983 932.94305
7337.33495 118.49372 3.90951 3.83600 931.10762
7336.67034 117.48954 3.87780 3.80349 931.02991
7336.66833 117.48685 3.87772 3.80340 931.02295
7335.89140 116.48536 3.84275 3.77098 927.66482
7335.66783 116.16658 3.83278 3.76066 927.36665
7335.07541 115.48117 3.81143 3.73847 923.56375
7334.66733 114.97630 3.79353 3.72213 921.46921
7334.25800 114.47699 3.77683 3.70596 919.76135
7333.66683 113.79330 3.75522 3.68383 918.58700
7333.38812 113.47280 3.74490 3.67346 917.62458
7332.68524 112.46862 3.70945 3.64095 917.65370
7332.66633 112.44349 3.70867 3.64013 917.61513
7331.82375 111.46444 3.67658 3.60844 913.69404
7331.66583 111.25539 3.66908 3.60167 913.42787
7331.06676 110.46025 3.64573 3.57593 910.66821
7330.66533 109.98879 3.63075 3.56067 908.66378
7330.18856 109.45607 3.61188 3.54342 906.33464
7329.66483 108.74534 3.58756 3.52041 906.65508
7329.41095 108.45188 3.57804 3.51091 905.64325
7328.66433 107.51424 3.54626 3.48056 904.78913
7328.60059 107.44770 3.54383 3.47840 904.39769
7327.66383 106.49666 3.51208 3.44762 898.02045
7327.61030 106.44351 3.51029 3.44590 897.63265
7326.80598 105.43933 3.47522 3.41339 897.34751
7326.66333 105.27318 3.46975 3.40801 897.03983
7325.91175 104.43515 3.44134 3.38088 894.34576
7325.66283 104.15385 3.43152 3.37177 894.36626
7324.85032 103.43096 3.40675 3.34837 890.05612
7324.66233 103.26509 3.40113 3.34300 888.30373
7323.90265 102.42678 3.37214 3.31586 886.22110
7323.66183 102.12295 3.36158 3.30603 886.68000
7323.07130 101.42259 3.34100 3.28335 884.30648
7322.66133 100.99763 3.32744 3.26960 881.75211
7322.09878 100.41841 3.30705 3.25085 879.81661
7321.66083 99.94565 3.29131 3.23554 878.78511
7321.12606 99.41423 3.27313 3.21834 876.18998
7320.66033 98.96540 3.25760 3.20381 873.69237
7320.11725 98.41004 3.23885 3.18583 871.91800
7319.65983 97.94199 3.22293 3.17068 870.45915
7319.18029 97.40586 3.20471 3.15332 870.52323
7318.65933 96.83796 3.18537 3.13494 870.29150
7318.19523 96.40167 3.17051 3.12081 867.83262
7317.65883 95.92239 3.15403 3.10530 864.37118
7317.03565 95.39749 3.13595 3.08830 858.84333
7316.65833 95.07732 3.12493 3.07794 855.93536
7316.04748 94.39331 3.10188 3.05579 859.61857
7315.65783 94.00203 3.08841 3.04313 860.53439
7315.01929 93.38912 3.06805 3.02329 857.25224
7314.65733 93.01734 3.05669 3.01125 855.01925
7313.94153 92.38494 3.03659 2.99078 848.92567
7313.65683 92.13968 3.02828 2.98284 847.09337
7312.99460 91.38075 3.00156 2.95827 849.95974
7312.65633 91.04212 2.99003 2.94731 849.50857
7311.95411 90.37657 2.96738 2.92576 847.25097
7311.65583 90.09797 2.95739 2.91674 846.17526
7310.82561 89.37238 2.93230 2.89325 841.36059
7310.65533 89.20919 2.92666 2.88797 840.94239
7309.87846 88.36820 2.89698 2.86074 843.25319
7309.65483 88.15712 2.88953 2.85391 842.69087
7308.81845 87.36402 2.86211 2.82824 840.92682
7308.65433 87.20975 2.85650 2.82324 840.37518
7307.69882 86.35983 2.82544 2.79573 838.34399
7307.65383 86.31784 2.82416 2.79437 838.57959
7306.65333 85.46041 2.79235 2.76661 835.14673
7306.55165 85.35565 2.78790 2.76322 835.26123
7305.65283 84.49174 2.76043 2.73525 835.63215
7305.50720 84.35146 2.75477 2.73071 835.39645
7304.65233 83.36356 2.72182 2.69873 838.38362
7304.63606 83.34728 2.72144 2.69820 838.41940
7303.65183 82.60018 2.69650 2.67402 829.64961
7303.38185 82.34310 2.68684 2.66569 829.85067
7302.65133 81.68019 2.66613 2.64423 828.82673
7302.30139 81.33891 2.66043 2.63318 829.78509
7301.65083 80.70124 2.66355 2.61254 832.00912
7301.23034 80.33473 2.65455 2.60068 831.03887
7300.65033 79.89542 2.62103 2.58645 825.91900
7300.01019 79.33054 2.58722 2.56817 825.22565
7299.64982 79.02121 2.57351 2.55815 824.31659
7298.83581 78.32636 2.54698 2.53566 822.18271
7298.64932 78.16271 2.54119 2.53036 823.25589
7297.64882 77.36865 2.51557 2.50466 820.69610
7297.60046 77.32218 2.51380 2.50315 820.77916
7296.64832 76.58788 2.48594 2.47938 811.89247
7296.37829 76.31799 2.47797 2.47064 813.94272
7295.64782 75.61936 2.45112 2.44803 814.28036
7295.30297 75.31381 2.43679 2.43813 810.64991
7294.64732 74.69538 2.42340 2.41811 808.76903
7294.21843 74.30962 2.40662 2.40563 808.68587
7293.64682 73.84870 2.37767 2.39070 804.13224
7293.07548 73.30544 2.36958 2.37312 804.62876
7292.64632 72.93059 2.35076 2.36098 802.62212
7291.89732 72.30126 2.32277 2.34061 796.56602
7291.64582 72.05808 2.31778 2.33274 796.75290
7290.89888 71.29707 2.27854 2.30810 798.62500
7290.64532 71.06827 2.26937 2.30069 796.73657
7289.71325 70.29289 2.24555 2.27559 791.89277
7289.64482 70.24091 2.24235 2.27391 791.12742
7288.72069 69.28870 2.20274 2.24308 790.03433
7288.64432 69.19982 2.20184 2.24021 790.54302
7287.65815 68.28452 2.15287 2.21057 778.37233
7287.64382 68.26882 2.15269 2.21007 778.33018
7286.74869 67.28033 2.11605 2.17807 774.58337
7286.64332 67.16687 2.10888 2.17439 773.88419
7285.92441 66.27615 2.08613 2.14556 771.40395
7285.64282 65.94341 2.07236 2.13479 766.65514
7285.13422 65.27197 2.02459 2.11305 765.62960
7284.64232 64.62175 2.02098 2.09200 764.87967
7284.35721 64.26778 2.00484 2.08054 762.07341
7283.64182 63.37035 1.95934 2.05149 754.36008
7283.56000 63.26360 1.95843 2.04803 753.52553
7282.81862 62.25941 1.93104 2.01552 746.86426
7282.64132 62.02677 1.91776 2.00799 744.65956
7282.11767 61.25523 1.88184 1.98302 741.60505
7281.64082 60.54830 1.87340 1.96013 737.71001
7281.39498 60.25105 1.86479 1.95051 733.06058
7280.64032 59.33012 1.82640 1.92069 724.45948
7280.57445 59.24686 1.82597 1.91800 723.86220
7279.82260 58.24268 1.81757 1.88549 715.41271
7279.63982 57.97881 1.80968 1.87695 712.73333
7279.17482 57.23849 1.77599 1.85298 707.50708
7278.63932 56.47028 1.77202 1.82811 702.47384
7278.45088 56.23431 1.76944 1.82047 699.73295
7277.75067 55.23013 1.73228 1.78796 693.17590
7277.63882 55.06839 1.72771 1.78273 692.18894
7277.03081 54.22594 1.71396 1.75546 686.12794
7276.63832 53.69545 1.70137 1.73828 682.20811
7276.26854 53.22176 1.68234 1.72295 678.10342
7275.63782 52.40227 1.66361 1.69642 671.79164
7275.48181 52.21757 1.66047 1.69044 669.96959
7274.63732 51.24220 1.62826 1.65886 660.12964
7274.60954 51.21339 1.62711 1.65793 659.76083
7273.64590 50.20921 1.59894 1.62542 647.85476
7273.63682 50.20053 1.59861 1.62514 647.73115
7272.63632 49.24844 1.56120 1.59432 635.28320
7272.58493 49.20502 1.55995 1.59291 634.71648
7271.63582 48.39239 1.53368 1.56661 623.54197
7271.43672 48.20084 1.52574 1.56041 620.85440
7270.63532 47.49821 1.50533 1.53766 610.90810
7270.25602 47.19665 1.49307 1.52790 606.17904
7269.63482 46.72000 1.46999 1.51247 598.18304
7268.93269 46.19247 1.45707 1.49539 589.35145
7268.63432 45.99539 1.44917 1.48901 585.25355
7267.63382 45.37161 1.42416 1.46882 571.34355
7267.37083 45.18828 1.41803 1.46288 568.11650
7266.63332 44.69535 1.40073 1.44692 558.93098
7265.88893 44.18410 1.38137 1.43037 550.14842
7265.63282 43.97720 1.37331 1.42367 547.67011
7264.64691 43.17992 1.34737 1.39786 538.37754
7264.63232 43.16807 1.34689 1.39748 538.24433
7263.63182 42.34070 1.31655 1.37070 529.02503
7263.41760 42.17573 1.31161 1.36535 527.26498
7262.63132 41.59781 1.28934 1.34665 521.23644
7262.11090 41.17155 1.27430 1.33285 516.57008
7261.63082 40.81303 1.26340 1.32124 511.83289
7260.63032 40.16805 1.24150 1.30036 500.37615
7260.62927 40.16736 1.24147 1.30034 500.36355
7259.62981 39.44712 1.21821 1.27702 489.42074
7259.22897 39.16318 1.20984 1.26783 485.47704
7258.62931 38.83786 1.19662 1.25730 478.47901
7257.62881 38.32851 1.17749 1.24081 466.39107
7257.32091 38.15900 1.17245 1.23532 462.88113
7256.62831 37.82272 1.16307 1.22444 454.52883
7255.62781 37.37263 1.14635 1.20986 442.25527
7255.21229 37.15481 1.13909 1.20281 437.51508
7254.62731 36.77128 1.12720 1.19040 432.86422
7253.70638 36.15063 1.10511 1.17030 425.29198
7253.62681 36.09830 1.10327 1.16861 424.49678
7252.62631 35.37378 1.07807 1.14516 415.70696
7252.33563 35.14644 1.07097 1.13780 413.31897
7251.62581 34.60020 1.05174 1.12011 407.37179
7251.03054 34.14226 1.03468 1.10529 402.35750
7250.62531 33.82032 1.02531 1.09487 399.03723
7249.62481 33.16785 1.00259 1.07374 389.54882
7249.57468 33.13808 1.00142 1.07278 389.05038
7248.62431 32.63900 0.98340 1.05662 379.14000
7247.62381 32.15365 0.97089 1.04091 368.56949
7247.58470 32.13389 0.97021 1.04027 368.16846
7246.62331 31.73454 0.95485 1.02734 357.83172
7245.62281 31.25397 0.93716 1.01178 347.89627
7245.39412 31.12971 0.93374 1.00776 346.11042
7244.62231 30.64128 0.92078 0.99195 339.54977
7243.78983 30.12552 0.90129 0.97525 331.76512
7243.62181 30.03210 0.89802 0.97223 330.25595
7242.62131 29.54523 0.88329 0.95647 320.79543
7241.75817 29.12134 0.87086 0.94275 312.72669
7241.62081 29.05811 0.86843 0.94070 311.43005
7240.62031 28.59026 0.85087 0.92555 302.16645
7239.74598 28.11715 0.83648 0.91024 294.57138
7239.61981 28.04450 0.83458 0.90788 293.50646
7238.61931 27.54159 0.81650 0.89160 284.77809
7237.78164 27.11297 0.80098 0.87773 277.55951
7237.61881 27.01860 0.79807 0.87467 276.18762
7236.61831 26.54561 0.78559 0.85936 268.64272
7235.74885 26.10879 0.76930 0.84522 261.57630
7235.61781 26.04176 0.76646 0.84305 260.49147
7234.61731 25.52348 0.74946 0.82627 252.44411
7233.83454 25.10460 0.73876 0.81271 246.24875
7233.61681 25.00255 0.73582 0.80941 244.50261
7232.61631 24.58075 0.71944 0.79575 236.50426
7231.61581 24.11097 0.70450 0.78054 228.79320
7231.59673 24.10042 0.70418 0.78020 228.65106
7230.61531 23.46964 0.68358 0.75978 221.54495
7230.02824 23.09623 0.66622 0.74769 217.30539
7229.61481 22.82800 0.65681 0.73901 214.32312
7228.61431 22.31436 0.64637 0.72238 206.99583
7228.02532 22.09205 0.64169 0.71519 202.82801
7227.61381 21.96649 0.63778 0.71112 200.28873
7226.61331 21.72570 0.62806 0.70333 193.57041
7225.61281 21.47213 0.61699 0.69512 186.87275
7224.61231 21.13551 0.60907 0.68422 180.45093
7224.49765 21.08787 0.60802 0.68268 179.73072
7223.61181 20.73063 0.59861 0.67111 174.24647
7222.61131 20.35622 0.58462 0.65899 168.22532
7222.00423 20.08368 0.57590 0.65017 164.64868
7221.61081 19.84602 0.56859 0.64248 162.30865
7220.61031 19.22394 0.54892 0.62234 156.37669
7220.37576 19.07950 0.54209 0.61766 154.98421
7219.60980 18.60811 0.52245 0.60240 150.44631
7218.60930 18.12857 0.51357 0.58688 145.31995
7218.48802 18.07531 0.51321 0.58515 144.65195
7217.60880 17.83872 0.50794 0.57749 140.19150
7216.60830 17.65116 0.50062 0.57142 135.51497
7215.60780 17.48365 0.49243 0.56600 131.09549
7214.60730 17.21640 0.48445 0.55735 126.65655
7214.26095 17.07113 0.48095 0.55264 125.04992
7213.60680 16.65269 0.46865 0.53910 121.68543
7212.65981 16.06695 0.44401 0.52014 116.86354
7212.60630 16.03430 0.44295 0.51908 116.59395
7211.60580 15.47922 0.42749 0.50111 111.74112
7210.60530 15.07925 0.41924 0.48816 107.45733
7210.54980 15.06276 0.41885 0.48763 107.24902
7209.60480 14.83054 0.41073 0.48011 104.15912
7208.60430 14.58425 0.39893 0.47214 100.73765
7207.60380 14.28919 0.39010 0.46258 97.29179
7207.05280 14.05858 0.38467 0.45512 95.17037
7206.60330 13.83601 0.37878 0.44791 93.33686
7205.60280 13.39297 0.36253 0.43357 89.62447
7204.89674 13.05439 0.34995 0.42261 87.09373
7204.60230 12.90207 0.34534 0.41768 86.00944
7203.60180 12.47656 0.33849 0.40390 82.59775
7202.60130 12.16684 0.33164 0.39388 79.66881
7202.10253 12.05021 0.32762 0.39010 78.40237
7201.60080 11.93945 0.32284 0.38652 77.26373
7200.60030 11.78214 0.31437 0.38142 75.34541
7199.59980 11.61039 0.30831 0.37586 73.36495
7198.59930 11.37746 0.30284 0.36832 71.21168
7197.70658 11.04603 0.29675 0.35759 68.77421
7197.59880 10.99452 0.29498 0.35593 68.43048
7196.59830 10.55226 0.27869 0.34161 65.43101
7195.59780 10.11624 0.26131 0.32749 62.49417
7195.43685 10.04184 0.25931 0.32508 62.00769
7194.59730 9.71350 0.25414 0.31445 59.78525
7193.59680 9.42247 0.24855 0.30503 57.69230
7192.59630 9.13905 0.23761 0.29586 55.70659
7192.25025 9.03766 0.23213 0.29258 55.03223
7191.59580 8.83131 0.22334 0.28590 53.67589
7190.59530 8.53610 0.21375 0.27634 51.70732
7189.59480 8.28836 0.21214 0.26832 50.03259
7188.59430 8.04582 0.20942 0.26047 48.42187
7188.54820 8.03347 0.20917 0.26007 48.34189
7187.59380 7.82672 0.20145 0.25337 46.97055
7186.59330 7.61212 0.19060 0.24643 45.57711
7185.59280 7.37265 0.18247 0.23867 44.06166
7184.59230 7.07704 0.17642 0.22910 42.25095
7184.41996 7.02929 0.17609 0.22756 41.95763
7183.59180 6.78477 0.17341 0.21964 40.48187
7182.59130 6.59289 0.16950 0.21343 39.28302
7181.59080 6.44353 0.16344 0.20860 38.32820
7180.59030 6.30051 0.15577 0.20397 37.41081
7179.58979 6.12527 0.14748 0.19829 36.32230
7179.17209 6.02510 0.14338 0.19505 35.71996
7178.58929 5.86233 0.14102 0.18978 34.72869
7177.58879 5.58638 0.14102 0.18085 33.02548
7176.58829 5.33902 0.14161 0.17284 31.47669
7175.58779 5.11390 0.13798 0.16555 30.10675
7175.11861 5.02092 0.13383 0.16254 29.56172
0.00000 0.00000 0.00000 0.00000 0.00000
