7358.86705 239.83355 7.83280 7.76413 1146.61560
7358.76937 238.65293 7.79495 7.72591 1142.30120
7358.71112 237.48376 7.75742 7.68806 1138.11980
7358.69700 237.22411 7.74906 7.67966 1137.15269
7358.66596 236.57876 7.72820 7.65876 1134.78306
7358.60310 235.65207 7.69820 7.62876 1131.35142
7358.53972 234.70887 7.66884 7.59823 1127.83628
7358.47110 233.84719 7.64309 7.57033 1124.57996
7358.37982 232.90126 7.61337 7.53971 1120.79891
7358.27831 231.78926 7.57725 7.50371 1116.15507
7358.19675 230.69734 7.54205 7.46836 1111.76885
7358.12032 229.66228 7.50867 7.43486 1107.67183
7358.05216 228.66175 7.47643 7.40247 1103.73665
7357.98191 227.72039 7.44587 7.37199 1099.94054
7357.90334 226.74870 7.41455 7.34054 1095.95830
7357.82826 225.82043 7.38637 7.31048 1092.44090
7357.73957 224.90079 7.35841 7.28071 1088.81564
7357.76036 225.08850 7.36430 7.28679 1089.60168
7357.64893 224.20101 7.33582 7.25806 1085.71073
7357.53006 223.28993 7.30610 7.22856 1081.63597
7357.38193 222.26670 7.27325 7.19544 1076.98526
7357.23966 221.14754 7.23713 7.15921 1072.05604
7357.11286 220.10267 7.20342 7.12538 1067.59429
7356.98952 219.06151 7.16993 7.09168 1063.20228
7356.87168 218.02608 7.13640 7.05816 1058.92013
7356.76203 217.04752 7.10454 7.02648 1054.86945
7356.85373 217.65884 7.12427 7.04627 1057.62553
7356.65985 216.63068 7.09152 7.01298 1052.62060
7356.46484 215.44515 7.05613 6.97461 1047.47559
7356.30791 214.40380 7.02337 6.94089 1042.97232
7356.16591 213.49457 6.99378 6.91146 1038.93045
7356.04325 212.76233 6.97031 6.88775 1035.64837
7355.92247 212.22189 6.95309 6.87026 1032.96854
7355.84957 211.90930 6.94310 6.86014 1031.41206
7355.60267 210.67476 6.90359 6.82017 1025.59092
7355.39173 209.40953 6.86285 6.77921 1020.18134
7355.23386 208.33487 6.82806 6.74442 1015.82014
7355.10612 207.48510 6.80234 6.71692 1012.53049
7354.97423 206.74593 6.78021 6.69299 1009.51133
7354.97174 206.73882 6.78000 6.69276 1009.46854
7354.80239 206.09686 6.75998 6.67197 1006.16859
7354.50704 204.69133 6.71501 6.62647 999.87126
7354.29973 203.45086 6.67557 6.58631 994.97657
7354.16243 202.58996 6.64808 6.55844 991.69889
7354.00943 201.81159 6.62359 6.53325 988.48843
7353.98113 201.65169 6.61853 6.52807 987.87284
7353.91678 201.47465 6.61307 6.52234 986.80466
7353.59678 200.25086 6.57427 6.48272 980.86585
7353.32378 199.11051 6.54027 6.44580 975.77569
7353.09753 198.13321 6.51164 6.41417 971.53355
7353.05555 197.94917 6.50597 6.40821 970.70229
7352.94384 197.61591 6.49573 6.39742 968.77801
7352.59562 196.36481 6.45640 6.35692 962.75864
7352.32638 195.29357 6.42285 6.32224 958.02709
7352.10040 194.43520 6.39604 6.29445 954.32619
7352.29384 195.04120 6.41478 6.31407 957.30234
7351.81865 193.73100 6.37464 6.27165 950.42236
7351.41762 192.18391 6.32666 6.22157 944.35929
7351.21582 191.34538 6.30060 6.19442 941.37469
7351.20789 191.30821 6.29943 6.19322 941.24879
7351.12102 191.13260 6.29422 6.18754 940.05387
7350.64096 189.68471 6.25400 6.14066 932.74073
7350.28665 188.40966 6.21503 6.09939 927.24051
7350.04625 187.52268 6.18878 6.07067 923.53095
7350.20632 188.04872 6.20401 6.08770 925.93716
7349.77197 186.78019 6.16689 6.04664 919.64978
7349.41625 185.55364 6.12856 6.00693 914.41072
7349.13564 184.60097 6.09844 5.97609 910.30002
7349.18995 184.77252 6.10399 5.98164 911.07806
7348.85509 183.77058 6.07076 5.94921 906.31926
7348.49243 182.56471 6.03006 5.91017 901.21273
7348.22084 181.61652 5.99988 5.87947 897.53018
7348.40603 182.12846 6.01580 5.89604 900.05944
7348.02358 181.23218 5.98708 5.86703 894.85075
7347.50464 179.67010 5.93399 5.81646 888.04168
7347.17567 178.52455 5.89636 5.77938 883.79694
7347.37906 179.08544 5.91472 5.79753 886.44136
7347.04526 178.31242 5.88935 5.77251 882.05803
7346.57446 176.97356 5.84638 5.72917 876.09319
7346.22302 175.93891 5.81288 5.69567 871.70293
7346.37914 176.36205 5.82671 5.70937 873.66970
7345.90181 175.15034 5.78603 5.67014 867.66935
7345.51636 174.00991 5.74700 5.63322 863.13670
7345.40185 173.68944 5.73567 5.62285 861.81430
7345.39599 173.72783 5.73684 5.62409 861.68834
7344.79922 172.30316 5.68765 5.57797 854.33308
7344.36786 171.08508 5.64840 5.53854 849.23484
7344.63696 171.72311 5.66953 5.55919 852.52930
7344.10920 170.63038 5.63237 5.52382 845.93174
7343.58928 169.27548 5.58600 5.47996 840.15905
7343.55915 169.17329 5.58262 5.47665 839.88143
7343.29918 168.66843 5.56564 5.46030 836.95803
7342.82607 167.48216 5.52631 5.42190 832.19696
7342.52361 166.77763 5.50295 5.39909 829.10163
7342.78684 167.33958 5.52164 5.41728 831.86932
7342.07917 165.96906 5.47579 5.37292 824.33298
7341.49127 164.61857 5.43015 5.32920 818.22004
7341.81410 165.29777 5.45322 5.35118 821.75679
7341.03059 163.76121 5.40206 5.30144 812.79139
7340.44065 162.24495 5.35349 5.25236 806.66093
7340.77972 162.98813 5.37802 5.27641 810.39205
7340.26287 162.02054 5.34552 5.24509 804.40944
7339.68779 160.73130 5.30220 5.20335 798.53093
7339.81772 160.98786 5.31075 5.21166 799.90903
7339.28410 159.99157 5.27760 5.17941 794.16702
7338.74590 158.77131 5.23693 5.13990 789.04711
7338.95830 159.18769 5.25094 5.15338 791.27066
7338.30932 158.03940 5.21221 5.11621 784.08444
7337.67822 156.58330 5.16332 5.06907 778.35927
7337.92695 157.05330 5.17941 5.08429 780.90808
7337.44478 156.25941 5.15218 5.05859 775.60974
7336.78284 154.84583 5.10753 5.01282 769.24557
7337.00505 155.25003 5.12015 5.02591 771.60469
7336.48119 154.39038 5.09292 4.99808 765.75378
7335.85066 153.11830 5.05049 4.95690 759.66389
7336.11084 153.60060 5.06695 4.97251 762.28727
7335.26059 152.14574 5.01748 4.92541 753.57345
7334.56906 150.58346 4.96584 4.87484 748.88112
7335.14354 151.67379 5.00215 4.91014 753.53251
7334.56032 150.75828 4.97136 4.88050 748.03075
7334.04266 149.84162 4.94079 4.85082 743.72350
7333.98556 149.77640 4.93855 4.84871 743.08982
7333.34444 148.68772 4.90202 4.81347 737.46701
7333.23757 148.50127 4.89568 4.80743 736.53187
7332.58264 147.47148 4.86081 4.77409 730.01331
7331.90732 146.14050 4.81916 4.73101 724.15427
7332.26177 146.74999 4.83811 4.75074 727.59186
7331.46247 145.51083 4.79866 4.71062 719.41898
7330.68910 143.96597 4.74703 4.66061 713.75775
7331.39866 145.18985 4.78829 4.70023 719.90701
7330.60710 144.02292 4.74861 4.66245 712.07087
7330.34845 143.57501 4.73366 4.64795 709.96795
7329.62590 142.50529 4.69769 4.61332 702.87910
7328.94127 141.12756 4.65192 4.56872 698.56581
7329.42868 141.95769 4.67974 4.59560 702.38317
7328.67201 140.86582 4.64281 4.56025 695.39971
7328.05777 139.77673 4.60659 4.52499 690.64018
7328.27338 140.16061 4.61933 4.53742 692.27935
7327.45704 138.91356 4.57745 4.49705 685.06816
7327.47791 138.89505 4.57692 4.49645 685.54311
7326.96144 138.22389 4.55385 4.47472 680.56078
7326.27876 137.14763 4.51855 4.43988 675.17177
7326.43268 137.39414 4.52636 4.44786 676.29428
7325.70194 136.36739 4.49413 4.41462 670.23701
7325.63228 136.27464 4.49124 4.41162 669.61804
7324.68275 134.95864 4.44787 4.36902 662.00841
7324.11389 133.95149 4.41417 4.33641 658.54058
7324.26697 134.24225 4.42381 4.34582 659.32812
7323.50993 133.11471 4.38602 4.30932 653.16768
7323.59836 133.23660 4.39012 4.31327 653.94307
7323.00371 132.43698 4.36318 4.28738 648.70938
7322.69712 132.00410 4.34864 4.27337 646.25445
7321.88304 130.90826 4.31184 4.23789 639.70081
7321.06254 129.48363 4.26408 4.19177 635.27721
7321.75497 130.51486 4.29897 4.22516 640.15924
7321.00202 129.56201 4.26642 4.19431 633.62213
7320.80049 129.25626 4.25623 4.18441 632.29890
7320.39368 128.78844 4.24075 4.16927 628.41864
7319.86640 128.09940 4.21913 4.14696 623.76990
7319.35872 127.48970 4.19982 4.12722 619.08641
7318.48302 126.25016 4.15848 4.08710 613.08610
7318.65379 126.48592 4.16657 4.09473 614.30926
7317.76252 125.28865 4.12594 4.05597 607.67761
7317.99124 125.50464 4.13337 4.06296 610.06286
7317.99271 125.55292 4.13491 4.06452 609.72471
7317.36254 124.92090 4.11331 4.04406 603.47727
7316.34880 123.76397 4.07408 4.00661 595.40737
7315.72008 122.92147 4.04587 3.97934 591.80163
7315.13386 122.16116 4.02042 3.95472 588.35065
7314.35213 120.95352 3.97980 3.91563 585.03702
7315.36903 122.24868 4.02375 3.95756 591.45306
7314.47324 121.30461 3.99129 3.92699 584.24089
7314.14329 120.92977 3.97851 3.91486 581.58507
7313.41276 120.10301 3.95134 3.88809 575.29025
7313.12408 119.77874 3.94107 3.87760 572.79624
7312.45147 119.00106 3.91642 3.85242 567.37095
7312.21860 118.72649 3.90747 3.84353 565.64179
7311.15221 117.50527 3.86595 3.80400 557.91057
7310.39972 116.36345 3.82778 3.76703 554.81294
7311.03860 117.18912 3.85552 3.79376 558.62519
7310.42858 116.53448 3.83329 3.77257 553.89843
7310.50848 116.62861 3.83647 3.77562 554.45166
7309.56158 115.69957 3.80473 3.74554 546.48178
7308.67883 114.70860 3.77102 3.71346 540.04240
7307.83993 113.64183 3.73527 3.67893 535.31136
7308.38730 114.27603 3.75663 3.69946 538.77137
7307.46586 113.30306 3.72361 3.66796 532.52577
7307.59877 113.43248 3.72806 3.67215 533.40111
7306.72513 112.57150 3.69830 3.64428 527.80701
7306.00485 111.80359 3.67260 3.61942 522.88981
7305.22851 110.86214 3.64309 3.58894 517.54728
7305.34392 110.99420 3.64722 3.59322 518.43662
7304.64935 110.26157 3.62354 3.56950 513.08560
7304.51619 110.10505 3.61830 3.56443 512.25120
7303.77359 109.37215 3.59310 3.54070 506.70111
7302.84107 108.30681 3.55670 3.50622 501.10045
7302.45467 107.78899 3.53937 3.48945 499.19656
7302.21268 107.53433 3.53071 3.48121 497.57412
7301.84664 107.12420 3.51672 3.46793 495.44891
7301.37375 106.60326 3.49896 3.45107 492.49445
7301.07788 106.31051 3.48893 3.44159 490.34927
7300.37102 105.55029 3.46293 3.41698 485.85401
7300.40969 105.58568 3.46415 3.41813 486.14187
7299.60712 104.82222 3.43803 3.39341 480.37150
7299.07726 104.25515 3.41881 3.37505 477.60446
7298.40084 103.54747 3.39467 3.35214 473.87094
7297.85793 102.95661 3.37426 3.33301 470.91314
7297.11050 102.07603 3.34442 3.30451 466.82293
7297.66771 102.66606 3.36434 3.32361 470.46388
7296.74768 101.79818 3.33514 3.29551 463.62022
7296.45020 101.50202 3.32566 3.28592 461.62095
7295.54440 100.60919 3.29708 3.25702 455.41427
7294.77212 99.74866 3.26811 3.22916 451.23962
7293.92962 98.71471 3.23266 3.19569 447.41365
7295.16372 99.97385 3.27617 3.23645 454.78547
7294.10890 99.07835 3.24486 3.20746 447.28440
7293.85389 98.83973 3.23660 3.19974 445.55518
7292.87951 97.98076 3.20683 3.17193 438.84215
7292.28792 97.38313 3.18629 3.15258 435.39344
7291.70994 96.80273 3.16636 3.13379 431.91944
7291.90695 96.99387 3.17292 3.13998 433.13528
7291.07696 96.28979 3.14863 3.11719 427.51931
7290.60186 95.85669 3.13383 3.10317 424.85541
7289.81465 95.16781 3.10999 3.08087 420.77124
7289.17641 94.52496 3.08766 3.06006 417.68030
7288.91466 94.28538 3.07930 3.05230 416.15669
7288.36340 93.79212 3.06229 3.03633 412.76366
7287.97900 93.44328 3.05055 3.02504 410.42992
7287.25186 92.79752 3.02965 3.00413 406.05809
7286.90059 92.47479 3.01939 2.99369 403.79449
7286.08562 91.73222 2.99494 2.96965 399.00073
7285.54751 91.22177 2.97739 2.95312 395.97518
7284.74049 90.39333 2.94899 2.92630 391.88168
7284.85691 90.51335 2.95306 2.93019 392.40776
7283.95067 89.67544 2.92456 2.90306 387.61689
7284.51391 90.14286 2.94054 2.91819 390.95963
7283.50005 89.37432 2.91391 2.89331 384.89286
7282.97280 88.92833 2.89831 2.87888 382.17146
7282.02369 88.12104 2.87016 2.85274 377.21943
7281.57615 87.69317 2.85567 2.83889 374.93875
7280.99505 87.17538 2.83787 2.82213 371.95942
7280.73766 86.94537 2.82972 2.81468 370.76281
7280.36740 86.63964 2.81862 2.80479 369.09019
7279.67877 86.09634 2.79822 2.78720 366.18929
7278.68446 85.22565 2.76516 2.75901 361.33172
7277.89924 84.42606 2.73752 2.73312 357.69816
7277.99991 84.52759 2.74085 2.73641 358.06743
7277.10891 83.74309 2.71363 2.71101 354.25310
7276.83236 83.47317 2.70379 2.70228 353.01873
7276.00159 82.71414 2.67395 2.67770 349.43315
7275.21799 81.94085 2.64071 2.65267 345.93258
7274.35448 80.96187 2.59743 2.62098 342.30476
7275.02555 81.61679 2.62699 2.64218 345.12258
7274.20999 80.92817 2.59567 2.61989 341.69805
7274.45949 81.12918 2.60477 2.62639 342.72376
7273.26079 80.18675 2.56234 2.59589 337.98361
7271.85664 78.78113 2.51252 2.55038 332.44844
7270.99501 77.75665 2.47607 2.51722 328.96386
7271.25973 78.05980 2.48797 2.52703 330.02571
7270.34634 77.06313 2.44749 2.49476 326.32833
7270.40221 77.12524 2.44991 2.49678 326.55047
7269.49129 76.16885 2.41696 2.46581 323.04997
7268.89982 75.50209 2.40084 2.44423 320.69870
7268.21874 74.65574 2.37435 2.41683 318.01718
7267.97637 74.38471 2.36343 2.40806 317.05496
7267.21688 73.45350 2.32798 2.37791 314.18248
7266.66575 72.72071 2.30969 2.35419 312.17124
7266.26673 72.19978 2.29653 2.33732 310.85635
7265.52263 71.16686 2.26741 2.30388 308.21726
7265.26017 70.78966 2.25502 2.29167 307.42991
7264.73000 69.97819 2.23395 2.26540 306.10070
7264.82079 70.12479 2.23710 2.27015 306.30434
7264.24966 69.41008 2.22076 2.24701 304.61901
7263.66764 68.64462 2.19458 2.22223 303.08553
7263.01937 67.75153 2.17146 2.19332 302.01127
7262.31670 66.62849 2.13356 2.15696 301.86139
7262.36392 66.71649 2.13604 2.15981 301.88455
7261.84633 65.94328 2.11401 2.13478 300.91599
7261.53639 65.51790 2.10011 2.12101 300.47159
7261.10349 64.91677 2.07974 2.10155 300.24455
7260.35799 63.80966 2.04261 2.06571 300.55081
7260.07504 63.36369 2.02780 2.05127 300.93553
7259.58721 62.55240 2.00068 2.02501 302.39144
7259.41175 62.28966 1.99179 2.01650 302.66707
7259.17017 61.96775 1.98096 2.00608 302.74142
7258.42415 60.87764 1.94443 1.97079 304.34135
7258.37532 60.80721 1.94205 1.96851 304.45599
7257.74556 59.88397 1.91056 1.93862 306.19593
7257.53472 59.57647 1.90010 1.92867 306.82951
7257.21917 59.16225 1.88605 1.91526 307.29046
7256.58910 58.29667 1.85589 1.88724 308.92772
7256.91220 58.70577 1.87017 1.90048 308.46040
7256.07279 57.72854 1.83807 1.86885 307.88375
7256.71953 58.40783 1.85974 1.89084 309.42281
7255.73800 57.47469 1.83045 1.86063 305.73052
7255.55148 57.29278 1.82480 1.85474 305.04454
7254.57732 56.32186 1.79084 1.82331 304.10645
7254.67438 56.41780 1.79418 1.82641 304.05225
7253.70265 55.48411 1.76175 1.79619 302.81605
7254.06693 55.80995 1.77314 1.80674 303.91688
7253.22031 55.09514 1.74808 1.78359 300.74953
7253.14521 55.03658 1.74603 1.78170 300.43858
7252.53220 54.55335 1.72909 1.76606 297.91918
7252.29309 54.37092 1.72266 1.76015 296.85431
7252.27736 54.37076 1.72264 1.76014 296.64199
7251.24367 53.71993 1.69956 1.73908 290.51731
7250.91327 53.49641 1.69173 1.73184 288.81602
7250.03243 52.91127 1.67111 1.71290 284.23253
7249.07904 52.24911 1.64788 1.69146 279.73376
7248.50563 51.79704 1.63203 1.67683 277.66762
7247.63613 51.13597 1.60898 1.65542 274.28357
7247.25937 50.83869 1.59864 1.64580 272.95111
7246.22443 49.98018 1.56885 1.61801 269.67247
7246.13064 49.89794 1.56599 1.61535 269.44394
7245.35026 49.26055 1.54346 1.59471 267.73467
7245.23724 49.17072 1.54030 1.59180 267.56263
7244.95434 48.96074 1.53321 1.58501 266.75344
7244.20436 48.46879 1.51802 1.56908 262.61843
7243.79859 48.17970 1.50929 1.55972 260.61776
7242.83363 47.49178 1.48564 1.53745 256.74516
7243.46145 47.87387 1.49919 1.54982 259.81914
7243.13340 47.70996 1.49341 1.54451 257.92276
7242.16481 47.23491 1.47649 1.52914 252.32441
7241.99271 47.14157 1.47322 1.52611 251.43190
7241.49603 46.90311 1.46496 1.51839 248.62294
7240.36042 46.40566 1.44772 1.50229 242.15349
7238.77176 45.51069 1.41683 1.47332 234.97932
7237.79617 44.82938 1.39339 1.45126 231.47422
7237.01661 44.26262 1.37403 1.43291 229.19337
7236.63843 43.99312 1.36487 1.42419 228.31525
7235.57247 43.18567 1.33724 1.39805 225.10422
7235.45252 43.09278 1.33406 1.39504 224.72858
7234.52141 42.38264 1.30985 1.37205 221.93153
7234.18525 42.11715 1.30076 1.36346 220.95280
7234.08303 42.02818 1.29772 1.36058 220.70091
7233.47324 41.65830 1.28510 1.34860 218.26733
7234.11445 42.01396 1.29725 1.36012 221.01933
7233.37495 41.64315 1.28457 1.34811 217.64114
7232.57683 41.29523 1.27275 1.33685 213.88645
7232.60122 41.30381 1.27305 1.33713 214.00724
7231.31233 40.73874 1.25334 1.31884 208.34929
7229.94644 40.03485 1.23120 1.29605 202.85836
7229.03121 39.49298 1.21480 1.27851 199.52278
7228.31050 39.01292 1.19844 1.26297 197.21197
7227.98353 38.82811 1.19202 1.25698 196.18970
7228.11553 38.90047 1.19452 1.25932 196.59280
7227.17465 38.43319 1.17871 1.24420 193.74894
7226.51805 38.10865 1.16782 1.23369 191.41361
7226.31824 38.01503 1.16467 1.23066 190.69892
7225.07572 37.41877 1.14466 1.21136 186.49925
7224.03861 36.84984 1.12554 1.19294 183.21491
7224.25736 36.95101 1.12891 1.19621 183.93165
7223.33455 36.52738 1.11478 1.18250 180.97120
7222.33844 36.03929 1.09846 1.16670 177.86730
7221.97723 35.84439 1.09194 1.16039 176.77095
7221.03380 35.35759 1.07566 1.14463 173.97753
7220.32303 34.99258 1.06356 1.13281 171.92612
7220.03900 34.84348 1.05858 1.12799 171.10616
7218.98892 34.30634 1.04067 1.11060 168.33608
7218.45891 34.01928 1.03115 1.10131 166.93182
7218.66552 34.11917 1.03445 1.10454 167.50809
7217.45472 33.60789 1.01757 1.08799 164.17572
7216.05557 32.90619 0.99426 1.06527 160.43036
7215.19492 32.38077 0.97685 1.04826 158.09090
7214.33170 31.83083 0.95846 1.03046 155.72426
7214.22143 31.77011 0.95638 1.02849 155.43561
7214.04514 31.66088 0.95271 1.02496 154.95789
7213.56193 31.42571 0.94493 1.01734 153.72667
7213.94020 31.58213 0.95005 1.02241 154.65665
7214.06405 31.61972 0.95129 1.02363 154.94980
7213.09880 31.38153 0.94350 1.01591 152.79059
7211.61195 30.97101 0.93146 1.00262 149.85267
7210.24720 30.48981 0.91815 0.98705 147.34849
7209.89378 30.35279 0.91401 0.98261 146.73279
7208.92528 29.96692 0.90168 0.97012 144.86203
7207.73578 29.49626 0.88619 0.95488 142.58997
7206.21140 28.74386 0.86186 0.93052 139.27932
7205.52120 28.30896 0.84764 0.91645 137.43764
7204.66580 27.83023 0.83205 0.90095 135.35582
7204.36133 27.64814 0.82612 0.89505 134.58410
7203.74058 27.27060 0.81381 0.88283 132.97087
7203.27675 27.03755 0.80628 0.87529 131.94391
7205.37736 27.78687 0.83015 0.89954 135.55881
7204.65602 27.63051 0.82534 0.89448 134.63561
7203.80597 27.47786 0.82075 0.88954 133.77930
7202.10262 27.13899 0.81048 0.87857 132.25399
7200.33700 26.57607 0.79271 0.86035 130.00207
7198.16849 25.53966 0.75944 0.82680 125.66843
7197.19196 24.90636 0.73887 0.80629 122.88805
7196.65390 24.56466 0.72776 0.79523 121.37158
7197.20239 24.85581 0.73716 0.80466 122.63508
7196.80231 24.66865 0.73116 0.79860 121.83791
7196.21612 24.46477 0.72474 0.79200 121.04234
7197.02708 24.71888 0.73268 0.80022 122.02049
7196.10106 24.47331 0.72512 0.79227 121.13580
7194.72906 24.11861 0.71424 0.78079 119.97133
7193.12709 23.56915 0.69707 0.76300 117.97075
7192.02375 23.09803 0.68163 0.74775 115.91488
7191.44735 22.81563 0.67275 0.73861 114.71494
7190.46268 22.38692 0.66061 0.72473 113.19274
7189.64204 21.98710 0.64964 0.71179 111.73512
7189.67880 21.97873 0.64935 0.71152 111.66516
7189.60192 21.93935 0.64825 0.71024 111.51531
7189.23096 21.86659 0.64633 0.70789 111.39133
7189.02017 21.81714 0.64487 0.70629 111.26384
7188.81284 21.77023 0.64349 0.70477 111.15080
7187.82235 21.60716 0.63906 0.69949 110.98510
7186.34996 21.31489 0.63044 0.69003 110.43821
7184.49485 20.81235 0.61525 0.67376 108.93658
7182.84716 20.14899 0.59468 0.65228 106.08371
7182.56592 20.00282 0.59005 0.64755 105.40107
7181.68562 19.63780 0.57870 0.63573 103.80875
7180.70908 19.21525 0.56558 0.62206 101.93330
7181.32958 19.45126 0.57283 0.62970 102.90752
7180.64584 19.21897 0.56577 0.62218 102.01769
7179.76193 18.97303 0.55850 0.61421 101.20429
7178.62387 18.62220 0.54801 0.60286 99.90701
7178.34297 18.53151 0.54528 0.59992 99.55651
7177.73856 18.32621 0.53909 0.59327 98.72044
7177.12816 18.16633 0.53445 0.58810 98.19341
7176.26955 17.96045 0.52858 0.58143 97.55623
7175.49175 17.77692 0.52340 0.57549 96.99689
7175.41751 17.76356 0.52305 0.57506 96.97323
7174.38855 17.53182 0.51649 0.56756 96.20920
7173.33099 17.29293 0.50989 0.55982 95.45588
7172.15887 17.01388 0.50224 0.55079 94.49749
7171.02729 16.71689 0.49399 0.54118 93.32867
7170.73633 16.63551 0.49171 0.53854 92.98106
7170.22691 16.47828 0.48727 0.53345 92.26237
7169.85042 16.40919 0.48558 0.53121 92.08040
7169.09772 16.29674 0.48308 0.52757 91.90726
7167.89076 16.11537 0.47913 0.52170 91.59887
7166.58790 15.86275 0.47315 0.51352 90.80168
7165.71551 15.64896 0.46752 0.50660 89.79166
7164.92705 15.42224 0.46150 0.49926 88.65992
7164.28158 15.24704 0.45697 0.49359 87.80683
7163.54167 15.09780 0.45355 0.48876 87.23325
7162.59189 14.89824 0.44904 0.48230 86.39869
7162.33223 14.85102 0.44807 0.48077 86.23034
0.00000 0.00000 0.00000 0.00000 0.00000
