7350.74934 240.14706 7.85396 7.77428 1095.01649
7350.76103 240.24194 7.85700 7.77735 1095.42750
7350.63361 239.24694 7.82517 7.74514 1091.04772
7350.50606 238.22678 7.79244 7.71212 1086.62560
7350.37491 237.17482 7.75870 7.67806 1081.89186
7350.23781 235.97662 7.71993 7.63927 1076.51385
7350.14639 234.91270 7.68629 7.60483 1072.12723
7350.05056 233.98727 7.65865 7.57487 1068.32524
7349.94696 232.96392 7.62692 7.54174 1064.06956
7349.85434 232.02763 7.59643 7.51143 1060.08339
7349.74772 231.10340 7.56676 7.48151 1056.08978
7349.79732 231.47059 7.57850 7.49340 1057.73838
7349.64204 230.46888 7.54657 7.46097 1052.97938
7349.47248 229.34642 7.51077 7.42463 1047.64082
7349.33002 228.25931 7.47589 7.38944 1042.75455
7349.19339 227.24294 7.44296 7.35654 1038.18110
7349.07275 226.29809 7.41353 7.32595 1034.13602
7348.93935 225.39133 7.38671 7.29659 1030.25285
7348.79111 224.39073 7.35551 7.26420 1025.83147
7348.79764 224.43057 7.35680 7.26549 1026.01744
7348.64650 223.46071 7.32546 7.23409 1021.59456
7348.47886 222.37776 7.29098 7.19904 1016.77397
7348.31397 221.19409 7.25339 7.16072 1011.76585
7348.18052 220.06912 7.21749 7.12430 1007.32698
7348.07418 219.13946 7.18794 7.09420 1003.74480
7347.96298 218.30631 7.16155 7.06723 1000.45466
7347.83647 217.46260 7.13450 7.03992 996.94881
7347.99979 218.24599 7.15942 7.06528 1000.71143
7347.69536 217.08439 7.12293 7.02767 994.44470
7347.42111 215.64739 7.08081 6.98115 988.10193
7347.23408 214.55165 7.04735 6.94568 983.54864
7347.08525 213.65683 7.01893 6.91671 979.86212
7346.91756 212.79340 6.99190 6.88876 976.11672
7347.00397 213.14115 7.00264 6.90002 977.83092
7346.77775 212.33699 6.97798 6.87399 973.54522
7346.45956 210.97150 6.93568 6.82978 967.03658
7346.21346 209.73028 6.89711 6.78960 961.78571
7346.04376 208.79448 6.86838 6.75930 958.03076
7345.93948 208.30926 6.85368 6.74360 955.87719
7346.01250 208.62877 6.86321 6.75394 957.34380
7345.63862 207.29258 6.82727 6.71068 950.62303
7345.33729 205.94237 6.78592 6.66697 944.73519
7345.12838 204.93886 6.75488 6.63449 940.71316
7344.92117 203.99792 6.72592 6.60402 936.77247
7345.07262 204.59040 6.74394 6.62320 939.52463
7344.72432 203.38297 6.70748 6.58412 933.46684
7344.37810 201.92102 6.66467 6.53679 926.93472
7344.14685 200.72238 6.62825 6.49799 922.60077
7343.97262 199.82601 6.60064 6.46897 919.53693
7344.05789 200.14803 6.61003 6.47939 920.97981
7343.89879 199.66769 6.59635 6.46384 918.40437
7343.54734 198.42061 6.56072 6.42347 912.91022
7343.24723 197.25974 6.52356 6.38589 908.33904
7342.98841 196.21183 6.48865 6.35197 904.32733
7343.20584 196.94620 6.51313 6.37574 907.58493
7342.80387 195.76698 6.47407 6.33756 901.68931
7342.43869 194.46959 6.43042 6.29556 896.47577
7342.16438 193.47668 6.39716 6.26342 892.56210
7342.19885 193.55493 6.39983 6.26595 893.03279
7341.98223 192.98042 6.38058 6.24736 890.02165
7341.53292 191.54406 6.33365 6.20086 883.65553
7341.24027 190.42875 6.29997 6.16475 879.46152
7341.19218 190.24758 6.29471 6.15888 878.76411
7341.19097 190.30681 6.29644 6.16080 878.75026
7340.67064 188.85251 6.25159 6.11372 871.26996
7340.30299 187.58721 6.20980 6.07276 866.25370
7340.23108 187.32527 6.20094 6.06428 865.29823
7340.27815 187.51612 6.20735 6.07046 865.91560
7339.73459 186.10530 6.15789 6.02479 858.55392
7339.30128 184.77324 6.11145 5.98166 852.91628
7339.24112 184.54821 6.10364 5.97438 852.17853
7339.11558 184.25506 6.09301 5.96489 850.52950
7338.65990 182.98785 6.04849 5.92387 844.76690
7338.31140 181.91731 6.01402 5.88921 840.52818
7338.53434 182.47102 6.03193 5.90713 843.36516
7338.05647 181.43524 5.99826 5.87360 837.04416
7337.50591 179.85459 5.94590 5.82243 830.31777
7337.15873 178.75855 5.90971 5.78695 826.46497
7337.60762 179.90508 5.94796 5.82407 831.81643
7336.95672 178.48955 5.90042 5.77824 823.73389
7336.43793 177.02494 5.85200 5.73083 817.76452
7336.48823 177.11195 5.85500 5.73365 818.42543
7336.23504 176.61554 5.83800 5.71757 815.19911
7335.75637 175.37392 5.79606 5.67738 809.69855
7335.44224 174.60203 5.76986 5.65239 806.13190
7335.69676 175.17646 5.78949 5.67099 809.08749
7334.90883 173.52872 5.73281 5.61765 799.98415
7334.36488 171.97630 5.68364 5.56739 795.04252
7334.81841 172.97683 5.71489 5.59978 799.70473
7334.35555 172.19721 5.69004 5.57454 794.43840
7333.67658 170.67699 5.64206 5.52533 787.56108
7333.73778 170.77508 5.64538 5.52850 788.25785
7333.31441 169.98705 5.61863 5.50299 783.63254
7332.72177 168.62776 5.57322 5.45899 777.47042
7332.69647 168.53156 5.57009 5.45587 777.31075
7332.33462 167.86311 5.54751 5.43423 773.08139
7331.72657 166.40260 5.49886 5.38695 767.09662
7331.49273 165.78906 5.47835 5.36709 765.02885
7331.79443 166.46387 5.50109 5.38893 768.04466
7330.94226 164.81232 5.44497 5.33547 759.02386
7330.35155 163.31968 5.39816 5.28715 753.82966
7331.00675 164.69006 5.44138 5.33151 760.49663
7330.23359 163.33997 5.39829 5.28780 751.78317
7329.75943 162.34813 5.36665 5.25570 747.12611
7329.76667 162.41942 5.36890 5.25800 746.99366
7329.04953 161.02373 5.32194 5.21282 739.81495
7328.71336 160.27332 5.29709 5.18853 736.93828
7328.76408 160.43398 5.30232 5.19373 737.19137
7327.95986 158.86372 5.24980 5.14290 729.58547
7327.54638 157.86298 5.21686 5.11050 726.47570
7327.97244 158.73873 5.24593 5.13885 730.30325
7327.14802 157.29015 5.19731 5.09195 721.98365
7326.89491 156.71450 5.17804 5.07332 720.15393
7326.84855 156.73304 5.17845 5.07392 719.27826
7326.08155 155.33490 5.13292 5.02866 712.59561
7326.17095 155.43935 5.13629 5.03204 713.59871
7325.64405 154.66351 5.11188 5.00692 708.42903
7324.92990 153.30355 5.06773 4.96290 703.05627
7325.49744 154.23222 5.09868 4.99296 707.90558
7324.41103 152.64144 5.04483 4.94146 697.39350
7323.70190 151.17578 4.99636 4.89401 692.24101
7324.02452 151.82172 5.01776 4.91492 694.63453
7323.28662 150.56316 4.97558 4.87418 688.10212
7323.18939 150.35041 4.96857 4.86729 687.47172
7322.75430 149.72392 4.94747 4.84701 683.04240
7322.05210 148.43728 4.90467 4.80536 677.80189
7322.42203 149.03748 4.92489 4.82479 680.89651
7321.37967 147.46406 4.87168 4.77385 671.47377
7320.52766 145.64349 4.81523 4.71492 666.26391
7321.48766 147.33797 4.86825 4.76977 674.05494
7320.59147 146.05640 4.82781 4.72828 665.04390
7320.32583 145.57076 4.81226 4.71256 663.11541
7319.89078 144.99683 4.79285 4.69398 658.83506
7319.09979 143.65425 4.74793 4.65052 653.20313
7319.57701 144.38849 4.77258 4.67429 656.99711
7318.43744 142.76391 4.71789 4.62170 646.96099
7317.84963 141.58279 4.67904 4.58346 644.08562
7318.05933 142.01470 4.69324 4.59744 644.97682
7317.33467 140.85088 4.65441 4.55977 640.13431
7317.97825 141.70955 4.68344 4.58756 645.51532
7317.38559 141.05805 4.66105 4.56647 639.58500
7316.92797 140.47876 4.64139 4.54772 635.64411
7315.82880 139.08110 4.59421 4.50247 626.54404
7314.98700 137.60515 4.54702 4.45469 621.85589
7315.48363 138.41011 4.57266 4.48075 625.04385
7314.63221 137.20337 4.53381 4.44168 618.38619
7314.72408 137.28319 4.53651 4.44427 619.45438
7313.98716 136.37660 4.50680 4.41492 612.62764
7313.51422 135.60645 4.48161 4.38999 609.68341
7313.45097 135.61351 4.48161 4.39022 608.51772
7312.51995 134.30374 4.43763 4.34781 601.75199
7312.49654 134.27434 4.43664 4.34686 601.56698
7311.67757 133.10791 4.39766 4.30910 596.32850
7311.70551 133.07035 4.39659 4.30789 597.09369
7311.15592 132.45003 4.37537 4.28780 592.58063
7310.40434 131.29289 4.33712 4.25034 587.66923
7310.82684 131.90369 4.35739 4.27012 590.79135
7309.90926 130.75958 4.31892 4.23308 583.11304
7310.08626 130.96765 4.32598 4.23982 584.57783
7309.32213 130.08949 4.29584 4.21139 578.25088
7309.16843 129.91574 4.28983 4.20576 576.96657
7308.28776 128.91410 4.25585 4.17334 569.71815
7307.80914 128.28651 4.23598 4.15302 566.42586
7307.28083 127.64399 4.21586 4.13222 562.68708
7306.78656 126.97151 4.19411 4.11045 560.21868
7306.75139 126.95749 4.19357 4.10999 559.79449
7305.96108 126.00486 4.16116 4.07916 554.93980
7305.25584 125.07615 4.13003 4.04909 549.83291
7304.56021 124.01121 4.09454 4.01461 546.70843
7304.77280 124.29108 4.10399 4.02368 547.82636
7304.34395 123.78119 4.08665 4.00717 544.95707
7304.03610 123.37892 4.07312 3.99415 542.98764
7303.90219 123.25407 4.06881 3.99010 541.75100
7303.05301 122.31130 4.03675 3.95958 535.23502
7302.17007 121.15433 3.99742 3.92213 530.14467
7301.47726 120.11888 3.96369 3.88861 526.88358
7301.97134 120.78356 3.98519 3.91013 529.89336
7301.17078 119.82119 3.95412 3.87897 524.02550
7301.16851 119.79598 3.95339 3.87816 524.16955
7300.60978 119.19687 3.93423 3.85876 519.46982
7300.08681 118.60307 3.91472 3.83954 515.70786
7299.54204 117.96580 3.89307 3.81891 512.48440
7298.93608 117.25574 3.86893 3.79592 509.27505
7298.34155 116.49853 3.84350 3.77141 506.62327
7297.71681 115.65979 3.81533 3.74425 503.99889
7297.60105 115.53294 3.81099 3.74015 503.22176
7296.81211 114.47712 3.77548 3.70597 499.34380
7297.45502 115.21907 3.80068 3.72999 503.52232
7296.74786 114.51321 3.77641 3.70714 497.97930
7296.21256 113.95707 3.75740 3.68913 493.92442
7295.43600 113.07324 3.72719 3.66052 489.16463
7295.02346 112.61117 3.71123 3.64556 486.98134
7294.30497 111.73906 3.68212 3.61733 483.03103
7294.28213 111.67162 3.68007 3.61515 483.19583
7294.30443 111.72486 3.68170 3.61687 483.13201
7293.68302 111.14508 3.66302 3.59810 478.18423
7293.02129 110.47832 3.64144 3.57651 473.13208
7292.29929 109.74462 3.61660 3.55276 468.24385
7291.38677 108.68087 3.57994 3.51833 463.16328
7290.94488 108.09132 3.56010 3.49924 461.70163
7291.49491 108.69493 3.58069 3.51878 464.59443
7290.75514 108.01604 3.55722 3.49680 459.78753
7290.23735 107.49430 3.53940 3.47991 456.73752
7289.51122 106.77721 3.51474 3.45670 452.60954
7288.82933 106.04134 3.48952 3.43288 449.12692
7288.17217 105.28410 3.46362 3.40836 445.43078
7288.30336 105.42927 3.46861 3.41306 446.25278
7287.56051 104.68228 3.44279 3.38888 441.51389
7287.51345 104.63180 3.44106 3.38725 441.27229
7286.70730 103.87007 3.41466 3.36259 435.97754
7286.10183 103.25486 3.39333 3.34267 432.59222
7285.32122 102.41426 3.36420 3.31546 428.31384
7285.28150 102.36870 3.36265 3.31398 428.10056
7284.48726 101.56021 3.33597 3.28781 423.32395
7284.27699 101.33869 3.32880 3.28064 422.08901
7283.56826 100.60640 3.30517 3.25693 417.98270
7283.77587 100.81887 3.31211 3.26381 419.10504
7282.75055 99.88357 3.28042 3.23353 412.89081
7282.30630 99.41917 3.26420 3.21850 410.38445
7281.57005 98.69693 3.23889 3.19512 406.32659
7281.14191 98.24837 3.22343 3.18059 404.08312
7280.49021 97.55766 3.19982 3.15823 401.14777
7280.81863 97.87934 3.21086 3.16865 402.71283
7279.88120 97.05557 3.18242 3.14198 397.81202
7279.33698 96.51492 3.16385 3.12448 395.07212
7278.61958 95.82671 3.14005 3.10220 391.16126
7278.09647 95.28550 3.12136 3.08468 388.47626
7277.59136 94.75474 3.10302 3.06750 386.06469
7277.72244 94.88922 3.10769 3.07185 386.71596
7276.92668 94.19795 3.08347 3.04947 382.18931
7276.45102 93.73891 3.06771 3.03461 379.62034
7275.79184 93.15888 3.04852 3.01583 375.96421
7274.85954 92.21955 3.01878 2.98542 371.08828
7274.60352 91.91760 3.00911 2.97565 369.98502
7274.43860 91.79355 3.00498 2.97163 369.09462
7273.70395 91.11820 2.98202 2.94977 365.58205
7273.30396 90.70592 2.96796 2.93642 363.36949
7273.02751 90.49613 2.96076 2.92963 361.84814
7272.03133 89.57674 2.93010 2.89987 357.88004
7271.86788 89.39782 2.92414 2.89408 357.22259
7271.26440 88.86879 2.90626 2.87695 354.61393
7271.02618 88.66651 2.89941 2.87040 353.52891
7270.06803 87.81423 2.87123 2.84281 348.90851
7269.90464 87.67017 2.86649 2.83815 348.13447
7268.88485 86.73767 2.83559 2.80796 343.87388
7269.02150 86.85809 2.83970 2.81186 344.48518
7268.02333 85.98759 2.80843 2.78368 339.98303
7267.60180 85.59864 2.79423 2.77108 338.08127
7266.76240 84.80532 2.76734 2.74540 334.64359
7266.62890 84.67649 2.76359 2.74123 334.19005
7265.88175 83.99509 2.74392 2.71917 331.47790
7265.42648 83.57307 2.73041 2.70551 329.65586
7264.54779 82.72610 2.70085 2.67809 326.38970
7263.91046 82.04121 2.67277 2.65592 323.82441
7263.28129 81.34798 2.64078 2.63348 321.49664
7263.34386 81.41153 2.64384 2.63554 321.73193
7262.57000 80.65720 2.60670 2.61112 318.88394
7262.01621 80.07331 2.57817 2.59221 316.72126
7261.30892 79.29883 2.54599 2.56714 313.99949
7260.95174 78.92346 2.53393 2.55499 312.61952
7260.06040 77.88969 2.49859 2.52152 309.22261
7260.04166 77.86889 2.49779 2.52085 309.15286
7259.18352 76.88416 2.45839 2.48897 305.75033
7258.64754 76.23704 2.43548 2.46802 303.81795
7258.01192 75.37435 2.41252 2.44009 301.39816
7258.14706 75.54406 2.41679 2.44559 301.90432
7257.31948 74.61878 2.39102 2.41563 298.97842
7256.48752 73.49326 2.35219 2.37920 295.85889
7256.10066 72.94400 2.33644 2.36142 294.59723
7255.39491 71.90570 2.30602 2.32780 292.31799
7255.80802 72.46544 2.32441 2.34592 293.64877
7255.06621 71.53698 2.29333 2.31587 291.23705
7254.33920 70.58206 2.26693 2.28495 289.50277
7253.65408 69.48778 2.23063 2.24953 288.17551
7253.11914 68.60684 2.20135 2.22101 287.42673
7253.14355 68.65722 2.20305 2.22264 287.42007
7252.49549 67.63584 2.16933 2.18958 286.92521
7252.34444 67.39747 2.16103 2.18186 286.83035
7252.00932 66.92201 2.14454 2.16647 286.54128
7251.36504 65.97387 2.11612 2.13577 285.79289
7251.05223 65.49871 2.10127 2.12039 285.72723
7250.52062 64.62170 2.07180 2.09200 286.58697
7250.51925 64.63387 2.07221 2.09239 286.48856
7249.78308 63.59683 2.03788 2.05882 286.76766
7248.99743 62.25200 1.99304 2.01528 289.68889
7249.35093 62.81732 2.01190 2.03358 288.63374
7248.69572 61.85109 1.97957 2.00231 289.98443
7248.36295 61.36199 1.96307 1.98647 290.78408
7247.98730 60.81056 1.94441 1.96862 291.74550
7247.32242 59.81501 1.91065 1.93639 293.99863
7247.46493 60.02465 1.91777 1.94318 293.53439
7246.78826 59.07089 1.88533 1.91230 295.30999
7246.77690 59.05490 1.88478 1.91178 295.34176
7246.42421 58.61888 1.86954 1.89767 295.66420
7246.11570 58.26145 1.85712 1.88610 295.57187
7245.79907 57.91165 1.84591 1.87477 295.11990
7245.27661 57.33160 1.82847 1.85600 294.79473
7245.12584 57.17794 1.82344 1.85102 294.72568
7244.53966 56.57689 1.80234 1.83156 294.16514
7244.30688 56.35527 1.79453 1.82439 293.51236
7243.64119 55.69968 1.77173 1.80317 292.11001
7243.59048 55.64392 1.76980 1.80136 292.08358
7243.19764 55.30606 1.75797 1.79042 290.71970
7242.83556 55.01383 1.74769 1.78096 289.24333
7242.55480 54.79424 1.73994 1.77385 288.02008
7241.79422 54.22025 1.71974 1.75527 284.54884
7242.34685 54.59805 1.73307 1.76750 287.53494
7241.28996 53.94722 1.71005 1.74643 281.04376
7240.65334 53.52769 1.69516 1.73285 277.57056
7240.12184 53.17712 1.68274 1.72150 274.72184
7239.12875 52.52341 1.65972 1.70034 269.59702
7238.22052 51.84627 1.63595 1.67842 265.92504
7237.22304 51.01420 1.60683 1.65148 262.82098
7237.05720 50.87759 1.60206 1.64706 262.53656
7236.18451 50.15271 1.57679 1.62359 260.77624
7235.85580 49.86719 1.56682 1.61435 259.81976
7235.39960 49.49768 1.55372 1.60239 258.41000
7234.86959 49.08538 1.53916 1.58904 256.59200
7234.96606 49.14361 1.54118 1.59093 257.11036
7234.11640 48.58658 1.52322 1.57289 252.66496
7233.66910 48.28032 1.51402 1.56298 250.30737
7232.78585 47.63844 1.49246 1.54220 246.79763
7232.90028 47.69447 1.49452 1.54401 247.43323
7233.48529 48.01009 1.50552 1.55423 250.66081
7232.46474 47.57931 1.49024 1.54029 244.06727
7231.43105 47.06119 1.47177 1.52351 238.42965
7231.25391 46.96834 1.46854 1.52051 237.52137
7230.10734 46.42025 1.44940 1.50276 231.40520
7228.76016 45.67022 1.42337 1.47848 225.38663
7227.76432 44.98752 1.39978 1.45638 222.18152
7226.74733 44.25052 1.37438 1.43252 219.32761
7226.65592 44.18339 1.37206 1.43035 219.00750
7225.59821 43.39884 1.34504 1.40495 215.71309
7225.07045 42.98554 1.33087 1.39157 214.22589
7224.42434 42.47279 1.31325 1.37497 212.38331
7223.90418 42.06533 1.29920 1.36178 210.90977
7224.18242 42.24499 1.30537 1.36760 211.92006
7223.51257 41.84288 1.29152 1.35458 209.31146
7224.01166 42.11595 1.30094 1.36342 211.40766
7223.38923 41.81517 1.29053 1.35368 208.57901
7222.38988 41.36224 1.27495 1.33902 204.05757
7222.09682 41.21293 1.26980 1.33419 202.87125
7221.29285 40.85470 1.25708 1.32259 199.49267
7219.94591 40.17542 1.23492 1.30060 194.14907
7218.83986 39.52420 1.21532 1.27952 190.73924
7218.29443 39.15234 1.20262 1.26748 189.18591
7217.57890 38.72967 1.18795 1.25380 186.81323
7218.17311 39.05184 1.19909 1.26423 188.85594
7217.19952 38.57297 1.18260 1.24872 185.42140
7216.23357 38.09854 1.16650 1.23336 182.12837
7216.28124 38.12191 1.16730 1.23412 182.28589
7215.28359 37.64272 1.15104 1.21861 178.98126
7214.24653 37.14546 1.13420 1.20251 175.73729
7213.88834 36.95973 1.12791 1.19650 174.59238
7213.05844 36.52368 1.11314 1.18238 172.12875
7212.14564 36.06968 1.09782 1.16768 169.43750
7211.85948 35.92109 1.09284 1.16287 168.61627
7210.95627 35.43517 1.07640 1.14714 166.05079
7210.11235 35.00307 1.06190 1.13315 163.79594
7210.01763 34.95325 1.06022 1.13154 163.56392
7209.01307 34.43522 1.04282 1.11477 161.00344
7208.18840 34.00712 1.02844 1.10091 158.76974
7208.62931 34.21606 1.03546 1.10768 159.98039
7207.36698 33.66882 1.01711 1.08996 156.65256
7206.08330 33.02359 0.99553 1.06907 153.37125
7205.56431 32.74144 0.98609 1.05994 152.04177
7204.39617 32.05806 0.96329 1.03782 149.07075
7203.50581 31.48325 0.94375 1.01921 146.72895
7203.89726 31.69492 0.95090 1.02606 147.69736
7203.60866 31.54439 0.94580 1.02119 146.99779
7203.52491 31.53546 0.94553 1.02090 146.83178
7203.98943 31.68092 0.95040 1.02561 147.85769
7203.10721 31.44749 0.94267 1.01805 145.98787
7201.75523 31.09904 0.93195 1.00677 143.43370
7200.25345 30.59236 0.91770 0.99037 140.88523
7199.59228 30.33200 0.91004 0.98194 139.72025
7198.95425 30.06804 0.90157 0.97339 138.51724
7197.85981 29.65461 0.88780 0.96001 136.58657
7196.48820 29.04176 0.86784 0.94017 133.98698
7195.23906 28.32574 0.84436 0.91699 131.06914
7194.18766 27.64604 0.82202 0.89499 128.31987
7194.15531 27.62450 0.82131 0.89429 128.23351
7193.75352 27.37647 0.81319 0.88626 127.23293
7193.07475 27.02763 0.80184 0.87497 125.76603
7195.18759 27.80241 0.82673 0.90005 129.26475
7194.66635 27.68245 0.82297 0.89616 128.61662
7193.84683 27.54473 0.81880 0.89171 127.86587
7192.18717 27.22020 0.80883 0.88120 126.49672
7190.34247 26.65795 0.79100 0.86300 124.39326
7188.13552 25.62969 0.75787 0.82971 120.34300
7187.37309 25.12517 0.74141 0.81338 118.20056
7186.71393 24.75343 0.72937 0.80134 116.66838
7186.80500 24.80476 0.73104 0.80300 116.87550
7186.49219 24.60081 0.72439 0.79640 116.03171
7186.30486 24.57006 0.72349 0.79541 115.95035
7186.72654 24.70049 0.72758 0.79963 116.41081
7186.07916 24.52839 0.72225 0.79406 115.83613
7184.76062 24.18527 0.71167 0.78295 114.77352
7183.14290 23.64459 0.69468 0.76545 112.86012
7181.89593 23.11583 0.67754 0.74833 110.78297
7181.38002 22.85981 0.66931 0.74004 109.72282
7180.49495 22.46422 0.65788 0.72723 108.31599
7179.78008 22.14166 0.64914 0.71679 107.26705
7179.74045 22.11123 0.64826 0.71581 107.14146
7179.38895 21.95908 0.64407 0.71088 106.63439
7179.11487 21.89486 0.64236 0.70880 106.49350
7178.77138 21.82382 0.64045 0.70650 106.37084
7178.77129 21.82280 0.64041 0.70647 106.36525
7177.77458 21.64408 0.63543 0.70068 106.15661
7176.31454 21.35811 0.62704 0.69143 105.69122
7174.41301 20.82510 0.61079 0.67417 104.04467
7172.86580 20.20728 0.59174 0.65417 101.58167
7172.61604 20.08218 0.58780 0.65012 101.01622
7171.88207 19.77703 0.57832 0.64024 99.75035
7171.00586 19.44328 0.56809 0.62944 98.43289
7170.94871 19.41925 0.56734 0.62866 98.32902
7170.41780 19.22062 0.56127 0.62223 97.52579
7169.64656 18.98661 0.55428 0.61465 96.72379
7168.60678 18.66656 0.54476 0.60429 95.58590
7168.13483 18.51212 0.54013 0.59929 95.00030
7167.70972 18.36040 0.53554 0.59438 94.38003
7167.15403 18.21256 0.53127 0.58960 93.89848
7166.29078 18.01477 0.52567 0.58319 93.33468
7165.23838 17.76205 0.51846 0.57501 92.50602
7165.34334 17.78538 0.51910 0.57577 92.56949
7164.49446 17.59328 0.51384 0.56955 92.03047
7163.35843 17.36127 0.50769 0.56204 91.44897
7162.04616 17.03040 0.49859 0.55133 90.29929
7160.94270 16.73264 0.49039 0.54169 89.15339
7160.60563 16.63577 0.48770 0.53855 88.74874
7160.26682 16.52635 0.48461 0.53501 88.24556
7159.80947 16.44233 0.48259 0.53229 88.03714
7159.01050 16.31376 0.47972 0.52813 87.81788
7157.87971 16.13683 0.47593 0.52240 87.52511
7156.56254 15.88705 0.47001 0.51431 86.73516
7155.52697 15.62416 0.46336 0.50580 85.62232
7155.05568 15.47681 0.45940 0.50103 84.87289
7154.34896 15.31664 0.45563 0.49585 84.23049
7153.53053 15.13094 0.45128 0.48983 83.49375
7152.73879 14.97932 0.44812 0.48493 82.95982
7152.09579 14.86458 0.44589 0.48121 82.61848
0.00000 0.00000 0.00000 0.00000 0.00000
