7355.71610 239.57144 7.82825 7.75565 1139.91668
7355.72069 239.60804 7.82944 7.75683 1140.06211
7355.59406 238.61929 7.79740 7.72482 1136.20437
7355.46751 237.60711 7.76450 7.69206 1132.22571
7355.33929 236.57904 7.73113 7.65877 1128.22020
7355.21287 235.47785 7.69545 7.62312 1123.99950
7355.12436 234.44380 7.66169 7.58965 1120.37473
7355.02466 233.47899 7.63388 7.55842 1117.08009
7354.92203 232.46522 7.60069 7.52560 1113.48664
7354.82589 231.49499 7.56919 7.49419 1110.03466
7354.71482 230.53078 7.53785 7.46297 1106.52832
7354.73858 230.70642 7.54355 7.46866 1107.21193
7354.58433 229.71143 7.51132 7.43645 1103.10001
7354.42348 228.64811 7.47680 7.40203 1098.82260
7354.28669 227.60246 7.44289 7.36817 1094.81971
7354.15086 226.59218 7.41003 7.33547 1090.97897
7354.02623 225.61766 7.37948 7.30392 1087.55252
7353.88590 224.66219 7.35087 7.27299 1083.98185
7353.73739 223.65980 7.31816 7.24054 1080.15105
7353.73849 223.66374 7.31829 7.24067 1080.17195
7353.58716 222.69270 7.28677 7.20923 1076.50493
7353.42549 221.64913 7.25285 7.17545 1072.49465
7353.27298 220.55520 7.21739 7.14003 1068.70949
7353.14695 219.49063 7.18277 7.10557 1065.36679
7353.03612 218.52371 7.15128 7.07427 1062.36561
7352.91356 217.60504 7.12144 7.04453 1059.41350
7352.77502 216.68109 7.09139 7.01462 1056.32101
7352.83932 216.98941 7.10104 7.02460 1057.59158
7352.57409 215.98990 7.07216 6.99224 1052.72865
7352.34340 214.76930 7.03267 6.95273 1048.08461
7352.16432 213.71934 6.99856 6.91874 1044.43645
7352.00595 212.76984 6.96765 6.88800 1041.32612
7351.82505 211.83603 6.93737 6.85777 1037.98126
7351.84115 211.87559 6.93862 6.85905 1038.23809
7351.62378 211.10573 6.91397 6.83413 1034.70851
7351.34794 209.92090 6.87599 6.79577 1030.64366
7351.12582 208.79819 6.83983 6.75942 1027.15836
7350.94950 207.82820 6.81006 6.72802 1024.20744
7350.80866 207.17299 6.79104 6.70681 1021.87915
7350.81670 207.24325 6.79331 6.70909 1022.02192
7350.48762 206.07307 6.75585 6.67120 1016.51670
7350.22655 204.89587 6.71824 6.63309 1012.33501
7350.01756 203.89203 6.68597 6.60060 1009.10705
7349.80348 202.91946 6.65469 6.56911 1005.87065
7349.87498 203.19851 6.66359 6.57815 1006.92921
7349.55953 202.10990 6.62894 6.54290 1002.24727
7349.26785 200.87683 6.58934 6.50299 998.00071
7349.05635 199.77541 6.55360 6.46733 995.05580
7348.87142 198.82514 6.52369 6.43657 992.63693
7348.86737 198.78093 6.52243 6.43513 992.59644
7348.69179 198.24389 6.50791 6.41775 990.04010
7348.37475 197.11825 6.47243 6.38131 985.74621
7348.09509 196.03573 6.43779 6.34626 982.07570
7347.84175 195.00968 6.40493 6.31305 978.95262
7347.94109 195.34076 6.41544 6.32377 980.25975
7347.57924 194.28516 6.38224 6.28959 975.35213
7347.25712 193.13438 6.34543 6.25234 971.44499
7346.98123 192.13583 6.31332 6.22001 968.16640
7346.93734 191.95910 6.30759 6.21429 967.68247
7346.72106 191.38561 6.28941 6.19573 964.81707
7346.33907 190.16534 6.25174 6.15622 960.15436
7346.06202 189.10559 6.21990 6.12192 957.10562
7345.93376 188.66093 6.20588 6.10752 955.74420
7345.86936 188.54253 6.20249 6.10369 954.84960
7345.42782 187.31328 6.16694 6.06389 949.48652
7345.10046 186.17854 6.12968 6.02716 946.18395
7344.95296 185.68093 6.11199 6.01105 944.75597
7344.91319 185.64090 6.11089 6.00975 944.13067
7344.44678 184.43340 6.07615 5.97066 938.62123
7344.06846 183.26528 6.04141 5.93285 934.81241
7343.95773 182.88881 6.02960 5.92066 933.81828
7343.79897 182.50410 6.01774 5.90821 931.95511
7343.39037 181.36840 5.98484 5.87144 927.51060
7343.05310 180.33104 5.95125 5.83786 924.69145
7343.10409 180.44189 5.95479 5.84145 925.22222
7342.70269 179.58791 5.92820 5.81380 921.05339
7342.25661 178.29550 5.88851 5.77196 918.15819
7341.92427 177.24538 5.85368 5.73796 915.39499
7342.14048 177.79482 5.87138 5.75575 917.70288
7341.58952 176.60879 5.83594 5.71736 911.25693
7341.15764 175.37439 5.80099 5.67740 907.79849
7341.08053 175.13439 5.79390 5.66963 907.29136
7340.83998 174.66760 5.78153 5.65451 904.50848
7340.40975 173.54470 5.74623 5.61816 900.72600
7340.05729 172.67814 5.71493 5.59011 897.55909
7340.17064 172.94388 5.72409 5.59871 898.72459
7339.52931 171.61791 5.68928 5.55579 891.33612
7339.08942 170.33961 5.64920 5.51440 888.64710
7339.24512 170.65213 5.65989 5.52452 890.25444
7338.82107 169.94798 5.63488 5.50173 885.13139
7338.26298 168.68578 5.59343 5.46086 880.07722
7338.20456 168.52834 5.58872 5.45577 879.69397
7337.82934 167.83871 5.57067 5.43344 875.64453
7337.31698 166.65697 5.53336 5.39519 871.48149
7337.18365 166.32584 5.52164 5.38447 870.57666
7336.87660 165.77256 5.49958 5.36656 867.34743
7336.36678 164.54021 5.45346 5.32666 863.95150
7336.08153 163.80339 5.43493 5.30281 861.89462
7336.18344 164.06875 5.44110 5.31140 862.62816
7335.49299 162.74089 5.40322 5.26841 855.72671
7335.01069 161.50518 5.36136 5.22841 853.41668
7335.32969 162.17766 5.38348 5.25018 855.83591
7334.65252 161.00053 5.34527 5.21207 849.36980
7334.21438 160.07802 5.31602 5.18221 846.74997
7334.16322 160.03816 5.31450 5.18092 845.97297
7333.54659 158.83822 5.27157 5.14207 842.03286
7333.19110 158.04849 5.24627 5.11650 840.38955
7333.15440 158.04126 5.24586 5.11627 839.60064
7332.49298 156.75404 5.20153 5.07460 834.34809
7332.10736 155.81421 5.16969 5.04417 833.08920
7332.27374 156.18945 5.18242 5.05632 833.81792
7331.57347 154.96307 5.14281 5.01662 827.76399
7331.28137 154.31471 5.12461 4.99563 825.82318
7331.14905 154.18242 5.12009 4.99135 823.84945
7330.49294 152.98126 5.07938 4.95246 818.87802
7330.41914 152.80253 5.07331 4.94668 818.73748
7329.96255 152.14347 5.04992 4.92534 813.89041
7329.34740 150.96140 5.00999 4.88707 810.24018
7329.58214 151.34860 5.02311 4.89961 812.19144
7328.73351 150.12825 4.98121 4.86010 803.39383
7328.18412 148.95999 4.94366 4.82228 801.63912
7328.29205 149.21630 4.95190 4.83058 801.68972
7327.62924 148.08493 4.91477 4.79395 796.87313
7327.42761 147.69759 4.90190 4.78141 795.90578
7327.04880 147.16321 4.88306 4.76411 792.21952
7326.42773 146.01780 4.84715 4.72703 788.28104
7326.54368 146.20693 4.85259 4.73316 789.34814
7325.74670 145.02910 4.81458 4.69503 782.48714
7325.09846 143.61673 4.76866 4.64930 783.84062
7325.57625 144.45987 4.79620 4.67660 784.46513
7324.77692 143.32109 4.75848 4.63973 779.55112
7324.49508 142.81080 4.74140 4.62321 778.26456
7324.09421 142.28921 4.72343 4.60633 774.08387
7323.40751 141.11583 4.68446 4.56834 770.84075
7323.62042 141.44726 4.69566 4.57907 772.15928
7322.71110 140.16856 4.65221 4.53768 764.72479
7322.25648 139.22066 4.62074 4.50699 764.93980
7322.25292 139.29187 4.62296 4.50930 763.93424
7321.57902 138.20787 4.58716 4.47420 760.44220
7321.82054 138.51005 4.59734 4.48399 762.77541
7321.18638 137.80936 4.57325 4.46130 755.54583
7320.79515 137.30939 4.55682 4.44512 751.79495
7319.99649 136.31879 4.52588 4.41305 743.03781
7319.32441 135.11782 4.48631 4.37417 741.65218
7319.53598 135.48121 4.49841 4.38593 742.18470
7318.75587 134.37574 4.46106 4.35015 737.21058
7318.69271 134.24180 4.45667 4.34581 737.46779
7318.04856 133.46027 4.43022 4.32051 731.57147
7317.58752 132.70677 4.40527 4.29612 730.20706
7317.42304 132.57663 4.40066 4.29190 727.71862
7316.60432 131.41965 4.36155 4.25445 723.16941
7316.57844 131.38676 4.36043 4.25338 723.00695
7315.82794 130.31964 4.32499 4.21884 721.63780
7315.68267 130.04013 4.31594 4.20979 722.24089
7315.18457 129.48861 4.29696 4.19193 717.32396
7314.53183 128.47087 4.26486 4.15899 714.62795
7314.67674 128.71335 4.27181 4.16684 715.17030
7313.81608 127.63921 4.23768 4.13206 707.90811
7313.87255 127.70207 4.23973 4.13410 708.48766
7313.08947 126.80207 4.20942 4.10496 701.47989
7312.91338 126.60283 4.20256 4.09851 699.93117
7312.12812 125.71228 4.17217 4.06968 693.11923
7311.73348 125.18820 4.15447 4.05272 691.04337
7311.22824 124.57514 4.13370 4.03287 687.36890
7310.72194 123.88724 4.11059 4.01060 685.08364
7310.57002 123.72979 4.10515 4.00550 683.56642
7309.80895 122.81208 4.07399 3.97580 678.30528
7309.40563 122.28703 4.05622 3.95880 676.20780
7308.73027 121.25247 4.02158 3.92531 675.67366
7308.71456 121.21496 4.02035 3.92409 675.92015
7308.23031 120.63536 4.00058 3.90533 672.81138
7307.84596 120.14087 3.98477 3.88932 671.04363
7307.58269 119.86972 3.97620 3.88054 668.91300
7306.85417 119.06304 3.95037 3.85443 663.87511
7306.28758 118.31775 3.92540 3.83030 661.09472
7305.60549 117.29793 3.89127 3.79729 661.17998
7305.81309 117.58340 3.90083 3.80653 661.48608
7305.03401 116.64700 3.86906 3.77621 657.26655
7304.91142 116.48077 3.86346 3.77083 656.94125
7304.30879 115.83275 3.84119 3.74985 651.96609
7303.87032 115.33427 3.82406 3.73372 648.99845
7303.34113 114.71512 3.80290 3.71367 645.93992
7302.79470 114.07596 3.78112 3.69298 642.85010
7302.32713 113.47939 3.76092 3.67367 641.08951
7301.68482 112.61760 3.73180 3.64577 639.93336
7301.57193 112.49450 3.72759 3.64178 639.12173
7300.80262 111.46450 3.69236 3.60844 638.27682
7301.05367 111.74780 3.70225 3.61761 639.64214
7300.28618 110.98045 3.67768 3.59277 631.43408
7299.93219 110.61576 3.66621 3.58096 627.86588
7299.17922 109.75838 3.63701 3.55321 623.37624
7298.83739 109.37792 3.62393 3.54089 621.75465
7298.18806 108.58919 3.59727 3.51536 622.18513
7297.96648 108.29145 3.58725 3.50572 622.78636
7297.72715 108.08000 3.57988 3.49887 620.24935
7297.16667 107.55842 3.56164 3.48199 614.18776
7296.56864 106.95464 3.54072 3.46244 609.63496
7295.97456 106.35457 3.51991 3.44302 605.10196
7295.28825 105.55383 3.49237 3.41709 602.54474
7294.79710 104.90378 3.47028 3.39605 602.61067
7294.92687 105.05876 3.47559 3.40107 602.99578
7294.20198 104.39399 3.45231 3.37955 596.09740
7293.77047 103.95636 3.43713 3.36538 592.98305
7293.07977 103.27500 3.41338 3.34332 587.65915
7292.57370 102.72778 3.39434 3.32561 584.99651
7291.91000 101.96316 3.36817 3.30085 582.60831
7291.86463 101.91966 3.36678 3.29945 582.12006
7291.10392 101.15464 3.34312 3.27468 574.49052
7290.96981 101.01883 3.33849 3.27028 573.40836
7290.17706 100.26996 3.31197 3.24604 567.68448
7289.74305 99.82826 3.29677 3.23174 566.90822
7288.98377 99.01047 3.26846 3.20527 563.83001
7288.86626 98.88309 3.26403 3.20114 563.19500
7288.06654 98.06897 3.23553 3.17479 558.24966
7287.87427 97.86600 3.22842 3.16822 557.27464
7287.10679 97.07387 3.20075 3.14257 552.88379
7287.12247 97.10399 3.20176 3.14355 552.59219
7286.19769 96.26180 3.17203 3.11628 544.13942
7285.86015 95.90205 3.15948 3.10464 542.55277
7285.10718 95.16300 3.13343 3.08071 537.46268
7284.77632 94.81456 3.12125 3.06943 535.69047
7284.06701 94.06389 3.09484 3.04513 532.54975
7284.12425 94.12796 3.09712 3.04720 532.68932
7283.26226 93.37204 3.07102 3.02273 523.63691
7282.83641 92.94365 3.05793 3.00886 519.31466
7282.13120 92.26742 3.03496 2.98697 513.35306
7281.70725 91.82685 3.01930 2.97271 511.23933
7281.11684 91.20918 2.99776 2.95271 508.53129
7281.01528 91.12662 2.99486 2.95004 507.67005
7280.28425 90.49299 2.97276 2.92953 503.55228
7279.82554 90.04937 2.95711 2.91517 500.15385
7279.21658 89.51592 2.93831 2.89790 493.96043
7278.49571 88.78760 2.91297 2.87432 489.89388
7278.12217 88.36526 2.89837 2.86065 488.91146
7277.77834 88.07251 2.88823 2.85117 485.33251
7277.17213 87.51657 2.86904 2.83317 480.29602
7276.68961 87.02660 2.85249 2.81731 477.24858
7276.33366 86.74522 2.84321 2.80820 472.90068
7275.48366 85.95992 2.81675 2.78278 465.79352
7275.25360 85.71856 2.80838 2.77497 464.67338
7274.55457 85.10385 2.78900 2.75507 457.92790
7274.33250 84.91574 2.78358 2.74898 455.80493
7273.38680 84.07448 2.76102 2.72174 446.06300
7273.27148 83.97363 2.75880 2.71848 444.46297
7272.26133 83.04994 2.73460 2.68858 435.94991
7272.31301 83.09432 2.73604 2.69001 436.25078
7271.33032 82.23742 2.70922 2.66227 428.58310
7271.03378 81.96250 2.70203 2.65337 425.78841
7270.19961 81.17412 2.68697 2.62785 419.37049
7270.01690 80.99933 2.68363 2.62219 417.95716
7269.25903 80.30810 2.64799 2.59981 411.36705
7268.86755 79.94553 2.61765 2.58808 408.12230
7268.09181 79.19906 2.56798 2.56391 402.32298
7267.60986 78.67751 2.55508 2.54703 400.00175
7266.95830 77.95983 2.53832 2.52379 397.23273
7266.86391 77.86058 2.53525 2.52058 396.77301
7266.10241 77.11854 2.50828 2.49656 391.29639
7265.69710 76.68937 2.49413 2.48267 389.09159
7264.97162 75.89521 2.46514 2.45696 385.97390
7264.69829 75.61236 2.45553 2.44780 383.71526
7263.84711 74.62460 2.42241 2.41582 379.03684
7263.81032 74.58298 2.42083 2.41447 378.90622
7262.94367 73.58852 2.38373 2.38228 378.49468
7262.64043 73.22758 2.37024 2.37060 378.55522
7261.97945 72.33153 2.33673 2.34159 379.57444
7261.88994 72.22881 2.33288 2.33826 379.21192
7261.18850 71.45165 2.30378 2.31310 376.26637
7260.55992 70.59230 2.27235 2.28528 377.23943
7260.22142 70.11217 2.25478 2.26974 378.38561
7259.52734 69.09093 2.21783 2.23668 381.51631
7259.71992 69.35143 2.22715 2.24511 381.15642
7258.96331 68.40447 2.19336 2.21446 380.87582
7258.48526 67.78739 2.17164 2.19448 381.20975
7257.91881 66.87778 2.13984 2.16503 386.49576
7257.37498 65.98237 2.11246 2.13605 390.01805
7257.35392 65.96041 2.11183 2.13534 389.83399
7256.71135 64.94763 2.07835 2.10255 395.30461
7256.48738 64.59817 2.06689 2.09124 397.43150
7256.12901 64.08862 2.05027 2.07474 399.58731
7255.49743 63.15902 2.02014 2.04465 404.28130
7255.30846 62.87488 2.01099 2.03545 405.68247
7254.73699 61.93428 1.98079 2.00500 414.08237
7254.57428 61.70869 1.97360 1.99770 415.73963
7254.00603 60.91976 1.94820 1.97216 420.65144
7253.32365 59.74525 1.91037 1.93413 430.03557
7253.48987 60.01211 1.91902 1.94277 428.31460
7252.83250 59.04270 1.88763 1.91139 432.89845
7252.49563 58.54758 1.87113 1.89536 435.45585
7252.13636 58.02034 1.85418 1.87829 437.31991
7251.47511 57.03021 1.82443 1.84624 439.15881
7251.53847 57.12530 1.82757 1.84932 438.76551
7250.84374 56.14632 1.79419 1.81762 441.95507
7250.70211 55.95768 1.78780 1.81152 442.22573
7250.26553 55.41823 1.76929 1.79405 442.07934
7249.87125 54.96057 1.75340 1.77924 441.28446
7249.51166 54.56252 1.73951 1.76635 440.11909
7248.95146 53.94111 1.71775 1.74624 438.45051
7248.71181 53.69357 1.70906 1.73822 437.34632
7248.08273 53.04892 1.68632 1.71735 434.41787
7247.80238 52.78015 1.67680 1.70865 432.76297
7247.13325 52.12121 1.65347 1.68732 429.40959
7246.92966 51.92238 1.64641 1.68088 428.43670
7246.41123 51.47554 1.63053 1.66642 424.55555
7245.95371 51.10524 1.61738 1.65443 420.69734
7245.58955 50.82055 1.60721 1.64521 418.40428
7244.77561 50.20636 1.58540 1.62533 413.41558
7244.98533 50.35088 1.59052 1.63001 415.29912
7243.95664 49.71770 1.56797 1.60951 403.64649
7243.41261 49.35799 1.55489 1.59787 398.58353
7242.87233 49.00161 1.54238 1.58633 393.36518
7241.88809 48.35376 1.52210 1.56536 382.84403
7241.42142 48.00514 1.51106 1.55407 378.79346
7240.42242 47.17181 1.48181 1.52709 373.65503
7240.24882 47.02875 1.47682 1.52246 372.72098
7239.40291 46.32624 1.45226 1.49972 368.27563
7239.05116 46.02146 1.44153 1.48985 366.70978
7238.51021 45.58307 1.42610 1.47566 363.78925
7237.92619 45.12847 1.41006 1.46094 360.24962
7237.79319 45.01961 1.40619 1.45742 359.46689
7236.86811 44.41188 1.38469 1.43775 353.25946
7236.59228 44.22384 1.37808 1.43166 351.98169
7235.70258 43.57732 1.35514 1.41073 346.38268
7235.50878 43.42882 1.34993 1.40592 345.27198
7235.55205 43.45724 1.35093 1.40684 345.59608
7234.54153 43.03102 1.33577 1.39304 334.30573
7233.70871 42.61009 1.32098 1.37942 326.41225
7233.43586 42.46955 1.31608 1.37487 323.94171
7232.36233 41.95762 1.29828 1.35829 313.79560
7231.38160 41.41252 1.27961 1.34065 306.00330
7230.69056 40.93326 1.26298 1.32513 302.16469
7229.68182 40.20222 1.23901 1.30147 296.48183
7229.63395 40.16701 1.23797 1.30033 296.17133
7228.60701 39.40546 1.21465 1.27567 289.87311
7228.17482 39.06599 1.20280 1.26468 288.04615
7227.51982 38.54622 1.18471 1.24786 286.45449
7226.95480 38.10380 1.16946 1.23353 284.44435
7226.89861 38.04710 1.16751 1.23170 284.32849
7226.06344 37.54252 1.14984 1.21536 278.52412
7226.21381 37.62701 1.15280 1.21810 279.60256
7225.50152 37.28326 1.14066 1.20697 273.83661
7224.50160 36.83006 1.12473 1.19230 265.53095
7224.19272 36.67341 1.11928 1.18723 263.24429
7223.45283 36.34532 1.10782 1.17661 257.32063
7222.27911 35.75318 1.08734 1.15744 249.08539
7221.55705 35.32695 1.07280 1.14364 244.85954
7220.95312 34.91779 1.05873 1.13039 241.94567
7220.12688 34.42759 1.04200 1.11452 237.21944
7220.39221 34.57126 1.04690 1.11918 238.91020
7219.40516 34.08575 1.03033 1.10346 232.65656
7218.43641 33.60994 1.01414 1.08805 227.52174
7218.44577 33.61472 1.01431 1.08821 227.57926
7217.44670 33.13484 0.99808 1.07267 221.19684
7216.42792 32.64640 0.98154 1.05686 215.04416
7216.22334 32.53844 0.97791 1.05337 213.90442
7215.33362 32.07132 0.96221 1.03824 208.99342
7214.37697 31.59517 0.94582 1.02283 203.78994
7214.22682 31.51703 0.94326 1.02030 202.97968
7213.28204 31.00902 0.92711 1.00385 197.93190
7212.39773 30.55593 0.91397 0.98919 192.94361
7212.31247 30.51098 0.91265 0.98773 192.48139
7211.30994 29.99400 0.89585 0.97100 187.45460
7210.46575 29.55586 0.88089 0.95681 183.38984
7210.61781 29.62849 0.88335 0.95916 184.10670
7209.48639 29.14023 0.86699 0.94336 179.10452
7208.34430 28.56401 0.84771 0.92470 173.74974
7208.08089 28.42093 0.84289 0.92007 172.62503
7207.00049 27.78986 0.82165 0.89964 168.16050
7206.22877 27.28974 0.80469 0.88345 165.21511
7206.25078 27.28346 0.80448 0.88325 165.38247
7205.60623 26.96075 0.79353 0.87280 162.56701
7205.16976 26.81375 0.78852 0.86804 160.43418
7205.29636 26.85475 0.78993 0.86937 161.05353
7204.35501 26.60569 0.78152 0.86131 156.35874
7203.17876 26.30597 0.77165 0.85160 150.85152
7201.92763 25.88098 0.75789 0.83784 145.66871
7201.49923 25.70993 0.75234 0.83231 144.28717
7200.77777 25.41243 0.74280 0.82268 141.85302
7199.73031 25.01767 0.73026 0.80990 137.96374
7198.71041 24.56272 0.71561 0.79517 134.46227
7197.91968 24.10504 0.70071 0.78035 131.90521
7196.89373 23.44162 0.67895 0.75888 128.65271
7196.75256 23.35200 0.67593 0.75597 128.20451
7196.17641 23.00273 0.66417 0.74467 126.35854
7195.33678 22.56857 0.65045 0.73061 123.62503
7196.34772 22.93886 0.66195 0.74260 127.02538
7195.63232 22.77665 0.65683 0.73735 124.56458
7194.72231 22.62197 0.65233 0.73234 121.60861
7193.39224 22.36759 0.64565 0.72411 117.66606
7191.96964 21.93013 0.63382 0.70994 114.03626
7190.72159 21.35041 0.61557 0.69118 110.65071
7189.98469 20.86142 0.59952 0.67535 108.49346
7189.19107 20.41019 0.58501 0.66074 106.28196
7189.20040 20.41590 0.58519 0.66092 106.30859
7188.54374 20.04108 0.57303 0.64879 104.46107
7187.94983 19.84840 0.56685 0.64255 103.02773
7188.06016 19.88163 0.56791 0.64363 103.28605
7187.33673 19.68912 0.56179 0.63740 101.64842
7186.17721 19.39014 0.55237 0.62772 99.19590
7184.86810 18.95165 0.53858 0.61352 96.38803
7184.01526 18.58720 0.52686 0.60172 94.44711
7183.48641 18.32515 0.51833 0.59324 93.24240
7182.54362 17.90319 0.50478 0.57958 91.07529
7181.86704 17.59803 0.49498 0.56970 89.53414
7181.66612 17.49693 0.49172 0.56643 89.04755
7180.99012 17.22239 0.48284 0.55754 87.58484
7180.35283 17.05054 0.47740 0.55198 86.48817
7179.82927 16.93701 0.47390 0.54830 85.68833
7179.68079 16.90621 0.47295 0.54730 85.47381
7178.68219 16.72715 0.46773 0.54151 84.15191
7177.45192 16.48919 0.46105 0.53380 82.56759
7176.00090 16.08394 0.44910 0.52069 80.38710
7174.87025 15.62665 0.43494 0.50588 78.21539
7174.60217 15.49357 0.43079 0.50157 77.62135
7173.73493 15.13302 0.41980 0.48990 75.96354
7172.79658 14.77494 0.40883 0.47831 74.27537
7172.68539 14.73054 0.40743 0.47687 74.06933
7172.00230 14.47833 0.39948 0.46871 72.89631
7171.11643 14.20754 0.39106 0.45994 71.59028
7170.09629 13.89358 0.38123 0.44978 70.06707
7169.73440 13.77489 0.37766 0.44593 69.52043
7169.14751 13.57158 0.37153 0.43935 68.59275
7168.36941 13.36252 0.36579 0.43259 67.67071
7167.43754 13.14805 0.36040 0.42564 66.76116
7166.41109 12.90152 0.35447 0.41766 65.72761
7166.45016 12.90943 0.35464 0.41792 65.75888
7165.53888 12.70358 0.34952 0.41125 64.87132
7164.47061 12.48653 0.34412 0.40423 63.87198
7163.31422 12.19387 0.33589 0.39475 62.46580
7162.26224 11.90990 0.32757 0.38556 61.04760
7161.99446 11.83253 0.32533 0.38305 60.66228
7161.42406 11.66211 0.32046 0.37754 59.82318
7160.69513 11.52140 0.31702 0.37298 59.13354
7159.79540 11.37575 0.31396 0.36827 58.39204
7158.72975 11.20962 0.31055 0.36289 57.54462
7157.57091 10.98979 0.30544 0.35577 56.39856
7156.92859 10.82463 0.30101 0.35043 55.54154
7156.31723 10.63858 0.29576 0.34440 54.57145
7155.46362 10.44247 0.29103 0.33805 53.52023
7154.55416 10.23684 0.28621 0.33140 52.40139
7153.65804 10.06455 0.28263 0.32582 51.43078
7152.97648 9.94275 0.28019 0.32188 50.72644
0.00000 0.00000 0.00000 0.00000 0.00000
