7303.88662 154.25544 5.12629 4.99371 596.61512
7303.51050 153.28906 5.09650 4.96243 595.96739
7303.95526 154.16271 5.12403 4.99071 598.35433
7303.44658 153.37075 5.09850 4.96507 594.33946
7302.73956 151.88510 5.05110 4.91698 591.94341
7303.56749 153.25064 5.09571 4.96118 597.21294
7302.82106 152.28994 5.06352 4.93008 590.68113
7302.16124 151.19754 5.02754 4.89472 586.35886
7301.72731 150.53582 5.00565 4.87330 583.31681
7301.00681 149.15814 4.96114 4.82870 580.42137
7300.99789 149.10139 4.95941 4.82686 580.67028
7300.63109 148.53396 4.94042 4.80849 578.25089
7299.99721 147.33367 4.90145 4.76963 575.51776
7300.64679 148.33631 4.93461 4.80209 579.89757
7300.09264 147.64437 4.91092 4.77969 574.96571
7299.54430 146.88227 4.88651 4.75502 570.77713
7298.92719 146.01191 4.85949 4.72684 566.70640
7298.21486 144.84525 4.82206 4.68908 563.51474
7298.44670 145.21167 4.83410 4.70094 564.55852
7297.67356 144.08796 4.79666 4.66456 560.10358
7297.34611 143.55011 4.77899 4.64715 558.42079
7296.63901 142.49283 4.74397 4.61292 553.86683
7295.95911 141.13836 4.70039 4.56907 552.58472
7296.68489 142.26762 4.73761 4.60563 556.47286
7296.38818 141.94011 4.72633 4.59503 553.69459
7295.76682 141.16572 4.70012 4.56996 548.90158
7294.94129 140.03588 4.66237 4.53338 543.57217
7294.18843 138.81004 4.62232 4.49370 540.51058
7294.36845 139.09817 4.63177 4.50303 541.21985
7293.61118 137.96764 4.59471 4.46643 537.49221
7293.60258 137.87709 4.59214 4.46350 538.03389
7293.64575 138.01011 4.59607 4.46780 537.79525
7292.82609 136.98783 4.56321 4.43471 530.81657
7292.47659 136.54180 4.54870 4.42027 528.03852
7291.71414 135.51133 4.51466 4.38691 523.29216
7291.37626 135.04802 4.49920 4.37191 521.45222
7290.71087 134.04900 4.46631 4.33957 518.91868
7290.61135 133.86635 4.46045 4.33366 518.87517
7290.58546 133.88155 4.46076 4.33415 518.32059
7289.85214 132.96214 4.43007 4.30438 514.59731
7289.66345 132.73421 4.42241 4.29700 513.58508
7288.87170 131.72407 4.38860 4.26430 509.10077
7288.67944 131.48602 4.38058 4.25660 507.74786
7287.91738 130.46753 4.34627 4.22363 502.98852
7287.71651 130.18332 4.33670 4.21442 501.97213
7287.26973 129.62666 4.31767 4.19640 499.31664
7286.71491 128.88629 4.29324 4.17244 496.35790
7286.45295 128.56251 4.28283 4.16195 494.59319
7285.65181 127.48745 4.24903 4.12715 489.71798
7285.99524 127.92142 4.26281 4.14120 491.99647
7285.13904 126.90433 4.22947 4.10827 486.17935
7284.61963 126.24677 4.20706 4.08699 483.36457
7283.96155 125.34391 4.17677 4.05776 480.08604
7283.55839 124.77563 4.15792 4.03936 478.34520
7283.29541 124.42775 4.14627 4.02810 477.13588
7282.61777 123.49999 4.11521 3.99807 474.10805
7283.43349 124.46537 4.14813 4.02932 479.03386
7282.46197 123.46675 4.11336 3.99699 471.77603
7281.71913 122.60775 4.08400 3.96918 467.01152
7280.98913 121.66393 4.05213 3.93863 463.77486
7280.82528 121.47161 4.04551 3.93240 463.05599
7280.17563 120.64334 4.01770 3.90559 460.55145
7280.01008 120.41986 4.01047 3.89835 459.91600
7279.73490 120.12835 4.00091 3.88892 458.14802
7279.04149 119.33542 3.97547 3.86325 453.70309
7278.60254 118.80340 3.95823 3.84602 450.70984
7277.91078 117.95786 3.92933 3.81865 447.24221
7277.27895 117.13382 3.90142 3.79197 444.24594
7276.61215 116.13333 3.86824 3.75958 442.49759
7277.24240 116.92157 3.89494 3.78510 445.46223
7276.63571 116.29188 3.87306 3.76472 441.57193
7276.04149 115.62600 3.85003 3.74316 437.98872
7275.56894 115.05847 3.83053 3.72479 435.48394
7275.12389 114.58488 3.81406 3.70946 432.74670
7274.39285 113.70294 3.78404 3.68091 429.04376
7274.00189 113.19584 3.76672 3.66449 427.39111
7274.16495 113.40230 3.77383 3.67117 428.10699
7273.34684 112.55130 3.74369 3.64362 423.16060
7272.89000 112.03711 3.72594 3.62698 420.59153
7272.13558 111.17992 3.69828 3.59923 416.47238
7271.91049 110.92307 3.68999 3.59091 415.34717
7271.04238 109.89965 3.65630 3.55778 411.43886
7271.32783 110.21892 3.66724 3.56812 412.89757
7270.40087 109.22848 3.63254 3.53605 407.83172
7269.78885 108.51343 3.60760 3.51291 404.78646
7269.20164 107.75776 3.58187 3.48844 402.34340
7269.26925 107.85645 3.58518 3.49164 402.52543
7268.65718 107.18760 3.56192 3.46998 399.47243
7268.26087 106.75995 3.54692 3.45614 397.21291
7267.70130 106.14311 3.52528 3.43617 394.29736
7267.23295 105.62995 3.50732 3.41956 391.76148
7266.71497 105.05579 3.48736 3.40097 388.98705
7266.24438 104.51815 3.46885 3.38357 386.74790
7266.22357 104.49909 3.46817 3.38295 386.62007
7265.66964 103.96347 3.44915 3.36561 383.30344
7265.25888 103.56318 3.43483 3.35265 380.92258
7264.49768 102.81782 3.40792 3.32852 377.11105
7263.80620 102.07158 3.38212 3.30436 373.66882
7263.24773 101.43781 3.36144 3.28385 371.41363
7263.32056 101.51858 3.36412 3.28646 371.73653
7262.54232 100.76246 3.33905 3.26198 367.66084
7261.83399 99.99793 3.31281 3.23723 364.34626
7261.09911 99.15097 3.28306 3.20981 360.63889
7261.08163 99.13169 3.28238 3.20919 360.55396
7260.29654 98.27659 3.25233 3.18151 356.99270
7260.56301 98.55159 3.26201 3.19041 358.22802
7259.62134 97.63936 3.22970 3.16088 353.62695
7259.37536 97.38161 3.22066 3.15253 352.46505
7258.53084 96.53044 3.19076 3.12498 348.38184
7258.31029 96.30576 3.18291 3.11771 347.37552
7257.44845 95.40700 3.15172 3.08861 343.50396
7257.72958 95.68690 3.16153 3.09767 344.77421
7256.81088 94.83165 3.13128 3.06998 340.46755
7256.98336 94.97693 3.13649 3.07469 341.32910
7256.02479 94.17377 3.10790 3.04869 336.70318
7255.09164 93.26332 3.07763 3.01921 332.60018
7254.47093 92.59945 3.05686 2.99772 330.13477
7254.62120 92.75562 3.06175 3.00278 330.71839
7253.74526 91.96126 3.03649 2.97706 327.28130
7253.00386 91.20119 3.01162 2.95246 324.09991
7252.37579 90.52802 2.98964 2.93066 321.61870
7252.37498 90.52603 2.98958 2.93060 321.61612
7251.69911 89.88370 2.96895 2.90980 318.93845
7251.49605 89.67889 2.96252 2.90317 318.12642
7250.78987 89.04344 2.94286 2.88260 315.41284
7250.10337 88.36329 2.92222 2.86058 312.89281
7249.58448 87.83207 2.90625 2.84339 310.90880
7249.42938 87.68581 2.90182 2.83865 310.38620
7248.91264 87.22105 2.88814 2.82361 308.53052
7248.56494 86.89905 2.87920 2.81318 307.21698
7248.16708 86.58035 2.87084 2.80287 305.84388
7247.20246 85.73926 2.85019 2.77564 302.84551
7246.54003 85.09660 2.83038 2.75483 300.63061
7245.84783 84.39756 2.81133 2.73220 298.14802
7245.34922 83.90087 2.80499 2.71612 296.50025
7244.46081 82.92408 2.80264 2.68450 293.84852
7244.03218 82.41169 2.80220 2.66791 292.36112
7243.62262 81.94510 2.77332 2.65281 290.75830
7243.13567 81.40181 2.73293 2.63522 289.00205
7242.68801 80.88839 2.69973 2.61860 287.40770
7241.99243 80.09152 2.65868 2.59280 284.91813
7241.40648 79.35486 2.62806 2.56895 282.82635
7240.63235 78.32413 2.56195 2.53559 279.92686
7240.90296 78.66842 2.58236 2.54673 280.87558
7240.05329 77.63895 2.53319 2.51341 277.86926
7239.64495 77.12221 2.50826 2.49668 276.40522
7239.05616 76.33235 2.47725 2.47111 274.30688
7238.60313 75.74677 2.45282 2.45215 272.76676
7238.33900 75.36846 2.43773 2.43990 271.86260
7237.85563 74.76571 2.41753 2.42039 270.33090
7237.07782 73.73133 2.37769 2.38690 267.87024
7236.46558 72.72725 2.34337 2.35440 266.27774
7236.36026 72.62191 2.33960 2.35099 265.97877
7235.60956 71.44978 2.29848 2.31304 264.10962
7234.99027 70.38271 2.26231 2.27850 263.24304
7235.03346 70.46431 2.26508 2.28114 263.26609
7234.55683 69.66627 2.23768 2.25531 262.73183
7234.29482 69.31548 2.22581 2.24395 262.28895
7233.67437 68.31190 2.19231 2.21146 262.04789
7233.09095 67.28993 2.15849 2.17838 262.67387
7233.08072 67.28804 2.15844 2.17832 262.60243
7232.57638 66.44910 2.13136 2.15116 263.18087
7232.17885 65.80049 2.11285 2.13016 263.25077
7232.13632 65.75704 2.11153 2.12875 263.14561
7231.50425 64.78033 2.07929 2.09713 264.16800
7231.49835 64.78469 2.07943 2.09727 264.07447
7230.78095 63.77331 2.04610 2.06453 264.79297
7230.14540 62.75268 2.01220 2.03149 266.83999
7230.03296 62.58588 2.00660 2.02609 267.09475
7229.41119 61.59263 1.97346 1.99394 269.49577
7229.49924 61.71372 1.97751 1.99786 269.34638
7229.11956 61.21279 1.96066 1.98164 269.78401
7228.58632 60.49363 1.93643 1.95836 270.54340
7228.17514 59.93146 1.91740 1.94016 271.35983
7227.47060 58.89593 1.88234 1.90664 275.03533
7227.52703 58.98561 1.88541 1.90954 274.62077
7226.96110 58.19835 1.85821 1.88406 276.92182
7227.03493 58.28768 1.86122 1.88695 276.89247
7226.64923 57.86971 1.84807 1.87342 275.89219
7226.18242 57.33422 1.83197 1.85608 274.81992
7226.00589 57.14607 1.82582 1.84999 274.49782
7225.48866 56.62136 1.80736 1.83300 273.70896
7225.11067 56.23714 1.79393 1.82056 273.07083
7224.61159 55.73307 1.77651 1.80425 272.23331
7224.48724 55.61543 1.77239 1.80044 271.88522
7224.18614 55.34972 1.76310 1.79184 270.87065
7223.77441 55.02168 1.75158 1.78122 269.15516
7223.51663 54.81966 1.74445 1.77468 268.08316
7222.68169 54.18186 1.72205 1.75403 264.22797
7223.73278 54.86869 1.74632 1.77626 270.50269
7222.55596 54.21388 1.72305 1.75507 262.15535
7221.44493 53.51062 1.69813 1.73230 255.86852
7220.68376 52.97312 1.67920 1.71490 252.34078
7219.64108 52.19577 1.65183 1.68973 248.00524
7219.14730 51.80213 1.63801 1.67699 246.96774
7218.15773 50.96336 1.60859 1.64984 244.62947
7218.01092 50.84174 1.60433 1.64590 244.13963
7217.17522 50.13937 1.57976 1.62316 241.72180
7216.98730 49.97727 1.57410 1.61791 241.19882
7216.45118 49.56133 1.55938 1.60445 239.35935
7215.82828 49.07177 1.54201 1.58860 237.42501
7215.94314 49.14633 1.54456 1.59101 237.97329
7215.08070 48.57578 1.52604 1.57254 233.58613
7214.72481 48.33433 1.51878 1.56473 231.74837
7214.06086 47.85598 1.50314 1.54924 229.02978
7214.23284 47.95919 1.50674 1.55258 229.85444
7214.51208 48.11777 1.51212 1.55772 231.30331
7213.28519 47.55983 1.49237 1.53965 223.92389
7212.24131 47.02619 1.47333 1.52238 218.58583
7212.05179 46.92278 1.46970 1.51903 217.68571
7210.92622 46.35222 1.44963 1.50056 212.21698
7209.68949 45.64506 1.42492 1.47767 207.73143
7208.65793 44.93088 1.40007 1.45455 204.36795
7207.62122 44.15428 1.37304 1.42941 201.29117
7207.57534 44.12004 1.37185 1.42830 201.15623
7206.51949 43.32101 1.34410 1.40243 198.13599
7206.10956 42.99461 1.33280 1.39186 197.06439
7205.42239 42.45592 1.31411 1.37443 195.21739
7204.95442 42.08461 1.30116 1.36241 193.99408
7205.62627 42.50374 1.31583 1.37597 196.43015
7205.04301 42.22259 1.30590 1.36687 193.85177
7204.69586 42.03945 1.29952 1.36094 192.40706
7204.18740 41.78320 1.29061 1.35265 190.33103
7203.17751 41.29331 1.27354 1.33679 186.22976
7202.90291 41.14850 1.26842 1.33210 185.22105
7202.18632 40.81748 1.25660 1.32138 182.42407
7200.85898 40.13522 1.23417 1.29930 178.14432
7199.79204 39.49297 1.21452 1.27851 174.54576
7199.36245 39.19345 1.20428 1.26881 173.35986
7198.67798 38.80640 1.19057 1.25628 171.23136
7199.17967 39.07314 1.20000 1.26491 172.84649
7198.24279 38.61256 1.18383 1.25000 169.74146
7197.29038 38.15834 1.16825 1.23530 166.70311
7197.35838 38.18962 1.16932 1.23631 166.92315
7196.06807 37.58395 1.14843 1.21671 162.94767
7194.76810 36.87315 1.12408 1.19369 159.27248
7195.08075 37.03845 1.12975 1.19905 160.16310
7194.09025 36.53695 1.11255 1.18281 157.37406
7193.10371 36.03971 1.09562 1.16671 154.66884
7192.90877 35.93805 1.09214 1.16342 154.13966
7191.95232 35.43055 1.07484 1.14699 151.94073
7191.08319 34.98031 1.05952 1.13242 149.68832
7191.03692 34.95424 1.05862 1.13157 149.56947
7190.03007 34.44079 1.04111 1.11495 147.04546
7189.21637 34.01948 1.02677 1.10131 145.04104
7189.58849 34.19778 1.03288 1.10708 145.96748
7188.47976 33.71464 1.01644 1.09144 143.29484
7187.30104 33.16319 0.99775 1.07359 140.54142
7185.97184 32.40462 0.97209 1.04903 137.41005
7185.01947 31.76238 0.95024 1.02824 135.09631
7184.58650 31.47298 0.94034 1.01887 134.02040
7185.17257 31.77788 0.95074 1.02875 135.37972
7185.01753 31.71784 0.94870 1.02680 135.04621
7184.64594 31.60674 0.94490 1.02320 134.27893
7185.08920 31.73705 0.94934 1.02742 135.19538
7184.07166 31.47654 0.94050 1.01899 133.26635
7182.69747 31.10603 0.92869 1.00700 131.00607
7181.26147 30.62339 0.91498 0.99137 128.76192
7180.53746 30.34125 0.90649 0.98224 127.60785
7179.78394 30.03111 0.89643 0.97220 126.35875
7178.48944 29.49233 0.87820 0.95476 124.15937
7177.00451 28.72703 0.85299 0.92998 121.29151
7176.14457 28.17698 0.83471 0.91217 119.24355
7175.18887 27.56212 0.81434 0.89227 116.95427
7175.35284 27.66297 0.81767 0.89553 117.33044
7175.06815 27.46769 0.81120 0.88921 116.60901
7174.76275 27.35813 0.80763 0.88566 116.18671
7176.36654 27.85636 0.82376 0.90179 118.29281
7175.75918 27.73754 0.82000 0.89795 117.68626
7174.64453 27.53854 0.81377 0.89151 116.81611
7172.91669 27.14649 0.80130 0.87881 115.43408
7171.18394 26.57767 0.78299 0.86040 113.55127
7169.04597 25.53244 0.74892 0.82656 109.75362
7168.09926 24.90427 0.72829 0.80623 107.27787
7167.47691 24.50339 0.71511 0.79325 105.71655
7168.15333 24.87145 0.72714 0.80516 107.10415
7167.95314 24.76061 0.72351 0.80158 106.68374
7167.58972 24.66829 0.72061 0.79859 106.42415
7167.73031 24.70743 0.72185 0.79985 106.54098
7166.89669 24.48536 0.71487 0.79266 105.92784
7165.44054 24.05674 0.70130 0.77879 104.59905
7163.93666 23.50197 0.68360 0.76083 102.79157
7162.96743 23.07388 0.66953 0.74697 101.20056
7162.56109 22.86598 0.66287 0.74024 100.40668
7161.64073 22.49677 0.65202 0.72829 99.23399
7160.70876 22.06120 0.64015 0.71419 97.92851
7160.85174 22.10200 0.64122 0.71551 98.00883
7160.66929 22.02908 0.63918 0.71315 97.79897
7160.35151 21.96294 0.63751 0.71101 97.72421
7159.80199 21.85287 0.63457 0.70744 97.58890
7159.72857 21.83991 0.63423 0.70702 97.58186
7158.53317 21.61253 0.62774 0.69966 97.34811
7156.86085 21.21772 0.61572 0.68688 96.50326
7155.06207 20.61999 0.59735 0.66753 94.60692
7153.86763 20.09677 0.58102 0.65059 92.57382
7153.98879 20.12223 0.58175 0.65142 92.61453
7153.26525 19.88820 0.57465 0.64384 91.85903
7152.12148 19.46994 0.56180 0.63030 90.37149
7151.86482 19.37240 0.55881 0.62714 90.00940
7151.23404 19.12508 0.55120 0.61914 89.06439
7150.46212 18.87561 0.54372 0.61106 88.23206
7149.45924 18.54642 0.53386 0.60040 87.10231
7149.54107 18.57284 0.53465 0.60126 87.18913
7148.89744 18.36310 0.52840 0.59447 86.46376
7148.33743 18.23386 0.52466 0.59028 86.09802
7147.30998 18.00916 0.51841 0.58301 85.57183
7146.23146 17.74334 0.51097 0.57441 84.85250
7146.45852 17.79622 0.51241 0.57612 84.98455
7145.24977 17.53259 0.50532 0.56758 84.39857
7144.09152 17.23162 0.49702 0.55784 83.45673
7142.98850 16.95405 0.48953 0.54885 82.60562
7141.88575 16.64037 0.48089 0.53870 81.45144
7142.18284 16.71659 0.48292 0.54117 81.70679
7141.53650 16.55528 0.47866 0.53594 81.19041
7140.90125 16.44985 0.47629 0.53253 81.06306
7139.96514 16.29591 0.47298 0.52755 80.88811
7138.69912 16.08816 0.46839 0.52082 80.52565
7137.40106 15.80651 0.46179 0.51170 79.72780
7136.96033 15.69948 0.45919 0.50824 79.35311
7136.08347 15.46885 0.45351 0.50077 78.45345
7135.36871 15.28666 0.44909 0.49488 77.74999
7134.78844 15.17178 0.44671 0.49116 77.44320
7133.90509 15.03055 0.44425 0.48658 77.23773
7132.98431 14.86796 0.44134 0.48132 76.91534
0.00000 0.00000 0.00000 0.00000 0.00000
