7056.52826 10.00184 0.26410 0.32379 138.09544
7057.02731 10.04184 0.26573 0.32508 138.26612
7057.52876 10.07312 0.26725 0.32610 138.29069
7058.52926 10.13199 0.27009 0.32800 138.26711
7059.52976 10.18508 0.27295 0.32972 138.13321
7060.53027 10.22907 0.27554 0.33115 137.92926
7061.53077 10.27993 0.27852 0.33279 137.68771
7062.53127 10.33073 0.28171 0.33444 137.43268
7063.53177 10.39341 0.28530 0.33647 137.31377
7064.53227 10.45190 0.28884 0.33836 137.10701
7065.53277 10.53208 0.29314 0.34096 137.17674
7066.53327 10.60109 0.29700 0.34319 137.05156
7067.53377 10.70470 0.30207 0.34654 137.37591
7068.53427 10.79579 0.30657 0.34949 137.59459
7069.53477 10.89927 0.31153 0.35284 137.88906
7070.53527 11.02095 0.31705 0.35678 138.36651
7070.72055 11.04603 0.31816 0.35759 138.48563
7071.53577 11.14574 0.32263 0.36082 138.84388
7072.53627 11.25605 0.32792 0.36439 139.07778
7073.53677 11.36152 0.33309 0.36781 139.19139
7074.53727 11.46542 0.33831 0.37117 139.25460
7075.53777 11.56814 0.34347 0.37450 139.24254
7076.53827 11.67433 0.34884 0.37793 139.25048
7077.53877 11.78064 0.35417 0.38137 139.27891
7078.53927 11.90038 0.36001 0.38525 139.50358
7079.53977 12.04643 0.36678 0.38998 139.94853
7079.56387 12.05021 0.36695 0.39010 139.96285
7080.54027 12.19588 0.37370 0.39482 140.44311
7081.54077 12.34291 0.38031 0.39958 140.79921
7082.54127 12.47830 0.38650 0.40396 140.90931
7083.54177 12.60357 0.39239 0.40802 140.83434
7084.54227 12.75886 0.39906 0.41304 140.99083
7085.54277 12.90886 0.40547 0.41790 140.96330
7086.42680 13.05439 0.41140 0.42261 140.93870
7086.54327 13.07525 0.41224 0.42328 140.99024
7087.54377 13.23098 0.41881 0.42833 141.07578
7088.54427 13.38533 0.42545 0.43332 140.79531
7089.54477 13.57952 0.43323 0.43961 141.14280
7090.54527 13.78180 0.44145 0.44616 141.71042
7091.54577 13.98786 0.45027 0.45283 142.29646
7091.87381 14.05858 0.45318 0.45512 142.52822
7092.54627 14.19709 0.45898 0.45960 142.91955
7093.54677 14.38950 0.46712 0.46583 143.20596
7094.54727 14.58457 0.47536 0.47215 143.42974
7095.54777 14.76098 0.48270 0.47786 143.57637
7096.54827 14.95764 0.49100 0.48422 143.73573
7097.02699 15.06276 0.49541 0.48763 143.93140
7097.54877 15.17846 0.50012 0.49137 144.14995
7098.54927 15.40896 0.50940 0.49883 144.62167
7099.54977 15.61295 0.51699 0.50544 144.70931
7100.55028 15.82525 0.52449 0.51231 144.84188
7101.55078 16.03935 0.53178 0.51924 144.96568
7101.66852 16.06695 0.53275 0.52014 145.00812
7102.55128 16.25524 0.53940 0.52623 145.07195
7103.55178 16.49180 0.54765 0.53389 145.46710
7104.55228 16.69212 0.55470 0.54037 145.56549
7105.55278 16.92793 0.56203 0.54801 145.83707
7106.15358 17.07113 0.56572 0.55264 146.02738
7106.55328 17.16914 0.56802 0.55582 146.18926
7107.55378 17.38689 0.57269 0.56287 146.20251
7108.55428 17.60403 0.57742 0.56990 146.19377
7109.55478 17.83926 0.58314 0.57751 146.42495
7110.49355 18.07531 0.58937 0.58515 146.84006
7110.55528 18.09267 0.58984 0.58571 146.89293
7111.55578 18.34827 0.59593 0.59399 147.39291
7112.55628 18.56618 0.59928 0.60104 147.32219
7113.55678 18.76901 0.60173 0.60761 147.38025
7114.55728 19.01050 0.60520 0.61543 147.59506
7114.81146 19.07950 0.60650 0.61766 147.76631
7115.55778 19.28223 0.61167 0.62422 148.23872
7116.55828 19.51420 0.61719 0.63173 148.30729
7117.55878 19.73617 0.62193 0.63892 148.21009
7118.55928 19.98257 0.62598 0.64690 148.43089
7118.86852 20.08368 0.62759 0.65017 148.84183
7119.55978 20.29530 0.63150 0.65702 149.53723
7120.56028 20.53245 0.63666 0.66470 149.54855
7121.56078 20.74579 0.64262 0.67160 149.40579
7122.56128 20.98403 0.64842 0.67932 149.52981
7122.95050 21.08787 0.65087 0.68268 149.66269
7123.56178 21.26220 0.65438 0.68832 150.06635
7124.56228 21.54967 0.66005 0.69763 150.74694
7125.56278 21.82673 0.66691 0.70660 151.10767
7126.41951 22.09205 0.67416 0.71519 151.44247
7126.56328 22.14297 0.67565 0.71683 151.54585
7127.56378 22.44960 0.68243 0.72676 151.74411
7128.56428 22.73562 0.68795 0.73602 151.74899
7129.56478 23.03551 0.69456 0.74573 152.24882
7129.75796 23.09623 0.69628 0.74769 152.37400
7130.56528 23.31134 0.70252 0.75466 152.63396
7131.56578 23.55519 0.71006 0.76255 152.70429
7132.56628 23.83546 0.71818 0.77163 152.87925
7133.44540 24.10042 0.72452 0.78020 153.25268
7133.56678 24.14067 0.72551 0.78151 153.34854
7134.56728 24.46607 0.73438 0.79204 154.03733
7135.56778 24.75593 0.74334 0.80142 154.25822
7136.56828 25.07730 0.75334 0.81183 154.81678
7136.65146 25.10460 0.75416 0.81271 154.86999
7137.56878 25.41435 0.76284 0.82274 155.54055
7138.56928 25.72131 0.77106 0.83268 155.79173
7139.56978 26.00323 0.77974 0.84180 156.12820
7139.87748 26.10879 0.78318 0.84522 156.38362
7140.57029 26.35229 0.79117 0.85310 156.86714
7141.57079 26.66004 0.80018 0.86307 157.06927
7142.57129 26.97859 0.80898 0.87338 157.34995
7142.93955 27.11297 0.81299 0.87773 157.65867
7143.57179 27.34573 0.82025 0.88526 158.17583
7144.57229 27.68231 0.83117 0.89616 158.60192
7145.57279 28.01293 0.84145 0.90686 158.89951
7145.88121 28.11715 0.84450 0.91024 159.01298
7146.57329 28.36718 0.85168 0.91833 159.44894
7147.57379 28.72311 0.86276 0.92985 159.96641
7148.57429 29.05537 0.87389 0.94061 160.46386
7148.74018 29.12134 0.87603 0.94275 160.67505
7149.57479 29.44731 0.88624 0.95330 161.38198
7150.57529 29.78654 0.89640 0.96428 161.66068
7151.47136 30.12552 0.90731 0.97525 162.26401
7151.57579 30.17265 0.90889 0.97678 162.42199
7152.57629 30.55905 0.92106 0.98929 162.79536
7153.57679 30.93934 0.93113 1.00160 162.78546
7154.01371 31.12971 0.93623 1.00776 163.04583
7154.57729 31.38191 0.94362 1.01593 163.60258
7155.57779 31.75576 0.95604 1.02803 164.08250
7156.57411 32.13389 0.96874 1.04027 164.60294
7156.57829 32.13568 0.96879 1.04033 164.60883
7157.57879 32.51212 0.98074 1.05252 165.33426
7158.57929 32.91196 0.99336 1.06546 165.87751
7159.13206 33.13808 1.00093 1.07278 166.24736
7159.57979 33.32918 1.00749 1.07897 166.60690
7160.58029 33.71782 1.02000 1.09155 166.99642
7161.58079 34.10038 1.03206 1.10393 167.27870
7161.67238 34.14226 1.03343 1.10529 167.37350
7162.58129 34.55559 1.04737 1.11867 168.29468
7163.58179 34.96730 1.06115 1.13200 168.81190
7164.01855 35.14644 1.06700 1.13780 169.01718
7164.58229 35.39627 1.07492 1.14588 169.48365
7165.58279 35.83778 1.08949 1.16018 170.21192
7166.40779 36.15063 1.10025 1.17030 170.64249
7166.58329 36.22346 1.10275 1.17266 170.77646
7167.58379 36.68630 1.11779 1.18765 171.64243
7168.58429 37.10062 1.13118 1.20106 172.02237
7168.70256 37.15481 1.13302 1.20281 172.11588
7169.58479 37.54570 1.14660 1.21547 172.67117
7170.58529 37.97771 1.16107 1.22945 173.15917
7170.94755 38.15900 1.16692 1.23532 173.56879
7171.58579 38.49152 1.17801 1.24609 174.39920
7172.58629 38.91523 1.19303 1.25980 174.75491
7173.15136 39.16318 1.20132 1.26783 175.08895
7173.58679 39.38372 1.20856 1.27497 175.55875
7174.58729 39.84036 1.22269 1.28975 175.99189
7175.20818 40.16736 1.23244 1.30034 176.58049
7175.58779 40.37113 1.23871 1.30693 176.84135
7176.58829 40.82409 1.25375 1.32160 177.23935
7177.29103 41.17155 1.26561 1.33285 177.93130
7177.58879 41.32997 1.27101 1.33798 178.29343
7178.58929 41.80687 1.28762 1.35341 178.95262
7179.33094 42.17573 1.30024 1.36535 179.56927
7179.58979 42.32134 1.30509 1.37007 179.93300
7180.59030 42.80214 1.32103 1.38563 180.59714
7181.36758 43.17992 1.33447 1.39786 181.10776
7181.59080 43.29794 1.33857 1.40168 181.33961
7182.59130 43.79394 1.35548 1.41774 182.08319
7183.35901 44.18410 1.36876 1.43037 182.69662
7183.59180 44.31185 1.37323 1.43451 183.05400
7184.59230 44.76956 1.38930 1.44933 183.73301
7185.39252 45.18828 1.40363 1.46288 184.41738
7185.59280 45.30647 1.40762 1.46671 184.71754
7186.59330 45.83218 1.42602 1.48373 185.61924
7187.29237 46.19247 1.43863 1.49539 186.18564
7187.59380 46.36384 1.44446 1.50094 186.55241
7188.59430 46.88224 1.46224 1.51772 187.34204
7189.14996 47.19665 1.47310 1.52790 187.97984
7189.59480 47.45601 1.48237 1.53629 188.58585
7190.59530 47.97324 1.50061 1.55304 189.40260
7191.00790 48.20084 1.50776 1.56041 189.70456
7191.59580 48.56992 1.51872 1.57235 190.24658
7192.59630 49.09315 1.53555 1.58929 191.02151
7192.77792 49.20502 1.53939 1.59291 191.33168
7193.59680 49.68624 1.55620 1.60849 192.40500
7194.55007 50.20921 1.57538 1.62542 193.34024
7194.59730 50.23677 1.57641 1.62631 193.39582
7195.59780 50.80369 1.59638 1.64467 194.47180
7196.30366 51.21339 1.61005 1.65793 195.32907
7196.59830 51.40102 1.61692 1.66401 195.78212
7197.59880 51.96893 1.63721 1.68239 196.88220
7198.01671 52.21757 1.64576 1.69044 197.40846
7198.59930 52.59371 1.65869 1.70262 198.33298
7199.59980 53.15966 1.67886 1.72094 199.43863
7199.70388 53.22176 1.68105 1.72295 199.56715
7200.60030 53.75390 1.69944 1.74018 200.67136
7201.49250 54.22594 1.71610 1.75546 201.60677
7201.60080 54.28726 1.71827 1.75744 201.76088
7202.60130 54.87567 1.73905 1.77649 203.07040
7203.19010 55.23013 1.75132 1.78796 203.88196
7203.60180 55.49518 1.76091 1.79655 204.53717
7204.60230 56.09940 1.78224 1.81611 205.90547
7204.82366 56.23431 1.78696 1.82047 206.20045
7205.60280 56.71783 1.80410 1.83613 207.37461
7206.43672 57.23849 1.82268 1.85298 208.64735
7206.60330 57.36220 1.82680 1.85699 208.94706
7207.60380 58.05440 1.84787 1.87940 210.39530
7207.85614 58.24268 1.85417 1.88549 210.90179
7208.60430 58.75568 1.87255 1.90210 212.29551
7209.41034 59.24686 1.89006 1.91800 213.53111
7209.60480 59.38318 1.89481 1.92241 213.90676
7210.60530 59.98225 1.91577 1.94181 215.54723
7210.99831 60.25105 1.92522 1.95051 216.25609
7211.60580 60.66815 1.93984 1.96401 217.43278
7212.48234 61.25523 1.96022 1.98302 219.00042
7212.60630 61.34244 1.96326 1.98584 219.25163
7213.60680 61.97563 1.98553 2.00634 221.06862
7214.01418 62.25941 1.99532 2.01552 221.90653
7214.60730 62.69637 2.01023 2.02967 223.19051
7215.44068 63.26360 2.02973 2.04803 224.87609
7215.60780 63.38761 2.03399 2.05205 225.27688
7216.60830 64.06452 2.05685 2.07396 227.27884
7216.89969 64.26778 2.06370 2.08054 227.95082
7217.60880 64.74737 2.08005 2.09607 229.49599
7218.40094 65.27197 2.09748 2.11305 231.26676
7218.60930 65.43092 2.10280 2.11820 231.76467
7219.60980 66.08820 2.12323 2.13947 233.78084
7219.85864 66.27615 2.12865 2.14556 234.36704
7220.61031 66.85732 2.14604 2.16437 236.27415
7221.14477 67.28033 2.16021 2.17807 237.62489
7221.61081 67.62498 2.17171 2.18922 238.80289
7222.59263 68.28452 2.19293 2.21057 241.38555
7222.61131 68.29884 2.19339 2.21104 241.43542
7223.61181 69.06177 2.21838 2.23574 244.15581
7223.91971 69.28870 2.22578 2.24308 245.06657
7224.61231 69.81179 2.24296 2.26002 246.98330
7225.25029 70.29289 2.25873 2.27559 248.86280
7225.61281 70.59028 2.26875 2.28522 249.93851
7226.57557 71.29707 2.29234 2.30810 252.83549
7226.61331 71.32534 2.29329 2.30902 252.96022
7227.61381 72.02132 2.31682 2.33155 256.11785
7228.00274 72.30126 2.32663 2.34061 257.21005
7228.61431 72.76943 2.34327 2.35576 259.25728
7229.30438 73.30544 2.36231 2.37312 261.69301
7229.61481 73.56587 2.37155 2.38155 262.77530
7230.58705 74.30962 2.39767 2.40563 266.49969
7230.61531 74.33301 2.39852 2.40638 266.60941
7231.61581 75.13608 2.42734 2.43238 270.71970
7231.82385 75.31381 2.43288 2.43813 271.65314
7232.61631 76.00219 2.45445 2.46042 275.43807
7232.99952 76.31799 2.46680 2.47064 277.13005
7233.61681 76.83340 2.48495 2.48733 279.98690
7234.22727 77.32218 2.50028 2.50315 283.36410
7234.61731 77.64074 2.51099 2.51346 285.48279
7235.44960 78.32636 2.53593 2.53566 290.31508
7235.61781 78.46853 2.53869 2.54026 291.20321
7236.61831 79.23829 2.55448 2.56518 297.93999
7236.74130 79.33054 2.56334 2.56817 298.57537
7237.61881 80.01896 2.67787 2.59045 303.93112
7237.99379 80.33473 2.73808 2.60068 306.72963
7238.61931 80.87476 2.78999 2.61816 311.22739
7239.16478 81.33891 2.77871 2.63318 315.36562
7239.61981 81.73556 2.76643 2.64603 318.85429
7240.33727 82.34310 2.76932 2.66569 324.79531
7240.62031 82.58477 2.77729 2.67352 327.20482
7241.57539 83.34728 2.80055 2.69820 336.40988
7241.62081 83.39257 2.80160 2.69967 336.74789
7242.54971 84.35146 2.81947 2.73071 344.05776
7242.62131 84.41598 2.82076 2.73280 344.71212
7243.62181 85.28637 2.84188 2.76098 353.76187
7243.69840 85.35565 2.84381 2.76322 354.42137
7244.62231 86.17978 2.86884 2.78990 363.32299
7244.84640 86.35983 2.87466 2.79573 365.70448
7245.62281 86.98521 2.89427 2.81597 371.67679
7246.05890 87.36402 2.90668 2.82824 375.48594
7246.62331 87.87924 2.92434 2.84491 380.82224
7247.17740 88.36820 2.94123 2.86074 386.31060
7247.62381 88.76588 2.95554 2.87362 390.76715
7248.28363 89.37238 2.97760 2.89325 396.90956
7248.62431 89.69263 2.98920 2.90362 399.96070
7249.36761 90.37657 3.01489 2.92576 407.08950
7249.62481 90.62947 3.02425 2.93395 409.18620
7250.45941 91.38075 3.05254 2.95827 417.55318
7250.62531 91.53116 3.05830 2.96314 419.27954
7251.53418 92.38494 3.09107 2.99078 427.49485
7251.62581 92.47821 3.09455 2.99380 428.16524
7252.52059 93.38912 3.12601 3.02329 437.40166
7252.62631 93.49547 3.12968 3.02673 438.56779
7253.52585 94.39331 3.16343 3.05579 445.72107
7253.62681 94.49208 3.16724 3.05899 446.68929
7254.61193 95.39749 3.20138 3.08830 455.11152
7254.62731 95.41136 3.20189 3.08875 455.16715
7255.62781 96.29715 3.23586 3.11743 464.80102
7255.73352 96.40167 3.23977 3.12081 465.75870
7256.62831 97.30718 3.27341 3.15013 472.93300
7256.73302 97.40586 3.27721 3.15332 473.99123
7257.62881 98.30371 3.31049 3.18239 481.56702
7257.73255 98.41004 3.31439 3.18583 482.37922
7258.62931 99.28961 3.34737 3.21430 490.71924
7258.75316 99.41423 3.35187 3.21834 491.82181
7259.62981 100.30213 3.38459 3.24708 499.19166
7259.74563 100.41841 3.38894 3.25085 500.18694
7260.63032 101.36536 3.42291 3.28150 506.71412
7260.68470 101.42259 3.42477 3.28335 507.35278
7261.60592 102.42678 3.45861 3.31586 515.69623
7261.63082 102.45184 3.45955 3.31667 515.90254
7262.59189 103.43096 3.49529 3.34837 524.45905
7262.63132 103.47169 3.49675 3.34969 524.74421
7263.63182 104.39426 3.53045 3.37956 532.26834
7263.66934 104.43515 3.53186 3.38088 532.49722
7264.59812 105.43933 3.56809 3.41339 539.41131
7264.63232 105.47438 3.56938 3.41452 539.71060
7265.57416 106.44351 3.60390 3.44590 548.03471
7265.63282 106.50273 3.60608 3.44781 548.59474
7266.51231 107.44770 3.64028 3.47840 555.40983
7266.63332 107.58594 3.64493 3.48288 556.06406
7267.40518 108.45188 3.67589 3.51091 561.13641
7267.63382 108.69973 3.68484 3.51894 562.86826
7268.32605 109.45607 3.71149 3.54342 568.13561
7268.63432 109.77708 3.72323 3.55381 570.82411
7269.27225 110.46025 3.74778 3.57593 576.32217
7269.63482 110.88956 3.76102 3.58983 579.85910
7270.09760 111.46444 3.77950 3.60844 582.78453
7270.63532 112.05954 3.80140 3.62770 586.50487
7270.99637 112.46862 3.81561 3.64095 588.97127
7271.63582 113.16847 3.83998 3.66360 594.51917
7271.95059 113.47280 3.85146 3.67346 597.78924
7272.63632 114.12650 3.87421 3.69462 602.45113
7272.95185 114.47699 3.88580 3.70596 604.46136
7273.63682 115.28957 3.91489 3.73227 608.85736
7273.80939 115.48117 3.92149 3.73847 610.23680
7274.63732 116.41041 3.95351 3.76855 616.48828
7274.70584 116.48536 3.95614 3.77098 617.07648
7275.63782 117.48436 3.99210 3.80332 625.67153
7275.64229 117.48954 3.99227 3.80349 625.70334
7276.45981 118.49372 4.02684 3.83600 629.73746
7276.63832 118.71812 4.03523 3.84326 630.50014
7277.24314 119.49791 4.05854 3.86851 634.99002
7277.63882 119.96975 4.07357 3.88378 638.45459
7278.09794 120.50209 4.09352 3.90101 641.56803
7278.63932 121.10094 4.11330 3.92040 646.41134
7278.98861 121.50628 4.12685 3.93352 649.01603
7279.63982 122.29158 4.15429 3.95895 653.09873
7279.83135 122.51046 4.16194 3.96603 654.81021
7280.64032 123.43156 4.19210 3.99585 660.23124
7280.71840 123.51464 4.19494 3.99854 660.59908
7281.62732 124.51883 4.23059 4.03105 666.62748
7281.64082 124.53345 4.23105 4.03152 666.76991
7282.44696 125.52301 4.26440 4.06356 672.07805
7282.64132 125.75600 4.27343 4.07110 673.45040
7283.25718 126.52720 4.29864 4.09606 677.05148
7283.64182 126.98974 4.31405 4.11104 679.89531
7284.08742 127.53138 4.33303 4.12857 682.91004
7284.64232 128.26437 4.35745 4.15230 685.92538
7284.86933 128.53556 4.36431 4.16108 688.58284
7285.64282 129.50529 4.39622 4.19247 694.56080
7285.66996 129.53975 4.39755 4.19359 694.69702
7286.50652 130.54393 4.42917 4.22610 701.20771
7286.64332 130.69758 4.43463 4.23107 702.53241
7287.30769 131.54812 4.46709 4.25861 706.48638
7287.64382 131.99705 4.48139 4.27314 708.07074
7288.10108 132.55230 4.49922 4.29112 711.62008
7288.64432 133.24263 4.52404 4.31346 715.08021
7288.90793 133.55649 4.53645 4.32362 717.43078
7289.64482 134.43303 4.56085 4.35200 723.55351
7289.75708 134.56067 4.56530 4.35613 724.20330
7290.59859 135.56485 4.60233 4.38864 728.29817
7290.64532 135.62252 4.60401 4.39051 728.64824
7291.38357 136.56904 4.63479 4.42115 733.86457
7291.64582 136.95056 4.64749 4.43350 735.60124
7292.09942 137.57322 4.66980 4.45366 739.23200
7292.64632 138.21321 4.68840 4.47438 744.32375
7292.95156 138.57741 4.70090 4.48617 747.09749
7293.64682 139.55778 4.73629 4.51790 750.18800
7293.66481 139.58159 4.73685 4.51867 750.30335
7294.40948 140.58577 4.76684 4.55118 754.78264
7294.64732 140.91246 4.77990 4.56176 756.09653
7295.18949 141.58996 4.80641 4.58369 760.61199
7295.64782 142.16260 4.82006 4.60223 764.51530
7296.03235 142.59414 4.83564 4.61620 768.84893
7296.64832 143.36898 4.86947 4.64128 774.03410
7296.82154 143.59833 4.87213 4.64871 775.21250
7297.49960 144.60251 4.90344 4.68122 778.09539
7297.64882 144.82334 4.91251 4.68837 778.87039
7298.26658 145.60669 4.93884 4.71373 783.08358
7298.64932 146.17139 4.95015 4.73201 784.14910
7299.00001 146.61088 4.96267 4.74623 787.31644
7299.64982 147.43314 5.00082 4.77285 793.33030
7299.79454 147.61506 5.00251 4.77874 794.69315
7300.45009 148.61925 5.02944 4.81125 797.26619
7300.65033 148.93357 5.04291 4.82143 797.94591
7301.11664 149.62343 5.06567 4.84376 800.47475
7301.65083 150.46513 5.08443 4.87101 802.37706
7301.79567 150.62762 5.08889 4.87627 804.17258
7302.54484 151.63180 5.13281 4.90878 810.54614
7302.65133 151.78822 5.13431 4.91384 811.20073
7303.13026 152.63598 5.15199 4.94128 811.47755
7303.61431 153.64017 5.19379 4.97379 809.34291
7303.65183 153.71765 5.19715 4.97630 809.14965
7304.19010 154.64435 5.22228 5.00630 811.28561
7304.65233 155.49842 5.24415 5.03395 812.63131
7304.75306 155.64854 5.25185 5.03881 813.23296
7305.31607 156.65272 5.28851 5.07132 814.25823
7305.65283 157.28487 5.30426 5.09178 814.50515
7305.92005 157.65690 5.31136 5.10383 816.82180
7306.59883 158.66109 5.35608 5.13634 821.94145
7306.65333 158.74365 5.35815 5.13901 822.37296
7307.36784 159.66527 5.36978 5.16884 829.92592
7307.65383 160.05911 5.38458 5.18159 831.48040
7308.07542 160.66946 5.40882 5.20135 833.38405
7308.64621 161.67364 5.43651 5.23386 835.34239
7308.65433 161.68663 5.43665 5.23428 835.40391
7309.59046 162.67782 5.46026 5.26637 849.55841
7309.65483 162.77025 5.46310 5.26936 850.11669
7310.35075 163.68201 5.47648 5.29888 858.16342
7310.65533 164.21693 5.48807 5.31619 860.68929
7311.14547 164.68619 5.49715 5.33139 869.03146
7311.58935 165.69038 5.53302 5.36389 867.72290
7311.65583 165.81597 5.53618 5.36796 867.92188
7312.15029 165.69038 5.50832 5.36389 885.09763
