7312.15029 165.69038 5.50832 5.36389 885.09763
7311.86564 164.68619 5.47034 5.33139 891.62508
7311.65583 163.80844 5.43846 5.30297 897.51016
7311.53950 163.68201 5.43671 5.29888 895.57142
7310.91904 162.67782 5.40393 5.26637 891.52219
7310.65533 162.21480 5.39100 5.25138 890.57336
7310.20603 161.67364 5.38092 5.23386 884.96448
7309.85587 160.66946 5.34044 5.20135 890.27757
7309.65483 160.19105 5.32088 5.18586 891.79235
7309.35814 159.66527 5.30445 5.16884 891.11605
7308.92350 158.66109 5.26986 5.13634 894.23710
7308.65433 158.08931 5.25007 5.11783 895.17697
7308.30340 157.65690 5.23757 5.10383 891.10379
7307.72249 156.65272 5.20429 5.07132 891.53951
7307.65383 156.54268 5.20104 5.06776 891.51782
7307.07702 155.64854 5.17143 5.03881 890.47207
7306.65333 154.84803 5.14462 5.01290 890.21814
7306.51306 154.64435 5.14009 5.00630 888.61973
7305.97768 153.64017 5.11116 4.97379 888.72788
7305.65283 153.01293 5.08655 4.95349 889.72840
7305.38191 152.63598 5.07449 4.94128 887.72817
7304.86753 151.63180 5.04039 4.90878 889.81683
7304.65233 151.19086 5.02604 4.89450 891.17854
7304.19346 150.62762 5.01055 4.87627 886.55747
7303.65183 149.84424 4.98445 4.85091 883.56991
7303.48071 149.62343 4.98033 4.84376 882.09968
7302.92650 148.61925 4.94583 4.81125 883.47911
7302.65133 148.17611 4.93023 4.79691 883.09421
7302.27412 147.61506 4.91234 4.77874 881.53877
7301.80363 146.61088 4.87741 4.74623 886.34682
7301.65083 146.31986 4.86852 4.73681 886.50851
7301.08554 145.60669 4.84903 4.71373 880.22532
7300.65033 144.97294 4.83100 4.69321 878.71178
7300.37163 144.60251 4.82111 4.68122 876.89883
7299.72617 143.59833 4.78643 4.64871 876.10556
7299.64982 143.49417 4.78279 4.64534 875.66113
7299.07000 142.59414 4.75634 4.61620 874.80242
7298.64932 141.87994 4.72860 4.59308 877.36977
7298.40753 141.58996 4.71729 4.58369 876.47537
7297.67545 140.58577 4.68739 4.55118 874.74103
7297.64882 140.55007 4.68648 4.55003 874.58208
7296.95564 139.58159 4.65654 4.51867 871.74777
7296.64832 139.16382 4.64182 4.50515 870.41316
7296.23541 138.57741 4.62607 4.48617 869.17815
7295.64782 137.64652 4.59163 4.45603 870.32837
7295.59181 137.57322 4.58888 4.45366 870.01726
7294.99247 136.56904 4.56002 4.42115 869.64789
7294.64732 136.05907 4.54462 4.40464 869.36083
7294.27286 135.56485 4.52874 4.38864 867.84167
7293.64682 134.66340 4.49730 4.35946 866.94616
7293.56329 134.56067 4.49476 4.35613 866.39283
7292.85419 133.55649 4.46423 4.32362 865.34569
7292.64632 133.26577 4.45122 4.31421 864.95265
7292.14540 132.55230 4.43039 4.29112 864.43144
7291.64582 131.83638 4.40760 4.26794 864.17250
7291.42768 131.54812 4.39695 4.25861 863.46870
7290.78294 130.54393 4.36112 4.22610 865.20010
7290.64532 130.34471 4.35488 4.21965 865.26117
7289.93261 129.53975 4.33192 4.19359 861.86476
7289.64482 129.20555 4.31803 4.18277 861.42136
7289.18263 128.53556 4.30019 4.16108 860.85775
7288.64432 127.74028 4.27726 4.13534 859.65280
7288.49069 127.53138 4.26749 4.12857 859.54427
7287.84108 126.52720 4.23168 4.09606 862.65807
7287.64382 126.25071 4.22334 4.08711 862.72877
7287.05490 125.52301 4.20075 4.06356 860.05501
7286.64332 125.01717 4.18320 4.04718 858.16063
7286.27131 124.51883 4.16891 4.03105 857.74390
7285.64282 123.63229 4.13863 4.00235 858.60376
7285.55106 123.51464 4.13287 3.99854 858.36821
7284.83708 122.51046 4.10225 3.96603 859.50813
7284.64232 122.25015 4.09269 3.95760 859.43577
7284.02944 121.50628 4.06472 3.93352 856.89748
7283.64182 121.03225 4.05308 3.91818 855.40963
7283.24017 120.50209 4.03715 3.90101 855.19837
7282.64132 119.70407 4.00765 3.87518 855.32792
7282.48047 119.49791 4.00122 3.86851 854.35422
7281.83744 118.49372 3.97317 3.83600 856.85905
7281.64082 118.23967 3.96433 3.82777 856.67138
7280.97220 117.48954 3.93465 3.80349 853.86293
7280.64032 117.09941 3.92563 3.79086 854.55527
7280.13756 116.48536 3.90441 3.77098 854.95948
7279.63982 115.89765 3.88175 3.75195 852.58226
7279.29821 115.48117 3.87287 3.73847 851.73474
7278.63932 114.60763 3.84185 3.71019 853.05073
7278.53123 114.47699 3.83729 3.70596 852.78574
7277.68500 113.47280 3.80641 3.67346 850.19884
7277.63882 113.41707 3.80505 3.67165 850.10420
7276.88099 112.46862 3.77068 3.64095 849.88494
7276.63832 112.19091 3.75948 3.63196 848.87184
7276.04394 111.46444 3.74464 3.60844 848.68759
7275.63782 110.94038 3.72263 3.59147 847.91438
7275.28491 110.46025 3.70477 3.57593 847.08386
7274.63732 109.62525 3.68418 3.54890 848.51103
7274.48948 109.45607 3.67732 3.54342 848.08066
7273.67738 108.45188 3.64059 3.51091 848.67474
7273.63682 108.40430 3.63957 3.50937 848.60784
7272.79967 107.44770 3.60686 3.47840 845.89211
7272.63632 107.27158 3.60093 3.47270 845.57340
7271.83385 106.44351 3.57765 3.44590 844.77667
7271.63582 106.23831 3.57220 3.43925 843.80938
7270.99670 105.43933 3.54035 3.41339 844.91093
7270.63532 105.00027 3.52621 3.39917 845.47725
7270.12994 104.43515 3.51455 3.38088 844.11656
7269.63482 103.90581 3.49051 3.36374 841.78665
7269.21636 103.43096 3.47710 3.34837 841.14107
7268.63432 102.75955 3.45819 3.32663 840.76726
7268.33882 102.42678 3.43982 3.31586 840.74043
7267.63382 101.52715 3.41896 3.28674 841.48632
7267.54333 101.42259 3.41677 3.28335 840.86499
7266.64026 100.41841 3.37642 3.25085 838.45307
7266.63332 100.41065 3.37631 3.25059 838.44939
7265.70499 99.41423 3.34527 3.21834 835.64307
7265.63282 99.34069 3.34179 3.21596 835.25078
7264.83427 98.41004 3.31481 3.18583 836.95211
7264.63232 98.17984 3.30569 3.17838 837.24430
7263.94106 97.40586 3.27601 3.15332 836.92268
7263.63182 97.08510 3.26737 3.14294 835.83874
7262.91472 96.40167 3.24657 3.12081 835.07584
7262.63132 96.13149 3.23653 3.11206 834.42751
7261.94557 95.39749 3.21076 3.08830 833.31743
7261.63082 95.05612 3.20334 3.07725 833.21882
7261.02581 94.39331 3.17598 3.05579 833.68251
7260.63032 93.97580 3.15927 3.04228 833.67444
7260.07258 93.38912 3.15134 3.02329 831.92254
7259.62981 92.89566 3.12960 3.00731 829.17930
7259.18418 92.38494 3.11056 2.99078 829.60953
7258.62931 91.79812 3.10140 2.97178 830.23018
7258.21254 91.38075 3.07656 2.95827 828.80522
7257.62881 90.81138 3.05913 2.93984 826.02116
7257.19815 90.37657 3.05336 2.92576 825.09448
7256.62831 89.80768 3.01741 2.90734 823.45538
7256.21863 89.37238 3.00716 2.89325 824.29396
7255.62781 88.75688 2.98888 2.87333 824.40896
7255.21312 88.36820 2.96331 2.86074 821.46644
7254.62731 87.84541 2.95568 2.84382 820.20148
7254.13192 87.36402 2.93528 2.82824 822.58250
7253.62681 86.88397 2.90618 2.81269 820.25138
7253.08997 86.35983 2.89367 2.79573 818.57967
7252.62631 85.89777 2.87152 2.78077 818.47103
7252.09128 85.35565 2.84322 2.76322 818.63891
7251.62581 84.90608 2.83039 2.74866 817.94545
7251.07248 84.35146 2.80179 2.73071 818.33702
7250.62531 83.88633 2.78261 2.71565 815.95248
7250.09681 83.34728 2.76664 2.69820 812.83659
7249.62481 82.91360 2.74239 2.68416 810.95898
7249.01343 82.34310 2.71310 2.66569 808.93061
7248.62431 81.97481 2.69767 2.65377 807.75772
7247.96443 81.33891 2.66634 2.63318 807.27064
7247.62381 81.00113 2.64057 2.62225 807.99927
7246.92747 80.33473 2.61931 2.60068 807.58921
7246.62331 80.07255 2.62138 2.59219 804.82081
7245.83144 79.33054 2.53619 2.56817 802.83456
7245.62281 79.13764 2.52611 2.56192 804.09110
7244.63857 78.32636 2.50889 2.53566 798.35122
7244.62231 78.31095 2.50782 2.53516 798.28671
7243.67167 77.32218 2.47692 2.50315 798.23539
7243.62181 77.27191 2.47594 2.50152 797.98377
7242.72548 76.31799 2.42761 2.47064 795.39584
7242.62131 76.19561 2.42851 2.46668 796.01814
7241.89995 75.31381 2.40485 2.43813 793.34105
7241.62081 75.02456 2.38825 2.42877 786.04574
7241.07309 74.30962 2.37124 2.40563 789.57522
7240.62031 73.69830 2.34985 2.38583 793.13157
7240.28495 73.30544 2.33393 2.37312 789.64526
7239.61981 72.49949 2.30028 2.34703 783.40330
7239.46550 72.30126 2.29696 2.34061 782.41851
7238.73693 71.29707 2.24968 2.30810 781.69715
7238.61931 71.16297 2.23947 2.30376 779.18629
7238.01466 70.29289 2.22690 2.27559 778.17917
7237.61881 69.71895 2.19975 2.25701 775.62717
7237.26632 69.28870 2.17025 2.24308 768.39806
7236.61831 68.44173 2.15434 2.21566 765.04334
7236.50175 68.28452 2.15077 2.21057 764.14677
7235.91578 67.28033 2.10383 2.17807 766.04251
7235.61781 66.87642 2.07735 2.16499 758.91121
7235.25122 66.27615 2.07130 2.14556 752.74992
7234.68393 65.27197 2.03650 2.11305 747.09753
7234.61731 65.16880 2.03034 2.10971 746.13055
7234.10804 64.26778 1.99135 2.08054 742.29796
7233.61681 63.44192 1.97830 2.05381 735.20938
7233.50004 63.26360 1.97491 2.04803 732.55483
7232.90974 62.25941 1.92091 2.01552 723.81470
7232.61631 61.82298 1.91115 2.00140 716.84089
7232.25431 61.25523 1.90476 1.98302 709.74381
7231.62113 60.25105 1.87496 1.95051 698.82631
7231.61581 60.24378 1.87462 1.95027 698.69826
7230.96493 59.24686 1.84747 1.91800 687.55529
7230.61531 58.71993 1.84471 1.90094 681.90728
7230.25391 58.24268 1.83925 1.88549 674.69400
7229.62225 57.23849 1.80629 1.85298 664.15835
7229.61481 57.22739 1.80602 1.85262 664.04220
7228.95829 56.23431 1.79030 1.82047 655.97259
7228.61431 55.73505 1.77526 1.80431 650.96042
7228.24726 55.23013 1.75771 1.78796 645.37440
7227.61381 54.32958 1.73245 1.75881 640.22223
7227.53210 54.22594 1.73010 1.75546 639.31993
7226.81658 53.22176 1.70009 1.72295 631.85890
7226.61331 52.94659 1.69007 1.71404 629.12456
7226.07633 52.21757 1.66718 1.69044 622.59764
7225.61281 51.67157 1.65131 1.67276 615.96088
7225.19817 51.21339 1.63469 1.65793 609.67105
7224.61231 50.53281 1.61128 1.63590 601.94993
7224.30759 50.20921 1.60016 1.62542 597.59931
7223.61181 49.47753 1.57417 1.60174 588.15524
7223.33875 49.20502 1.56480 1.59291 584.40710
7222.61131 48.50178 1.54103 1.57015 573.60439
7222.29042 48.20084 1.53166 1.56041 568.54071
7221.61081 47.61650 1.51140 1.54149 558.66439
7221.09722 47.19665 1.49590 1.52790 551.53896
7220.61031 46.81451 1.48130 1.51553 544.69136
7219.78118 46.19247 1.46145 1.49539 532.77062
7219.60980 46.08532 1.45790 1.49192 530.30573
7218.60930 45.55748 1.43590 1.47483 516.44219
7218.06090 45.18828 1.42405 1.46288 508.66475
7217.60880 44.85304 1.41211 1.45203 503.09199
7216.73635 44.18410 1.38722 1.43037 493.11884
7216.60830 44.07066 1.38348 1.42670 491.90832
7215.60780 43.22174 1.35393 1.39922 482.12418
7215.55782 43.17992 1.35244 1.39786 481.63704
7214.60730 42.36747 1.32323 1.37156 472.78978
7214.37966 42.17573 1.31685 1.36535 470.63722
7213.60680 41.58562 1.29522 1.34625 462.69923
7213.06830 41.17155 1.27953 1.33285 457.31813
7212.60630 40.82697 1.26886 1.32169 452.70391
7211.63559 40.16736 1.24561 1.30034 441.84091
7211.60580 40.14449 1.24483 1.29960 441.52041
7210.60530 39.45252 1.22315 1.27720 430.03938
7210.12155 39.16318 1.21409 1.26783 425.40003
7209.60480 38.94280 1.20632 1.26070 419.85926
7208.60430 38.50961 1.18812 1.24667 407.02327
7207.94025 38.15900 1.17720 1.23532 399.47766
7207.60380 37.97113 1.17127 1.22924 395.79959
7206.60330 37.44787 1.15326 1.21230 384.68805
7206.10754 37.15481 1.14155 1.20281 379.65596
7205.60280 36.78892 1.12954 1.19097 375.35261
7204.75160 36.15063 1.10690 1.17030 368.35723
7204.60230 36.04309 1.10263 1.16682 367.08653
7203.60180 35.25972 1.07659 1.14146 359.18688
7203.45969 35.14644 1.07282 1.13780 358.08359
7202.60130 34.47472 1.04796 1.11605 351.28434
7202.17029 34.14226 1.03577 1.10529 347.70547
7201.60080 33.76690 1.02424 1.09314 343.17875
7200.60030 33.26472 1.00758 1.07688 333.93930
7200.35420 33.13808 1.00234 1.07278 331.41043
7199.59980 32.76358 0.98835 1.06066 323.86063
7198.59930 32.28188 0.97342 1.04506 313.89455
7198.32238 32.13389 0.96867 1.04027 311.29918
7197.59880 31.78857 0.95390 1.02909 304.32447
7196.59830 31.23231 0.93404 1.01108 295.42373
7196.43353 31.12971 0.93108 1.00776 293.99305
7195.59780 30.60076 0.91681 0.99064 286.64836
7194.72375 30.12552 0.89880 0.97525 278.88988
7194.59730 30.05922 0.89600 0.97311 277.80434
7193.59680 29.55976 0.88038 0.95694 269.22123
7192.72931 29.12134 0.86673 0.94275 261.83307
7192.59630 29.05625 0.86421 0.94064 260.85800
7191.59580 28.60238 0.84573 0.92594 253.37594
7190.74746 28.11715 0.83122 0.91024 246.74512
7190.59530 28.03120 0.82856 0.90745 245.58393
7189.59480 27.56035 0.81177 0.89221 237.52748
7188.71034 27.11297 0.79405 0.87773 230.72513
7188.59430 27.04364 0.79202 0.87548 229.88958
7187.59380 26.50353 0.77665 0.85800 222.51204
7186.83193 26.10879 0.76258 0.84522 216.92959
7186.59330 25.98083 0.75698 0.84108 215.21214
7185.59280 25.47247 0.74013 0.82462 208.04741
7184.87091 25.10460 0.72999 0.81271 202.97217
7184.59230 24.97931 0.72595 0.80866 200.94323
7183.59180 24.56638 0.70950 0.79529 194.56348
7182.72597 24.10042 0.69377 0.78020 189.02616
7182.59130 24.00446 0.69100 0.77710 188.17950
7181.59080 23.35454 0.66664 0.75606 181.93495
7181.20642 23.09623 0.65601 0.74769 179.55439
7180.59030 22.72557 0.64245 0.73569 175.70385
7179.58979 22.33383 0.63551 0.72301 169.25105
7178.83752 22.09205 0.63063 0.71519 164.50948
7178.58929 22.02547 0.62867 0.71303 162.95932
7177.58879 21.77086 0.61740 0.70479 156.90710
7176.58829 21.50553 0.60536 0.69620 151.14537
7175.58779 21.14359 0.59678 0.68448 145.71130
7175.45646 21.08787 0.59568 0.68268 144.99837
7174.58729 20.71281 0.58430 0.67054 140.79554
7173.58679 20.28097 0.56671 0.65656 135.97354
7173.23166 20.08368 0.55947 0.65017 134.18178
7172.58629 19.65237 0.54827 0.63621 131.00250
7171.68954 19.07950 0.52663 0.61766 126.56259
7171.58579 19.01515 0.52361 0.61558 126.05077
7170.58529 18.47193 0.50297 0.59799 121.22482
7169.58479 18.10311 0.49898 0.58605 116.72302
7169.48840 18.07531 0.49854 0.58515 116.30725
7168.58429 17.90033 0.49479 0.57949 112.60904
7167.58379 17.72332 0.48706 0.57376 108.72877
7166.58329 17.46561 0.47396 0.56541 104.90597
7165.58279 17.08260 0.46383 0.55302 101.44743
7165.56155 17.07113 0.46356 0.55264 101.36396
7164.58229 16.39855 0.44060 0.53087 97.18485
7164.06803 16.06695 0.42713 0.52014 95.04263
7163.58179 15.78770 0.41658 0.51110 93.08703
7162.58129 15.38355 0.40894 0.49801 89.52121
7161.58079 15.08847 0.40241 0.48846 86.34915
7161.49826 15.06276 0.40162 0.48763 86.09068
7160.58029 14.81007 0.38995 0.47945 83.37766
7159.57979 14.49901 0.37660 0.46938 80.44896
7158.57929 14.09134 0.36682 0.45618 77.36034
7158.51029 14.05858 0.36624 0.45512 77.13616
7157.57879 13.60461 0.35209 0.44042 74.11583
7156.57829 13.19855 0.33520 0.42728 71.50571
7156.26090 13.05439 0.33053 0.42261 70.62868
7155.57779 12.74323 0.32269 0.41254 68.70458
7154.57729 12.42334 0.31846 0.40218 66.28257
7153.57679 12.19668 0.31334 0.39484 64.23110
7152.84960 12.05021 0.30754 0.39010 62.84958
7152.57629 11.99986 0.30471 0.38847 62.36500
7151.57579 11.79717 0.29497 0.38191 60.57733
7150.57529 11.52693 0.28579 0.37316 58.63738
7149.57479 11.13771 0.27880 0.36056 56.34890
7149.37770 11.04603 0.27638 0.35759 55.84292
7148.57429 10.69868 0.26504 0.34635 53.93261
7147.57379 10.37822 0.25071 0.33597 52.03666
7146.59939 10.04184 0.24027 0.32508 50.08844
7146.57329 10.03092 0.23998 0.32473 50.02951
7145.57279 9.63903 0.23559 0.31204 47.88157
7144.57229 9.30054 0.22553 0.30109 45.99109
7143.79083 9.03766 0.21219 0.29258 44.54338
7143.57179 8.95931 0.20870 0.29004 44.12226
7142.57129 8.67074 0.19786 0.28070 42.50471
7141.57079 8.44891 0.19483 0.27352 41.17776
7140.57029 8.22528 0.19383 0.26628 39.88484
7139.82558 8.03347 0.18966 0.26007 38.82604
7139.56978 7.97358 0.18780 0.25813 38.49317
7138.56928 7.74471 0.17942 0.25072 37.23854
7137.56878 7.47846 0.16753 0.24210 35.81770
7136.56828 7.22033 0.15880 0.23374 34.43879
7135.90908 7.02929 0.15662 0.22756 33.44294
7135.56778 6.93411 0.15632 0.22448 32.94621
7134.56728 6.73084 0.15559 0.21790 31.81928
7133.56678 6.55239 0.15247 0.21212 30.81203
7132.56628 6.40613 0.14623 0.20739 29.95206
7131.56578 6.22915 0.13736 0.20166 28.95115
7130.63936 6.02510 0.12963 0.19505 27.86985
7130.56528 6.00487 0.12885 0.19440 27.76823
7129.56478 5.72455 0.12580 0.18532 26.32971
7128.56428 5.49271 0.12987 0.17782 25.05666
7127.56378 5.31622 0.13068 0.17210 24.05520
7126.56328 5.16257 0.12749 0.16713 23.17882
7125.82554 5.02092 0.12228 0.16254 22.42387
0.00000 0.00000 0.00000 0.00000 0.00000
