7304.78173 211.51280 7.08087 6.84730 768.58562
7304.77616 211.29672 7.07475 6.84031 770.14213
7304.82392 211.60197 7.08362 6.85019 768.94403
7304.37083 210.29162 7.04306 6.80777 767.81272
7304.05930 209.03591 7.00540 6.76712 770.13156
7303.82786 208.06378 6.97604 6.73565 772.27953
7304.31513 209.27532 7.01365 6.77487 774.76594
7303.52604 207.86288 6.96877 6.72915 765.89950
7303.04129 206.36891 6.92398 6.68078 765.70891
7303.35020 206.98015 6.94357 6.70057 768.33997
7302.85134 206.29535 6.92067 6.67840 761.35515
7302.19754 204.88569 6.87758 6.63276 756.78017
7302.17733 204.82746 6.87583 6.63088 756.77665
7301.62515 203.71098 6.84008 6.59474 752.39502
7301.17620 202.34708 6.79822 6.55058 753.24444
7300.92735 201.55144 6.77426 6.52482 754.17730
7301.17296 202.16538 6.79319 6.54470 754.89793
7300.44575 200.70956 6.74666 6.49757 749.36721
7300.02230 199.36214 6.70626 6.45395 751.26606
7300.40509 200.14870 6.73061 6.47941 753.94718
7299.69128 199.07066 6.69680 6.44451 744.89554
7299.11702 197.57271 6.65206 6.39602 743.83658
7299.27302 197.89003 6.66229 6.40629 744.77174
7298.74652 196.99496 6.63357 6.37732 740.31816
7298.21713 195.70803 6.59522 6.33566 741.23398
7298.21408 195.67234 6.59422 6.33450 741.54147
7297.79383 194.92722 6.57036 6.31038 738.99659
7297.26959 193.64779 6.53031 6.26896 738.47810
7297.14465 193.28750 6.51891 6.25730 738.44682
7296.98119 193.07229 6.51192 6.25033 736.12355
7296.43215 191.88953 6.47540 6.21204 734.16252
7296.21009 191.40249 6.46057 6.19627 733.46454
7295.99148 191.04876 6.44933 6.18482 731.43133
7295.44883 189.89629 6.41645 6.14751 728.46756
7295.19452 189.33978 6.40000 6.12950 727.45323
7295.03467 189.08932 6.39135 6.12139 725.92699
7294.43137 187.86290 6.35206 6.08169 723.47578
7294.13279 187.14168 6.33050 6.05834 723.59270
7294.22645 187.36994 6.33706 6.06573 723.51717
7293.57106 186.26795 6.30231 6.03005 718.09598
7293.28313 185.73951 6.28588 6.01295 716.33119
7292.84701 184.95691 6.26198 5.98761 713.47898
7292.33865 183.81892 6.22700 5.95077 713.05417
7292.21726 183.55128 6.21816 5.94211 712.92465
7291.89287 182.98141 6.19985 5.92366 710.72952
7291.37323 181.85383 6.16691 5.88715 709.99132
7291.24021 181.56016 6.15919 5.87765 709.33074
7290.94952 181.07988 6.14498 5.86210 706.31543
7290.41691 179.99995 6.10999 5.82714 704.99784
7290.29789 179.78284 6.10352 5.82011 704.65274
7289.88515 179.06860 6.08245 5.79699 703.58987
7289.34720 177.98318 6.04878 5.76185 703.70517
7289.30817 177.91034 6.04628 5.75949 703.54329
7288.79941 177.03256 6.01805 5.73107 700.07706
7288.26964 175.91648 5.98463 5.69494 699.74028
7288.30600 176.00046 5.98726 5.69766 699.64516
7287.70266 174.92724 5.95204 5.66292 696.57717
7287.20040 173.76899 5.91807 5.62542 697.92501
7287.31094 174.00568 5.92480 5.63309 697.87823
7286.76625 173.05668 5.89519 5.60236 695.15470
7286.21052 171.93618 5.86262 5.56609 692.81971
7286.43809 172.33536 5.87412 5.57901 694.56947
7285.83666 171.40866 5.84589 5.54901 689.09601
7285.40519 170.72946 5.82394 5.52702 685.89450
7285.01298 170.07265 5.80159 5.50576 683.56480
7284.46981 169.01638 5.77045 5.47157 682.68044
7284.30678 168.71886 5.76136 5.46194 682.15031
7283.92438 168.06921 5.73999 5.44090 680.19857
7283.36195 166.97306 5.70516 5.40542 679.56487
7283.27223 166.79809 5.70030 5.39975 679.46857
7282.87776 166.10602 5.67923 5.37735 677.94845
7282.32723 165.09321 5.64598 5.34456 676.58647
7282.32734 165.10517 5.64631 5.34495 676.39375
7281.76054 164.12606 5.61639 5.31325 673.66635
7281.28297 163.25101 5.59092 5.28492 671.07015
7281.22293 163.16783 5.58792 5.28223 670.60266
7280.63759 162.13264 5.55637 5.24872 671.49778
7280.37115 161.66204 5.54214 5.23349 671.53541
7280.11781 161.28296 5.53034 5.22121 669.95829
7279.49510 160.23922 5.49422 5.18742 666.90920
7279.35430 160.01743 5.48712 5.18024 666.06400
7278.85646 159.17411 5.46326 5.15294 664.29913
7278.32761 158.25998 5.43281 5.12335 662.74490
7278.23787 158.11776 5.42792 5.11875 662.24041
7277.64168 157.05215 5.39520 5.08425 661.27900
7277.30486 156.41890 5.37619 5.06375 661.33941
7277.26873 156.38628 5.37484 5.06269 660.70388
7276.62360 155.39874 5.34102 5.03072 657.01193
7276.45190 155.15396 5.33393 5.02280 655.59649
7275.93930 154.34938 5.31103 4.99675 651.07290
7275.47658 153.64705 5.28677 4.97402 648.29257
7275.15812 153.16169 5.26979 4.95830 646.54190
7274.58392 152.14381 5.24052 4.92535 645.99191
7274.45102 151.93807 5.23357 4.91869 645.34062
7274.01794 151.28594 5.21027 4.89758 642.89562
7273.36973 150.22313 5.17820 4.86317 640.90821
7273.40409 150.27922 5.18001 4.86499 641.03552
7272.76239 149.25949 5.14538 4.83198 638.49766
7272.38632 148.64958 5.12546 4.81223 638.78412
7272.13707 148.24883 5.11578 4.79926 639.24657
7271.53227 147.27719 5.08369 4.76780 638.80056
7271.47316 147.19826 5.08057 4.76525 638.28780
7270.88868 146.30988 5.05419 4.73649 634.49259
7270.44412 145.60478 5.03292 4.71366 631.82490
7270.25135 145.32860 5.02299 4.70472 630.71648
7269.60177 144.31528 4.98863 4.67192 628.66794
7269.49151 144.15856 4.98406 4.66684 627.99937
7268.96539 143.37299 4.96044 4.64141 625.71942
7268.53795 142.73686 4.93742 4.62082 623.81469
7268.36694 142.51684 4.93066 4.61370 622.35023
7267.63742 141.49623 4.89798 4.58066 617.92681
7267.48910 141.29200 4.89040 4.57405 616.99961
7266.81883 140.28357 4.85692 4.54140 614.63209
7266.41380 139.62662 4.83737 4.52013 614.27883
7266.28055 139.42711 4.83087 4.51367 613.83081
7265.59644 138.46103 4.79721 4.48240 610.26875
7265.48364 138.30295 4.79312 4.47728 609.64354
7264.87738 137.39266 4.76431 4.44781 607.93206
7264.57949 136.98559 4.74978 4.43463 605.03945
7264.14039 136.37020 4.73270 4.41471 601.46407
7263.47207 135.36171 4.69898 4.38206 600.29109
7263.54726 135.47391 4.70289 4.38570 600.28566
7262.83457 134.48201 4.67002 4.35359 600.17232
7262.56842 134.12302 4.65898 4.34196 599.43050
7262.13182 133.50045 4.63950 4.32181 597.71601
7261.65103 132.87117 4.61567 4.30144 594.43763
7261.22210 132.28447 4.59897 4.28245 592.47348
7260.56195 131.23363 4.56298 4.24843 592.99904
7260.54398 131.21827 4.56228 4.24793 592.69309
7259.98201 130.41812 4.53878 4.22203 591.00970
7259.65374 129.95390 4.52299 4.20700 589.94181
7259.51315 129.79224 4.51648 4.20176 588.58614
7258.82927 129.01174 4.48798 4.17650 582.19015
7258.38795 128.44921 4.47133 4.15829 577.75163
7257.66596 127.42837 4.43720 4.12524 574.82343
7257.64605 127.40918 4.43642 4.12462 574.55573
7256.97596 126.52107 4.40832 4.09587 571.44246
7256.64645 126.08083 4.39368 4.08161 570.05486
7256.27661 125.59786 4.37480 4.06598 568.35072
7255.71195 124.89142 4.35428 4.04311 564.84038
7255.42396 124.52040 4.34140 4.03110 563.09176
7254.66408 123.50675 4.30487 3.99828 562.25021
7254.61594 123.44554 4.30314 3.99630 562.18695
7253.87710 122.44747 4.26954 3.96399 562.44995
7253.57899 122.02638 4.25472 3.95036 561.83821
7253.26117 121.58975 4.24018 3.93622 560.99912
7252.76694 121.00166 4.22074 3.91719 557.64460
7252.46681 120.62534 4.20784 3.90500 556.09413
7251.75687 119.74744 4.17569 3.87658 552.44737
7251.69017 119.67545 4.17363 3.87425 551.65032
7250.86458 118.67072 4.14225 3.84173 543.90349
7250.79207 118.59114 4.13883 3.83915 543.25872
7250.04811 117.69466 4.11056 3.81013 539.28303
7249.80971 117.42271 4.10078 3.80133 537.45773
7249.19071 116.68118 4.07089 3.77732 533.89585
7248.76353 116.17206 4.05682 3.76084 531.40026
7248.31079 115.61057 4.03547 3.74266 529.51245
7247.76033 114.93023 4.01063 3.72064 527.18416
7247.43507 114.54111 3.99862 3.70804 525.36776
7246.64674 113.50547 3.96143 3.67451 524.08017
7246.77175 113.66215 3.96728 3.67958 524.49644
7245.94051 112.66611 3.93216 3.64734 520.13476
7245.78422 112.48281 3.92643 3.64141 519.57860
7245.14634 111.71249 3.89846 3.61647 520.35918
7244.86937 111.41974 3.88655 3.60699 519.01320
7244.24447 110.68617 3.86626 3.58324 513.08080
7243.84768 110.21856 3.84862 3.56811 509.97060
7243.43111 109.74920 3.82956 3.55291 507.53871
7242.87880 109.11927 3.80934 3.53252 504.41588
7242.60096 108.81016 3.79742 3.52251 502.57135
7241.96958 108.12355 3.76924 3.50028 498.05261
7241.76148 107.91121 3.76133 3.49341 496.13887
7240.98495 107.10601 3.73104 3.46734 489.46489
7240.67602 106.75805 3.71709 3.45608 487.69271
7239.91097 105.90402 3.68437 3.42843 483.14714
7239.70376 105.67897 3.67621 3.42115 481.75896
7238.83933 104.65516 3.63682 3.38800 478.71637
7238.84385 104.66386 3.63712 3.38828 478.62546
7238.02091 103.71181 3.60147 3.35746 475.22543
7237.93615 103.62502 3.59800 3.35465 474.44954
7237.16597 102.78172 3.56491 3.32735 470.19102
7236.92372 102.51388 3.55466 3.31868 470.56240
7236.27998 101.80866 3.52921 3.29585 468.62626
7235.93568 101.44791 3.51635 3.28417 464.21822
7235.36559 100.81203 3.49237 3.26359 460.06965
7235.03472 100.47812 3.47880 3.25278 457.70062
7234.41208 99.83238 3.45315 3.23187 453.11063
7234.07624 99.46006 3.43882 3.21982 451.53756
7233.59169 99.00934 3.41980 3.20523 446.32120
7233.04981 98.47608 3.39786 3.18797 441.56592
7232.49981 97.90027 3.37496 3.16933 437.87020
7232.02490 97.43430 3.35546 3.15424 433.86915
7231.37416 96.73261 3.32694 3.13152 430.26255
7230.91708 96.20739 3.30625 3.11452 428.75110
7230.61847 95.89507 3.29335 3.10441 426.85980
7230.05193 95.33562 3.26958 3.08630 422.21287
7229.58874 94.84760 3.24989 3.07050 419.38298
7229.03432 94.27837 3.22621 3.05207 415.65712
7228.69862 93.93245 3.21120 3.04088 413.57876
7228.15121 93.40597 3.18971 3.02383 408.19992
7227.68122 92.95524 3.17312 3.00924 403.96915
7227.10210 92.38473 3.15036 2.99077 400.86894
7226.63252 91.91983 3.13069 2.97572 397.10224
7226.10186 91.39357 3.10816 2.95868 393.10834
7225.66456 90.96364 3.09000 2.94477 389.75403
7225.18838 90.51290 3.07101 2.93017 385.46049
7224.64435 90.00443 3.04894 2.91371 380.46201
7224.21773 89.60108 3.03214 2.90066 376.66676
7223.60702 89.04452 3.00901 2.88264 370.77690
7223.19012 88.66037 2.99277 2.87020 366.89060
7222.43812 87.94646 2.96474 2.84709 360.45182
7222.00847 87.51419 2.94747 2.83310 357.63648
7221.41595 86.88659 2.92340 2.81278 354.56220
7221.24021 86.74221 2.91836 2.80811 352.43281
7220.40958 85.97283 2.89074 2.78320 345.30245
7220.03889 85.60036 2.87729 2.77114 342.55423
7219.33183 84.87654 2.85348 2.74771 339.51071
7219.17756 84.73776 2.84943 2.74322 338.90849
7218.39143 83.99060 2.83322 2.71903 333.02059
7218.32132 83.93535 2.83230 2.71724 331.84165
7217.35384 83.08772 2.81033 2.68980 320.54853
7217.28635 83.02646 2.80828 2.68782 319.95435
7216.28911 82.14035 2.77903 2.65913 310.94275
7216.13592 82.00337 2.77793 2.65470 309.53924
7215.17353 81.11296 2.80075 2.62587 301.83299
7214.72567 80.64438 2.79417 2.61070 299.50593
7213.86249 79.66643 2.60092 2.57904 296.60494
7213.65197 79.41825 2.56045 2.57101 296.16086
7212.85337 78.40175 2.52138 2.53810 295.44218
7212.60489 78.08262 2.51286 2.52777 295.07138
7212.04232 77.31999 2.48881 2.50308 295.02820
7211.57063 76.71015 2.46974 2.48334 294.18057
7211.25417 76.24222 2.45407 2.46819 295.25441
7210.61772 75.39559 2.42753 2.44078 293.00961
7210.30183 74.95061 2.41390 2.42638 292.67511
7209.70214 73.96701 2.37917 2.39453 298.41908
7209.49209 73.66077 2.36844 2.38462 299.34670
7209.09683 73.09723 2.34851 2.36638 299.83995
7208.44630 72.11718 2.31367 2.33465 301.20888
7208.31268 71.91601 2.30659 2.32814 301.62382
7207.70510 70.92279 2.27140 2.29598 305.51421
7207.33154 70.33601 2.25083 2.27699 307.54494
7206.92051 69.61326 2.22570 2.25359 311.42744
7206.40470 68.59838 2.19049 2.22074 319.53512
7206.32961 68.46590 2.18587 2.21645 320.40678
7205.97601 67.90920 2.16684 2.19842 322.98096
7205.34617 66.88221 2.13215 2.16518 329.29921
7205.24489 66.71031 2.12650 2.15961 330.38446
7204.73194 65.79390 2.09985 2.12995 335.07411
7204.35713 65.19591 2.08047 2.11059 338.90776
7204.05720 64.70089 2.06439 2.09456 342.65654
7203.55950 63.77926 2.03481 2.06473 351.94374
7203.47693 63.68560 2.03189 2.06169 351.81155
7202.98810 62.96294 2.00928 2.03830 355.95466
7202.38450 61.99652 1.97891 2.00701 363.04494
7202.53488 62.22659 1.98604 2.01446 361.67567
7201.75977 61.17582 1.95335 1.98044 366.09510
7201.45760 60.73517 1.93946 1.96618 369.70448
7201.00502 60.06166 1.91834 1.94438 374.94204
7200.52836 59.37555 1.89655 1.92216 377.75742
7200.30523 59.07889 1.88714 1.91256 378.14608
7199.59951 58.03318 1.85344 1.87871 382.68556
7199.52923 57.93060 1.85045 1.87539 382.76332
7198.93873 57.10781 1.82629 1.84875 382.34300
7198.53318 56.51830 1.80634 1.82967 384.48486
7198.30826 56.22330 1.79636 1.82012 384.72526
7197.60883 55.28910 1.76477 1.78987 385.60166
7197.90538 55.64079 1.77679 1.80126 386.33928
7196.96708 54.64836 1.74257 1.76913 381.25623
7196.81962 54.48535 1.73690 1.76385 380.65782
7195.97194 53.50575 1.70288 1.73214 378.44022
7195.99248 53.53457 1.70388 1.73307 378.37264
7195.15019 52.65684 1.67309 1.70466 374.26208
7195.08532 52.58079 1.67041 1.70220 374.14959
7194.29722 51.81623 1.64341 1.67745 369.45382
7194.47330 51.97078 1.64891 1.68245 370.84689
7193.49862 51.20093 1.62157 1.65753 361.73721
7193.46673 51.17463 1.62064 1.65668 361.46715
7192.60067 50.51796 1.59738 1.63542 353.64984
7192.37969 50.35155 1.59153 1.63003 352.39122
7191.93171 50.07839 1.58191 1.62119 348.53303
7190.90132 49.42185 1.55846 1.59993 337.70717
7190.54938 49.17553 1.54961 1.59196 334.72953
7189.58291 48.44353 1.52635 1.56826 326.17418
7189.15157 48.11882 1.51642 1.55775 322.25168
7188.38230 47.49972 1.49487 1.53771 317.52118
7187.73386 46.93113 1.47478 1.51930 314.63929
7187.34625 46.58791 1.46278 1.50819 312.94279
7186.69512 46.04245 1.44348 1.49053 309.63656
7186.59144 45.96469 1.44073 1.48801 308.95136
7185.60113 45.22611 1.41456 1.46410 302.52063
7185.63735 45.24976 1.41541 1.46487 302.80518
7184.75521 44.62743 1.39312 1.44472 296.66658
7184.24673 44.29126 1.38117 1.43384 292.90001
7183.81960 43.98550 1.37031 1.42394 291.01950
7182.88331 43.38201 1.34880 1.40441 285.19479
7183.61209 43.76548 1.36258 1.41682 291.49692
7182.65125 43.36283 1.34800 1.40378 281.32865
7181.52421 42.88393 1.33101 1.38828 269.74524
7180.81334 42.50817 1.31785 1.37612 263.87475
7180.08382 42.08979 1.30325 1.36257 258.51719
7179.05965 41.49181 1.28257 1.34321 251.34353
7178.54241 41.14646 1.27052 1.33203 248.43524
7177.55035 40.39481 1.24462 1.30770 244.09958
7177.15789 40.08599 1.23501 1.29770 242.09271
7176.45459 39.53588 1.21830 1.27990 238.31611
7175.79540 38.98892 1.19907 1.26219 236.11538
7175.47882 38.72263 1.18961 1.25357 235.00512
7174.69548 38.11548 1.16827 1.23391 232.26763
7175.13667 38.40100 1.17835 1.24316 234.26452
7174.29028 37.93991 1.16198 1.22823 229.69681
7173.64219 37.62962 1.15079 1.21818 224.95109
7173.46731 37.53802 1.14749 1.21522 223.67604
7172.43481 37.06486 1.13050 1.19990 215.96611
7171.52632 36.61168 1.11448 1.18523 209.85220
7171.26449 36.48279 1.10991 1.18106 208.12759
7170.13317 35.87988 1.08871 1.16154 201.34788
7169.28605 35.36487 1.07069 1.14487 197.09213
7169.14939 35.26140 1.06709 1.14152 196.61334
7168.24138 34.78824 1.05052 1.12620 191.44226
7167.75566 34.52281 1.04128 1.11761 188.87186
7167.28679 34.27081 1.03251 1.10945 186.38983
7166.29687 33.76884 1.01504 1.09320 181.24010
7165.90847 33.56169 1.00786 1.08649 179.75333
7165.24843 33.22594 0.99621 1.07562 176.60305
7164.22953 32.67497 0.97714 1.05779 171.62850
7164.19693 32.65569 0.97648 1.05716 171.48770
7163.48705 32.34073 0.96563 1.04697 167.64246
7162.36529 31.80811 0.94700 1.02972 162.08258
7161.70688 31.45185 0.93449 1.01819 159.22311
7161.19275 31.14585 0.92442 1.00828 157.09307
7160.28522 30.67869 0.91055 0.99316 152.68446
7160.04347 30.55298 0.90671 0.98909 151.56122
7159.36355 30.20278 0.89544 0.97775 148.55794
7158.38150 29.73143 0.87898 0.96250 144.43328
7158.13750 29.60247 0.87450 0.95832 143.46933
7157.26568 29.18733 0.86019 0.94488 139.88323
7156.10139 28.53787 0.83799 0.92386 136.29681
7155.61180 28.22886 0.82728 0.91385 134.65410
7154.85895 27.70703 0.80919 0.89696 132.43833
7154.36558 27.41601 0.79906 0.88754 130.76646
7154.56955 27.50710 0.80225 0.89049 131.56956
7153.90257 27.23446 0.79265 0.88166 128.88904
7153.10793 26.99602 0.78429 0.87394 125.49164
7152.83631 26.90961 0.78126 0.87114 124.38025
7152.30879 26.77540 0.77655 0.86680 122.19177
7151.16476 26.46963 0.76613 0.85690 117.76926
7149.87348 26.05130 0.75221 0.84336 113.33885
7148.88351 25.63616 0.73843 0.82992 110.30608
7148.38511 25.38796 0.73020 0.82188 109.11995
7147.31666 24.87379 0.71319 0.80524 106.31887
7146.41715 24.37924 0.69672 0.78923 103.94790
7145.95248 24.07421 0.68648 0.77935 102.79219
7145.00045 23.50707 0.66737 0.76099 100.34468
7144.91351 23.44784 0.66535 0.75908 100.13343
7144.57190 23.24494 0.65836 0.75251 99.27590
7144.07875 23.07648 0.65251 0.74705 97.92113
7143.46176 22.92047 0.64724 0.74200 96.23505
7143.64335 22.96291 0.64856 0.74338 96.72449
7142.44393 22.73380 0.64127 0.73596 93.60312
7140.89530 22.29739 0.62899 0.72183 89.99914
7139.51915 21.71044 0.61196 0.70283 87.03250
7138.68920 21.25590 0.59664 0.68812 85.40060
7137.82399 20.67480 0.57750 0.66931 83.39850
7137.28074 20.32736 0.56609 0.65806 82.18567
7137.68613 20.51357 0.57224 0.66409 83.03524
7137.04134 20.28747 0.56475 0.65677 81.74524
7136.16253 20.03792 0.55649 0.64869 80.07380
7135.55941 19.85479 0.55040 0.64276 78.97118
7135.04511 19.70415 0.54551 0.63788 78.05093
7133.85144 19.30520 0.53277 0.62497 75.95367
7132.63416 18.82167 0.51686 0.60931 73.78545
7132.04885 18.54565 0.50776 0.60038 72.69750
7131.48842 18.26619 0.49867 0.59133 71.61804
7130.59959 17.88385 0.48626 0.57895 70.10041
7130.02368 17.64109 0.47834 0.57109 69.14380
7129.92266 17.57498 0.47614 0.56895 68.92241
7129.29655 17.38659 0.47006 0.56286 67.98165
7128.54932 17.22355 0.46495 0.55758 67.03649
7127.56639 17.03461 0.45944 0.55146 65.92499
7127.09408 16.92589 0.45627 0.54794 65.36712
7126.27954 16.74009 0.45094 0.54193 64.43351
7124.88637 16.32508 0.43847 0.52849 62.66711
7123.57917 15.78516 0.42176 0.51101 60.63820
7123.18932 15.60274 0.41605 0.50511 59.98036
7122.77488 15.41315 0.41013 0.49897 59.29126
7121.98929 15.14704 0.40203 0.49036 58.26196
7121.01881 14.83673 0.39234 0.48031 57.07976
7120.67689 14.71495 0.38854 0.47637 56.63012
7119.88821 14.41184 0.37912 0.46655 55.49675
7118.99156 14.11679 0.37003 0.45700 54.36778
7117.99199 13.78655 0.35970 0.44631 53.10022
7118.21136 13.85343 0.36168 0.44848 53.34761
7117.35041 13.61099 0.35451 0.44063 52.41325
7116.47218 13.42050 0.34945 0.43446 51.66905
7115.35837 13.16771 0.34347 0.42628 50.75346
7114.25652 12.87304 0.33688 0.41674 49.74241
7114.19098 12.85411 0.33644 0.41613 49.67633
7113.24278 12.59400 0.32989 0.40771 48.73608
7112.28300 12.33405 0.32254 0.39929 47.72754
7111.27046 12.07457 0.31525 0.39089 46.66856
7110.49180 11.85738 0.30918 0.38386 45.77642
7110.59207 11.87962 0.30974 0.38458 45.86780
7109.71601 11.71550 0.30592 0.37927 45.18934
7108.79664 11.57485 0.30312 0.37471 44.58522
7107.73615 11.41209 0.30000 0.36944 43.89054
7106.55717 11.20044 0.29545 0.36259 42.98221
7105.41691 10.94163 0.28933 0.35421 41.86058
7105.01528 10.83735 0.28684 0.35084 41.40339
7104.36053 10.64606 0.28208 0.34464 40.57071
7103.66826 10.49939 0.27884 0.33990 39.91392
7102.84059 10.38000 0.27710 0.33603 39.33944
7101.69905 10.21746 0.27512 0.33077 38.55325
7100.48668 9.97017 0.27063 0.32276 37.37761
7100.01739 9.85014 0.26807 0.31888 36.81491
0.00000 0.00000 0.00000 0.00000 0.00000
