7036.51826 10.01299 0.25541 0.32415 137.83971
7036.90872 10.04184 0.25685 0.32508 137.87050
7037.51876 10.07988 0.25890 0.32632 137.80691
7038.51926 10.14253 0.26244 0.32834 137.67308
7039.51976 10.20178 0.26594 0.33026 137.45256
7040.52026 10.26702 0.26975 0.33237 137.28554
7041.52076 10.34024 0.27383 0.33474 137.19704
7042.52126 10.39534 0.27727 0.33653 136.92535
7043.52176 10.47701 0.28182 0.33917 136.91005
7044.52226 10.58355 0.28702 0.34262 137.20755
7045.52276 10.67435 0.29168 0.34556 137.24295
7046.52326 10.78533 0.29702 0.34915 137.51987
7047.52376 10.88274 0.30186 0.35231 137.56206
7048.52426 11.02069 0.30804 0.35677 138.13236
7048.69154 11.04603 0.30915 0.35759 138.25592
7049.52476 11.16092 0.31441 0.36131 138.68742
7050.52526 11.28385 0.32029 0.36529 138.93976
7051.52576 11.37978 0.32520 0.36840 138.87931
7052.52626 11.48511 0.33049 0.37181 138.85979
7053.52676 11.59270 0.33593 0.37529 138.77552
7054.52726 11.71262 0.34176 0.37917 138.82883
7055.52776 11.85364 0.34832 0.38374 139.12805
7056.52826 12.00603 0.35530 0.38867 139.56152
7056.80493 12.05021 0.35730 0.39010 139.70229
7057.52876 12.16088 0.36238 0.39368 139.99178
7058.52926 12.30458 0.36910 0.39834 140.23928
7059.52976 12.44745 0.37575 0.40296 140.36779
7060.53027 12.57120 0.38145 0.40697 140.31524
7061.53077 12.72494 0.38824 0.41194 140.32967
7062.53127 12.88263 0.39499 0.41705 140.26312
7063.53177 13.05248 0.40205 0.42255 140.20199
7063.54278 13.05439 0.40214 0.42261 140.20426
7064.53227 13.22921 0.40925 0.42827 140.12590
7065.53277 13.41037 0.41668 0.43413 140.08906
7066.53327 13.59051 0.42412 0.43997 140.11721
7067.53377 13.80895 0.43272 0.44704 140.67396
7068.53427 14.04430 0.44261 0.45466 141.69260
7068.59997 14.05858 0.44323 0.45512 141.75696
7069.53477 14.24520 0.45119 0.46116 142.09573
7070.53527 14.43175 0.45919 0.46720 142.12587
7071.53577 14.60914 0.46695 0.47294 141.94999
7072.53627 14.81841 0.47556 0.47972 142.10703
7073.48546 15.06276 0.48522 0.48763 142.80509
7073.53677 15.07780 0.48579 0.48811 142.86551
7074.53727 15.32126 0.49543 0.49600 143.36707
7075.53777 15.53095 0.50385 0.50278 143.36686
7076.53827 15.74424 0.51217 0.50969 143.35259
7077.53877 15.96547 0.52062 0.51685 143.52254
7077.92908 16.06695 0.52430 0.52014 143.89259
7078.53927 16.22253 0.53008 0.52517 144.18803
7079.53977 16.45283 0.53848 0.53263 144.26682
7080.54027 16.67039 0.54635 0.53967 144.13971
7081.54077 16.89575 0.55380 0.54697 144.08863
7082.17241 17.07113 0.55913 0.55264 144.50788
7082.54127 17.17735 0.56213 0.55608 144.79824
7083.54177 17.42521 0.56869 0.56411 145.02555
7084.54227 17.64309 0.57448 0.57116 144.81209
7085.54277 17.87498 0.58094 0.57867 144.78445
7086.38192 18.07531 0.58652 0.58515 144.81359
7086.54327 18.11872 0.58773 0.58656 144.94119
7087.54377 18.36408 0.59366 0.59450 145.39575
7088.54427 18.61333 0.59813 0.60257 145.53727
7089.54477 18.86325 0.60192 0.61066 145.71388
7090.34648 19.07950 0.60596 0.61766 146.06253
7090.54527 19.13560 0.60717 0.61948 146.18166
7091.54577 19.38136 0.61294 0.62743 146.25255
7092.54627 19.60418 0.61797 0.63465 145.98118
7093.54677 19.86148 0.62261 0.64298 146.16794
7094.26102 20.08368 0.62634 0.65017 146.82208
7094.54727 20.17461 0.62791 0.65311 147.08856
7095.54777 20.39201 0.63170 0.66015 146.97794
7096.54827 20.62984 0.63725 0.66785 146.82858
7097.54877 20.87396 0.64339 0.67575 146.69076
7098.36534 21.08787 0.64792 0.68268 146.77966
7098.54927 21.14411 0.64904 0.68450 146.91882
7099.54977 21.43477 0.65433 0.69391 147.46880
7100.55028 21.72904 0.66117 0.70343 147.95532
7101.55078 22.01478 0.66842 0.71268 148.01739
7101.79374 22.09205 0.67027 0.71519 148.08482
7102.55128 22.35434 0.67628 0.72368 148.41844
7103.55178 22.65773 0.68180 0.73350 148.37647
7104.55228 22.93976 0.68779 0.74263 148.74810
7105.05747 23.09623 0.69182 0.74769 148.96299
7105.55278 23.23581 0.69588 0.75221 149.04135
7106.55328 23.52179 0.70430 0.76147 149.23586
7107.55378 23.80740 0.71195 0.77072 149.29952
7108.44185 24.10042 0.71932 0.78020 149.82968
7108.55428 24.14265 0.72044 0.78157 149.96314
7109.55478 24.47189 0.72934 0.79223 150.51346
7110.55528 24.77213 0.73834 0.80195 150.65503
7111.55578 25.06962 0.74722 0.81158 150.72059
7111.66172 25.10460 0.74814 0.81271 150.76736
7112.55628 25.40965 0.75627 0.82259 151.26157
7113.55678 25.69978 0.76454 0.83198 151.55334
7114.55728 26.05371 0.77530 0.84344 152.18277
7114.70511 26.10879 0.77704 0.84522 152.31435
7115.55778 26.40702 0.78638 0.85487 152.78262
7116.55828 26.73192 0.79554 0.86539 152.97644
7117.55878 27.06843 0.80529 0.87629 153.25786
7117.67570 27.11297 0.80668 0.87773 153.35637
7118.55928 27.42570 0.81654 0.88785 153.77702
7119.55978 27.73975 0.82621 0.89802 153.69772
7120.56028 28.09587 0.83686 0.90955 154.08971
7120.61610 28.11715 0.83748 0.91024 154.12566
7121.56078 28.47369 0.84828 0.92178 154.97436
7122.56128 28.79332 0.85857 0.93213 155.01601
7123.50713 29.12134 0.86910 0.94275 155.14693
7123.56178 29.14235 0.86976 0.94343 155.17751
7124.56228 29.52416 0.88135 0.95579 155.71031
7125.56278 29.89544 0.89302 0.96781 156.16291
7126.09961 30.12552 0.90076 0.97525 156.75646
7126.56328 30.34249 0.90782 0.98228 157.36353
7127.56378 30.74425 0.91921 0.99528 157.46263
7128.49394 31.12971 0.92942 1.00776 157.58080
7128.56428 31.16007 0.93028 1.00875 157.61213
7129.56478 31.57403 0.94319 1.02215 158.16305
7130.56528 31.94343 0.95583 1.03410 158.50105
7131.07276 32.13389 0.96214 1.04027 158.90420
7131.56578 32.33116 0.96837 1.04666 159.14909
7132.56628 32.74759 0.98121 1.06014 159.67611
7133.49231 33.13808 0.99446 1.07278 160.23267
7133.56678 33.17036 0.99556 1.07382 160.28685
7134.56728 33.55500 1.00829 1.08628 160.43485
7135.56778 33.94569 1.02066 1.09892 160.58926
7136.01773 34.14226 1.02707 1.10529 160.89023
7136.56828 34.39742 1.03566 1.11355 161.41059
7137.56878 34.79922 1.04928 1.12656 161.61892
7138.39518 35.14644 1.06052 1.13780 161.88164
7138.56928 35.22871 1.06321 1.14046 162.03644
7139.56978 35.63219 1.07636 1.15352 162.63779
7140.57029 36.06988 1.09135 1.16769 163.11080
7140.73941 36.15063 1.09409 1.17030 163.26328
7141.57079 36.54615 1.10717 1.18311 163.98311
7142.57129 36.98198 1.12142 1.19722 164.35522
7142.94123 37.15481 1.12736 1.20281 164.60148
7143.57179 37.45435 1.13760 1.21251 165.07671
7144.57229 37.87614 1.15178 1.22616 165.22404
7145.17897 38.15900 1.16092 1.23532 165.57220
7145.57279 38.35738 1.16766 1.24174 165.95042
7146.57329 38.83202 1.18409 1.25711 166.55610
7147.26444 39.16318 1.19556 1.26783 167.06139
7147.57379 39.33243 1.20135 1.27331 167.48537
7148.57429 39.79639 1.21598 1.28833 167.96132
7149.31971 40.16736 1.22703 1.30034 168.12918
7149.57479 40.29596 1.23096 1.30450 168.14261
7150.57529 40.80026 1.24758 1.32083 168.74312
7151.28816 41.17155 1.26044 1.33285 169.48112
7151.57579 41.32655 1.26584 1.33786 169.79209
7152.57629 41.80663 1.28259 1.35341 170.19887
7153.33035 42.17573 1.29513 1.36535 170.59533
7153.57679 42.30683 1.29949 1.36960 170.81019
7154.57729 42.81465 1.31686 1.38604 171.45785
7155.29138 43.17992 1.32970 1.39786 171.92683
7155.57779 43.32989 1.33492 1.40272 172.13510
7156.57829 43.84864 1.35250 1.41951 172.82229
7157.32024 44.18410 1.36426 1.43037 173.24927
7157.57879 44.30439 1.36849 1.43427 173.31465
7158.57929 44.79794 1.38594 1.45024 173.65228
7159.34823 45.18828 1.39914 1.46288 174.02631
7159.57979 45.32388 1.40384 1.46727 174.29772
7160.58029 45.86321 1.42295 1.48473 175.03725
7161.18259 46.19247 1.43463 1.49539 175.53506
7161.58079 46.42757 1.44274 1.50300 175.99274
7162.58129 46.96975 1.46146 1.52055 176.64989
7162.99236 47.19665 1.46948 1.52790 176.96444
7163.58179 47.51745 1.48091 1.53828 177.41127
7164.58229 48.04036 1.49917 1.55521 177.90711
7164.85249 48.20084 1.50426 1.56041 178.06537
7165.58279 48.70017 1.51940 1.57657 178.77238
7166.50141 49.20502 1.53607 1.59291 179.56796
7166.58329 49.25018 1.53764 1.59438 179.64304
7167.58379 49.82845 1.55835 1.61310 180.57881
7168.21811 50.20921 1.57187 1.62542 181.22795
7168.58429 50.43226 1.57972 1.63264 181.61269
7169.58479 50.95356 1.59789 1.64952 181.96973
7170.01510 51.21339 1.60706 1.65793 182.39698
7170.58529 51.56913 1.61944 1.66945 183.05516
7171.58579 52.13881 1.63966 1.68789 183.75079
7171.71002 52.21757 1.64244 1.69044 183.89902
7172.58629 52.79495 1.66263 1.70913 185.09850
7173.27727 53.22176 1.67770 1.72295 185.80858
7173.58679 53.42199 1.68480 1.72943 186.17747
7174.58729 53.96851 1.70380 1.74712 186.83956
7175.02020 54.22594 1.71265 1.75546 187.39002
7175.58779 54.55569 1.72420 1.76613 187.78757
7176.58829 55.11329 1.74438 1.78418 188.33891
7176.76692 55.23013 1.74840 1.78796 188.55907
7177.58879 55.78709 1.76853 1.80600 189.69282
7178.31147 56.23431 1.78476 1.82047 190.36326
7178.58929 56.42519 1.79105 1.82665 190.75826
7179.58979 57.06267 1.81341 1.84729 191.90601
7179.86394 57.23849 1.81951 1.85298 192.17664
7180.59030 57.75765 1.83553 1.86979 192.91067
7181.24729 58.24268 1.85085 1.88549 193.72926
7181.59080 58.47908 1.85923 1.89314 194.20593
7182.59130 59.09029 1.88121 1.91293 195.14882
7182.82561 59.24686 1.88663 1.91800 195.42026
7183.59180 59.76994 1.90481 1.93493 196.50309
7184.41116 60.25105 1.92164 1.95051 197.36857
7184.59230 60.36992 1.92573 1.95436 197.57385
7185.59280 61.02448 1.94871 1.97555 198.69581
7185.92897 61.25523 1.95675 1.98302 199.14777
7186.59330 61.71289 1.97254 1.99783 200.03987
7187.38711 62.25941 1.99171 2.01552 201.10735
7187.59380 62.41872 1.99729 2.02068 201.47203
7188.59430 63.11976 2.02106 2.04338 202.88837
7188.80631 63.26360 2.02602 2.04803 203.16422
7189.59480 63.80935 2.04481 2.06570 204.26444
7190.25856 64.26778 2.06035 2.08054 205.19153
7190.59530 64.50659 2.06839 2.08827 205.65917
7191.59580 65.22631 2.09305 2.11157 207.19723
7191.66423 65.27197 2.09467 2.11305 207.30006
7192.59630 65.91333 2.11530 2.13381 208.66904
7193.08538 66.27615 2.12565 2.14556 209.31844
7193.59680 66.66830 2.13732 2.15825 210.05985
7194.41724 67.28033 2.15764 2.17807 211.45705
7194.59730 67.41460 2.16193 2.18241 211.77003
7195.59780 68.13443 2.18556 2.20572 213.38567
7195.80127 68.28452 2.19077 2.21057 213.76138
7196.59830 68.87681 2.20883 2.22975 215.13965
7197.14798 69.28870 2.22234 2.24308 216.08392
7197.59880 69.64468 2.23449 2.25461 216.98068
7198.49122 70.29289 2.25531 2.27559 218.55389
7198.59930 70.37933 2.25814 2.27839 218.76835
7199.59980 71.13326 2.28313 2.30280 220.64987
7199.81245 71.29707 2.28878 2.30810 221.09106
7200.60030 71.89760 2.30777 2.32754 222.67511
7201.14698 72.30126 2.32172 2.34061 223.70480
7201.60080 72.64633 2.33362 2.35178 224.60187
7202.57816 73.30544 2.35509 2.37312 226.50292
7202.60130 73.32325 2.35572 2.37369 226.55226
7203.60180 74.14687 2.38379 2.40036 228.76204
7203.80337 74.30962 2.38929 2.40563 229.24094
7204.60230 74.94261 2.41168 2.42612 231.08102
7205.05178 75.31381 2.42350 2.43813 232.13029
7205.60280 75.80434 2.43855 2.45401 233.52563
7206.22013 76.31799 2.45582 2.47064 235.11317
7206.60330 76.64508 2.46837 2.48123 236.06058
7207.43985 77.32218 2.48778 2.50315 238.35024
7207.60380 77.45531 2.49049 2.50746 238.80993
7208.60430 78.26643 2.52322 2.53372 241.73283
7208.67453 78.32636 2.52492 2.53566 241.94995
7209.60480 79.05949 2.53140 2.55939 244.95431
7209.97130 79.33054 2.55036 2.56817 246.01101
7210.60530 79.85041 2.64393 2.58500 247.97462
7211.20315 80.33473 2.75036 2.60068 250.25649
7211.60580 80.66251 2.79684 2.61129 251.85950
7212.37440 81.33891 2.80740 2.63318 254.86292
7212.60630 81.54500 2.80200 2.63986 255.81225
7213.55218 82.34310 2.80492 2.66569 260.05076
7213.60680 82.39257 2.80690 2.66729 260.29680
7214.60730 83.22158 2.84073 2.69413 265.25603
7214.75020 83.34728 2.84421 2.69820 265.92136
7215.60780 84.22520 2.86033 2.72662 270.10392
7215.74108 84.35146 2.86217 2.73071 270.83925
7216.60830 85.09434 2.87808 2.75476 275.64490
7216.89279 85.35565 2.88528 2.76322 277.23659
7217.60880 86.00461 2.90261 2.78423 281.31649
7218.01432 86.35983 2.91333 2.79573 283.57392
7218.60930 86.88671 2.92864 2.81278 287.36664
7219.23113 87.36402 2.94303 2.82824 291.10419
7219.60980 87.67531 2.95343 2.83831 293.04320
7220.36566 88.36820 2.97683 2.86074 297.77600
7220.61031 88.59550 2.98486 2.86810 299.25691
7221.46552 89.37238 3.01327 2.89325 304.83328
7221.61081 89.50560 3.01817 2.89756 305.77759
7222.61131 90.35841 3.05144 2.92517 313.66598
7222.63166 90.37657 3.05216 2.92576 313.81391
7223.61181 91.29964 3.08849 2.95564 320.43013
7223.69375 91.38075 3.09172 2.95827 320.92479
7224.61231 92.22650 3.12617 2.98565 327.57584
7224.78415 92.38494 3.13267 2.99078 328.92154
7225.61281 93.24481 3.16469 3.01861 334.73048
7225.75224 93.38912 3.16988 3.02329 335.83022
7226.61331 94.24762 3.20416 3.05108 341.57244
7226.76396 94.39331 3.21014 3.05579 342.67898
7227.61381 95.20650 3.24288 3.08212 347.73906
7227.82076 95.39749 3.25048 3.08830 348.71738
7228.61431 96.10781 3.27965 3.11130 354.70763
7228.91689 96.40167 3.29169 3.12081 357.08258
7229.61481 97.09605 3.31975 3.14329 361.85965
7229.93807 97.40586 3.33233 3.15332 364.34951
7230.61531 98.07783 3.35934 3.17507 369.23548
7230.94192 98.41004 3.37264 3.18583 371.44454
7231.61581 99.07967 3.39958 3.20751 376.37805
7231.94476 99.41423 3.41287 3.21834 378.60207
7232.61631 100.08324 3.43955 3.23999 383.65677
7232.96362 100.41841 3.45312 3.25085 386.49334
7233.61681 101.10303 3.48016 3.27301 390.60688
7233.92610 101.42259 3.49186 3.28335 393.41756
7234.61731 102.17911 3.51888 3.30784 399.25969
7234.83417 102.42678 3.52840 3.31586 400.33894
7235.61781 103.18856 3.55904 3.34052 406.56049
7235.85918 103.43096 3.56857 3.34837 408.62892
7236.61831 104.24719 3.59996 3.37479 413.06753
7236.81361 104.43515 3.60716 3.38088 413.86061
7237.61881 105.22466 3.63744 3.40644 418.87488
7237.81652 105.43933 3.64569 3.41339 420.15811
7238.61931 106.26326 3.67801 3.44006 426.53528
7238.79226 106.44351 3.68488 3.44590 427.91618
7239.61981 107.33571 3.71853 3.47478 433.45174
7239.72367 107.44770 3.72276 3.47840 434.18331
7240.62031 108.43427 3.76010 3.51034 440.15238
7240.63693 108.45188 3.76076 3.51091 440.27785
7241.56227 109.45607 3.79793 3.54342 446.65982
7241.62081 109.51811 3.80042 3.54543 447.12076
7242.45400 110.46025 3.83495 3.57593 452.30017
7242.62131 110.66505 3.84151 3.58256 453.57642
7243.25534 111.46444 3.86851 3.60844 457.48262
7243.62181 111.87071 3.88385 3.62159 459.79029
7244.16773 112.46862 3.90568 3.64095 463.66482
7244.62231 112.96613 3.92408 3.65705 467.49350
7245.09984 113.47280 3.94342 3.67346 470.80328
7245.62281 114.01421 3.96240 3.69098 473.09583
7246.03581 114.47699 3.97771 3.70596 475.17434
7246.62331 115.15202 4.00348 3.72782 479.21429
7246.90810 115.48117 4.01505 3.73847 481.10531
7247.62381 116.26898 4.04282 3.76398 486.65240
7247.80883 116.48536 4.05101 3.77098 487.82064
7248.62431 117.41992 4.08342 3.80124 493.55644
7248.68548 117.48954 4.08586 3.80349 494.01255
7249.51196 118.49372 4.12201 3.83600 498.49955
7249.62481 118.63522 4.12690 3.84058 499.00191
7250.29658 119.49791 4.15398 3.86851 503.77968
7250.62531 119.87034 4.16655 3.88056 507.10879
7251.14142 120.50209 4.18980 3.90101 509.85955
7251.62581 121.08168 4.20888 3.91978 513.08010
7251.97643 121.50628 4.22350 3.93352 515.29051
7252.62631 122.29260 4.25185 3.95898 519.43344
7252.80737 122.51046 4.25881 3.96603 520.60919
7253.62681 123.49007 4.29374 3.99774 526.46806
7253.64885 123.51464 4.29472 3.99854 526.69675
7254.53237 124.51883 4.32746 4.03105 532.73112
7254.62731 124.62932 4.33135 4.03462 533.07189
7255.35474 125.52301 4.36267 4.06356 535.90629
7255.62781 125.83140 4.37251 4.07354 538.54452
7256.16362 126.52720 4.39652 4.09606 541.43595
7256.62831 127.10133 4.41688 4.11465 544.64242
7256.96805 127.53138 4.43120 4.12857 546.63747
7257.62881 128.38523 4.45902 4.15622 551.27819
7257.74612 128.53556 4.46391 4.16108 552.52614
7258.51243 129.53975 4.49687 4.19359 557.71166
7258.62931 129.67760 4.50134 4.19805 558.67287
7259.25861 130.54393 4.53142 4.22610 561.36118
7259.62981 131.00841 4.54707 4.24114 564.03072
7260.05277 131.54812 4.56333 4.25861 566.86853
7260.63032 132.30751 4.59086 4.28319 570.23821
7260.81919 132.55230 4.59884 4.29112 571.48972
7261.63082 133.55359 4.63239 4.32353 577.89252
7261.63306 133.55649 4.63250 4.32362 577.90763
7262.36120 134.56067 4.66643 4.35613 581.93362
7262.63132 134.91113 4.67810 4.36748 583.66513
7263.18800 135.56485 4.70045 4.38864 586.68949
7263.63182 136.10367 4.71961 4.40608 588.97823
7263.95960 136.56904 4.73446 4.42115 590.56681
7264.63232 137.56520 4.76410 4.45340 595.46343
7264.63758 137.57322 4.76439 4.45366 595.47969
7265.36483 138.57741 4.79697 4.48617 599.34405
7265.63282 138.92095 4.80779 4.49729 601.51234
7266.11462 139.58159 4.83166 4.51867 604.47005
7266.63332 140.28990 4.85493 4.54160 607.82739
7266.84894 140.58577 4.86448 4.55118 609.20461
7267.60872 141.58996 4.89983 4.58369 614.89317
7267.63382 141.62341 4.90106 4.58477 615.07911
7268.29556 142.59414 4.93143 4.61620 618.16363
7268.63432 143.05778 4.94635 4.63121 620.50576
7269.00157 143.59833 4.96621 4.64871 622.27343
7269.63482 144.46608 4.99253 4.67680 626.72408
7269.73498 144.60251 4.99701 4.68122 627.47868
7270.43240 145.60669 5.03279 4.71373 631.37229
7270.63532 145.91469 5.04288 4.72370 632.58939
7271.05403 146.61088 5.06170 4.74623 635.03896
7271.63582 147.43357 5.08961 4.77287 639.25847
7271.77898 147.61506 5.09678 4.77874 640.51776
7272.58661 148.61925 5.12664 4.81125 645.53127
7272.63632 148.67814 5.12843 4.81316 645.92089
7273.25049 149.62343 5.16192 4.84376 648.38761
7273.63682 150.17794 5.18078 4.86171 651.21138
7273.94359 150.62762 5.19466 4.87627 653.08388
7274.63732 151.62607 5.22910 4.90859 657.85775
7274.64147 151.63180 5.22933 4.90878 657.89145
7275.30525 152.63598 5.25911 4.94128 661.57537
7275.63782 153.09967 5.27361 4.95630 664.28488
7275.98494 153.64017 5.29389 4.97379 665.98604
7276.62023 154.64435 5.32580 5.00630 669.80381
7276.63832 154.67098 5.32650 5.00716 669.98245
7277.23869 155.64854 5.35551 5.03881 673.45574
7277.63882 156.25643 5.37805 5.05849 675.77871
7277.91071 156.65272 5.39044 5.07132 677.86716
7278.61755 157.65690 5.42162 5.10383 683.62081
7278.63932 157.68524 5.42270 5.10474 683.85058
7279.25174 158.66109 5.45735 5.13634 686.91859
7279.63982 159.25226 5.47441 5.15547 689.45934
7279.92713 159.66527 5.48672 5.16884 692.03741
7280.58400 160.66946 5.52328 5.20135 695.53481
7280.64032 160.74785 5.52603 5.20389 695.70392
7281.30587 161.67364 5.55075 5.23386 699.26543
7281.64082 162.13409 5.56732 5.24877 702.40982
7281.98056 162.67782 5.58914 5.26637 704.66857
7282.59899 163.68201 5.61772 5.29888 708.24455
7282.64132 163.75388 5.61915 5.30120 708.57480
7283.16498 164.68619 5.64737 5.33139 711.45173
7283.64182 165.39627 5.67354 5.35437 715.12008
7283.84144 165.69038 5.68235 5.36389 716.82603
7284.46264 166.69456 5.71053 5.39640 720.55092
7284.64232 166.96336 5.72257 5.40510 722.00937
7285.10957 167.69874 5.75001 5.42891 725.19913
7285.64282 168.54123 5.76988 5.45619 728.85296
7285.74892 168.70293 5.77534 5.46142 729.69185
7286.35930 169.70711 5.81473 5.49393 733.35663
7286.64332 170.11987 5.83001 5.50729 735.95070
7287.01222 170.71130 5.84146 5.52644 738.48124
7287.57993 171.71548 5.87668 5.55895 740.68513
7287.64382 171.83638 5.88116 5.56286 740.86125
7288.14360 172.71967 5.90708 5.59145 744.69850
7288.64432 173.52831 5.92596 5.61763 748.22576
7288.76546 173.72385 5.93371 5.62396 749.09104
7289.37018 174.72803 5.97344 5.65647 753.29885
7289.64482 175.12436 5.98275 5.66930 755.72845
7290.06816 175.73222 5.99674 5.68898 758.01129
7290.64532 176.64372 6.03369 5.71849 761.18432
7290.70688 176.73640 6.03869 5.72149 761.77089
7291.29734 177.74059 6.06373 5.75400 765.75251
7291.64582 178.30997 6.07743 5.77243 768.26869
7291.92087 178.74477 6.09622 5.78650 770.52566
7292.55030 179.74895 6.13468 5.81901 775.65271
7292.64632 179.89171 6.13735 5.82363 776.61849
7293.15826 180.75314 6.15359 5.85152 780.08830
7293.64682 181.69095 6.19375 5.88188 782.80029
7293.68626 181.75732 6.19539 5.88403 783.25627
7294.25829 182.76151 6.21741 5.91654 787.22204
7294.64732 183.46977 6.23482 5.93947 789.32528
7294.83676 183.76569 6.24926 5.94905 791.09561
7295.41825 184.76987 6.28470 5.98156 795.07466
7295.64782 185.12369 6.28931 5.99301 797.29834
7296.06711 185.77406 6.30471 6.01406 801.32015
7296.64832 186.77424 6.35060 6.04644 805.61664
7296.65095 186.77824 6.35076 6.04657 805.64320
7297.20077 187.78243 6.36635 6.07908 808.85072
7297.64882 188.68855 6.39526 6.10841 810.62911
7297.71814 188.78661 6.39926 6.11159 811.45431
7298.36713 189.79079 6.43900 6.14410 817.11524
7298.64932 190.28265 6.43994 6.16002 818.84874
7298.98801 190.79498 6.44818 6.17661 821.98654
7299.62247 191.79916 6.48747 6.20911 828.34950
7299.64982 191.84247 6.48872 6.21052 828.64584
7300.16834 192.80335 6.50955 6.24162 832.00823
7300.63157 193.80753 6.53933 6.27413 833.15144
7300.65033 193.84553 6.54109 6.27536 833.23772
7301.19897 194.81172 6.57598 6.30664 837.75370
7301.65083 195.81555 6.59963 6.33914 838.83072
7301.65108 195.81590 6.59963 6.33915 838.83428
7302.28332 196.82008 6.62934 6.37166 845.57352
7302.65133 197.43899 6.64804 6.39169 849.14696
7302.96182 197.82427 6.65093 6.40417 853.75901
7303.44148 198.82845 6.66959 6.43667 857.19554
7303.65183 199.32922 6.68820 6.45288 857.89818
7303.85919 199.83264 6.71016 6.46918 857.97482
7304.19060 200.83682 6.74790 6.50169 855.97603
7304.47638 201.84100 6.77873 6.53420 852.85814
7304.65233 202.40264 6.79786 6.55238 851.68683
7304.91736 202.84519 6.81023 6.56671 854.49892
7305.37703 203.84937 6.85261 6.59922 856.89160
7305.65283 204.56150 6.86873 6.62227 857.18715
7305.83028 204.85356 6.87277 6.63172 859.20962
7306.27528 205.85774 6.90101 6.66423 861.30808
7306.65333 206.73102 6.93728 6.69250 863.17050
7306.74715 206.86192 6.94010 6.69674 864.58082
7307.32340 207.86611 6.95460 6.72925 871.34837
7307.65383 208.50948 6.96750 6.75008 873.56488
7307.88299 208.87029 6.97889 6.76176 875.54270
7308.38321 209.87448 7.01410 6.79427 878.82417
7308.65433 210.65063 7.03878 6.81939 878.97277
7309.12333 210.87866 7.02377 6.82677 890.41774
7309.65483 211.61191 7.03719 6.85051 898.35672
7309.74136 210.87866 6.99753 6.82677 908.34564
