7309.65483 239.87317 7.94131 7.76541 930.49398
7309.26295 238.99582 7.91712 7.73701 927.24190
7308.97316 237.99163 7.88462 7.70450 928.05326
7308.68433 236.98745 7.84989 7.67199 928.93264
7308.65433 236.90592 7.84709 7.66936 928.79413
7308.14310 235.98326 7.82074 7.63949 922.77387
7307.85452 234.97908 7.78435 7.60698 924.98381
7307.65383 234.26422 7.76008 7.58384 926.87303
7307.44833 233.97490 7.75679 7.57447 924.03881
7307.01245 232.97071 7.72747 7.54196 921.36569
7306.72298 231.96653 7.68830 7.50945 922.94969
7306.65333 231.78717 7.68264 7.50365 922.64019
7306.17588 230.96234 7.66627 7.47694 916.87085
7305.90226 229.95816 7.63056 7.44444 919.28610
7305.65283 229.08463 7.59648 7.41616 921.08966
7305.56825 228.95397 7.59321 7.41193 919.95413
7305.08854 227.94979 7.56282 7.37942 916.38647
7304.78154 226.94561 7.52948 7.34691 918.13298
7304.65233 226.58179 7.51760 7.33513 918.29627
7304.25741 225.94142 7.50241 7.31440 913.43733
7303.94602 224.93724 7.46823 7.28189 914.04729
7303.65183 224.18625 7.44401 7.25758 913.75753
7303.49708 223.93305 7.43900 7.24938 911.92027
7303.06187 222.92887 7.41008 7.21688 910.15770
7302.74040 221.92469 7.37084 7.18437 912.09938
7302.65133 221.70999 7.36329 7.17742 911.88707
7302.23819 220.92050 7.34109 7.15186 908.46738
7301.89054 219.91632 7.30822 7.11935 909.78525
7301.65083 219.27117 7.28617 7.09847 910.19543
7301.44881 218.91213 7.27641 7.08684 908.23079
7300.99850 217.90795 7.24159 7.05433 906.56031
7300.65033 217.03268 7.21441 7.02600 906.65288
7300.57930 216.90377 7.21152 7.02183 906.03426
7300.16198 215.89958 7.18471 6.98932 904.28546
7299.81047 214.89540 7.14481 6.95681 906.07086
7299.64982 214.53718 7.13347 6.94521 905.49744
7299.30494 213.89121 7.11722 6.92430 902.63658
7298.91061 212.88703 7.08455 6.89179 903.50285
7298.64932 212.23554 7.05927 6.87070 904.64590
7298.44816 211.88285 7.04729 6.85928 903.89433
7297.95092 210.87866 7.01450 6.82677 902.93658
7297.64882 210.23760 6.99655 6.80602 901.82222
7297.46008 209.87448 6.98649 6.79427 900.49702
7297.04332 208.87029 6.95133 6.76176 900.67218
7296.64832 207.87353 6.91699 6.72949 901.18380
7296.64427 207.86611 6.91686 6.72925 901.13797
7296.17497 206.86192 6.89010 6.69674 898.89319
7295.78760 205.85774 6.85391 6.66423 900.51507
7295.64782 205.54191 6.84264 6.65401 900.42597
7295.29790 204.85356 6.82075 6.63172 898.76788
7294.86918 203.84937 6.78731 6.59922 899.16850
7294.64732 203.37035 6.77287 6.58371 898.80685
7294.36791 202.84519 6.75692 6.56671 897.19773
7293.94168 201.84100 6.72024 6.53420 897.84322
7293.64682 201.20909 6.69960 6.51374 897.41474
7293.44681 200.83682 6.68979 6.50169 896.27612
7293.01402 199.83264 6.65560 6.46918 896.92972
7292.64632 198.99735 6.62560 6.44214 897.33078
7292.55412 198.82845 6.62122 6.43667 896.52309
7292.10877 197.82427 6.59261 6.40417 895.54349
7291.67025 196.82008 6.55811 6.37166 896.47767
7291.64582 196.77115 6.55647 6.37007 896.41467
7291.14737 195.81590 6.52506 6.33915 894.37957
7290.70684 194.81172 6.49146 6.30664 894.96488
7290.64532 194.68877 6.48809 6.30266 894.78560
7290.15564 193.80753 6.46066 6.27413 893.36635
7289.64482 192.88151 6.42703 6.24415 893.18049
7289.59847 192.80335 6.42451 6.24162 892.98318
7289.09858 191.79916 6.39407 6.20911 892.28089
7288.64432 190.83608 6.36125 6.17794 892.34241
7288.62039 190.79498 6.35998 6.17661 892.19154
7288.15366 189.79079 6.32823 6.14410 891.05094
7287.68758 188.78661 6.29628 6.11159 891.62618
7287.64382 188.70088 6.29366 6.10881 891.54932
7287.15633 187.78243 6.26449 6.07908 889.96588
7286.65043 186.77824 6.22868 6.04657 889.44495
7286.64332 186.76571 6.22834 6.04617 889.40946
7286.14041 185.77406 6.19881 6.01406 888.89048
7285.65573 184.76987 6.16334 5.98156 889.37012
7285.64282 184.74786 6.16256 5.98084 889.29629
7285.11153 183.76569 6.13032 5.94905 887.69992
7284.64232 182.79970 6.09922 5.91777 888.28485
7284.61935 182.76151 6.09805 5.91654 888.15429
7284.09427 181.75732 6.06399 5.88403 887.03583
7283.64182 180.86403 6.03892 5.85511 885.48968
7283.57927 180.75314 6.03601 5.85152 885.26381
7283.07538 179.74895 6.00241 5.81901 885.71127
7282.64132 178.97911 5.97571 5.79409 884.32323
7282.49349 178.74477 5.96835 5.78650 883.33072
7281.98993 177.74059 5.93713 5.75400 884.03376
7281.64082 177.06609 5.91396 5.73216 883.80905
7281.43328 176.73640 5.90393 5.72149 882.38711
7280.83139 175.73222 5.86834 5.68898 881.44870
7280.64032 175.42493 5.86020 5.67903 881.64364
7280.24392 174.72803 5.83779 5.65647 881.75344
7279.68581 173.72385 5.80232 5.62396 880.57883
7279.63982 173.65303 5.80047 5.62167 880.22887
7279.12188 172.71967 5.77329 5.59145 879.48789
7278.64883 171.71548 5.74035 5.55895 880.10123
7278.63932 171.69918 5.73972 5.55842 880.07383
7278.07745 170.71130 5.70545 5.52644 879.29710
7277.63882 169.94229 5.68268 5.50154 878.59808
7277.49756 169.70711 5.67572 5.49393 878.10908
7276.93417 168.70293 5.63804 5.46142 877.66455
7276.63832 168.22206 5.62454 5.44585 876.48856
7276.31958 167.69874 5.61158 5.42891 875.41216
7275.77416 166.69456 5.57529 5.39640 876.02842
7275.63782 166.48138 5.56794 5.38950 875.38466
7275.16805 165.69038 5.54161 5.36389 874.42272
7274.63732 164.74032 5.51159 5.33314 874.90170
7274.60255 164.68619 5.50964 5.33139 874.75487
7274.07312 163.68201 5.47609 5.29888 874.38619
7273.63682 162.97509 5.45629 5.27599 872.77310
7273.44875 162.67782 5.44823 5.26637 872.20381
7272.85877 161.67364 5.41282 5.23386 871.48936
7272.63632 161.33012 5.39978 5.22274 870.96366
7272.20531 160.66946 5.37974 5.20135 871.64015
7271.63582 159.78423 5.35131 5.17269 871.31350
7271.55928 159.66527 5.34733 5.16884 871.03381
7270.95873 158.66109 5.31083 5.13634 870.40528
7270.63532 158.13058 5.29693 5.11916 870.12430
7270.33211 157.65690 5.28248 5.10383 869.32200
7269.70697 156.65272 5.24598 5.07132 868.35543
7269.63482 156.55035 5.24321 5.06800 867.90225
7269.08615 155.64854 5.21535 5.03881 867.93705
7268.63432 154.90406 5.19044 5.01471 867.24292
7268.46840 154.64435 5.18233 5.00630 865.97540
7267.90481 153.64017 5.15192 4.97379 867.05965
7267.63382 153.21801 5.13834 4.96013 866.65038
7267.25059 152.63598 5.11843 4.94128 865.58640
7266.63332 151.69065 5.08646 4.91068 864.39488
7266.59291 151.63180 5.08503 4.90878 864.22190
7265.95950 150.62762 5.05362 4.87627 864.04069
7265.63282 150.15399 5.03508 4.86094 862.77642
7265.27692 149.62343 5.02005 4.84376 861.84587
7264.64226 148.61925 4.98786 4.81125 862.10798
7264.63232 148.60492 4.98742 4.81079 862.07693
7264.00327 147.61506 4.94991 4.77874 861.92578
7263.63182 147.05849 4.93380 4.76072 861.68882
7263.28682 146.61088 4.92343 4.74623 860.21267
7262.63132 145.68343 4.89219 4.71621 858.35724
7262.58252 145.60669 4.88993 4.71373 858.44719
7261.93004 144.60251 4.85926 4.68122 858.64038
7261.63082 144.13631 4.84249 4.66612 858.88105
7261.26735 143.59833 4.82194 4.64871 858.73801
7260.63032 142.64802 4.79371 4.61794 858.41990
7260.59226 142.59414 4.79231 4.61620 858.32395
7259.90832 141.58996 4.75375 4.58369 857.78744
7259.62981 141.20628 4.74356 4.57127 856.91002
7259.19201 140.58577 4.72592 4.55118 855.99871
7258.62931 139.78628 4.69853 4.52530 855.08719
7258.48069 139.58159 4.69088 4.51867 854.68144
7257.82945 138.57741 4.65748 4.48617 856.38862
7257.62881 138.30678 4.65019 4.47741 855.70940
7257.09130 137.57322 4.62060 4.45366 854.58365
7256.62831 136.85484 4.60309 4.43040 853.76368
7256.43956 136.56904 4.59733 4.42115 853.15315
7255.73684 135.56485 4.55930 4.38864 853.27824
7255.62781 135.42683 4.55541 4.38417 852.57920
7254.97942 134.56067 4.53047 4.35613 850.89770
7254.62731 134.11516 4.51682 4.34171 851.30783
7254.17722 133.55649 4.49250 4.32362 851.45358
7253.62681 132.84014 4.47329 4.30043 849.65631
7253.41351 132.55230 4.46645 4.29112 849.10971
7252.65651 131.54812 4.42830 4.25861 847.65452
7252.62631 131.50982 4.42744 4.25737 847.53034
7251.94538 130.54393 4.39667 4.22610 848.53279
7251.62581 130.12916 4.38336 4.21267 847.60453
7251.18996 129.53975 4.36089 4.19359 847.55658
7250.62531 128.72544 4.33647 4.16723 848.67893
7250.47992 128.53556 4.33357 4.16108 847.35594
7249.75117 127.53138 4.29538 4.12857 846.08698
7249.62481 127.37406 4.29143 4.12348 845.74425
7249.00045 126.52720 4.26719 4.09606 846.20280
7248.62431 126.05965 4.24771 4.08093 844.92461
7248.20038 125.52301 4.23295 4.06356 843.97214
7247.62381 124.75230 4.20741 4.03861 844.39493
7247.44043 124.51883 4.19956 4.03105 844.09473
7246.65695 123.51464 4.16514 3.99854 843.51269
7246.62331 123.47311 4.16407 3.99719 843.41749
7245.85990 122.51046 4.13322 3.96603 842.03157
7245.62281 122.24281 4.12103 3.95737 841.72045
7244.98058 121.50628 4.10080 3.93352 842.34062
7244.62231 121.08663 4.08822 3.91994 841.18624
7244.14280 120.50209 4.06336 3.90101 839.41123
7243.62181 119.85770 4.04814 3.88015 839.17088
7243.32673 119.49791 4.03859 3.86851 837.39387
7242.62131 118.57653 4.00856 3.83868 835.22079
7242.55750 118.49372 4.00597 3.83600 835.34763
7241.74728 117.48954 3.97317 3.80349 835.32197
7241.62081 117.34362 3.96823 3.79876 834.79483
7240.94148 116.48536 3.93695 3.77098 835.66176
7240.62031 116.08721 3.92648 3.75809 835.82861
7240.12070 115.48117 3.90435 3.73847 835.53576
7239.61981 114.91518 3.88403 3.72015 833.45499
7239.24977 114.47699 3.87514 3.70596 832.90209
7238.61931 113.75758 3.84663 3.68267 830.87157
7238.37200 113.47280 3.83649 3.67346 830.31706
7237.61881 112.56307 3.81277 3.64400 830.06827
7237.52754 112.46862 3.80883 3.64095 829.32764
7236.61831 111.50633 3.77566 3.60979 829.57178
7236.58134 111.46444 3.77458 3.60844 829.70340
7235.79492 110.46025 3.73799 3.57593 828.64755
7235.61781 110.25970 3.73325 3.56944 827.53339
7234.94498 109.45607 3.70956 3.54342 828.95374
7234.61731 109.09006 3.69607 3.53157 827.97114
7234.07373 108.45188 3.67390 3.51091 828.23563
7233.61681 107.93629 3.65778 3.49422 827.63480
7233.17090 107.44770 3.64312 3.47840 826.25306
7232.61631 106.82676 3.61979 3.45830 825.44729
7232.28114 106.44351 3.60927 3.44590 825.48135
7231.61581 105.70455 3.58554 3.42197 824.49901
7231.37866 105.43933 3.57341 3.41339 824.27092
7230.61531 104.56535 3.54948 3.38509 824.96986
7230.49079 104.43515 3.54579 3.38088 824.41886
7229.61481 103.52183 3.51167 3.35131 820.57851
7229.53220 103.43096 3.51000 3.34837 820.50439
7228.61431 102.45245 3.47484 3.31669 818.05068
7228.58838 102.42678 3.47396 3.31586 817.85854
7227.72076 101.42259 3.45096 3.28335 819.05866
7227.61381 101.31702 3.44665 3.27994 818.68338
7226.78531 100.41841 3.40753 3.25085 820.36545
7226.61331 100.22782 3.40577 3.24468 820.28352
7225.81183 99.41423 3.37122 3.21834 816.66145
7225.61281 99.20793 3.36418 3.21166 816.13635
7224.88230 98.41004 3.34655 3.18583 816.78647
7224.61231 98.14614 3.33329 3.17729 815.16894
7223.91784 97.40586 3.31123 3.15332 815.07393
7223.61181 97.08126 3.30247 3.14281 814.97206
7222.94643 96.40167 3.26993 3.12081 813.30690
7222.61131 96.06011 3.26543 3.10975 812.49988
7221.97193 95.39749 3.24290 3.08830 811.79887
7221.61081 95.02780 3.22367 3.07633 811.24573
7221.01211 94.39331 3.21014 3.05579 811.75673
7220.61031 93.98390 3.19428 3.04254 811.81114
7220.02348 93.38912 3.17083 3.02329 809.00152
7219.60980 92.93941 3.16711 3.00873 806.23999
7219.04397 92.38494 3.14130 2.99078 807.59303
7218.60930 91.98710 3.12423 2.97790 807.46128
7218.01027 91.38075 3.11395 2.95827 806.37773
7217.60880 90.98540 3.09465 2.94547 805.18668
7216.99140 90.37657 3.07432 2.92576 804.30349
7216.60830 90.01688 3.07031 2.91412 802.16255
7215.95733 89.37238 3.03383 2.89325 801.31960
7215.60780 89.00412 3.02466 2.88133 802.79126
7214.98298 88.36820 3.00690 2.86074 803.88077
7214.60730 88.00949 2.98527 2.84913 802.71358
7213.93651 87.36402 2.96815 2.82824 801.25935
7213.60680 87.05843 2.95823 2.81834 799.55552
7212.90417 86.35983 2.91946 2.79573 800.36217
7212.60630 86.05795 2.90839 2.78595 801.33684
7211.83091 85.35565 2.88000 2.76322 796.38692
7211.60580 85.13726 2.86737 2.75615 796.52003
7210.84317 84.35146 2.82465 2.73071 800.58747
7210.60530 84.10832 2.81449 2.72284 799.31090
7209.80503 83.34728 2.77922 2.69820 798.33000
7209.60480 83.17888 2.76934 2.69275 797.96070
7208.64906 82.34310 2.71674 2.66569 791.25100
7208.60430 82.30305 2.71482 2.66440 790.98150
7207.61604 81.33891 2.65356 2.63318 793.67395
7207.60380 81.32793 2.65262 2.63283 793.61137
7206.60330 80.41453 2.61065 2.60326 790.28573
7206.51854 80.33473 2.60618 2.60068 790.27388
7205.60280 79.55916 2.54993 2.57557 780.66144
7205.36747 79.33054 2.53217 2.56817 781.34891
7204.60230 78.63494 2.50079 2.54565 777.38152
7204.28403 78.32636 2.48795 2.53566 776.90952
7203.60180 77.62553 2.46579 2.51297 776.97787
7203.33220 77.32218 2.45264 2.50315 778.43154
7202.60130 76.50515 2.42583 2.47670 777.35492
7202.42959 76.31799 2.42415 2.47064 775.56215
7201.60318 75.31381 2.37030 2.43813 771.14190
7201.60080 75.31099 2.37020 2.43804 771.11615
7200.86655 74.30962 2.35906 2.40563 779.47322
7200.60030 74.01062 2.33466 2.39595 772.29785
7200.10266 73.30544 2.30842 2.37312 770.18111
7199.59980 72.52613 2.29501 2.34789 773.02580
7199.43083 72.30126 2.28292 2.34061 769.93061
7198.77462 71.29707 2.23503 2.30810 766.22015
7198.59930 71.04579 2.22767 2.29997 763.15376
7198.15396 70.29289 2.21493 2.27559 763.38704
7197.59880 69.45020 2.15514 2.24831 752.93222
7197.48316 69.28870 2.14927 2.24308 749.34919
7196.92526 68.28452 2.13844 2.21057 747.43443
7196.59830 67.69697 2.11569 2.19155 744.41911
7196.36763 67.28033 2.08846 2.17807 742.09016
7195.86246 66.27615 2.04496 2.14556 738.25475
7195.59780 65.81546 2.04685 2.13064 728.87468
7195.29897 65.27197 2.03020 2.11305 723.19519
7194.79344 64.26778 1.97682 2.08054 717.95689
7194.59730 63.97208 1.96370 2.07097 710.76393
7194.20872 63.26360 1.95316 2.04803 702.60557
7193.71008 62.25941 1.92458 2.01552 696.77499
7193.59680 62.07664 1.91737 2.00961 693.47698
7193.09815 61.25523 1.88205 1.98302 680.09847
7192.59630 60.43872 1.87350 1.95658 670.27790
7192.44566 60.25105 1.87242 1.95051 666.41226
7191.66268 59.24686 1.84613 1.91800 649.77393
7191.59580 59.16636 1.84417 1.91539 647.86603
7190.93879 58.24268 1.82970 1.88549 634.36966
7190.59530 57.73256 1.82437 1.86898 627.72425
7190.23644 57.23849 1.81145 1.85298 620.11468
7189.59480 56.32531 1.78582 1.82342 610.86686
7189.52170 56.23431 1.78396 1.82047 609.54129
7188.81750 55.23013 1.75695 1.78796 600.26231
7188.59430 54.91976 1.74690 1.77792 597.29519
7188.08352 54.22594 1.72465 1.75546 590.51796
7187.59380 53.52500 1.70350 1.73276 585.12107
7187.37086 53.22176 1.69410 1.72295 582.40664
7186.65463 52.21757 1.65971 1.69044 574.76000
7186.59330 52.13986 1.65728 1.68792 573.97926
7185.76034 51.21339 1.62634 1.65793 561.56139
7185.59280 51.01409 1.61930 1.65148 559.41986
7184.88662 50.20921 1.58994 1.62542 550.19147
7184.59230 49.90765 1.57864 1.61566 545.73543
7183.87918 49.20502 1.55500 1.59291 537.12396
7183.59180 48.91345 1.54500 1.58347 534.36388
7182.82032 48.20084 1.52170 1.56041 522.56077
7182.59130 48.00881 1.51587 1.55419 518.71130
7181.59080 47.23161 1.48682 1.52903 503.60515
7181.54682 47.19665 1.48551 1.52790 502.97235
7180.59030 46.47607 1.46042 1.50457 488.96617
7180.19692 46.19247 1.45181 1.49539 483.29848
7179.58979 45.81902 1.43765 1.48330 473.84992
7178.61745 45.18828 1.41457 1.46288 459.81551
7178.58929 45.16622 1.41385 1.46217 459.48145
7177.58879 44.38941 1.38388 1.43702 447.78110
7177.35165 44.18410 1.37659 1.43037 445.41877
7176.58829 43.46890 1.35394 1.40722 438.77394
7176.24735 43.17992 1.34290 1.39786 435.48225
7175.58779 42.61343 1.32288 1.37952 429.14162
7175.03358 42.17573 1.30823 1.36535 423.52549
7174.58729 41.87125 1.29724 1.35550 419.47934
7173.62574 41.17155 1.27119 1.33285 410.33068
7173.58679 41.14042 1.27008 1.33184 409.94254
7172.58629 40.44086 1.24665 1.30919 399.32836
7172.16086 40.16736 1.23595 1.30034 394.31305
7171.58579 39.77279 1.22305 1.28756 387.64189
7170.59638 39.16318 1.20530 1.26783 376.57662
7170.58529 39.15833 1.20513 1.26767 376.43490
7169.58479 38.75324 1.18875 1.25456 363.50773
7168.58429 38.28562 1.17193 1.23942 351.62078
7168.36521 38.15900 1.16808 1.23532 349.35151
7167.58379 37.67794 1.15184 1.21975 341.79813
7166.76158 37.15481 1.13343 1.20281 333.99160
7166.58329 37.01649 1.12834 1.19833 332.70056
7165.58279 36.32716 1.10528 1.17602 325.88876
7165.36350 36.15063 1.09833 1.17030 324.31557
7164.58229 35.52894 1.07472 1.15018 318.41408
7164.12529 35.14644 1.06377 1.13780 315.25397
7163.58179 34.70001 1.04749 1.12334 311.35143
7162.84644 34.14226 1.02626 1.10529 305.64991
7162.58129 33.96845 1.02093 1.09966 303.37335
7161.58079 33.46742 1.00636 1.08344 293.55945
7160.86114 33.13808 0.99287 1.07278 286.41765
7160.58029 32.99978 0.98703 1.06830 283.73654
7159.57979 32.49352 0.96980 1.05191 274.53129
7158.92335 32.13389 0.95781 1.04027 268.82345
7158.57929 31.94884 0.95100 1.03428 265.87391
7157.57879 31.39024 0.92801 1.01620 257.48598
7157.11032 31.12971 0.92064 1.00776 253.89026
7156.57829 30.83497 0.91354 0.99822 250.16462
7155.57779 30.32453 0.89687 0.98170 241.56513
7155.20511 30.12552 0.88831 0.97525 238.59648
7154.57729 29.79643 0.87670 0.96460 233.71829
7153.57679 29.27387 0.86093 0.94768 226.03343
7153.30346 29.12134 0.85577 0.94275 224.00102
7152.57629 28.73499 0.84009 0.93024 218.57654
7151.57579 28.20302 0.82301 0.91302 211.30073
7151.42400 28.11715 0.82056 0.91024 210.23897
7150.57529 27.70455 0.80674 0.89688 204.04145
7149.57479 27.20066 0.78636 0.88057 197.01088
7149.41631 27.11297 0.78311 0.87773 195.91705
7148.57429 26.64238 0.77061 0.86249 190.64358
7147.57379 26.17655 0.75498 0.84741 184.49069
7147.44269 26.10879 0.75231 0.84522 183.60448
7146.57329 25.67285 0.73512 0.83111 177.92482
7145.57279 25.19674 0.72156 0.81569 171.51169
7145.40604 25.10460 0.71846 0.81271 170.50119
7144.57229 24.67795 0.70227 0.79890 165.41640
7143.63603 24.10042 0.68076 0.78020 160.09197
7143.57179 24.05131 0.67935 0.77861 159.75299
7142.57129 23.37665 0.65716 0.75677 154.27693
7142.11321 23.09623 0.64383 0.74769 151.73098
7141.57079 22.81287 0.63359 0.73852 148.66344
7140.57029 22.47767 0.62715 0.72767 142.83660
7139.56978 22.19365 0.62108 0.71847 137.18172
7139.20882 22.09205 0.61819 0.71519 135.47820
7138.56928 21.94104 0.61279 0.71030 132.32797
7137.56878 21.64864 0.59953 0.70083 127.13178
7136.56828 21.30101 0.58845 0.68958 122.31536
7136.10969 21.08787 0.58364 0.68268 120.23830
7135.56778 20.80434 0.57513 0.67350 117.83223
7134.56728 20.28150 0.55554 0.65657 113.45239
7134.23482 20.08368 0.54867 0.65017 112.02938
7133.56678 19.63918 0.53517 0.63578 109.19864
7132.68697 19.07950 0.51629 0.61766 105.47554
7132.56628 19.00743 0.51278 0.61533 104.96864
7131.56578 18.56027 0.49495 0.60085 100.85957
7130.56528 18.28515 0.49044 0.59195 97.29063
7129.56536 18.07531 0.48599 0.58515 93.78666
7129.56478 18.07521 0.48598 0.58515 93.78460
7128.56428 17.83938 0.47675 0.57751 90.33755
7127.56378 17.49468 0.46297 0.56636 86.95842
7126.70020 17.07113 0.44979 0.55264 84.03572
7126.56328 16.97703 0.44716 0.54960 83.54825
7125.56278 16.31512 0.42658 0.52817 80.00150
7125.14312 16.06695 0.41503 0.52014 78.56243
7124.56228 15.77769 0.40472 0.51077 76.67415
7123.56178 15.45582 0.39879 0.50035 73.80088
7122.56128 15.18289 0.39179 0.49152 71.15738
7122.20089 15.06276 0.38764 0.48763 70.17616
7121.56078 14.86037 0.37951 0.48107 68.61302
7120.56028 14.51428 0.36461 0.46987 66.18334
7119.55978 14.07040 0.35408 0.45550 63.49820
7119.53624 14.05858 0.35382 0.45512 63.43183
7118.55928 13.59828 0.34050 0.44022 60.83195
7117.55878 13.18036 0.32245 0.42669 58.46950
7117.23625 13.05439 0.31800 0.42261 57.75154
7116.55828 12.78516 0.31076 0.41389 56.26452
7115.55778 12.51265 0.30832 0.40507 54.35924
7114.55728 12.30715 0.30410 0.39842 52.69654
7113.55678 12.09848 0.29663 0.39166 51.06677
7113.36595 12.05021 0.29410 0.39010 50.75402
7112.55628 11.84968 0.28209 0.38361 49.52734
7111.55578 11.48042 0.27172 0.37166 47.61652
7110.61091 11.04603 0.26420 0.35759 45.62011
7110.55528 11.01930 0.26389 0.35673 45.49998
7109.55478 10.61507 0.25264 0.34364 43.56829
7108.55428 10.31023 0.23764 0.33377 41.98960
7107.79476 10.04184 0.23046 0.32508 40.70338
7107.55378 9.94449 0.22915 0.32193 40.25931
7106.55328 9.55724 0.22302 0.30940 38.48966
7105.55278 9.22605 0.21313 0.29867 36.94040
7104.91603 9.03766 0.20356 0.29258 36.03614
7104.55228 8.92321 0.19688 0.28887 35.49928
7103.55178 8.70516 0.18823 0.28181 34.40948
7102.55128 8.49166 0.18454 0.27490 33.32545
7101.55078 8.23921 0.18476 0.26673 32.12950
7100.82062 8.03347 0.18062 0.26007 31.20124
7100.55028 7.95985 0.17883 0.25768 30.87203
7099.54977 7.68815 0.16663 0.24889 29.64841
7098.54927 7.41046 0.15160 0.23990 28.41634
7097.54877 7.11051 0.14598 0.23019 27.11700
7097.22801 7.02929 0.14670 0.22756 26.75099
7096.54827 6.90489 0.14826 0.22353 26.15074
7095.54777 6.75049 0.14942 0.21853 25.37631
7094.54727 6.62188 0.14796 0.21437 24.71153
7093.54677 6.45247 0.14257 0.20889 23.89045
7092.54627 6.25762 0.13255 0.20258 22.98500
7091.54577 6.03132 0.12671 0.19525 21.97331
7091.52053 6.02510 0.12652 0.19505 21.94600
7090.54527 5.77837 0.12313 0.18706 20.86692
7089.54477 5.59215 0.12520 0.18103 19.97252
7088.54427 5.45244 0.12518 0.17651 19.24694
7087.54377 5.26604 0.12398 0.17048 18.37706
7086.54327 5.03807 0.11964 0.16310 17.41010
7086.48670 5.02092 0.11956 0.16254 17.34414
0.00000 0.00000 0.00000 0.00000 0.00000
