7304.65233 239.57866 7.95596 7.75588 919.14665
7304.34808 238.99582 7.94195 7.73701 916.28408
7303.96309 237.99163 7.90394 7.70450 915.50302
7303.65183 237.14074 7.87572 7.67696 915.40862
7303.56439 236.98745 7.87286 7.67199 914.45022
7303.14319 235.98326 7.84575 7.63949 912.81325
7302.83169 234.97908 7.80641 7.60698 914.62262
7302.65133 234.48065 7.78783 7.59084 914.75729
7302.39297 233.97490 7.77516 7.57447 911.95201
7302.03450 232.97071 7.74618 7.54196 911.94277
7301.69980 231.96653 7.71202 7.50945 913.29100
7301.65083 231.84276 7.70787 7.50545 913.23583
7301.21857 230.96234 7.67876 7.47694 910.24222
7300.85092 229.95816 7.64405 7.44444 910.77087
7300.65033 229.49910 7.63118 7.42957 910.04860
7300.37628 228.95397 7.61869 7.41193 908.07471
7300.01828 227.94979 7.58037 7.37942 909.15772
7299.64982 226.99768 7.54607 7.34860 909.24693
7299.62006 226.94561 7.54466 7.34691 908.93541
7299.14907 225.94142 7.51798 7.31440 906.30794
7298.82930 224.93724 7.48558 7.28189 907.87537
7298.64932 224.49931 7.46910 7.26772 908.52162
7298.34837 223.93305 7.44848 7.24938 907.60446
7297.91125 222.92887 7.41533 7.21688 907.76072
7297.64882 222.36404 7.39968 7.19859 906.63980
7297.43403 221.92469 7.38768 7.18437 905.29888
7297.04383 220.92050 7.35010 7.15186 905.87171
7296.64832 219.98745 7.31845 7.12165 905.53863
7296.60741 219.91632 7.31671 7.11935 905.16126
7296.15126 218.91213 7.28810 7.08684 903.80575
7295.77405 217.90795 7.25074 7.05433 905.17360
7295.64782 217.61686 7.24087 7.04491 905.02354
7295.29526 216.90377 7.21752 7.02183 903.39479
7294.93640 215.89958 7.18822 6.98932 903.94846
7294.64732 215.24105 7.16684 6.96800 903.65448
7294.47113 214.89540 7.15633 6.95681 902.72212
7294.03312 213.89121 7.12045 6.92430 902.42671
7293.64682 213.03493 7.09442 6.89658 901.76690
7293.56501 212.88703 7.09112 6.89179 901.14658
7293.11016 211.88285 7.05876 6.85928 900.43561
7292.69629 210.87866 7.02089 6.82677 901.23501
7292.64632 210.77824 7.01758 6.82352 901.02599
7292.20751 209.87448 6.99003 6.79427 899.55622
7291.78717 208.87029 6.95711 6.76176 900.39379
7291.64582 208.55682 6.94559 6.75161 900.44088
7291.31421 207.86611 6.92468 6.72925 898.81482
7290.90230 206.86192 6.89211 6.69674 898.82005
7290.64532 206.30480 6.87513 6.67871 898.51949
7290.39536 205.85774 6.86330 6.66423 897.07488
7289.89323 204.85356 6.82708 6.63172 897.67260
7289.64482 204.40047 6.81139 6.61706 897.15507
7289.35428 203.84937 6.79379 6.59922 896.29333
7288.90400 202.84519 6.76242 6.56671 896.29882
7288.64432 202.30756 6.74458 6.54930 895.77740
7288.40266 201.84100 6.72896 6.53420 894.87168
7287.94343 200.83682 6.69372 6.50169 895.14524
7287.64382 200.19844 6.67429 6.48102 895.06928
7287.45062 199.83264 6.66349 6.46918 894.24849
7286.98502 198.82845 6.62850 6.43667 894.11917
7286.64332 198.08288 6.60641 6.41254 892.97687
7286.51314 197.82427 6.59941 6.40417 892.66096
7286.04029 196.82008 6.56686 6.37166 892.90562
7285.64282 196.03032 6.53991 6.34609 892.16296
7285.51896 195.81590 6.53257 6.33915 891.41036
7285.02916 194.81172 6.49986 6.30664 891.18860
7284.64232 194.01609 6.47453 6.28088 891.07305
7284.52255 193.80753 6.46863 6.27413 890.38092
7284.01247 192.80335 6.43197 6.24162 889.60536
7283.64182 192.09159 6.41050 6.21858 888.85204
7283.48106 191.79916 6.40293 6.20911 888.19432
7282.99604 190.79498 6.36777 6.17661 888.70465
7282.64132 190.06976 6.34386 6.15313 887.69912
7282.49340 189.79079 6.33658 6.14410 886.71658
7282.01239 188.78661 6.30515 6.11159 887.43520
7281.64082 188.03767 6.28085 6.08734 887.22035
7281.48464 187.78243 6.27297 6.07908 886.09207
7280.92304 186.77824 6.23635 6.04657 885.73929
7280.64032 186.31619 6.22387 6.03161 885.39000
7280.32607 185.77406 6.20698 6.01406 885.23210
7279.78592 184.76987 6.17180 5.98156 884.15414
7279.63982 184.53204 6.16426 5.97386 883.13346
7279.22307 183.76569 6.14160 5.94905 882.37387
7278.71103 182.76151 6.10745 5.91654 882.84681
7278.63932 182.62905 6.10264 5.91225 882.79777
7278.17765 181.75732 6.07238 5.88403 881.90649
7277.69541 180.75314 6.04428 5.85152 882.16517
7277.63882 180.65872 6.04179 5.84846 881.96795
7277.12918 179.74895 6.00921 5.81901 880.97970
7276.63832 178.89793 5.98284 5.79146 879.52805
7276.54288 178.74477 5.97890 5.78650 878.99647
7276.01287 177.74059 5.94665 5.75400 879.44476
7275.63782 177.07267 5.92090 5.73237 878.84538
7275.43678 176.73640 5.90999 5.72149 878.13212
7274.89395 175.73222 5.87799 5.68898 878.35337
7274.63732 175.28630 5.86495 5.67454 877.86583
7274.30267 174.72803 5.84560 5.65647 876.70650
7273.74947 173.72385 5.81127 5.62396 876.87382
7273.63682 173.54483 5.80689 5.61817 876.35904
7273.14765 172.71967 5.78190 5.59145 874.57546
7272.63632 171.77117 5.75127 5.56075 873.56872
7272.60245 171.71548 5.74914 5.55895 873.61002
7271.98499 170.71130 5.71650 5.52644 875.12374
7271.63582 170.16918 5.69911 5.50889 874.13117
7271.35867 169.70711 5.68279 5.49393 873.30180
7270.78676 168.70293 5.64844 5.46142 873.14282
7270.63532 168.45209 5.64179 5.45330 872.91527
7270.17096 167.69874 5.61885 5.42891 871.73883
7269.63482 166.84598 5.58842 5.40130 869.86665
7269.53868 166.69456 5.58465 5.39640 869.53295
7268.97772 165.69038 5.55204 5.36389 870.67479
7268.63432 165.13867 5.53348 5.34603 869.77986
7268.34584 164.68619 5.51658 5.33139 869.04415
7267.82419 163.68201 5.48794 5.29888 869.90851
7267.63382 163.37328 5.47990 5.28888 868.98647
7267.19942 162.67782 5.45447 5.26637 868.36374
7266.63332 161.80154 5.42574 5.23800 866.55315
7266.54964 161.67364 5.42225 5.23386 866.26560
7265.97075 160.66946 5.38974 5.20135 867.45487
7265.63282 160.16215 5.36964 5.18493 866.14721
7265.30755 159.66527 5.35548 5.16884 865.15167
7264.70394 158.66109 5.32338 5.13634 865.78918
7264.63232 158.55057 5.31944 5.13276 865.64780
7264.07420 157.65690 5.28664 5.10383 865.10379
7263.63182 156.96697 5.26693 5.08149 864.49394
7263.40281 156.65272 5.25906 5.07132 863.68381
7262.65547 155.64854 5.22152 5.03881 862.62702
7262.63132 155.61691 5.22062 5.03779 862.51090
7262.05667 154.64435 5.19302 5.00630 862.25993
7261.63082 153.93520 5.17158 4.98334 861.69223
7261.43978 153.64017 5.15975 4.97379 861.83853
7260.80556 152.63598 5.12527 4.94128 862.24511
7260.63032 152.38268 5.11977 4.93308 861.62897
7260.12611 151.63180 5.09244 4.90878 860.67175
7259.62981 150.92034 5.07078 4.88574 859.07106
7259.42610 150.62762 5.06283 4.87627 858.46543
7258.79263 149.62343 5.02834 4.84376 859.35932
7258.62931 149.40325 5.02020 4.83663 858.46701
7258.09436 148.61925 4.99345 4.81125 857.58406
7257.62881 147.93156 4.97500 4.78899 857.05946
7257.40357 147.61506 4.96329 4.77874 856.29651
7256.73133 146.61088 4.92773 4.74623 856.13369
7256.62831 146.45317 4.92407 4.74113 855.70600
7256.12311 145.60669 4.90010 4.71373 855.91508
7255.62781 144.93557 4.87549 4.69200 853.93628
7255.37631 144.60251 4.86554 4.68122 852.36476
7254.68720 143.59833 4.83431 4.64871 854.10302
7254.62731 143.51927 4.83097 4.64615 854.16069
7253.95372 142.59414 4.79572 4.61620 855.36165
7253.62681 142.16949 4.78600 4.60245 853.39795
7253.21070 141.58996 4.76701 4.58369 852.34273
7252.62631 140.79910 4.73943 4.55809 850.70360
7252.46812 140.58577 4.73285 4.55118 850.22219
7251.81343 139.58159 4.70067 4.51867 852.50393
7251.62581 139.33752 4.69104 4.51077 851.71158
7251.06875 138.57741 4.66412 4.48617 850.54024
7250.62531 137.97755 4.64858 4.46675 849.72585
7250.31518 137.57322 4.63412 4.45366 848.82675
7249.67475 136.56904 4.60168 4.42115 848.66793
7249.62481 136.50705 4.60020 4.41914 848.29072
7248.94707 135.56485 4.57251 4.38864 848.49896
7248.62431 135.16233 4.55712 4.37561 846.82982
7248.16841 134.56067 4.53596 4.35613 845.81047
7247.62381 133.82639 4.51669 4.33236 845.21282
7247.41295 133.55649 4.50477 4.32362 844.52020
7246.70389 132.55230 4.46988 4.29112 846.12778
7246.62331 132.44858 4.46754 4.28776 845.88195
7245.93834 131.54812 4.43765 4.25861 844.48571
7245.62281 131.17647 4.42480 4.24658 843.80688
7245.10004 130.54393 4.40299 4.22610 844.86739
7244.62231 129.94818 4.38669 4.20681 844.04207
7244.30053 129.53975 4.36951 4.19359 843.01423
7243.62181 128.61310 4.34304 4.16359 842.60790
7243.56278 128.53556 4.34199 4.16108 842.13137
7242.82584 127.53138 4.30460 4.12857 841.28333
7242.62131 127.27403 4.29674 4.12024 841.04773
7242.05058 126.52720 4.27597 4.09606 841.01387
7241.62081 125.99979 4.25618 4.07899 839.83247
7241.24374 125.52301 4.24065 4.06356 839.38702
7240.62031 124.70931 4.21510 4.03721 839.75788
7240.46574 124.51883 4.20986 4.03105 839.41968
7239.66065 123.51464 4.17240 3.99854 838.37757
7239.61981 123.46525 4.17109 3.99694 838.26888
7238.86636 122.51046 4.14145 3.96603 838.16272
7238.61931 122.22428 4.12767 3.95677 837.08082
7238.04048 121.50628 4.10957 3.93352 836.66298
7237.61881 120.99088 4.09358 3.91684 835.47837
7237.18418 120.50209 4.07185 3.90101 834.18369
7236.61831 119.84683 4.05228 3.87980 836.58129
7236.32443 119.49791 4.04256 3.86851 835.75177
7235.61781 118.61759 4.01587 3.84001 831.46888
7235.52132 118.49372 4.01193 3.83600 831.72998
7234.71202 117.48954 3.98016 3.80349 832.74965
7234.61731 117.37733 3.97668 3.79986 832.54181
7233.89155 116.48536 3.94175 3.77098 832.94026
7233.61681 116.15331 3.93366 3.76023 832.90069
7233.04795 115.48117 3.91084 3.73847 832.19375
7232.61631 114.98250 3.89105 3.72233 831.20214
7232.19578 114.47699 3.88040 3.70596 831.33704
7231.61581 113.83323 3.85509 3.68512 828.93877
7231.28759 113.47280 3.84075 3.67346 827.42137
7230.61531 112.70551 3.82534 3.64862 825.91319
7230.40459 112.46862 3.81515 3.64095 825.25497
7229.61481 111.57428 3.78495 3.61199 823.99774
7229.51955 111.46444 3.78258 3.60844 823.95310
7228.74048 110.46025 3.74654 3.57593 823.30130
7228.61431 110.31747 3.74331 3.57131 822.48686
7227.85086 109.45607 3.71727 3.54342 823.53913
7227.61381 109.20967 3.70705 3.53544 824.21144
7226.89365 108.45188 3.68114 3.51091 823.10762
7226.61331 108.15081 3.67272 3.50117 821.56363
7225.99026 107.44770 3.65115 3.47840 821.08510
7225.61281 107.03974 3.63549 3.46520 819.92671
7225.09968 106.44351 3.61589 3.44590 820.75089
7224.61231 105.89795 3.60038 3.42823 820.47964
7224.18746 105.43933 3.57922 3.41339 819.36095
7223.61181 104.80655 3.56363 3.39290 818.69978
7223.27262 104.43515 3.55347 3.38088 818.32312
7222.61131 103.73602 3.52362 3.35825 816.29212
7222.32842 103.43096 3.51809 3.34837 815.77498
7221.61081 102.67422 3.49121 3.32387 813.66553
7221.37303 102.42678 3.48037 3.31586 813.26926
7220.61031 101.50944 3.45825 3.28617 814.15807
7220.53777 101.42259 3.45536 3.28335 813.85926
7219.64395 100.41841 3.41834 3.25085 814.04630
7219.60980 100.38113 3.41771 3.24964 814.28428
7218.60930 99.47024 3.38285 3.22015 810.81173
7218.55705 99.41423 3.38059 3.21834 810.83285
7217.67152 98.41004 3.35228 3.18583 813.79195
7217.60880 98.34572 3.34864 3.18375 813.63620
7216.70887 97.40586 3.31685 3.15332 812.72979
7216.60830 97.30329 3.31502 3.15000 812.47978
7215.66866 96.40167 3.27766 3.12081 806.41773
7215.60780 96.33909 3.27701 3.11879 806.30546
7214.68138 95.39749 3.24917 3.08830 804.31149
7214.60730 95.32510 3.24431 3.08596 803.99170
7213.75970 94.39331 3.22043 3.05579 807.50802
7213.60680 94.24140 3.21331 3.05088 807.09883
7212.77103 93.38912 3.17704 3.02329 805.80406
7212.60630 93.19964 3.17631 3.01715 805.45606
7211.85622 92.38494 3.14518 2.99078 803.32838
7211.60580 92.13835 3.13345 2.98279 803.20817
7210.86165 91.38075 3.11709 2.95827 802.96856
7210.60530 91.13371 3.10369 2.95027 801.87479
7209.75169 90.37657 3.08033 2.92576 801.08320
7209.60480 90.24296 3.07913 2.92144 801.36104
7208.66561 89.37238 3.03547 2.89325 795.32961
7208.60430 89.31234 3.03445 2.89131 795.25105
7207.65711 88.36820 3.01152 2.86074 795.55576
7207.60380 88.31983 3.00758 2.85918 795.16699
7206.63028 87.36402 2.97847 2.82824 794.76174
7206.60330 87.33734 2.97796 2.82737 794.77316
7205.60280 86.38725 2.92112 2.79661 792.00900
7205.57506 86.35983 2.92058 2.79573 792.03900
7204.60230 85.42324 2.87962 2.76541 790.85157
7204.52646 85.35565 2.87463 2.76322 790.24144
7203.60180 84.40958 2.82709 2.73259 796.07334
7203.54248 84.35146 2.82403 2.73071 795.88009
7202.62051 83.34728 2.77333 2.69820 796.86748
7202.60130 83.32848 2.77239 2.69759 796.84919
7201.60080 82.50853 2.72340 2.67105 787.73314
7201.42173 82.34310 2.71310 2.66569 789.32913
7200.60030 81.62393 2.66763 2.64241 787.28858
7200.28127 81.33891 2.65033 2.63318 784.73871
7199.59980 80.72628 2.61035 2.61335 781.46139
7199.20623 80.33473 2.58681 2.60068 783.62224
7198.59930 79.79225 2.56764 2.58311 780.43838
7198.12698 79.33054 2.52747 2.56817 782.47272
7197.59880 78.84211 2.50144 2.55236 780.75328
7197.04438 78.32636 2.49036 2.53566 777.77631
7196.59830 77.87710 2.46822 2.52112 777.44669
7196.07482 77.32218 2.44951 2.50315 776.83958
7195.59780 76.82171 2.43504 2.48695 772.60895
7195.16286 76.31799 2.41918 2.47064 772.20072
7194.59730 75.63160 2.38720 2.44842 767.83684
7194.34231 75.31381 2.37914 2.43813 762.07338
7193.68461 74.30962 2.35027 2.40563 770.26821
7193.59680 74.19637 2.34086 2.40196 769.34980
7192.98809 73.30544 2.30478 2.37312 769.04008
7192.59630 72.78985 2.30538 2.35643 763.66031
7192.20584 72.30126 2.27098 2.34061 760.54449
7191.59580 71.43977 2.24186 2.31272 755.91307
7191.50786 71.29707 2.23847 2.30810 755.64532
7190.97623 70.29289 2.21025 2.27559 762.20509
7190.59530 69.73978 2.16844 2.25769 752.07160
7190.28526 69.28870 2.14684 2.24308 743.06722
7189.76498 68.28452 2.13707 2.21057 744.29707
7189.59480 67.97336 2.12303 2.20050 742.56780
7189.23043 67.28033 2.08261 2.17807 739.99046
7188.69533 66.27615 2.04691 2.14556 730.19684
7188.59430 66.09896 2.04673 2.13982 726.26512
7188.17569 65.27197 2.02712 2.11305 718.73134
7187.64845 64.26778 1.97113 2.08054 709.18583
7187.59380 64.18343 1.96678 2.07781 707.11346
7187.12307 63.26360 1.94807 2.04803 698.71473
7186.60601 62.25941 1.92140 2.01552 689.19523
7186.59330 62.23738 1.92051 2.01481 688.85185
7186.04601 61.25523 1.87939 1.98302 676.74624
7185.59280 60.53036 1.86983 1.95955 664.83749
7185.39567 60.25105 1.86869 1.95051 659.05339
7184.73055 59.24686 1.84371 1.91800 643.82369
7184.59230 59.06513 1.83909 1.91212 640.09410
7183.92937 58.24268 1.82691 1.88549 625.58439
7183.59180 57.78002 1.82150 1.87051 620.56232
7183.18766 57.23849 1.80884 1.85298 613.11575
7182.59130 56.40595 1.78507 1.82603 603.35062
7182.45484 56.23431 1.78125 1.82047 600.81083
7181.73328 55.23013 1.75368 1.78796 590.91315
7181.59080 55.03238 1.74759 1.78156 589.02575
7181.00558 54.22594 1.72172 1.75546 581.36165
7180.59030 53.63058 1.70341 1.73618 576.82988
7180.29057 53.22176 1.69074 1.72295 573.21122
7179.58979 52.26128 1.65766 1.69185 565.39240
7179.55463 52.21757 1.65626 1.69044 564.93231
7178.66922 51.21339 1.62303 1.65793 552.06181
7178.58929 51.11868 1.61966 1.65486 551.05386
7177.80812 50.20921 1.58644 1.62542 541.23256
7177.58879 49.98380 1.57809 1.61813 538.07409
7176.84022 49.20502 1.55174 1.59291 528.08958
7176.58829 48.92924 1.54242 1.58399 524.98726
7175.83172 48.20084 1.51854 1.56041 513.27203
7175.58779 47.99281 1.51199 1.55367 509.35518
7174.58729 47.27238 1.48493 1.53035 494.85581
7174.48808 47.19665 1.48194 1.52790 493.75410
7173.58679 46.54352 1.45891 1.50675 481.04677
7173.09734 46.19247 1.44818 1.49539 473.83319
7172.58629 45.87509 1.43635 1.48511 465.96346
7171.58579 45.23913 1.41230 1.46453 451.27312
7171.51777 45.18828 1.41072 1.46288 450.42807
7170.58529 44.43782 1.38198 1.43859 439.95372
7170.29415 44.18410 1.37299 1.43037 437.07060
7169.58479 43.53029 1.35216 1.40921 430.73618
7169.17567 43.17992 1.33933 1.39786 426.77697
7168.58429 42.66715 1.32095 1.38126 421.24435
7167.99538 42.17573 1.30469 1.36535 415.60735
7167.58379 41.87679 1.29384 1.35568 411.15479
7166.66789 41.17155 1.26742 1.33285 401.73063
7166.58329 41.10154 1.26496 1.33058 401.04714
7165.58279 40.49819 1.24512 1.31105 391.45591
7165.07603 40.16736 1.23234 1.30034 385.52050
7164.58229 39.82173 1.22055 1.28915 379.84973
7163.58179 39.22244 1.20345 1.26975 368.40323
7163.48125 39.16318 1.20149 1.26783 367.31717
7162.58129 38.80116 1.18709 1.25611 355.72153
7161.58079 38.34033 1.16990 1.24119 343.79738
7161.26927 38.15900 1.16434 1.23532 340.61206
7160.58029 37.72040 1.14950 1.22112 334.15188
7159.68662 37.15481 1.12957 1.20281 325.87052
7159.57979 37.07291 1.12655 1.20016 325.05905
7158.57929 36.29177 1.10003 1.17487 317.59651
7158.40527 36.15063 1.09476 1.17030 316.36849
7157.57879 35.48748 1.06994 1.14884 310.18600
7157.13517 35.14644 1.05973 1.13780 307.29416
7156.57829 34.72523 1.04511 1.12416 304.09667
7155.79739 34.14226 1.02256 1.10529 298.11894
7155.57779 34.00226 1.01834 1.10076 296.17918
7154.57729 33.50550 1.00401 1.08467 286.45457
7153.77087 33.13808 0.98882 1.07278 278.52511
7153.57679 33.03975 0.98499 1.06960 276.72286
7152.57629 32.54495 0.96778 1.05358 267.50159
7151.85239 32.13389 0.95444 1.04027 261.40389
7151.57579 31.98012 0.94867 1.03529 259.10187
7150.57529 31.42891 0.92502 1.01745 250.85738
7150.08792 31.12971 0.91723 1.00776 247.04941
7149.57479 30.82167 0.90992 0.99779 242.82638
7148.57429 30.32606 0.89349 0.98175 234.46593
7148.16933 30.12552 0.88496 0.97525 231.79021
7147.57379 29.83374 0.87423 0.96581 227.39292
7146.57329 29.30624 0.85864 0.94873 219.79881
7146.24294 29.12134 0.85218 0.94275 217.39065
7145.57279 28.76868 0.83819 0.93133 212.45479
7144.57229 28.24398 0.82062 0.91434 205.26489
7144.34879 28.11715 0.81730 0.91024 203.73328
7143.57179 27.73435 0.80419 0.89784 198.17419
7142.57129 27.23926 0.78409 0.88182 191.23303
7142.34962 27.11297 0.77926 0.87773 189.79256
7141.57079 26.65957 0.76778 0.86305 184.84046
7140.57029 26.15128 0.75075 0.84660 178.31731
7140.48567 26.10879 0.74914 0.84522 177.77007
7139.56978 25.65873 0.73147 0.83065 171.92379
7138.56928 25.22604 0.72008 0.81664 166.32498
7138.34932 25.10460 0.71589 0.81271 165.01629
7137.56878 24.70034 0.69937 0.79962 160.32108
7136.60666 24.10042 0.67758 0.78020 155.00904
7136.56828 24.07072 0.67668 0.77924 154.81239
7135.56778 23.39042 0.65496 0.75722 149.47192
7135.08479 23.09623 0.64083 0.74769 146.85607
7134.56728 22.83085 0.63087 0.73910 143.99590
7133.56678 22.50269 0.62376 0.72848 138.27619
7132.56628 22.22847 0.61871 0.71960 132.71124
7132.14557 22.09205 0.61581 0.71519 130.46774
7131.56578 21.93203 0.60862 0.71001 127.38231
7130.56528 21.66597 0.59707 0.70139 122.73176
7129.56478 21.31903 0.58643 0.69016 118.20475
7129.07972 21.08787 0.58105 0.68268 116.05495
7128.56428 20.81249 0.57255 0.67376 113.84168
7127.56378 20.27633 0.55218 0.65641 109.60138
7127.24652 20.08368 0.54587 0.65017 108.28363
7126.56328 19.62966 0.53217 0.63547 105.46496
7125.67928 19.07950 0.51407 0.61766 101.83729
7125.56278 19.01006 0.51078 0.61541 101.36297
7124.56228 18.57907 0.49280 0.60146 97.39058
7123.56178 18.30558 0.48759 0.59261 93.66317
7122.56128 18.08903 0.48278 0.58560 90.14467
7122.51580 18.07531 0.48248 0.58515 89.98295
7121.56078 17.83502 0.47324 0.57737 86.91962
7120.56028 17.49555 0.45993 0.56638 83.84641
7119.74108 17.07113 0.44791 0.55264 81.11446
7119.55978 16.94640 0.44434 0.54861 80.48999
7118.55928 16.29520 0.42367 0.52752 77.07593
7118.15425 16.06695 0.41334 0.52014 75.74663
7117.55878 15.78295 0.40226 0.51094 73.88776
7116.55828 15.47481 0.39613 0.50097 71.13358
7115.55778 15.19556 0.38973 0.49193 68.55101
7115.18321 15.06276 0.38550 0.48763 67.56116
7114.55728 14.85035 0.37633 0.48075 65.98218
7113.55678 14.46922 0.36088 0.46841 63.44021
7112.55628 14.05873 0.35196 0.45512 61.10768
7112.55596 14.05858 0.35196 0.45512 61.10685
7111.55578 13.58859 0.33857 0.43990 58.52745
7110.55528 13.17337 0.32081 0.42646 56.25479
7110.23316 13.05439 0.31680 0.42261 55.57195
7109.55478 12.79945 0.30931 0.41436 54.16412
7108.55428 12.53109 0.30742 0.40567 52.33718
7107.55378 12.32729 0.30265 0.39907 50.72769
7106.55328 12.11251 0.29433 0.39212 49.15861
7106.35273 12.05021 0.29177 0.39010 48.80054
7105.55278 11.80783 0.27722 0.38225 47.42246
7104.55228 11.40280 0.26861 0.36914 45.48745
7103.69166 11.04603 0.26281 0.35759 43.89398
7103.55178 10.98732 0.26182 0.35569 43.64189
7102.55128 10.60189 0.25102 0.34322 41.84128
7101.55078 10.29856 0.23590 0.33340 40.31823
7100.85842 10.04184 0.22845 0.32508 39.14787
7100.55028 9.91699 0.22669 0.32104 38.60189
7099.54977 9.53762 0.22171 0.30876 36.92871
7098.54927 9.21206 0.21112 0.29822 35.44030
7097.92602 9.03766 0.20165 0.29258 34.62434
7097.54877 8.92471 0.19577 0.28892 34.11006
7096.54827 8.68746 0.18610 0.28124 32.96041
7095.54777 8.46840 0.18313 0.27415 31.89991
7094.54727 8.23327 0.18306 0.26654 30.83788
7093.85479 8.03347 0.18028 0.26007 29.96231
7093.54677 7.94868 0.17780 0.25732 29.59421
7092.54627 7.68233 0.16408 0.24870 28.43130
7091.54577 7.39435 0.14870 0.23938 27.20880
7090.54527 7.09768 0.14450 0.22977 25.97110
7090.25704 7.02929 0.14557 0.22756 25.66751
7089.54477 6.90779 0.14902 0.22363 25.08048
7088.54427 6.76328 0.15008 0.21895 24.36416
7087.54377 6.61240 0.14746 0.21406 23.62097
7086.54327 6.45060 0.14202 0.20883 22.86709
7085.54277 6.26140 0.13366 0.20270 22.01080
7084.54227 6.05049 0.12823 0.19587 21.08257
7084.43624 6.02510 0.12738 0.19505 20.97390
7083.54177 5.80526 0.12378 0.18793 20.03737
7082.54127 5.63188 0.12544 0.18232 19.22656
7081.54077 5.48451 0.12571 0.17755 18.48561
7080.54027 5.29659 0.12577 0.17147 17.63123
7079.53977 5.02509 0.12096 0.16268 16.54693
7079.52629 5.02092 0.12095 0.16254 16.53132
0.00000 0.00000 0.00000 0.00000 0.00000
