7014.33755 10.04184 0.25677 0.32508 136.29266
7014.50725 10.05703 0.25759 0.32558 136.31587
7015.50775 10.15635 0.26288 0.32879 136.56109
7016.50825 10.23808 0.26729 0.33144 136.64999
7017.50875 10.33077 0.27230 0.33444 136.71058
7018.50925 10.43883 0.27772 0.33794 136.96932
7019.50975 10.53901 0.28274 0.34118 137.06523
7020.51026 10.64080 0.28804 0.34447 137.15139
7021.51076 10.74527 0.29338 0.34786 137.22399
7022.51126 10.84660 0.29859 0.35114 137.20798
7023.51176 10.97499 0.30473 0.35529 137.52792
7023.99684 11.04603 0.30800 0.35759 137.77543
7024.51226 11.12141 0.31134 0.36003 138.13541
7025.51276 11.23976 0.31706 0.36386 138.28446
7026.51326 11.36580 0.32310 0.36794 138.41140
7027.51376 11.49829 0.32931 0.37223 138.57702
7028.51426 11.62372 0.33536 0.37629 138.60862
7029.51476 11.75415 0.34155 0.38052 138.64548
7030.51526 11.89543 0.34807 0.38509 138.78756
7031.51576 12.04801 0.35508 0.39003 139.04605
7031.52943 12.05021 0.35518 0.39010 139.05078
7032.51626 12.20373 0.36228 0.39507 139.31125
7033.51676 12.35465 0.36934 0.39996 139.47744
7034.51726 12.49738 0.37595 0.40458 139.52884
7035.51776 12.64923 0.38291 0.40949 139.44042
7036.51826 12.81198 0.38977 0.41476 139.29545
7037.51876 12.97858 0.39648 0.42016 139.06325
7037.84582 13.05439 0.39916 0.42261 139.13981
7038.51926 13.22141 0.40533 0.42802 139.54995
7039.51976 13.45037 0.41395 0.43543 139.89463
7040.52026 13.65814 0.42242 0.44215 140.08345
7041.52076 13.86062 0.43094 0.44871 140.23547
7042.52126 14.05823 0.43933 0.45511 140.57176
7042.52264 14.05858 0.43934 0.45512 140.57337
7043.52176 14.28866 0.44903 0.46257 141.05553
7044.52226 14.52390 0.45859 0.47018 141.44576
7045.52276 14.72918 0.46701 0.47683 141.35285
7046.52326 14.97581 0.47657 0.48481 141.71718
7046.84565 15.06276 0.47986 0.48763 141.92012
7047.52376 15.23775 0.48651 0.49329 142.22469
7048.52426 15.46602 0.49546 0.50068 142.22105
7049.52476 15.69569 0.50451 0.50812 142.17751
7050.52526 15.94565 0.51451 0.51621 142.31397
7050.98420 16.06695 0.51931 0.52014 142.47617
7051.52576 16.19737 0.52458 0.52436 142.69383
7052.52626 16.43091 0.53320 0.53192 142.62591
7053.52676 16.69650 0.54206 0.54052 142.87012
7054.52726 17.00506 0.55280 0.55050 143.66565
7054.72269 17.07113 0.55497 0.55264 143.89896
7055.52776 17.30907 0.56225 0.56035 144.38979
7056.52826 17.54072 0.56940 0.56785 144.08391
7057.52876 17.77418 0.57671 0.57540 143.78597
7058.52926 18.03907 0.58465 0.58398 143.92700
7058.67124 18.07531 0.58570 0.58515 143.92516
7059.52976 18.29974 0.59170 0.59242 143.98565
7060.53027 18.54057 0.59700 0.60021 144.15479
7061.53077 18.81371 0.60251 0.60906 144.34530
7062.45579 19.07950 0.60805 0.61766 144.74399
7062.53127 19.10304 0.60862 0.61842 144.80207
7063.53177 19.38533 0.61534 0.62756 145.15140
7064.53227 19.62335 0.62055 0.63527 144.82515
7065.53277 19.91150 0.62576 0.64460 145.21527
7066.04223 20.08368 0.62888 0.65017 145.77875
7066.53327 20.23517 0.63149 0.65507 146.10435
7067.53377 20.48264 0.63628 0.66308 145.81496
7068.53427 20.69976 0.64107 0.67011 145.37435
7069.53477 20.96012 0.64644 0.67854 145.34065
7069.94657 21.08787 0.64898 0.68268 145.58762
7070.53527 21.28178 0.65288 0.68896 146.11707
7071.53577 21.55960 0.65803 0.69795 146.26606
7072.53627 21.82486 0.66372 0.70654 146.04461
7073.36034 22.09205 0.66987 0.71519 146.20540
7073.53677 22.15967 0.67138 0.71738 146.34535
7074.53727 22.51229 0.67830 0.72879 146.66689
7075.53777 22.85554 0.68479 0.73990 147.07930
7076.27649 23.09623 0.69088 0.74769 147.47751
7076.53827 23.17313 0.69288 0.75018 147.49846
7077.53877 23.43675 0.70006 0.75872 147.35996
7078.53927 23.69491 0.70644 0.76708 147.13027
7079.53977 24.01603 0.71425 0.77747 147.40168
7079.77538 24.10042 0.71632 0.78020 147.58232
7080.54027 24.38007 0.72387 0.78926 148.23892
7081.54077 24.69308 0.73262 0.79939 148.34384
7082.54127 25.03032 0.74208 0.81031 148.73312
7082.74740 25.10460 0.74403 0.81271 148.87187
7083.54177 25.38861 0.75173 0.82191 149.34680
7084.54227 25.71700 0.76072 0.83254 149.50873
7085.54277 26.06762 0.77129 0.84389 149.92833
7085.66356 26.10879 0.77250 0.84522 149.95275
7086.54327 26.39404 0.78063 0.85445 150.03315
7087.54377 26.67831 0.78832 0.86366 149.86461
7088.54427 27.04469 0.79888 0.87552 150.30567
7088.70000 27.11297 0.80101 0.87773 150.52411
7089.54477 27.43994 0.81115 0.88831 151.10678
7090.54527 27.76040 0.82062 0.89869 150.88913
7091.52360 28.11715 0.83090 0.91024 151.17118
7091.54577 28.12668 0.83118 0.91054 151.19579
7092.54627 28.53614 0.84381 0.92380 152.03103
7093.54677 28.88514 0.85475 0.93510 152.03135
7094.18736 29.12134 0.86196 0.94275 152.16036
7094.54727 29.26600 0.86635 0.94743 152.33464
7095.54777 29.60217 0.87607 0.95831 152.48930
7096.54827 29.97600 0.88829 0.97041 152.85958
7096.89007 30.12552 0.89308 0.97525 153.16881
7097.54877 30.42004 0.90218 0.98479 153.72764
7098.54927 30.82226 0.91282 0.99781 153.54691
7099.20754 31.12971 0.92108 1.00776 153.84019
7099.54977 31.28711 0.92565 1.01286 154.06232
7100.55028 31.67486 0.93829 1.02541 154.21011
7101.55078 32.05861 0.95072 1.03783 154.34844
7101.72854 32.13389 0.95313 1.04027 154.45006
7102.55128 32.48989 0.96412 1.05180 154.92848
7103.55178 32.90164 0.97742 1.06512 155.29228
7104.14136 33.13808 0.98525 1.07278 155.73117
7104.55228 33.29997 0.99056 1.07802 155.80878
7105.55278 33.70147 1.00317 1.09102 155.84647
7106.49874 34.14226 1.01753 1.10529 156.59803
7106.55328 34.17064 1.01847 1.10621 156.67473
7107.55378 34.60060 1.03276 1.12013 156.99673
7108.55428 34.99499 1.04541 1.13289 156.84240
7108.87676 35.14644 1.05029 1.13780 157.06842
7109.55478 35.46594 1.06053 1.14814 157.54732
7110.55528 35.92165 1.07585 1.16289 158.01893
7111.03854 36.15063 1.08344 1.17030 158.31832
7111.55578 36.39551 1.09149 1.17823 158.66021
7112.55628 36.83461 1.10550 1.19245 158.81085
7113.31827 37.15481 1.11636 1.20281 159.20329
7113.55678 37.25673 1.11987 1.20611 159.28104
7114.55728 37.70106 1.13470 1.22050 159.40722
7115.55778 38.15423 1.14930 1.23517 159.61818
7115.56712 38.15900 1.14946 1.23532 159.62555
7116.55828 38.64525 1.16620 1.25106 160.17350
7117.55878 39.12978 1.18275 1.26675 160.72661
7117.62433 39.16318 1.18390 1.26783 160.78571
7118.55928 39.65571 1.19987 1.28377 161.47085
7119.50127 40.16736 1.21512 1.30034 161.69613
7119.55978 40.19860 1.21602 1.30135 161.69363
7120.56028 40.70330 1.23199 1.31769 161.88159
7121.52875 41.17155 1.24803 1.33285 162.53861
7121.56078 41.18797 1.24862 1.33338 162.58091
7122.56128 41.67077 1.26545 1.34901 162.99911
7123.56178 42.17053 1.28241 1.36519 163.33582
7123.57136 42.17573 1.28259 1.36535 163.34348
7124.56228 42.69819 1.30039 1.38227 163.94514
7125.49913 43.17992 1.31718 1.39786 164.31393
7125.56278 43.21434 1.31837 1.39898 164.35629
7126.56328 43.73406 1.33581 1.41580 164.78814
7127.41447 44.18410 1.35172 1.43037 165.19033
7127.56378 44.26682 1.35458 1.43305 165.29025
7128.56428 44.77105 1.37200 1.44937 165.46887
7129.32450 45.18828 1.38627 1.46288 165.92952
7129.56478 45.33068 1.39116 1.46749 166.16672
7130.56528 45.86591 1.40995 1.48482 166.70965
7131.20562 46.19247 1.42124 1.49539 167.16325
7131.56578 46.39051 1.42805 1.50180 167.34972
7132.56628 46.93680 1.44681 1.51948 167.72733
7133.00267 47.19665 1.45607 1.52790 168.11579
7133.56678 47.52554 1.46780 1.53854 168.59732
7134.56728 48.05927 1.48617 1.55582 168.78987
7134.79980 48.20084 1.49070 1.56041 168.89745
7135.56778 48.69819 1.50575 1.57651 169.24147
7136.34731 49.20502 1.52247 1.59291 169.97328
7136.56828 49.34239 1.52712 1.59736 170.18497
7137.56878 49.91638 1.54750 1.61594 170.75221
7138.06691 50.20921 1.55790 1.62542 171.01952
7138.56928 50.50630 1.56844 1.63504 171.26638
7139.56978 51.00544 1.58568 1.65120 171.50366
7139.91853 51.21339 1.59317 1.65793 171.78453
7140.57029 51.61920 1.60737 1.67107 172.26029
7141.57079 52.19825 1.62754 1.68981 172.64989
7141.60105 52.21757 1.62822 1.69044 172.67717
7142.57129 52.83870 1.65024 1.71055 173.57006
7143.20171 53.22176 1.66373 1.72295 173.92155
7143.57179 53.46123 1.67209 1.73070 174.26283
7144.57229 54.06342 1.69325 1.75020 174.73683
7144.83409 54.22594 1.69896 1.75546 174.90710
7145.57279 54.67312 1.71472 1.76993 175.26860
7146.44524 55.23013 1.73423 1.78796 175.90837
7146.57329 55.31867 1.73733 1.79083 176.06534
7147.57379 55.95667 1.75997 1.81149 176.72861
7148.03835 56.23431 1.76970 1.82047 176.92425
7148.57429 56.56632 1.78151 1.83122 177.53868
7149.57479 57.18188 1.80360 1.85115 178.15927
7149.66071 57.23849 1.80549 1.85298 178.19898
7150.57529 57.92817 1.82651 1.87531 178.95502
7150.99766 58.24268 1.83664 1.88549 179.35966
7151.57579 58.62718 1.85031 1.89794 179.83870
7152.55951 59.24686 1.87228 1.91800 180.36236
7152.57629 59.25920 1.87271 1.91840 180.38376
7153.57679 59.94726 1.89672 1.94067 181.28689
7154.01095 60.25105 1.90725 1.95051 181.72140
7154.57729 60.64571 1.92102 1.96328 182.28246
7155.48191 61.25523 1.94271 1.98302 182.96178
7155.57779 61.32454 1.94511 1.98526 183.06642
7156.57829 61.98464 1.96767 2.00663 183.72335
7157.01995 62.25941 1.97743 2.01552 184.11711
7157.57879 62.63463 1.99043 2.02767 184.65472
7158.45518 63.26360 2.01084 2.04803 185.50824
7158.57929 63.35651 2.01412 2.05104 185.66318
7159.57979 64.08222 2.04018 2.07453 186.70715
7159.84681 64.26778 2.04622 2.08054 186.92856
7160.58029 64.76680 2.06459 2.09670 187.42237
7161.29419 65.27197 2.08230 2.11305 188.11182
7161.58079 65.50342 2.08984 2.12054 188.58014
7162.58129 66.25161 2.11172 2.14476 189.31748
7162.61082 66.27615 2.11242 2.14556 189.34261
7163.58179 67.04548 2.13695 2.17046 190.41212
7163.88027 67.28033 2.14458 2.17807 190.84251
7164.58229 67.81786 2.16249 2.19547 191.70563
7165.20654 68.28452 2.17812 2.21057 192.36824
7165.58279 68.57264 2.18763 2.21990 192.81968
7166.58329 69.21096 2.20797 2.24057 193.64014
7166.68624 69.28870 2.21053 2.24308 193.76920
7167.58379 69.97434 2.23341 2.26528 194.78654
7167.99715 70.29289 2.24306 2.27559 195.31037
7168.58429 70.76002 2.25875 2.29071 196.09846
7169.29282 71.29707 2.27664 2.30810 196.92359
7169.58479 71.52323 2.28351 2.31542 197.27520
7170.58529 72.26757 2.30843 2.33952 198.36887
7170.62774 72.30126 2.30960 2.34061 198.42775
7171.58579 73.07445 2.33573 2.36564 199.78816
7171.88702 73.30544 2.34334 2.37312 200.15319
7172.58629 73.88973 2.36391 2.39203 201.25045
7173.11477 74.30962 2.37807 2.40563 201.97337
7173.58679 74.67868 2.38872 2.41757 202.62652
7174.37218 75.31381 2.41145 2.43813 203.60323
7174.58729 75.50221 2.41717 2.44423 203.93253
7175.58779 76.27347 2.44008 2.46920 205.25799
7175.63851 76.31799 2.44186 2.47064 205.33859
7176.58829 77.10737 2.47014 2.49620 206.84947
7176.84382 77.32218 2.47591 2.50315 207.26299
7177.58879 77.94706 2.49724 2.52338 208.49788
7178.03810 78.32636 2.51323 2.53566 209.26049
7178.58929 78.78523 2.52238 2.55051 210.21172
7179.25559 79.33054 2.53752 2.56817 211.32319
7179.58979 79.63107 2.58490 2.57790 212.01313
7180.45321 80.33473 2.72689 2.60068 213.54842
7180.59030 80.45202 2.74861 2.60447 213.79626
7181.59080 81.33545 2.79425 2.63307 215.90822
7181.59474 81.33891 2.79420 2.63318 215.91632
7182.59130 82.19662 2.80602 2.66095 218.07284
7182.76216 82.34310 2.81048 2.66569 218.46106
7183.59180 83.03600 2.83457 2.68812 220.42512
7183.97514 83.34728 2.84535 2.69820 221.24611
7184.59230 83.93051 2.85940 2.71708 222.79057
7185.01553 84.35146 2.86605 2.73071 223.97055
7185.59280 84.87481 2.88032 2.74765 225.58338
7186.14126 85.35565 2.89271 2.76322 227.16705
7186.59330 85.75080 2.90167 2.77601 228.54038
7187.27076 86.35983 2.92061 2.79573 230.63323
7187.59380 86.65430 2.92847 2.80526 231.65094
7188.37948 87.36402 2.94818 2.82824 234.28311
7188.59430 87.56917 2.95545 2.83488 235.04306
7189.46170 88.36820 2.97870 2.86074 238.19775
7189.59480 88.48775 2.98216 2.86461 238.65341
7190.59530 89.32556 3.01311 2.89174 242.68148
7190.64480 89.37238 3.01430 2.89325 242.86087
7191.59580 90.29488 3.04233 2.92312 246.63605
7191.69603 90.37657 3.04568 2.92576 247.08841
7192.59630 91.14903 3.06700 2.95077 250.35390
7192.84836 91.38075 3.07560 2.95827 251.21383
7193.59680 92.03062 3.10261 2.97931 254.99188
7193.96514 92.38494 3.11099 2.99078 256.54537
7194.59730 93.05148 3.13410 3.01236 259.26022
7194.92904 93.38912 3.14783 3.02329 260.92832
7195.59780 94.06358 3.16975 3.04512 263.79836
7195.93101 94.39331 3.18319 3.05579 265.43456
7196.59830 95.02245 3.21060 3.07616 268.54944
7196.98285 95.39749 3.22434 3.08830 270.31517
7197.59880 95.98922 3.25081 3.10746 273.43792
7198.03391 96.40167 3.26966 3.12081 275.57130
7198.59930 96.95604 3.29308 3.13876 278.45474
7199.06890 97.40586 3.31355 3.15332 280.95831
7199.59980 97.93423 3.33901 3.17042 283.46792
7200.06854 98.41004 3.36177 3.18583 285.66754
7200.60030 98.93908 3.38774 3.20295 288.47433
7201.11308 99.41423 3.41241 3.21834 291.61909
7201.60080 99.84731 3.43318 3.23236 293.52277
7202.20755 100.41841 3.46302 3.25085 296.63874
7202.60130 100.83187 3.48714 3.26423 298.39014
7203.14915 101.42259 3.51768 3.28335 301.05113
7203.60180 101.94223 3.53953 3.30018 303.78657
7204.03207 102.42678 3.56397 3.31586 305.54352
7204.60230 102.96462 3.59846 3.33327 308.88866
7205.05756 103.43096 3.61719 3.34837 311.49266
7205.60280 104.01607 3.63428 3.36731 313.99487
7206.01971 104.43515 3.65047 3.38088 316.35016
7206.60330 105.05529 3.67318 3.40095 319.24438
7206.97578 105.43933 3.68610 3.41339 321.33926
7207.60380 106.03973 3.70586 3.43282 325.54521
7207.97903 106.44351 3.72122 3.44590 327.42687
7208.60430 107.12182 3.74434 3.46785 330.34875
7208.92617 107.44770 3.75409 3.47840 332.39002
7209.60480 108.19142 3.78197 3.50248 335.60862
7209.87789 108.45188 3.79189 3.51091 336.81607
7210.60530 109.13277 3.81604 3.53296 340.55895
7210.89854 109.45607 3.82712 3.54342 342.15457
7211.60580 110.21977 3.85347 3.56814 345.74306
7211.83572 110.46025 3.86130 3.57593 347.32111
7212.60630 111.36552 3.88976 3.60524 352.13132
7212.69083 111.46444 3.89331 3.60844 352.52227
7213.60680 112.44572 3.92841 3.64021 357.45011
7213.62743 112.46862 3.92920 3.64095 357.55241
7214.51395 113.47280 3.96418 3.67346 361.69429
7214.60730 113.57619 3.96777 3.67680 362.18152
7215.41954 114.47699 3.99894 3.70596 366.40370
7215.60780 114.68487 4.00615 3.71269 367.43672
7216.32383 115.48117 4.03393 3.73847 371.29912
7216.60830 115.79476 4.04499 3.74862 372.87222
7217.22007 116.48536 4.06932 3.77098 376.09287
7217.60880 116.91581 4.08414 3.78492 378.14359
7218.10495 117.48954 4.10395 3.80349 380.57080
7218.60930 118.04950 4.12327 3.82162 383.75124
7219.06352 118.49372 4.13904 3.83600 386.15726
7219.60980 119.09360 4.15911 3.85542 388.18440
7219.92970 119.49791 4.17120 3.86851 390.16678
7220.61031 120.27160 4.19713 3.89355 394.44846
7220.80588 120.50209 4.20533 3.90101 395.26441
7221.61081 121.43697 4.23838 3.93128 399.50396
7221.67248 121.50628 4.24086 3.93352 399.84275
7222.51276 122.51046 4.27546 3.96603 403.75701
7222.61131 122.62127 4.27924 3.96962 404.38213
7223.37527 123.51464 4.31025 3.99854 408.32535
7223.61181 123.78432 4.31957 4.00727 409.73018
7224.22980 124.51883 4.34553 4.03105 412.82972
7224.61231 124.96234 4.36097 4.04541 414.99466
7225.08200 125.52301 4.38022 4.06356 417.36300
7225.61281 126.14566 4.40216 4.08371 420.31248
7225.92715 126.52720 4.41521 4.09606 421.80976
7226.61331 127.34817 4.44343 4.12264 425.41597
7226.77437 127.53138 4.45004 4.12857 426.53913
7227.61331 128.53556 4.48255 4.16108 430.98915
7227.61381 128.53615 4.48257 4.16110 430.99181
7228.41585 129.53975 4.51723 4.19359 433.27447
7228.61431 129.76004 4.52506 4.20072 434.88485
7229.24550 130.54393 4.55221 4.22610 438.04820
7229.61481 130.98177 4.56758 4.24027 440.14118
7230.09301 131.54812 4.58738 4.25861 443.06689
7230.61531 132.16213 4.60839 4.27848 446.35651
7230.92378 132.55230 4.62166 4.29112 447.78853
7231.61581 133.41034 4.65158 4.31889 451.38802
7231.73578 133.55649 4.65678 4.32362 452.12689
7232.50634 134.56067 4.69216 4.35613 455.19503
7232.61631 134.69574 4.69691 4.36051 455.86131
7233.31102 135.56485 4.72738 4.38864 459.57324
7233.61681 135.93611 4.74051 4.40066 461.29565
7234.10235 136.56904 4.76214 4.42115 463.31503
7234.61731 137.26835 4.78304 4.44379 466.84589
7234.83787 137.57322 4.79291 4.45366 467.94061
7235.61781 138.52704 4.82714 4.48454 472.49811
7235.65944 138.57741 4.82890 4.48617 472.78301
7236.40199 139.58159 4.86357 4.51867 475.87277
7236.61831 139.84776 4.87273 4.52729 476.71941
7237.26934 140.58577 4.89842 4.55118 479.43804
7237.61881 140.98078 4.91237 4.56397 482.01734
7238.07886 141.58996 4.93370 4.58369 484.45260
7238.61931 142.27569 4.95741 4.60589 487.58432
7238.85659 142.59414 4.96848 4.61620 488.62858
7239.58719 143.59833 5.00381 4.64871 491.45761
7239.61981 143.64070 5.00531 4.65008 491.63747
7240.31598 144.60251 5.03881 4.68122 494.44156
7240.62031 144.98256 5.05199 4.69352 496.46062
7241.10313 145.60669 5.07401 4.71373 499.06235
7241.62081 146.33637 5.09678 4.73735 502.53614
7241.80102 146.61088 5.10519 4.74623 503.41390
7242.50428 147.61506 5.14024 4.77874 505.82647
7242.62131 147.76480 5.14539 4.78359 506.57061
7243.27297 148.61925 5.17481 4.81125 510.42810
7243.62181 149.08668 5.19125 4.82638 512.23839
7244.00873 149.62343 5.20988 4.84376 513.96920
7244.62231 150.43525 5.23820 4.87004 518.07740
7244.77460 150.62762 5.24502 4.87627 519.17665
7245.56438 151.63180 5.27976 4.90878 522.01775
7245.62281 151.70127 5.28218 4.91103 522.34282
7246.30370 152.63598 5.31496 4.94128 525.18072
7246.62331 153.08328 5.33024 4.95576 527.01999
7247.01329 153.64017 5.35002 4.97379 528.70642
7247.62381 154.47502 5.37876 5.00082 532.50790
7247.73590 154.64435 5.38361 5.00630 533.31581
7248.35204 155.64854 5.41635 5.03881 535.05829
7248.62431 156.01919 5.42972 5.05081 536.51183
7249.06529 156.65272 5.45093 5.07132 538.71926
7249.62481 157.43413 5.47843 5.09662 541.80215
7249.78628 157.65690 5.48639 5.10383 542.77254
7250.47819 158.66109 5.52147 5.13634 546.08676
7250.62531 158.86444 5.52832 5.14292 546.97180
7251.15724 159.66527 5.55630 5.16884 549.09266
7251.62581 160.32416 5.57911 5.19017 551.83272
7251.85832 160.66946 5.59056 5.20135 552.82305
7252.54822 161.67364 5.62682 5.23386 556.47854
7252.62631 161.77381 5.63023 5.23710 557.11037
7253.23065 162.67782 5.65938 5.26637 559.77564
7253.62681 163.27338 5.68192 5.28565 561.55120
7253.91905 163.68201 5.69534 5.29888 564.24195
7254.61126 164.68619 5.72659 5.33139 567.89073
7254.62731 164.70658 5.72735 5.33205 567.96996
7255.29955 165.69038 5.76254 5.36389 569.82109
7255.62781 166.13882 5.77789 5.37841 572.42799
7255.99655 166.69456 5.79744 5.39640 574.40153
7256.62831 167.65675 5.83106 5.42755 577.37669
7256.65622 167.69874 5.83253 5.42891 577.52338
7257.29290 168.70293 5.86754 5.46142 580.12176
7257.62881 169.19343 5.88517 5.47730 582.21705
7257.96244 169.70711 5.90282 5.49393 583.85105
7258.62931 170.69008 5.93815 5.52575 587.97590
7258.64372 170.71130 5.93895 5.52644 588.06816
7259.25120 171.71548 5.97137 5.55895 589.89547
7259.62981 172.32516 5.99321 5.57868 592.30790
7259.86721 172.71967 6.00715 5.59145 593.96951
7260.47842 173.72385 6.03606 5.62396 596.33534
7260.63032 173.95242 6.04394 5.63136 597.29954
7261.10586 174.72803 6.07097 5.65647 599.29867
7261.63082 175.50970 6.09730 5.68178 602.67822
7261.76900 175.73222 6.10335 5.68898 603.31868
7262.36036 176.73640 6.13741 5.72149 605.63635
7262.63132 177.14300 6.15266 5.73465 607.32795
7263.04869 177.74059 6.16620 5.75400 609.01726
7263.63182 178.55818 6.19375 5.78046 612.06445
7263.75111 178.74477 6.20014 5.78650 612.73324
7264.34661 179.74895 6.22894 5.81901 615.43673
7264.63232 180.17827 6.24285 5.83291 617.51748
7264.98584 180.75314 6.26175 5.85152 619.10435
7265.55955 181.75732 6.29147 5.88403 622.31714
7265.63282 181.86823 6.29423 5.88762 623.06957
7266.13586 182.76151 6.32039 5.91654 624.79610
7266.63332 183.56106 6.34586 5.94242 627.76149
7266.76236 183.76569 6.35124 5.94905 628.58609
7267.33915 184.76987 6.38228 5.98156 630.88128
7267.63382 185.23299 6.39774 5.99655 632.85438
7267.95717 185.77406 6.41516 6.01406 634.53619
7268.58699 186.77824 6.44479 6.04657 638.71953
7268.63432 186.84923 6.44726 6.04887 639.09988
7269.14707 187.78243 6.47709 6.07908 640.72201
7269.63482 188.59379 6.50041 6.10535 643.58599
7269.75213 188.78661 6.50688 6.11159 644.31133
7270.31764 189.79079 6.53953 6.14410 646.81318
7270.63532 190.37908 6.55583 6.16314 649.03137
7270.85859 190.79498 6.56704 6.17661 650.01642
7271.43331 191.79916 6.59884 6.20911 653.02814
7271.63582 192.11845 6.60950 6.21945 654.73177
7272.06490 192.80335 6.63002 6.24162 657.04585
7272.63632 193.64694 6.65652 6.26893 659.95650
7272.73574 193.80753 6.66165 6.27413 660.43644
7273.26919 194.81172 6.69348 6.30664 662.25082
7273.63682 195.41687 6.71065 6.32623 665.01166
7273.87041 195.81590 6.72323 6.33915 666.45234
7274.42166 196.82008 6.75630 6.37166 668.97622
7274.63732 197.17949 6.76751 6.38329 670.54217
7274.98853 197.82427 6.78673 6.40417 672.04535
7275.51036 198.82845 6.81513 6.43667 675.19304
7275.63782 199.03136 6.82170 6.44324 676.55018
7276.05960 199.83264 6.84659 6.46918 678.19456
7276.61038 200.83682 6.87668 6.50169 681.14631
7276.63832 200.88389 6.87811 6.50321 681.34562
7277.14708 201.84100 6.90916 6.53420 683.67012
7277.63882 202.70573 6.93500 6.56219 686.86215
7277.71836 202.84519 6.93909 6.56671 687.40294
7278.24531 203.84937 6.97079 6.59922 689.78752
7278.63932 204.52503 6.99302 6.62109 692.69899
7278.82192 204.85356 7.00310 6.63172 693.83938
7279.32502 205.85774 7.03188 6.66423 695.61604
7279.63982 206.40023 7.05017 6.68179 698.01069
7279.90479 206.86192 7.06574 6.69674 700.04868
7280.39869 207.86611 7.09383 6.72925 702.46860
7280.64032 208.32146 7.10525 6.74399 703.63925
7280.94289 208.87029 7.12240 6.76176 704.17704
7281.53613 209.87448 7.15584 6.79427 707.99498
7281.64082 210.04367 7.16126 6.79974 708.94325
7282.06057 210.87866 7.18499 6.82677 711.11879
7282.61352 211.88285 7.21738 6.85928 714.90269
7282.64132 211.92902 7.21900 6.86078 715.15184
7283.11790 212.88703 7.24891 6.89179 717.31068
7283.64182 213.89114 7.27768 6.92430 720.42524
7283.64186 213.89121 7.27768 6.92430 720.42560
7284.15278 214.89540 7.31101 6.95681 723.19097
7284.64232 215.82636 7.33994 6.98695 726.22115
7284.68269 215.89958 7.34203 6.98932 726.56431
7285.13242 216.90377 7.36780 7.02183 728.98764
7285.64282 217.82584 7.39925 7.05168 732.82291
7285.68952 217.90795 7.40198 7.05433 733.22379
7286.15878 218.91213 7.43188 7.08684 735.01310
7286.64332 219.84684 7.45931 7.11710 738.15160
7286.68258 219.91632 7.46167 7.11935 738.48754
7287.18371 220.92050 7.49481 7.15186 741.33671
7287.64382 221.83569 7.52185 7.18149 744.13309
7287.69384 221.92469 7.52431 7.18437 744.56706
7288.19279 222.92887 7.55530 7.21688 747.47099
7288.64432 223.80074 7.58405 7.24510 750.53863
7288.71923 223.93305 7.58813 7.24938 751.23299
7289.22291 224.93724 7.61760 7.28189 754.61121
7289.64482 225.82436 7.64245 7.31061 757.64319
7289.70986 225.94142 7.64615 7.31440 758.14099
7290.25029 226.94561 7.67890 7.34691 760.30277
7290.64532 227.68658 7.70000 7.37090 762.76785
7290.79224 227.94979 7.70685 7.37942 764.09584
7291.27502 228.95397 7.73992 7.41193 767.18648
7291.64582 229.68982 7.76410 7.43575 769.71863
7291.78600 229.95816 7.77253 7.44444 770.79562
7292.26737 230.96234 7.79981 7.47694 773.65396
7292.64632 231.69750 7.82457 7.50074 776.58138
7292.79537 231.96653 7.83397 7.50945 777.96801
7293.27457 232.97071 7.86634 7.54196 780.85983
7293.64682 233.80585 7.88808 7.56900 782.81228
7293.73167 233.97490 7.89265 7.57447 783.71890
7294.19416 234.97908 7.92367 7.60698 786.89433
7294.64732 235.96393 7.95605 7.63886 789.38622
7294.65742 235.98326 7.95663 7.63949 789.47175
7295.15495 236.98745 7.98469 7.67199 793.11839
7295.64782 237.98060 8.01709 7.70415 796.81274
7295.65387 237.99163 8.01750 7.70450 796.87068
7296.13888 238.99582 8.05058 7.73701 800.30109
7296.63407 240.00000 8.07917 7.76952 804.08223
