7291.08628 241.03945 8.12379 7.80317 745.22316
7291.11145 241.09462 8.12545 7.80496 745.35848
7290.59340 239.97291 8.08985 7.76864 742.45820
7290.15839 238.88892 8.05739 7.73355 742.79926
7290.10198 238.76942 8.05387 7.72968 742.66446
7289.73452 237.97087 8.03074 7.70383 742.44560
7289.30485 236.93181 7.99878 7.67019 742.21881
7289.09318 236.45566 7.98386 7.65478 741.33352
7288.83759 235.89940 7.96656 7.63677 740.05513
7288.43028 234.87202 7.93646 7.60351 739.92095
7288.05490 233.99401 7.91129 7.57509 738.43413
7288.09560 234.09121 7.91390 7.57823 738.67263
7287.57115 232.96526 7.88000 7.54178 735.57131
7287.12919 231.88340 7.84851 7.50676 735.23933
7287.12949 231.89342 7.84877 7.50709 735.13023
7286.72723 231.05008 7.82298 7.47978 733.24760
7286.26961 230.03187 7.79062 7.44682 731.82117
7286.20212 229.89041 7.78622 7.44224 731.51098
7285.83847 229.20820 7.76585 7.42016 728.93440
7285.32356 228.15879 7.73421 7.38618 726.31903
7285.10748 227.72762 7.72003 7.37223 725.13990
7284.74904 226.91768 7.69491 7.34601 724.32474
7284.33169 225.93344 7.66659 7.31414 724.06953
7284.12942 225.49178 7.65485 7.29985 722.76537
7283.90353 225.03942 7.64206 7.28520 721.00868
7283.45012 224.03330 7.60971 7.25263 720.08111
7283.15856 223.43471 7.59248 7.23325 718.81511
7282.97149 223.06333 7.58170 7.22123 717.88437
7282.51568 222.08053 7.55186 7.18941 716.68836
7282.18371 221.42008 7.53027 7.16803 715.16590
7281.98691 221.03491 7.51840 7.15556 714.16865
7281.53251 220.03688 7.48993 7.12325 713.04305
7281.16593 219.28752 7.46683 7.09899 712.06327
7280.98544 218.92835 7.45507 7.08737 711.90408
7280.56006 217.93168 7.42564 7.05510 713.94859
7280.12952 217.00247 7.39957 7.02502 714.23557
7280.18888 217.12644 7.40341 7.02903 714.36345
7279.69017 216.14914 7.37416 6.99740 710.78494
7279.17941 215.13197 7.34298 6.96447 708.47662
7279.14718 215.06775 7.34138 6.96239 708.37326
7278.69557 214.13881 7.31500 6.93232 707.21474
7278.21498 213.22376 7.28518 6.90269 704.96318
7278.16384 213.12634 7.28195 6.89954 704.72814
7277.62107 212.04361 7.25043 6.86449 703.00923
7277.12581 210.97094 7.21849 6.82976 702.76737
7277.25365 211.22487 7.22690 6.83798 703.14611
7276.71933 210.25057 7.19487 6.80644 700.28784
7276.23073 209.33938 7.16841 6.77694 698.02393
7276.13278 209.15223 7.16314 6.77089 697.62735
7275.64988 208.21227 7.13306 6.74046 696.13707
7275.28308 207.55884 7.11479 6.71930 692.88819
7275.03370 207.11051 7.10222 6.70479 691.20837
7274.52361 206.06806 7.07158 6.67104 690.56407
7274.20679 205.43838 7.05026 6.65066 689.88628
7274.05436 205.17145 7.04168 6.64202 689.04019
7273.53873 204.16738 7.01521 6.60951 687.79638
7273.26698 203.67074 6.99948 6.59343 686.52290
7273.01471 203.22546 6.98442 6.57902 684.99691
7272.47906 202.22218 6.95331 6.54654 684.34533
7272.24118 201.80368 6.94431 6.53299 684.23607
7271.81458 200.98093 6.92030 6.50636 684.87197
7271.38396 200.02099 6.88981 6.47528 686.02407
7271.31603 199.93258 6.88683 6.47242 685.13222
7270.89344 199.19886 6.86793 6.44866 683.00375
7270.35202 198.15497 6.83708 6.41487 680.36769
7270.27679 198.03107 6.83229 6.41086 679.83833
7269.82936 197.22622 6.81017 6.38480 678.34347
7269.27675 196.21792 6.77998 6.35216 676.61493
7269.28588 196.23773 6.78059 6.35280 676.58864
7268.74733 195.28358 6.74769 6.32192 674.59743
7268.33685 194.57520 6.73137 6.29898 672.77118
7268.20203 194.36634 6.72692 6.29222 671.80143
7267.58922 193.32534 6.68777 6.25852 668.94761
7267.26301 192.76341 6.67282 6.24033 667.58665
7266.92405 192.12666 6.65570 6.21972 667.09319
7266.41963 191.16882 6.62430 6.18871 666.70485
7266.32671 191.01830 6.61801 6.18384 666.24347
7265.92053 190.32737 6.59713 6.16147 664.16521
7265.33593 189.34275 6.57130 6.12959 660.07026
7265.24188 189.17874 6.56462 6.12428 659.80043
7264.72673 188.23509 6.53290 6.09373 659.19237
7264.34745 187.59444 6.51324 6.07299 657.74302
7264.13536 187.25106 6.50312 6.06188 656.55845
7263.57457 186.24457 6.46547 6.02930 655.47515
7263.36105 185.89092 6.45430 6.01785 655.16101
7262.99115 185.28689 6.43769 5.99829 655.28890
7262.39874 184.24757 6.39856 5.96465 655.57579
7262.24009 183.97676 6.38941 5.95588 654.96073
7261.85896 183.25366 6.36346 5.93247 654.94774
7261.39322 182.50758 6.33873 5.90832 652.93188
7261.24354 182.27083 6.33032 5.90065 652.34317
7260.66429 181.26414 6.29860 5.86806 649.23475
7260.36443 180.76184 6.28161 5.85180 648.05445
7260.08209 180.31184 6.26594 5.83724 647.00974
7259.48917 179.30242 6.23091 5.80456 645.65189
7259.50676 179.33118 6.23191 5.80549 645.71144
7259.02459 178.63924 6.20762 5.78309 642.27039
7258.52543 177.95887 6.18469 5.76106 637.95512
7258.06629 177.23083 6.16011 5.73749 636.08045
7257.50324 176.22548 6.12408 5.70495 636.04126
7257.38204 176.04181 6.11823 5.69900 635.41638
7256.87898 175.21908 6.09018 5.67237 634.00853
7256.28603 174.14670 6.05248 5.63765 634.52279
7256.43297 174.39596 6.06115 5.64572 634.71181
7255.82187 173.44999 6.02860 5.61510 632.17433
7255.45855 172.90759 6.01006 5.59754 630.10924
7255.11751 172.38266 5.99334 5.58054 627.46028
7254.48716 171.37581 5.96054 5.54795 627.32774
7254.39016 171.23267 5.95558 5.54332 627.29771
7253.84712 170.35258 5.92490 5.51482 627.11624
7253.43545 169.70693 5.90202 5.49392 625.37810
7253.19799 169.35318 5.88982 5.48247 624.20116
7252.57973 168.34506 5.85558 5.44983 623.35738
7252.47587 168.19607 5.85030 5.44501 622.78226
7251.93308 167.38332 5.82151 5.41870 620.45978
7251.38104 166.48824 5.79087 5.38972 619.62783
7251.30876 166.37869 5.78723 5.38618 619.36875
7250.70023 165.42543 5.75356 5.35532 617.86818
7250.54718 165.21606 5.74610 5.34854 616.85566
7250.08527 164.56240 5.72392 5.32738 614.49156
7249.54374 163.79845 5.69980 5.30265 609.93568
7249.30242 163.45207 5.68893 5.29143 607.77555
7248.65562 162.47521 5.65555 5.25981 605.84563
7248.48686 162.25191 5.64790 5.25258 604.61098
7247.92835 161.40067 5.61793 5.22502 603.06374
7247.47335 160.70508 5.59353 5.20251 601.95239
7247.27955 160.43388 5.58452 5.19373 600.94195
7246.61644 159.42205 5.54914 5.16097 599.50409
7246.51284 159.27986 5.54419 5.15637 598.84553
7245.94560 158.45298 5.51611 5.12960 596.49087
7245.47017 157.74111 5.49142 5.10655 596.90372
7245.21820 157.36583 5.47805 5.09440 597.73642
7244.59569 156.39402 5.44366 5.06294 598.31487
7244.53196 156.32239 5.44128 5.06062 597.53885
7243.95052 155.47830 5.41197 5.03330 595.53020
7243.53249 154.87588 5.39201 5.01380 593.43042
7243.25763 154.49220 5.38069 5.00138 590.92059
7242.55643 153.47652 5.34628 4.96850 588.27038
7242.59125 153.52804 5.34811 4.97016 588.33702
7241.93393 152.62996 5.31655 4.94109 585.13029
7241.67344 152.30814 5.30543 4.93067 583.05348
7241.15557 151.62750 5.28194 4.90864 579.94206
7240.60983 150.89680 5.25627 4.88498 577.09465
7240.28981 150.45825 5.24140 4.87078 575.64441
7239.58720 149.42245 5.20522 4.83725 574.52036
7239.44656 149.21749 5.19808 4.83062 574.22008
7238.97026 148.48285 5.17231 4.80684 574.32789
7238.66102 148.09613 5.15907 4.79432 572.14735
7238.27049 147.58134 5.14129 4.77765 570.11196
7237.59203 146.65634 5.10884 4.74771 567.12050
7237.44873 146.46093 5.10271 4.74138 566.17038
7236.77164 145.48386 5.07196 4.70975 565.48514
7236.62648 145.29634 5.06517 4.70368 565.54403
7236.10128 144.59745 5.04074 4.68105 564.18215
7235.63309 143.97695 5.01936 4.66097 561.75091
7235.35891 143.61665 5.00674 4.64930 560.41099
7234.64189 142.67650 4.97388 4.61887 557.14148
7234.45527 142.42130 4.96508 4.61060 556.54319
7233.78908 141.45002 4.93125 4.57916 556.18645
7233.73891 141.37941 4.92875 4.57688 556.10915
7233.15814 140.69321 4.90488 4.55466 551.55789
7232.57161 139.90940 4.87760 4.52929 549.50379
7232.35904 139.59883 4.86665 4.51923 549.50140
7231.69703 138.76207 4.83769 4.49214 546.00291
7231.49607 138.50283 4.82874 4.48375 545.06659
7230.78842 137.51805 4.79385 4.45187 544.15515
7230.66141 137.36242 4.78865 4.44683 543.18906
7230.07263 136.59455 4.76540 4.42198 538.19228
7229.67000 136.06636 4.74718 4.40488 536.72897
7229.37904 135.70135 4.73421 4.39306 535.39513
7228.73894 134.91969 4.70726 4.36776 531.56804
7228.53407 134.66310 4.69829 4.35945 530.42847
7227.73725 133.66244 4.66314 4.32705 528.54198
7227.57524 133.45380 4.65592 4.32030 528.81595
7226.87663 132.48978 4.62247 4.28909 530.01673
7226.63875 132.17054 4.61134 4.27876 529.26898
7226.20770 131.61328 4.59193 4.26072 527.76576
7225.67845 130.94159 4.56872 4.23897 525.93818
7225.47834 130.68089 4.55968 4.23053 525.46463
7224.76756 129.81907 4.52935 4.20263 521.51751
7224.65941 129.69497 4.52497 4.19862 520.77877
7223.84771 128.69592 4.49074 4.16627 516.51192
7223.82056 128.67143 4.48999 4.16548 516.03788
7223.03934 127.75638 4.46096 4.13586 508.77049
7222.76494 127.42862 4.44934 4.12525 507.45239
7222.17834 126.71889 4.42448 4.10227 504.72838
7221.77120 126.23828 4.40792 4.08671 502.43228
7221.32983 125.70034 4.38918 4.06930 500.41873
7220.77550 125.03639 4.36600 4.04780 497.81687
7220.52251 124.73414 4.35543 4.03802 496.59887
7219.79805 123.88021 4.32575 4.01037 492.36758
7219.59199 123.63395 4.31718 4.00240 491.73138
7218.77826 122.61376 4.28171 3.96938 493.66770
7218.65000 122.45072 4.27605 3.96410 493.64301
7218.03203 121.64338 4.24794 3.93796 492.74081
7217.83859 121.44810 4.24106 3.93164 490.71851
7217.21344 120.70587 4.21550 3.90761 487.99797
7216.78928 120.20031 4.19770 3.89124 486.51357
7216.39230 119.73282 4.18140 3.87611 484.45591
7215.87176 119.12485 4.16300 3.85643 479.47428
7215.72087 118.97045 4.15822 3.85143 477.50105
7214.98631 118.22315 4.13225 3.82724 470.43042
7214.56123 117.74320 4.11539 3.81170 467.97810
7213.82239 116.88308 4.08523 3.78386 464.46721
7213.64162 116.67584 4.07795 3.77715 463.55151
7212.80091 115.65968 4.04273 3.74425 461.10065
7212.88250 115.75457 4.04599 3.74732 461.46758
7212.02339 114.79627 4.01300 3.71630 456.36363
7211.70370 114.42441 4.00005 3.70426 455.00866
7211.09108 113.64205 3.97259 3.67893 454.77228
7210.88616 113.42746 3.96498 3.67199 453.03601
7210.31175 112.78012 3.94217 3.65103 450.61536
7209.87080 112.28662 3.92504 3.63505 450.64168
7209.40782 111.76381 3.90658 3.61813 450.43878
7208.86326 111.14712 3.88541 3.59817 447.19026
7208.57864 110.82648 3.87548 3.58779 444.34085
7207.94734 110.14886 3.85372 3.56585 438.30899
7207.58413 109.75675 3.83975 3.55316 436.24385
7206.88126 108.94630 3.81148 3.52692 433.68936
7206.98851 109.06729 3.81568 3.53084 434.17899
7206.11127 108.23812 3.78644 3.50399 424.96972
7205.79642 107.90031 3.77455 3.49306 422.99311
7205.00451 107.09042 3.74641 3.46684 416.88890
7204.72156 106.78142 3.73561 3.45683 415.33803
7203.90366 105.87494 3.70351 3.42749 411.47683
7203.73902 105.69817 3.69727 3.42177 410.56442
7202.86792 104.68000 3.66187 3.38881 408.47466
7202.87312 104.68845 3.66216 3.38908 408.40948
7202.05123 103.76632 3.63020 3.35923 404.73890
7202.04769 103.76496 3.63016 3.35918 404.63892
7201.21469 102.92803 3.60071 3.33209 402.02607
7200.89302 102.58907 3.58860 3.32112 401.26276
7200.15940 101.76784 3.56065 3.29453 396.85921
7199.97883 101.57827 3.55473 3.28839 394.82278
7199.32491 100.89211 3.53165 3.26618 389.18003
7199.10842 100.68148 3.52385 3.25936 387.41982
7198.37004 99.96212 3.49869 3.23607 381.48244
7198.09630 99.68365 3.49007 3.22706 379.43400
7197.38570 98.99457 3.46336 3.20475 373.46829
7197.00492 98.62605 3.44411 3.19282 370.28431
7196.25835 97.83202 3.40862 3.16712 366.33182
7195.99116 97.55618 3.39502 3.15819 364.78405
7195.25899 96.78910 3.35380 3.13335 360.60892
7194.90445 96.38519 3.33374 3.12028 359.72498
7194.44417 95.89040 3.31015 3.10426 357.75695
7194.11977 95.59005 3.29557 3.09454 354.56114
7193.48516 94.96338 3.26609 3.07425 349.90119
7193.07948 94.57704 3.24730 3.06174 346.40753
7192.42165 93.91001 3.21679 3.04015 343.72756
7192.15591 93.64995 3.20537 3.03173 343.21444
7191.44342 92.98404 3.17680 3.01017 335.87718
7190.95751 92.49345 3.15576 2.99429 331.25936
7190.31342 91.79402 3.12521 2.97165 328.92173
7190.06442 91.54040 3.11414 2.96344 327.40607
7189.47332 90.95804 3.08887 2.94458 323.20779
7189.35365 90.83999 3.08385 2.94076 322.38542
7188.58670 90.21492 3.05695 2.92053 313.06234
7188.27830 89.94858 3.04594 2.91191 309.95324
7187.31262 89.08915 3.01370 2.88408 300.80112
7187.15572 88.94541 3.00870 2.87943 299.45065
7186.15054 87.99100 2.97305 2.84853 292.06887
7185.89640 87.73266 2.96458 2.84017 290.43295
7184.99290 86.74701 2.92602 2.80826 286.98482
7185.26701 87.02085 2.93736 2.81713 288.69960
7184.26494 86.12823 2.90318 2.78823 279.54286
7184.05639 85.93508 2.89614 2.78198 278.50578
7183.10585 85.01163 2.86223 2.75208 274.87393
7182.98442 84.89146 2.85798 2.74819 274.14922
7182.08048 83.99636 2.82959 2.71921 267.02434
7182.18504 84.09070 2.83213 2.72227 268.25241
7181.26282 83.28883 2.81306 2.69631 258.62556
7181.05062 83.07827 2.80750 2.68949 257.38383
7180.31238 82.44934 2.78697 2.66913 251.42931
7179.80265 81.99055 2.77159 2.65428 247.45222
7179.05433 81.28021 2.76851 2.63128 242.76999
7178.45563 80.63427 2.75669 2.61037 240.27986
7177.79813 79.87282 2.61589 2.58572 238.55553
7177.51463 79.53934 2.55137 2.57493 237.68128
7176.75116 78.63025 2.49936 2.54550 235.92783
7176.20625 77.87450 2.48026 2.52103 236.26524
7175.66329 76.92609 2.45223 2.49033 239.05579
7175.53765 76.75953 2.44724 2.48494 238.94521
7175.05548 76.10512 2.42606 2.46375 238.17248
7174.37724 75.04409 2.39480 2.42940 239.70352
7174.32132 74.95996 2.39225 2.42668 239.90017
7173.67344 73.92320 2.35670 2.39312 242.05669
7173.28514 73.27975 2.33457 2.37229 243.34639
7172.96349 72.72097 2.31521 2.35420 245.16871
7172.43457 71.75204 2.28127 2.32283 249.32794
7172.26594 71.48851 2.27197 2.31430 249.76406
7171.75349 70.56773 2.23987 2.28449 253.61281
7171.22659 69.47661 2.20207 2.24917 261.27904
7171.19539 69.41777 2.20002 2.24726 261.63787
7170.75131 68.61179 2.17222 2.22117 266.21504
7170.22756 67.58650 2.13756 2.18798 273.95729
7170.12339 67.40847 2.13158 2.18221 275.03028
7169.70344 66.54867 2.10283 2.15438 282.84985
7169.21202 65.62885 2.07613 2.12460 288.05894
7169.12308 65.46628 2.07085 2.11934 289.39106
7168.67579 64.56904 2.04151 2.09029 298.83742
7168.19912 63.69092 2.01335 2.06187 307.08010
7168.24002 63.77033 2.01588 2.06444 306.21404
7167.70698 62.84714 1.98700 2.03455 314.31365
7167.44003 62.44448 1.97437 2.02152 316.78540
7167.27411 62.20774 1.96702 2.01385 317.88557
7166.59215 61.29705 1.93912 1.98437 320.63740
7166.39686 61.03214 1.93089 1.97579 322.01515
7165.72982 60.02729 1.89942 1.94326 330.49411
7165.55458 59.77095 1.89136 1.93496 332.03145
7165.12031 59.20451 1.87357 1.91663 332.83046
7164.53603 58.39136 1.84730 1.89030 335.36825
7164.40983 58.22381 1.84191 1.88488 335.67961
7163.64963 57.20644 1.81219 1.85194 334.50107
7163.46636 56.94781 1.80371 1.84357 335.14052
7162.90053 56.12353 1.77589 1.81689 338.06008
7162.69077 55.84541 1.76655 1.80788 338.32774
7162.45436 55.57134 1.75723 1.79901 337.71696
7161.92270 55.00733 1.73781 1.78075 334.96731
7161.47512 54.51710 1.72084 1.76488 333.17843
7160.81499 53.75180 1.69429 1.74011 331.63137
7160.67598 53.59855 1.68895 1.73515 331.15805
7159.94708 52.81273 1.66141 1.70971 328.34639
7159.86167 52.73444 1.65866 1.70717 327.72835
7159.05758 51.92259 1.63005 1.68089 323.81183
7159.24182 52.08335 1.63579 1.68609 325.23431
7158.47762 51.48390 1.61440 1.66669 318.14811
7158.06244 51.14996 1.60259 1.65588 314.63558
7157.60670 50.80832 1.59053 1.64482 310.23800
7156.85768 50.25942 1.57119 1.62705 304.89845
7156.98244 50.34556 1.57422 1.62984 305.69662
7155.87368 49.67558 1.55057 1.60815 294.80217
7155.07973 49.09142 1.52977 1.58924 288.66415
7154.42096 48.54645 1.51253 1.57159 283.80310
7153.80834 48.05600 1.49749 1.55572 278.90536
7153.32875 47.65242 1.48343 1.54265 276.37540
7152.52001 46.95578 1.45865 1.52010 272.76869
7152.38055 46.82805 1.45421 1.51596 272.25273
7151.42604 46.04712 1.42655 1.49068 267.27751
7151.67082 46.23460 1.43327 1.49675 268.74623
7150.62196 45.48520 1.40652 1.47249 261.66651
7150.16603 45.13078 1.39394 1.46102 259.15674
7149.72594 44.78806 1.38171 1.44992 256.84339
7149.04933 44.36081 1.36637 1.43609 251.63269
7148.97671 44.30178 1.36429 1.43418 251.33543
7148.05888 43.75956 1.34507 1.41663 245.82519
7147.93076 43.67444 1.34205 1.41387 245.14631
7147.67016 43.58381 1.33877 1.41094 242.24719
7146.48604 43.08308 1.32103 1.39473 230.51575
7145.45165 42.55685 1.30275 1.37769 222.29028
7144.85723 42.19652 1.29026 1.36603 218.58248
7143.81548 41.51606 1.26685 1.34400 212.81598
7143.26837 41.13293 1.25362 1.33160 210.23928
7142.46749 40.50243 1.23165 1.31119 207.44812
7141.92307 40.06810 1.21810 1.29712 204.98224
7141.39849 39.65365 1.20548 1.28371 202.42275
7140.56921 38.95598 1.18130 1.26112 199.93131
7140.44142 38.83841 1.17709 1.25732 199.71056
7139.48494 38.08753 1.15066 1.23301 196.38188
7140.29030 38.59969 1.16876 1.24959 200.63862
7139.47178 38.18340 1.15393 1.23611 195.09950
7138.59330 37.81657 1.14069 1.22424 189.51962
7138.11054 37.58700 1.13239 1.21680 186.14334
7137.31646 37.17431 1.11779 1.20344 181.30225
7136.30823 36.67723 1.10012 1.18735 175.15812
7135.92087 36.45767 1.09242 1.18024 173.16141
7135.02878 35.94343 1.07440 1.16360 168.74283
7134.14185 35.40824 1.05568 1.14627 164.77146
7134.28495 35.47982 1.05819 1.14859 165.54328
7133.29605 34.98768 1.04096 1.13266 160.29101
7132.43613 34.53588 1.02528 1.11803 156.11857
7132.19706 34.40169 1.02063 1.11369 155.06095
7131.18209 33.86073 1.00187 1.09617 150.37060
7130.52375 33.49348 0.98923 1.08428 148.26529
7130.20034 33.31575 0.98312 1.07853 147.13868
7129.23502 32.80161 0.96541 1.06189 142.93480
7128.88204 32.61799 0.95905 1.05594 141.43984
7128.52636 32.45939 0.95357 1.05081 139.75285
7127.37563 31.94478 0.93581 1.03415 134.50723
7126.43983 31.43052 0.91798 1.01750 131.05608
7126.15583 31.24686 0.91175 1.01155 130.15623
7125.29208 30.79885 0.89809 0.99705 126.58306
7124.84593 30.58129 0.89170 0.99001 124.68850
7124.37401 30.33989 0.88434 0.98219 122.83899
7123.33171 29.84388 0.86722 0.96614 119.01261
7122.71118 29.50839 0.85551 0.95528 117.00089
7122.03892 29.14785 0.84326 0.94360 114.79517
7120.91229 28.45796 0.81964 0.92127 112.23366
7120.52907 28.19925 0.81068 0.91289 111.21779
7119.87510 27.73586 0.79458 0.89789 109.61581
7119.40096 27.47429 0.78553 0.88943 108.19906
7119.83453 27.65934 0.79197 0.89542 109.70152
7119.14123 27.42868 0.78391 0.88795 107.07826
7118.21313 27.18977 0.77548 0.88021 103.51868
7117.18765 26.88206 0.76494 0.87025 100.02714
7117.12938 26.86623 0.76440 0.86974 99.83244
7115.99299 26.52341 0.75309 0.85864 96.28042
7114.64475 26.03458 0.73710 0.84282 92.57723
7113.61784 25.53654 0.72067 0.82669 90.12417
7113.19159 25.30660 0.71319 0.81925 89.24920
7112.09648 24.71896 0.69391 0.80023 87.04512
7111.35778 24.25770 0.67835 0.78529 85.47070
7111.03213 24.02241 0.67050 0.77768 84.82555
7110.21328 23.59154 0.65627 0.76373 83.02341
7110.26279 23.61166 0.65694 0.76438 83.13815
7109.88865 23.42219 0.65052 0.75825 82.30749
7109.35170 23.28907 0.64609 0.75394 81.02572
7108.35356 23.06561 0.63871 0.74670 78.79252
7107.75555 22.89185 0.63325 0.74108 77.56364
7106.95748 22.67145 0.62656 0.73394 75.97655
7105.50139 22.11440 0.61163 0.71591 73.27935
7104.25443 21.46586 0.59136 0.69491 71.02300
7103.86191 21.22603 0.58325 0.68715 70.36193
7102.98701 20.66883 0.56497 0.66911 68.82458
7102.69623 20.51886 0.56009 0.66426 68.29678
7102.93476 20.59698 0.56260 0.66679 68.70328
7102.19422 20.39347 0.55615 0.66020 67.49057
7101.08329 20.08098 0.54614 0.65008 65.80369
7100.23105 19.78877 0.53674 0.64062 64.52318
7099.80554 19.64128 0.53207 0.63585 63.90490
7098.62518 19.18817 0.51770 0.62118 62.17144
7097.47291 18.66923 0.50086 0.60438 60.40537
7097.28723 18.57978 0.49798 0.60148 60.11412
7096.52822 18.22182 0.48644 0.58990 58.94223
7095.69831 17.87559 0.47526 0.57869 57.75038
7095.35090 17.75396 0.47138 0.57475 57.31837
7095.12494 17.66032 0.46836 0.57172 57.01565
7094.46469 17.48722 0.46302 0.56611 56.30649
7093.55299 17.32334 0.45854 0.56081 55.45678
7092.31315 17.04534 0.45092 0.55181 54.28355
7091.54780 16.80893 0.44415 0.54416 53.45711
7090.76518 16.54931 0.43650 0.53575 52.57129
7089.54545 16.04689 0.42114 0.51949 51.00313
7088.54385 15.58452 0.40710 0.50452 49.57670
7088.78280 15.68100 0.40999 0.50764 49.88096
7087.96654 15.37713 0.40089 0.49780 48.91717
7086.93247 15.06938 0.39176 0.48784 47.91241
7085.93269 14.67621 0.37951 0.47511 46.69866
7085.82844 14.62766 0.37800 0.47354 46.54908
7084.97220 14.32611 0.36898 0.46378 45.59504
7084.12581 14.06384 0.36108 0.45529 44.73995
7083.35235 13.84976 0.35475 0.44836 44.03717
7083.31475 13.83349 0.35425 0.44783 43.98685
7082.37397 13.60346 0.34775 0.44038 43.21618
7081.36330 13.36512 0.34191 0.43267 42.47996
7080.25420 13.08831 0.33581 0.42371 41.65882
7079.39703 12.84206 0.33036 0.41574 40.95707
7079.27640 12.80921 0.32954 0.41467 40.85314
7078.20743 12.53201 0.32283 0.40570 39.98415
7077.15581 12.22317 0.31407 0.39570 38.94172
7076.29884 11.98045 0.30736 0.38784 38.09772
7076.14327 11.95195 0.30669 0.38692 37.99388
7075.85515 11.91170 0.30591 0.38562 37.84153
7074.82764 11.77428 0.30365 0.38117 37.34120
7073.71583 11.60355 0.30066 0.37564 36.71731
7072.66468 11.41505 0.29717 0.36954 36.02794
7071.65356 11.23851 0.29417 0.36382 35.37374
7070.59828 11.04412 0.29080 0.35753 34.63680
7069.96143 10.91459 0.28846 0.35334 34.13076
7069.61528 10.83351 0.28693 0.35071 33.81451
7068.70621 10.68041 0.28495 0.34576 33.21395
7067.67654 10.50852 0.28283 0.34019 32.53383
7066.46557 10.28567 0.28041 0.33298 31.66586
7065.21318 9.96763 0.27512 0.32268 30.40406
7064.62285 9.78364 0.27152 0.31673 29.67110
0.00000 0.00000 0.00000 0.00000 0.00000
