7008.50425 10.02452 0.25602 0.32452 136.23988
7008.70368 10.04184 0.25696 0.32508 136.25827
7009.50475 10.11466 0.26082 0.32744 136.35533
7010.50525 10.21679 0.26600 0.33075 136.61508
7011.50575 10.31932 0.27126 0.33407 136.83483
7012.50625 10.41697 0.27628 0.33723 136.94778
7013.50675 10.50612 0.28095 0.34011 136.89442
7014.50725 10.60769 0.28614 0.34340 136.97228
7015.50775 10.70605 0.29130 0.34659 136.95715
7016.50825 10.79177 0.29583 0.34936 136.88855
7017.50875 10.91329 0.30177 0.35330 137.11366
7018.41880 11.04603 0.30796 0.35759 137.59190
7018.50925 11.05984 0.30859 0.35804 137.64408
7019.50975 11.19740 0.31511 0.36249 138.00163
7020.51026 11.32311 0.32118 0.36656 138.13386
7021.51076 11.45526 0.32735 0.37084 138.28916
7022.51126 11.58384 0.33348 0.37500 138.36843
7023.51176 11.71639 0.33975 0.37929 138.40356
7024.51226 11.84920 0.34589 0.38359 138.53911
7025.51276 11.99237 0.35249 0.38823 138.75370
7025.85789 12.05021 0.35510 0.39010 138.89083
7026.51326 12.15839 0.36006 0.39360 139.14727
7027.51376 12.32150 0.36754 0.39888 139.42406
7028.51426 12.48146 0.37496 0.40406 139.58417
7029.51476 12.64146 0.38207 0.40924 139.56141
7030.51526 12.80327 0.38893 0.41448 139.40810
7031.51576 12.99558 0.39618 0.42071 139.37481
7031.80745 13.05439 0.39857 0.42261 139.44979
7032.51626 13.20341 0.40415 0.42743 139.50711
7033.51676 13.41372 0.41201 0.43424 139.62350
7034.51726 13.62383 0.42036 0.44104 140.01738
7035.51776 13.82939 0.42891 0.44770 140.13843
7036.49548 14.05858 0.43855 0.45512 140.69667
7036.51826 14.06417 0.43879 0.45530 140.71346
7037.51876 14.29196 0.44842 0.46267 141.10747
7038.51926 14.52374 0.45782 0.47018 141.41135
7039.51976 14.74145 0.46658 0.47723 141.43255
7040.52026 14.98037 0.47588 0.48496 141.64413
7040.81268 15.06276 0.47893 0.48763 141.87511
7041.52076 15.24463 0.48590 0.49351 142.10370
7042.52126 15.45114 0.49385 0.50020 142.07447
7043.52176 15.67871 0.50294 0.50757 141.95528
7044.52226 15.91425 0.51251 0.51519 141.87816
7045.06090 16.06695 0.51823 0.52014 142.15080
7045.52276 16.19807 0.52309 0.52438 142.37791
7046.52326 16.44339 0.53212 0.53232 142.30515
7047.52376 16.69183 0.54091 0.54036 142.24066
7048.52426 17.00579 0.55161 0.55053 143.05069
7048.70805 17.07113 0.55380 0.55264 143.30868
7049.52476 17.32571 0.56190 0.56089 143.93335
7050.52526 17.57285 0.56971 0.56889 143.76564
7051.52576 17.80353 0.57692 0.57635 143.63437
7052.52626 18.04935 0.58427 0.58431 143.55475
7052.61362 18.07531 0.58509 0.58515 143.59601
7053.52676 18.34453 0.59239 0.59387 144.06499
7054.52726 18.58735 0.59753 0.60173 143.80520
7055.52776 18.84663 0.60276 0.61012 143.77823
7056.32270 19.07950 0.60789 0.61766 144.14071
7056.52826 19.14424 0.60944 0.61976 144.30097
7057.52876 19.43844 0.61672 0.62928 144.75923
7058.52926 19.70287 0.62229 0.63784 144.77385
7059.52976 19.95236 0.62608 0.64592 144.55379
7059.99956 20.08368 0.62844 0.65017 144.89284
7060.53027 20.23070 0.63125 0.65493 145.14114
7061.53077 20.50742 0.63672 0.66389 145.21741
7062.53127 20.75134 0.64171 0.67178 144.81423
7063.53177 21.03499 0.64770 0.68097 144.96005
7063.69283 21.08787 0.64876 0.68268 145.08982
7064.53227 21.36855 0.65427 0.69176 145.87910
7065.53277 21.65852 0.66040 0.70115 146.10726
7066.53327 21.96808 0.66779 0.71117 146.31329
7066.92982 22.09205 0.67041 0.71519 146.24953
7067.53377 22.29095 0.67447 0.72163 146.23822
7068.53427 22.59556 0.67946 0.73149 146.25011
7069.53477 22.93148 0.68639 0.74236 146.74824
7069.97985 23.09623 0.69060 0.74769 147.24937
7070.53527 23.27487 0.69544 0.75348 147.53304
7071.53577 23.55702 0.70277 0.76261 147.39904
7072.53627 23.85567 0.70978 0.77228 147.37653
7073.25953 24.10042 0.71567 0.78020 147.72218
7073.53677 24.19841 0.71826 0.78338 147.90217
7074.53727 24.51788 0.72697 0.79372 148.08374
7075.53777 24.81506 0.73515 0.80334 147.90768
7076.45101 25.10460 0.74288 0.81271 147.96458
7076.53827 25.13787 0.74380 0.81379 148.03875
7077.53877 25.48114 0.75294 0.82490 148.57164
7078.53927 25.80481 0.76221 0.83538 148.88519
7079.38907 26.10879 0.77116 0.84522 149.26165
7079.53977 26.16481 0.77281 0.84703 149.35802
7080.54027 26.49809 0.78214 0.85782 149.42410
7081.54077 26.81209 0.79049 0.86799 149.20092
7082.30549 27.11297 0.79985 0.87773 149.80031
7082.54127 27.21015 0.80291 0.88087 150.03924
7083.54177 27.57047 0.81376 0.89254 150.31188
7084.54227 27.90371 0.82329 0.90333 150.18601
7085.08723 28.11715 0.82958 0.91024 150.52176
7085.54277 28.30800 0.83525 0.91641 150.95205
7086.54327 28.66962 0.84643 0.92812 151.16566
7087.54377 28.99189 0.85632 0.93855 151.17101
7087.85998 29.12134 0.86025 0.94275 151.33855
7088.54427 29.40280 0.86856 0.95186 151.77935
7089.54477 29.78754 0.88061 0.96431 152.14430
7090.37820 30.12552 0.89168 0.97525 152.64565
7090.54527 30.19712 0.89401 0.97757 152.78368
7091.54577 30.60065 0.90549 0.99063 152.81061
7092.54627 31.03939 0.91705 1.00484 152.90697
7092.73081 31.12971 0.91947 1.00776 153.02501
7093.54677 31.49426 0.93059 1.01956 153.52491
7094.54727 31.88687 0.94339 1.03227 153.71580
7095.15263 32.13389 0.95126 1.04027 154.09711
7095.54777 32.29825 0.95629 1.04559 154.49465
7096.54827 32.71057 0.96941 1.05894 154.81375
7097.54344 33.13808 0.98348 1.07278 155.26158
7097.54877 33.14046 0.98356 1.07286 155.26483
7098.54927 33.55030 0.99646 1.08612 155.40491
7099.54977 33.96723 1.00963 1.09962 155.58240
7099.92402 34.14226 1.01526 1.10529 155.86813
7100.55028 34.42365 1.02467 1.11440 156.18140
7101.55078 34.84458 1.03821 1.12802 156.31164
7102.18718 35.14644 1.04799 1.13780 156.78116
7102.55128 35.32733 1.05374 1.14365 157.13528
7103.55178 35.76755 1.06830 1.15790 157.46495
7104.48575 36.15063 1.08105 1.17030 157.77953
7104.55228 36.17926 1.08199 1.17123 157.78134
7105.55278 36.62400 1.09614 1.18563 157.95170
7106.55328 37.05687 1.11055 1.19964 157.98631
7106.74648 37.15481 1.11389 1.20281 158.15266
7107.55378 37.55048 1.12721 1.21562 158.67533
7108.55428 38.00399 1.14198 1.23030 158.85026
7108.85303 38.15900 1.14717 1.23532 159.10756
7109.55478 38.51489 1.15912 1.24684 159.58478
7110.55528 38.96392 1.17444 1.26138 159.65666
7110.97632 39.16318 1.18125 1.26783 159.82360
7111.55578 39.47171 1.19148 1.27782 160.36400
7112.55628 39.97591 1.20665 1.29414 160.29982
7112.94202 40.16736 1.21243 1.30034 160.40430
7113.55678 40.45470 1.22113 1.30964 160.48180
7114.55728 40.96256 1.23799 1.32608 160.92241
7114.95029 41.17155 1.24530 1.33285 161.25928
7115.55778 41.49405 1.25652 1.34329 161.68037
7116.55828 41.99917 1.27368 1.35964 162.03239
7116.89960 42.17573 1.27954 1.36535 162.18337
7117.55878 42.52980 1.29163 1.37682 162.61708
7118.55928 43.02912 1.30899 1.39298 162.81908
7118.83389 43.17992 1.31423 1.39786 163.01605
7119.55978 43.56959 1.32739 1.41048 163.41192
7120.56028 44.09758 1.34553 1.42757 163.81483
7120.72474 44.18410 1.34853 1.43037 163.85281
7121.56078 44.60821 1.36348 1.44410 164.32205
7122.56128 45.11169 1.38056 1.46040 164.60713
7122.69514 45.18828 1.38316 1.46288 164.69855
7123.56178 45.69206 1.40072 1.47919 165.41458
7124.49940 46.19247 1.41799 1.49539 165.69239
7124.56228 46.22861 1.41923 1.49656 165.73573
7125.56278 46.77936 1.43807 1.51439 166.13991
7126.31704 47.19665 1.45276 1.52790 166.43305
7126.56328 47.33981 1.45778 1.53253 166.61498
7127.56378 47.89536 1.47736 1.55052 167.09341
7128.06508 48.20084 1.48727 1.56041 167.33582
7128.56428 48.54037 1.49782 1.57140 167.70182
7129.56478 49.18150 1.51839 1.59215 168.31679
7129.60202 49.20502 1.51920 1.59291 168.35108
7130.56528 49.75510 1.53864 1.61072 168.97303
7131.39345 50.20921 1.55459 1.62542 169.50193
7131.56578 50.30808 1.55809 1.62862 169.53241
7132.56628 50.88232 1.57834 1.64721 169.86253
7133.11678 51.21339 1.58986 1.65793 170.16677
7133.56678 51.49735 1.59982 1.66712 170.53886
7134.56728 52.08193 1.62025 1.68605 170.89098
7134.77929 52.21757 1.62490 1.69044 171.07067
7135.56778 52.72400 1.64286 1.70683 171.75808
7136.38302 53.22176 1.66044 1.72295 172.20240
7136.56828 53.34347 1.66456 1.72689 172.37631
7137.56878 53.93220 1.68519 1.74595 172.64618
7138.03374 54.22594 1.69560 1.75546 172.94739
7138.56928 54.57064 1.70789 1.76662 173.30417
7139.56978 55.11684 1.72690 1.78430 173.67427
7139.74321 55.23013 1.73092 1.78796 173.85796
7140.57029 55.78214 1.75057 1.80584 174.53653
7141.26728 56.23431 1.76635 1.82047 175.01355
7141.57079 56.44138 1.77357 1.82718 175.29520
7142.57129 57.08717 1.79677 1.84808 175.99401
7142.80435 57.23849 1.80189 1.85298 176.09637
7143.57179 57.80398 1.81898 1.87129 176.56448
7144.17261 58.24268 1.83312 1.88549 176.98396
7144.57229 58.51151 1.84276 1.89419 177.29058
7145.57279 59.15169 1.86499 1.91492 177.82344
7145.71028 59.24686 1.86848 1.91800 177.94252
7146.57329 59.86172 1.89025 1.93790 178.79838
7147.12089 60.25105 1.90320 1.95051 179.35058
7147.57379 60.58127 1.91525 1.96120 179.81428
7148.57429 61.18593 1.93667 1.98077 180.28071
7148.67625 61.25523 1.93905 1.98302 180.42263
7149.57479 61.83363 1.96029 2.00174 180.82972
7150.19452 62.25941 1.97476 2.01552 181.27615
7150.57529 62.54719 1.98451 2.02484 181.74971
7151.57579 63.24885 2.00818 2.04756 182.53695
7151.59603 63.26360 2.00869 2.04803 182.55685
7152.57629 63.97577 2.03352 2.07109 183.47867
7152.97651 64.26778 2.04356 2.08054 183.86668
7153.57679 64.70242 2.05807 2.09461 184.37472
7154.36711 65.27197 2.07780 2.11305 185.09221
7154.57729 65.44207 2.08370 2.11856 185.41515
7155.57779 66.18664 2.10627 2.14266 186.06841
7155.68820 66.27615 2.10888 2.14556 186.13851
7156.57829 66.96659 2.13068 2.16791 186.93944
7157.03739 67.28033 2.14134 2.17807 187.47597
7157.57879 67.65891 2.15393 2.19032 188.02430
7158.40686 68.28452 2.17516 2.21057 188.79559
7158.57929 68.42058 2.17972 2.21498 189.01759
7159.57979 69.12115 2.20171 2.23766 189.66860
7159.78849 69.28870 2.20722 2.24308 189.94013
7160.58029 69.92724 2.22907 2.26375 191.00044
7161.06171 70.29289 2.23999 2.27559 191.51115
7161.58079 70.71504 2.25402 2.28926 192.17796
7162.33467 71.29707 2.27344 2.30810 192.99980
7162.58129 71.48538 2.27937 2.31420 193.25544
7163.58179 72.24937 2.30475 2.33893 194.28365
7163.64842 72.30126 2.30653 2.34061 194.35987
7164.58229 73.02258 2.33090 2.36396 195.39973
7164.94160 73.30544 2.33965 2.37312 195.82840
7165.58279 73.83724 2.35875 2.39033 196.66334
7166.25612 74.30962 2.37477 2.40563 197.40399
7166.58329 74.55443 2.38221 2.41355 197.84566
7167.44996 75.31381 2.40886 2.43813 198.99596
7167.58379 75.43600 2.41277 2.44209 199.16108
7168.58429 76.24480 2.43649 2.46827 200.24664
7168.66987 76.31799 2.43907 2.47064 200.39450
7169.58479 77.08239 2.46761 2.49539 201.73960
7169.86915 77.32218 2.47454 2.50315 202.13780
7170.58529 77.91383 2.48966 2.52230 203.17595
7171.08185 78.32636 2.51213 2.53566 203.89735
7171.58579 78.75492 2.52403 2.54953 204.68301
7172.27532 79.33054 2.52926 2.56817 205.71134
7172.58629 79.61102 2.57247 2.57725 206.29400
7173.47311 80.33473 2.73011 2.60068 207.63384
7173.58679 80.43356 2.74898 2.60388 207.85985
7174.58729 81.26696 2.79104 2.63086 209.60301
7174.67563 81.33891 2.79137 2.63318 209.73893
7175.58779 82.08586 2.80369 2.65737 211.38493
7175.88745 82.34310 2.80689 2.66569 211.95746
7176.58829 82.93795 2.82945 2.68495 213.39294
7177.04199 83.34728 2.84402 2.69820 214.40395
7177.58879 83.91018 2.85348 2.71642 215.66516
7178.02032 84.35146 2.86385 2.73071 216.73018
7178.58929 84.88230 2.87907 2.74789 218.14566
7179.13250 85.35565 2.88974 2.76322 219.49261
7179.58979 85.75261 2.90069 2.77607 220.69385
7180.26137 86.35983 2.92003 2.79573 222.56298
7180.59030 86.66986 2.92810 2.80576 223.51593
7181.38957 87.36402 2.94782 2.82824 225.80814
7181.59080 87.54785 2.95378 2.83419 226.44342
7182.48190 88.36820 2.97777 2.86074 229.19623
7182.59130 88.46821 2.98066 2.86398 229.56045
7183.59180 89.35177 3.00824 2.89258 232.93492
7183.61572 89.37238 3.00884 2.89325 233.00246
7184.59230 90.19451 3.03481 2.91987 236.31271
7184.78502 90.37657 3.04111 2.92576 236.99453
7185.59280 91.15984 3.06533 2.95112 239.91101
7185.83462 91.38075 3.07276 2.95827 240.83374
7186.59330 92.06782 3.09702 2.98051 243.83000
7186.92058 92.38494 3.10765 2.99078 245.07511
7187.59380 93.07374 3.12839 3.01308 247.94960
7187.90015 93.38912 3.13848 3.02329 249.30346
7188.59430 94.08961 3.16504 3.04596 252.04525
7188.90497 94.39331 3.17584 3.05579 253.35276
7189.59480 95.07063 3.20307 3.07772 256.41454
7189.92657 95.39749 3.21721 3.08830 257.74325
7190.59530 96.02669 3.24176 3.10867 260.89782
7190.97582 96.40167 3.25889 3.12081 262.53342
7191.59580 97.03830 3.28886 3.14142 265.32179
7192.01959 97.40586 3.30608 3.15332 267.23660
7192.59630 97.92195 3.33044 3.17003 269.33044
7193.08045 98.41004 3.35307 3.18583 271.37428
7193.59680 98.91490 3.37779 3.20217 273.88827
7194.09754 99.41423 3.40296 3.21834 276.25616
7194.59730 99.90489 3.42805 3.23422 278.76752
7195.12073 100.41841 3.45548 3.25085 281.42473
7195.59780 100.92581 3.48274 3.26727 283.38057
7196.06944 101.42259 3.50813 3.28335 285.78178
7196.59830 102.00433 3.53618 3.30219 288.85657
7196.98316 102.42678 3.56036 3.31586 290.51702
7197.59880 103.02466 3.59822 3.33522 293.70664
7197.99950 103.43096 3.61381 3.34837 295.79858
7198.59930 104.05412 3.63505 3.36854 298.72973
7198.96815 104.43515 3.65098 3.38088 300.57853
7199.59980 105.10702 3.67475 3.40263 303.50105
7199.92398 105.43933 3.68527 3.41339 305.11449
7200.60030 106.11335 3.70790 3.43521 309.21618
7200.93340 106.44351 3.72013 3.44590 311.20868
7201.60080 107.09505 3.74451 3.46699 313.84058
7201.95233 107.44770 3.75720 3.47840 315.15498
7202.60130 108.13181 3.78042 3.50055 318.60993
7202.90422 108.45188 3.79164 3.51091 320.14279
7203.60180 109.17776 3.81739 3.53441 323.93372
7203.85413 109.45607 3.82692 3.54342 325.10749
7204.60230 110.26332 3.85607 3.56955 328.72480
7204.78795 110.46025 3.86272 3.57593 329.88933
7205.60280 111.46089 3.89370 3.60832 333.85372
7205.60591 111.46444 3.89382 3.60844 333.86698
7206.53529 112.46862 3.92922 3.64095 338.51675
7206.60330 112.53791 3.93164 3.64319 338.96432
7207.48154 113.47280 3.96387 3.67346 343.93017
7207.60380 113.60580 3.96859 3.67776 344.60587
7208.38256 114.47699 3.99963 3.70596 348.33943
7208.60430 114.72031 4.00824 3.71384 349.43956
7209.26800 115.48117 4.03484 3.73847 352.77736
7209.60480 115.85770 4.04787 3.75066 354.20471
7210.22832 116.48536 4.06937 3.77098 356.45888
7210.60530 116.85814 4.08213 3.78305 358.65496
7211.14913 117.48954 4.10455 3.80349 361.27916
7211.60580 118.00714 4.12295 3.82025 363.59443
7212.04385 118.49372 4.13978 3.83600 365.79139
7212.60630 119.20962 4.16330 3.85917 368.01391
7212.83928 119.49791 4.17192 3.86851 369.49615
7213.60680 120.35139 4.20036 3.89614 374.22174
7213.73691 120.50209 4.20593 3.90101 374.83336
7214.60730 121.49849 4.24025 3.93327 379.35843
7214.61443 121.50628 4.24051 3.93352 379.40155
7215.42629 122.51046 4.27637 3.96603 382.31928
7215.60780 122.71143 4.28334 3.97254 383.37765
7216.30452 123.51464 4.31147 3.99854 387.09164
7216.60830 123.86661 4.32386 4.00993 388.57127
7217.16603 124.51883 4.34606 4.03105 391.41155
7217.60880 125.02870 4.36358 4.04755 393.71291
7218.02614 125.52301 4.38085 4.06356 395.81062
7218.60930 126.20122 4.40458 4.08551 399.16722
7218.92212 126.52720 4.41596 4.09606 400.99433
7219.60980 127.24837 4.44104 4.11941 403.91452
7219.84933 127.53138 4.45113 4.12857 404.82954
7220.61031 128.49748 4.48314 4.15985 408.90117
7220.64047 128.53556 4.48434 4.16108 409.08788
7221.41159 129.53975 4.51734 4.19359 412.34539
7221.61081 129.76973 4.52546 4.20104 413.47029
7222.23455 130.54393 4.55250 4.22610 416.19159
7222.61131 131.01023 4.56884 4.24119 417.93091
7223.05658 131.54812 4.58768 4.25861 420.23061
7223.61181 132.22419 4.61102 4.28049 423.06323
7223.87589 132.55230 4.62232 4.29112 424.27592
7224.61231 133.43265 4.65295 4.31962 428.43465
7224.71426 133.55649 4.65726 4.32362 429.00883
7225.50804 134.56067 4.69218 4.35613 432.52814
7225.61281 134.68660 4.69658 4.36021 433.17047
7226.31510 135.56485 4.72732 4.38864 436.52613
7226.61331 135.94518 4.74069 4.40095 437.73064
7227.11661 136.56904 4.76257 4.42115 440.57882
7227.61381 137.19480 4.78167 4.44141 443.09941
7227.89364 137.57322 4.79381 4.45366 443.49913
7228.61431 138.42869 4.82432 4.48135 447.07580
7228.73771 138.57741 4.82955 4.48617 447.93383
7229.49623 139.58159 4.86427 4.51867 450.95752
7229.61481 139.73210 4.86951 4.52355 451.55908
7230.27619 140.58577 4.89932 4.55118 454.61520
7230.61531 140.98933 4.91350 4.56425 456.90707
7231.05878 141.58996 4.93434 4.58369 458.51907
7231.61581 142.30539 4.95920 4.60685 461.28151
7231.84714 142.59414 4.96932 4.61620 462.64805
7232.59615 143.59833 5.00431 4.64871 465.66012
7232.61631 143.62350 5.00520 4.64952 465.78357
7233.36090 144.60251 5.03940 4.68122 469.29519
7233.61681 144.92089 5.05031 4.69152 470.86487
7234.14359 145.60669 5.07452 4.71373 473.40147
7234.61731 146.27560 5.09527 4.73538 476.21829
7234.84181 146.61088 5.10551 4.74623 477.30929
7235.59729 147.61506 5.14088 4.77874 480.85659
7235.61781 147.64024 5.14175 4.77956 480.98859
7236.35290 148.61925 5.17556 4.81125 484.79435
7236.61831 148.97031 5.18807 4.82262 485.60141
7237.15171 149.62343 5.21083 4.84376 487.18626
7237.61881 150.17812 5.22999 4.86172 490.11075
7237.93916 150.62762 5.24581 4.87627 491.52418
7238.61931 151.55052 5.27778 4.90615 494.84169
7238.68083 151.63180 5.28059 4.90878 495.17539
7239.40537 152.63598 5.31570 4.94128 498.30013
7239.61981 152.92285 5.32588 4.95057 499.45926
7240.13708 153.64017 5.35091 4.97379 501.73589
7240.62031 154.28508 5.37312 4.99467 504.42041
7240.87139 154.64435 5.38442 5.00630 506.14101
7241.57617 155.64854 5.41666 5.03881 510.23036
7241.62081 155.70585 5.41868 5.04067 510.51585
7242.25315 156.65272 5.45232 5.07132 512.21944
7242.62131 157.16593 5.47003 5.08793 513.94547
7242.97569 157.65690 5.48732 5.10383 515.72289
7243.62181 158.52241 5.51763 5.13185 519.61077
7243.72170 158.66109 5.52237 5.13634 520.10342
7244.39832 159.66527 5.55786 5.16884 522.59791
7244.62231 159.97044 5.56853 5.17872 524.09835
7245.13361 160.66946 5.59219 5.20135 526.29628
7245.62281 161.28586 5.61431 5.22131 528.03025
7245.90549 161.67364 5.62781 5.23386 528.95391
7246.62331 162.65933 5.66129 5.26577 533.35049
7246.63674 162.67782 5.66195 5.26637 533.42711
7247.29064 163.68201 5.69690 5.29888 535.67926
7247.62381 164.16873 5.71158 5.31463 538.39802
7247.94075 164.68619 5.72828 5.33139 539.36316
7248.62431 165.64022 5.76263 5.36227 543.14441
7248.66137 165.69038 5.76434 5.36389 543.39353
7249.31934 166.69456 5.79792 5.39640 545.82159
7249.62481 167.11874 5.81329 5.41013 547.71498
7250.02001 167.69874 5.83289 5.42891 549.64055
7250.62531 168.57388 5.86296 5.45724 552.87906
7250.71575 168.70293 5.86781 5.46142 553.39746
7251.38686 169.70711 5.90184 5.49393 556.47987
7251.62581 170.04292 5.91336 5.50480 557.97129
7252.03898 170.71130 5.93795 5.52644 559.10534
7252.62631 171.58325 5.96867 5.55466 562.04558
7252.71680 171.71548 5.97328 5.55895 562.51467
7253.28849 172.71967 6.00433 5.59145 564.45569
7253.62681 173.23706 6.02229 5.60820 566.42239
7253.96613 173.72385 6.03960 5.62396 568.58221
7254.62731 174.63217 6.07111 5.65337 571.44061
7254.69198 174.72803 6.07469 5.65647 571.53291
7255.33759 175.73222 6.10920 5.68898 573.06495
7255.62781 176.12948 6.12355 5.70184 575.52752
7256.01918 176.73640 6.14635 5.72149 577.45427
7256.62831 177.68994 6.17732 5.75236 580.16114
7256.66157 177.74059 6.17921 5.75400 580.33474
7257.28816 178.74477 6.21572 5.78650 582.92143
7257.62881 179.23945 6.23114 5.80252 585.19526
7257.96197 179.74895 6.24874 5.81901 587.02856
7258.62931 180.72680 6.28398 5.85067 591.36742
7258.64739 180.75314 6.28497 5.85152 591.48060
7259.19456 181.75732 6.31240 5.88403 593.10998
7259.62981 182.44031 6.33663 5.90614 596.04499
7259.82814 182.76151 6.34988 5.91654 596.70878
7260.42824 183.76569 6.37502 5.94905 598.94086
7260.63032 184.07577 6.38657 5.95909 600.13309
7261.05186 184.76987 6.40931 5.98156 601.94466
7261.63082 185.64395 6.43524 6.00985 605.67799
7261.71153 185.77406 6.43910 6.01406 606.10541
7262.29197 186.77824 6.47167 6.04657 608.19636
7262.63132 187.31634 6.48810 6.06399 609.90662
7262.95523 187.78243 6.50029 6.07908 611.52629
7263.63182 188.76664 6.53250 6.11094 614.50650
7263.64412 188.78661 6.53312 6.11159 614.55864
7264.21782 189.79079 6.56008 6.14410 616.69597
7264.63232 190.52381 6.58190 6.16783 619.56833
7264.78502 190.79498 6.59018 6.17661 620.10683
7265.37187 191.79916 6.62096 6.20911 622.38705
7265.63282 192.19223 6.63310 6.22184 624.39372
7265.99346 192.80335 6.65286 6.24162 626.05816
7266.57870 193.80753 6.68229 6.27413 628.58546
7266.63332 193.89329 6.68473 6.27691 628.95364
7267.14929 194.81172 6.71386 6.30664 630.83332
7267.63382 195.60450 6.73909 6.33230 633.73400
7267.76247 195.81590 6.74553 6.33915 634.47463
7268.33903 196.82008 6.77582 6.37166 637.02571
7268.63432 197.26817 6.79098 6.38616 639.39971
7268.95382 197.82427 6.80828 6.40417 640.74436
7269.45358 198.82845 6.83518 6.43667 642.49815
7269.63482 199.11856 6.84443 6.44607 644.15522
7270.04496 199.83264 6.86767 6.46918 646.05333
7270.63532 200.82401 6.89752 6.50128 649.58054
7270.64310 200.83682 6.89791 6.50169 649.62892
7271.18440 201.84100 6.92908 6.53420 651.55206
7271.63582 202.58816 6.95286 6.55839 654.76602
7271.79786 202.84519 6.96049 6.56671 655.91348
7272.40755 203.84937 6.99133 6.59922 657.84017
7272.63632 204.18279 7.00221 6.61001 659.25684
7273.00628 204.85356 7.02294 6.63172 660.64012
7273.55482 205.85774 7.05266 6.66423 663.36958
7273.63682 205.99082 7.05712 6.66854 663.97954
7274.12188 206.86192 7.08559 6.69674 666.35173
7274.63732 207.81928 7.11263 6.72773 669.43639
7274.66330 207.86611 7.11384 6.72925 669.67230
7275.16510 208.87029 7.14317 6.76176 671.54121
7275.63782 209.64592 7.16901 6.78687 675.17805
7275.76869 209.87448 7.17562 6.79427 676.02977
7276.27957 210.87866 7.20535 6.82677 677.73104
7276.63832 211.50402 7.22525 6.84702 680.06444
7276.84993 211.88285 7.23767 6.85928 681.33727
7277.36111 212.88703 7.26794 6.89179 683.22433
7277.63882 213.35742 7.28216 6.90702 685.30751
7277.93276 213.89121 7.29901 6.92430 687.04058
7278.45557 214.89540 7.33067 6.95681 689.44986
7278.63932 215.20440 7.34020 6.96681 690.88960
7279.00792 215.89958 7.36076 6.98932 692.79481
7279.47915 216.90377 7.38922 7.02183 695.18496
7279.63982 217.17349 7.39804 7.03056 696.50837
7280.03444 217.90795 7.42100 7.05433 698.91670
7280.54230 218.91213 7.45062 7.08684 700.53662
7280.64032 219.08430 7.45607 7.09242 700.82067
7281.10984 219.91632 7.48239 7.11935 702.25248
7281.64082 220.79697 7.50953 7.14786 706.52803
7281.70811 220.92050 7.51317 7.15186 707.00638
7282.19870 221.92469 7.54379 7.18437 709.15379
7282.64132 222.71889 7.56973 7.21008 712.31620
7282.75717 222.92887 7.57617 7.21688 713.13022
7283.23867 223.93305 7.60543 7.24938 714.95309
7283.64182 224.67626 7.62932 7.27344 717.65951
7283.78537 224.93724 7.63804 7.28189 718.70487
7284.21095 225.94142 7.66563 7.31440 720.36148
7284.64232 226.75178 7.68978 7.34064 723.17984
7284.74688 226.94561 7.69563 7.34691 723.91773
7285.22852 227.94979 7.72769 7.37942 726.03277
7285.64282 228.71323 7.75160 7.40413 729.09820
7285.77477 228.95397 7.75898 7.41193 730.12228
7286.24044 229.95816 7.78837 7.44444 731.83773
7286.64332 230.72900 7.81356 7.46939 734.57750
7286.76854 230.96234 7.82114 7.47694 735.51127
7287.24564 231.96653 7.85152 7.50945 737.69812
7287.64382 232.74927 7.87452 7.53479 740.28589
7287.76228 232.97071 7.88175 7.54196 741.14416
7288.23137 233.97490 7.91277 7.57447 743.76431
7288.64432 234.80743 7.93631 7.60142 746.97385
7288.72818 234.97908 7.94139 7.60698 747.39770
7289.18075 235.98326 7.97182 7.63949 749.32675
7289.64482 236.86036 8.00023 7.66788 752.59989
7289.72007 236.98745 8.00427 7.67199 753.08298
7290.23454 237.99163 8.03421 7.70450 754.67713
7290.64532 238.76892 8.05762 7.72967 757.15342
7290.76649 238.99582 8.06493 7.73701 758.20269
7291.23722 240.00000 8.09718 7.76952 760.98889
