7291.64582 239.36220 7.97738 7.74887 907.73823
7291.46278 238.99582 7.96491 7.73701 906.97676
7291.02879 237.99163 7.92905 7.70450 906.94806
7290.64532 237.15247 7.90482 7.67734 906.25828
7290.55274 236.98745 7.90059 7.67199 905.67203
7290.02508 235.98326 7.86720 7.63949 904.64319
7289.64482 235.29743 7.84303 7.61728 903.66962
7289.48556 234.97908 7.83241 7.60698 903.57712
7289.07628 233.97490 7.80261 7.57447 903.97147
7288.64772 232.97071 7.77039 7.54196 903.78092
7288.64432 232.96407 7.77015 7.54175 903.76982
7288.14732 231.96653 7.73584 7.50945 902.29898
7287.68272 230.96234 7.70441 7.47694 902.08903
7287.64382 230.88563 7.70224 7.47446 901.96020
7287.19868 229.95816 7.67238 7.44444 901.22799
7286.72331 228.95397 7.63674 7.41193 900.76189
7286.64332 228.80911 7.63300 7.40724 900.29042
7286.21620 227.94979 7.60712 7.37942 899.27879
7285.75463 226.94561 7.57239 7.34691 899.43398
7285.64282 226.73409 7.56518 7.34006 898.99870
7285.24203 225.94142 7.53937 7.31440 898.01424
7284.83299 224.93724 7.50962 7.28189 898.42924
7284.64232 224.56805 7.49904 7.26994 897.97480
7284.30716 223.93305 7.47744 7.24938 896.83194
7283.82469 222.92887 7.44257 7.21688 896.67046
7283.64182 222.59489 7.43318 7.20606 895.85752
7283.29974 221.92469 7.41371 7.18437 895.08916
7282.82452 220.92050 7.37731 7.15186 895.37480
7282.64132 220.59188 7.36688 7.14122 894.50551
7282.28429 219.91632 7.34514 7.11935 893.55779
7281.81647 218.91213 7.31332 7.08684 894.15482
7281.64082 218.57135 7.30227 7.07581 893.67555
7281.26527 217.90795 7.27977 7.05433 892.01144
7280.69014 216.90377 7.24639 7.02183 891.84157
7280.64032 216.81282 7.24351 7.01888 891.83704
7280.21237 215.89958 7.21746 6.98932 892.07785
7279.67082 214.89540 7.18304 6.95681 890.30616
7279.63982 214.84559 7.18176 6.95520 890.06042
7279.13563 213.89121 7.15282 6.92430 889.02168
7278.63932 212.90688 7.11995 6.89243 889.10582
7278.62823 212.88703 7.11923 6.89179 889.06552
7278.11411 211.88285 7.08303 6.85928 888.83860
7277.63882 210.98597 7.05618 6.83025 888.21434
7277.57654 210.87866 7.05328 6.82677 887.93437
7277.03526 209.87448 7.01834 6.79427 886.95019
7276.63832 209.15895 6.99578 6.77110 885.86068
7276.48187 208.87029 6.98720 6.76176 885.65747
7276.00399 207.86611 6.95469 6.72925 886.43932
7275.63782 207.21055 6.93616 6.70803 884.07560
7275.44276 206.86192 6.92284 6.69674 883.72440
7274.94593 205.85774 6.88978 6.66423 884.90404
7274.63732 205.30085 6.87268 6.64620 884.34906
7274.38342 204.85356 6.85806 6.63172 883.66752
7273.84648 203.84937 6.82060 6.59922 883.53123
7273.63682 203.49389 6.81188 6.58771 882.79242
7273.26554 202.84519 6.79395 6.56671 881.59415
7272.70925 201.84100 6.75748 6.53420 881.03842
7272.63632 201.72878 6.75359 6.53057 880.75763
7272.09609 200.83682 6.72383 6.50169 881.29792
7271.63582 200.08445 6.70073 6.47733 880.29306
7271.48469 199.83264 6.69174 6.46918 879.69869
7270.95981 198.82845 6.65774 6.43667 879.86533
7270.63532 198.21746 6.64363 6.41689 878.58415
7270.42123 197.82427 6.63203 6.40417 878.46552
7269.85086 196.82008 6.59404 6.37166 878.01364
7269.63482 196.46928 6.58361 6.36030 877.10114
7269.25792 195.81590 6.56384 6.33915 876.52168
7268.71323 194.81172 6.53011 6.30664 877.06712
7268.63432 194.68804 6.52580 6.30264 876.67767
7268.12455 193.80753 6.49474 6.27413 876.01165
7267.63382 192.96462 6.47078 6.24684 875.27633
7267.53225 192.80335 6.46575 6.24162 874.85139
7266.97580 191.79916 6.42759 6.20911 875.28372
7266.63332 191.26225 6.41201 6.19173 873.81840
7266.34798 190.79498 6.39918 6.17661 873.29327
7265.84112 189.79079 6.36612 6.14410 873.64427
7265.63282 189.47423 6.35728 6.13385 872.12852
7265.22088 188.78661 6.33461 6.11159 871.66829
7264.65986 187.78243 6.30284 6.07908 872.46255
7264.63232 187.73915 6.30131 6.07768 872.37918
7264.05254 186.77824 6.26486 6.04657 871.29489
7263.63182 186.10692 6.24752 6.02484 869.95399
7263.40082 185.77406 6.23851 6.01406 869.10048
7262.73258 184.76987 6.20124 5.98156 869.53181
7262.63132 184.63414 6.19693 5.97716 868.94528
7262.10847 183.76569 6.17070 5.94905 868.46228
7261.63082 182.97130 6.14448 5.92333 867.88149
7261.49826 182.76151 6.13660 5.91654 867.60278
7260.93796 181.75732 6.10055 5.88403 868.58984
7260.63032 181.23110 6.08901 5.86699 867.12896
7260.34323 180.75314 6.07552 5.85152 866.93288
7259.70694 179.74895 6.03748 5.81901 865.77404
7259.62981 179.63478 6.03487 5.81532 865.42500
7259.09750 178.74477 6.00805 5.78650 865.72617
7258.62931 178.02014 5.98325 5.76305 864.59328
7258.44194 177.74059 5.97369 5.75400 863.86981
7257.83397 176.73640 5.94176 5.72149 864.08048
7257.62881 176.43273 5.93405 5.71166 863.30976
7257.17961 175.73222 5.90720 5.68898 862.50303
7256.62831 174.84918 5.87878 5.66039 862.28753
7256.54574 174.72803 5.87554 5.65647 861.97282
7255.92287 173.72385 5.84169 5.62396 862.09854
7255.62781 173.30184 5.82621 5.61030 860.76031
7255.24536 172.71967 5.80933 5.59145 859.24453
7254.64941 171.71548 5.77999 5.55895 860.22373
7254.62731 171.68476 5.77872 5.55795 860.24991
7253.96857 170.71130 5.74225 5.52644 861.40135
7253.62681 170.22330 5.72963 5.51064 859.66371
7253.28051 169.70711 5.71469 5.49393 858.55945
7252.62631 168.74756 5.68037 5.46286 856.77948
7252.59523 168.70293 5.67893 5.46142 856.66540
7251.97154 167.69874 5.64786 5.42891 857.49138
7251.62581 167.19280 5.63014 5.41253 856.56645
7251.28724 166.69456 5.61299 5.39640 855.78287
7250.62531 165.69395 5.58263 5.36401 855.10938
7250.62279 165.69038 5.58255 5.36389 855.09954
7249.95680 164.68619 5.54418 5.33139 854.79093
7249.62481 164.18438 5.52918 5.31514 853.93760
7249.31638 163.68201 5.51983 5.29888 852.78965
7248.65545 162.67782 5.48465 5.26637 852.20188
7248.62431 162.63588 5.48334 5.26501 852.04647
7247.97827 161.67364 5.45330 5.23386 851.45702
7247.62381 161.14854 5.43715 5.21686 851.16468
7247.30071 160.66946 5.41909 5.20135 850.99893
7246.62331 159.67014 5.38630 5.16900 850.55726
7246.61976 159.66527 5.38620 5.16884 850.54207
7245.90506 158.66109 5.35419 5.13634 848.24351
7245.62281 158.28962 5.34112 5.12431 847.92816
7245.15278 157.65690 5.31918 5.10383 848.86098
7244.62231 156.93919 5.29872 5.08059 847.93386
7244.41918 156.65272 5.28825 5.07132 847.25778
7243.74393 155.64854 5.25167 5.03881 847.56595
7243.62181 155.47149 5.24757 5.03308 847.62606
7243.07260 154.64435 5.22169 5.00630 846.17904
7242.62131 153.98454 5.20196 4.98494 844.59645
7242.39196 153.64017 5.19059 4.97379 845.25419
7241.71896 152.63598 5.15602 4.94128 846.28624
7241.62081 152.50719 5.15155 4.93712 845.85313
7241.00513 151.63180 5.12063 4.90878 845.48312
7240.62031 151.09865 5.10719 4.89152 844.84097
7240.27630 150.62762 5.09033 4.87627 844.14027
7239.61981 149.70072 5.05799 4.84626 843.83588
7239.56041 149.62343 5.05621 4.84376 843.58516
7238.82268 148.61925 5.02442 4.81125 842.08706
7238.61931 148.36550 5.01568 4.80304 840.97306
7238.10371 147.61506 4.98852 4.77874 841.75782
7237.61881 146.94244 4.97034 4.75697 841.51776
7237.34747 146.61088 4.95836 4.74623 839.62969
7236.65559 145.60669 4.92497 4.71373 841.41475
7236.61831 145.56046 4.92402 4.71223 841.39410
7235.85091 144.60251 4.89147 4.68122 838.47927
7235.61781 144.31235 4.88267 4.67182 837.07918
7235.12622 143.59833 4.86092 4.64871 838.50492
7234.61731 142.90427 4.83856 4.62624 838.28303
7234.37625 142.59414 4.82752 4.61620 837.50978
7233.64034 141.58996 4.79440 4.58369 837.48119
7233.61681 141.55853 4.79356 4.58267 837.45872
7232.89127 140.58577 4.75585 4.55118 836.94678
7232.61631 140.23575 4.74511 4.53985 836.08110
7232.13351 139.58159 4.72832 4.51867 836.15205
7231.61581 138.91948 4.70333 4.49724 834.80565
7231.34722 138.57741 4.69269 4.48617 834.00276
7230.61531 137.63839 4.66568 4.45577 832.72272
7230.56437 137.57322 4.66370 4.45366 832.60637
7229.91661 136.56904 4.62623 4.42115 833.91878
7229.61481 136.18882 4.61523 4.40884 832.91375
7229.11196 135.56485 4.59977 4.38864 831.69720
7228.61431 134.96785 4.57813 4.36931 828.73034
7228.27813 134.56067 4.56661 4.35613 827.19650
7227.61381 133.74437 4.54016 4.32971 828.73905
7227.46075 133.55649 4.53081 4.32362 829.29202
7226.68731 132.55230 4.49606 4.29112 830.29450
7226.61331 132.46307 4.49403 4.28823 829.89716
7225.89348 131.54812 4.46281 4.25861 829.14465
7225.61281 131.21173 4.45165 4.24772 828.09727
7225.09410 130.54393 4.43061 4.22610 828.12088
7224.61231 129.92960 4.41079 4.20621 827.73724
7224.29805 129.53975 4.39338 4.19359 827.36986
7223.61181 128.60574 4.36847 4.16335 828.35926
7223.55557 128.53556 4.36778 4.16108 827.75950
7222.79960 127.53138 4.32700 4.12857 827.30782
7222.61131 127.30417 4.32111 4.12122 827.04374
7221.97872 126.52720 4.29935 4.09606 826.07131
7221.61081 126.10007 4.28194 4.08224 824.46124
7221.14495 125.52301 4.26467 4.06356 824.14521
7220.61031 124.87449 4.24523 4.04256 823.44308
7220.31928 124.51883 4.23257 4.03105 823.01009
7219.60980 123.64269 4.20107 4.00268 822.74543
7219.49161 123.51464 4.19826 3.99854 822.51848
7218.60930 122.54885 4.16331 3.96727 822.50698
7218.57650 122.51046 4.16163 3.96603 822.43552
7217.78344 121.50628 4.13179 3.93352 823.43030
7217.60880 121.30956 4.12520 3.92715 822.69488
7216.91924 120.50209 4.09338 3.90101 821.10039
7216.60830 120.12456 4.08496 3.88879 821.52336
7216.09618 119.49791 4.06201 3.86851 820.40838
7215.60780 118.87859 4.04269 3.84846 818.03642
7215.30984 118.49372 4.03365 3.83600 819.04458
7214.60730 117.70000 4.00510 3.81030 816.91483
7214.42418 117.48954 3.99751 3.80349 816.44005
7213.60926 116.48536 3.96463 3.77098 818.22577
7213.60680 116.48242 3.96452 3.77089 818.22628
7212.76991 115.48117 3.92714 3.73847 818.77933
7212.60630 115.29639 3.92142 3.73249 818.36996
7211.88864 114.47699 3.90041 3.70596 817.06340
7211.60580 114.16830 3.88649 3.69597 815.92931
7211.00199 113.47280 3.86412 3.67346 815.10385
7210.60530 113.01922 3.85497 3.65877 814.32418
7210.06568 112.46862 3.82731 3.64095 813.16912
7209.60480 111.99773 3.81554 3.62570 813.51364
7209.11639 111.46444 3.80125 3.60844 812.72240
7208.60430 110.86563 3.77836 3.58905 809.88365
7208.28824 110.46025 3.76895 3.57593 809.37264
7207.60380 109.66245 3.74194 3.55010 809.97788
7207.41802 109.45607 3.73006 3.54342 809.78772
7206.60330 108.51981 3.70537 3.51311 810.31043
7206.54197 108.45188 3.70314 3.51091 810.22885
7205.64436 107.44770 3.66326 3.47840 809.72190
7205.60280 107.40368 3.66265 3.47698 809.55640
7204.66712 106.44351 3.63248 3.44590 804.07240
7204.60230 106.37491 3.62985 3.44367 803.83431
7203.78233 105.43933 3.60185 3.41339 805.12851
7203.60180 105.24567 3.59476 3.40712 804.70170
7202.88568 104.43515 3.56392 3.38088 806.05600
7202.60130 104.13311 3.55488 3.37110 805.18222
7201.93424 103.43096 3.53444 3.34837 803.03452
7201.60080 103.07954 3.51830 3.33699 804.59472
7200.93934 102.42678 3.49592 3.31586 805.59809
7200.60030 102.06505 3.48780 3.30415 804.89372
7200.05957 101.42259 3.46503 3.28335 803.01153
7199.59980 100.92646 3.45086 3.26729 800.71608
7199.12132 100.41841 3.44044 3.25085 800.76157
7198.59930 99.86699 3.41300 3.23299 800.03350
7198.16490 99.41423 3.39953 3.21834 799.15088
7197.59880 98.82433 3.38689 3.19924 798.13610
7197.22561 98.41004 3.36131 3.18583 799.35437
7196.59830 97.74228 3.34876 3.16421 799.57417
7196.27321 97.40586 3.33994 3.15332 799.01055
7195.59780 96.70725 3.30119 3.13070 798.13182
7195.29775 96.40167 3.30085 3.12081 797.43743
7194.59730 95.68962 3.27251 3.09776 795.77311
7194.31053 95.39749 3.25760 3.08830 795.29124
7193.59680 94.64519 3.24866 3.06395 796.26941
7193.34048 94.39331 3.23177 3.05579 794.86881
7192.59630 93.65451 3.20263 3.03188 794.17662
7192.31162 93.38912 3.20336 3.02329 793.68336
7191.59580 92.68635 3.16900 3.00054 788.87843
7191.34540 92.38494 3.15320 2.99078 791.88319
7190.59530 91.61090 3.13943 2.96572 792.96719
7190.36307 91.38075 3.12145 2.95827 792.43235
7189.59480 90.59782 3.10153 2.93292 793.04529
7189.37172 90.37657 3.10089 2.92576 792.72275
7188.59430 89.62882 3.04992 2.90155 789.91072
7188.34227 89.37238 3.05018 2.89325 790.29236
7187.59380 88.66037 3.02906 2.87020 787.14281
7187.28265 88.36820 3.00665 2.86074 785.52749
7186.59330 87.69357 3.00299 2.83890 784.85981
7186.26059 87.36402 2.98265 2.82824 784.85753
7185.59280 86.72177 2.93399 2.80744 783.45135
7185.22545 86.35983 2.93628 2.79573 783.84718
7184.59230 85.73520 2.89120 2.77551 783.33706
7184.17673 85.35565 2.86419 2.76322 781.55567
7183.59180 84.81717 2.84971 2.74579 786.86614
7183.06436 84.35146 2.81552 2.73071 785.01652
7182.59130 83.89730 2.78700 2.71601 777.81209
7182.09811 83.34728 2.76626 2.69820 780.11781
7181.59080 82.91123 2.74033 2.68409 774.66608
7180.97409 82.34310 2.69486 2.66569 772.62204
7180.59030 81.96467 2.67123 2.65344 773.66496
7179.91899 81.33891 2.63847 2.63318 771.98667
7179.58979 81.05567 2.59897 2.62402 768.37347
7178.86758 80.33473 2.57414 2.60068 772.76913
7178.58929 80.08999 2.58000 2.59275 770.31475
7177.69936 79.33054 2.48919 2.56817 759.16619
7177.58879 79.21951 2.48772 2.56457 759.83069
7176.70150 78.32636 2.47134 2.53566 762.64093
7176.58829 78.21920 2.45663 2.53219 761.57507
7175.73071 77.32218 2.45174 2.50315 758.42866
7175.58779 77.15267 2.44464 2.49766 758.53994
7174.85040 76.31799 2.38120 2.47064 756.43616
7174.58729 75.99616 2.39047 2.46022 760.49805
7174.11922 75.31381 2.38086 2.43813 767.57565
7173.58679 74.56881 2.34373 2.41402 762.93371
7173.39350 74.30962 2.33438 2.40563 761.16871
7172.71891 73.30544 2.31442 2.37312 759.79028
7172.58629 73.11753 2.30803 2.36703 757.70764
7172.05249 72.30126 2.24564 2.34061 752.31650
7171.58579 71.51061 2.24464 2.31501 751.49808
7171.45268 71.29707 2.24311 2.30810 749.59951
7170.88304 70.29289 2.18989 2.27559 746.17957
7170.58529 69.84920 2.16098 2.26123 735.73448
7170.28179 69.28870 2.14717 2.24308 732.78676
7169.82048 68.28452 2.12576 2.21057 737.61038
7169.58479 67.87806 2.09958 2.19742 730.63897
7169.24629 67.28033 2.06670 2.17807 721.05307
7168.81229 66.27615 2.04128 2.14556 719.68612
7168.58429 65.81907 2.03801 2.13076 711.25046
7168.31036 65.27197 2.01320 2.11305 704.60902
7167.84572 64.26778 1.96117 2.08054 697.20341
7167.58379 63.80458 1.94548 2.06555 687.55912
7167.31754 63.26360 1.93992 2.04803 680.93745
7166.86602 62.25941 1.91219 2.01552 672.87512
7166.58329 61.76120 1.89068 1.99940 663.86220
7166.26696 61.25523 1.86970 1.98302 655.66387
7165.63559 60.25105 1.85556 1.95051 642.35060
7165.58279 60.16802 1.85465 1.94782 641.05859
7164.98723 59.24686 1.83652 1.91800 625.20365
7164.58229 58.71265 1.82344 1.90070 613.72375
7164.20229 58.24268 1.81645 1.88549 603.72757
7163.58179 57.35062 1.80384 1.85661 589.61475
7163.49483 57.23849 1.80113 1.85298 587.58244
7162.78772 56.23431 1.77276 1.82047 576.64827
7162.58129 55.94172 1.76504 1.81100 573.52713
7162.07072 55.23013 1.74397 1.78796 566.21166
7161.58079 54.56554 1.72431 1.76645 559.28096
7161.31141 54.22594 1.71330 1.75546 555.14537
7160.60318 53.22176 1.68104 1.72295 547.17716
7160.58029 53.19348 1.68014 1.72203 546.84771
7159.86988 52.21757 1.64731 1.69044 538.95076
7159.57979 51.86560 1.63575 1.67905 535.05261
7158.97431 51.21339 1.61310 1.65793 525.81827
7158.57929 50.73980 1.59722 1.64260 520.99254
7158.10386 50.20921 1.57686 1.62542 514.77748
7157.57879 49.65814 1.55616 1.60758 507.31908
7157.09815 49.20502 1.54258 1.59291 501.38020
7156.57829 48.70379 1.52482 1.57669 495.62960
7156.03442 48.20084 1.50855 1.56041 487.36014
7155.57779 47.83340 1.49667 1.54851 479.81617
7154.75225 47.19665 1.47138 1.52790 467.63895
7154.57729 47.06512 1.46635 1.52364 465.04095
7153.57679 46.33691 1.44193 1.50006 450.33201
7153.37546 46.19247 1.43773 1.49539 447.46666
7152.57629 45.69640 1.41878 1.47933 435.21997
7151.84992 45.18828 1.40005 1.46288 425.47198
7151.57579 44.96233 1.39318 1.45557 422.42029
7150.68543 44.18410 1.36284 1.43037 413.56355
7150.57529 44.08275 1.35939 1.42709 412.56568
7149.57479 43.19336 1.33050 1.39830 403.33647
7149.55812 43.17992 1.32997 1.39786 403.16050
7148.57429 42.38616 1.30196 1.37217 393.77521
7148.29187 42.17573 1.29494 1.36535 391.58326
7147.57379 41.70421 1.27716 1.35009 384.11918
7146.90179 41.17155 1.25766 1.33285 377.52539
7146.57329 40.90762 1.24885 1.32430 374.62272
7145.57279 40.26037 1.22621 1.30335 363.38235
7145.42250 40.16736 1.22242 1.30034 361.55599
7144.57229 39.64450 1.20560 1.28341 351.39882
7143.70268 39.16318 1.19148 1.26783 341.44031
7143.57179 39.11008 1.18955 1.26611 339.76376
7142.57129 38.70653 1.17177 1.25305 327.19691
7141.57079 38.16930 1.15502 1.23565 316.54202
7141.55481 38.15900 1.15475 1.23532 316.39501
7140.57029 37.50425 1.13184 1.21413 307.80509
7140.05766 37.15481 1.12010 1.20281 303.33241
7139.56978 36.76838 1.10692 1.19030 300.02044
7138.71634 36.15063 1.08555 1.17030 294.90278
7138.56928 36.04706 1.08157 1.16695 293.78802
7137.56878 35.21285 1.05216 1.13995 286.95404
7137.48888 35.14644 1.05025 1.13780 286.42455
7136.56828 34.40724 1.02300 1.11387 279.98217
7136.20888 34.14226 1.01336 1.10529 277.26092
7135.56778 33.79361 1.00364 1.09400 271.35823
7134.56728 33.38459 0.99008 1.08076 261.26331
7134.03097 33.13808 0.97905 1.07278 256.20435
7133.56678 32.89396 0.96964 1.06488 252.16158
7132.56628 32.34975 0.95189 1.04726 243.78174
7132.20576 32.13389 0.94421 1.04027 240.98407
7131.56578 31.76234 0.93004 1.02824 235.94786
7130.56528 31.21433 0.91014 1.01050 228.91008
7130.41788 31.12971 0.90828 1.00776 227.97220
7129.56478 30.69965 0.89735 0.99384 220.89469
7128.56428 30.19949 0.87846 0.97765 212.86554
7128.43679 30.12552 0.87522 0.97525 211.95975
7127.56378 29.63948 0.85930 0.95952 205.81990
7126.61312 29.12134 0.84326 0.94275 199.13877
7126.56328 29.09403 0.84224 0.94186 198.79425
7125.56278 28.55842 0.82113 0.92452 191.90765
7124.74514 28.11715 0.80881 0.91024 186.45407
7124.56228 28.02444 0.80645 0.90724 185.21871
7123.56178 27.55698 0.78811 0.89210 178.38547
7122.74424 27.11297 0.77089 0.87773 173.27774
7122.56128 26.99967 0.76709 0.87406 172.18468
7121.56078 26.47107 0.75400 0.85695 166.39038
7120.75078 26.10879 0.74098 0.84522 161.79932
7120.56028 26.01664 0.73723 0.84224 160.59569
7119.55978 25.52984 0.71954 0.82648 154.59255
7118.74855 25.10460 0.70716 0.81271 149.98669
7118.55928 25.00589 0.70316 0.80952 148.92788
7117.55878 24.40877 0.67978 0.79018 143.64405
7117.11509 24.10042 0.67030 0.78020 141.45279
7116.55828 23.69408 0.65814 0.76705 138.75332
7115.55917 23.09623 0.63419 0.74769 133.66168
7115.55778 23.09546 0.63415 0.74767 133.65452
7114.55728 22.70962 0.62003 0.73518 128.32370
7113.55678 22.45316 0.61591 0.72688 122.89796
7112.55628 22.20155 0.60914 0.71873 118.34289
7112.24917 22.09205 0.60668 0.71519 116.88481
7111.55578 21.88324 0.59769 0.70843 113.49316
7110.55528 21.53856 0.58519 0.69727 109.01509
7109.60818 21.08787 0.57381 0.68268 105.12354
7109.55478 21.05857 0.57300 0.68173 104.91057
7108.55428 20.51984 0.55407 0.66429 100.95772
7107.85011 20.08368 0.53756 0.65017 98.26375
7107.55378 19.87776 0.53219 0.64350 97.14947
7106.55328 19.27976 0.51533 0.62414 93.35202
7106.17858 19.07950 0.50803 0.61766 91.94682
7105.55278 18.77883 0.49482 0.60793 89.63743
7104.55228 18.50410 0.48431 0.59903 86.07855
7103.55178 18.30984 0.48018 0.59274 83.05318
7102.69083 18.07531 0.47398 0.58515 80.33972
7102.55128 18.04073 0.47302 0.58403 79.89878
7101.55078 17.66955 0.45943 0.57202 76.82423
7100.55028 17.16631 0.44319 0.55572 73.78334
7100.39248 17.07113 0.44152 0.55264 73.29905
7099.54977 16.52368 0.42576 0.53492 70.67749
7098.71851 16.06695 0.40825 0.52014 68.20546
7098.54927 15.98149 0.40509 0.51737 67.71603
7097.54877 15.65228 0.39316 0.50671 65.11237
7096.54827 15.36599 0.38816 0.49744 62.69539
7095.63251 15.06276 0.37908 0.48763 60.52952
7095.54777 15.03429 0.37794 0.48670 60.34829
7094.54727 14.67963 0.36305 0.47522 58.21657
7093.54677 14.24465 0.35031 0.46114 55.85312
7093.15856 14.05858 0.34753 0.45512 54.91818
7092.54627 13.76263 0.33941 0.44554 53.46016
7091.54577 13.32260 0.32195 0.43129 51.29059
7090.79205 13.05439 0.31153 0.42261 49.85836
7090.54527 12.96274 0.30937 0.41964 49.38917
7089.54477 12.67797 0.30364 0.41042 47.69571
7088.54427 12.46867 0.30003 0.40365 46.20385
7087.54377 12.25412 0.29391 0.39670 44.74354
7086.84639 12.05021 0.28403 0.39010 43.69019
7086.54327 11.96021 0.28113 0.38719 43.25922
7085.54277 11.56020 0.26583 0.37424 41.50856
7084.54227 11.08134 0.26182 0.35874 39.61057
7084.46177 11.04603 0.26127 0.35759 39.46604
7083.54177 10.71024 0.25164 0.34672 37.99260
7082.54127 10.40981 0.23564 0.33700 36.60684
7081.57848 10.04184 0.22486 0.32508 35.10811
7081.54077 10.02638 0.22453 0.32458 35.04731
7080.54027 9.62457 0.22148 0.31158 33.45878
7079.53977 9.31249 0.21254 0.30147 32.14913
7078.56676 9.03766 0.19707 0.29258 30.97270
7078.53927 9.02900 0.19656 0.29230 30.93719
7077.53877 8.78601 0.18370 0.28443 29.89797
7076.53827 8.56749 0.18025 0.27736 28.93507
7075.53777 8.32188 0.18163 0.26940 27.90865
7074.53727 8.03891 0.17764 0.26024 26.78455
7074.51873 8.03347 0.17751 0.26007 26.76352
7073.53677 7.78183 0.16620 0.25192 25.75194
7072.53627 7.49882 0.14973 0.24276 24.66023
7071.53577 7.19262 0.14400 0.23285 23.50746
7070.80570 7.02929 0.14548 0.22756 22.84796
7070.53527 6.98577 0.14680 0.22615 22.64945
7069.53477 6.86067 0.14898 0.22210 22.03690
7068.53427 6.71046 0.14926 0.21724 21.36861
7067.53377 6.54168 0.14523 0.21177 20.65047
7066.53327 6.38151 0.14117 0.20659 19.95068
7065.53277 6.21373 0.13542 0.20116 19.22395
7064.53227 6.02545 0.12949 0.19506 18.43188
7064.53038 6.02510 0.12949 0.19505 18.43043
7063.53177 5.85674 0.12797 0.18960 17.70655
7062.53127 5.66547 0.12919 0.18341 16.89979
7061.53077 5.45755 0.12951 0.17668 16.05143
7060.53027 5.20541 0.12896 0.16851 15.09730
7059.85730 5.02092 0.12814 0.16254 14.44220
7056.66503 5.02092 0.12240 0.16254 13.68408
7056.52826 5.05282 0.12233 0.16358 13.73059
7055.52776 5.03697 0.12404 0.16306 13.42197
7055.47166 5.02092 0.12377 0.16254 13.36644
0.00000 0.00000 0.00000 0.00000 0.00000
