7278.23712 243.62507 8.18294 7.88687 590.23815
7277.78656 242.76231 8.15829 7.85894 587.25241
7277.50621 242.20624 8.14123 7.84094 585.94924
7277.10665 241.32430 8.11422 7.81239 584.93189
7276.74306 240.61561 8.09188 7.78945 583.24120
7276.60334 240.34333 8.08340 7.78063 582.62706
7276.07572 239.24260 8.04978 7.74500 580.84713
7275.58596 238.18578 8.01745 7.71079 579.56697
7275.65279 238.32782 8.02181 7.71539 579.75540
7275.23131 237.46030 7.99514 7.68730 578.46690
7274.76782 236.56644 7.96744 7.65837 576.45526
7274.69926 236.43283 7.96327 7.65404 576.20248
7274.24662 235.52611 7.93495 7.62469 574.62716
7273.79951 234.67808 7.90922 7.59723 572.12787
7273.67218 234.43532 7.90210 7.58937 571.37855
7273.15801 233.40209 7.87197 7.55593 569.20786
7272.69735 232.47252 7.84343 7.52583 567.89796
7272.85263 232.77417 7.85286 7.53560 568.43516
7272.35363 231.86352 7.82442 7.50612 566.34469
7271.98135 231.23177 7.80471 7.48567 564.67866
7271.46079 230.25907 7.77510 7.45418 563.76998
7271.09144 229.43727 7.75030 7.42757 563.25083
7270.97218 229.25999 7.74448 7.42183 562.34121
7270.52156 228.44873 7.71935 7.39557 560.25166
7270.03452 227.43909 7.68879 7.36289 559.20404
7269.87779 227.16117 7.68007 7.35389 558.39798
7269.51546 226.50044 7.65926 7.33250 556.85984
7269.01940 225.50151 7.63053 7.30016 555.08476
7268.90405 225.30243 7.62475 7.29372 554.32176
7268.56910 224.70370 7.60657 7.27433 552.57922
7268.04561 223.72891 7.57627 7.24278 550.56601
7267.88521 223.45951 7.56772 7.23405 549.74284
7267.45781 222.66412 7.54331 7.20831 548.13659
7266.91902 221.67339 7.51274 7.17623 546.13281
7266.63205 221.11883 7.49573 7.15828 545.26826
7266.28938 220.39186 7.47414 7.13475 544.92863
7265.86859 219.59719 7.44982 7.10902 543.60709
7265.91895 219.69712 7.45286 7.11226 543.71208
7265.40012 218.76836 7.42384 7.08219 541.62518
7264.92307 217.91446 7.39750 7.05454 539.68765
7264.76312 217.63374 7.38881 7.04546 538.96277
7264.30400 216.76742 7.36240 7.01741 537.71396
7264.12656 216.48051 7.35394 7.00812 536.57416
7263.79837 215.96177 7.33895 6.99133 534.43881
7263.20746 214.92708 7.30784 6.95783 532.77776
7263.03222 214.65306 7.29932 6.94896 532.00205
7262.47696 213.68381 7.26975 6.91759 530.52915
7261.89602 212.59415 7.23647 6.88231 528.75779
7261.83742 212.49281 7.23332 6.87903 528.48901
7261.45872 211.78114 7.21192 6.85599 527.51557
7261.04095 211.08167 7.19016 6.83335 525.77610
7260.77431 210.61982 7.17593 6.81840 524.79930
7260.31811 209.76116 7.14976 6.79060 523.65027
7260.09895 209.41106 7.13875 6.77926 522.46111
7259.71489 208.77428 7.11888 6.75865 520.83109
7259.13642 207.72091 7.08845 6.72455 518.54371
7259.03156 207.54418 7.08349 6.71883 517.89041
7258.64386 206.89621 7.06373 6.69785 516.09353
7258.05307 205.87433 7.03242 6.66477 514.12179
7257.99373 205.78138 7.02949 6.66176 513.82474
7257.48439 204.89852 7.00236 6.63318 512.10963
7257.06515 204.19999 6.98072 6.61057 510.34223
7256.63413 203.45055 6.95801 6.58630 509.00050
7256.21027 202.59740 6.93332 6.55869 508.79526
7256.11488 202.46726 6.92907 6.55447 508.12348
7255.75713 201.88451 6.91109 6.53561 506.60872
7255.17804 200.87630 6.88104 6.50297 505.48209
7255.27807 201.04189 6.88597 6.50833 505.65114
7254.91109 200.49026 6.86892 6.49047 504.28422
7254.41127 199.78962 6.84690 6.46779 501.98186
7253.83275 198.88691 6.82032 6.43857 499.05643
7253.24293 197.86077 6.79053 6.40535 496.72374
7253.09680 197.62838 6.78344 6.39782 496.11184
7252.70102 196.97653 6.76381 6.37672 494.79863
7252.08833 195.96207 6.73326 6.34388 492.68370
7251.87549 195.59423 6.72216 6.33197 492.03937
7251.46605 194.84353 6.70057 6.30767 491.40534
7251.17770 194.39728 6.68706 6.29322 490.10893
7250.84377 193.86090 6.67075 6.27586 488.80910
7250.33387 192.97240 6.64409 6.24710 487.60712
7250.27252 192.90951 6.64182 6.24506 487.00689
7249.70981 192.02689 6.61550 6.21649 484.74338
7249.07077 190.96780 6.58505 6.18220 482.88149
7249.12631 191.06061 6.58763 6.18521 483.04489
7248.53451 190.10808 6.56025 6.15437 479.93656
7248.21270 189.61323 6.54578 6.13835 478.33103
7247.93722 189.17802 6.53313 6.12426 477.31493
7247.31216 188.21394 6.50459 6.09305 474.81323
7247.11992 187.91667 6.49586 6.08343 474.04245
7246.54443 186.97601 6.46834 6.05297 472.23708
7246.15058 186.33141 6.44867 6.03211 470.97358
7246.13147 186.30876 6.44795 6.03137 470.82075
7245.48445 185.34229 6.42094 6.00009 468.80463
7245.32975 185.12077 6.41442 5.99291 468.46600
7244.77591 184.28894 6.39263 5.96599 467.10455
7244.28007 183.54510 6.36824 5.94191 464.78537
7243.89776 182.94690 6.34748 5.92254 463.27476
7243.33969 182.01457 6.31927 5.89236 461.67252
7243.33895 182.03465 6.31966 5.89301 461.46648
7242.79879 181.22524 6.29613 5.86680 458.63596
7242.25629 180.38904 6.26788 5.83973 456.70752
7242.08984 180.14083 6.26015 5.83170 456.03216
7241.48850 179.19634 6.23119 5.80112 454.12091
7241.25203 178.85994 6.22135 5.79023 452.97939
7240.70349 177.98921 6.18903 5.76204 451.38557
7240.11514 177.03151 6.15730 5.73104 449.89489
7240.13150 177.06155 6.15832 5.73201 449.90067
7239.53055 176.10819 6.12335 5.70115 448.19561
7239.33352 175.81207 6.11521 5.69156 447.46537
7239.00797 175.33813 6.10134 5.67622 446.10348
7238.35342 174.37389 6.06475 5.64501 443.51569
7238.21272 174.16510 6.05660 5.63825 443.03843
7237.63350 173.27164 6.02372 5.60932 441.62350
7237.55839 173.17628 6.02087 5.60624 441.06223
7237.16983 172.65361 6.00541 5.58932 438.76305
7236.55566 171.82494 5.97865 5.56249 436.33156
7236.14155 171.23347 5.95744 5.54334 435.03166
7235.44631 170.17695 5.91855 5.50914 432.52008
7235.22101 169.83206 5.90674 5.49797 431.86794
7234.85804 169.26325 5.88775 5.47956 430.99314
7234.41037 168.62794 5.86391 5.45899 429.15318
7234.09498 168.16122 5.84828 5.44388 428.06138
7233.47558 167.20867 5.81428 5.41305 426.29445
7233.43682 167.16531 5.81257 5.41164 426.02352
7232.90660 166.40403 5.78590 5.38700 424.07532
7232.44926 165.75439 5.76465 5.36597 422.37476
7232.18728 165.38433 5.75219 5.35399 421.41618
7231.48744 164.37506 5.71530 5.32131 418.75395
7231.35539 164.18861 5.70944 5.31528 417.99954
7230.79773 163.36283 5.68429 5.28855 415.34533
7230.52804 162.99475 5.67141 5.27663 414.19035
7230.14404 162.46595 5.65300 5.25951 412.71436
7229.47527 161.52172 5.62077 5.22894 410.17535
7229.42843 161.46183 5.61863 5.22700 409.94310
7228.74117 160.49405 5.58593 5.19567 407.42031
7228.53785 160.22700 5.57701 5.18703 406.46292
7228.13082 159.65510 5.55646 5.16851 404.95830
7227.67791 159.08628 5.53682 5.15010 403.52660
7227.14461 158.35083 5.51186 5.12629 402.57584
7226.43398 157.31780 5.47556 5.09285 400.18858
7226.46556 157.36706 5.47722 5.09444 400.26069
7225.81544 156.44863 5.44524 5.06471 398.09224
7225.52626 156.05468 5.43134 5.05196 396.94198
7225.19169 155.58938 5.41502 5.03689 395.84616
7224.63393 154.85490 5.39055 5.01312 393.06818
7224.29036 154.38702 5.37648 4.99797 391.13400
7223.59892 153.39765 5.34189 4.96594 389.09710
7223.55153 153.34241 5.33996 4.96415 388.82571
7222.84245 152.36497 5.30563 4.93251 386.26537
7222.30502 151.56930 5.27795 4.90675 384.95586
7222.16849 151.35817 5.27065 4.89992 384.71225
7221.50766 150.43881 5.23857 4.87016 382.51686
7221.59716 150.56161 5.24289 4.87413 382.84334
7220.92030 149.65258 5.21115 4.84470 380.38346
7220.77351 149.47654 5.20508 4.83900 379.65126
7220.30718 148.88019 5.18463 4.81970 377.62815
7219.87514 148.36559 5.16670 4.80304 375.42045
7219.33474 147.68497 5.14328 4.78101 373.56914
7218.65280 146.78303 5.11181 4.75181 372.43590
7218.54662 146.64860 5.10722 4.74746 372.01988
7217.80765 145.67436 5.07696 4.71592 368.02768
7217.56185 145.36371 5.06594 4.70586 367.02469
7216.96953 144.54006 5.03623 4.67920 365.41372
7216.77289 144.29357 5.02784 4.67122 364.58565
7216.10181 143.43705 4.99877 4.64349 361.96227
7215.35494 142.34441 4.96043 4.60812 360.48006
7215.55862 142.62536 4.97047 4.61721 361.00571
7214.84699 141.69787 4.93691 4.58719 358.38946
7214.75669 141.59293 4.93315 4.58379 357.91344
7214.09434 140.74308 4.90320 4.55628 355.52000
7213.78006 140.35114 4.88942 4.54359 354.23843
7213.28611 139.72528 4.86786 4.52333 352.45296
7212.71128 138.98767 4.84258 4.49945 350.31505
7212.44820 138.64595 4.83060 4.48839 349.40976
7211.68304 137.64995 4.79582 4.45614 346.91573
7212.30717 138.38513 4.82156 4.47994 349.59424
7211.36751 137.38222 4.78686 4.44747 344.57338
7210.64983 136.53959 4.76186 4.42020 340.68226
7209.94535 135.59950 4.72924 4.38976 339.35896
7209.71773 135.31510 4.71869 4.38056 338.99982
7209.17193 134.60613 4.69385 4.35760 337.52317
7208.68574 133.96474 4.67092 4.33684 335.90728
7208.58694 133.84097 4.66645 4.33283 335.55583
7207.86975 132.96689 4.63703 4.30454 332.95652
7207.60589 132.63603 4.62542 4.29383 332.06242
7206.87868 131.68880 4.59217 4.26316 329.82683
7206.85986 131.68060 4.59192 4.26290 329.64335
7206.13206 130.77659 4.56066 4.23363 327.10524
7205.89684 130.47916 4.55017 4.22400 326.34844
7205.46660 129.97150 4.53334 4.20757 324.68391
7204.97126 129.38558 4.51310 4.18860 322.89479
7204.68011 129.04096 4.50091 4.17744 321.80709
7204.02628 128.29041 4.47640 4.15315 318.67452
7203.74354 127.95193 4.46466 4.14219 317.57667
7203.00483 127.07925 4.43547 4.11394 314.64729
7203.04445 127.13235 4.43734 4.11566 314.74454
7202.13296 126.09702 4.40110 4.08214 311.39331
7201.57399 125.40692 4.37674 4.05980 309.90279
7200.99580 124.61768 4.34922 4.03425 309.39590
7201.01671 124.67037 4.35103 4.03595 309.26343
7200.48990 124.04752 4.32930 4.01579 307.40310
7200.17911 123.70372 4.31719 4.00466 306.20466
7199.63874 123.10596 4.29645 3.98531 304.07955
7199.02077 122.39195 4.27134 3.96219 301.94209
7198.64489 121.95112 4.25564 3.94792 300.58074
7197.97582 121.16079 4.22844 3.92234 298.45088
7197.96697 121.14615 4.22794 3.92186 298.44324
7197.18445 120.28177 4.19805 3.89388 295.57569
7196.83663 119.88473 4.18374 3.88103 294.52358
7196.00745 118.88502 4.15261 3.84866 291.26143
7196.05895 118.95211 4.15479 3.85084 291.40500
7195.21929 117.98214 4.12062 3.81944 288.81158
7194.97780 117.69408 4.11068 3.81011 288.05739
7194.43232 117.05339 4.08856 3.78937 286.41444
7194.30390 116.91926 4.08379 3.78503 285.91421
7193.75997 116.34353 4.06276 3.76639 283.99376
7193.21641 115.77206 4.04269 3.74789 281.99249
7192.63942 115.11867 4.02034 3.72674 280.32404
7192.16268 114.59476 4.00091 3.70978 279.22613
7191.73244 114.10963 3.98459 3.69407 278.15203
7191.19724 113.51353 3.96485 3.67477 276.36745
7190.92960 113.22585 3.95490 3.66546 275.52071
7190.24211 112.47914 3.92743 3.64129 273.40948
7189.93633 112.14646 3.91539 3.63052 272.43303
7189.16950 111.29355 3.88520 3.60291 270.14118
7189.17551 111.29824 3.88536 3.60306 270.16397
7188.33817 110.41637 3.86418 3.57451 267.34170
7188.25054 110.32186 3.86184 3.57145 267.06286
7187.36165 109.38943 3.82246 3.54126 264.47569
7186.78982 108.74698 3.80140 3.52047 262.81389
7186.02573 107.79870 3.76072 3.48977 260.80977
7186.22321 108.04301 3.77395 3.49768 261.35246
7185.39564 107.12934 3.72391 3.46810 259.02798
7185.73482 107.45734 3.74139 3.47872 260.05271
7184.99821 106.79558 3.70751 3.45729 257.87464
7184.22434 106.02561 3.66120 3.43237 255.68018
7183.46847 105.18450 3.61096 3.40514 253.94789
7183.42101 105.14824 3.60838 3.40396 253.84539
7182.64763 104.34404 3.56191 3.37793 251.77378
7182.43170 104.12127 3.54959 3.37072 251.20872
7181.71121 103.38298 3.51129 3.34682 249.35942
7181.35863 103.01993 3.49227 3.33506 248.44879
7180.68797 102.31120 3.45846 3.31212 246.76946
7180.37416 101.99115 3.44157 3.30176 245.98221
7179.79505 101.37892 3.40787 3.28194 244.62122
7179.46116 101.05647 3.39085 3.27150 243.88392
7178.57696 100.12982 3.35713 3.24150 241.87166
7178.06220 99.53015 3.33487 3.22209 240.51336
7177.77993 99.21262 3.32042 3.21181 239.63814
7177.63893 99.06682 3.31366 3.20709 239.31419
7177.28736 98.74884 3.29872 3.19680 238.70234
7176.76946 98.27326 3.27867 3.18140 237.80674
7176.13917 97.67791 3.25849 3.16213 236.53315
7175.70295 97.27477 3.24205 3.14908 235.72774
7174.91736 96.51571 3.21167 3.12450 234.16902
7174.56383 96.16032 3.20263 3.11300 233.40145
7173.92876 95.53899 3.18311 3.09288 232.13526
7173.50389 95.12865 3.16572 3.07960 231.37375
7172.84519 94.45245 3.14882 3.05771 230.00767
7172.56630 94.19569 3.14064 3.04940 229.56209
7171.77505 93.39574 3.11361 3.02350 228.08057
7171.60387 93.22258 3.11133 3.01789 227.81859
7170.86858 92.51286 3.09371 2.99492 226.99829
7170.76252 92.39828 3.08916 2.99121 226.74117
7169.95382 91.66160 3.07082 2.96736 225.55121
7169.25999 90.96082 3.05068 2.94467 224.33881
7168.61737 90.25814 3.03298 2.92193 222.86136
7168.95673 90.59559 3.04031 2.93285 223.44531
7168.13823 89.87911 3.02465 2.90966 222.58639
7167.97670 89.74098 3.02122 2.90518 222.42827
7166.95503 88.83679 3.00012 2.87591 221.36084
7166.82705 88.72080 2.99742 2.87216 221.22230
7165.83139 87.81154 2.97469 2.84272 219.60183
7165.89037 87.85927 2.97585 2.84427 219.66554
7164.91125 87.00859 2.95674 2.81673 218.71793
7164.45712 86.56924 2.94680 2.80251 218.02659
7163.68969 85.85078 2.92952 2.77925 217.01942
7162.96361 85.11979 2.91053 2.75558 215.71884
7162.12690 84.18958 2.89121 2.72547 213.70158
7161.68135 83.67419 2.87994 2.70878 212.88937
7160.82431 82.61851 2.82935 2.67461 210.14434
7160.56827 82.28943 2.81117 2.66396 209.19935
7159.83367 81.30416 2.79196 2.63206 206.22985
7159.35748 80.65925 2.78325 2.61118 204.28980
7158.91963 79.99408 2.65926 2.58965 202.06294
7158.52765 79.45055 2.55918 2.57205 200.40408
7158.07186 78.82856 2.52219 2.55192 198.56703
7157.34365 77.68264 2.47766 2.51482 194.81788
7156.91525 76.99994 2.45715 2.49272 192.50979
7156.46033 76.16698 2.42751 2.46575 189.65744
7155.93628 75.24513 2.39903 2.43591 187.24978
7155.84079 75.07981 2.39387 2.43056 186.85544
7155.33592 74.16571 2.36254 2.40097 184.41574
7154.86314 73.32975 2.33385 2.37390 182.35330
7154.52029 72.68106 2.31158 2.35290 180.93414
7153.96311 71.52423 2.27195 2.31545 178.80096
7153.49564 70.49762 2.23703 2.28222 177.57340
7153.37309 70.23475 2.22818 2.27371 177.33329
7153.03439 69.42891 2.20095 2.24762 177.04794
7152.65985 68.67098 2.17566 2.22309 176.98995
7152.51534 68.37433 2.16571 2.21348 177.11727
7152.24419 67.77110 2.14572 2.19395 177.39520
7151.85109 67.05811 2.12191 2.17087 177.99880
7151.62042 66.62498 2.10767 2.15685 178.31042
7151.26932 65.89693 2.08676 2.13328 179.04842
7150.86028 65.17092 2.06335 2.10978 180.00636
7151.07151 65.53269 2.07544 2.12149 179.52483
7150.55222 64.69115 2.04752 2.09425 180.47260
7150.63678 64.81143 2.05146 2.09814 180.39757
7150.19115 64.26798 2.03383 2.08055 180.20286
7149.50762 63.31421 2.00261 2.04967 180.83587
7149.75151 63.63572 2.01310 2.06008 180.74370
7148.92160 62.64072 1.98050 2.02787 180.35276
7148.38102 61.93615 1.95721 2.00506 181.11083
7147.68203 60.93028 1.92385 1.97250 183.02475
7147.55816 60.74019 1.91753 1.96634 183.33363
7147.11672 60.18082 1.89886 1.94823 183.45880
7146.43888 59.22758 1.86689 1.91737 184.75919
7146.40817 59.18802 1.86556 1.91609 184.78672
7145.69379 58.22821 1.83298 1.88502 186.05214
7146.04462 58.66054 1.84764 1.89902 185.82474
7145.26635 57.77925 1.81907 1.87049 184.94897
7145.01480 57.47749 1.81023 1.86072 184.59364
7144.53582 56.93088 1.79249 1.84302 184.21436
7144.37151 56.76673 1.78668 1.83771 184.04318
7143.70084 56.06899 1.76254 1.81512 183.19504
7143.49574 55.83399 1.75450 1.80751 183.14671
7143.32155 55.66946 1.74881 1.80219 182.75981
7143.52848 55.84567 1.75491 1.80789 183.41559
7142.71382 55.24524 1.73401 1.78845 180.04136
7143.02896 55.46450 1.74166 1.79555 181.42039
7141.93491 54.73901 1.71636 1.77207 176.43276
7141.55026 54.45562 1.70650 1.76289 174.91753
7141.02286 54.11679 1.69463 1.75192 172.55865
7139.95418 53.38857 1.66911 1.72835 168.33114
7139.09401 52.71773 1.64569 1.70663 166.38541
7138.06977 51.84555 1.61525 1.67840 164.28968
7137.71502 51.52794 1.60421 1.66811 163.67686
7136.83509 50.71400 1.57575 1.64176 162.22609
7136.94826 50.81964 1.57944 1.64518 162.40104
7136.16982 50.16118 1.55648 1.62387 160.65755
7136.20097 50.17975 1.55713 1.62447 160.78745
7135.60065 49.75164 1.54209 1.61061 158.89261
7134.70986 49.06743 1.51769 1.58846 156.62480
7134.91336 49.19794 1.52226 1.59268 157.34590
7134.22242 48.74608 1.50726 1.57806 154.76584
7134.51969 48.93401 1.51324 1.58414 155.98231
7133.76671 48.51811 1.50018 1.57068 152.57614
7132.77583 47.97918 1.48325 1.55323 148.38979
7133.61898 48.37911 1.49603 1.56618 152.24761
7132.35810 47.85178 1.47873 1.54911 146.31000
7130.85220 47.08442 1.45137 1.52426 141.18655
7129.83383 46.46359 1.42971 1.50417 138.70588
7128.98699 45.89313 1.40977 1.48570 136.54877
7128.07990 45.27850 1.38831 1.46580 134.35096
7127.27630 44.65039 1.36643 1.44547 132.75204
7126.39850 43.93929 1.34167 1.42245 131.11540
7126.14175 43.73431 1.33456 1.41581 130.64098
7125.13974 42.88655 1.30505 1.38837 128.91308
7125.50799 43.17938 1.31525 1.39785 129.60298
7124.65195 42.54704 1.29319 1.37738 127.83449
7124.81692 42.63629 1.29633 1.38026 128.28833
7125.50437 42.99969 1.30909 1.39203 130.29270
7124.65742 42.66765 1.29733 1.38128 127.43521
7123.49864 42.13635 1.27860 1.36408 124.04987
7122.79650 41.76787 1.26569 1.35215 122.25356
7121.65950 41.14934 1.24403 1.33213 119.67977
7120.94220 40.72223 1.22882 1.31830 118.38615
7120.55124 40.49107 1.22094 1.31082 117.51642
7119.58736 39.93846 1.20394 1.29293 115.30994
7119.64106 39.96297 1.20469 1.29372 115.43851
7119.02107 39.64248 1.19484 1.28335 114.04679
7117.99600 39.12608 1.17722 1.26663 111.96050
7117.55334 38.88454 1.16855 1.25881 111.06101
7116.93891 38.54569 1.15672 1.24784 109.90106
7116.04268 38.09941 1.14134 1.23339 108.18949
7115.68212 37.90514 1.13466 1.22710 107.52683
7114.82346 37.44083 1.11868 1.21207 106.01389
7113.88025 36.93624 1.10132 1.19574 104.36130
7114.24128 37.11849 1.10760 1.20164 104.98385
7113.01153 36.52767 1.08725 1.18251 102.98850
7111.79412 35.86679 1.06454 1.16112 101.06747
7111.71573 35.81809 1.06287 1.15954 100.93351
7110.99144 35.41693 1.04916 1.14655 99.74411
7110.36264 35.12502 1.03914 1.13710 98.81918
7110.11108 34.99762 1.03481 1.13298 98.44635
7109.21544 34.55582 1.01968 1.11868 97.13854
7108.35826 34.15318 1.00592 1.10564 95.90616
7107.42315 33.65864 0.98912 1.08963 94.59235
7106.18890 32.90863 0.96357 1.06535 92.62936
7105.21543 32.24227 0.94103 1.04378 90.96412
7105.17111 32.18414 0.93905 1.04190 90.83220
7104.52767 31.80783 0.92615 1.02971 89.83998
7105.66691 32.36586 0.94518 1.04778 91.39388
7105.53898 32.29294 0.94274 1.04542 91.20371
7104.96062 32.16446 0.93840 1.04126 90.69697
7103.65402 31.79160 0.92573 1.02919 89.55059
7103.18234 31.63043 0.92023 1.02397 89.14701
7102.36095 31.38302 0.91194 1.01596 88.53459
7100.81286 30.81649 0.89519 0.99762 87.44134
7099.49015 30.23731 0.87789 0.97887 86.35109
7098.83693 29.91789 0.86736 0.96853 85.62790
7097.54544 29.22436 0.84411 0.94608 83.87108
7096.33079 28.45942 0.81881 0.92132 81.86321
7096.33435 28.44653 0.81837 0.92090 81.81232
7095.60704 28.01601 0.80414 0.90696 80.67570
7095.65101 28.04435 0.80508 0.90788 80.75338
7096.30504 28.28769 0.81299 0.91576 81.24510
7096.22742 28.28053 0.81279 0.91553 81.26783
7095.12193 28.05214 0.80560 0.90813 81.12357
7093.75416 27.65091 0.79279 0.89514 80.62293
7093.07846 27.42865 0.78573 0.88795 80.33698
7091.62406 26.87058 0.76781 0.86988 79.38327
7090.07412 26.14010 0.74415 0.84623 77.73417
7088.95547 25.49426 0.72317 0.82533 75.95619
7088.50080 25.18968 0.71323 0.81547 75.02699
7087.94893 24.90514 0.70402 0.80625 74.29433
7089.29085 25.48181 0.72248 0.82492 75.52650
7088.56169 25.23899 0.71485 0.81706 75.19216
7087.51281 24.93004 0.70521 0.80706 74.92580
7086.31243 24.52064 0.69226 0.79381 74.20832
7085.91076 24.37367 0.68762 0.78905 73.95787
7084.67025 23.88556 0.67232 0.77325 73.05193
7083.46510 23.34691 0.65513 0.75581 71.75932
7083.18169 23.22293 0.65111 0.75180 71.45969
7082.59289 22.96625 0.64292 0.74349 70.82993
7081.82263 22.63531 0.63304 0.73277 70.12061
7081.25405 22.42944 0.62760 0.72611 69.87136
7081.78003 22.59261 0.63180 0.73139 69.96803
7081.20986 22.43611 0.62786 0.72632 69.96278
7080.46037 22.28294 0.62415 0.72137 70.22836
7078.96958 21.94989 0.61626 0.71058 70.71716
7077.62284 21.51727 0.60380 0.69658 70.17501
7076.78084 21.21212 0.59430 0.68670 69.43565
7075.41862 20.63246 0.57660 0.66793 67.91503
7074.22116 20.05994 0.55907 0.64940 66.15558
7075.44394 20.54942 0.57379 0.66525 67.36597
7074.61393 20.27916 0.56588 0.65650 66.93437
7073.33684 19.90220 0.55514 0.64429 66.47813
7071.92201 19.36345 0.53919 0.62685 65.15474
7071.75869 19.29835 0.53725 0.62475 64.96760
7071.16996 19.04755 0.52976 0.61663 64.20076
7070.74016 18.92532 0.52636 0.61267 64.04014
7069.87883 18.68913 0.51989 0.60502 63.75015
7069.98320 18.71660 0.52063 0.60591 63.77744
7069.13155 18.49555 0.51475 0.59876 63.59006
7068.20269 18.27596 0.50892 0.59165 63.36092
7067.01559 17.98636 0.50141 0.58227 63.10594
7065.86737 17.66858 0.49307 0.57199 62.59299
7066.25928 17.76871 0.49562 0.57523 62.70850
7065.00070 17.47131 0.48836 0.56560 62.48651
7063.77765 17.11981 0.47941 0.55422 61.78656
7063.07615 16.91739 0.47430 0.54767 61.33435
7062.55824 16.80842 0.47196 0.54414 61.31856
7063.25669 16.92831 0.47421 0.54802 61.13998
7062.13191 16.78722 0.47237 0.54345 61.82897
7060.82588 16.58061 0.46901 0.53676 62.35512
7059.86099 16.39897 0.46556 0.53088 62.37365
7059.14865 16.29232 0.46402 0.52743 62.62868
7058.03528 16.14792 0.46283 0.52276 63.42244
7056.78947 15.93327 0.45992 0.51581 63.87579
7056.43077 15.86754 0.45899 0.51368 63.97202
7055.65573 15.72906 0.45718 0.50920 64.23146
7054.58269 15.51545 0.45408 0.50228 64.44061
7053.31016 15.26016 0.45055 0.49402 64.72691
7051.88112 14.89501 0.44425 0.48220 64.38568
7053.02039 14.99438 0.44285 0.48541 62.72382
7051.77263 15.01278 0.44854 0.48601 65.84807
7050.52526 15.15105 0.45776 0.49049 70.34922
7048.22221 14.93464 0.45969 0.48348 74.69142
7046.99760 14.69417 0.45629 0.47569 75.84180
0.00000 0.00000 0.00000 0.00000 0.00000
