7273.98702 244.06401 8.21322 7.90108 577.42819
7273.71554 243.57049 8.19849 7.88511 575.96866
7273.17052 242.50328 8.16831 7.85056 573.21396
7272.72947 241.62043 8.14119 7.82198 572.04699
7272.92133 241.98391 8.15241 7.83375 572.72692
7272.38902 241.05670 8.12337 7.80373 570.35211
7272.01759 240.44964 8.10416 7.78408 568.76177
7271.49409 239.49434 8.07495 7.75315 567.33130
7271.03799 238.55659 8.04678 7.72279 566.80552
7270.89506 238.32265 8.03930 7.71522 565.96511
7270.46501 237.52131 8.01455 7.68928 564.34537
7269.99175 236.56741 7.98573 7.65840 563.30819
7269.92590 236.46815 7.98251 7.65518 562.86632
7269.45671 235.62151 7.95607 7.62778 560.95027
7268.93134 234.58777 7.92494 7.59431 559.48566
7268.92306 234.58949 7.92487 7.59437 559.29717
7268.47196 233.78016 7.90162 7.56817 556.71939
7267.91576 232.76227 7.87042 7.53521 554.61495
7267.81011 232.57285 7.86449 7.52908 554.21790
7267.35410 231.70787 7.83800 7.50108 552.86892
7266.90622 230.90272 7.81326 7.47501 551.16530
7266.57685 230.27983 7.79416 7.45485 550.33138
7266.21553 229.50292 7.77094 7.42970 550.08751
7265.95083 229.04561 7.75674 7.41489 548.95583
7265.76567 228.73062 7.74696 7.40470 548.12461
7265.27224 227.80704 7.71886 7.37480 546.72886
7265.03712 227.42083 7.70665 7.36229 545.55785
7264.67063 226.79267 7.68696 7.34196 543.92437
7264.15332 225.84213 7.65814 7.31119 542.38205
7264.17994 225.90130 7.65974 7.31310 542.39956
7263.69603 225.13789 7.63804 7.28839 539.20385
7263.04769 224.05249 7.60429 7.25325 536.87066
7262.85771 223.72104 7.59447 7.24252 536.82571
7262.36585 222.82144 7.56754 7.21340 535.94969
7262.03172 222.25377 7.54987 7.19502 534.44541
7261.58361 221.46928 7.52568 7.16963 532.82453
7261.17599 220.62304 7.50075 7.14223 532.74028
7261.09339 220.52593 7.49738 7.13909 532.02938
7260.61785 219.71692 7.47243 7.11290 530.23079
7260.09448 218.73070 7.44259 7.08097 529.08018
7260.05163 218.68133 7.44084 7.07937 528.66626
7259.56580 217.85408 7.41536 7.05259 526.84614
7258.97946 216.81135 7.38370 7.01883 525.15875
7259.04752 216.93398 7.38734 7.02280 525.37226
7258.52607 216.05663 7.36226 6.99440 522.42479
7258.11981 215.40096 7.34209 6.97318 520.45798
7257.75601 214.79382 7.32333 6.95352 519.16528
7257.23166 213.84333 7.29467 6.92275 517.82834
7257.05281 213.56382 7.28580 6.91370 516.92534
7256.50520 212.61388 7.25679 6.88295 515.21936
7255.96416 211.56657 7.22619 6.84904 514.65766
7256.02866 211.69881 7.23001 6.85333 514.63111
7255.59770 210.96779 7.20779 6.82966 513.29876
7255.07655 210.09667 7.18099 6.80146 511.53576
7255.29371 210.44302 7.19203 6.81267 512.58619
7254.68137 209.53067 7.16318 6.78314 509.73903
7254.29716 208.99752 7.14685 6.76588 508.38235
7253.62340 207.91177 7.11430 6.73073 505.56414
7253.00024 206.81862 7.08275 6.69534 503.21208
7253.06329 206.93251 7.08618 6.69903 503.29359
7252.53465 206.04895 7.05947 6.67042 501.68042
7252.18508 205.49221 7.04241 6.65240 500.36844
7251.82799 204.92855 7.02502 6.63415 498.98632
7251.20825 203.85126 6.99281 6.59928 497.19509
7250.97040 203.45281 6.98091 6.58638 496.50252
7250.70715 202.98050 6.96720 6.57109 496.01704
7250.17154 202.12550 6.94131 6.54341 493.95168
7250.04284 201.91782 6.93504 6.53669 493.48476
7249.50763 201.01691 6.90804 6.50752 491.88721
7249.19581 200.52357 6.89294 6.49155 490.72754
7248.90004 200.06553 6.87909 6.47672 489.43782
7248.29539 199.06723 6.84930 6.44440 487.62707
7248.21319 198.95218 6.84578 6.44068 487.09156
7247.73850 198.20241 6.82487 6.41641 484.30142
7247.25463 197.45717 6.80247 6.39228 482.25621
7247.00445 197.07404 6.79081 6.37988 481.19223
7246.37671 196.04807 6.76016 6.34666 479.34099
7246.13818 195.67076 6.74881 6.33445 478.30142
7245.80966 195.13693 6.73331 6.31717 477.39738
7245.21394 194.20977 6.70682 6.28715 476.63190
7245.12027 194.06235 6.70275 6.28238 476.55420
7244.57921 193.18772 6.67796 6.25407 475.29135
7244.29481 192.77764 6.66480 6.24079 473.67574
7243.81535 192.02904 6.64398 6.21656 471.92298
7243.20391 191.02000 6.61355 6.18389 470.43053
7243.20295 191.03244 6.61373 6.18429 470.27517
7242.61812 190.10698 6.59132 6.15433 467.72201
7242.20840 189.45642 6.57202 6.13327 465.78570
7242.05499 189.22913 6.56355 6.12591 465.14875
7241.40958 188.23233 6.53247 6.09365 462.91279
7241.17122 187.87476 6.52243 6.08207 461.94969
7240.65598 187.04153 6.49698 6.05510 460.55740
7240.16194 186.25340 6.47082 6.02958 459.08304
7240.01800 186.02813 6.46501 6.02229 458.62778
7239.40482 185.03439 6.43122 5.99012 457.01678
7239.24991 184.79016 6.42299 5.98221 456.55072
7238.92967 184.30940 6.41288 5.96665 455.31475
7238.33425 183.42409 6.37737 5.93799 453.02857
7238.24124 183.28912 6.37170 5.93362 452.61787
7237.66026 182.41168 6.34246 5.90521 450.44991
7237.57596 182.31690 6.33902 5.90215 449.80286
7236.98335 181.49921 6.31008 5.87567 446.93209
7236.39748 180.65046 6.28583 5.84820 445.40863
7236.06338 180.16150 6.26922 5.83237 444.16547
7235.42903 179.16276 6.23149 5.80004 442.12172
7235.39043 179.11559 6.22977 5.79851 441.87507
7234.77394 178.21622 6.19936 5.76939 439.60828
7234.15132 177.23251 6.16223 5.73755 437.99629
7234.09950 177.14427 6.15912 5.73469 437.91302
7233.54581 176.29431 6.13110 5.70718 436.25820
7233.40440 176.11262 6.12465 5.70129 435.47140
7232.85533 175.29928 6.09516 5.67496 433.49149
7232.36869 174.57831 6.07039 5.65162 431.83215
7232.17295 174.30260 6.06003 5.64270 430.99330
7231.50793 173.30505 6.02599 5.61040 428.90518
7231.36475 173.10870 6.01944 5.60405 428.28500
7230.93398 172.46370 5.99875 5.58317 426.31717
7230.55953 171.96769 5.98325 5.56711 423.87987
7229.99509 171.16329 5.95490 5.54107 421.75447
7229.29236 170.05546 5.91673 5.50521 420.10911
7229.30335 170.07327 5.91735 5.50578 420.12517
7228.86826 169.42050 5.89461 5.48465 418.86605
7228.56270 169.01599 5.88033 5.47155 417.28619
7228.27649 168.62036 5.86628 5.45875 416.04086
7227.59313 167.70372 5.83323 5.42907 414.23648
7227.13776 167.04521 5.80976 5.40775 413.45359
7226.58682 166.17000 5.78136 5.37942 412.30292
7226.47191 166.02436 5.77632 5.37471 411.67216
7226.05061 165.42834 5.75562 5.35541 410.09442
7225.46478 164.59628 5.72592 5.32848 408.12484
7225.37312 164.47481 5.72120 5.32454 407.69460
7224.68511 163.50502 5.68785 5.29315 404.08609
7224.42677 163.16077 5.67690 5.28200 402.90706
7223.91389 162.40597 5.65289 5.25757 401.47813
7223.55852 161.92264 5.63595 5.24192 400.10082
7223.06811 161.24567 5.61088 5.22001 398.15858
7222.34261 160.13515 5.57413 5.18406 396.56609
7222.28163 160.04986 5.57115 5.18129 396.35608
7221.80280 159.31841 5.54670 5.15762 395.34203
7221.58617 159.03391 5.53792 5.14840 394.33130
7221.34326 158.70812 5.52676 5.13786 393.31586
7220.71270 157.89213 5.49620 5.11144 390.58151
7220.42627 157.51887 5.48369 5.09936 389.32809
7219.72894 156.54897 5.44894 5.06796 386.82863
7219.65500 156.46707 5.44608 5.06531 386.38646
7219.04746 155.65537 5.41926 5.03903 385.33526
7218.66874 155.16278 5.40131 5.02308 384.36974
7218.25587 154.61939 5.38456 5.00549 381.97597
7217.59798 153.73580 5.35582 4.97689 378.97444
7217.30541 153.33713 5.34098 4.96398 378.08800
7216.60573 152.32252 5.30685 4.93114 376.17967
7216.38850 152.01937 5.29635 4.92132 375.52656
7216.01898 151.47044 5.27695 4.90355 374.70867
7215.69880 151.06213 5.26209 4.89033 373.46924
7215.31589 150.56558 5.24403 4.87426 371.82266
7214.53924 149.50367 5.20685 4.83988 369.26105
7214.54906 149.51737 5.20733 4.84033 369.29081
7213.89710 148.62756 5.17629 4.81152 367.18734
7213.68297 148.37378 5.16755 4.80330 366.22089
7213.12784 147.62704 5.14137 4.77913 364.17189
7212.72480 147.10726 5.12315 4.76230 362.78802
7212.27807 146.53384 5.10348 4.74374 360.87286
7211.51449 145.47618 5.06992 4.70950 357.74525
7212.18315 146.30176 5.09626 4.73623 361.21136
7211.28212 145.30919 5.06422 4.70409 355.72219
7210.58927 144.47913 5.03526 4.67722 352.56735
7209.80587 143.40541 4.99757 4.64246 351.51234
7209.41315 142.84228 4.97825 4.62423 351.08880
7209.18371 142.51093 4.96666 4.61351 350.62084
7208.69720 141.87483 4.94435 4.59291 348.72641
7208.56266 141.71150 4.93868 4.58763 348.15432
7207.77233 140.68804 4.90261 4.55449 345.43856
7207.63733 140.51709 4.89660 4.54896 344.93818
7207.00765 139.67892 4.86710 4.52183 343.24167
7206.84844 139.49457 4.86065 4.51586 342.46839
7206.31518 138.83165 4.83793 4.49440 340.26283
7205.82450 138.22560 4.81706 4.47478 338.40561
7205.47995 137.79645 4.80191 4.46088 337.27187
7204.80569 136.95267 4.77560 4.43357 334.32766
7204.65315 136.76553 4.76995 4.42751 333.58769
7203.85852 135.76097 4.73466 4.39499 330.62703
7203.54549 135.35993 4.72036 4.38201 329.60272
7202.92405 134.50035 4.68989 4.35418 328.10641
7202.83756 134.39270 4.68610 4.35069 327.80048
7202.54454 134.04037 4.67370 4.33929 326.64548
7202.06829 133.50074 4.65487 4.32182 324.56567
7201.67350 133.04170 4.63900 4.30696 323.27729
7201.00660 132.26471 4.61233 4.28181 321.77482
7200.79766 132.01826 4.60405 4.27383 321.07827
7200.00156 131.08821 4.57216 4.24372 317.82941
7199.67182 130.68696 4.55871 4.23073 316.73217
7198.89034 129.68480 4.52391 4.19829 314.42258
7198.80994 129.58649 4.52021 4.19510 314.15030
7198.24685 128.88411 4.49531 4.17237 312.30318
7197.94837 128.54587 4.48522 4.16142 310.83900
7197.43142 127.91457 4.46455 4.14098 308.71332
7196.96391 127.36636 4.44526 4.12323 307.06860
7196.51467 126.82771 4.42708 4.10579 305.67191
7195.85248 126.00772 4.39822 4.07925 303.58322
7195.52896 125.61376 4.38442 4.06649 302.82802
7194.75405 124.59227 4.34985 4.03343 300.45041
7195.17215 125.10090 4.36700 4.04989 302.07612
7194.34743 124.18583 4.33585 4.02027 298.73608
7194.19173 124.01346 4.32985 4.01469 298.19384
7193.47401 123.22228 4.30221 3.98907 295.58065
7192.96405 122.65647 4.28187 3.97076 293.78403
7192.31904 121.86640 4.25370 3.94518 292.15408
7192.05883 121.56161 4.24300 3.93531 291.74605
7191.68877 121.14570 4.22828 3.92185 290.69738
7191.11412 120.50715 4.20604 3.90118 288.63337
7190.68958 120.01701 4.18869 3.88531 287.34071
7190.06453 119.29533 4.16571 3.86195 285.02484
7189.87720 119.08604 4.15922 3.85517 284.26685
7189.10540 118.20890 4.12940 3.82678 281.73782
7188.79174 117.85060 4.11712 3.81518 280.74609
7187.94925 116.82326 4.07905 3.78192 278.35912
7188.07430 116.97403 4.08465 3.78680 278.70872
7187.27743 116.06255 4.05250 3.75729 276.21132
7187.00810 115.76137 4.04264 3.74754 275.46704
7186.39007 115.02901 4.01654 3.72383 273.75223
7186.24780 114.88542 4.01133 3.71919 273.26909
7185.58695 114.16371 3.98689 3.69582 271.16163
7185.39417 113.93744 3.97900 3.68850 270.59212
7185.00255 113.55912 3.96515 3.67625 269.18964
7184.31721 112.86924 3.94174 3.65392 267.03441
7183.71348 112.19907 3.91673 3.63222 265.69324
7183.27979 111.73912 3.89960 3.61733 264.61435
7182.83431 111.25618 3.88603 3.60170 263.34215
7182.27944 110.66670 3.87515 3.58261 261.47200
7181.81849 110.16532 3.85667 3.56638 260.16290
7181.20573 109.48901 3.82509 3.54449 258.55262
7180.72120 108.95640 3.81237 3.52725 257.18594
7179.95236 108.04034 3.76731 3.49759 255.22464
7179.96818 108.06044 3.76820 3.49824 255.27063
7179.12496 107.11267 3.72889 3.46756 252.99683
7179.35212 107.35697 3.74022 3.47547 253.59849
7178.40029 106.37170 3.67857 3.44357 251.08745
7178.23998 106.20216 3.66733 3.43808 250.66093
7177.31928 105.20580 3.60665 3.40583 248.27799
7177.50467 105.39892 3.61794 3.41208 248.76178
7176.60073 104.49283 3.56564 3.38275 246.45984
7176.50983 104.40861 3.56045 3.38002 246.24462
7175.53589 103.42461 3.50645 3.34816 243.97003
7175.28174 103.15853 3.49319 3.33955 243.36947
7174.40704 102.22104 3.44475 3.30920 241.29271
7174.38027 102.19123 3.44316 3.30824 241.22948
7173.59657 101.37868 3.40371 3.28193 239.60673
7173.41636 101.20420 3.39831 3.27628 239.25797
7172.49657 100.24430 3.35703 3.24521 237.16440
7172.28387 100.00308 3.34703 3.23740 236.64943
7171.67040 99.35750 3.32281 3.21650 235.31222
7171.54421 99.24333 3.31618 3.21280 235.05662
7170.75717 98.45302 3.28076 3.18722 233.45099
7170.52013 98.21968 3.27450 3.17967 232.98299
7169.76669 97.46320 3.24306 3.15518 231.51030
7169.63139 97.33352 3.23677 3.15098 231.28379
7168.78892 96.51737 3.21452 3.12456 229.71041
7168.59937 96.32317 3.20809 3.11827 229.33649
7167.84393 95.59334 3.18141 3.09464 228.07133
7167.68691 95.45079 3.17737 3.09003 227.83601
7166.79037 94.58888 3.14866 3.06213 226.41639
7166.70996 94.51574 3.14603 3.05976 226.30784
7165.74122 93.59521 3.12093 3.02996 224.50066
7165.77888 93.62635 3.12158 3.03097 224.54311
7164.79334 92.71549 3.09808 3.00148 223.72428
7164.57358 92.50573 3.09252 2.99469 223.45916
7163.59172 91.54584 3.06678 2.96361 221.88682
7163.13356 91.07219 3.05351 2.94828 221.04621
7162.23440 90.07649 3.02775 2.91605 219.04309
7163.01116 90.83892 3.04632 2.94073 220.21259
7162.01757 89.97549 3.02610 2.91278 219.38405
7161.49297 89.49511 3.01477 2.89723 218.78072
7160.53459 88.54887 2.99165 2.86659 217.31048
7160.66177 88.66176 2.99460 2.87025 217.43773
7159.81216 87.88437 2.97439 2.84508 216.44687
7159.88876 87.94120 2.97569 2.84692 216.44372
7159.08168 87.27010 2.96127 2.82519 216.05293
7158.37686 86.63484 2.94629 2.80463 215.40261
7157.60623 85.90100 2.92846 2.78087 214.44980
7157.02157 85.31369 2.91045 2.76186 213.21925
7156.26217 84.52531 2.89122 2.73634 211.33747
7155.60772 83.78271 2.87682 2.71230 210.15233
7154.91170 82.94675 2.84288 2.68524 208.25943
7154.31755 82.20581 2.79536 2.66125 206.17142
7153.49103 81.03098 2.79378 2.62322 202.42231
7153.14660 80.51427 2.75966 2.60649 200.67168
7152.75022 79.87884 2.62967 2.58592 198.43880
7152.33403 79.30638 2.53468 2.56739 196.70601
7151.71515 78.31994 2.50410 2.53545 193.35713
7151.16657 77.34947 2.46307 2.50403 189.99812
7151.14335 77.32834 2.46259 2.50335 189.96227
7150.49813 76.29474 2.42984 2.46989 186.70353
7149.83086 75.06586 2.39115 2.43011 183.24925
7149.88025 75.16063 2.39406 2.43318 183.48819
7149.17727 73.90323 2.35129 2.39247 180.07292
7148.55896 72.62264 2.30716 2.35101 176.87902
7148.71496 72.93420 2.31794 2.36110 177.55324
7148.25689 72.05997 2.28772 2.33280 175.74185
7147.89766 71.42979 2.26625 2.31240 174.62645
7147.27570 70.21715 2.22512 2.27314 172.97157
7146.87354 69.20739 2.19115 2.24045 172.49709
7146.52311 68.44986 2.16578 2.21593 172.48463
7146.56384 68.54023 2.16881 2.21885 172.46151
7146.08912 67.54921 2.13591 2.18677 172.82094
7145.63408 66.58017 2.10377 2.15540 173.85328
7145.69113 66.70849 2.10771 2.15955 173.70825
7145.42415 66.16806 2.09209 2.14206 174.12218
7145.09255 65.64134 2.07658 2.12501 174.26984
7144.86445 65.28045 2.06458 2.11332 174.57810
7144.43726 64.51680 2.03941 2.08860 175.76199
7144.69572 64.90508 2.05198 2.10117 175.40703
7144.21944 64.33219 2.03351 2.08263 175.13839
7143.51527 63.36427 2.00185 2.05129 175.60208
7143.40099 63.22085 1.99716 2.04665 175.59228
7142.64280 62.19609 1.96345 2.01347 176.05756
7142.43571 61.91801 1.95432 2.00447 176.24068
7141.80639 61.02721 1.92481 1.97563 177.19119
7141.59262 60.72619 1.91483 1.96589 177.49448
7141.11860 60.12020 1.89464 1.94627 177.76534
7140.42652 59.12903 1.86142 1.91418 179.16694
7140.77759 59.59654 1.87706 1.92932 178.76795
7139.95179 58.59677 1.84313 1.89695 178.81277
7140.04040 58.70135 1.84680 1.90034 178.80605
7139.22502 57.76928 1.81664 1.87016 178.60536
7138.98210 57.48215 1.80825 1.86087 178.62012
7138.42492 56.83470 1.78707 1.83991 178.61124
7138.34673 56.75416 1.78422 1.83730 178.51457
7137.69663 56.08424 1.76096 1.81562 177.59037
7137.50660 55.86243 1.75339 1.80843 177.60861
7137.34238 55.70788 1.74806 1.80343 177.27680
7137.50897 55.85802 1.75324 1.80829 177.67910
7136.61686 55.18558 1.72986 1.78652 174.23202
7136.67583 55.22961 1.73139 1.78795 174.46550
7135.67626 54.50042 1.70598 1.76434 170.63048
7135.75069 54.54064 1.70740 1.76564 171.03689
7135.03375 54.09008 1.69164 1.75106 167.76436
7133.89531 53.29843 1.66397 1.72543 163.48202
7133.34119 52.86423 1.64881 1.71137 161.85117
7132.33304 52.06902 1.62095 1.68563 159.08335
7131.75725 51.57275 1.60363 1.66956 157.83504
7130.88198 50.77481 1.57573 1.64373 156.55734
7130.89689 50.79439 1.57641 1.64437 156.51663
7130.15481 50.16008 1.55435 1.62383 155.65201
7130.22001 50.20718 1.55599 1.62536 155.83762
7129.61464 49.78031 1.54099 1.61154 153.87077
7128.67773 49.06089 1.51540 1.58825 151.56439
7128.92322 49.22110 1.52101 1.59343 152.37699
7128.16342 48.72748 1.50457 1.57745 149.67798
7128.16645 48.73509 1.50480 1.57770 149.65710
7127.66696 48.42839 1.49556 1.56777 147.62238
7126.87705 48.01224 1.48239 1.55430 144.36112
7127.96119 48.50288 1.49778 1.57018 149.43173
7126.51871 47.94146 1.47983 1.55201 142.40373
7124.87495 47.12355 1.45062 1.52553 136.72409
7123.69614 46.39752 1.42532 1.50203 133.53751
7122.87510 45.82708 1.40539 1.48356 131.66466
7122.01071 45.22746 1.38446 1.46415 129.67724
7121.29901 44.66607 1.36494 1.44597 128.71051
7120.43403 43.97348 1.34084 1.42355 127.19994
7120.05249 43.66510 1.33009 1.41357 126.51437
7119.02808 42.77619 1.29918 1.38479 124.89775
7119.37896 43.06373 1.30920 1.39410 125.51018
7118.55748 42.43110 1.28708 1.37362 123.94026
7119.00028 42.71406 1.29704 1.38278 124.98790
7119.48462 42.96467 1.30584 1.39090 126.37564
7118.69063 42.65320 1.29478 1.38081 123.79186
7117.61850 42.17279 1.27776 1.36526 120.72296
7116.98271 41.84851 1.26639 1.35476 119.13677
7115.76878 41.22297 1.24460 1.33451 116.28035
7114.89215 40.70038 1.22596 1.31759 114.48609
7114.58022 40.51513 1.21955 1.31160 113.85088
7113.64269 39.98513 1.20326 1.29444 111.79049
7113.56813 39.94134 1.20193 1.29302 111.63788
7113.03671 39.65953 1.19328 1.28390 110.67096
7112.01193 39.15532 1.17623 1.26758 108.80565
7111.31096 38.76069 1.16219 1.25480 107.49371
7110.64903 38.37651 1.14890 1.24236 106.32345
7109.74754 37.88066 1.13180 1.22631 104.71365
7109.84679 37.93424 1.13365 1.22805 104.88872
7109.04763 37.50493 1.11886 1.21415 103.50429
7108.29187 37.14837 1.10656 1.20260 102.25821
7108.19378 37.10184 1.10496 1.20110 102.10286
7106.98163 36.51036 1.08461 1.18195 100.17110
7105.79859 35.86815 1.06262 1.16116 98.32840
7105.73550 35.82750 1.06122 1.15984 98.22326
7105.02451 35.43623 1.04784 1.14718 97.14525
7104.39071 35.14584 1.03789 1.13778 96.24369
7104.14386 35.02211 1.03365 1.13377 95.90778
7102.96751 34.44543 1.01391 1.11510 94.35123
7101.90095 33.86253 0.99409 1.09623 92.81656
7101.35300 33.54922 0.98343 1.08609 92.01580
7100.10929 32.77779 0.95712 1.06112 90.07188
7099.23824 32.16211 0.93634 1.04118 88.55426
7099.42855 32.24252 0.93902 1.04379 88.79462
7099.02431 32.06021 0.93289 1.03789 88.27001
7099.89127 32.44079 0.94568 1.05021 89.36345
7099.67609 32.34032 0.94231 1.04695 89.08241
7099.01865 32.19959 0.93764 1.04240 88.55781
7097.62882 31.80256 0.92421 1.02954 87.51980
7097.05291 31.60624 0.91752 1.02319 87.06481
7096.25640 31.35716 0.90928 1.01513 86.56274
7094.56063 30.71014 0.89017 0.99418 85.38587
7093.12071 30.00432 0.86841 0.97133 83.98658
7092.67783 29.76553 0.86027 0.96360 83.38244
7091.46096 29.08374 0.83769 0.94153 81.71056
7090.49447 28.46843 0.81733 0.92161 80.11017
7090.61921 28.52535 0.81920 0.92345 80.23247
7089.95313 28.17483 0.80765 0.91210 79.38463
7089.93187 28.16579 0.80736 0.91181 79.36450
7090.46771 28.34695 0.81322 0.91768 79.67513
7090.30897 28.32062 0.81241 0.91682 79.68902
7089.02990 28.05180 0.80402 0.90812 79.67495
7087.54354 27.58791 0.78928 0.89310 79.20771
7086.75516 27.30302 0.78015 0.88388 78.73591
7085.20654 26.64186 0.75883 0.86248 77.42990
7083.74046 25.85623 0.73333 0.83704 75.43553
7083.16659 25.51687 0.72232 0.82606 74.49131
7082.77336 25.24015 0.71329 0.81710 73.63975
7082.66660 25.23022 0.71304 0.81678 73.71610
7083.42587 25.51580 0.72208 0.82602 74.17963
7082.60653 25.25603 0.71396 0.81761 73.91006
7081.45718 24.91171 0.70327 0.80647 73.63838
7080.25722 24.49182 0.69010 0.79287 73.06738
7079.78563 24.31385 0.68452 0.78711 72.76967
7078.59703 23.82789 0.66929 0.77138 71.83509
7077.36486 23.27357 0.65154 0.75344 70.39722
7076.91192 23.05452 0.64441 0.74634 69.79975
7076.47819 22.83931 0.63767 0.73938 69.22229
7075.92697 22.60992 0.63104 0.73195 68.77400
7075.61055 22.50825 0.62847 0.72866 68.72607
7076.02962 22.62035 0.63124 0.73229 68.68967
7075.43194 22.48478 0.62802 0.72790 68.86299
7074.41207 22.28048 0.62324 0.72129 69.31838
7072.81053 21.89475 0.61376 0.70880 69.75122
7071.48917 21.44351 0.60063 0.69419 69.10722
7070.64749 21.12094 0.59065 0.68375 68.38252
7069.37238 20.55809 0.57357 0.66553 66.86509
7068.38594 20.08927 0.55924 0.65035 65.35383
7069.45389 20.50731 0.57174 0.66388 66.41081
7068.54139 20.22473 0.56359 0.65474 66.00345
7067.12640 19.76727 0.55028 0.63993 65.15620
7065.88179 19.25667 0.53509 0.62340 63.75394
7065.96699 19.28639 0.53595 0.62436 63.81559
7065.47818 19.09301 0.53026 0.61810 63.30708
7064.92312 18.95546 0.52657 0.61365 63.24816
7063.93089 18.68571 0.51928 0.60491 62.96203
7063.98343 18.69901 0.51963 0.60534 62.97046
7063.13259 18.47432 0.51364 0.59807 62.75977
7062.19669 18.25825 0.50816 0.59107 62.71793
7060.96974 17.95222 0.50035 0.58117 62.48296
7059.93475 17.66039 0.49264 0.57172 61.91604
7060.00827 17.68125 0.49320 0.57240 61.97151
7058.85334 17.37897 0.48554 0.56261 61.48140
7058.02385 17.12951 0.47919 0.55453 60.92994
7057.40890 16.99850 0.47631 0.55029 60.91403
7056.56676 16.82089 0.47255 0.54454 60.89784
7057.22753 16.93338 0.47458 0.54818 60.70500
7056.04519 16.77829 0.47250 0.54316 61.42400
7054.80437 16.56858 0.46902 0.53637 61.86166
7053.94378 16.41251 0.46644 0.53132 62.06308
7053.21143 16.31033 0.46532 0.52801 62.51982
7052.21572 16.18683 0.46456 0.52402 63.35131
7050.95792 16.00890 0.46268 0.51826 63.99671
7050.10654 15.85094 0.46054 0.51314 64.30255
7049.47303 15.73049 0.45895 0.50924 64.48002
7048.43705 15.50272 0.45538 0.50187 64.55171
7047.34236 15.27512 0.45218 0.49450 64.80885
7045.86652 14.91605 0.44636 0.48288 64.74199
7046.53289 14.94921 0.44471 0.48395 63.43079
7047.31451 14.97978 0.44249 0.48494 61.90379
7046.24914 15.19519 0.45400 0.49191 66.68592
7043.13846 15.06208 0.46211 0.48760 74.13533
7041.08041 14.55842 0.45273 0.47130 74.66952
0.00000 0.00000 0.00000 0.00000 0.00000
