7224.61231 10.01015 0.29366 0.32406 145.47400
7225.33603 10.04184 0.29439 0.32508 145.71908
7225.61281 10.05437 0.29477 0.32549 145.81841
7226.61331 10.09392 0.29604 0.32677 146.09186
7227.61381 10.13593 0.29708 0.32813 146.39942
7228.61431 10.17415 0.29844 0.32937 146.65740
7229.61481 10.20940 0.29953 0.33051 146.83789
7230.61531 10.24890 0.30071 0.33179 147.07463
7231.61581 10.28222 0.30218 0.33287 147.21095
7232.61631 10.31174 0.30333 0.33382 147.28392
7233.61681 10.33841 0.30437 0.33469 147.31308
7234.61731 10.36646 0.30551 0.33559 147.34740
7235.61781 10.39382 0.30670 0.33648 147.37274
7236.61831 10.42058 0.30792 0.33735 147.37926
7237.61881 10.45563 0.30931 0.33848 147.53827
7238.61931 10.47833 0.31047 0.33922 147.46267
7239.61981 10.51107 0.31187 0.34027 147.53950
7240.62031 10.54134 0.31327 0.34125 147.56428
7241.62081 10.56813 0.31454 0.34212 147.53082
7242.62131 10.60362 0.31615 0.34327 147.61655
7243.62181 10.63424 0.31764 0.34426 147.62091
7244.62231 10.67354 0.31944 0.34553 147.74769
7245.62281 10.70693 0.32098 0.34662 147.82100
7246.62331 10.72971 0.32233 0.34735 147.69972
7247.62381 10.77342 0.32441 0.34877 147.86369
7248.62431 10.80062 0.32591 0.34965 147.78633
7249.62481 10.84570 0.32806 0.35111 147.95089
7250.62531 10.89667 0.33043 0.35276 148.19657
7251.62581 10.93166 0.33236 0.35389 148.20825
7252.62631 10.99418 0.33498 0.35591 148.59351
7253.27321 11.04603 0.33701 0.35759 149.01154
7253.62681 11.07675 0.33835 0.35859 149.26649
7254.62731 11.13417 0.34077 0.36045 149.58826
7255.62781 11.18934 0.34298 0.36223 149.86940
7256.62831 11.24586 0.34544 0.36406 150.13316
7257.62881 11.29809 0.34759 0.36575 150.31785
7258.62931 11.34965 0.34968 0.36742 150.49019
7259.62981 11.39968 0.35182 0.36904 150.62310
7260.63032 11.44937 0.35385 0.37065 150.74154
7261.63082 11.49916 0.35591 0.37226 150.84345
7262.63132 11.55339 0.35818 0.37402 150.99443
7263.63182 11.59295 0.35994 0.37530 151.00351
7264.63232 11.64283 0.36214 0.37691 151.06594
7265.63282 11.69060 0.36422 0.37846 151.07585
7266.63332 11.74415 0.36666 0.38019 151.17015
7267.63382 11.80198 0.36888 0.38207 151.28286
7268.63432 11.85201 0.37136 0.38369 151.29539
7269.63482 11.91573 0.37397 0.38575 151.45518
7270.63532 11.97304 0.37668 0.38760 151.53342
7271.63582 12.03639 0.37956 0.38965 151.66469
7271.82524 12.05021 0.38022 0.39010 151.72618
7272.63632 12.11655 0.38307 0.39225 152.12230
7273.63682 12.20032 0.38666 0.39496 152.54019
7274.63732 12.27425 0.38984 0.39735 152.82004
7275.63782 12.34413 0.39265 0.39962 153.01004
7276.63832 12.41690 0.39497 0.40197 153.21579
7277.63882 12.48377 0.39722 0.40414 153.37050
7278.63932 12.55155 0.39899 0.40633 153.50406
7279.63982 12.61707 0.40061 0.40845 153.60358
7280.64032 12.68968 0.40218 0.41080 153.82587
7281.64082 12.75709 0.40327 0.41299 153.98076
7282.64132 12.83008 0.40397 0.41535 154.09494
7283.64182 12.89992 0.40477 0.41761 154.21314
7284.64232 12.97623 0.40517 0.42008 154.34238
7285.64282 13.03882 0.40595 0.42211 154.42622
7285.87620 13.05439 0.40573 0.42261 154.38249
7286.64332 13.10169 0.40620 0.42414 154.44578
7287.64382 13.17967 0.40660 0.42667 154.57951
7288.64432 13.24401 0.40735 0.42875 154.69061
7289.64482 13.31592 0.40762 0.43108 154.78946
7290.64532 13.37337 0.40824 0.43294 154.92958
7291.64582 13.43467 0.40871 0.43492 155.00270
7292.64632 13.50085 0.40942 0.43706 155.17994
7293.64682 13.56600 0.41050 0.43917 155.39464
7294.64732 13.63992 0.41202 0.44157 155.76607
7295.64782 13.71746 0.41388 0.44408 156.19455
7296.64832 13.81139 0.41616 0.44712 156.87720
7297.64882 14.00153 0.42209 0.45327 158.87142
7297.81484 14.05858 0.42392 0.45512 159.54359
7298.64932 14.33350 0.43155 0.46402 162.78943
7299.64982 14.70505 0.44140 0.47605 167.10306
7300.65033 14.99891 0.45037 0.48556 170.36861
7300.99863 15.06276 0.45263 0.48763 170.99610
7301.65083 15.18500 0.45667 0.49158 172.21546
7302.65133 15.27129 0.45935 0.49438 172.77087
7303.65183 15.35725 0.46126 0.49716 173.32932
7304.65233 15.42855 0.46312 0.49947 173.71629
7305.65283 15.50385 0.46491 0.50191 174.16799
7306.65333 15.57798 0.46670 0.50431 174.63243
7307.65383 15.64872 0.46822 0.50660 175.09839
7308.65433 15.71960 0.46973 0.50889 175.59026
7309.65483 15.79635 0.47138 0.51138 176.17103
7310.65533 15.87005 0.47302 0.51376 176.74079
7311.65583 15.95423 0.47523 0.51649 177.48402
7312.65633 16.04589 0.47776 0.51945 178.35740
7312.86216 16.06695 0.47833 0.52014 178.57068
7313.65683 16.14637 0.48081 0.52271 179.38230
7314.65733 16.22032 0.48332 0.52510 180.14821
7315.65783 16.28693 0.48570 0.52726 180.88570
7316.65833 16.37161 0.48879 0.53000 181.89600
7317.65883 16.55467 0.49611 0.53592 184.09993
7318.65933 16.91257 0.50877 0.54751 188.34859
7318.98950 17.07113 0.51385 0.55264 190.21303
7319.65983 17.34131 0.52178 0.56139 193.40635
7320.66033 17.55954 0.52864 0.56846 196.07247
7321.66083 17.68145 0.53309 0.57240 197.68697
7322.66133 17.76686 0.53656 0.57517 198.97788
7323.66183 17.86537 0.54013 0.57836 200.50337
7324.66233 17.96753 0.54408 0.58166 202.16988
7325.66283 18.05618 0.54747 0.58453 203.73537
7325.76921 18.07531 0.54817 0.58515 204.00456
7326.66333 18.22295 0.55349 0.58993 206.25369
7327.66383 18.50927 0.56384 0.59920 210.08830
7328.66433 18.87940 0.57615 0.61118 214.80474
7329.11957 19.07950 0.58403 0.61766 217.27583
7329.66483 19.32924 0.59385 0.62575 220.34842
7330.66533 19.60138 0.60363 0.63456 224.13995
7331.66583 19.76784 0.60863 0.63994 226.96841
7332.66633 19.97106 0.61481 0.64652 230.26029
7333.10114 20.08368 0.61823 0.65017 231.98281
7333.66683 20.21450 0.62287 0.65440 233.99744
7334.66733 20.50703 0.63416 0.66387 238.13762
7335.66783 20.83128 0.64723 0.67437 242.74180
7336.66833 21.07187 0.65601 0.68216 246.70233
7336.73882 21.08787 0.65648 0.68268 246.97586
7337.66883 21.30434 0.66237 0.68969 250.72576
7338.66933 21.51857 0.66959 0.69662 254.70794
7339.66983 21.79774 0.67975 0.70566 259.24862
7340.44033 22.09205 0.69097 0.71519 263.25807
7340.67034 22.18686 0.69466 0.71826 264.44704
7341.67084 22.53256 0.70584 0.72945 269.32466
7342.67134 22.77420 0.71240 0.73727 273.76699
7343.67184 22.97197 0.71811 0.74367 277.78991
7344.08671 23.09623 0.72251 0.74769 279.94182
7344.67234 23.23328 0.72793 0.75213 282.79232
7345.67284 23.52395 0.74052 0.76154 288.04331
7346.67334 23.89698 0.75564 0.77362 293.85419
7347.19388 24.10042 0.76198 0.78020 296.94235
7347.67384 24.30074 0.76840 0.78669 299.87086
7348.67434 24.61807 0.77901 0.79696 305.49690
7349.67484 24.98265 0.79357 0.80876 311.44771
7349.96658 25.10460 0.79845 0.81271 313.28108
7350.67534 25.40151 0.80956 0.82232 317.72692
7351.67584 25.76170 0.82045 0.83398 323.49359
7352.62173 26.10879 0.83227 0.84522 329.10808
7352.67634 26.12873 0.83304 0.84587 329.44825
7353.67684 26.46218 0.84722 0.85666 335.52772
7354.67734 26.84475 0.86094 0.86905 341.86415
7355.39483 27.11297 0.86898 0.87773 346.41825
7355.67784 27.22799 0.87234 0.88145 348.26145
7356.67834 27.54572 0.88413 0.89174 354.53677
7357.67884 27.87655 0.89745 0.90245 360.98367
7358.25640 28.11715 0.90607 0.91024 364.84702
7358.67934 28.30311 0.91224 0.91626 367.71855
7359.67984 28.66332 0.92342 0.92792 374.37718
7360.68034 29.03182 0.93733 0.93985 380.96309
7360.89334 29.12134 0.94104 0.94275 382.22304
7361.68084 29.42040 0.95264 0.95243 387.40058
7362.68134 29.82068 0.96609 0.96538 394.39918
7363.42583 30.12552 0.97664 0.97525 399.66127
7363.68184 30.25446 0.98106 0.97943 401.49693
7364.68234 30.64594 0.99497 0.99210 408.61162
7365.67189 31.12971 1.01067 1.00776 415.81412
7365.68284 31.13494 1.01083 1.00793 415.89366
7366.68334 31.63723 1.02633 1.02419 423.23872
7367.62236 32.13389 1.04720 1.04027 430.09875
7367.68384 32.16874 1.04867 1.04140 430.54801
7368.68434 32.65917 1.06423 1.05728 438.03848
7369.68484 32.97963 1.07403 1.06765 444.75076
7370.06222 33.13808 1.07953 1.07278 447.54981
7370.68534 33.39516 1.08940 1.08110 452.40695
7371.68584 33.87520 1.10790 1.09664 459.98330
7372.11843 34.14226 1.11610 1.10529 463.21412
7372.68634 34.49849 1.12694 1.11682 467.42162
7373.68684 35.01010 1.14725 1.13338 475.01981
7373.95645 35.14644 1.15180 1.13780 477.09832
7374.68734 35.54339 1.16481 1.15065 482.68676
7375.68784 35.91178 1.17570 1.16257 490.78168
7376.25985 36.15063 1.18454 1.17030 495.40533
7376.68834 36.32988 1.19151 1.17611 498.89552
7377.68884 36.81414 1.20854 1.19178 506.97075
7378.30552 37.15481 1.21884 1.20281 511.47043
7378.68934 37.35827 1.22591 1.20940 513.98658
7379.68984 37.85476 1.24491 1.22547 521.89454
7380.32037 38.15900 1.25615 1.23532 527.06682
7380.69035 38.37332 1.26197 1.24226 529.96893
7381.69085 38.73215 1.27292 1.25388 538.87092
7382.69135 39.16216 1.28970 1.26780 547.61382
7382.69317 39.16318 1.28973 1.26783 547.62892
7383.69185 39.78881 1.30974 1.28808 555.56626
7384.24253 40.16736 1.32023 1.30034 560.05014
7384.69235 40.43294 1.32956 1.30894 563.91072
7385.69285 41.00875 1.35086 1.32758 572.18838
7385.92474 41.17155 1.35628 1.33285 573.97527
7386.69335 41.75516 1.37364 1.35174 579.54363
7387.44896 42.17573 1.39039 1.36535 584.95401
7387.69385 42.32076 1.39548 1.37005 586.93956
7388.69435 43.07196 1.41768 1.39437 594.53596
7388.84278 43.17992 1.42151 1.39786 595.66795
7389.69485 43.76964 1.44246 1.41695 602.41308
7390.35105 44.18410 1.45435 1.43037 607.87260
7390.69535 44.40243 1.45976 1.43744 610.71605
7391.69585 44.89368 1.48034 1.45334 619.92652
7392.31753 45.18828 1.48914 1.46288 625.77147
7392.69635 45.37693 1.49405 1.46899 629.31379
7393.69685 45.78191 1.50569 1.48210 639.41415
7394.54695 46.19247 1.52049 1.49539 647.70193
7394.69735 46.27515 1.52358 1.49807 649.09944
7395.69785 46.85051 1.54281 1.51669 658.46478
7396.28305 47.19665 1.55397 1.52790 663.01732
7396.69835 47.46618 1.56355 1.53662 666.01068
7397.69885 48.15957 1.58832 1.55907 674.71772
7397.75793 48.20084 1.58930 1.56041 675.25925
7398.69935 48.92002 1.60964 1.58369 683.74679
7399.06615 49.20502 1.61998 1.59291 686.84179
7399.69985 49.66966 1.63476 1.60796 692.13229
7400.49938 50.20921 1.65214 1.62542 699.44830
7400.70035 50.35731 1.65703 1.63022 701.21474
7401.70085 51.02834 1.68055 1.65194 710.60931
7401.95541 51.21339 1.68569 1.65793 712.90306
7402.70135 51.75877 1.70387 1.67559 719.67302
7403.34571 52.21757 1.72063 1.69044 725.66070
7403.70185 52.48786 1.72821 1.69919 728.95591
7404.70235 53.14108 1.75077 1.72034 738.16782
7404.82329 53.22176 1.75373 1.72295 739.10566
7405.70285 53.84364 1.77427 1.74308 747.16559
7406.23589 54.22594 1.78615 1.75546 752.48913
7406.70335 54.54498 1.79694 1.76578 757.24285
7407.70385 55.16427 1.81934 1.78583 768.16366
7407.80184 55.23013 1.82115 1.78796 769.19077
7408.70435 55.90675 1.84436 1.80987 778.19906
7409.10834 56.23431 1.85625 1.82047 782.05847
7409.70485 56.69372 1.87061 1.83535 787.91708
7410.28867 57.23849 1.88930 1.85298 792.90148
7410.70535 57.67531 1.90308 1.86712 796.52175
7411.19607 58.24268 1.91997 1.88549 800.25150
7411.70585 58.84755 1.94098 1.90507 803.37683
7412.08242 59.24686 1.95431 1.91800 806.25501
7412.70635 59.87177 1.97522 1.93823 811.48848
7413.15816 60.25105 1.98893 1.95051 815.02628
7413.70685 60.67304 2.00268 1.96417 819.55571
7414.44574 61.25523 2.02156 1.98302 827.20125
7414.70735 61.47542 2.02876 1.99014 829.74548
7415.70785 62.16564 2.05240 2.01249 840.78313
7415.83134 62.25941 2.05543 2.01552 842.06416
7416.70835 62.94933 2.07756 2.03786 850.91064
7417.13756 63.26360 2.08932 2.04803 855.46971
7417.70885 63.69291 2.10347 2.06193 861.43806
7418.51390 64.26778 2.12251 2.08054 870.27640
7418.70935 64.41009 2.12765 2.08515 872.36760
7419.70985 65.07557 2.14994 2.10669 883.71198
7419.96701 65.27197 2.15659 2.11305 886.32405
7420.71036 65.93050 2.17809 2.13437 893.22654
7421.01533 66.27615 2.18845 2.14556 895.76981
7421.71086 67.06342 2.21273 2.17104 901.05026
7421.90263 67.28033 2.22000 2.17807 902.22785
7422.71136 68.24584 2.25271 2.20932 905.77460
7422.74605 68.28452 2.25399 2.21057 905.94740
7423.67324 69.28870 2.28691 2.24308 912.91833
7423.71186 69.32718 2.28822 2.24433 913.25124
7424.71236 70.17225 2.31611 2.27169 923.08257
7424.86247 70.29289 2.32002 2.27559 924.63060
7425.71286 71.01383 2.34462 2.29893 933.11941
7426.00460 71.29707 2.35345 2.30810 935.73632
7426.71336 71.99892 2.37717 2.33082 942.04992
7426.96111 72.30126 2.38740 2.34061 943.79925
7427.71386 73.27553 2.41835 2.37215 948.76672
7427.73827 73.30544 2.41937 2.37312 948.94738
7428.50162 74.30962 2.45239 2.40563 954.15767
7428.71436 74.57060 2.46105 2.41407 955.75957
7429.32005 75.31381 2.48395 2.43813 960.76001
7429.71486 75.78251 2.49751 2.45331 964.50835
7430.11565 76.31799 2.51478 2.47064 967.51173
7430.71536 77.19788 2.54280 2.49913 971.51468
7430.81216 77.32218 2.54707 2.50315 972.34303
7431.56817 78.32636 2.57828 2.53566 977.36909
7431.71586 78.49889 2.58285 2.54124 978.30900
7432.35494 79.33054 2.60917 2.56817 982.95636
7432.71636 79.75704 2.62350 2.58197 986.39309
7433.15396 80.33473 2.64069 2.60068 990.16365
7433.71686 81.19509 2.67105 2.62853 994.30231
7433.81741 81.33891 2.67623 2.63318 995.11851
7434.42181 82.34310 2.70946 2.66569 999.42830
7434.71736 82.86541 2.72651 2.68260 1001.41445
7435.02049 83.34728 2.74248 2.69820 1003.86702
7435.66428 84.35146 2.77166 2.73071 1009.69636
7435.71786 84.41850 2.77375 2.73288 1010.23083
7436.34544 85.35565 2.80463 2.76322 1015.67947
7436.71836 85.91317 2.82289 2.78127 1019.04921
7436.98324 86.35983 2.83757 2.79573 1021.30409
7437.41302 87.36402 2.87025 2.82824 1023.98837
7437.71886 87.99862 2.89104 2.84878 1026.31172
7437.91571 88.36820 2.90320 2.86074 1027.96202
7438.49052 89.37238 2.93627 2.89325 1033.15723
7438.71936 89.70545 2.94729 2.90403 1035.45416
7439.13056 90.37657 2.96954 2.92576 1039.53702
7439.64813 91.38075 3.00276 2.95827 1044.20776
7439.71986 91.52483 3.00749 2.96293 1044.78421
7440.11524 92.38494 3.03604 2.99078 1047.65809
7440.49615 93.38912 3.06601 3.02329 1050.47247
7440.72036 93.84910 3.08063 3.03818 1052.64751
7440.97006 94.39331 3.09895 3.05579 1055.05829
7441.46060 95.39749 3.13208 3.08830 1060.16268
7441.72086 95.92649 3.14964 3.10543 1062.83670
7441.94173 96.40167 3.16535 3.12081 1065.11200
7442.29408 97.40586 3.19841 3.15332 1068.65238
7442.57897 98.41004 3.23151 3.18583 1071.45031
7442.72136 98.76164 3.24312 3.19721 1072.99083
7442.94803 99.41423 3.26464 3.21834 1075.42720
7443.18519 100.41841 3.29762 3.25085 1077.99023
7443.42402 101.42259 3.32989 3.28335 1080.81165
7443.67019 102.42678 3.36016 3.31586 1083.77528
7443.72186 102.61396 3.36651 3.32192 1084.38985
7443.91130 103.43096 3.39344 3.34837 1086.84130
7444.16411 104.43515 3.42649 3.38088 1090.11127
7444.48635 105.43933 3.45956 3.41339 1094.30253
7444.72236 105.96918 3.47706 3.43054 1097.21474
7444.92739 106.44351 3.49270 3.44590 1099.76792
7445.30637 107.44770 3.52576 3.47840 1104.58320
7445.62808 108.45188 3.55880 3.51091 1108.87035
7445.72286 108.76800 3.56921 3.52115 1110.16387
7445.89688 109.45607 3.59174 3.54342 1112.67453
7446.12801 110.46025 3.62463 3.57593 1116.16145
7446.33776 111.46444 3.65417 3.60844 1119.39361
7446.62640 112.46862 3.68753 3.64095 1123.56072
7446.72336 112.80658 3.69857 3.65189 1124.92471
7446.87400 113.47280 3.72039 3.67346 1127.21864
7447.09328 114.47699 3.75337 3.70596 1130.78304
7447.31642 115.48117 3.78638 3.73847 1134.38999
7447.56474 116.48536 3.81933 3.77098 1138.25085
7447.72386 117.02912 3.83720 3.78858 1140.55305
7447.86479 117.48954 3.85232 3.80349 1142.52827
7448.16071 118.49372 3.88550 3.83600 1146.78220
7448.50681 119.49791 3.91561 3.86851 1150.84113
7448.72436 120.06119 3.93309 3.88674 1153.30650
7448.87573 120.50209 3.94794 3.90101 1155.17372
7449.21190 121.50628 3.98086 3.93352 1159.46348
7449.59165 122.51046 4.01390 3.96603 1164.31878
7449.72486 122.85819 4.02532 3.97729 1165.94990
7449.93863 123.51464 4.04686 3.99854 1168.74735
7450.30426 124.51883 4.07982 4.03105 1173.23181
7450.70538 125.52301 4.11286 4.06356 1177.93841
7450.72536 125.57290 4.11451 4.06517 1178.17560
7451.07882 126.52720 4.14586 4.09606 1182.37330
7451.44771 127.53138 4.17889 4.12857 1186.72235
7451.72586 128.47953 4.20850 4.15927 1190.18758
7451.74102 128.53556 4.21007 4.16108 1190.38239
7451.98762 129.53975 4.24140 4.19359 1193.72429
7452.28756 130.54393 4.27434 4.22610 1197.39675
7452.68807 131.54812 4.30738 4.25861 1201.74776
7452.72636 131.63070 4.31010 4.26128 1202.12602
7453.10907 132.55230 4.34036 4.29112 1206.08658
7453.59704 133.55649 4.37336 4.32362 1210.68776
7453.72686 133.78879 4.38100 4.33114 1211.85489
7454.11212 134.56067 4.40635 4.35613 1215.40998
7454.68746 135.56485 4.43926 4.38864 1220.40222
7454.72736 135.63152 4.44145 4.39080 1220.73286
7455.24298 136.56904 4.47244 4.42115 1225.09998
7455.72786 137.38943 4.49616 4.44771 1228.99169
7455.83004 137.57322 4.50188 4.45366 1229.80751
7456.42951 138.57741 4.53521 4.48617 1234.50580
7456.72836 139.10518 4.55248 4.50325 1236.84439
7456.98903 139.58159 4.56812 4.51867 1238.90300
7457.53180 140.58577 4.60115 4.55118 1242.93237
7457.72886 140.91527 4.61194 4.56185 1244.22373
7458.10526 141.58996 4.63406 4.58369 1246.70869
7458.72936 142.58018 4.66666 4.61575 1251.08967
7458.73880 142.59414 4.66711 4.61620 1251.15301
7459.48115 143.59833 4.70005 4.64871 1255.91886
7459.72986 143.89242 4.70975 4.65823 1257.46455
7460.32230 144.60251 4.73309 4.68122 1261.09724
7460.73037 145.10901 4.74977 4.69761 1263.49858
7461.11475 145.60669 4.76633 4.71373 1265.83397
7461.73087 146.54157 4.79369 4.74399 1269.48259
7461.77736 146.61088 4.79573 4.74623 1269.74911
7462.62272 147.61506 4.82881 4.77874 1274.46228
7462.73137 147.74566 4.83309 4.78297 1275.05492
7463.46773 148.61925 4.86175 4.81125 1278.97563
7463.73187 148.91036 4.87131 4.82068 1280.32647
7464.35891 149.62343 4.89471 4.84376 1283.54981
7464.73237 150.02676 4.90800 4.85682 1285.36003
7465.39068 150.62762 4.92776 4.87627 1288.52798
7465.73287 150.90734 4.93691 4.88532 1290.13883
7466.73337 151.53652 4.95760 4.90569 1294.09560
7466.87786 151.63180 4.96071 4.90878 1294.70879
7467.73387 152.24623 4.98091 4.92867 1298.52346
7468.28337 152.63598 4.99375 4.94128 1300.81727
7468.73437 152.99237 5.00541 4.95282 1302.73886
7469.61780 153.64017 5.02675 4.97379 1306.34295
7469.73487 153.72384 5.02956 4.97650 1306.81237
7470.73537 154.47524 5.05352 5.00083 1310.72804
7470.99421 154.64435 5.05825 5.00630 1311.76250
7471.73587 155.15233 5.07288 5.02275 1314.62734
7472.53357 155.64854 5.08920 5.03881 1317.59816
7472.73637 155.77398 5.09342 5.04287 1318.32660
7473.73687 156.31104 5.11114 5.06026 1321.93653
7474.42174 156.65272 5.12227 5.07132 1324.33663
7474.73737 156.81981 5.12773 5.07673 1325.43432
7475.73787 157.23506 5.14144 5.09017 1328.56518
7476.73837 157.57880 5.15269 5.10130 1331.80171
7476.98567 157.65690 5.15525 5.10383 1332.62734
7477.73887 157.90996 5.16353 5.11202 1335.12099
7478.73937 158.23052 5.17406 5.12240 1338.26768
7479.73987 158.52366 5.18371 5.13189 1341.35504
7480.35111 158.66109 5.18819 5.13634 1343.25880
7480.74037 158.76534 5.19160 5.13971 1344.46028
7481.74087 159.01656 5.19989 5.14784 1347.48308
7482.74137 159.21608 5.20645 5.15430 1350.44023
7483.74187 159.39647 5.21236 5.16014 1353.23979
7484.74237 159.54732 5.21730 5.16503 1355.91172
7485.65900 159.66527 5.22116 5.16884 1358.47415
7485.74287 159.67888 5.22161 5.16928 1358.69706
7486.74337 159.81950 5.22621 5.17384 1361.48776
7487.74387 159.93194 5.22987 5.17748 1364.21395
7488.74437 160.06534 5.23424 5.18180 1366.85362
7489.74487 160.24910 5.24026 5.18774 1369.45639
7490.74537 160.44369 5.24662 5.19404 1371.94994
7491.74587 160.56441 5.25057 5.19795 1374.46632
7492.74637 160.60727 5.25197 5.19934 1377.03026
7493.74687 160.61940 5.25236 5.19973 1379.21423
7494.74737 160.63346 5.25282 5.20019 1381.74598
7495.69946 160.66946 5.25400 5.20135 1384.02768
7495.74787 160.67132 5.25406 5.20141 1384.13984
7496.74837 160.73433 5.25612 5.20345 1386.43105
7497.74887 160.85662 5.26013 5.20741 1388.69075
7498.74937 160.98058 5.26418 5.21142 1390.90757
7499.74987 161.07489 5.26722 5.21448 1393.15430
7500.75038 161.16157 5.27006 5.21728 1395.30163
7501.75088 161.34540 5.27611 5.22323 1397.24958
7502.75138 161.57025 5.28348 5.23051 1399.20934
7503.54855 161.67364 5.28687 5.23386 1400.85239
7503.75188 161.69927 5.28770 5.23469 1401.23802
7504.75238 161.75589 5.28956 5.23652 1403.29300
7505.75288 161.92926 5.29520 5.24214 1405.22885
7506.75338 162.13693 5.30200 5.24886 1407.11942
7507.75388 162.31268 5.30772 5.25455 1409.03617
7508.75438 162.39048 5.31023 5.25707 1410.95736
7509.75488 162.57905 5.31641 5.26317 1412.76737
7510.26978 162.67782 5.31965 5.26637 1413.69376
7510.75538 162.78072 5.32304 5.26970 1414.46707
7511.75588 162.75436 5.32219 5.26885 1416.20093
