7269.20674 244.11857 8.23274 7.90285 565.26701
7268.98179 243.73964 8.22087 7.89058 564.14791
7268.51436 242.92220 8.19786 7.86412 561.27499
7267.93838 241.89926 8.16645 7.83100 559.08455
7267.81208 241.67094 8.15942 7.82361 558.67358
7267.36716 240.82996 8.13377 7.79639 557.54652
7267.01021 240.22063 8.11483 7.77666 556.07656
7266.62835 239.54397 8.09401 7.75476 554.75471
7266.12131 238.52245 8.06329 7.72169 554.19165
7265.83576 237.98620 8.04688 7.70433 553.44954
7265.71341 237.77107 8.04024 7.69736 553.02533
7265.21853 236.85749 8.01254 7.66779 551.73841
7265.03997 236.56477 8.00336 7.65831 550.90717
7264.66581 235.93091 7.98354 7.63779 549.31817
7264.12143 234.96286 7.95375 7.60645 547.70879
7264.17167 235.06234 7.95674 7.60967 547.70882
7263.65726 234.23781 7.93176 7.58298 545.50967
7263.13762 233.40104 7.90771 7.55589 543.08696
7262.83990 232.90737 7.89258 7.53991 542.23074
7262.27997 231.91200 7.86222 7.50769 541.01912
7262.02821 231.48674 7.84903 7.49392 539.91476
7261.55051 230.66313 7.82374 7.46726 538.19358
7261.06307 229.70365 7.79523 7.43620 537.77103
7261.04999 229.72205 7.79544 7.43679 537.32603
7260.50952 228.78393 7.76655 7.40642 535.58015
7259.95325 227.75546 7.73567 7.37313 534.44116
7260.02451 227.89468 7.73980 7.37763 534.51105
7259.48701 226.97487 7.71146 7.34786 532.70142
7259.03699 226.20666 7.68759 7.32299 531.27278
7258.89028 225.97062 7.68032 7.31535 530.58619
7258.35834 225.04637 7.65452 7.28543 527.87910
7258.12979 224.69665 7.64333 7.27410 526.77564
7257.69392 223.96954 7.62060 7.25057 525.17922
7257.14146 223.01606 7.59160 7.21970 523.51374
7257.10569 222.97810 7.59023 7.21847 523.16898
7256.35394 221.70999 7.55129 7.17742 520.66005
7255.70769 220.44003 7.51412 7.13631 520.37740
7255.97897 220.94024 7.52893 7.15250 520.79661
7255.44432 220.02377 7.50133 7.12283 519.47035
7255.21942 219.65932 7.49023 7.11103 518.79688
7255.13553 219.54507 7.48655 7.10733 518.34619
7254.46653 218.56864 7.45571 7.07572 515.59019
7254.06086 217.95375 7.43688 7.05582 514.28048
7253.50213 217.00281 7.40785 7.02503 512.65800
7253.10997 216.35682 7.38914 7.00412 510.68171
7252.88552 215.99900 7.37910 6.99254 509.32554
7252.30918 215.01511 7.34934 6.96068 507.62285
7252.15230 214.77210 7.34172 6.95282 506.94143
7251.68412 214.01606 7.31847 6.92834 505.23908
7251.05769 212.95096 7.28631 6.89386 503.49557
7250.93361 212.74278 7.27999 6.88712 503.13273
7250.47682 211.92852 7.25594 6.86076 502.28560
7250.13274 211.37643 7.23915 6.84289 501.01248
7249.85520 210.92710 7.22546 6.82834 500.09348
7249.29647 209.95988 7.19635 6.79703 498.88826
7249.16869 209.76450 7.19027 6.79071 498.29871
7248.76131 209.11671 7.17060 6.76974 496.70708
7248.12690 208.08372 7.13960 6.73629 494.55093
7248.09368 208.03112 7.13814 6.73459 494.35738
7247.57841 207.18332 7.11475 6.70715 491.81176
7247.29846 206.77016 7.10167 6.69377 490.56055
7246.86615 206.10706 7.08128 6.67230 488.84173
7246.23679 205.06731 7.05004 6.63864 487.00046
7246.25575 205.10630 7.05112 6.63991 486.96316
7245.65118 204.17616 7.02312 6.60979 484.81901
7245.09569 203.27302 6.99760 6.58056 484.70331
7245.01387 203.13515 6.99370 6.57609 484.63494
7244.44060 202.22778 6.96696 6.54672 482.86126
7244.20913 201.88456 6.95627 6.53561 481.63729
7243.70971 201.08620 6.93224 6.50976 479.99338
7243.12837 200.14402 6.90463 6.47926 478.31727
7243.11052 200.12023 6.90385 6.47849 478.20805
7242.50197 199.14409 6.87557 6.44689 476.44688
7242.25820 198.76704 6.86527 6.43469 475.15456
7241.92107 198.25904 6.85083 6.41824 473.07598
7241.25619 197.22778 6.82084 6.38485 470.68252
7241.13702 197.04362 6.81555 6.37889 470.26646
7240.56460 196.12006 6.78998 6.34899 468.67447
7240.17790 195.51916 6.77088 6.32954 467.23299
7239.81840 194.93730 6.75502 6.31071 466.27668
7239.25976 193.99480 6.72831 6.28019 465.19100
7239.27244 194.03143 6.72931 6.28138 465.05322
7238.76990 193.26186 6.70689 6.25647 463.24077
7238.28609 192.52545 6.68641 6.23263 461.45893
7238.14552 192.31932 6.67757 6.22595 460.87393
7237.52038 191.37469 6.65034 6.19537 458.48198
7237.45859 191.29967 6.64885 6.19294 458.05093
7236.90603 190.50982 6.61904 6.16737 456.60957
7236.39212 189.77794 6.59966 6.14368 454.43350
7235.98907 189.17215 6.58056 6.12407 452.79566
7235.34083 188.15209 6.54174 6.09105 450.78125
7235.20591 187.94850 6.53376 6.08446 450.32117
7234.65626 187.08473 6.50641 6.05649 448.81592
7234.14106 186.25755 6.47659 6.02972 447.53092
7234.03278 186.08700 6.47019 6.02419 447.23816
7233.45261 185.16503 6.43967 5.99435 445.75199
7233.30226 184.95167 6.43288 5.98744 445.10430
7232.84350 184.25416 6.40980 5.96486 443.56370
7232.30222 183.43683 6.37878 5.93840 441.78162
7232.13493 183.19124 6.36947 5.93045 441.11084
7231.51980 182.23437 6.33498 5.89947 439.52715
7231.38374 182.04627 6.32887 5.89338 438.82393
7230.97584 181.44806 6.31236 5.87402 436.46872
7230.45420 180.71168 6.28926 5.85018 433.87468
7230.05019 180.12116 6.26740 5.83106 432.52056
7229.45020 179.16319 6.23216 5.80005 431.24709
7229.53555 179.30032 6.23695 5.80449 431.40018
7228.93517 178.47906 6.20955 5.77790 428.57681
7228.30962 177.55754 6.17689 5.74807 426.27796
7228.10690 177.24722 6.16579 5.73802 425.78927
7227.49985 176.33703 6.13298 5.70856 425.36854
7227.31723 176.08758 6.12335 5.70048 424.93266
7226.81235 175.31394 6.09669 5.67544 423.66863
7226.46947 174.83089 6.08102 5.65980 422.18311
7226.08243 174.28696 6.06195 5.64219 420.64713
7225.38274 173.22199 6.02453 5.60772 418.79608
7225.42446 173.28844 6.02701 5.60987 418.86570
7224.86531 172.48804 5.99888 5.58396 416.40849
7224.44990 171.91773 5.98139 5.56549 413.90100
7224.08924 171.38932 5.96358 5.54839 412.77489
7223.42833 170.44521 5.93123 5.51782 410.57401
7223.08306 169.92296 5.91236 5.50092 409.46562
7222.57546 169.08875 5.88358 5.47391 408.84830
7222.43084 168.89647 5.87690 5.46769 408.16592
7222.08305 168.40180 5.85961 5.45167 406.99044
7221.41459 167.44072 5.82661 5.42056 404.67491
7221.40277 167.42700 5.82613 5.42011 404.60140
7220.75012 166.49552 5.79371 5.38996 402.48694
7220.58414 166.28332 5.78673 5.38309 401.64499
7220.14097 165.67666 5.76647 5.36345 399.78731
7219.68385 165.08598 5.74505 5.34433 397.61648
7219.22273 164.47225 5.72354 5.32446 396.54337
7218.47042 163.39651 5.68915 5.28964 394.17331
7218.46692 163.39411 5.68907 5.28956 394.13457
7217.85852 162.53657 5.65895 5.26180 391.89483
7217.52277 162.09753 5.64375 5.24758 390.42047
7217.02925 161.39293 5.61885 5.22477 388.95578
7216.45951 160.58451 5.59121 5.19860 387.07272
7216.18588 160.19871 5.57811 5.18611 386.20437
7215.56167 159.24738 5.54518 5.15532 384.89432
7215.51740 159.20261 5.54351 5.15387 384.58525
7215.02869 158.52155 5.51851 5.13182 382.94713
7214.58443 157.92028 5.49753 5.11235 381.30167
7214.29291 157.53154 5.48416 5.09977 380.15559
7213.54900 156.50368 5.44818 5.06649 377.68781
7213.45911 156.38255 5.44414 5.06257 377.34556
7212.82916 155.49080 5.41293 5.03370 375.58575
7212.59925 155.19473 5.40238 5.02412 374.54957
7212.10490 154.52231 5.38231 5.00235 372.02088
7211.65874 153.90612 5.36179 4.98240 370.29953
7211.83329 154.14057 5.37048 4.98999 370.85157
7210.98800 153.15387 5.33647 4.95805 366.48748
7210.08466 151.92197 5.29232 4.91817 364.17095
7209.59027 151.11451 5.26414 4.89203 364.89865
7209.65723 151.23696 5.26829 4.89599 364.69509
7209.17787 150.61173 5.24638 4.87575 363.07620
7208.59899 149.82970 5.21876 4.85044 361.02391
7208.42345 149.60260 5.21119 4.84308 360.35062
7207.67676 148.60146 5.17665 4.81067 357.88218
7207.70303 148.64204 5.17808 4.81199 357.90934
7207.02747 147.76494 5.14708 4.78359 355.38695
7206.75077 147.42936 5.13549 4.77273 354.12421
7206.14997 146.64862 5.10809 4.74746 352.06291
7205.65720 145.99697 5.08798 4.72636 349.61729
7205.35202 145.60274 5.07543 4.71360 348.27686
7204.59619 144.59018 5.03901 4.68082 345.95997
7204.81717 144.87432 5.04925 4.69002 346.80197
7203.95714 143.81366 5.01215 4.65568 343.32886
7203.31298 142.93885 4.98041 4.62736 341.48042
7202.94158 142.35977 4.96116 4.60861 341.05607
7202.82085 142.21906 4.95654 4.60406 340.53952
7202.67598 142.05400 4.95098 4.59871 339.87852
7201.95994 141.21524 4.92150 4.57156 336.62140
7201.55537 140.71427 4.90440 4.55534 335.65855
7200.76965 139.70207 4.86941 4.52258 334.05285
7200.57762 139.45498 4.86091 4.51458 333.38305
7199.98613 138.64964 4.83296 4.48850 331.65491
7199.84531 138.49933 4.82760 4.48364 330.94544
7199.23588 137.73074 4.80007 4.45876 329.07225
7198.79787 137.16926 4.78134 4.44058 327.28398
7198.50259 136.81566 4.77056 4.42913 325.75999
7197.78323 135.90906 4.74015 4.39978 323.10105
7197.56888 135.64232 4.73094 4.39115 322.39524
7196.80238 134.63804 4.69556 4.35864 320.19600
7196.67910 134.48723 4.69029 4.35376 319.77714
7196.11649 133.74560 4.66429 4.32975 318.20597
7195.93142 133.54078 4.65717 4.32312 317.37684
7195.35110 132.83430 4.63283 4.30024 315.35827
7194.87157 132.23815 4.61204 4.28095 313.78689
7194.70387 132.04184 4.60517 4.27459 313.15734
7194.05072 131.28706 4.57945 4.25016 310.63355
7193.97880 131.20491 4.57668 4.24750 310.35336
7193.15356 130.29145 4.54484 4.21793 306.90523
7192.56451 129.58019 4.51924 4.19490 305.25844
7191.81650 128.59032 4.48580 4.16285 304.08874
7191.96639 128.77957 4.49152 4.16898 304.54730
7191.33332 128.03713 4.46896 4.14495 301.94699
7190.97468 127.62982 4.45534 4.13176 300.46840
7190.40081 126.93861 4.43086 4.10938 298.65834
7189.94712 126.40817 4.41184 4.09221 297.26137
7189.29233 125.60737 4.38442 4.06629 295.21135
7188.59572 124.66996 4.35229 4.03594 293.50905
7188.82410 124.95477 4.36187 4.04516 294.18704
7188.00429 123.99832 4.32948 4.01420 291.50575
7187.95173 123.93652 4.32727 4.01220 291.33160
7187.12440 122.95540 4.29211 3.98044 288.73052
7186.96198 122.77015 4.28563 3.97444 288.19664
7186.32374 122.00813 4.25828 3.94977 286.23141
7186.03569 121.69555 4.24739 3.93965 285.21719
7185.41420 120.95677 4.22244 3.91573 283.36251
7185.27121 120.78267 4.21652 3.91010 283.00548
7184.92730 120.44329 4.20474 3.89911 281.64672
7184.15702 119.62907 4.17720 3.87275 279.11581
7183.63709 119.01633 4.15730 3.85292 277.52406
7183.14063 118.45643 4.13791 3.83479 276.35468
7182.58994 117.83574 4.11594 3.81470 274.60029
7181.77091 116.80857 4.08007 3.78144 272.54401
7181.94223 117.01067 4.08707 3.78799 273.02910
7181.09540 116.04261 4.05341 3.75665 270.43951
7181.13167 116.08420 4.05488 3.75799 270.54312
7180.29193 115.14234 4.02086 3.72750 268.07915
7180.13945 114.98205 4.01513 3.72231 267.59462
7179.36648 114.10748 3.98365 3.69400 265.36326
7179.23819 113.97071 3.97867 3.68957 264.94933
7178.52732 113.19823 3.95327 3.66457 262.83108
7178.14762 112.77940 3.93867 3.65101 261.79327
7177.58935 112.15285 3.91523 3.63072 260.18967
7177.33383 111.87744 3.90657 3.62181 259.48851
7177.00382 111.53188 3.89744 3.61062 258.58852
7176.46657 111.02212 3.88448 3.59412 256.92550
7175.66472 110.16193 3.84938 3.56627 254.83735
7175.22062 109.66454 3.83091 3.55017 253.66699
7174.64142 109.04331 3.80955 3.53006 252.20353
7173.93676 108.20805 3.77803 3.50302 250.66962
7173.92992 108.18667 3.77738 3.50233 250.66123
7173.34150 107.57186 3.75249 3.48242 248.99013
7173.04624 107.25858 3.73024 3.47228 248.33322
7172.27698 106.43690 3.67707 3.44568 246.39529
7172.02709 106.16530 3.66179 3.43689 245.78365
7171.22095 105.28358 3.60915 3.40835 243.76817
7171.22587 105.29012 3.60948 3.40856 243.78244
7170.35189 104.36878 3.55493 3.37873 241.77204
7170.37528 104.39709 3.55650 3.37965 241.83263
7169.42034 103.41714 3.50462 3.34792 239.60951
7169.21940 103.20499 3.49317 3.34106 239.18936
7168.28906 102.20246 3.43291 3.30860 237.07897
7168.60235 102.52293 3.45267 3.31897 237.75879
7167.61042 101.55673 3.40522 3.28770 235.77086
7167.59972 101.54631 3.40493 3.28736 235.75505
7166.59642 100.56627 3.36319 3.25563 234.02008
7166.00678 99.94191 3.33981 3.23542 232.64665
7165.16928 98.97246 3.29360 3.20404 230.59499
7165.39150 99.22145 3.30566 3.21210 231.11007
7164.53431 98.33165 3.27577 3.18329 229.41775
7164.58571 98.38286 3.27725 3.18495 229.51345
7163.72029 97.53872 3.24325 3.15762 227.95882
7163.51896 97.34242 3.23721 3.15127 227.63004
7162.60311 96.42402 3.20641 3.12153 225.93183
7162.36850 96.18340 3.19732 3.11375 225.50802
7161.52182 95.29922 3.17450 3.08512 223.97560
7161.54074 95.31855 3.17519 3.08575 224.01132
7160.70010 94.48766 3.14441 3.05885 222.62878
7160.89695 94.66986 3.14888 3.06475 222.84726
7159.95105 93.82778 3.12729 3.03749 221.73050
7160.02749 93.89466 3.12951 3.03965 221.81925
7158.96654 92.97368 3.10458 3.00984 221.25359
7158.28926 92.32166 3.08686 2.98873 220.56265
7157.42191 91.42549 3.06256 2.95972 219.07182
7157.23061 91.23446 3.05779 2.95353 218.69833
7156.29463 90.23856 3.03010 2.92129 216.45565
7156.59705 90.54304 3.03784 2.93115 216.99449
7155.67712 89.65901 3.01660 2.90253 215.77803
7155.69677 89.68241 3.01724 2.90329 215.83130
7154.68642 88.74243 2.99386 2.87286 214.70343
7154.61798 88.65616 2.99153 2.87007 214.48410
7153.83306 87.94772 2.97262 2.84713 213.75828
7153.78695 87.89225 2.97104 2.84534 213.62599
7152.90673 87.14791 2.95633 2.82124 213.22024
7152.10154 86.35922 2.93462 2.79571 212.08586
7151.48448 85.73479 2.91922 2.77549 211.07885
7150.98091 85.22815 2.90201 2.75909 210.27302
7150.31292 84.50928 2.88958 2.73582 208.80868
7150.13642 84.33250 2.88600 2.73010 208.56854
7149.26187 83.43767 2.85820 2.70113 207.76273
7147.94902 81.76997 2.76955 2.64714 202.45212
7147.23986 80.60024 2.76895 2.60927 198.14565
7147.44812 80.92991 2.78904 2.61994 199.27439
7146.78093 79.99281 2.64989 2.58961 196.37204
7146.26102 79.21163 2.53064 2.56432 193.76973
7145.73788 78.40740 2.50941 2.53828 191.07762
7145.14077 77.35070 2.46178 2.50407 187.29877
7145.07405 77.26685 2.46012 2.50136 187.08089
7144.44827 76.22335 2.42559 2.46758 183.63937
7143.83046 75.08315 2.39075 2.43067 180.38153
7143.85431 75.13607 2.39238 2.43238 180.53020
7143.14876 73.85507 2.34823 2.39091 176.83749
7142.53799 72.57527 2.30405 2.34948 173.51974
7142.59929 72.70390 2.30849 2.35364 173.82298
7142.05298 71.59187 2.27041 2.31764 171.41423
7141.55669 70.52310 2.23413 2.28304 169.77006
7141.46824 70.34403 2.22808 2.27725 169.54801
7140.99036 69.27406 2.19213 2.24261 168.58013
7140.62834 68.41987 2.16345 2.21496 168.51704
7140.70628 68.62216 2.17026 2.22151 168.46813
7140.13809 67.48711 2.13257 2.18476 168.47879
7139.67314 66.42764 2.09794 2.15046 169.55406
7139.80645 66.70268 2.10625 2.15937 169.36565
7139.68138 66.47291 2.09927 2.15193 169.44793
7139.15368 65.65261 2.07551 2.12537 169.68223
7138.96106 65.34076 2.06517 2.11528 170.09349
7138.60209 64.71305 2.04432 2.09496 171.09026
7138.77521 64.98604 2.05328 2.10379 170.81457
7138.15818 64.22721 2.02863 2.07923 170.45387
7137.41955 63.17651 1.99415 2.04521 171.02916
7137.47553 63.26361 1.99701 2.04803 170.91799
7136.70823 62.24128 1.96345 2.01494 171.28506
7136.48728 61.94644 1.95372 2.00539 171.40177
7135.84187 61.05247 1.92409 1.97645 172.05328
7135.48645 60.54892 1.90735 1.96015 172.59856
7135.09127 60.02061 1.88970 1.94305 173.00737
7134.36090 58.96599 1.85437 1.90891 174.48323
7134.61524 59.31688 1.86620 1.92027 174.04313
7133.84855 58.31838 1.83215 1.88794 174.88299
7133.98197 58.47137 1.83733 1.89289 174.94785
7133.38120 57.79473 1.81574 1.87099 174.15490
7132.98757 57.33391 1.80215 1.85607 173.52029
7132.62437 56.91046 1.78805 1.84236 173.37618
7132.59574 56.87311 1.78674 1.84115 173.41693
7132.13435 56.46160 1.77229 1.82783 172.27663
7131.60049 55.92956 1.75398 1.81061 171.35314
7131.40094 55.73056 1.74714 1.80417 171.01347
7131.53467 55.85761 1.75151 1.80828 171.29241
7130.66385 55.20374 1.72891 1.78711 168.67869
7130.72843 55.25242 1.73060 1.78869 168.82471
7129.70374 54.51513 1.70489 1.76482 165.43135
7129.65771 54.47135 1.70336 1.76340 165.33080
7128.93675 54.00131 1.68697 1.74818 162.32140
7127.85764 53.23654 1.66017 1.72343 158.51307
7126.97511 52.51925 1.63509 1.70021 156.23136
7125.99723 51.65260 1.60490 1.67215 154.30390
7125.81032 51.48117 1.59889 1.66660 153.97890
7124.82622 50.58090 1.56739 1.63746 152.35534
7125.49518 51.13968 1.58695 1.65554 153.83960
7124.49209 50.37690 1.56019 1.63085 151.08975
7124.44055 50.32596 1.55842 1.62920 151.03679
7123.67714 49.80408 1.54019 1.61231 148.60581
7122.67859 49.03520 1.51292 1.58742 146.25063
7122.95398 49.21300 1.51917 1.59317 147.15251
7122.23834 48.75964 1.50385 1.57850 144.61003
7122.27420 48.78685 1.50468 1.57938 144.72558
7121.73028 48.46167 1.49480 1.56885 142.75114
7120.91723 48.03938 1.48156 1.55518 140.09033
7121.65292 48.38252 1.49242 1.56629 142.68973
7120.19745 47.76071 1.47176 1.54616 137.02031
7118.66480 46.92899 1.44214 1.51923 132.34436
7117.78790 46.37688 1.42293 1.50136 130.13656
7116.88522 45.74936 1.40099 1.48104 128.10791
7116.12258 45.22394 1.38256 1.46403 126.41391
7115.43035 44.68448 1.36376 1.44657 125.08143
7114.66348 44.09637 1.34327 1.42753 123.62721
7114.14307 43.68884 1.32909 1.41434 122.66602
7113.08006 42.78380 1.29758 1.38504 121.11184
7113.42554 43.06388 1.30735 1.39411 121.54931
7112.55975 42.39559 1.28400 1.37247 120.35545
7113.20388 42.80763 1.29846 1.38581 121.50870
7113.55180 42.98107 1.30457 1.39143 122.37646
7112.63936 42.62656 1.29196 1.37995 119.96120
7111.43420 42.05515 1.27182 1.36145 116.84715
7110.63088 41.62067 1.25665 1.34739 115.05506
7109.52473 40.98509 1.23428 1.32681 112.71012
7109.12447 40.74400 1.22574 1.31901 111.91940
7108.84692 40.57414 1.21983 1.31351 111.36933
7108.00803 40.15659 1.20655 1.29999 109.56859
7107.68595 39.98234 1.20128 1.29435 108.90281
7106.97748 39.61554 1.19008 1.28247 107.51088
7105.89879 39.06194 1.17108 1.26455 105.56361
7105.39726 38.77482 1.16089 1.25526 104.67122
7104.64817 38.34519 1.14605 1.24135 103.37933
7103.78338 37.86675 1.12958 1.22586 102.01039
7103.89160 37.92333 1.13153 1.22769 102.17035
7102.86399 37.38466 1.11299 1.21025 100.59876
7102.03441 36.93718 1.09759 1.19577 99.26290
7102.23329 37.03676 1.10102 1.19899 99.56843
7100.95642 36.42627 1.08004 1.17923 97.65268
7099.71002 35.71796 1.05581 1.15630 95.75202
7100.07806 35.89608 1.06188 1.16206 96.28074
7099.37709 35.57313 1.05083 1.15161 95.30699
7098.53246 35.19207 1.03781 1.13927 94.20090
7098.10254 34.98145 1.03061 1.13245 93.62323
7096.87583 34.37042 1.00977 1.11267 92.03248
7095.82387 33.77291 0.98947 1.09333 90.54359
7095.25715 33.43924 0.97810 1.08253 89.73691
7094.04486 32.66685 0.95186 1.05752 87.84308
7093.41339 32.21729 0.93669 1.04297 86.75074
7093.30259 32.11155 0.93310 1.03955 86.50450
7092.87279 31.89492 0.92570 1.03253 85.96227
7094.39490 32.54774 0.94778 1.05367 87.73574
7093.91096 32.38436 0.94230 1.04838 87.23253
7093.14737 32.21864 0.93679 1.04301 86.72004
7091.69595 31.82849 0.92365 1.03038 85.83043
7090.87545 31.54439 0.91405 1.02119 85.23873
7090.07323 31.27547 0.90536 1.01248 84.76195
7088.46842 30.63270 0.88676 0.99167 83.79965
7087.12388 29.96259 0.86575 0.96998 82.48080
7086.53728 29.63772 0.85468 0.95946 81.59376
7085.32740 28.93162 0.83139 0.93660 79.85552
7084.51841 28.39678 0.81372 0.91929 78.43468
7084.46933 28.34820 0.81210 0.91772 78.28618
7083.87686 28.02506 0.80150 0.90726 77.50667
7084.65261 28.38726 0.81332 0.91898 78.28575
7084.87649 28.42586 0.81450 0.92023 78.26072
7084.49861 28.37969 0.81315 0.91874 78.38449
7082.80760 27.98885 0.80092 0.90608 78.36952
7081.33054 27.47979 0.78466 0.88960 77.79445
7080.62277 27.20840 0.77600 0.88082 77.40396
7079.08479 26.52095 0.75392 0.85856 76.07277
7077.65866 25.73089 0.72826 0.83299 73.97878
7077.35505 25.54138 0.72207 0.82685 73.38569
7076.89130 25.24592 0.71246 0.81729 72.51470
7076.88107 25.27510 0.71345 0.81823 72.66795
7077.35525 25.44801 0.71891 0.82383 72.93141
7076.51461 25.18132 0.71060 0.81519 72.67367
7075.40709 24.83050 0.69969 0.80384 72.35899
7074.45949 24.50252 0.68946 0.79322 71.96549
7073.91437 24.30399 0.68326 0.78679 71.68308
7072.58242 23.77209 0.66667 0.76957 70.73106
7071.28926 23.17468 0.64752 0.75023 69.25593
7071.06443 23.06472 0.64401 0.74667 68.96201
7070.54446 22.80751 0.63600 0.73835 68.30391
7070.02853 22.60692 0.63041 0.73185 68.00518
7069.84793 22.55249 0.62900 0.73009 67.98271
7070.02540 22.59263 0.62999 0.73139 67.93905
7069.43327 22.45723 0.62660 0.72701 68.09702
7068.20739 22.20793 0.62079 0.71894 68.60077
7066.55952 21.74893 0.60888 0.70408 68.68328
7065.50389 21.36275 0.59735 0.69158 67.99857
7064.62163 21.01310 0.58659 0.68026 67.16755
7063.45486 20.49438 0.57098 0.66346 65.77611
7062.88014 20.23571 0.56320 0.65509 65.04909
7063.52661 20.47205 0.57012 0.66274 65.51817
7062.55588 20.18576 0.56203 0.65347 65.25051
7061.03278 19.67848 0.54740 0.63705 64.37286
7059.89850 19.19146 0.53279 0.62129 62.88767
7060.03348 19.23767 0.53414 0.62278 63.01129
7059.53863 19.05977 0.52892 0.61702 62.50745
7058.84773 18.87529 0.52393 0.61105 62.34397
7058.07844 18.65838 0.51809 0.60403 62.08739
7058.24748 18.69421 0.51897 0.60519 62.07952
7057.29763 18.48603 0.51376 0.59845 62.15143
7056.18147 18.22053 0.50704 0.58985 62.05044
7054.97926 17.92457 0.49965 0.58027 61.88085
7054.04508 17.65797 0.49279 0.57164 61.44513
7053.89968 17.62118 0.49189 0.57045 61.40827
7052.88133 17.34131 0.48491 0.56139 60.95968
7052.11482 17.12835 0.47973 0.55450 60.61059
7051.47441 16.98755 0.47656 0.54994 60.50466
7050.79350 16.85613 0.47381 0.54568 60.48605
7051.13877 16.91505 0.47491 0.54759 60.42131
7049.98212 16.75242 0.47266 0.54233 61.06028
7048.91111 16.56801 0.46963 0.53636 61.43598
7048.12860 16.44706 0.46808 0.53244 61.83536
7047.29860 16.34161 0.46725 0.52903 62.48369
7046.33525 16.22700 0.46674 0.52532 63.36439
7044.90816 16.04620 0.46592 0.51946 64.68648
7043.66049 15.78089 0.46189 0.51087 64.87624
7043.19279 15.67700 0.46029 0.50751 64.92776
7042.35440 15.46750 0.45661 0.50073 64.73129
7041.37864 15.27552 0.45388 0.49451 64.95494
7040.30304 15.01714 0.44982 0.48615 65.03708
7041.48348 15.05259 0.44605 0.48730 62.41822
7041.66733 15.19280 0.44995 0.49184 63.39494
7038.54512 15.23611 0.46415 0.49324 72.44615
7036.18403 14.78636 0.45836 0.47868 74.84845
7034.34226 14.14928 0.44338 0.45805 73.86344
0.00000 0.00000 0.00000 0.00000 0.00000
