7267.63382 239.56673 8.04689 7.75549 882.44515
7267.28580 238.99582 8.02952 7.73701 881.84262
7266.67438 237.99163 7.99240 7.70450 880.91150
7266.63332 237.92757 7.99077 7.70243 880.76580
7266.09925 236.98745 7.96105 7.67199 881.34982
7265.63282 236.24883 7.93649 7.64808 880.05598
7265.45863 235.98326 7.92812 7.63949 879.38744
7264.88850 234.97908 7.89398 7.60698 880.18743
7264.63232 234.55073 7.88063 7.59311 880.15234
7264.28475 233.97490 7.86334 7.57447 878.45952
7263.72697 232.97071 7.83060 7.54196 878.24056
7263.63182 232.82511 7.82619 7.53725 878.03870
7263.05441 231.96653 7.79909 7.50945 877.69131
7262.63132 231.37508 7.77753 7.49031 876.83521
7262.36790 230.96234 7.76367 7.47694 876.21952
7261.80684 229.95816 7.73167 7.44444 877.11886
7261.63082 229.68765 7.72224 7.43568 876.54579
7261.16897 228.95397 7.69626 7.41193 875.68147
7260.63032 228.08879 7.67052 7.38392 874.75111
7260.53935 227.94979 7.66692 7.37942 874.43625
7259.94081 226.94561 7.63046 7.34691 874.41083
7259.62981 226.48296 7.61581 7.33193 873.24750
7259.28609 225.94142 7.60121 7.31440 872.49664
7258.75269 224.93724 7.57130 7.28189 872.48497
7258.62931 224.75661 7.56577 7.27605 871.82702
7258.11837 223.93305 7.53383 7.24938 871.46508
7257.62881 223.13144 7.51195 7.22343 871.13691
7257.49594 222.92887 7.50551 7.21688 870.71573
7256.88522 221.92469 7.46839 7.18437 870.42638
7256.62831 221.54080 7.45818 7.17194 869.47679
7256.23613 220.92050 7.43978 7.15186 868.86515
7255.62781 219.98954 7.40817 7.12172 866.95195
7255.57685 219.91632 7.40584 7.11935 866.62968
7254.96439 218.91213 7.37427 7.08684 866.72167
7254.62731 218.40943 7.35648 7.07057 867.07765
7254.28535 217.90795 7.33738 7.05433 867.38204
7253.62681 216.92259 7.30535 7.02244 865.81032
7253.61414 216.90377 7.30497 7.02183 865.74040
7253.07404 215.89958 7.27632 6.98932 865.71682
7252.62631 215.22092 7.25072 6.96735 864.46860
7252.41962 214.89540 7.24147 6.95681 864.21254
7251.83396 213.89121 7.20817 6.92430 865.28665
7251.62581 213.57525 7.19843 6.91407 864.74795
7251.19136 212.88703 7.17196 6.89179 864.20983
7250.62531 211.97847 7.14538 6.86238 863.89965
7250.56186 211.88285 7.14291 6.85928 863.70289
7249.94028 210.87866 7.10540 6.82677 863.61023
7249.62481 210.41458 7.09111 6.81175 862.40082
7249.27973 209.87448 7.07473 6.79427 861.89704
7248.64906 208.87029 7.04075 6.76176 861.54105
7248.62431 208.83426 7.03929 6.76059 861.46271
7248.03873 207.86611 7.00903 6.72925 860.93050
7247.62381 207.18525 6.99216 6.70721 859.40939
7247.42296 206.86192 6.97944 6.69674 859.47586
7246.81015 205.85774 6.94160 6.66423 860.21019
7246.62331 205.58063 6.93412 6.65526 859.59713
7246.14844 204.85356 6.91498 6.63172 858.25828
7245.62281 204.07635 6.88440 6.60656 857.76420
7245.45862 203.84937 6.87675 6.59922 857.61930
7244.79095 202.84519 6.84378 6.56671 858.90836
7244.62231 202.60883 6.83756 6.55906 857.98733
7244.14658 201.84100 6.80786 6.53420 857.81166
7243.62181 201.02249 6.78200 6.50770 857.40652
7243.49837 200.83682 6.77787 6.50169 857.17999
7242.86296 199.83264 6.74004 6.46918 856.94010
7242.62131 199.47829 6.72904 6.45771 856.39257
7242.20285 198.82845 6.71149 6.43667 855.49513
7241.62081 197.84148 6.68178 6.40472 854.78785
7241.60977 197.82427 6.68109 6.40417 854.78765
7240.97226 196.82008 6.64438 6.37166 854.90204
7240.62031 196.27039 6.62913 6.35386 854.72850
7240.31169 195.81590 6.61417 6.33915 853.89184
7239.65709 194.81172 6.57827 6.30664 853.18563
7239.61981 194.75762 6.57678 6.30489 853.05967
7239.01126 193.80753 6.54890 6.27413 852.92149
7238.61931 193.26372 6.52884 6.25653 851.00749
7238.30906 192.80335 6.51238 6.24162 850.41121
7237.71386 191.79916 6.47989 6.20911 852.13221
7237.61881 191.65923 6.47496 6.20458 851.83143
7236.99251 190.79498 6.44371 6.17661 850.96329
7236.61831 190.25064 6.42692 6.15898 851.24744
7236.32852 189.79079 6.41675 6.14410 850.42491
7235.66346 188.78661 6.38122 6.11159 849.05325
7235.61781 188.72606 6.37939 6.10963 848.76031
7235.01663 187.78243 6.34988 6.07908 849.18685
7234.61731 187.20349 6.33146 6.06034 848.11141
7234.32140 186.77824 6.31665 6.04657 847.16538
7233.67442 185.77406 6.28286 6.01406 847.41553
7233.61681 185.68888 6.28077 6.01131 847.32657
7233.01791 184.76987 6.24775 5.98156 847.23937
7232.61631 184.20393 6.22712 5.96323 845.80581
7232.32227 183.76569 6.21697 5.94905 845.45853
7231.66516 182.76151 6.18177 5.91654 845.41566
7231.61581 182.69281 6.17941 5.91431 845.25692
7231.01663 181.75732 6.14862 5.88403 845.16662
7230.61531 181.10446 6.13398 5.86289 843.95790
7230.39132 180.75314 6.12029 5.85152 844.28603
7229.73543 179.74895 6.08138 5.81901 844.78596
7229.61481 179.57506 6.07745 5.81338 844.50774
7229.04573 178.74477 6.05178 5.78650 843.73227
7228.61431 178.13049 6.03084 5.76662 842.18369
7228.33573 177.74059 6.01848 5.75400 840.98063
7227.63595 176.73640 5.98717 5.72149 842.89909
7227.61381 176.70851 5.98625 5.72058 842.81290
7226.90430 175.73222 5.94575 5.68898 842.05415
7226.61331 175.33024 5.93778 5.67597 840.73811
7226.18448 174.72803 5.92072 5.65647 839.39290
7225.61281 173.92651 5.89259 5.63052 837.77150
7225.46883 173.72385 5.88659 5.62396 837.36852
7224.80812 172.71967 5.85569 5.59145 837.86177
7224.61231 172.42686 5.84768 5.58197 836.69224
7224.17397 171.71548 5.82115 5.55895 836.64419
7223.61181 170.88605 5.79662 5.53209 836.89512
7223.48690 170.71130 5.79140 5.52644 836.53279
7222.81486 169.70711 5.75219 5.49393 836.92995
7222.61131 169.42750 5.74398 5.48488 836.23872
7222.10001 168.70293 5.72380 5.46142 835.36670
7221.61081 168.01313 5.69912 5.43909 834.39458
7221.38716 167.69874 5.68644 5.42891 833.91758
7220.73795 166.69456 5.65413 5.39640 835.92089
7220.61031 166.52082 5.64890 5.39078 835.53712
7220.03485 165.69038 5.61616 5.36389 834.82676
7219.60980 165.09608 5.60007 5.34466 834.15142
7219.27335 164.68619 5.58719 5.33139 833.98982
7218.60930 163.76271 5.55605 5.30149 833.29101
7218.55536 163.68201 5.55357 5.29888 833.00508
7217.90353 162.67782 5.52205 5.26637 834.04384
7217.60880 162.27403 5.50929 5.25330 833.35767
7217.16365 161.67364 5.48502 5.23386 831.93474
7216.60830 160.89545 5.46414 5.20867 831.26056
7216.43985 160.66946 5.45768 5.20135 830.71004
7215.71941 159.66527 5.42106 5.16884 829.75709
7215.60780 159.52249 5.41640 5.16422 829.18009
7215.00123 158.66109 5.39206 5.13634 829.04929
7214.60730 158.14336 5.37539 5.11957 827.47300
7214.25371 157.65690 5.35305 5.10383 826.94057
7213.60680 156.73961 5.32893 5.07413 826.95323
7213.54122 156.65272 5.32615 5.07132 826.73840
7212.85220 155.64854 5.28375 5.03881 828.06318
7212.60630 155.30073 5.27336 5.02755 828.31772
7212.14314 154.64435 5.25896 5.00630 826.07417
7211.60580 153.90795 5.23676 4.98246 823.55591
7211.41444 153.64017 5.22494 4.97379 823.80516
7210.73262 152.63598 5.19506 4.94128 825.18961
7210.60530 152.47262 5.18898 4.93600 824.72733
7209.90907 151.63180 5.15457 4.90878 823.63765
7209.60480 151.25401 5.14545 4.89655 823.81727
7209.14288 150.62762 5.12557 4.87627 823.77478
7208.60430 149.90903 5.09960 4.85300 822.25874
7208.39251 149.62343 5.08961 4.84376 822.06528
7207.67480 148.61925 5.06014 4.81125 822.80498
7207.60380 148.52865 5.05686 4.80832 822.53412
7206.92815 147.61506 5.01801 4.77874 821.94457
7206.60330 147.18702 5.01035 4.76489 821.58371
7206.17345 146.61088 4.99010 4.74623 821.03456
7205.60280 145.75319 4.96169 4.71847 820.02949
7205.50256 145.60669 4.95811 4.71373 820.23536
7204.72137 144.60251 4.92528 4.68122 818.40356
7204.60230 144.45251 4.91984 4.67636 817.90443
7204.00460 143.59833 4.88883 4.64871 819.92075
7203.60180 143.07386 4.87680 4.63173 819.13230
7203.23174 142.59414 4.85924 4.61620 818.40573
7202.60130 141.74825 4.82795 4.58882 818.56048
7202.47437 141.58996 4.82528 4.58369 817.88385
7201.67704 140.58577 4.78683 4.55118 816.92236
7201.60080 140.49548 4.78305 4.54826 817.07319
7200.88417 139.58159 4.75394 4.51867 819.73181
7200.60030 139.25410 4.74529 4.50807 817.31951
7200.06769 138.57741 4.72105 4.48617 815.60438
7199.59980 137.98304 4.70210 4.46692 814.88370
7199.27781 137.57322 4.69192 4.45366 814.51740
7198.59930 136.59085 4.65492 4.42186 813.81639
7198.58330 136.56904 4.65406 4.42115 813.79175
7197.82721 135.56485 4.62892 4.38864 814.67933
7197.59880 135.29642 4.61694 4.37995 813.22678
7197.02386 134.56067 4.58836 4.35613 812.74288
7196.59830 134.01052 4.57549 4.33832 812.65425
7196.23030 133.55649 4.55652 4.32362 811.60071
7195.59780 132.73976 4.52829 4.29718 811.63409
7195.44741 132.55230 4.52356 4.29112 811.36906
7194.62289 131.54812 4.49181 4.25861 808.84342
7194.59730 131.51856 4.49063 4.25765 808.68797
7193.85380 130.54393 4.45666 4.22610 809.90807
7193.59680 130.21836 4.44979 4.21556 809.83808
7193.05518 129.53975 4.41757 4.19359 808.92896
7192.59630 128.95068 4.40059 4.17452 810.39946
7192.23340 128.53556 4.39652 4.16108 809.01603
7191.59580 127.81178 4.36641 4.13765 804.97484
7191.38754 127.53138 4.35610 4.12857 805.85557
7190.62529 126.52720 4.32295 4.09606 808.02966
7190.59530 126.49218 4.32147 4.09493 807.91660
7189.83821 125.52301 4.28550 4.06356 809.21834
7189.59480 125.23003 4.27752 4.05407 808.68007
7189.00878 124.51883 4.25447 4.03105 807.94147
7188.59430 124.03250 4.23462 4.01530 806.57536
7188.16282 123.51464 4.22228 3.99854 805.76668
7187.59380 122.84505 4.20143 3.97686 804.15058
7187.31040 122.51046 4.18397 3.96603 803.41227
7186.59330 121.63340 4.16485 3.93764 803.40340
7186.48751 121.50628 4.16049 3.93352 803.28987
7185.68522 120.50209 4.11469 3.90101 804.68039
7185.59280 120.38824 4.11303 3.89733 804.90048
7184.87394 119.49791 4.08128 3.86851 804.74910
7184.59230 119.13594 4.06820 3.85679 802.84848
7184.06863 118.49372 4.05651 3.83600 802.98920
7183.59180 118.02559 4.03921 3.82084 801.73714
7183.12461 117.48954 4.01622 3.80349 802.39874
7182.59130 116.85045 3.99732 3.78280 801.93660
7182.26144 116.48536 3.98684 3.77098 800.32141
7181.59080 115.72022 3.96004 3.74621 798.65362
7181.37613 115.48117 3.95128 3.73847 797.74547
7180.59030 114.60412 3.93265 3.71008 794.80966
7180.48190 114.47699 3.92593 3.70596 794.79216
7179.65404 113.47280 3.88890 3.67346 796.66022
7179.58979 113.39578 3.88800 3.67096 796.76334
7178.80301 112.46862 3.84496 3.64095 797.30860
7178.58929 112.23291 3.83940 3.63332 796.41644
7177.91562 111.46444 3.82521 3.60844 796.16144
7177.58879 111.08484 3.80143 3.59615 795.12434
7177.11380 110.46025 3.78709 3.57593 794.62586
7176.58829 109.83315 3.76952 3.55563 795.56760
7176.24398 109.45607 3.74845 3.54342 794.89002
7175.58779 108.71943 3.73127 3.51957 793.62117
7175.33535 108.45188 3.72516 3.51091 791.88314
7174.58729 107.68594 3.68874 3.48612 790.85400
7174.36971 107.44770 3.68341 3.47840 792.59838
7173.58679 106.63192 3.65868 3.45200 789.35607
7173.41112 106.44351 3.65065 3.44590 788.45922
7172.58629 105.50003 3.62078 3.41535 789.64539
7172.53031 105.43933 3.61902 3.41339 789.49068
7171.62813 104.43515 3.58212 3.38088 789.09257
7171.58579 104.38985 3.58039 3.37941 788.96441
7170.69952 103.43096 3.55563 3.34837 787.18819
7170.58529 103.31079 3.55111 3.34448 786.66940
7169.80492 102.42678 3.51442 3.31586 788.70047
7169.58479 102.16667 3.50997 3.30744 790.04990
7168.98531 101.42259 3.47982 3.28335 790.41185
7168.58429 100.99601 3.46476 3.26954 786.81167
7168.05103 100.41841 3.45946 3.25085 787.22988
7167.58379 99.92894 3.42927 3.23500 786.01006
7167.10317 99.41423 3.41432 3.21834 785.02995
7166.58329 98.83944 3.40526 3.19973 785.98268
7166.13636 98.41004 3.37386 3.18583 785.80682
7165.58279 97.86555 3.36050 3.16820 787.21257
7165.15779 97.40586 3.35688 3.15332 787.45602
7164.58229 96.80869 3.31274 3.13399 785.55514
7164.19938 96.40167 3.31065 3.12081 785.78105
7163.58179 95.76368 3.29189 3.10016 784.19124
7163.22550 95.39749 3.26782 3.08830 783.38842
7162.58129 94.71323 3.26368 3.06615 783.82137
7162.26819 94.39331 3.24697 3.05579 782.89740
7161.58079 93.70129 3.20968 3.03339 781.67070
7161.27230 93.38912 3.21225 3.02329 778.93863
7160.58029 92.62162 3.17725 2.99844 774.67706
7160.37058 92.38494 3.16560 2.99078 776.15475
7159.57979 91.56572 3.14940 2.96426 777.01962
7159.39738 91.38075 3.13668 2.95827 776.58864
7158.57929 90.55567 3.11304 2.93156 775.20859
7158.40365 90.37657 3.11205 2.92576 775.15249
7157.57879 89.56611 3.05408 2.89952 771.06454
7157.37195 89.37238 3.05558 2.89325 769.83845
7156.57829 88.65787 3.04480 2.87012 770.57371
7156.29619 88.36820 3.01289 2.86074 772.28819
7155.57779 87.63545 2.99257 2.83702 772.37436
7155.30780 87.36402 2.98543 2.82824 772.42039
7154.57729 86.67459 2.92802 2.80592 768.30946
7154.25470 86.35983 2.91855 2.79573 767.50205
7153.57679 85.66698 2.88311 2.77330 769.30833
7153.25873 85.35565 2.85915 2.76322 768.70551
7152.57629 84.63078 2.82231 2.73975 775.53940
7152.30216 84.35146 2.80668 2.73071 776.20181
7151.57579 83.55064 2.76090 2.70478 774.84360
7151.37943 83.34728 2.75157 2.69820 775.05774
7150.57529 82.70799 2.71738 2.67751 757.88942
7150.18863 82.34310 2.68291 2.66569 756.38364
7149.57479 81.79014 2.63676 2.64779 750.09143
7149.12181 81.33891 2.62487 2.63318 750.07734
7148.57429 80.81506 2.56741 2.61623 753.72898
7148.06283 80.33473 2.53054 2.60068 760.52997
7147.57379 79.90696 2.54507 2.58683 756.53245
7147.00816 79.33054 2.50209 2.56817 759.30266
7146.57329 78.89371 2.47944 2.55403 760.54586
7145.97485 78.32636 2.47729 2.53566 754.45208
7145.57279 77.92617 2.45104 2.52270 750.31749
7145.05764 77.32218 2.43197 2.50315 752.77398
7144.57229 76.74196 2.41960 2.48437 751.91767
7144.22710 76.31799 2.40642 2.47064 751.11020
7143.57179 75.45782 2.36375 2.44280 742.13554
7143.46710 75.31381 2.36026 2.43813 739.31946
7142.91910 74.30962 2.34486 2.40563 756.55967
7142.57129 73.75781 2.29774 2.38776 757.30445
7142.24589 73.30544 2.28113 2.37312 748.39133
7141.64479 72.30126 2.27366 2.34061 745.19438
7141.57079 72.18561 2.26811 2.33686 743.37527
7141.03923 71.29707 2.21115 2.30810 734.12961
7140.57029 70.41766 2.19228 2.27963 731.03103
7140.49814 70.29289 2.19251 2.27559 729.09276
7139.96863 69.28870 2.15313 2.24308 718.80411
7139.56978 68.52337 2.10662 2.21831 711.65476
7139.44184 68.28452 2.09490 2.21057 710.11868
7138.95232 67.28033 2.07679 2.17807 710.53982
7138.56928 66.46133 2.05090 2.15155 705.20784
7138.47518 66.27615 2.04286 2.14556 700.15112
7138.05622 65.27197 1.97712 2.11305 689.38418
7137.59383 64.26778 1.96164 2.08054 675.61328
7137.56878 64.21942 1.96114 2.07898 674.53204
7137.13826 63.26360 1.93722 2.04803 662.60588
7136.66976 62.25941 1.89344 2.01552 648.32788
7136.56828 62.08399 1.88786 2.00984 643.94057
7136.14983 61.25523 1.87088 1.98302 631.32571
7135.64233 60.25105 1.85308 1.95051 618.89172
7135.56778 60.12696 1.85004 1.94649 616.58079
7134.98851 59.24686 1.82773 1.91800 598.50152
7134.56728 58.70612 1.82009 1.90049 585.04014
7134.16330 58.24268 1.81329 1.88549 572.31870
7133.56678 57.44139 1.79607 1.85955 556.28489
7133.40982 57.23849 1.79143 1.85298 552.34212
7132.65441 56.23431 1.76722 1.82047 538.15422
7132.56628 56.12817 1.76412 1.81704 536.35957
7131.91006 55.23013 1.73597 1.78796 526.30001
7131.56578 54.69850 1.72096 1.77075 522.43480
7131.19100 54.22594 1.70573 1.75546 516.52235
7130.56528 53.41436 1.67970 1.72918 510.70854
7130.41285 53.22176 1.67366 1.72295 509.39737
7129.63503 52.21757 1.63860 1.69044 499.85713
7129.56478 52.13193 1.63586 1.68767 498.85231
7128.77232 51.21339 1.60490 1.65793 487.85797
7128.56428 50.95805 1.59545 1.64967 485.41461
7127.90294 50.20921 1.56846 1.62542 476.83011
7127.56378 49.84851 1.55559 1.61375 472.24599
7126.93808 49.20502 1.53327 1.59291 464.03676
7126.56328 48.79684 1.51951 1.57970 459.35634
7125.92932 48.20084 1.50010 1.56041 449.41753
7125.56278 47.92169 1.49025 1.55137 443.24713
7124.58423 47.19665 1.46346 1.52790 428.30580
7124.56228 47.18034 1.46276 1.52737 427.97760
7123.56178 46.46347 1.43691 1.50416 413.15960
7123.20168 46.19247 1.42887 1.49539 408.36827
7122.56128 45.77298 1.41225 1.48181 398.97702
7121.73227 45.18828 1.39269 1.46288 388.54513
7121.56078 45.04438 1.38749 1.45822 387.25384
7120.56028 44.22719 1.35606 1.43177 378.08947
7120.51448 44.18410 1.35472 1.43037 377.66192
7119.55978 43.30322 1.32643 1.40186 369.39027
7119.41059 43.17992 1.32182 1.39786 367.93019
7118.55928 42.47212 1.29670 1.37495 359.81810
7118.18430 42.17573 1.28638 1.36535 356.15687
7117.55878 41.73367 1.26985 1.35104 349.42821
7116.83361 41.17155 1.24732 1.33285 342.54090
7116.55828 40.95262 1.24068 1.32576 340.10527
7115.55778 40.31991 1.22038 1.30528 329.08690
7115.27786 40.16736 1.21411 1.30034 325.55558
7114.55728 39.76619 1.20103 1.28735 316.78478
7113.55678 39.24723 1.18568 1.27055 304.89716
7113.39238 39.16318 1.18265 1.26783 303.24869
7112.55628 38.85155 1.16788 1.25774 294.58149
7111.55578 38.29830 1.15104 1.23983 284.43493
7111.34566 38.15900 1.14690 1.23532 282.65539
7110.55528 37.58706 1.12718 1.21681 276.59281
7109.97172 37.15481 1.11240 1.20281 272.27754
7109.55478 36.81137 1.10092 1.19169 269.59685
7108.74599 36.15063 1.07722 1.17030 264.33687
7108.55428 35.99863 1.07075 1.16538 263.04317
7107.56535 35.14644 1.04236 1.13780 257.04026
7107.55378 35.13572 1.04205 1.13745 256.97675
7106.55328 34.38713 1.01469 1.11321 249.86685
7106.18155 34.14226 1.00560 1.10529 246.94959
7105.55278 33.84323 0.99704 1.09561 241.11739
7104.55228 33.45493 0.98340 1.08304 231.21878
7103.86329 33.13808 0.96944 1.07278 225.76251
7103.55178 32.97798 0.96371 1.06760 223.72643
7102.55128 32.40703 0.94453 1.04911 216.22857
7102.10310 32.13389 0.93637 1.04027 213.01848
7101.55078 31.80386 0.92352 1.02959 209.12215
7100.55028 31.25428 0.90363 1.01179 201.77310
7100.31897 31.12971 0.90059 1.00776 200.01346
7099.54977 30.74741 0.88982 0.99539 193.97947
7098.54927 30.21572 0.86974 0.97817 186.63467
7098.40279 30.12552 0.86610 0.97525 185.71165
7097.54877 29.63926 0.85218 0.95951 180.27419
7096.61039 29.12134 0.83594 0.94275 174.27700
7096.54827 29.08638 0.83465 0.94161 173.88412
7095.54777 28.55543 0.81305 0.92442 167.68566
7094.64353 28.11715 0.80092 0.91024 162.75907
7094.54727 28.07250 0.79960 0.90879 162.14155
7093.54677 27.58923 0.78181 0.89315 155.86226
7092.72795 27.11297 0.76293 0.87773 151.32027
7092.54627 27.00006 0.75962 0.87407 150.35798
7091.54577 26.49146 0.74742 0.85761 144.68194
7090.69275 26.10879 0.73403 0.84522 139.78359
7090.54527 26.03088 0.73103 0.84270 138.99794
7089.54477 25.50952 0.71313 0.82582 133.74074
7088.85630 25.10460 0.69966 0.81271 130.36641
7088.54427 24.92404 0.69205 0.80687 128.85161
7087.54377 24.22625 0.66709 0.78428 124.32786
7087.35285 24.10042 0.66384 0.78020 123.46147
7086.54327 23.61762 0.65016 0.76457 120.25566
7085.54899 23.09623 0.62816 0.74769 115.66388
7085.54277 23.09324 0.62800 0.74760 115.63444
7084.54227 22.80315 0.61453 0.73821 110.68352
7083.54177 22.57018 0.60927 0.73066 105.83314
7082.54127 22.27133 0.60375 0.72099 101.30208
7082.08434 22.09205 0.59843 0.71519 99.36819
7081.54077 21.90416 0.58972 0.70910 97.10092
7080.54027 21.47594 0.57833 0.69524 93.25385
7079.81868 21.08787 0.56859 0.68268 90.69788
7079.53977 20.92257 0.56372 0.67733 89.72843
7078.53927 20.31347 0.53902 0.65761 86.28449
7078.18630 20.08368 0.53089 0.65017 85.08731
7077.53877 19.68915 0.52334 0.63740 83.14594
7076.53827 19.20225 0.50836 0.62163 79.92161
7076.23766 19.07950 0.50367 0.61766 78.92151
7075.53777 18.83664 0.49277 0.60980 76.67543
7074.53727 18.64616 0.48136 0.60363 73.60438
7073.53677 18.37302 0.47612 0.59479 70.70059
7072.80068 18.07531 0.46895 0.58515 68.64480
7072.53627 17.96820 0.46596 0.58168 67.91989
7071.53577 17.49576 0.44676 0.56639 65.22067
7070.81730 17.07113 0.43587 0.55264 63.26998
7070.53527 16.88032 0.43297 0.54647 62.49382
7069.53477 16.34637 0.41636 0.52918 59.88822
7068.80213 16.06695 0.40214 0.52014 58.13024
7068.53427 15.96804 0.39734 0.51693 57.56640
7067.53377 15.65878 0.38914 0.50692 55.50463
7066.53327 15.33795 0.38433 0.49654 53.38155
7065.81181 15.06276 0.37583 0.48763 51.87573
7065.53277 14.95295 0.37152 0.48407 51.29479
7064.53227 14.51988 0.35254 0.47005 49.22610
7063.58784 14.05858 0.34389 0.45512 47.23010
7063.53177 14.02987 0.34353 0.45419 47.10964
7062.53127 13.57631 0.33082 0.43951 45.12731
7061.53077 13.21943 0.31518 0.42795 43.43644
7061.00982 13.05439 0.30820 0.42261 42.62709
7060.53027 12.91343 0.30288 0.41805 41.91234
7059.52976 12.72383 0.30013 0.41191 40.75589
7058.52926 12.49838 0.29781 0.40461 39.47818
7057.52876 12.17939 0.28679 0.39428 38.05637
7057.24805 12.05021 0.28061 0.39010 37.58299
7056.52826 11.72521 0.26965 0.37958 36.40203
7055.52776 11.26777 0.26185 0.36477 34.78808
7054.97890 11.04603 0.25937 0.35759 33.97401
7054.52726 10.89250 0.25656 0.35262 33.37510
7053.52676 10.60315 0.24316 0.34326 32.18762
7052.52626 10.23165 0.22919 0.33123 30.85394
7052.12787 10.04184 0.22601 0.32508 30.22985
7051.52576 9.78994 0.22407 0.31693 29.39698
7050.52526 9.50130 0.21792 0.30759 28.33763
7049.52476 9.23013 0.20609 0.29881 27.31925
7048.88026 9.03766 0.19263 0.29258 26.63397
7048.52426 8.93664 0.18765 0.28931 26.27462
7047.52376 8.69602 0.18245 0.28152 25.37992
7046.52326 8.46738 0.18185 0.27411 24.53611
7045.52276 8.22024 0.18171 0.26611 23.65175
7044.93578 8.03347 0.17580 0.26007 23.03614
7044.52226 7.92084 0.17094 0.25642 22.65234
7043.52176 7.65270 0.15903 0.24774 21.73795
7042.52126 7.42500 0.15122 0.24037 20.93385
7041.52076 7.24588 0.15047 0.23457 20.28789
7040.52026 7.05598 0.14943 0.22842 19.59738
7040.41282 7.02929 0.14980 0.22756 19.50752
7039.51976 6.87841 0.15249 0.22267 18.93495
7038.51926 6.70125 0.15305 0.21694 18.27807
7037.51876 6.56571 0.15093 0.21255 17.72287
7036.51826 6.46336 0.14854 0.20924 17.25806
7035.51776 6.40030 0.14734 0.20720 16.88462
7034.51726 6.26199 0.14574 0.20272 16.32121
7033.60354 6.02510 0.14582 0.19505 15.54952
7033.51676 6.00399 0.14576 0.19437 15.48028
7032.51626 5.79271 0.14213 0.18753 14.73922
7031.51576 5.59458 0.13603 0.18111 14.01990
7030.51526 5.42247 0.12809 0.17554 13.39165
7029.51476 5.46799 0.12748 0.17702 13.30298
7028.51426 5.39641 0.13426 0.17470 12.92322
7027.51376 5.13979 0.13258 0.16639 12.09923
7027.26968 5.02092 0.13077 0.16254 11.77418
0.00000 0.00000 0.00000 0.00000 0.00000
