7247.45267 244.99537 8.32923 7.93124 525.14778
7247.00821 244.34316 8.30842 7.91012 523.45065
7246.37634 243.31736 8.27742 7.87691 521.64250
7246.33941 243.27061 8.27600 7.87540 521.32290
7245.87617 242.58580 8.25568 7.85323 518.88430
7245.33536 241.78451 8.23114 7.82729 518.24881
7245.04630 241.34849 8.21812 7.81317 518.02913
7244.40283 240.32445 8.18669 7.78002 516.61500
7244.10039 239.85113 8.17192 7.76470 515.67422
7243.67075 239.13132 8.15011 7.74140 515.08647
7243.07990 238.15598 8.12059 7.70982 514.06247
7243.14413 238.26136 8.12380 7.71323 514.18143
7242.55066 237.30996 8.09468 7.68244 512.84246
7242.29488 236.91350 8.08242 7.66960 512.14413
7241.93879 236.39177 8.06596 7.65271 510.76558
7241.27260 235.33334 8.03353 7.61845 509.09630
7241.18865 235.21535 8.02972 7.61463 508.72867
7240.67822 234.39874 8.00470 7.58819 507.62172
7240.38056 233.96503 7.99215 7.57415 505.82660
7239.88636 233.23354 7.97026 7.55047 503.49877
7239.23137 232.13652 7.93712 7.51496 502.63482
7239.26281 232.19626 7.93884 7.51689 502.59952
7238.61068 231.19467 7.90799 7.48447 500.69597
7237.99997 230.15330 7.87684 7.45075 500.01565
7238.15414 230.40020 7.88441 7.45875 500.38646
7237.56051 229.49836 7.85633 7.42955 498.35422
7237.39245 229.26272 7.84887 7.42192 497.66615
7236.92236 228.57520 7.82811 7.39967 496.88799
7236.37267 227.77222 7.80405 7.37367 496.13397
7236.05726 227.30296 7.78957 7.35848 495.05477
7235.43579 226.31361 7.75913 7.32645 493.45693
7235.29209 226.10563 7.75260 7.31972 492.92069
7234.84454 225.42599 7.73303 7.29772 490.85586
7234.30070 224.60389 7.70856 7.27110 488.63152
7234.00134 224.14911 7.69437 7.25638 487.73599
7233.45182 223.23487 7.66746 7.22678 486.97669
7233.41070 223.19206 7.66593 7.22540 486.62953
7232.63692 222.04075 7.63065 7.18813 484.05575
7231.91819 220.73248 7.59320 7.14577 484.18771
7232.29488 221.36316 7.61183 7.16619 484.78338
7231.67891 220.43457 7.58341 7.13613 482.72627
7231.29352 219.85807 7.56606 7.11747 481.46445
7230.95894 219.35138 7.55056 7.10106 480.45346
7230.31708 218.36065 7.52073 7.06899 478.67223
7230.16231 218.13097 7.51377 7.06155 478.14796
7229.60287 217.23130 7.48636 7.03243 477.15327
7229.36810 216.86407 7.47564 7.02054 476.59586
7229.26244 216.73987 7.47175 7.01652 475.81282
7228.50889 215.68164 7.43987 6.98226 471.33545
7228.31343 215.40269 7.43094 6.97323 470.53273
7227.70541 214.49085 7.40567 6.94371 469.62696
7227.32378 213.94653 7.39020 6.92609 469.13627
7226.76060 213.06977 7.36496 6.89771 468.30021
7226.15135 212.04233 7.33484 6.86445 467.10757
7226.32677 212.33054 7.34304 6.87378 467.34742
7225.70508 211.40168 7.31612 6.84371 465.46367
7225.28922 210.77326 7.29701 6.82336 464.23025
7225.01564 210.36457 7.28420 6.81013 463.37093
7224.36109 209.36802 7.25537 6.77787 461.49166
7224.23055 209.17757 7.25003 6.77171 461.03112
7223.70216 208.35391 7.22533 6.74504 459.90316
7223.36497 207.86403 7.20995 6.72918 458.08799
7222.91272 207.19233 7.19346 6.70744 455.91703
7222.26867 206.14511 7.15884 6.67354 454.94416
7222.30622 206.21554 7.16142 6.67582 454.90580
7221.70008 205.30324 7.13178 6.64628 453.14535
7221.22618 204.56395 7.11037 6.62235 452.05596
7220.85264 203.98702 7.09076 6.60367 451.10219
7220.32874 203.08319 7.06072 6.57441 450.88248
7220.49534 203.36435 7.06935 6.58351 451.05533
7219.94418 202.58928 7.04501 6.55842 448.70723
7219.46322 201.90362 7.02017 6.53623 447.18574
7219.12375 201.43112 7.00817 6.52093 446.74229
7218.43352 200.39029 6.96851 6.48724 445.75058
7218.36474 200.30136 6.96490 6.48436 445.36817
7217.83104 199.51163 6.93914 6.45879 443.65490
7217.48987 199.03977 6.92127 6.44351 442.21226
7217.02535 198.38357 6.89974 6.42227 439.51783
7216.32231 197.31136 6.86718 6.38756 437.49806
7216.31828 197.31320 6.86727 6.38762 437.40117
7215.60956 196.25173 6.82615 6.35326 435.40470
7215.15290 195.52377 6.80083 6.32969 434.53680
7214.95673 195.21723 6.79065 6.31977 434.13001
7214.34001 194.26624 6.75550 6.28898 432.71287
7214.29777 194.21085 6.75353 6.28719 432.50776
7213.81491 193.47895 6.72912 6.26349 431.31393
7213.50597 193.06753 6.71433 6.25018 429.87366
7212.96648 192.29358 6.68662 6.22512 428.01429
7212.27173 191.21583 6.64807 6.19023 426.47240
7212.26742 191.21587 6.64805 6.19023 426.39006
7211.66996 190.30580 6.61808 6.16077 424.77156
7211.49909 190.04697 6.61070 6.15239 423.96685
7211.42706 189.96501 6.60832 6.14974 423.36653
7210.73467 189.09477 6.57883 6.12156 419.23410
7209.97834 188.01433 6.54101 6.08659 417.77467
7209.37144 187.00369 6.50658 6.05387 418.35436
7209.23885 186.80755 6.49997 6.04752 417.92746
7208.91236 186.30715 6.48216 6.03132 417.06512
7208.34310 185.46651 6.45191 6.00411 415.46160
7208.28300 185.38378 6.44896 6.00143 415.23844
7207.63396 184.42655 6.41487 5.97044 413.45179
7207.39698 184.10073 6.40338 5.95989 412.48423
7206.94379 183.43383 6.38071 5.93830 411.26929
7206.45945 182.74553 6.35740 5.91602 409.62532
7206.15942 182.32746 6.34266 5.90249 408.67116
7205.47780 181.29539 6.30958 5.86908 405.99200
7205.42338 181.22366 6.30721 5.86675 405.69225
7204.89021 180.46305 6.28032 5.84213 403.98887
7204.40793 179.77317 6.25635 5.81980 402.49961
7204.17233 179.43519 6.24450 5.80886 401.79386
7203.46606 178.41949 6.20986 5.77597 399.65836
7203.09675 177.85970 6.19029 5.75785 398.82335
7202.69801 177.19565 6.16690 5.73635 398.59303
7202.59848 177.07029 6.16243 5.73230 398.11427
7202.40552 176.83488 6.15404 5.72468 397.08176
7201.65372 175.85238 6.12005 5.69287 394.27072
7201.31864 175.39224 6.10391 5.67797 393.89870
7200.67013 174.44795 6.07030 5.64740 392.96780
7200.49201 174.21361 6.06218 5.63982 392.03362
7200.01526 173.54074 6.03854 5.61803 390.41723
7199.53299 172.88078 6.01539 5.59667 388.82416
7199.14780 172.34747 5.99916 5.57940 386.88587
7198.44958 171.30806 5.96453 5.54576 384.82845
7198.50349 171.39069 5.96740 5.54843 384.91861
7197.80465 170.42298 5.93428 5.51710 382.65381
7197.26413 169.61729 5.90480 5.49102 381.51512
7197.11006 169.37588 5.89584 5.48321 381.29078
7196.46427 168.46522 5.86315 5.45372 379.38528
7196.34298 168.29323 5.85728 5.44816 379.06912
7195.71748 167.37360 5.82587 5.41839 377.52582
7195.50054 167.07587 5.81537 5.40875 376.82577
7195.06920 166.48082 5.79503 5.38948 375.46396
7194.47177 165.63554 5.76673 5.36212 373.81107
7194.53595 165.72874 5.76999 5.36514 373.94948
7193.77907 164.73443 5.73539 5.33295 371.18769
7193.49481 164.36081 5.72337 5.32085 370.02360
7192.95708 163.60185 5.69844 5.29628 367.47943
7192.69373 163.27414 5.68684 5.28567 366.35560
7192.17776 162.59534 5.66268 5.26370 365.61506
7191.52562 161.69728 5.63080 5.23463 364.22301
7191.23623 161.29916 5.61718 5.22174 363.23861
7190.56060 160.29649 5.58234 5.18928 361.95629
7190.40312 160.08243 5.57490 5.18235 361.49964
7190.00804 159.50435 5.55523 5.16363 360.60797
7189.64993 159.03893 5.53898 5.14857 359.29650
7189.29484 158.57311 5.52236 5.13349 358.04174
7188.52838 157.52080 5.48610 5.09942 355.79029
7188.45581 157.42103 5.48265 5.09619 355.57364
7187.80086 156.50068 5.45005 5.06640 353.90945
7187.65206 156.30876 5.44304 5.06018 353.32432
7187.23579 155.76560 5.42350 5.04260 351.92306
7186.69670 155.08195 5.40055 5.02047 349.88591
7186.37069 154.64939 5.38744 5.00646 348.27373
7185.62862 153.67028 5.35472 4.97477 345.51519
7185.44832 153.42622 5.34594 4.96687 345.00787
7184.70344 152.38149 5.30934 4.93305 343.14836
7184.57030 152.17880 5.30213 4.92648 342.86660
7184.42778 151.99156 5.29531 4.92042 342.39757
7183.87765 151.36608 5.27236 4.90017 340.45344
7183.14908 150.40029 5.23968 4.86891 339.34197
7182.40766 149.34290 5.20388 4.83468 337.57172
7182.51873 149.49844 5.20913 4.83971 337.79666
7181.85026 148.58234 5.17779 4.81006 336.20263
7181.73258 148.44317 5.17292 4.80555 335.78370
7181.16649 147.71671 5.14727 4.78203 333.74408
7180.69237 147.10169 5.12490 4.76212 332.31417
7180.44208 146.78207 5.11359 4.75178 331.60546
7179.76344 145.92552 5.08723 4.72405 328.35608
7179.51373 145.60862 5.07686 4.71379 327.56740
7178.78100 144.62964 5.04147 4.68210 325.48441
7178.71024 144.55054 5.03874 4.67953 325.16845
7177.91983 143.52229 5.00366 4.64625 322.80791
7177.40206 142.78279 4.97801 4.62231 321.82048
7177.26722 142.58605 4.97125 4.61594 321.59890
7176.74170 141.91201 4.94725 4.59412 319.94710
7176.91844 142.12937 4.95515 4.60115 320.59244
7176.05782 141.14372 4.92042 4.56925 317.12892
7175.62333 140.61057 4.90190 4.55199 315.61709
7174.87493 139.62487 4.86714 4.52008 313.74812
7174.71629 139.42140 4.86014 4.51349 313.60741
7174.26889 138.84928 4.83998 4.49497 313.00691
7173.84517 138.34894 4.82248 4.47877 311.60496
7173.35778 137.73101 4.80093 4.45877 310.08900
7172.79000 137.00960 4.77765 4.43541 307.98151
7172.61043 136.80011 4.77140 4.42863 307.16842
7171.77626 135.74515 4.73597 4.39448 304.53662
7171.60724 135.52846 4.72828 4.38746 304.08417
7170.89256 134.57834 4.69493 4.35670 302.35610
7170.67796 134.30248 4.68525 4.34777 301.82973
7170.29091 133.79785 4.66762 4.33144 300.77981
7169.92977 133.37139 4.65262 4.31763 299.63048
7169.51794 132.87976 4.63543 4.30172 298.27066
7168.82968 132.03451 4.60594 4.27435 296.08064
7168.62151 131.77722 4.59705 4.26602 295.47907
7167.81540 130.76947 4.56254 4.23340 293.18437
7168.07867 131.08230 4.57322 4.24353 294.08564
7167.25280 130.14578 4.54138 4.21321 291.20510
7166.95495 129.81015 4.52971 4.20234 290.07760
7166.29262 129.01521 4.50134 4.17661 288.46493
7166.00216 128.69785 4.49130 4.16634 287.56461
7165.32453 127.88610 4.46562 4.14006 285.67524
7164.90209 127.37253 4.44689 4.12343 284.21036
7164.51484 126.91388 4.43098 4.10858 283.15006
7163.88886 126.15977 4.40322 4.08417 281.36371
7163.47147 125.64906 4.38532 4.06764 280.16157
7162.65093 124.57975 4.34970 4.03302 278.28579
7162.85090 124.83200 4.35846 4.04119 278.85291
7162.06516 123.87294 4.32472 4.01014 276.70735
7162.02703 123.83512 4.32338 4.00891 276.57439
7161.31661 123.01250 4.29473 3.98228 274.37433
7160.95141 122.58612 4.28000 3.96848 273.32656
7160.40191 121.93241 4.25712 3.94732 271.84645
7159.94096 121.38937 4.23763 3.92974 270.51034
7159.66614 121.05805 4.22557 3.91901 269.84756
7159.26829 120.61432 4.20944 3.90465 268.56932
7159.09745 120.45183 4.20388 3.89939 267.98407
7158.28448 119.60547 4.17744 3.87199 265.46332
7157.81332 119.07682 4.16063 3.85487 263.97104
7157.06996 118.23321 4.12515 3.82756 262.02594
7156.60482 117.68256 4.10595 3.80974 261.18245
7155.79988 116.65343 4.07406 3.77642 259.39248
7155.97561 116.87289 4.08137 3.78353 259.98555
7155.21665 115.98146 4.04902 3.75467 257.81406
7155.04002 115.78636 4.04262 3.74835 257.31285
7154.40617 115.05087 4.01725 3.72454 255.68554
7154.10914 114.72630 4.00375 3.71403 254.91381
7153.57176 114.11311 3.98057 3.69418 253.57551
7153.16470 113.66982 3.96912 3.67983 252.45976
7152.64405 113.08736 3.95305 3.66098 251.13580
7152.13859 112.51590 3.93150 3.64248 249.85398
7151.76706 112.11068 3.91731 3.62936 248.89250
7151.10482 111.36148 3.89314 3.60511 247.34359
7150.98988 111.23307 3.88852 3.60095 247.04599
7150.33689 110.53486 3.86272 3.57835 245.38204
7150.35171 110.55667 3.86349 3.57905 245.41876
7149.48837 109.70593 3.83119 3.55151 243.45180
7148.70443 108.84989 3.80280 3.52380 241.65301
7147.84354 107.79878 3.76389 3.48977 239.66427
7148.13252 108.13396 3.78143 3.50062 240.33487
7147.23217 107.14146 3.71483 3.46849 238.27427
7147.35840 107.27619 3.72437 3.47285 238.57044
7146.45662 106.33766 3.66899 3.44247 236.64951
7146.07817 105.92933 3.64156 3.42925 235.80891
7145.32102 105.06357 3.58702 3.40122 234.01684
7145.25673 105.00433 3.58313 3.39931 233.88818
7144.55999 104.24933 3.53908 3.37486 232.51230
7144.40488 104.09459 3.53072 3.36985 232.17804
7143.66701 103.33256 3.49103 3.34518 230.73535
7143.26608 102.90884 3.46457 3.33147 229.93514
7142.63926 102.23339 3.42208 3.30960 228.58305
7142.35670 101.93692 3.40837 3.30000 228.05049
7141.81959 101.37893 3.39288 3.28194 227.32741
7141.58421 101.14230 3.38444 3.27428 227.01159
7140.89510 100.47855 3.35144 3.25279 225.95778
7140.18853 99.73811 3.31892 3.22882 224.71383
7139.66918 99.15277 3.28501 3.20987 223.56683
7139.33578 98.80816 3.27688 3.19872 222.90806
7138.91144 98.35958 3.27092 3.18419 222.03656
7138.46658 97.91652 3.24801 3.16985 221.31102
7138.02670 97.46602 3.22772 3.15527 220.57147
7137.57784 97.03232 3.22171 3.14123 219.96755
7136.95040 96.41151 3.19712 3.12113 219.04284
7136.45893 95.90493 3.18254 3.10473 218.35070
7135.99539 95.44481 3.17105 3.08983 217.63207
7135.42706 94.87411 3.14725 3.07136 216.83262
7135.03634 94.46496 3.13720 3.05811 216.17229
7134.59736 94.05228 3.13006 3.04475 215.71608
7133.99261 93.44924 3.11323 3.02523 214.89541
7133.53315 92.99442 3.10208 3.01051 214.71250
7132.94009 92.40636 3.08844 2.99147 214.24630
7132.65452 92.10683 3.08016 2.98177 213.72675
7132.01854 91.52804 3.06480 2.96304 213.22685
7131.33702 90.81857 3.04733 2.94007 212.18334
7130.97789 90.44361 3.03743 2.92793 211.52314
7130.46640 89.95870 3.02399 2.91223 210.65156
7130.00266 89.45930 3.01065 2.89607 209.72458
7129.78780 89.28149 3.00682 2.89031 209.68427
7129.04013 88.57737 2.98987 2.86752 209.02218
7128.75191 88.29503 2.98296 2.85838 208.66575
7128.23033 87.81973 2.97183 2.84299 208.30286
7127.81550 87.46781 2.96470 2.83160 208.22723
7126.90530 86.60724 2.94350 2.80374 207.40870
7126.44254 86.16565 2.93243 2.78944 206.98762
7125.52364 85.21196 2.90171 2.75857 205.45310
7125.27178 84.93479 2.89401 2.74959 204.87577
7124.50190 84.12245 2.88002 2.72330 203.65186
7123.89322 83.42914 2.86012 2.70085 202.76858
7123.11387 82.47409 2.80341 2.66993 200.19997
7122.37785 81.47659 2.77768 2.63764 197.14138
7121.84479 80.66875 2.77500 2.61149 194.15452
7121.25373 79.72342 2.59490 2.58089 190.19440
7121.29013 79.80241 2.61119 2.58344 190.58126
7120.52200 78.64033 2.51670 2.54582 186.43147
7120.03403 77.81972 2.47442 2.51926 183.38388
7119.62464 77.15857 2.45541 2.49785 181.01733
7119.03166 76.03189 2.41667 2.46138 176.63160
7118.84610 75.70861 2.40660 2.45091 175.60725
7118.49480 75.07847 2.38775 2.43052 173.84492
7117.93324 74.03526 2.35192 2.39674 170.37254
7117.47812 73.15096 2.32147 2.36812 167.63567
7117.03101 72.10337 2.28530 2.33420 164.53315
7116.70410 71.29213 2.25774 2.30794 162.46253
7116.63015 71.15800 2.25320 2.30360 162.17329
7116.07485 69.99225 2.21382 2.26586 160.00821
7115.72147 68.98615 2.17988 2.23329 158.89757
7115.44828 68.40040 2.16029 2.21433 158.46157
7115.43116 68.36625 2.15915 2.21322 158.43673
7114.99821 67.39857 2.12693 2.18189 158.32929
7114.59920 66.53172 2.09849 2.15383 158.69891
7114.66356 66.68073 2.10303 2.15866 158.60513
7114.35732 66.06314 2.08508 2.13866 158.77838
7113.96147 65.39627 2.06457 2.11707 158.85027
7114.18452 65.76075 2.07640 2.12887 158.72503
7113.65516 64.94832 2.04958 2.10257 158.80287
7114.02650 65.43009 2.06568 2.11817 159.07614
7113.41408 64.76505 2.04366 2.09664 158.15827
7112.67121 63.83715 2.01341 2.06660 158.21778
7112.31736 63.37643 1.99833 2.05169 158.29142
7111.70822 62.59816 1.97280 2.02649 158.00111
7111.37454 62.17326 1.95881 2.01273 157.82464
7110.56169 61.05180 1.92165 1.97643 158.15952
7110.40128 60.81560 1.91378 1.96878 158.33225
7109.80926 59.99056 1.88618 1.94207 158.83426
7109.43855 59.45032 1.86809 1.92459 159.35530
7109.35036 59.34198 1.86449 1.92108 159.32874
7108.67892 58.47882 1.83506 1.89313 159.70985
7108.74563 58.56361 1.83792 1.89588 159.68708
7107.92615 57.56665 1.80663 1.86361 158.96986
7107.98197 57.63130 1.80848 1.86570 159.09589
7107.28275 56.82288 1.78253 1.83953 158.34357
7107.29013 56.83861 1.78308 1.84004 158.28627
7106.51341 56.01727 1.75455 1.81345 157.43290
7106.91522 56.36997 1.76668 1.82487 158.47224
7106.48974 56.03572 1.75516 1.81404 157.05543
7106.77963 56.26325 1.76299 1.82141 158.01934
7105.70838 55.50061 1.73665 1.79672 153.97168
7105.38873 55.26072 1.72827 1.78896 152.90265
7104.62724 54.70817 1.70904 1.77107 150.28807
7104.06603 54.28683 1.69439 1.75743 148.70461
7103.72263 54.05207 1.68627 1.74983 147.89917
7102.65392 53.27269 1.65899 1.72460 144.95946
7101.92644 52.68779 1.63858 1.70566 143.17946
7100.90146 51.78280 1.60701 1.67636 141.22673
7100.59569 51.49891 1.59714 1.66717 140.73958
7099.83969 50.79512 1.57253 1.64439 139.55324
7099.91453 50.87096 1.57518 1.64685 139.62366
7099.22605 50.29658 1.55510 1.62825 138.21199
7099.03138 50.14162 1.54972 1.62323 137.77276
7098.77856 49.95793 1.54333 1.61729 137.09164
7097.94481 49.37984 1.52279 1.59857 134.82571
7098.16146 49.51978 1.52781 1.60310 135.43330
7097.39380 49.03162 1.51046 1.58730 133.26288
7097.13160 48.89802 1.50594 1.58298 132.26804
7097.00141 48.81068 1.50322 1.58015 131.86413
7095.99783 48.32652 1.48830 1.56447 128.13525
7095.63597 48.11197 1.48163 1.55753 127.11249
7095.05889 47.85874 1.47312 1.54933 125.58092
7093.56018 47.05076 1.44428 1.52317 121.69722
7092.27403 46.19841 1.41458 1.49558 118.94674
7091.55707 45.65032 1.39558 1.47784 117.65173
7090.81590 45.10687 1.37664 1.46024 116.22233
7090.20725 44.61372 1.35939 1.44428 115.18914
7089.34699 43.91027 1.33488 1.42151 113.71090
7089.49026 44.02447 1.33887 1.42520 113.97589
7088.45159 43.23480 1.31143 1.39964 112.06317
7088.15499 42.99688 1.30315 1.39194 111.57416
7087.74959 42.66619 1.29164 1.38123 110.86877
7088.04775 42.86497 1.29858 1.38767 111.48437
7088.73128 43.20080 1.31038 1.39854 113.16250
7087.48872 42.70772 1.29295 1.38258 109.96838
7086.10646 42.02004 1.26886 1.36031 107.43555
7085.48265 41.67392 1.25681 1.34911 106.16619
7084.39996 41.03427 1.23441 1.32840 104.23490
7083.80529 40.66770 1.22144 1.31654 103.20136
7083.66005 40.57417 1.21821 1.31351 102.94642
7082.93763 40.18464 1.20575 1.30090 101.64278
7083.03036 40.23721 1.20736 1.30260 101.80829
7082.13091 39.82889 1.19519 1.28938 100.29409
7080.71727 39.09325 1.17062 1.26557 98.12290
7080.02040 38.66789 1.15576 1.25180 97.03997
7079.64070 38.44201 1.14804 1.24448 96.47667
7078.76518 37.96766 1.13180 1.22913 95.21788
7078.72764 37.94635 1.13106 1.22844 95.16285
7077.92112 37.51773 1.11630 1.21456 94.04994
7076.97078 37.03143 1.09970 1.19882 92.83853
7076.93907 37.01334 1.09908 1.19823 92.79490
7075.72845 36.38934 1.07774 1.17803 91.22804
7074.58114 35.71736 1.05484 1.15628 89.64864
7075.00703 35.94435 1.06259 1.16363 90.19177
7074.37961 35.62838 1.05181 1.15340 89.44091
7073.66703 35.33541 1.04190 1.14391 88.72627
7072.93821 34.99466 1.03027 1.13288 87.93972
7071.73100 34.36756 1.00904 1.11258 86.54646
7070.63454 33.73049 0.98745 1.09196 85.11908
7069.95335 33.30750 0.97317 1.07826 84.14994
7068.83966 32.54427 0.94746 1.05356 82.36989
7068.58218 32.35772 0.94119 1.04752 81.90703
7068.65019 32.36747 0.94151 1.04783 81.92155
7068.35466 32.23953 0.93724 1.04369 81.62718
7069.64105 32.72242 0.95333 1.05932 82.68255
7069.11992 32.57809 0.94855 1.05465 82.40311
7067.88932 32.28813 0.93901 1.04526 81.91934
7066.23697 31.76584 0.92154 1.02836 81.25378
7065.40705 31.44199 0.91069 1.01787 80.73090
7064.95317 31.28255 0.90565 1.01271 80.55921
7063.25515 30.58588 0.88564 0.99016 79.84215
7061.69618 29.73315 0.85831 0.96255 78.09325
7061.23503 29.44689 0.84881 0.95328 77.38187
7060.19451 28.80088 0.82770 0.93237 75.78320
7059.74360 28.50524 0.81797 0.92280 74.94048
7059.78353 28.50485 0.81793 0.92279 74.89755
7059.46328 28.35303 0.81299 0.91787 74.57247
7060.16318 28.62946 0.82191 0.92682 75.07304
7060.19458 28.63049 0.82193 0.92685 75.04841
7058.98418 28.36563 0.81377 0.91828 75.20681
7057.26528 27.83236 0.79693 0.90102 75.04466
7056.14961 27.41012 0.78349 0.88735 74.58281
7055.24479 27.03143 0.77147 0.87509 74.02929
7053.80011 26.31416 0.74848 0.85187 72.51917
7052.57583 25.59398 0.72528 0.82855 70.60672
7052.84549 25.72459 0.72943 0.83278 70.88153
7052.49709 25.54503 0.72370 0.82697 70.47071
7052.12538 25.42051 0.71985 0.82294 70.39338
7052.25518 25.46456 0.72122 0.82436 70.42446
7051.33386 25.15020 0.71142 0.81419 70.06479
7050.12775 24.74551 0.69890 0.80109 69.71349
7049.05552 24.32037 0.68563 0.78732 69.07424
7048.59237 24.12599 0.67960 0.78103 68.73588
7047.39211 23.60751 0.66357 0.76425 67.74716
7046.27332 23.07330 0.64643 0.74695 66.42957
7046.61085 23.22351 0.65125 0.75181 66.77207
7046.02336 22.96744 0.64314 0.74352 66.21887
7045.48528 22.80054 0.63828 0.73812 66.13761
7044.92777 22.62917 0.63369 0.73257 66.11951
7045.23757 22.70718 0.63571 0.73510 66.04029
7044.21594 22.48172 0.63026 0.72780 66.52101
7042.56590 22.05038 0.62010 0.71384 67.09287
7040.92932 21.46443 0.60340 0.69487 66.22448
7040.09567 21.09497 0.59207 0.68291 65.25319
7039.57751 20.84966 0.58460 0.67497 64.55549
7038.99800 20.61936 0.57781 0.66751 64.06213
7038.78302 20.55116 0.57589 0.66530 63.99062
7038.44995 20.45040 0.57309 0.66204 63.90907
7037.18049 20.02990 0.56113 0.64843 63.34905
7035.74532 19.48489 0.54537 0.63078 62.14133
7035.11520 19.19577 0.53679 0.62142 61.24264
7035.30326 19.25334 0.53839 0.62329 61.31538
7034.75134 19.10036 0.53427 0.61834 61.21843
7033.72048 18.80896 0.52640 0.60890 60.87208
7033.16279 18.63749 0.52164 0.60335 60.51769
7033.09875 18.61944 0.52116 0.60277 60.49795
7032.39658 18.44968 0.51693 0.59727 60.51524
7031.34285 18.24306 0.51228 0.59058 60.84909
7029.79666 17.85456 0.50280 0.57801 60.64632
7028.94387 17.57755 0.49555 0.56904 60.03683
7028.98811 17.59383 0.49599 0.56957 60.08418
7028.31666 17.41947 0.49189 0.56392 59.91971
7027.63860 17.29001 0.48935 0.55973 60.10643
7026.64627 17.10593 0.48605 0.55377 60.43780
7025.48670 16.87950 0.48197 0.54644 60.74883
7025.42670 16.85346 0.48128 0.54560 60.65090
7024.93543 16.77170 0.48004 0.54295 60.89982
7024.23214 16.66238 0.47841 0.53941 61.15100
7023.61402 16.59816 0.47825 0.53733 61.79916
7022.84089 16.54173 0.47914 0.53551 62.94246
7021.64599 16.46654 0.48100 0.53307 64.91533
7019.83343 16.24879 0.48079 0.52602 67.17174
7017.94651 15.82936 0.47447 0.51244 67.80160
7017.07569 15.54619 0.46864 0.50328 67.21275
7017.91597 15.71446 0.47080 0.50872 66.66345
7017.97588 15.74868 0.47169 0.50983 66.86410
7016.38731 15.67232 0.47556 0.50736 70.59460
7014.35515 15.30255 0.47089 0.49539 72.51393
7012.41391 14.80359 0.46146 0.47924 73.39686
7010.69516 14.08382 0.44303 0.45594 71.37534
0.00000 0.00000 0.00000 0.00000 0.00000
