7478.09875 181.02847 5.91560 5.86043 1368.96245
7479.30113 180.98313 5.91412 5.85897 1371.27968
7480.60814 180.88460 5.91091 5.85578 1373.75975
7481.84196 180.76366 5.90696 5.85186 1376.04972
7482.87024 180.63586 5.90276 5.84772 1377.88824
7482.84051 180.64028 5.90290 5.84787 1377.83661
7483.75635 180.53827 5.89953 5.84457 1379.47274
7484.59626 180.46021 5.89696 5.84204 1380.99622
7485.55635 180.38514 5.89451 5.83961 1382.78038
7486.79907 180.27742 5.89097 5.83612 1385.18129
7488.34778 180.07624 5.88438 5.82961 1388.10461
7489.94106 179.76373 5.87414 5.81949 1390.94408
7491.20438 179.44782 5.86377 5.80926 1393.04208
7491.05157 179.47942 5.86481 5.81029 1392.78507
7491.99182 179.28218 5.85830 5.80390 1394.36371
7492.78454 179.07834 5.85154 5.79730 1395.59818
7493.40413 178.98264 5.84836 5.79421 1396.63748
7494.26926 178.83534 5.84351 5.78944 1398.14720
7495.30133 178.69121 5.83877 5.78477 1400.03245
7496.05898 178.55216 5.83420 5.78027 1401.38576
7496.21750 178.52839 5.83342 5.77950 1401.67013
7496.99531 178.41394 5.82966 5.77579 1403.04904
7497.68078 178.34190 5.82729 5.77346 1404.26127
7498.77128 178.25226 5.82434 5.77056 1406.16049
7500.18772 178.07582 5.81855 5.76485 1408.50558
7501.21447 177.90599 5.81297 5.75935 1410.13001
7501.64133 177.84377 5.81093 5.75734 1410.80359
7502.40146 177.81365 5.80994 5.75636 1412.05076
7503.72060 177.70600 5.80640 5.75288 1414.17387
7504.49462 177.60771 5.80317 5.74969 1415.39594
7504.92958 177.54756 5.80117 5.74775 1416.06658
7505.77891 177.45569 5.79814 5.74477 1417.41123
7507.55660 177.24664 5.79127 5.73801 1420.15068
7510.54948 176.39304 5.76322 5.71037 1424.33544
7512.85956 175.13579 5.72210 5.66967 1427.10565
7515.27249 173.09932 5.65498 5.60374 1430.28575
7516.80019 171.08275 5.59251 5.53846 1432.43676
7517.69105 169.43087 5.53833 5.48499 1434.12133
7518.13621 168.47773 5.50722 5.45413 1435.06652
7518.59553 167.29569 5.46827 5.41586 1436.21833
7518.95646 166.36548 5.43747 5.38575 1437.22648
7518.92228 166.45792 5.44054 5.38874 1437.12440
7519.36718 165.42831 5.40649 5.35541 1438.37691
7519.94249 163.90819 5.35749 5.30620 1440.15633
7520.33262 162.63259 5.31727 5.26490 1441.59021
7520.77959 159.93127 5.23039 5.17745 1444.52794
7500.78781 158.91826 5.19702 5.14466 1424.16428
7502.69573 164.50604 5.37662 5.32555 1417.47347
7502.63466 164.36942 5.37230 5.32113 1417.55721
7507.88000 167.30427 5.46859 5.41614 1421.94955
7508.19311 167.39442 5.47153 5.41906 1422.37214
7506.98555 167.33956 5.46974 5.41728 1420.63206
7506.53951 167.25370 5.46693 5.41450 1420.03828
7507.12034 167.23237 5.46623 5.41381 1420.89676
7505.73567 167.48375 5.47445 5.42195 1418.70987
7502.56959 167.45389 5.47348 5.42098 1413.79443
7500.65745 167.07228 5.46099 5.40863 1411.35095
7500.98301 167.06601 5.46079 5.40843 1411.88081
7502.38178 167.00589 5.45882 5.40648 1413.96433
7502.48736 167.04442 5.46008 5.40773 1414.08882
7501.61179 167.29164 5.46816 5.41573 1412.56685
7500.54363 167.54222 5.47643 5.42384 1410.70336
7499.54792 167.70985 5.48194 5.42927 1408.92661
7498.26711 167.95446 5.48996 5.43719 1406.59446
7496.46047 168.15505 5.49652 5.44368 1403.28118
7495.47952 168.18658 5.49755 5.44470 1401.50608
7495.26319 168.21174 5.49837 5.44552 1401.11138
7494.33654 168.39314 5.50430 5.45139 1399.33518
7492.23444 168.63773 5.51232 5.45931 1395.36039
7490.83319 168.61787 5.51167 5.45867 1392.75565
7491.84012 168.56334 5.50988 5.45690 1394.68910
7491.91249 168.52143 5.50851 5.45554 1394.87197
7491.42301 168.67335 5.51349 5.46046 1393.78683
7490.29768 168.98391 5.52373 5.47052 1391.31748
7488.83501 169.34613 5.53559 5.48224 1388.06457
7487.65382 169.54517 5.54214 5.48869 1385.43153
7486.14456 169.71572 5.54774 5.49421 1382.11641
7484.56870 169.71869 5.54784 5.49430 1378.72100
7484.32253 169.67217 5.54631 5.49280 1378.26178
7484.40835 169.69666 5.54712 5.49359 1378.41028
7483.56121 169.86026 5.55250 5.49889 1376.52944
7482.48226 170.05414 5.55886 5.50516 1373.84200
7481.20777 170.27298 5.56602 5.51225 1370.73407
7479.76477 170.45125 5.57184 5.51802 1367.10470
7478.48383 170.55978 5.57539 5.52153 1363.86874
7476.88516 170.65237 5.57841 5.52453 1359.67997
7475.20007 170.60247 5.57678 5.52291 1355.62014
7473.86868 170.50788 5.57369 5.51985 1352.09298
7472.41082 170.35415 5.56867 5.51487 1348.12081
7471.03623 170.13239 5.56142 5.50770 1344.34110
7469.71703 169.89133 5.55351 5.49989 1340.63037
7468.11806 169.51692 5.54115 5.48777 1335.96141
7467.05053 169.17509 5.52998 5.47671 1332.74715
7466.73764 169.08042 5.52687 5.47364 1331.81506
7465.28799 168.61009 5.51141 5.45841 1327.72155
7463.76349 167.98356 5.49083 5.43813 1322.88462
7463.50727 167.85699 5.48668 5.43403 1322.03203
7463.66453 167.89556 5.48794 5.43528 1322.56481
7462.86232 167.69105 5.48122 5.42866 1319.85012
7461.35438 167.19064 5.46477 5.41246 1314.75531
7460.20532 166.70425 5.44880 5.39672 1310.72008
7458.47142 165.81196 5.41947 5.36783 1304.48933
7456.87285 164.67606 5.38190 5.33106 1298.68270
7455.95710 163.91900 5.35887 5.30655 1294.94321
7454.91839 162.95008 5.32887 5.27518 1290.56154
7454.17442 162.17664 5.30333 5.25014 1287.24745
7453.29328 161.15815 5.26989 5.21717 1283.14739
7453.11356 160.94093 5.26277 5.21014 1282.27485
7452.59465 160.33098 5.24273 5.19039 1279.78588
7453.14197 160.87335 5.26057 5.20795 1282.35385
7452.43205 160.27972 5.24105 5.18874 1279.06085
7451.85321 159.76688 5.22419 5.17213 1276.26680
7450.82648 158.78012 5.19172 5.14019 1271.19678
7449.62492 157.38622 5.14591 5.09506 1264.69856
7448.82956 156.25861 5.10892 5.05856 1260.12518
7448.30356 155.44634 5.08188 5.03226 1257.21299
7448.07739 155.08944 5.07046 5.02071 1255.86486
7447.47392 154.17507 5.04393 4.99111 1252.02252
7448.11868 155.02921 5.06869 5.01876 1255.99819
7447.26159 154.03074 5.03924 4.98644 1250.81923
7446.62343 153.20339 5.01161 4.95965 1246.75869
7445.71790 151.89745 4.96875 4.91738 1240.66406
7444.92957 150.49282 4.92259 4.87190 1234.70858
7444.44431 149.48049 4.88929 4.83913 1230.64506
7443.81789 147.92527 4.83823 4.78878 1224.90396
7443.39083 146.51513 4.79219 4.74313 1220.24528
7443.23472 146.03409 4.77864 4.72756 1218.64256
7443.18973 145.91292 4.77515 4.72364 1218.19649
7442.92910 145.15955 4.75074 4.69925 1215.39359
7442.61817 144.41616 4.72623 4.67518 1212.35227
7442.57259 144.30411 4.72256 4.67156 1211.88959
7442.20390 143.47772 4.69548 4.64480 1208.20293
7441.71258 142.26744 4.65568 4.60562 1203.00971
7441.38365 141.41611 4.62769 4.57806 1199.28629
7441.07466 140.54368 4.59901 4.54982 1195.68365
7440.74489 139.42787 4.56240 4.51370 1191.25264
7440.54596 138.75301 4.54018 4.49185 1188.61190
7440.38846 138.35945 4.52730 4.47911 1186.85988
7440.04670 137.38746 4.49544 4.44764 1182.84056
7439.73996 136.26890 4.46221 4.41143 1178.86050
7439.40632 135.11309 4.42400 4.37402 1174.17597
7439.12473 133.94578 4.38559 4.33623 1169.69698
7439.11915 133.92318 4.38485 4.33550 1169.60169
7438.90726 133.22129 4.36184 4.31277 1166.29383
7438.60658 132.07690 4.32425 4.27573 1161.50072
7438.34167 131.06914 4.29118 4.24310 1157.25543
7438.07980 130.06556 4.25827 4.21061 1152.96462
7437.98783 129.70517 4.24639 4.19895 1151.42694
7437.75755 128.70310 4.21407 4.16651 1147.34697
7437.51327 127.57553 4.17986 4.13000 1143.03064
7437.32928 126.66269 4.14976 4.10045 1139.39867
7437.14491 125.88653 4.12428 4.07532 1136.12945
7437.00751 125.35636 4.10681 4.05816 1133.75298
7436.83596 124.60139 4.08202 4.03372 1130.58968
7436.59125 123.42101 4.04330 3.99551 1125.84106
7436.37379 122.23150 4.00431 3.95700 1121.36116
7436.20379 121.22461 3.97107 3.92440 1117.58161
7436.06255 120.44142 3.94539 3.89905 1114.63846
7435.97386 120.05881 3.93320 3.88666 1113.10943
7435.98655 120.09296 3.93422 3.88777 1113.28641
7435.77221 119.32806 3.91145 3.86301 1109.89529
7435.58374 118.71558 3.89209 3.84318 1106.95886
7435.36496 118.14784 3.87331 3.82480 1103.80544
7435.17835 117.63158 3.85623 3.80809 1101.07895
7434.76775 116.36399 3.81452 3.76705 1094.81338
7434.43530 115.17833 3.77551 3.72867 1089.47808
7434.14593 114.16161 3.74202 3.69575 1084.84373
7433.94068 113.33770 3.71483 3.66908 1081.42841
7433.75774 112.43048 3.68498 3.63971 1078.00748
7433.55322 111.41284 3.65153 3.60677 1074.37892
7433.40059 110.62780 3.62814 3.58135 1071.73363
7433.26933 110.09643 3.61166 3.56415 1069.71578
7433.18160 109.85021 3.60361 3.55618 1068.50302
7433.02610 109.34305 3.58670 3.53976 1066.20991
7432.72339 108.33969 3.55339 3.50728 1061.82224
7432.51426 107.63692 3.53025 3.48453 1058.90741
7432.42284 107.42541 3.52325 3.47768 1057.80151
7432.18952 106.84046 3.50387 3.45875 1055.00372
7431.86152 105.88957 3.47248 3.42796 1050.82588
7431.59792 105.21960 3.45033 3.40627 1047.52233
7431.68410 105.43704 3.45752 3.41331 1048.55178
7431.47266 104.97729 3.44230 3.39843 1046.23542
7431.07342 104.24477 3.41804 3.37472 1042.05457
7430.66255 103.47301 3.39242 3.34973 1037.48684
7430.15712 102.32389 3.35403 3.31253 1031.36869
7429.78167 101.41660 3.32540 3.28316 1026.73448
7429.73165 101.33241 3.32282 3.28043 1026.15471
7429.36409 100.57355 3.29924 3.25587 1021.90502
7428.96573 99.66906 3.26950 3.22659 1017.42404
7428.84491 99.45931 3.26246 3.21980 1016.11096
7428.67190 99.11717 3.25093 3.20872 1014.20723
7428.21722 98.28578 3.22324 3.18181 1009.32283
7427.88212 97.70872 3.20410 3.16312 1005.78347
7427.43908 96.81504 3.17424 3.13419 1001.06367
7427.03752 96.00329 3.14721 3.10791 996.87131
7427.12186 96.17790 3.15300 3.11357 997.75120
7426.78510 95.60713 3.13397 3.09509 994.21527
7426.25685 94.76899 3.10582 3.06796 988.79615
7426.02698 94.39292 3.09312 3.05578 986.50402
7425.53916 93.54262 3.06498 3.02826 981.66549
7425.20048 93.02860 3.04884 3.01161 978.21572
7424.86582 92.44581 3.03102 2.99275 974.88902
7424.42470 91.70767 3.00766 2.96885 970.57679
7424.48693 91.84129 3.01198 2.97318 971.14798
7423.80321 90.81522 2.97780 2.93996 964.40516
7423.49371 90.31649 2.96115 2.92382 961.41125
7423.62268 90.52925 2.96821 2.93070 962.63825
7422.79329 89.45373 2.93246 2.89589 954.53707
7422.97493 89.68192 2.94003 2.90327 956.28691
7422.19601 88.73072 2.90832 2.87248 949.10121
7421.51103 87.86356 2.87913 2.84441 943.06658
7420.85947 86.87066 2.84603 2.81226 937.57950
7420.59407 86.47486 2.83268 2.79945 935.08944
7420.72804 86.66614 2.83916 2.80564 936.38321
7419.98594 85.76214 2.80783 2.77638 929.10326
7420.03924 85.82454 2.81000 2.77840 929.62643
7419.19475 84.83846 2.77630 2.74648 921.45917
7419.00594 84.61781 2.76900 2.73933 919.64389
7418.32590 83.78887 2.74092 2.71250 913.27584
7418.02021 83.45551 2.72890 2.70171 910.39350
7417.17918 82.39668 2.68830 2.66743 902.71805
7416.75437 81.81491 2.66729 2.64859 899.03367
7416.65143 81.68943 2.66298 2.64453 898.12395
7416.09255 81.02693 2.63966 2.62308 893.09053
7416.20346 81.14582 2.64390 2.62693 894.13477
7415.52302 80.43401 2.61767 2.60389 887.72249
7415.78248 80.68524 2.62724 2.61202 890.19865
7414.92235 79.91008 2.59716 2.58693 881.88229
7414.06404 79.04873 2.56613 2.55904 873.94807
7413.27153 78.15607 2.53895 2.53015 867.48417
7413.58491 78.47996 2.54903 2.54063 870.09524
7412.81541 77.74724 2.52508 2.51691 863.53274
7412.78567 77.71498 2.52396 2.51587 863.28187
7411.84149 76.86906 2.49274 2.48848 854.34601
7410.91560 75.89289 2.46046 2.45688 845.63550
7410.25335 75.12739 2.43494 2.43210 839.63604
7410.45931 75.35903 2.44317 2.43960 841.50816
7409.70834 74.60479 2.41307 2.41518 834.59168
7410.06110 74.92944 2.42722 2.42569 837.87389
7408.94163 73.98415 2.38288 2.39509 827.16371
7407.58496 72.50303 2.33897 2.34714 815.06736
7406.83646 71.53199 2.30244 2.31571 808.59941
7407.48729 72.27811 2.33237 2.33986 814.46812
7406.67300 71.45274 2.29756 2.31314 806.85631
7407.47221 72.16418 2.32904 2.33617 814.58506
7406.17338 71.13825 2.28100 2.30296 801.83022
7404.89937 69.82682 2.24384 2.26050 791.14270
7404.22794 69.05644 2.22101 2.23556 785.79212
7404.69618 69.53880 2.23650 2.25118 789.68936
7404.06418 68.95102 2.21656 2.23215 784.22581
7403.74706 68.70126 2.20557 2.22407 781.27908
7402.60196 67.61693 2.16372 2.18896 770.63886
7401.97783 66.92265 2.14781 2.16649 765.26991
7401.35772 66.24504 2.12607 2.14455 759.83031
7401.64841 66.53113 2.13679 2.15381 762.48741
7401.02285 65.96041 2.11304 2.13534 756.63757
7400.19628 65.19795 2.07894 2.11065 748.97660
7399.20424 64.10154 2.05501 2.07516 740.69743
7399.41146 64.29664 2.05919 2.08148 742.56907
7398.79697 63.71448 2.04473 2.06263 737.04956
7398.44640 63.37833 2.03237 2.05175 733.97703
7397.66076 62.60246 1.99904 2.02663 727.17547
7397.37760 62.31863 1.98669 2.01744 724.76713
7396.67673 61.62318 1.96976 1.99493 719.16854
7396.29581 61.24967 1.96173 1.98284 716.33993
7395.46294 60.39219 1.93363 1.95508 710.07012
7395.18149 60.08259 1.92070 1.94505 707.80333
7394.47978 59.34940 1.89317 1.92132 702.14185
7394.27193 59.13361 1.88801 1.91433 700.51841
7393.51115 58.33765 1.87207 1.88856 694.63631
7393.16667 57.98632 1.86449 1.87719 691.87305
7392.28206 57.00637 1.83552 1.84547 684.96346
7392.55817 57.29357 1.84498 1.85476 687.16525
7391.67347 56.41915 1.81611 1.82646 680.04652
7391.44064 56.18786 1.80986 1.81897 678.27520
7390.52331 55.24258 1.78612 1.78837 671.54810
7390.32582 55.03712 1.78125 1.78172 670.12832
7389.39762 54.04312 1.75366 1.74954 663.53913
7390.26658 54.86571 1.77781 1.77617 670.26002
7389.21987 53.99032 1.75093 1.74783 661.58923
7388.97688 53.76917 1.74432 1.74067 659.73367
7388.29704 53.19389 1.72558 1.72205 654.28225
7387.93998 52.90701 1.71572 1.71276 651.25794
7387.53776 52.56447 1.70455 1.70167 648.03944
7386.98938 52.16612 1.69134 1.68877 644.03276
7386.69456 51.92990 1.68429 1.68113 642.14219
7385.76721 51.24859 1.66388 1.65907 634.44658
7385.61618 51.13485 1.65984 1.65539 633.18811
7384.55577 50.32683 1.63374 1.62923 624.55971
7383.90452 49.79192 1.61803 1.61191 619.45137
7383.10662 49.10514 1.59399 1.58968 613.58194
7382.36293 48.43322 1.58053 1.56793 607.72125
7381.91686 47.98784 1.56665 1.55351 604.65482
7381.59699 47.72220 1.55757 1.54491 602.27239
7381.68653 47.76176 1.55930 1.54619 603.13589
7381.23661 47.46448 1.54963 1.53657 599.34398
7381.98354 47.91669 1.56580 1.55121 605.87884
7380.88354 47.33308 1.54556 1.53231 595.81038
7379.79079 46.70327 1.52946 1.51192 586.29998
7379.67340 46.60638 1.52611 1.50879 585.41827
7378.86291 46.16454 1.50946 1.49448 578.32180
7378.18999 45.78748 1.49653 1.48228 573.52043
7377.77572 45.53118 1.48958 1.47398 570.29102
7376.95418 45.08883 1.47232 1.45966 563.04948
7377.12379 45.17039 1.47672 1.46230 564.54510
7376.21605 44.74603 1.45628 1.44856 556.57137
7374.84354 44.02139 1.43886 1.42510 544.93829
7373.37147 43.04407 1.40545 1.39347 533.40398
7372.53458 42.37866 1.38695 1.37192 527.28384
7372.03048 41.99680 1.37248 1.35956 523.55961
7371.45293 41.52624 1.35822 1.34433 519.44751
7370.84942 41.05330 1.34593 1.32902 515.04748
7371.20903 41.30148 1.35291 1.33705 517.77972
7370.37298 40.77493 1.33566 1.32001 511.24117
7370.67591 40.94254 1.34219 1.32543 513.72053
7370.45612 40.82734 1.33781 1.32170 511.90045
7369.58014 40.44724 1.32130 1.30940 504.49082
7368.68323 40.01405 1.30896 1.29537 497.81567
7368.29057 39.79454 1.30390 1.28827 494.54143
7367.30790 39.34358 1.28979 1.27367 486.42673
7366.36038 38.83421 1.26603 1.25718 479.00926
7365.73699 38.47802 1.25632 1.24565 474.19377
7364.79430 37.94225 1.23886 1.22830 466.96220
7365.21253 38.15745 1.24705 1.23527 470.22938
7364.52295 37.83844 1.23416 1.22494 464.77256
7363.48787 37.36909 1.21637 1.20975 456.73773
7362.99839 37.13263 1.20880 1.20209 452.93984
7362.62054 36.94930 1.20349 1.19616 450.06382
7361.53896 36.48792 1.18563 1.18122 441.75708
7360.25833 35.83571 1.16142 1.16011 433.14129
7359.76250 35.53205 1.15396 1.15028 429.46532
7358.93965 35.08822 1.13964 1.13591 423.39789
7358.76798 34.99686 1.13592 1.13295 422.14300
7358.28342 34.74927 1.12525 1.12494 418.58778
7357.35073 34.30491 1.11062 1.11055 411.79094
7357.14461 34.20046 1.10747 1.10717 410.29009
7356.67992 33.99894 1.10148 1.10065 406.90921
7355.42426 33.44683 1.07925 1.08277 397.90054
7354.29307 32.85806 1.05977 1.06371 389.85436
7354.23511 32.80419 1.05835 1.06197 389.43290
7353.47415 32.45829 1.04821 1.05077 384.07265
7352.45623 31.97273 1.02769 1.03505 376.90694
7351.49411 31.41740 1.00894 1.01708 370.61303
7350.45523 30.78529 0.99048 0.99661 363.49323
7350.45729 30.77697 0.99022 0.99634 363.49947
7350.04005 30.54615 0.98170 0.98887 360.61549
7349.48617 30.26218 0.97143 0.97968 356.82593
7350.83716 30.75901 0.98974 0.99576 366.05502
7350.79984 30.74187 0.98918 0.99521 365.79427
7349.99253 30.61949 0.98403 0.99124 360.39298
7348.26126 30.28204 0.96762 0.98032 349.61610
7346.34975 29.69540 0.94920 0.96133 337.89890
7344.74249 28.99809 0.92041 0.93876 327.76321
7344.09395 28.64515 0.90931 0.92733 323.45819
7343.15630 28.18066 0.89579 0.91229 317.58379
7342.77769 27.97878 0.88769 0.90576 315.37314
7342.28863 27.73392 0.87765 0.89783 312.32013
7341.23235 27.22681 0.86022 0.88141 305.59403
7340.35531 26.75638 0.84561 0.86618 299.91714
7339.92162 26.49417 0.83606 0.85770 296.99433
7339.58624 26.31331 0.82915 0.85184 294.82666
7340.78472 26.75499 0.84579 0.86614 301.80813
7340.81043 26.75359 0.84573 0.86609 301.92032
7339.85857 26.60091 0.83976 0.86115 297.15877
7338.07478 26.21681 0.82333 0.84872 288.31302
7336.25255 25.62668 0.80405 0.82961 278.80902
7335.03888 25.10625 0.78690 0.81276 271.95029
7334.13670 24.66909 0.76882 0.79861 266.66473
7332.96511 24.05420 0.74795 0.77871 259.73096
7332.43316 23.75916 0.73776 0.76916 256.38730
7332.05574 23.53421 0.72966 0.76187 253.91336
7331.72333 23.36703 0.72352 0.75646 251.91383
7332.75541 23.73891 0.73721 0.76850 257.26346
7333.00252 23.77906 0.73877 0.76980 258.29448
7332.01710 23.65196 0.73386 0.76568 254.50116
7330.03832 23.23242 0.71809 0.75210 246.42526
7328.04803 22.56659 0.69650 0.73055 237.27120
7326.28762 21.70644 0.66670 0.70270 228.00400
7325.85443 21.43084 0.65675 0.69378 225.10625
7325.37933 21.19125 0.64785 0.68602 222.45283
7326.28985 21.56370 0.66182 0.69808 226.96458
7326.10810 21.49980 0.65944 0.69601 226.13301
7325.17838 21.28502 0.65086 0.68906 222.82311
7323.99293 20.95544 0.63927 0.67839 218.13784
7323.02560 20.69034 0.63031 0.66981 214.47497
7324.11017 20.92309 0.63820 0.67734 218.09038
7323.20568 20.78116 0.63337 0.67275 215.47912
7321.86247 20.58653 0.62703 0.66645 211.95757
7319.87225 20.12497 0.61102 0.65151 205.68023
7318.08169 19.50614 0.59024 0.63147 198.45347
7316.39389 18.69324 0.56137 0.60516 189.68412
7316.35603 18.61483 0.55866 0.60262 188.94531
7316.55086 18.71206 0.56209 0.60577 189.96795
7316.53783 18.73585 0.56291 0.60654 190.17363
7316.19528 18.64776 0.55970 0.60368 189.12765
7314.97727 18.33651 0.54848 0.59361 185.38434
7313.90372 18.01223 0.53737 0.58311 181.66827
7313.05805 17.78552 0.52974 0.57577 179.05354
7312.89316 17.73944 0.52819 0.57428 178.52738
7312.55344 17.65743 0.52541 0.57162 177.58366
7311.53228 17.45150 0.51851 0.56496 175.17204
7310.30338 17.16544 0.50893 0.55570 171.97070
7309.21503 16.89292 0.49992 0.54687 169.02426
7308.43264 16.69413 0.49345 0.54044 166.90828
7308.13627 16.60712 0.49060 0.53762 165.99341
7307.01465 16.32434 0.48153 0.52847 163.03879
7305.69149 15.93287 0.46902 0.51579 159.01801
7304.71733 15.61756 0.45898 0.50559 155.80079
7305.66450 15.85652 0.46647 0.51332 158.23293
7305.87016 15.84164 0.46586 0.51284 158.07906
7305.65514 15.88055 0.46728 0.51410 158.48024
7303.73920 15.83104 0.46679 0.51250 158.16402
7301.28672 15.41335 0.45466 0.49898 154.32613
7299.72376 14.94761 0.44037 0.48390 149.77731
7298.80393 14.67061 0.43169 0.47493 147.08441
7298.73944 14.65415 0.43118 0.47440 146.92540
0.00000 0.00000 0.00000 0.00000 0.00000
