7477.91881 176.03171 5.75142 5.69867 1362.17811
7479.02025 175.99102 5.75008 5.69736 1364.64836
7480.17401 175.90348 5.74724 5.69452 1367.22411
7481.29117 175.79409 5.74371 5.69098 1369.67517
7482.25723 175.67358 5.73979 5.68708 1371.74094
7482.29069 175.67060 5.73969 5.68698 1371.81458
7483.24886 175.56409 5.73624 5.68354 1373.91299
7484.16906 175.47849 5.73347 5.68077 1375.78395
7485.14936 175.40173 5.73099 5.67828 1377.72023
7486.27097 175.30539 5.72786 5.67516 1380.08292
7487.54558 175.14102 5.72253 5.66984 1382.79654
7488.84247 174.88591 5.71423 5.66158 1385.45497
7489.97437 174.60147 5.70485 5.65237 1387.77049
7489.99068 174.59327 5.70458 5.65211 1387.80388
7490.86835 174.41004 5.69853 5.64618 1389.61106
7491.76496 174.18340 5.69094 5.63884 1391.41677
7492.57500 174.05187 5.68655 5.63458 1392.93404
7493.50782 173.89366 5.68130 5.62946 1394.59413
7494.52410 173.75199 5.67655 5.62487 1396.54733
7495.19402 173.62754 5.67241 5.62084 1397.87550
7495.48244 173.58271 5.67094 5.61939 1398.42605
7496.37159 173.45300 5.66661 5.61519 1400.11567
7497.21458 173.36368 5.66369 5.61230 1401.65415
7498.26008 173.27846 5.66091 5.60954 1403.60702
7499.46855 173.12781 5.65597 5.60467 1405.78683
7500.48217 172.95991 5.65052 5.59923 1407.53351
7501.19585 172.86366 5.64753 5.59612 1408.72964
7502.07617 172.82424 5.64626 5.59484 1410.19830
7503.23599 172.72954 5.64336 5.59177 1412.11230
7503.82150 172.65323 5.64092 5.58930 1413.08425
7504.34073 172.58236 5.63872 5.58701 1413.94076
7505.26564 172.48210 5.63573 5.58376 1415.47323
7506.65474 172.32865 5.63107 5.57880 1417.75820
7508.65143 171.76731 5.61406 5.56062 1420.91791
7510.17882 170.91517 5.58716 5.53304 1423.39798
7511.51318 169.80271 5.55042 5.49702 1425.64031
7512.58943 168.38656 5.50397 5.45118 1427.73234
7513.22271 167.18722 5.46465 5.41235 1429.34067
7513.50955 166.58196 5.44497 5.39276 1430.13295
7513.93342 165.48885 5.40876 5.35737 1431.58730
7514.30885 164.52165 5.37709 5.32606 1432.96350
7514.33858 164.46050 5.37516 5.32408 1433.05757
7514.73300 163.55098 5.34743 5.29464 1434.35972
7515.21199 162.28882 5.30764 5.25378 1436.13978
7515.54400 161.19416 5.27152 5.21834 1437.69661
7515.78136 159.79827 5.22578 5.17315 1439.48304
7505.78616 158.78968 5.19273 5.14050 1430.06685
7506.72555 161.54622 5.28309 5.22974 1426.85173
7506.34080 161.01316 5.26565 5.21248 1427.16113
7508.81744 162.39294 5.31076 5.25715 1428.32197
7508.47374 162.40230 5.31107 5.25745 1427.89101
7507.36971 162.35434 5.30949 5.25590 1426.53941
7506.64644 162.25485 5.30624 5.25268 1425.75599
7506.43661 162.27934 5.30705 5.25347 1425.45262
7505.24402 162.50798 5.31459 5.26087 1423.60328
7503.16073 162.48896 5.31396 5.26026 1420.83877
7501.70441 162.18312 5.30401 5.25035 1419.45687
7501.36694 162.08077 5.30067 5.24704 1419.24700
7501.56608 162.07287 5.30042 5.24679 1419.49213
7501.11862 162.23542 5.30570 5.25205 1418.65137
7500.27278 162.47427 5.31349 5.25978 1417.08253
7499.64650 162.62336 5.31834 5.26461 1415.98716
7498.64840 162.79143 5.32399 5.27005 1414.26507
7497.50774 163.01246 5.33148 5.27720 1412.24447
7496.10417 163.16777 5.33659 5.28223 1409.82793
7495.11345 163.20000 5.33762 5.28327 1408.28802
7494.50503 163.26956 5.33991 5.28553 1407.20957
7493.54146 163.45676 5.34588 5.29159 1405.34296
7491.99015 163.64370 5.35145 5.29764 1402.72351
7490.78928 163.61807 5.35082 5.29681 1400.79123
7491.14275 163.61222 5.35068 5.29662 1401.41848
7490.82868 163.64030 5.35146 5.29753 1400.82153
7490.08369 163.85606 5.35758 5.30451 1399.18069
7489.02077 164.14971 5.36585 5.31402 1396.78442
7487.78919 164.45673 5.37507 5.32396 1393.96418
7486.88123 164.60522 5.38000 5.32876 1391.96913
7485.94372 164.71976 5.38378 5.33247 1389.89426
7484.65553 164.71944 5.38377 5.33246 1387.27595
7484.03220 164.68060 5.38254 5.33121 1386.20768
7483.57486 164.76662 5.38536 5.33399 1385.15613
7482.65104 164.94380 5.39133 5.33973 1382.68325
7481.61132 165.13058 5.39752 5.34577 1379.96854
7480.47382 165.32714 5.40402 5.35214 1376.90130
7479.25207 165.47761 5.40894 5.35701 1373.51801
7478.11135 165.57368 5.41208 5.36012 1370.46636
7476.81177 165.65291 5.41467 5.36268 1366.78374
7475.46897 165.60971 5.41326 5.36128 1363.33346
7474.30302 165.52678 5.41055 5.35860 1360.17355
7473.07384 165.39830 5.40636 5.35444 1356.72962
7471.88630 165.20518 5.40000 5.34819 1353.33201
7470.72645 164.99428 5.39300 5.34136 1349.84662
7469.42671 164.69121 5.38282 5.33155 1345.95369
7468.59676 164.42018 5.37401 5.32277 1343.52781
7468.23625 164.31029 5.37052 5.31922 1342.37966
7467.01118 163.91641 5.35932 5.30647 1338.36004
7465.74868 163.39455 5.34407 5.28957 1334.65669
7465.47166 163.25904 5.33961 5.28518 1333.78224
7465.19895 163.13682 5.33556 5.28123 1332.84449
7464.29759 162.90148 5.32770 5.27361 1329.51499
7463.04337 162.48455 5.31385 5.26011 1324.83895
7462.33520 162.18058 5.30392 5.25027 1322.22334
7461.10164 161.55967 5.28354 5.23017 1317.46293
7459.85723 160.66439 5.25413 5.20119 1312.79774
7459.34423 160.24105 5.24028 5.18748 1310.85456
7458.33480 159.29931 5.20938 5.15700 1306.93694
7457.95264 158.90173 5.19628 5.14413 1305.58896
7457.08704 157.90125 5.16350 5.11174 1302.52094
7456.92196 157.70117 5.15693 5.10526 1301.81264
7456.31060 156.98557 5.13340 5.08209 1299.20339
7456.43591 157.11172 5.13756 5.08618 1299.77071
7455.65592 156.45785 5.11613 5.06501 1296.01422
7455.29129 156.13651 5.10563 5.05461 1294.25370
7454.32296 155.20596 5.07476 5.02448 1289.39155
7453.67689 154.45680 5.05322 5.00023 1285.91820
7452.96151 153.44311 5.02035 4.96741 1282.18259
7452.51596 152.75271 4.99778 4.94506 1279.75677
7452.26436 152.35644 4.98471 4.93223 1278.32205
7451.63122 151.39716 4.95321 4.90118 1274.57715
7451.92327 151.78497 4.96593 4.91373 1276.34710
7451.09692 150.82290 4.93435 4.88259 1271.21345
7450.67540 150.27395 4.91633 4.86482 1268.47209
7449.96208 149.25416 4.88287 4.83181 1263.74306
7449.32822 148.11545 4.84541 4.79494 1259.17797
7449.05392 147.54359 4.82675 4.77643 1257.18024
7448.53380 146.26389 4.78606 4.73500 1253.67556
7448.17341 145.05673 4.74835 4.69592 1251.03147
7447.98054 144.46018 4.72883 4.67661 1249.45850
7447.90634 144.25353 4.72209 4.66992 1248.83979
7447.59970 143.37475 4.69324 4.64147 1246.09265
7447.23683 142.50097 4.66453 4.61318 1242.77571
7447.14922 142.29056 4.65764 4.60637 1241.98469
7446.80879 141.52966 4.63270 4.58174 1238.81867
7446.35972 140.42242 4.59636 4.54590 1234.48191
7446.05451 139.63199 4.57041 4.52031 1231.43560
7445.84898 139.05845 4.55157 4.50174 1229.28549
7445.53621 137.99845 4.51675 4.46742 1225.77188
7445.28504 137.15893 4.49023 4.44025 1222.90532
7445.05666 136.56839 4.47321 4.42113 1220.39037
7444.84278 135.97406 4.45373 4.40189 1217.94372
7444.55252 134.91269 4.41887 4.36753 1214.33652
7444.23960 133.83270 4.38344 4.33257 1210.33229
7443.97888 132.74695 4.34784 4.29742 1206.81500
7443.92175 132.53216 4.34080 4.29046 1206.06828
7443.72472 131.88261 4.31949 4.26944 1203.49854
7443.44297 130.80832 4.28426 4.23466 1199.61381
7443.17853 129.80235 4.25136 4.20209 1195.94317
7442.91659 128.79847 4.21873 4.16959 1192.19701
7442.85584 128.56394 4.21212 4.16200 1191.37908
7442.63776 127.61515 4.18303 4.13129 1188.16743
7442.40681 126.54927 4.14793 4.09678 1184.61789
7442.21302 125.59076 4.11653 4.06575 1181.61866
7442.00223 124.70059 4.08733 4.03693 1178.39389
7441.86544 124.17291 4.07002 4.01985 1176.43195
7441.72543 123.55593 4.04979 3.99988 1174.26471
7441.49874 122.46364 4.01401 3.96452 1170.72526
7441.29845 121.36680 3.97806 3.92901 1167.49438
7441.12869 120.36126 3.94507 3.89646 1164.72704
7440.96680 119.46757 3.91667 3.86752 1162.14227
7440.84836 118.94560 3.90183 3.85063 1160.45445
7440.81413 118.79125 3.89706 3.84563 1159.95133
7440.56593 117.90671 3.86775 3.81699 1156.44680
7440.31498 117.09837 3.84134 3.79083 1153.26964
7440.04366 116.38439 3.81790 3.76771 1150.05820
7439.92304 116.05429 3.80708 3.75703 1148.62279
7439.55422 114.91840 3.76971 3.72025 1144.06938
7439.24824 113.82348 3.73374 3.68481 1139.96073
7438.96063 112.81302 3.70053 3.65210 1136.05473
7438.83127 112.29745 3.68372 3.63541 1134.39133
7438.65974 111.44537 3.65545 3.60782 1132.26963
7438.45656 110.43445 3.62559 3.57509 1129.78601
7438.28079 109.53984 3.59628 3.54613 1127.85099
7438.09075 108.77206 3.57117 3.52128 1125.78613
7437.95148 108.35080 3.55731 3.50764 1124.14795
7437.81130 107.89328 3.54228 3.49283 1122.56752
7437.50847 106.88951 3.50931 3.46033 1119.27952
7437.25105 106.03603 3.48126 3.43270 1116.62715
7437.07185 105.58512 3.46640 3.41811 1114.61338
7436.88993 105.13571 3.45157 3.40356 1112.60026
7436.55217 104.15818 3.41941 3.37191 1109.22636
7436.22347 103.32110 3.39184 3.34481 1105.89836
7436.20223 103.29543 3.39100 3.34398 1105.63088
7435.92284 102.69785 3.37125 3.32464 1102.60014
7435.45137 101.82950 3.34321 3.29653 1097.39220
7435.19121 101.35374 3.32950 3.28112 1094.36650
7434.75826 100.36697 3.29748 3.24918 1090.04533
7434.36190 99.41123 3.26609 3.21824 1086.48881
7434.22550 99.14032 3.25712 3.20947 1085.12380
7433.90819 98.48761 3.23560 3.18834 1082.13817
7433.48662 97.53327 3.20404 3.15744 1078.44504
7433.28189 97.15425 3.19152 3.14517 1076.48042
7433.07886 96.75524 3.17836 3.13226 1074.68058
7432.57677 95.83745 3.14802 3.10255 1069.92297
7432.30024 95.36774 3.13242 3.08734 1067.22975
7431.92166 94.59999 3.10724 3.06249 1064.39215
7431.47126 93.69202 3.07700 3.03309 1061.88041
7431.41986 93.62307 3.07476 3.03086 1061.44886
7431.04659 92.99185 3.05620 3.01043 1058.36190
7430.48711 92.10347 3.02791 2.98167 1053.00634
7430.35116 91.88265 3.02050 2.97452 1051.82106
7429.81775 90.95541 2.98997 2.94450 1047.64334
7429.45867 90.40795 2.97174 2.92678 1044.56171
7429.17208 89.90492 2.95515 2.91049 1042.43457
7428.64964 89.03375 2.92633 2.88229 1038.50882
7428.60164 89.00067 2.92521 2.88122 1037.89076
7427.99228 88.08544 2.89490 2.85159 1032.98687
7427.60478 87.47060 2.87460 2.83169 1030.16901
7427.55444 87.44036 2.87357 2.83071 1029.51364
7426.75432 86.40247 2.83934 2.79711 1022.42781
7426.84379 86.51460 2.84303 2.80074 1023.23476
7426.04303 85.53691 2.81095 2.76909 1015.89580
7425.61294 85.00448 2.79346 2.75185 1012.09097
7425.02480 84.10479 2.76522 2.72272 1008.03990
7424.65421 83.55677 2.74981 2.70498 1005.05184
7424.59822 83.50043 2.74811 2.70316 1004.44767
7423.84990 82.58884 2.71770 2.67365 998.16193
7423.84147 82.57754 2.71732 2.67328 998.10229
7422.98924 81.58241 2.68631 2.64107 990.55824
7422.85965 81.43208 2.68152 2.63620 989.54905
7422.13975 80.55552 2.65141 2.60782 985.27262
7421.86653 80.26086 2.64115 2.59828 983.19448
7421.14937 79.35734 2.61344 2.56904 977.81406
7420.73336 78.78710 2.59455 2.55057 975.23071
7420.50343 78.50162 2.58555 2.54133 973.60418
7419.90220 77.78863 2.56499 2.51825 969.01639
7419.85265 77.72772 2.56300 2.51628 968.66143
7419.11719 76.95810 2.53666 2.49136 962.15257
7419.15659 76.99534 2.53785 2.49257 962.53175
7418.31660 76.23870 2.51314 2.46808 954.18204
7417.75429 75.67499 2.49469 2.44983 948.86984
7416.99094 74.81451 2.47005 2.42197 942.11823
7417.06363 74.88851 2.47255 2.42437 942.75847
7416.26263 74.12555 2.44665 2.39967 935.35039
7416.13651 74.00393 2.44291 2.39573 934.19250
7415.27542 73.23476 2.41754 2.37083 925.70334
7414.67009 72.59079 2.39642 2.34998 920.81415
7413.98110 71.79514 2.37045 2.32422 915.76666
7413.99312 71.82177 2.37133 2.32509 915.71021
7413.20835 71.03408 2.34529 2.29959 910.08190
7413.28178 71.10489 2.34759 2.30188 910.59143
7412.32474 70.30249 2.32100 2.27590 901.90811
7411.49731 69.38959 2.29113 2.24635 895.59950
7410.77190 68.44780 2.25946 2.21586 891.78498
7411.05499 68.77504 2.27041 2.22645 893.70773
7410.18993 67.89869 2.24169 2.19808 886.47635
7410.54006 68.21598 2.25193 2.20836 889.81962
7409.43987 67.35274 2.22265 2.18041 877.74366
7408.67177 66.54521 2.19599 2.15427 871.65683
7407.96690 65.73677 2.17132 2.12810 865.77653
7408.12439 65.89911 2.17651 2.13335 867.18152
7407.38477 65.21288 2.15358 2.11114 860.27207
7407.08460 64.97824 2.14545 2.10354 857.05608
7406.15341 64.09738 2.11526 2.07502 848.73473
7405.70240 63.58685 2.09777 2.05850 845.68130
7405.03103 62.85288 2.07314 2.03474 841.11753
7405.07403 62.88899 2.07436 2.03591 841.45591
7404.36335 62.24006 2.05223 2.01490 836.89265
7403.78878 61.72031 2.03482 1.99807 831.74633
7402.95379 60.79385 2.00276 1.96808 826.09512
7402.95345 60.76757 2.00189 1.96723 826.42266
7402.24991 60.09824 1.97935 1.94556 820.48263
7401.94508 59.80632 1.96952 1.93611 817.96648
7401.18156 59.05225 1.94391 1.91170 811.83619
7400.90439 58.77438 1.93439 1.90270 809.75311
7400.18929 58.06482 1.91035 1.87973 804.12673
7399.85486 57.73781 1.90071 1.86915 800.87751
7399.08215 56.94236 1.87584 1.84339 794.52700
7398.81910 56.65218 1.86573 1.83400 793.04234
7398.09032 55.89050 1.83989 1.80934 788.17785
7397.88332 55.67559 1.83258 1.80239 786.81862
7397.10575 54.86218 1.80480 1.77605 781.65584
7396.84523 54.59986 1.79598 1.76756 779.78254
7395.99096 53.65315 1.76401 1.73691 777.17040
7396.08704 53.75139 1.76733 1.74009 777.52305
7395.18641 52.86117 1.73702 1.71127 772.18478
7395.01975 52.69644 1.73143 1.70594 770.99752
7394.11108 51.76007 1.69990 1.67563 765.64757
7393.97498 51.61898 1.69514 1.67106 764.88191
7393.04798 50.62628 1.66200 1.63892 760.19285
7393.47538 51.03118 1.67551 1.65203 763.08213
7392.45886 50.18126 1.64731 1.62452 754.50532
7392.24007 49.98082 1.64079 1.61803 752.90316
7391.49720 49.35214 1.62008 1.59768 746.99005
7391.11886 49.04765 1.61016 1.58782 743.70103
7390.61730 48.62539 1.59773 1.57415 739.07407
7390.00133 48.17511 1.58535 1.55957 732.26172
7389.69545 47.93057 1.57792 1.55166 729.51569
7388.73153 47.22208 1.55467 1.52872 720.72210
7388.64600 47.15738 1.55258 1.52663 719.97681
7387.62556 46.38013 1.52738 1.50146 710.87940
7387.14465 45.98383 1.51433 1.48863 707.83256
7386.40074 45.34365 1.49308 1.46791 704.16465
7385.80052 44.80238 1.47508 1.45039 700.10846
7385.30560 44.31138 1.45848 1.43449 697.58384
7384.87283 43.94478 1.44606 1.42262 694.52877
7384.69019 43.76451 1.43996 1.41679 693.57516
7384.02446 43.31383 1.42467 1.40220 687.23652
7384.33845 43.50598 1.43118 1.40842 690.50206
7383.28820 42.94929 1.41220 1.39040 678.47620
7382.38864 42.43113 1.39448 1.37362 668.89950
7382.18287 42.28174 1.38941 1.36879 667.16173
7381.27738 41.78614 1.37273 1.35274 657.36093
7380.71373 41.47114 1.36222 1.34255 651.37046
7380.23353 41.17697 1.35233 1.33302 646.71146
7379.32251 40.68531 1.33556 1.31711 637.10080
7379.28271 40.66051 1.33477 1.31630 636.71464
7378.45320 40.27443 1.32262 1.30380 627.99086
7377.26669 39.64780 1.30460 1.28352 615.23185
7376.43854 39.09526 1.28643 1.26563 607.98256
7375.61196 38.43788 1.26411 1.24435 602.17619
7375.12508 38.06953 1.25170 1.23242 598.40879
7374.57089 37.61749 1.23642 1.21779 594.53893
7373.90511 37.09569 1.21863 1.20090 589.59545
7373.94869 37.11886 1.21944 1.20165 590.04431
7373.03041 36.53960 1.19930 1.18290 581.60309
7373.04275 36.53822 1.19926 1.18285 581.81808
7372.57173 36.29697 1.19081 1.17504 576.89952
7371.63349 35.88832 1.17633 1.16181 566.43458
7370.97825 35.57188 1.16517 1.15157 559.56543
7370.48846 35.30352 1.15577 1.14288 554.80072
7369.49687 34.84820 1.13971 1.12814 544.64939
7368.81796 34.47987 1.12676 1.11622 539.41613
7368.21117 34.13308 1.11462 1.10499 533.71258
7367.23957 33.58098 1.09537 1.08712 524.77068
7367.35429 33.63940 1.09741 1.08901 525.88234
7366.60365 33.29194 1.08509 1.07776 518.26232
7365.58585 32.83054 1.06854 1.06282 508.02870
7365.16179 32.62489 1.06127 1.05617 503.90961
7364.65194 32.38056 1.05268 1.04826 498.95337
7363.61090 31.93741 1.03686 1.03391 488.50597
7362.70342 31.47434 1.02008 1.01892 480.18909
7362.22242 31.17903 1.01002 1.00936 476.06567
7361.31075 30.68618 0.99475 0.99340 467.36521
7361.05938 30.55282 0.99069 0.98909 465.19443
7360.48238 30.25877 0.98109 0.97957 460.76543
7359.51579 29.79797 0.96445 0.96465 451.92137
7359.22220 29.65253 0.95914 0.95994 449.27823
7358.68013 29.41646 0.95060 0.95230 444.20300
7357.55205 28.92217 0.93289 0.93630 433.64934
7356.70676 28.47924 0.91709 0.92196 426.25262
7356.45723 28.32510 0.91163 0.91697 424.19576
7355.57649 27.92175 0.89708 0.90391 416.21117
7354.75883 27.53448 0.88312 0.89137 408.93444
7354.08623 27.14177 0.86911 0.87866 403.29477
7353.06653 26.52136 0.84697 0.85858 394.85862
7352.93581 26.43451 0.84388 0.85576 393.79503
7352.35869 26.11626 0.83241 0.84546 388.79181
7351.58150 25.72241 0.81823 0.83271 382.69346
7352.10888 25.92344 0.82557 0.83922 386.88154
7351.73809 25.83069 0.82207 0.83622 383.71923
7350.83418 25.69084 0.81647 0.83169 375.75787
7349.46830 25.42992 0.80634 0.82324 363.04074
7348.01229 24.97990 0.78984 0.80867 350.50275
7347.00818 24.54089 0.77406 0.79446 342.31106
7346.38414 24.20049 0.76196 0.78344 337.35432
7345.41507 23.71995 0.74494 0.76789 329.60496
7345.05819 23.52914 0.73816 0.76171 326.76039
7344.48098 23.24020 0.72764 0.75235 322.17524
7343.45259 22.74679 0.71004 0.73638 314.00874
7342.83719 22.41585 0.69951 0.72567 309.73296
7342.29698 22.09444 0.68961 0.71526 305.59758
7341.62904 21.74965 0.67829 0.70410 300.22222
7342.03199 21.91306 0.68393 0.70939 303.42771
7341.74088 21.84093 0.68138 0.70706 301.12781
7340.76470 21.68370 0.67536 0.70197 293.70454
7339.37256 21.38816 0.66414 0.69240 283.45528
7337.96119 20.92769 0.64737 0.67749 273.24968
7337.17728 20.58660 0.63538 0.66645 267.53112
7336.40302 20.21220 0.62228 0.65433 261.84533
7335.31697 19.64187 0.60222 0.63587 253.80308
7334.90159 19.41096 0.59412 0.62839 250.65345
7334.36204 19.09788 0.58314 0.61826 246.54483
7333.69558 18.77244 0.57168 0.60772 242.14452
7334.00952 18.89874 0.57616 0.61181 244.09758
7333.83493 18.84884 0.57436 0.61019 243.07678
7332.84197 18.72047 0.56936 0.60604 237.36776
7331.35233 18.40817 0.55782 0.59593 228.44416
7329.85693 17.90527 0.53988 0.57965 219.11506
7328.79471 17.38042 0.52140 0.56266 211.84383
7328.25988 17.04748 0.50973 0.55188 207.84741
7327.52208 16.67366 0.49655 0.53978 202.75224
7327.83043 16.80695 0.50128 0.54409 204.76378
7327.38622 16.66592 0.49620 0.53953 202.14097
7326.42110 16.44192 0.48794 0.53227 196.99874
7325.32813 16.13701 0.47696 0.52240 191.29837
7324.34727 15.86818 0.46736 0.51370 186.28010
7324.88650 15.98373 0.47153 0.51744 188.93289
7323.93401 15.83449 0.46603 0.51261 184.61633
7322.76215 15.66814 0.46002 0.50722 179.70226
7321.26679 15.32338 0.44805 0.49606 172.91942
7319.87126 14.83737 0.43145 0.48033 165.76121
7318.90155 14.36754 0.41543 0.46512 159.95143
7318.50818 14.10171 0.40622 0.45651 157.02717
7318.10534 13.95984 0.40123 0.45192 154.98081
7317.75695 13.88675 0.39864 0.44956 153.61089
7317.42730 13.80192 0.39562 0.44681 152.20747
7316.31805 13.51964 0.38617 0.43767 147.79737
7315.28103 13.20567 0.37643 0.42751 143.66049
7314.35794 12.95745 0.36921 0.41947 140.24035
7314.09672 12.88646 0.36705 0.41717 139.26822
7313.60538 12.76934 0.36355 0.41338 137.59188
7312.59455 12.56565 0.35710 0.40679 134.39580
7311.47985 12.30582 0.34843 0.39838 130.61215
7310.43543 12.04414 0.33946 0.38991 126.95697
7309.71628 11.86171 0.33333 0.38400 124.49326
7309.39580 11.76836 0.33023 0.38098 123.31353
7308.33474 11.50175 0.32151 0.37235 119.85141
7307.17291 11.15737 0.31029 0.36120 115.80975
7306.18558 10.83799 0.29989 0.35086 112.07872
7306.57873 10.94081 0.30317 0.35419 113.34029
7306.26174 10.85700 0.30049 0.35147 112.31417
7305.65398 10.88055 0.30162 0.35224 112.02802
7304.19576 10.85193 0.30155 0.35131 110.73907
7302.46927 10.55521 0.29272 0.34170 107.02570
7301.18754 10.16668 0.28053 0.32913 102.79839
7300.22738 9.87751 0.27143 0.31976 99.70069
7300.08116 9.83754 0.27018 0.31847 99.27005
0.00000 0.00000 0.00000 0.00000 0.00000
