7477.73887 171.03495 5.59094 5.53691 1361.57918
7478.73937 170.99892 5.58975 5.53575 1364.12900
7479.73987 170.92236 5.58723 5.53327 1366.61367
7480.74037 170.82452 5.58403 5.53010 1369.13399
7481.64423 170.71130 5.58033 5.52644 1371.30671
7481.74087 170.70093 5.57999 5.52610 1371.53767
7482.74137 170.58991 5.57637 5.52251 1373.92379
7483.74187 170.49677 5.57333 5.51949 1376.27313
7484.74237 170.41832 5.57077 5.51695 1378.37162
7485.74287 170.33335 5.56799 5.51420 1380.59751
7486.74337 170.20579 5.56382 5.51007 1382.84464
7487.74387 170.00810 5.55735 5.50367 1385.13219
7488.74437 169.75512 5.54904 5.49548 1387.41349
7488.92978 169.70711 5.54746 5.49393 1387.83883
7489.74487 169.53789 5.54185 5.48845 1389.63331
7490.74537 169.28845 5.53370 5.48038 1391.85271
7491.74587 169.12109 5.52821 5.47496 1393.92412
7492.74637 168.95198 5.52266 5.46948 1396.00067
7493.74687 168.81277 5.51807 5.46498 1397.77709
7494.32906 168.70293 5.51446 5.46142 1398.97038
7494.74737 168.63704 5.51230 5.45929 1399.77011
7495.74787 168.49205 5.50754 5.45459 1401.64517
7496.74837 168.38546 5.50405 5.45114 1403.56929
7497.74887 168.30466 5.50141 5.44853 1405.35432
7498.74937 168.17980 5.49733 5.44448 1407.14318
7499.74987 168.01383 5.49190 5.43911 1408.96950
7500.75038 167.88354 5.48762 5.43489 1410.69673
7501.75088 167.83484 5.48593 5.43332 1412.23200
7502.75138 167.75308 5.48326 5.43067 1413.80455
7503.14838 167.69874 5.48149 5.42891 1414.48240
7503.75188 167.61715 5.47881 5.42627 1415.50461
7504.75238 167.50852 5.47526 5.42275 1417.15186
7505.75288 167.41066 5.47206 5.41959 1418.79713
7506.75338 167.14157 5.46326 5.41087 1420.44305
7507.49807 166.69456 5.44858 5.39640 1421.92620
7507.75388 166.50610 5.44238 5.39030 1422.48967
7508.37866 165.69038 5.41569 5.36389 1424.09065
7508.75438 164.94357 5.39110 5.33972 1425.41955
7508.88288 164.68619 5.38244 5.33139 1425.88172
7509.27130 163.68201 5.35242 5.29888 1427.39347
7509.66124 162.67782 5.32013 5.26637 1429.00616
7509.75488 162.46309 5.31305 5.25942 1429.40189
7510.09883 161.67364 5.28727 5.23386 1430.87286
7510.48149 160.66946 5.25430 5.20135 1432.63183
7510.75538 159.75572 5.22437 5.17177 1434.15890
7510.78313 159.66527 5.22140 5.16884 1434.30063
7510.78450 158.66109 5.18850 5.13634 1435.67370
7510.75538 158.58641 5.18605 5.13392 1435.75405
7510.04695 157.65690 5.15553 5.10383 1436.41297
7509.75488 157.48160 5.14980 5.09815 1436.36817
7508.75438 157.41019 5.14746 5.09584 1435.49166
7507.75388 157.36912 5.14614 5.09451 1434.53792
7506.75338 157.25599 5.14243 5.09085 1433.60939
7505.75288 157.32631 5.14475 5.09312 1432.50626
7504.75238 157.53221 5.15152 5.09979 1431.03245
7503.75188 157.52403 5.15125 5.09953 1430.05125
7502.75138 157.29397 5.14368 5.09208 1429.33446
7501.75088 157.09553 5.13721 5.08565 1428.70517
7500.75038 157.13986 5.13873 5.08709 1427.63992
7499.74987 157.42641 5.14811 5.09637 1425.93603
7498.93377 157.65690 5.15565 5.10383 1424.53358
7498.74937 157.70450 5.15720 5.10537 1424.23554
7497.74887 157.87301 5.16272 5.11082 1422.76603
7496.74837 158.07046 5.16929 5.11722 1421.08953
7495.74787 158.18048 5.17288 5.12078 1419.68738
7494.74737 158.21342 5.17395 5.12184 1418.36583
7493.74687 158.32737 5.17767 5.12553 1416.81954
7492.74637 158.52038 5.18409 5.13178 1415.20354
7491.74587 158.64967 5.18833 5.13597 1413.55072
7490.74537 158.61826 5.18730 5.13495 1412.29506
7490.44538 158.66109 5.18870 5.13634 1411.77240
7489.74487 158.75918 5.19190 5.13951 1410.48756
7488.74437 159.03878 5.20110 5.14856 1408.26196
7487.74387 159.31551 5.21021 5.15752 1406.00743
7486.74337 159.56732 5.21844 5.16567 1403.69032
7486.10865 159.66527 5.22164 5.16884 1402.31390
7485.74287 159.72380 5.22356 5.17074 1401.53737
7484.74237 159.72020 5.22352 5.17062 1399.72898
7483.74187 159.68904 5.22248 5.16961 1398.11968
7482.74137 159.83658 5.22736 5.17439 1395.73612
7481.74087 160.02733 5.23359 5.18056 1393.14222
7480.74037 160.20702 5.23950 5.18638 1390.47273
7479.73987 160.38130 5.24523 5.19202 1387.64173
7478.73937 160.50397 5.24929 5.19599 1384.86921
7477.73887 160.58757 5.25203 5.19870 1382.04268
7476.73837 160.65345 5.25418 5.20083 1379.13285
7475.73787 160.61695 5.25298 5.19965 1376.41977
7474.73737 160.54568 5.25065 5.19735 1373.90129
7473.73687 160.44246 5.24728 5.19400 1371.08805
7472.73637 160.27797 5.24190 5.18868 1368.27129
7471.73587 160.09724 5.23598 5.18283 1365.30254
7470.73537 159.86551 5.22840 5.17533 1362.35792
7470.14298 159.66527 5.22185 5.16884 1360.68246
7469.73487 159.54016 5.21770 5.16479 1359.42535
7468.73437 159.22273 5.20727 5.15452 1356.34357
7467.73387 158.80553 5.19362 5.14101 1353.31851
7467.43606 158.66109 5.18890 5.13634 1352.37635
7466.73337 158.37809 5.17964 5.12717 1350.03732
7465.73287 158.11191 5.17082 5.11856 1346.62494
7464.73237 157.77846 5.15992 5.10776 1342.64388
7464.46508 157.65690 5.15595 5.10383 1341.63844
7463.73187 157.30739 5.14451 5.09251 1338.84352
7462.84161 156.65272 5.12297 5.07132 1335.81500
7462.73137 156.56309 5.12005 5.06842 1335.45947
7461.75121 155.64854 5.08992 5.03881 1332.30704
7461.73087 155.62682 5.08920 5.03811 1332.24505
7460.88080 154.64435 5.05908 5.00630 1329.45510
7460.73037 154.46140 5.05389 5.00038 1328.90834
7460.02655 153.64017 5.02755 4.97379 1326.40616
7459.72986 153.35009 5.01795 4.96440 1325.22499
7458.87979 152.63598 4.99458 4.94128 1321.27807
7458.72936 152.50613 4.99033 4.93708 1320.53143
7457.81944 151.63180 4.96168 4.90878 1316.50744
7457.72886 151.52738 4.95825 4.90540 1316.17721
7457.09345 150.62762 4.92871 4.87627 1313.83921
7456.72836 150.05907 4.91006 4.85786 1312.21392
7456.45132 149.62343 4.89587 4.84376 1310.89123
7455.78853 148.61925 4.86292 4.81125 1307.65502
7455.72786 148.54073 4.86034 4.80871 1307.32801
7454.93225 147.61506 4.83003 4.77874 1302.57083
7454.72736 147.34452 4.82110 4.76998 1301.33186
7454.20626 146.61088 4.79697 4.74623 1298.17171
7453.72686 145.73807 4.77180 4.71798 1295.17643
7453.66352 145.60669 4.76760 4.71373 1294.81085
7453.24971 144.60251 4.73438 4.68122 1292.41387
7452.95599 143.59833 4.70152 4.64871 1290.98471
7452.72636 142.88627 4.67822 4.62566 1289.64751
7452.62296 142.59414 4.66865 4.61620 1289.00702
7452.27030 141.58996 4.63574 4.58369 1286.76468
7451.85549 140.58577 4.60283 4.55118 1283.76647
7451.72586 140.27701 4.59270 4.54119 1282.79920
7451.41369 139.58159 4.56985 4.51867 1280.29365
7451.00686 138.57741 4.53697 4.48617 1276.96532
7450.72536 137.84787 4.51279 4.46255 1274.60406
7450.62329 137.57322 4.50379 4.45366 1273.75451
7450.32753 136.56904 4.47444 4.42115 1271.15877
7450.02413 135.56485 4.44136 4.38864 1268.52127
7449.72486 134.77734 4.41560 4.36315 1265.64076
7449.63885 134.56067 4.40848 4.35613 1264.76552
7449.36508 133.55649 4.37558 4.32362 1262.11671
7449.07288 132.55230 4.34270 4.29112 1259.21316
7448.83304 131.54812 4.30979 4.25861 1257.15661
7448.72436 131.14113 4.29647 4.24543 1256.17600
7448.54219 130.54393 4.27691 4.22610 1254.51159
7448.27937 129.53975 4.24400 4.19359 1252.13567
7448.01540 128.53556 4.21268 4.16108 1249.48300
7447.75337 127.53138 4.18158 4.12857 1246.60205
7447.72386 127.42271 4.17792 4.12506 1246.28116
7447.51796 126.52720 4.14856 4.09606 1243.86300
7447.30036 125.52301 4.11572 4.06356 1241.48807
7447.09677 124.51883 4.08284 4.03105 1239.31443
7446.85954 123.51464 4.04991 3.99854 1236.68450
7446.72336 122.98945 4.03269 3.98154 1235.15548
7446.61491 122.51046 4.01698 3.96603 1233.94459
7446.40623 121.50628 3.98406 3.93352 1231.71170
7446.22311 120.50209 3.95122 3.90101 1229.81330
7446.05359 119.49791 3.91898 3.86851 1228.08842
7445.87104 118.49372 3.88895 3.83600 1226.26223
7445.72286 117.83239 3.86692 3.81459 1224.76191
7445.64171 117.48954 3.85573 3.80349 1223.93402
7445.35965 116.48536 3.82280 3.77098 1220.97141
7445.04622 115.48117 3.78985 3.73847 1217.51903
7444.72236 114.62093 3.76162 3.71062 1213.83261
7444.66774 114.47699 3.75690 3.70596 1213.21690
7444.34068 113.47280 3.72396 3.67346 1209.75350
7444.06117 112.46862 3.69105 3.64095 1206.97963
7443.77532 111.46444 3.65784 3.60844 1204.31005
7443.72186 111.25721 3.65118 3.60173 1203.84364
7443.56173 110.46025 3.62821 3.57593 1202.65207
7443.35990 109.45607 3.59536 3.54342 1201.51847
7443.16099 108.45188 3.56254 3.51091 1200.54294
7442.91217 107.44770 3.52962 3.47840 1198.99910
7442.72136 106.85139 3.51004 3.45910 1197.54736
7442.59650 106.44351 3.49666 3.44590 1196.64067
7442.29355 105.43933 3.46374 3.41339 1194.52272
7441.98784 104.43515 3.43074 3.38088 1192.65720
7441.72086 103.74482 3.40804 3.35853 1190.56598
7441.59034 103.43096 3.39773 3.34837 1189.45936
7441.24283 102.42678 3.36450 3.31586 1187.27909
7440.84902 101.42259 3.33425 3.28335 1183.91928
7440.72036 101.15382 3.32633 3.27465 1182.72128
7440.37303 100.41841 3.30206 3.25085 1180.21891
7439.82932 99.41423 3.26914 3.21834 1176.48608
7439.71986 99.23447 3.26321 3.21252 1175.63586
7439.35939 98.41004 3.23608 3.18583 1173.31726
7438.94213 97.40586 3.20316 3.15332 1170.86418
7438.71936 96.94823 3.18810 3.13850 1169.25192
7438.45229 96.40167 3.17017 3.12081 1167.44157
7438.00750 95.39749 3.13714 3.08830 1165.09106
7437.71886 94.84920 3.11911 3.07055 1163.13849
7437.48582 94.39331 3.10422 3.05579 1161.65273
7436.93632 93.38912 3.07144 3.02329 1157.85695
7436.71836 93.02675 3.06108 3.01155 1155.87330
7436.40425 92.38494 3.04165 2.99078 1154.00873
7435.90500 91.38075 3.00839 2.95827 1151.77988
7435.71786 91.06823 2.99813 2.94815 1150.53521
7435.30809 90.37657 2.97530 2.92576 1147.92691
7434.71736 89.43796 2.94442 2.89538 1144.06162
7434.67534 89.37238 2.94226 2.89325 1143.78844
7434.09635 88.36820 2.90931 2.86074 1140.88419
7433.71686 87.78729 2.89017 2.84194 1138.55035
7433.47833 87.36402 2.87624 2.82824 1137.61420
7432.87459 86.35983 2.84328 2.79573 1134.97187
7432.71636 86.16005 2.83671 2.78926 1133.67050
7432.18134 85.35565 2.81034 2.76322 1130.63626
7431.71586 84.62471 2.78598 2.73956 1129.62742
7431.48620 84.35146 2.77727 2.73071 1128.39264
7430.71536 83.35120 2.74801 2.69833 1122.93420
7430.71265 83.34728 2.74788 2.69820 1122.91909
7429.89005 82.34310 2.71496 2.66569 1117.13169
7429.71486 82.14541 2.70854 2.65929 1115.78100
7429.19013 81.33891 2.68211 2.63318 1114.29174
7428.71436 80.63869 2.65958 2.61052 1112.69391
7428.46840 80.33473 2.64934 2.60068 1111.27132
7427.71386 79.41554 2.61753 2.57092 1106.89842
7427.64371 79.33054 2.61464 2.56817 1106.50628
7426.78373 78.32636 2.58106 2.53566 1101.21958
7426.71336 78.24634 2.57838 2.53307 1100.75822
7425.95360 77.32218 2.54790 2.50315 1096.73410
7425.71286 77.06621 2.53941 2.49486 1094.93224
7425.11956 76.31799 2.51466 2.47064 1092.36261
7424.71236 75.75929 2.49656 2.45256 1090.99075
7424.35542 75.31381 2.48361 2.43813 1088.59131
7423.71186 74.55034 2.46000 2.41342 1084.57642
7423.50184 74.30962 2.45193 2.40563 1083.38747
7422.71136 73.48219 2.42430 2.37884 1078.04089
7422.53070 73.30544 2.41850 2.37312 1077.10750
7421.71086 72.56732 2.39414 2.34922 1071.30288
7421.44453 72.30126 2.38516 2.34061 1069.25844
7420.71036 71.47296 2.35774 2.31379 1065.19811
7420.54236 71.29707 2.35186 2.30810 1064.15551
7419.70985 70.50386 2.32528 2.28242 1057.59257
7419.48735 70.29289 2.31831 2.27559 1055.85227
7418.70935 69.60047 2.29505 2.25318 1049.03701
7418.42458 69.28870 2.28455 2.24308 1047.48821
7417.70885 68.46290 2.25693 2.21635 1044.47590
7417.52693 68.28452 2.25090 2.21057 1043.20700
7416.70835 67.46337 2.22341 2.18399 1037.72798
7416.50247 67.28033 2.21725 2.17807 1036.00010
7415.70785 66.62084 2.19498 2.15672 1028.22632
7415.40967 66.27615 2.18481 2.14556 1026.35048
7414.70735 65.36361 2.15596 2.11602 1024.15329
7414.62269 65.27197 2.15275 2.11305 1023.74943
7413.70685 64.34465 2.12133 2.08303 1017.70976
7413.60791 64.26778 2.11876 2.08054 1016.78776
7412.70635 63.56724 2.09485 2.05786 1009.82805
7412.44417 63.26360 2.08460 2.04803 1008.92151
7411.70585 62.41710 2.05525 2.02063 1005.78631
7411.55260 62.25941 2.04977 2.01552 1004.91640
7410.70535 61.47474 2.02325 1.99012 998.09642
7410.42214 61.25523 2.01569 1.98302 995.01304
7409.70485 60.57783 1.99249 1.96109 989.50206
7409.42697 60.25105 1.98125 1.95051 988.56585
7408.70435 59.46072 1.95337 1.92492 985.01518
7408.49965 59.24686 1.94608 1.91800 983.77797
7407.70385 58.51970 1.92098 1.89446 977.11539
7407.38128 58.24268 1.91106 1.88549 973.97609
7406.70335 57.48615 1.88834 1.86100 968.91449
7406.49543 57.23849 1.88059 1.85298 967.78103
7405.70285 56.48199 1.85382 1.82849 961.43686
7405.44376 56.23431 1.84549 1.82047 959.18714
7404.70235 55.50203 1.82015 1.79677 954.81445
7404.43118 55.23013 1.81035 1.78796 953.81363
7403.70185 54.50646 1.78561 1.76454 948.46600
7403.41391 54.22594 1.77609 1.75546 945.97437
7402.70135 53.49252 1.75062 1.73171 940.72688
7402.45671 53.22176 1.74109 1.72295 939.22305
7401.70085 52.43159 1.71480 1.69737 933.74910
7401.49470 52.21757 1.70744 1.69044 932.18995
7400.70035 51.38672 1.67859 1.66354 926.28782
7400.52380 51.21339 1.67323 1.65793 924.78038
7399.69985 50.29992 1.64073 1.62836 919.37902
7399.61591 50.20921 1.63746 1.62542 918.76977
7398.69935 49.30318 1.60848 1.59609 911.09116
7398.59885 49.20502 1.60478 1.59291 910.23230
7397.69885 48.27755 1.57807 1.56289 901.77632
7397.62413 48.20084 1.57622 1.56041 901.02926
7396.69835 47.20943 1.54058 1.52831 894.10237
7396.68418 47.19665 1.54022 1.52790 893.97525
7395.69785 46.37220 1.51574 1.50121 885.89665
7395.50326 46.19247 1.50887 1.49539 884.10189
7394.69735 45.51039 1.48832 1.47331 875.54686
7394.29775 45.18828 1.47903 1.46288 871.31498
7393.69685 44.68630 1.46067 1.44663 865.15386
7393.01328 44.18410 1.44719 1.43037 857.25490
7392.69635 43.93124 1.43924 1.42219 853.91930
7391.69585 43.19556 1.41473 1.39837 842.68124
7391.67581 43.17992 1.41426 1.39786 842.46778
7390.69535 42.43344 1.39163 1.37370 831.84625
7390.38477 42.17573 1.38295 1.36535 828.79059
7389.69485 41.58216 1.36146 1.34614 822.15311
7389.23811 41.17155 1.34962 1.33285 817.95157
7388.69435 40.63491 1.33051 1.31547 813.62896
7388.14867 40.16736 1.31445 1.30034 807.95883
7387.69385 39.76726 1.30558 1.28739 802.78102
7386.81231 39.16318 1.28486 1.26783 793.81272
7386.69335 39.09526 1.28214 1.26563 792.61433
7385.69285 38.56550 1.26681 1.24848 779.84733
7384.98650 38.15900 1.25369 1.23532 771.14070
7384.69235 37.95710 1.24670 1.22879 767.80070
7383.69185 37.40774 1.22652 1.21100 755.20394
7383.23748 37.15481 1.21862 1.20281 749.59503
7382.69135 36.82275 1.20810 1.19206 743.15325
7381.69085 36.28179 1.19097 1.17455 730.72061
7381.44164 36.15063 1.18657 1.17030 727.61616
7380.69035 35.80284 1.17516 1.15905 717.89093
7379.68984 35.27420 1.15844 1.14193 705.62770
7379.50560 35.14644 1.15395 1.13780 703.55102
7378.68934 34.49711 1.12974 1.11677 695.68474
7378.21968 34.14226 1.11785 1.10529 691.69524
7377.68884 33.70874 1.10367 1.09125 686.49933
7376.96081 33.13808 1.08296 1.07278 678.56450
7376.68834 32.93624 1.07583 1.06624 675.57660
7375.68784 32.30427 1.05575 1.04579 663.84422
7375.40958 32.13389 1.04996 1.04027 660.55163
7374.68734 31.76661 1.03697 1.02838 651.63167
7373.68684 31.32940 1.02120 1.01423 638.98227
7373.27327 31.12971 1.01493 1.00776 633.83913
7372.68634 30.81250 1.00616 0.99749 626.56483
7371.68584 30.35283 0.99133 0.98261 613.95520
7371.27554 30.12552 0.98317 0.97525 609.04685
7370.68534 29.78815 0.97094 0.96433 602.22941
7369.68484 29.21972 0.95154 0.94593 590.50700
7369.49605 29.12134 0.94805 0.94275 588.52256
7368.68434 28.74543 0.93375 0.93058 579.91688
7367.68384 28.29199 0.91792 0.91590 567.76955
7367.32520 28.11715 0.91234 0.91024 563.53603
7366.68334 27.81181 0.90215 0.90035 555.93085
7365.68284 27.38691 0.88599 0.88660 543.99324
7365.14851 27.11297 0.87600 0.87773 537.74875
7364.68234 26.82601 0.86601 0.86844 532.42269
7363.68184 26.28415 0.84774 0.85090 520.82770
7363.35079 26.10879 0.84107 0.84522 516.98176
7362.68134 25.76828 0.82826 0.83420 509.18510
7361.68084 25.29103 0.81207 0.81875 497.50758
7361.29979 25.10460 0.80604 0.81271 493.09533
7360.68034 24.83398 0.79609 0.80395 486.76177
7359.67984 24.39751 0.77919 0.78982 475.62958
7359.12046 24.10042 0.76870 0.78020 469.19586
7358.67934 23.84602 0.76050 0.77197 464.12380
7357.67884 23.38522 0.74441 0.75705 452.68105
7357.06143 23.09623 0.73320 0.74769 445.62039
7356.67834 22.86615 0.72471 0.74025 441.18621
7355.67784 22.25743 0.70610 0.72054 429.70212
7355.41433 22.09205 0.70103 0.71519 426.65981
7354.67734 21.68638 0.68590 0.70205 418.19721
7353.67684 21.18263 0.66709 0.68575 406.77211
7353.38060 21.08787 0.66391 0.68268 403.59581
7352.67634 20.91951 0.65912 0.67723 396.25555
7351.67584 20.76218 0.65442 0.67213 386.60115
7350.67534 20.57780 0.64624 0.66617 377.29193
7349.67484 20.26440 0.63318 0.65602 367.03911
7349.27386 20.08368 0.62534 0.65017 362.80258
7348.67434 19.75583 0.61403 0.63956 356.25623
7347.67384 19.25924 0.59857 0.62348 345.50847
7347.33869 19.07950 0.59200 0.61766 341.84295
7346.67334 18.74647 0.57899 0.60688 334.69380
7345.67284 18.26678 0.56214 0.59135 324.07302
7345.31908 18.07531 0.55595 0.58515 320.19494
7344.67234 17.69470 0.54239 0.57283 312.95185
7343.67184 17.18599 0.52249 0.55636 302.11046
7343.27927 17.07113 0.51814 0.55264 298.67312
7342.67134 16.92826 0.51359 0.54802 293.86464
7341.67084 16.76649 0.50878 0.54278 285.60396
7340.67034 16.55952 0.50188 0.53608 277.26567
7339.66983 16.22869 0.48885 0.52537 268.25517
7339.31568 16.06695 0.48164 0.52014 264.80075
7338.66933 15.75532 0.47019 0.51005 258.37075
7337.66883 15.22953 0.45397 0.49303 248.13552
7337.37002 15.06276 0.44819 0.48763 245.01415
7336.66833 14.66155 0.43224 0.47464 237.62480
7335.66783 14.17785 0.41486 0.45898 227.79401
7335.26364 14.05858 0.41152 0.45512 224.50190
7334.66733 13.91862 0.40807 0.45059 219.94379
7333.66683 13.78898 0.40383 0.44639 214.04399
7332.66633 13.58392 0.39608 0.43975 207.26300
7331.66583 13.24395 0.38239 0.42875 199.69756
7331.30181 13.05439 0.37615 0.42261 196.55681
7330.66533 12.66412 0.36406 0.40998 190.42372
7329.66483 12.15607 0.34935 0.39353 181.25943
7329.37101 12.05021 0.34569 0.39010 178.97333
7328.66433 11.83204 0.33688 0.38304 173.92365
7327.66383 11.59882 0.32677 0.37549 167.70098
7326.66333 11.31859 0.31588 0.36642 161.23048
7325.66893 11.04603 0.30851 0.35759 155.04509
7325.66283 11.04437 0.30847 0.35754 155.01019
7324.66233 10.88782 0.30399 0.35247 150.39635
7323.66183 10.74975 0.29953 0.34800 145.78328
7322.66133 10.52179 0.28972 0.34062 140.46666
7321.66083 10.16859 0.27506 0.32919 134.08604
7321.40920 10.04184 0.27099 0.32508 132.12380
7320.66033 9.58859 0.25786 0.31041 125.53490
7319.65983 9.20763 0.24648 0.29808 119.13318
7318.97607 9.03766 0.23941 0.29258 115.77795
7318.65933 8.95609 0.23599 0.28994 114.22397
7317.65883 8.70276 0.22550 0.28173 109.45677
7316.65833 8.39911 0.21556 0.27190 104.29256
7315.65783 8.12938 0.20947 0.26317 99.82693
7315.30027 8.03347 0.20676 0.26007 98.19876
7314.65733 7.88125 0.20171 0.25514 95.51930
7313.65683 7.67979 0.19252 0.24862 91.82978
7312.65633 7.44620 0.18166 0.24106 87.93424
7311.65583 7.19537 0.17291 0.23294 83.98170
7310.99991 7.02929 0.16928 0.22756 81.42980
7310.65533 6.92960 0.16757 0.22433 79.97864
7309.65483 6.67916 0.16163 0.21622 76.24832
7308.65433 6.38187 0.15190 0.20660 72.13865
7307.65383 6.05843 0.13854 0.19613 67.91522
7307.49296 6.02510 0.13691 0.19505 67.45284
7306.65333 5.87235 0.13159 0.19011 65.18395
7305.65283 5.88055 0.13051 0.19037 64.52704
7304.65233 5.87282 0.13046 0.19012 63.74504
7303.65183 5.69706 0.12654 0.18443 61.28257
7302.65133 5.38574 0.12095 0.17435 57.43075
7301.65083 5.08442 0.11320 0.16460 53.85341
7301.42289 5.02092 0.11108 0.16254 53.13170
0.00000 0.00000 0.00000 0.00000 0.00000
