6915.45773 10.01379 0.24678 0.32418 135.86509
6915.75361 10.04184 0.24819 0.32508 135.92025
6916.45823 10.11129 0.25196 0.32733 136.08231
6917.45873 10.21135 0.25724 0.33057 136.27887
6918.45923 10.29517 0.26183 0.33329 136.31843
6919.45973 10.37340 0.26619 0.33582 136.17175
6920.46023 10.47147 0.27121 0.33899 136.24171
6921.46073 10.54393 0.27526 0.34134 135.89296
6922.46123 10.67128 0.28128 0.34546 136.30104
6923.46173 10.80085 0.28743 0.34966 136.68861
6924.46223 10.93678 0.29386 0.35406 137.12542
6925.27834 11.04603 0.29903 0.35759 137.40092
6925.46273 11.07061 0.30020 0.35839 137.45981
6926.46323 11.19980 0.30636 0.36257 137.67943
6927.46373 11.31324 0.31189 0.36624 137.70955
6928.46423 11.43192 0.31752 0.37009 137.78311
6929.46473 11.55931 0.32355 0.37421 137.82350
6930.46523 11.69540 0.32989 0.37862 137.93362
6931.46573 11.83431 0.33636 0.38311 138.03345
6932.46623 11.98156 0.34323 0.38788 138.22727
6932.86856 12.05021 0.34631 0.39010 138.40550
6933.46673 12.14869 0.35081 0.39329 138.62717
6934.46723 12.30913 0.35825 0.39848 138.91483
6935.46773 12.48065 0.36594 0.40404 139.18115
6936.46823 12.61900 0.37215 0.40851 139.15413
6937.46873 12.78065 0.37901 0.41375 139.00472
6938.46923 12.95517 0.38591 0.41940 138.85875
6938.94678 13.05439 0.38968 0.42261 138.93322
6939.46973 13.16819 0.39399 0.42629 139.06415
6940.47024 13.38072 0.40200 0.43317 139.15184
6941.47074 13.56534 0.40957 0.43915 139.00595
6942.47124 13.77554 0.41839 0.44596 139.25567
6943.47174 14.01122 0.42830 0.45359 139.84642
6943.64212 14.05858 0.43021 0.45512 140.02713
6944.47224 14.26705 0.43893 0.46187 140.60980
6945.47274 14.46676 0.44728 0.46833 140.78560
6946.47324 14.66765 0.45567 0.47484 140.66412
6947.47374 14.88526 0.46448 0.48188 140.61662
6948.21016 15.06276 0.47151 0.48763 140.76852
6948.47424 15.12792 0.47409 0.48974 140.83119
6949.47474 15.40443 0.48486 0.49869 141.39228
6950.47524 15.65296 0.49485 0.50673 141.52126
6951.47574 15.90393 0.50508 0.51486 141.60012
6952.06284 16.06695 0.51170 0.52014 141.82488
6952.47624 16.17474 0.51614 0.52363 141.86872
6953.47674 16.43245 0.52610 0.53197 141.93987
6954.47724 16.68117 0.53522 0.54002 142.09571
6955.47774 16.99856 0.54716 0.55029 142.75963
6955.70094 17.07113 0.54978 0.55264 142.93606
6956.47824 17.30264 0.55810 0.56014 143.24166
6957.47874 17.56607 0.56761 0.56867 143.12864
6958.47924 17.82119 0.57673 0.57693 142.86928
6959.35766 18.07531 0.58547 0.58515 143.01866
6959.47974 18.11545 0.58686 0.58645 143.10373
6960.48024 18.42575 0.59695 0.59650 143.53607
6961.48074 18.71622 0.60592 0.60590 143.69106
6962.48124 19.01932 0.61514 0.61571 143.97608
6962.69852 19.07950 0.61698 0.61766 144.06008
6963.48174 19.28984 0.62330 0.62447 144.24184
6964.48224 19.57029 0.63123 0.63355 144.15371
6965.48274 19.84580 0.63817 0.64247 144.02877
6966.23645 20.08368 0.64360 0.65017 144.35029
6966.48324 20.16270 0.64547 0.65273 144.46951
6967.48374 20.45031 0.65201 0.66204 144.46393
6968.48424 20.73488 0.65916 0.67125 144.36768
6969.48474 21.02634 0.66626 0.68069 144.35504
6969.65425 21.08787 0.66775 0.68268 144.53788
6970.48524 21.38810 0.67401 0.69240 145.41596
6971.48574 21.64083 0.67917 0.70058 145.15119
6972.48624 21.92080 0.68541 0.70964 144.88105
6973.00332 22.09205 0.68906 0.71519 144.81089
6973.48674 22.28319 0.69315 0.72137 145.07521
6974.48724 22.64616 0.69996 0.73312 145.28747
6975.48774 22.99675 0.70721 0.74447 145.73179
6975.75048 23.09623 0.70971 0.74769 145.96845
6976.48824 23.33496 0.71595 0.75542 146.19815
6977.48874 23.64034 0.72374 0.76531 146.13849
6978.48924 23.94874 0.73091 0.77529 145.99528
6978.90581 24.10042 0.73450 0.78020 146.25394
6979.48974 24.31054 0.73975 0.78701 146.55342
6980.49025 24.61913 0.74806 0.79700 146.50161
6981.49075 24.92004 0.75622 0.80674 146.44554
6981.98521 25.10460 0.76119 0.81271 146.70680
6982.49125 25.30763 0.76657 0.81928 147.19241
6983.49175 25.64920 0.77553 0.83034 147.27975
6984.49225 25.99798 0.78567 0.84163 147.40813
6984.79083 26.10879 0.78890 0.84522 147.52613
6985.49275 26.36123 0.79612 0.85339 147.67986
6986.49325 26.71845 0.80581 0.86496 147.80796
6987.49375 27.09109 0.81661 0.87702 148.09238
6987.54675 27.11297 0.81727 0.87773 148.13585
6988.49425 27.46993 0.82803 0.88928 148.35667
6989.49475 27.78115 0.83691 0.89936 148.22579
6990.35263 28.11715 0.84669 0.91024 148.54444
6990.49525 28.18178 0.84860 0.91233 148.71018
6991.49575 28.58338 0.86082 0.92533 149.17908
6992.49625 28.95176 0.87206 0.93726 149.12388
6992.91568 29.12134 0.87718 0.94275 149.26461
6993.49675 29.35895 0.88410 0.95044 149.49266
6994.49725 29.75128 0.89591 0.96314 149.67482
6995.37211 30.12552 0.90784 0.97525 150.25986
6995.49775 30.18605 0.90978 0.97721 150.41405
6996.49825 30.63014 0.92231 0.99159 150.68531
6997.49875 31.08330 0.93393 1.00626 150.61272
6997.60561 31.12971 0.93517 1.00776 150.59497
6998.49925 31.47774 0.94578 1.01903 150.73894
6999.49975 31.88245 0.95897 1.03213 150.98619
7000.07582 32.13389 0.96694 1.04027 151.25461
7000.50025 32.33562 0.97308 1.04680 151.60977
7001.50075 32.77026 0.98667 1.06087 151.86620
7002.32613 33.13808 0.99854 1.07278 152.18269
7002.50125 33.21778 1.00110 1.07536 152.26361
7003.50175 33.64728 1.01452 1.08926 152.37637
7004.50225 34.08264 1.02825 1.10336 152.49232
7004.62418 34.14226 1.03019 1.10529 152.58295
7005.50275 34.55434 1.04380 1.11863 153.02925
7006.50325 34.99570 1.05769 1.13292 153.16341
7006.84936 35.14644 1.06248 1.13780 153.39567
7007.50375 35.43944 1.07188 1.14728 153.74673
7008.50425 35.91523 1.08748 1.16268 154.08917
7008.97530 36.15063 1.09522 1.17030 154.39891
7009.50475 36.41444 1.10363 1.17884 154.71380
7010.50525 36.86370 1.11785 1.19339 154.67020
7011.09908 37.15481 1.12763 1.20281 154.91034
7011.50575 37.35693 1.13437 1.20936 155.10342
7012.50625 37.82678 1.14952 1.22457 155.19550
7013.16715 38.15900 1.16027 1.23532 155.48294
7013.50675 38.33612 1.16606 1.24106 155.68325
7014.50725 38.81765 1.18218 1.25664 155.78997
7015.21445 39.16318 1.19385 1.26783 155.95411
7015.50775 39.32815 1.19935 1.27317 156.27447
7016.50825 39.80103 1.21371 1.28848 156.43451
7017.13550 40.16736 1.22449 1.30034 156.51855
7017.50875 40.37915 1.23091 1.30719 156.61923
7018.50925 40.88161 1.24724 1.32346 156.69250
7019.03200 41.17155 1.25709 1.33285 157.12117
7019.50975 41.43972 1.26628 1.34153 157.48450
7020.51026 41.93643 1.28279 1.35761 157.40747
7020.95569 42.17573 1.29076 1.36535 157.58517
7021.51076 42.48877 1.30133 1.37549 157.95745
7022.51126 43.02511 1.31970 1.39285 158.24099
7022.79060 43.17992 1.32496 1.39786 158.37371
7023.51176 43.58637 1.33853 1.41102 158.73676
7024.51226 44.08516 1.35539 1.42717 158.79841
7024.68531 44.18410 1.35879 1.43037 159.04086
7025.51276 44.63953 1.37439 1.44512 159.42032
7026.51326 45.18802 1.39277 1.46287 159.61620
7026.51368 45.18828 1.39278 1.46288 159.61662
7027.51376 45.77007 1.41278 1.48171 160.11834
7028.24908 46.19247 1.42729 1.49539 160.40500
7028.51426 46.35798 1.43289 1.50075 160.63769
7029.51476 46.92486 1.45224 1.51910 160.83889
7029.97331 47.19665 1.46158 1.52790 161.04764
7030.51526 47.51990 1.47287 1.53836 161.36948
7031.51576 48.08872 1.49206 1.55678 161.46349
7031.69612 48.20084 1.49555 1.56041 161.47286
7032.51626 48.75119 1.51203 1.57822 161.63684
7033.22578 49.20502 1.52669 1.59291 161.93971
7033.51676 49.38376 1.53286 1.59870 162.29076
7034.51726 49.94107 1.55294 1.61674 162.72690
7034.94981 50.20921 1.56211 1.62542 162.84093
7035.51776 50.57107 1.57447 1.63714 163.20720
7036.51826 51.16728 1.59529 1.65644 163.37021
7036.59033 51.21339 1.59687 1.65793 163.41186
7037.51876 51.78026 1.61613 1.67628 163.63030
7038.19751 52.21757 1.63121 1.69044 164.00742
7038.51926 52.44702 1.63929 1.69787 164.39438
7039.51976 53.09700 1.66213 1.71891 164.93478
7039.70322 53.22176 1.66636 1.72295 165.08271
7040.52026 53.75112 1.68418 1.74009 165.44383
7041.26339 54.22594 1.70116 1.75546 165.64665
7041.52076 54.40148 1.70730 1.76114 165.79549
7042.52126 54.97957 1.72714 1.77985 166.07097
7042.90089 55.23013 1.73571 1.78796 166.34226
7043.52176 55.65053 1.75044 1.80157 166.63636
7044.47225 56.23431 1.77049 1.82047 166.53647
7044.52226 56.26916 1.77168 1.82160 166.57036
7045.52276 56.98077 1.79701 1.84464 167.46998
7045.89375 57.23849 1.80570 1.85298 167.66370
7046.52326 57.71917 1.81991 1.86854 167.89122
7047.18592 58.24268 1.83660 1.88549 168.37015
7047.52376 58.48996 1.84529 1.89350 168.66581
7048.52426 59.13384 1.86744 1.91434 168.74317
7048.68197 59.24686 1.87143 1.91800 168.84399
7049.52476 59.85824 1.89280 1.93779 169.41093
7050.08470 60.25105 1.90623 1.95051 169.68791
7050.52526 60.56999 1.91714 1.96083 169.92575
7051.52576 61.23158 1.94020 1.98225 170.36923
7051.55834 61.25523 1.94101 1.98302 170.41505
7052.52626 61.91024 1.96309 2.00422 170.70180
7053.01002 62.25941 1.97537 2.01552 170.93091
7053.52676 62.67764 1.98966 2.02906 171.59466
7054.35632 63.26360 2.00863 2.04803 171.82792
7054.52726 63.39162 2.01308 2.05218 171.93122
7055.52776 64.10856 2.03833 2.07539 172.26335
7055.73053 64.26778 2.04367 2.08054 172.44760
7056.52826 64.87852 2.06348 2.10031 173.00259
7057.05418 65.27197 2.07761 2.11305 173.33118
7057.52876 65.65714 2.09021 2.12552 173.85692
7058.29768 66.27615 2.10797 2.14556 174.02759
7058.52926 66.47841 2.11421 2.15211 174.17551
7059.52976 67.26552 2.14028 2.17759 174.81073
7059.54938 67.28033 2.14076 2.17807 174.83214
7060.53027 67.96217 2.16222 2.20014 175.39954
7060.94039 68.28452 2.17357 2.21057 175.61675
7061.53077 68.76446 2.18865 2.22611 176.14497
7062.20089 69.28870 2.20487 2.24308 176.54712
7062.53127 69.56522 2.21479 2.25203 176.87425
7063.47696 70.29289 2.23716 2.27559 177.30714
7063.53177 70.33713 2.23856 2.27702 177.34970
7064.53227 71.14946 2.26578 2.30332 178.10887
7064.71923 71.29707 2.27040 2.30810 178.21534
7065.53277 71.91542 2.28883 2.32812 178.45239
7066.00179 72.30126 2.30129 2.34061 178.82012
7066.53327 72.75559 2.31857 2.35532 179.36943
7067.19552 73.30544 2.33409 2.37312 179.91209
7067.53377 73.60585 2.34390 2.38284 180.27586
7068.46980 74.30962 2.36926 2.40563 180.78274
7068.53427 74.35995 2.37068 2.40725 180.86292
7069.53477 75.20233 2.39831 2.43452 181.70058
7069.66162 75.31381 2.40213 2.43813 181.69686
7070.53527 76.07546 2.42276 2.46279 182.14096
7070.80085 76.31799 2.43151 2.47064 182.49626
7071.53577 76.95683 2.45549 2.49132 183.25156
7071.96493 77.32218 2.46615 2.50315 183.56629
7072.53627 77.83205 2.48212 2.51966 184.17488
7073.09892 78.32636 2.50351 2.53566 184.69105
7073.53677 78.69503 2.51437 2.54759 184.98024
7074.27473 79.33054 2.53158 2.56817 185.56184
7074.53727 79.57785 2.56631 2.57617 185.91850
7075.40234 80.33473 2.71659 2.60068 186.67955
7075.53777 80.45170 2.73474 2.60446 186.78325
7076.52812 81.33891 2.77884 2.63318 187.76820
7076.53827 81.34830 2.77882 2.63349 187.77866
7077.53877 82.20837 2.79522 2.66133 188.77124
7077.69992 82.34310 2.80013 2.66569 188.98256
7078.53927 83.05407 2.82906 2.68871 189.90661
7078.85355 83.34728 2.83882 2.69820 190.34053
7079.53977 84.09622 2.85673 2.72245 191.45044
7079.79316 84.35146 2.86120 2.73071 191.83396
7080.54027 85.01637 2.87686 2.75223 192.80080
7080.88832 85.35565 2.88622 2.76322 193.45078
7081.54077 85.96140 2.90025 2.78283 194.44761
7081.95444 86.35983 2.91073 2.79573 195.22640
7082.54127 86.94322 2.92491 2.81461 196.41573
7083.00081 87.36402 2.93537 2.82824 197.25597
7083.54177 87.87965 2.95069 2.84493 198.34174
7084.03295 88.36820 2.96279 2.86074 199.45049
7084.54227 88.86655 2.97622 2.87688 200.58777
7085.08374 89.37238 2.99166 2.89325 201.72953
7085.54277 89.79681 3.00272 2.90699 202.78030
7086.17453 90.37657 3.02092 2.92576 204.31353
7086.54327 90.73905 3.03403 2.93750 205.20230
7087.25684 91.38075 3.05244 2.95827 206.90138
7087.54377 91.64243 3.06084 2.96674 207.76613
7088.29654 92.38494 3.08857 2.99078 209.73219
7088.54427 92.64508 3.09628 2.99920 210.47708
7089.22541 93.38912 3.11840 3.02329 212.46179
7089.54477 93.71590 3.13062 3.03386 213.49930
7090.21507 94.39331 3.15329 3.05579 215.53703
7090.54527 94.72754 3.16507 3.06661 216.56808
7091.21090 95.39749 3.18942 3.08830 218.71272
7091.54577 95.72756 3.20149 3.09899 219.83403
7092.19504 96.40167 3.22818 3.12081 221.94952
7092.54627 96.76260 3.24287 3.13250 223.15220
7093.17637 97.40586 3.27013 3.15332 225.32049
7093.54677 97.79848 3.28722 3.16603 226.57048
7094.14734 98.41004 3.31457 3.18583 228.74718
7094.54727 98.81498 3.33412 3.19894 230.24306
7095.17428 99.41423 3.36269 3.21834 232.45114
7095.54777 99.76852 3.37809 3.22981 233.45524
7096.17641 100.41841 3.40976 3.25085 235.66641
7096.54827 100.81847 3.43156 3.26380 237.03656
7097.12117 101.42259 3.46077 3.28335 239.36201
7097.54877 101.90786 3.48429 3.29906 241.24177
7097.98786 102.42678 3.51298 3.31586 242.79538
7098.54927 102.99038 3.54415 3.33411 244.97687
7098.96583 103.43096 3.57114 3.34837 246.64899
7099.54977 104.07758 3.61744 3.36930 248.79230
7099.88146 104.43515 3.64006 3.38088 250.03822
7100.55028 105.16527 3.66711 3.40452 252.58254
7100.80322 105.43933 3.67772 3.41339 253.65372
7101.55078 106.24156 3.71196 3.43936 256.73941
7101.73542 106.44351 3.71844 3.44590 257.47717
7102.55128 107.34304 3.74616 3.47502 260.54123
7102.64932 107.44770 3.74965 3.47840 260.97308
7103.55178 108.42150 3.78479 3.50993 264.60344
7103.58240 108.45188 3.78594 3.51091 264.70419
7104.55228 109.43496 3.82196 3.54274 268.19538
7104.57083 109.45607 3.82267 3.54342 268.26620
7105.45067 110.46025 3.85905 3.57593 271.70994
7105.55278 110.59060 3.86319 3.58015 272.08368
7106.23169 111.46444 3.88990 3.60844 274.68005
7106.55328 111.81707 3.90178 3.61985 275.92933
7107.12604 112.46862 3.92421 3.64095 278.06199
7107.55378 112.93159 3.94088 3.65593 280.11768
7108.03708 113.47280 3.96011 3.67346 282.06611
7108.55428 114.04422 3.98058 3.69195 284.35390
7108.92657 114.47699 3.99576 3.70596 285.72515
7109.55478 115.22028 4.02137 3.73003 288.01446
7109.78029 115.48117 4.03062 3.73847 288.88152
7110.55528 116.38097 4.06218 3.76760 291.85653
7110.64586 116.48536 4.06583 3.77098 292.20680
7111.52441 117.48954 4.10096 3.80349 295.79766
7111.55578 117.52662 4.10226 3.80469 295.89713
7112.37433 118.49372 4.13590 3.83600 299.35013
7112.55628 118.71377 4.14358 3.84312 299.68964
7113.21863 119.49791 4.16841 3.86851 301.64996
7113.55678 119.86986 4.18069 3.88055 303.34614
7114.06113 120.50209 4.20328 3.90101 304.79353
7114.55728 121.08124 4.22386 3.91976 306.90265
7114.90898 121.50628 4.23896 3.93352 308.08703
7115.55778 122.25717 4.26539 3.95783 310.85653
7115.77448 122.51046 4.27422 3.96603 311.73506
7116.55828 123.44378 4.30643 3.99625 314.71908
7116.61866 123.51464 4.30887 3.99854 314.97322
7117.46034 124.51883 4.34366 4.03105 318.37843
7117.55878 124.63847 4.34782 4.03492 318.73736
7118.27008 125.52301 4.37878 4.06356 321.06537
7118.55928 125.86532 4.39079 4.07464 322.28221
7119.06290 126.52720 4.41428 4.09606 323.45322
7119.55978 127.12529 4.43560 4.11543 325.43568
7119.89285 127.53138 4.44998 4.12857 326.63128
7120.56028 128.39891 4.47854 4.15666 328.91596
7120.67546 128.53556 4.48263 4.16108 329.74399
7121.49715 129.53975 4.51578 4.19359 332.40534
7121.56078 129.60924 4.51825 4.19584 332.51656
7122.33509 130.54393 4.55041 4.22610 334.84026
7122.56128 130.80297 4.55942 4.23448 335.98625
7123.15721 131.54812 4.58543 4.25861 338.08841
7123.56178 132.05923 4.60315 4.27515 339.46499
7123.95168 132.55230 4.62032 4.29112 340.81663
7124.56228 133.31109 4.64717 4.31568 343.04531
7124.75332 133.55649 4.65592 4.32362 343.57777
7125.56278 134.52416 4.69028 4.35495 347.21272
7125.59225 134.56067 4.69155 4.35613 347.33291
7126.32838 135.56485 4.72650 4.38864 348.83909
7126.56328 135.85013 4.73659 4.39788 349.80648
7127.11580 136.56904 4.76156 4.42115 351.47091
7127.56378 137.19882 4.78047 4.44154 353.28036
7127.81945 137.57322 4.79227 4.45366 354.05046
7128.56428 138.49427 4.82425 4.48347 356.87940
7128.63095 138.57741 4.82706 4.48617 357.15137
7129.38587 139.58159 4.86201 4.51867 359.15408
7129.56478 139.80324 4.86983 4.52585 359.93342
7130.17093 140.58577 4.89773 4.55118 362.13643
7130.56528 141.06376 4.91474 4.56666 363.09267
7131.00479 141.58996 4.93330 4.58369 363.81650
7131.56578 142.26809 4.95720 4.60564 366.13742
7131.81303 142.59414 4.96852 4.61620 366.96663
7132.56628 143.54827 5.00184 4.64709 369.83205
7132.60537 143.59833 5.00363 4.64871 369.96741
7133.33236 144.60251 5.03926 4.68122 371.59586
7133.56678 144.89721 5.04955 4.69076 372.55469
7134.10904 145.60669 5.07475 4.71373 374.25872
7134.56728 146.27864 5.09537 4.73548 375.63539
7134.79126 146.61088 5.10520 4.74623 376.52963
7135.56267 147.61506 5.14041 4.77874 379.18207
7135.56778 147.62145 5.14063 4.77895 379.20552
7136.28629 148.61925 5.17522 4.81125 380.75257
7136.56828 148.97980 5.18793 4.82292 381.84132
7137.06100 149.62343 5.21055 4.84376 383.65860
7137.56878 150.30196 5.23415 4.86573 385.10033
7137.81060 150.62762 5.24563 4.87627 385.80469
7138.56928 151.60651 5.28021 4.90796 388.94678
7138.59053 151.63180 5.28109 4.90878 389.05503
7139.40889 152.63598 5.31680 4.94128 390.94416
7139.56978 152.81966 5.32329 4.94723 391.50139
7140.15372 153.64017 5.35152 4.97379 392.54209
7140.57029 154.20945 5.37138 4.99222 393.71830
7140.89030 154.64435 5.38479 5.00630 395.38172
7141.57079 155.56654 5.41450 5.03616 398.40460
7141.62909 155.64854 5.41746 5.03881 398.50256
7142.31929 156.65272 5.45302 5.07132 399.47172
7142.57129 156.96272 5.46375 5.08135 400.70720
7143.06014 157.65690 5.48831 5.10383 401.68311
7143.57179 158.36193 5.51341 5.12665 403.10514
7143.79090 158.66109 5.52394 5.13634 403.72110
7144.52388 159.66527 5.55916 5.16884 405.83802
7144.57229 159.73086 5.56147 5.17097 405.97420
7145.24399 160.66946 5.59386 5.20135 407.59728
7145.57279 161.09308 5.60835 5.21507 409.03363
7145.96664 161.67364 5.62845 5.23386 409.52980
7146.57329 162.48421 5.65673 5.26010 411.62492
7146.72316 162.67782 5.66355 5.26637 412.18972
7147.41234 163.68201 5.69866 5.29888 413.69777
7147.57379 163.90942 5.70549 5.30624 414.77419
7148.13559 164.68619 5.73082 5.33139 416.63258
7148.57429 165.21391 5.74967 5.34847 417.45908
7148.91801 165.69038 5.76630 5.36389 417.70750
7149.57479 166.58010 5.79775 5.39270 420.08244
7149.65945 166.69456 5.80179 5.39640 420.38683
7150.34451 167.69874 5.83669 5.42891 421.38557
7150.57529 168.00529 5.84741 5.43884 422.23968
7151.06554 168.70293 5.87173 5.46142 423.36298
7151.57579 169.38467 5.89531 5.48349 425.20566
7151.81294 169.70711 5.90649 5.49393 425.97865
7152.52772 170.71130 5.94147 5.52644 427.84166
7152.57629 170.77543 5.94370 5.52851 428.03565
7153.22628 171.71548 5.97683 5.55895 429.13838
7153.57679 172.21955 5.99397 5.57526 430.29298
7153.89985 172.71967 6.00935 5.59145 431.63104
7154.57729 173.67588 6.04247 5.62241 433.39370
7154.61193 173.72385 6.04419 5.62396 433.49358
7155.28695 174.72803 6.07931 5.65647 434.41063
7155.57779 175.11549 6.09242 5.66901 435.48582
7156.02298 175.73222 6.11402 5.68898 436.99974
7156.57829 176.47865 6.13959 5.71314 438.66422
7156.77663 176.73640 6.14836 5.72149 438.88126
7157.54465 177.74059 6.18460 5.75400 440.29059
7157.57879 177.78283 6.18610 5.75536 440.48177
7158.23108 178.74477 6.21948 5.78650 441.73769
7158.57929 179.21286 6.23607 5.80166 442.99150
7158.96040 179.74895 6.25460 5.81901 443.95773
7159.57979 180.56769 6.28312 5.84552 446.42490
7159.71448 180.75314 6.28986 5.85152 446.77267
7160.32233 181.75732 6.32256 5.88403 447.28575
7160.58029 182.11544 6.33382 5.89562 448.60701
7161.02499 182.76151 6.35645 5.91654 449.41831
7161.58079 183.54701 6.38401 5.94197 450.89149
7161.73278 183.76569 6.39150 5.94905 451.25493
7162.44197 184.76987 6.42655 5.98156 453.03130
7162.58129 184.95256 6.43302 5.98747 453.66476
7163.13025 185.77406 6.46177 6.01406 454.35310
7163.58179 186.37726 6.48348 6.03359 456.05464
7163.86778 186.77824 6.49782 6.04657 456.89667
7164.55732 187.78243 6.53230 6.07908 458.12304
7164.58229 187.81750 6.53352 6.08022 458.18610
7165.22765 188.78661 6.56734 6.11159 459.26461
7165.58279 189.26566 6.58461 6.12710 460.44746
7165.98258 189.79079 6.60262 6.14410 461.33672
7166.58329 190.63452 6.62869 6.17141 462.77726
7166.68628 190.79498 6.63414 6.17661 462.79591
7167.36407 191.79916 6.66971 6.20911 463.91936
7167.58379 192.09092 6.67975 6.21856 464.76866
7168.08628 192.80335 6.70461 6.24162 465.99111
7168.58429 193.48350 6.72887 6.26364 467.65648
7168.81471 193.80753 6.74013 6.27413 468.28498
7169.52155 194.81172 6.77524 6.30664 470.01035
7169.58479 194.89776 6.77827 6.30943 470.22431
7170.18195 195.81590 6.81015 6.33915 470.66350
7170.58529 196.36829 6.82965 6.35703 471.95917
7170.90884 196.82008 6.84567 6.37166 472.88322
7171.58579 197.73990 6.87803 6.40143 475.10494
7171.64727 197.82427 6.88104 6.40417 475.27466
7172.26785 198.82845 6.91288 6.43667 476.28627
7172.58629 199.25809 6.92703 6.45058 477.86483
7172.97230 199.83264 6.94726 6.46918 478.19753
7173.58679 200.69430 6.97851 6.49708 479.93871
7173.69670 200.83682 6.98369 6.50169 480.50314
7174.41881 201.84100 7.01778 6.53420 481.86258
7174.58729 202.05295 7.02510 6.54106 482.02419
7175.15471 202.84519 7.05313 6.56671 482.33558
7175.58779 203.41320 7.07182 6.58510 484.18390
7175.89158 203.84937 7.08771 6.59922 484.88507
7176.58643 204.85356 7.12125 6.63172 486.23849
7176.58829 204.85609 7.12133 6.63181 486.24465
7177.25294 205.85774 7.15841 6.66423 486.95152
7177.58879 206.30878 7.17347 6.67883 488.16251
7177.96900 206.86192 7.19144 6.69674 488.76817
7178.58929 207.78368 7.22423 6.72658 490.36254
7178.64592 207.86611 7.22667 6.72925 490.67818
7179.29637 208.87029 7.26000 6.76176 491.62220
7179.58979 209.25707 7.27363 6.77428 492.69485
7180.00965 209.87448 7.29570 6.79427 493.43198
7180.59030 210.67212 7.32250 6.82009 495.12130
7180.73735 210.87866 7.32952 6.82677 495.49462
7181.38128 211.88285 7.36628 6.85928 495.61649
7181.59080 212.17042 7.37567 6.86859 496.24529
7182.10244 212.88703 7.40079 6.89179 497.50238
7182.59130 213.54093 7.42503 6.91296 499.17573
7182.83609 213.89121 7.43654 6.92430 499.82151
7183.56824 214.89540 7.47346 6.95681 501.47890
7183.59180 214.92673 7.47464 6.95782 501.48895
7184.28499 215.89958 7.50621 6.98932 501.18266
7184.59230 216.33445 7.52065 7.00340 502.73221
7184.95695 216.90377 7.53970 7.02183 503.71843
7185.59280 217.74242 7.56809 7.04898 505.87032
7185.71302 217.90795 7.57394 7.05433 506.21052
7186.38915 218.91213 7.60941 7.08684 507.01820
7186.59330 219.18663 7.62024 7.09573 507.67707
7187.08581 219.91632 7.64033 7.11935 508.26531
7187.59380 220.61106 7.66817 7.14184 509.69928
7187.81984 220.92050 7.68003 7.15186 510.35983
7188.54029 221.92469 7.70727 7.18437 512.13035
7188.59430 221.99666 7.71046 7.18670 512.31643
7189.22462 222.92887 7.74028 7.21688 513.02768
7189.59480 223.43405 7.75486 7.23323 514.06253
7189.93394 223.93305 7.77164 7.24938 514.52460
7190.59530 224.83420 7.79878 7.27856 516.24066
7190.67252 224.93724 7.80181 7.28189 516.51499
7191.28850 225.94142 7.82938 7.31440 517.51510
7191.59580 226.34507 7.84299 7.32747 518.82793
7192.06053 226.94561 7.86194 7.34691 519.84662
7192.59630 227.61277 7.88102 7.36851 520.69105
7192.83640 227.94979 7.89201 7.37942 520.75361
7193.54959 228.95397 7.92200 7.41193 522.38498
7193.59680 229.01700 7.92391 7.41397 522.53625
7194.24135 229.95816 7.95340 7.44444 523.27693
7194.59730 230.43099 7.96736 7.45974 524.46270
7194.96891 230.96234 7.98293 7.47694 525.06051
7195.59780 231.82321 8.01063 7.50481 526.65728
7195.70047 231.96653 8.01462 7.50945 526.87703
7196.37605 232.97071 8.04542 7.54196 527.36509
7196.59830 233.27431 8.05524 7.55179 527.89095
7197.05522 233.97490 8.07432 7.57447 528.67403
7197.59880 234.74444 8.09793 7.59938 530.58242
7197.75989 234.97908 8.10535 7.60698 530.70325
7198.46782 235.98326 8.13578 7.63949 531.78847
7198.59930 236.16383 8.14168 7.64533 532.09454
7199.18086 236.98745 8.16704 7.67199 533.07759
7199.59980 237.53312 8.18401 7.68966 534.50909
7199.93439 237.99163 8.19861 7.70450 535.16943
7200.60030 238.88018 8.22648 7.73327 537.31690
7200.69060 238.99582 8.23018 7.73701 537.69036
7201.44346 240.00000 8.26158 7.76952 538.61381
