7191.57286 242.31177 8.37807 7.84436 660.76400
7191.32119 241.97028 8.36459 7.83330 660.25696
7190.58042 240.97083 8.33157 7.80095 658.45816
7190.50101 240.86077 8.32858 7.79739 658.36364
7189.81535 239.88184 8.29525 7.76569 657.92319
7189.57584 239.55614 8.28385 7.75515 657.41529
7189.11906 238.94123 8.26426 7.73524 656.27742
7188.59361 238.21720 8.24450 7.71181 655.37015
7188.42227 238.01050 8.23628 7.70511 654.43733
7187.64880 236.97803 8.20664 7.67169 652.29287
7187.45776 236.71708 8.20054 7.66324 651.88725
7186.85289 235.81454 8.16560 7.63402 652.14161
7186.56076 235.41710 8.15590 7.62116 651.47751
7186.14862 234.85442 8.13999 7.60294 650.65011
7185.49295 233.90879 8.10844 7.57233 648.72465
7185.44242 233.84140 8.10664 7.57015 648.42099
7184.74430 232.84589 8.07700 7.53792 646.94181
7184.55769 232.58982 8.06864 7.52963 646.40869
7184.09919 231.96343 8.04579 7.50935 645.80329
7183.61857 231.34456 8.02714 7.48932 645.87480
7183.21527 230.79621 8.01211 7.47157 645.80675
7182.51267 229.75646 7.97369 7.43791 645.44309
7182.48766 229.72565 7.97305 7.43691 645.30681
7181.79321 228.72041 7.93912 7.40437 644.81818
7181.39286 228.08849 7.91730 7.38391 645.54300
7181.20856 227.80968 7.90831 7.37488 645.63946
7180.53281 226.86897 7.87616 7.34443 644.12009
7180.54800 226.89120 7.87695 7.34515 644.12944
7179.84139 225.92676 7.84166 7.31393 642.31924
7179.59918 225.62508 7.83373 7.30416 640.21421
7179.03071 224.84955 7.81045 7.27905 637.07180
7178.52909 224.14329 7.78339 7.25619 636.34186
7178.28096 223.80459 7.77312 7.24523 635.61335
7177.57016 222.78548 7.73672 7.21223 634.58127
7177.46005 222.63235 7.73124 7.20728 634.32358
7176.87850 221.77159 7.70190 7.17941 634.01333
7176.56211 221.34200 7.68671 7.16550 633.02451
7176.13729 220.76338 7.66611 7.14677 631.80113
7175.44914 219.74449 7.62993 7.11379 631.17495
7175.31900 219.54888 7.62279 7.10746 631.14043
7174.75593 218.63692 7.59145 7.07793 633.55926
7174.53532 218.34353 7.58117 7.06844 633.76243
7174.14705 217.80242 7.56153 7.05092 634.20962
7173.52418 216.92864 7.53162 7.02263 632.86071
7173.35900 216.69967 7.52409 7.01522 632.13262
7172.69624 215.71189 7.49275 6.98324 629.53254
7172.51813 215.47005 7.48440 6.97541 628.97033
7172.00569 214.74522 7.45915 6.95195 628.00303
7171.49953 214.01155 7.43347 6.92820 627.22985
7171.35689 213.82270 7.42675 6.92208 626.65484
7170.63024 212.81936 7.39253 6.88960 624.48823
7170.57878 212.75454 7.39033 6.88750 624.20294
7169.90992 211.85370 7.35816 6.85834 621.71039
7169.50142 211.30301 7.33950 6.84051 620.17871
7169.01248 210.57707 7.31407 6.81701 619.84803
7168.35652 209.53611 7.27751 6.78331 620.72450
7168.44988 209.67899 7.28240 6.78794 620.72260
7167.78136 208.69833 7.24825 6.75619 620.03850
7167.54765 208.36912 7.23674 6.74553 619.54292
7167.14872 207.83458 7.21973 6.72823 616.64146
7166.55119 207.02741 7.19420 6.70210 612.93327
7166.24026 206.58185 7.17832 6.68767 613.57281
7165.60990 205.59811 7.14348 6.65583 616.56981
7165.49347 205.44578 7.13822 6.65090 616.17588
7164.94720 204.65768 7.11114 6.62538 614.80342
7164.46329 203.93565 7.08578 6.60201 614.38353
7164.34317 203.77557 7.07993 6.59683 613.88832
7163.61239 202.76732 7.04491 6.56419 611.51190
7163.39894 202.46320 7.03435 6.55434 611.02987
7162.80620 201.54482 7.00184 6.52461 611.25623
7162.43454 200.97149 6.98216 6.50605 611.37566
7162.29319 200.77659 6.97552 6.49974 610.91775
7161.56405 199.78822 6.94081 6.46774 608.05491
7161.45615 199.63662 6.93528 6.46284 607.80455
7160.79547 198.67016 6.90346 6.43155 605.80783
7160.50961 198.27490 6.89168 6.41875 603.68087
7160.10020 197.69440 6.87144 6.39996 602.38379
7159.50312 196.84857 6.84228 6.37258 600.97132
7159.34113 196.62242 6.83448 6.36526 600.46003
7158.65939 195.61151 6.79850 6.33253 599.69602
7158.50018 195.38185 6.79045 6.32510 599.40150
7158.00667 194.69101 6.76646 6.30273 597.88626
7157.49330 193.96163 6.74093 6.27912 596.24219
7157.16894 193.49369 6.72441 6.26397 596.32651
7156.54881 192.49730 6.69007 6.23172 600.28416
7156.44819 192.37099 6.68564 6.22763 599.90802
7155.91831 191.57472 6.65747 6.20185 599.57237
7155.47010 190.91422 6.63378 6.18047 598.97469
7155.22993 190.58166 6.62241 6.16970 598.14438
7154.55182 189.55562 6.59058 6.13648 595.28955
7154.47914 189.45600 6.58713 6.13326 594.96419
7153.91534 188.64546 6.55896 6.10702 594.00901
7153.55848 188.14087 6.54175 6.09068 592.97625
7153.31461 187.83347 6.53078 6.08073 591.47276
7152.61474 186.92566 6.49834 6.05134 587.67036
7152.37956 186.60687 6.48724 6.04102 586.72899
7151.68289 185.58772 6.45160 6.00803 585.58966
7151.47959 185.29312 6.44117 5.99849 585.18890
7150.96480 184.55971 6.41597 5.97475 583.90960
7150.39408 183.68912 6.38559 5.94657 583.89158
7150.31092 183.56078 6.38104 5.94241 583.91961
7149.65374 182.59891 6.34766 5.91127 583.03575
7149.50510 182.39893 6.34063 5.90480 582.43506
7148.93750 181.59394 6.31443 5.87874 579.37276
7148.45823 180.88992 6.29132 5.85595 579.09592
7148.24184 180.58375 6.28045 5.84604 579.79186
7147.55275 179.58007 6.24561 5.81355 579.95869
7147.49277 179.49995 6.24275 5.81095 579.63537
7146.87743 178.62508 6.21209 5.78263 577.86213
7146.52270 178.13209 6.19503 5.76667 576.81271
7146.16728 177.64265 6.17791 5.75083 575.58948
7145.50604 176.71502 6.14523 5.72080 573.67534
7145.39658 176.56245 6.13995 5.71586 573.34210
7144.68802 175.52985 6.10398 5.68243 572.27337
7144.47234 175.20189 6.09229 5.67181 572.29095
7144.10889 174.69565 6.07477 5.65542 571.16085
7143.57141 173.99185 6.05061 5.63264 568.43499
7143.28136 173.58678 6.03628 5.61952 567.57790
7142.58990 172.59947 6.00254 5.58756 565.55514
7142.49979 172.48475 5.99913 5.58385 564.64722
7141.86600 171.58235 5.97009 5.55464 561.53898
7141.49771 171.06221 5.95134 5.53780 560.82323
7141.13978 170.56064 5.93409 5.52156 559.82796
7140.46252 169.57947 5.89992 5.48980 558.89292
7140.50986 169.64863 5.90238 5.49204 558.96933
7139.79411 168.66942 5.86796 5.46034 555.98759
7139.53693 168.33714 5.85639 5.44958 555.14535
7138.93247 167.48635 5.82642 5.42204 556.62531
7138.37471 166.62234 5.79589 5.39407 558.16212
7138.23574 166.41243 5.78865 5.38727 557.98296
7137.61357 165.45419 5.75563 5.35625 558.33399
7137.58090 165.41695 5.75433 5.35504 558.03697
7137.00485 164.66211 5.72792 5.33061 555.66455
7136.51393 163.98483 5.70604 5.30868 552.91101
7136.25278 163.61948 5.69461 5.29685 551.02395
7135.54829 162.66345 5.66077 5.26590 548.34965
7135.56724 162.69093 5.66174 5.26679 548.36646
7134.81066 161.69377 5.62756 5.23451 544.87519
7134.54508 161.34998 5.61557 5.22338 543.55075
7134.00400 160.60081 5.58971 5.19913 542.11776
7133.54712 159.97990 5.56823 5.17903 540.58771
7133.30213 159.65070 5.55653 5.16837 539.70596
7132.57096 158.67718 5.52210 5.13686 536.74899
7132.33553 158.34034 5.51029 5.12595 536.46267
7131.73403 157.39299 5.47727 5.09528 537.83326
7131.50052 157.06552 5.46578 5.08468 537.18812
7131.15324 156.58675 5.44910 5.06918 536.37636
7130.54230 155.75215 5.41991 5.04216 537.53468
7130.46234 155.64884 5.41614 5.03882 537.63940
7129.71136 154.65218 5.38324 5.00655 533.94837
7129.51945 154.40311 5.37574 4.99849 531.95440
7128.93015 153.57703 5.34740 4.97175 530.79791
7128.56359 153.09412 5.33078 4.95612 529.40289
7128.17755 152.57166 5.31280 4.93920 528.13334
7127.53317 151.68330 5.28161 4.91044 526.73372
7127.54810 151.70826 5.28249 4.91125 526.65035
7126.76963 150.71595 5.24747 4.87913 522.76498
7126.60026 150.50861 5.24025 4.87242 521.76190
7125.91817 149.60779 5.20871 4.84325 519.13120
7125.47111 148.99723 5.18755 4.82349 518.12015
7125.16034 148.53065 5.17122 4.80838 518.53690
7124.57238 147.74932 5.14363 4.78309 516.56867
7124.40201 147.52514 5.13577 4.77583 515.94687
7123.69570 146.53441 5.10149 4.74376 514.97196
7123.61758 146.43911 5.09859 4.74067 514.16267
7123.02970 145.68295 5.07518 4.71619 509.35074
7122.59182 145.13280 5.05594 4.69838 507.12897
7122.17907 144.57068 5.03638 4.68019 505.95711
7121.57730 143.76693 5.00807 4.65417 506.10367
7121.43705 143.59154 5.00190 4.64849 506.22673
7120.68518 142.58104 4.96659 4.61578 506.35798
7120.59136 142.46324 4.96249 4.61196 505.81032
7119.97056 141.64722 4.93420 4.58555 503.57841
7119.64362 141.24471 4.92005 4.57252 501.94828
7119.08934 140.53032 4.89478 4.54939 499.88560
7118.48167 139.66526 4.86446 4.52138 499.92842
7118.44551 139.61632 4.86276 4.51980 499.86859
7117.68978 138.64111 4.82894 4.48823 497.17803
7117.70972 138.67038 4.82994 4.48918 497.15408
7116.94418 137.74397 4.79790 4.45919 493.05879
7116.63851 137.37117 4.78536 4.44712 490.96790
7116.08042 136.65357 4.76284 4.42389 486.36281
7115.64798 136.11567 4.74407 4.40647 484.09037
7115.25795 135.61995 4.72647 4.39042 482.79258
7114.60622 134.77538 4.69727 4.36308 480.81041
7114.49222 134.63114 4.69224 4.35841 480.40769
7113.70588 133.62597 4.65710 4.32587 477.32541
7113.63236 133.53266 4.65384 4.32285 477.11888
7112.93801 132.65200 4.62291 4.29434 477.45786
7112.60053 132.23450 4.60839 4.28083 477.54906
7112.11273 131.58389 4.58588 4.25977 477.12486
7111.62135 130.96110 4.56428 4.23960 475.08022
7111.30300 130.54919 4.55001 4.22627 474.40059
7110.56393 129.56534 4.51561 4.19442 473.48742
7110.60846 129.62530 4.51777 4.19636 473.47040
7109.82860 128.63585 4.48402 4.16433 470.04771
7109.83014 128.63363 4.48395 4.16426 470.17098
7109.17492 127.91646 4.46174 4.14104 462.42269
7108.71953 127.42610 4.44438 4.12517 458.61931
7108.06972 126.60028 4.41515 4.09843 456.92115
7107.66927 126.08991 4.39712 4.08191 455.82635
7107.33887 125.69778 4.38334 4.06921 454.27396
7106.69752 124.91583 4.35584 4.04390 451.52124
7106.57310 124.76732 4.35060 4.03909 450.88997
7105.76576 123.83457 4.31845 4.00890 445.95497
7105.47466 123.46979 4.30599 3.99709 445.08730
7104.74858 122.47921 4.27190 3.96502 445.35901
7104.65167 122.35622 4.26769 3.96104 445.05610
7104.10783 121.68342 4.24442 3.93926 443.99798
7103.74651 121.26392 4.22958 3.92568 444.03320
7103.30108 120.73642 4.21079 3.90860 444.01232
7102.74021 120.08543 4.18738 3.88753 441.04744
7102.39992 119.67348 4.17335 3.87419 439.27808
7101.71481 118.84709 4.14792 3.84744 433.50552
7101.51625 118.61390 4.13999 3.83989 432.43935
7100.71012 117.59868 4.10488 3.80702 431.07199
7100.95154 117.87315 4.11422 3.81591 432.53931
7100.05061 116.94494 4.08207 3.78586 424.10164
7099.75444 116.62006 4.07047 3.77534 422.02720
7099.00179 115.73400 4.03878 3.74666 418.66527
7098.80599 115.51970 4.03115 3.73972 417.26662
7098.10654 114.72156 4.00330 3.71388 413.52591
7097.62895 114.14339 3.98353 3.69516 411.98904
7097.22935 113.61808 3.96545 3.67816 412.16694
7096.80198 113.12278 3.94804 3.66212 410.28432
7096.49858 112.79601 3.93634 3.65155 408.09114
7095.79049 111.99569 3.90792 3.62564 403.92037
7095.57849 111.74731 3.89901 3.61760 403.90402
7094.80107 110.86662 3.87009 3.58909 402.34498
7094.64281 110.68623 3.86472 3.58325 400.89104
7093.78817 109.67651 3.83022 3.55056 396.18305
7093.75075 109.63373 3.82871 3.54917 396.06335
7092.96151 108.71102 3.79648 3.51930 393.15582
7092.89390 108.63811 3.79391 3.51694 392.65355
7092.19329 107.89305 3.76766 3.49282 387.65388
7091.97057 107.67397 3.75998 3.48573 385.32204
7091.21779 106.89423 3.73256 3.46049 379.29684
7090.86607 106.52236 3.71939 3.44845 376.81660
7090.16190 105.74613 3.69199 3.42332 372.81809
7089.72277 105.23304 3.67412 3.40671 371.43108
7089.31628 104.74228 3.65741 3.39082 370.38615
7088.89855 104.30451 3.64260 3.37665 367.33643
7088.42975 103.79888 3.62468 3.36028 364.54659
7087.86101 103.17421 3.60159 3.34006 361.25623
7087.48666 102.77052 3.58669 3.32699 358.84841
7086.83145 102.03747 3.56095 3.30326 357.87303
7086.64983 101.84032 3.55474 3.29688 357.17795
7085.89961 101.05109 3.52972 3.27133 350.31542
7085.71787 100.84761 3.52202 3.26474 349.21339
7084.94813 100.04825 3.49417 3.23886 344.08864
7084.71524 99.80877 3.48724 3.23111 342.40169
7083.88594 98.90862 3.44711 3.20197 337.62814
7083.94739 98.97652 3.45104 3.20417 337.93804
7083.03837 98.08964 3.40048 3.17546 329.58432
7082.87997 97.92711 3.39238 3.17019 328.46650
7082.00077 97.05132 3.34549 3.14184 321.41359
7081.67355 96.70405 3.32776 3.13060 319.25687
7080.78395 95.69024 3.28000 3.09778 316.01391
7080.85129 95.76516 3.28349 3.10021 316.27950
7079.93650 94.76836 3.23763 3.06794 311.44145
7079.96827 94.80322 3.23922 3.06906 311.61078
7079.06070 93.87670 3.19538 3.03907 305.32721
7078.98552 93.80063 3.19183 3.03661 304.79055
7078.08965 92.89450 3.15342 3.00727 295.05842
7078.04180 92.84904 3.15156 3.00580 294.54513
7077.10983 91.93532 3.11316 2.97622 290.40257
7077.04551 91.87046 3.11043 2.97412 290.02440
7076.09787 90.94632 3.07264 2.94421 281.62052
7076.04590 90.89713 3.07068 2.94261 281.15514
7075.06024 89.93274 3.03269 2.91139 273.25067
7075.19806 90.06068 3.03749 2.91553 274.49514
7074.19332 89.16022 3.00607 2.88638 264.25931
7073.98214 88.96254 2.99794 2.87998 262.51760
7073.05768 88.07344 2.96894 2.85120 254.78680
7072.76221 87.77191 2.95857 2.84144 252.49527
7071.88213 86.82824 2.91934 2.81089 247.97423
7072.08243 87.02284 2.92647 2.81719 249.45732
7071.13995 86.16288 2.89431 2.78935 240.79521
7070.85150 85.87785 2.88307 2.78012 238.63873
7069.99546 85.02315 2.85511 2.75245 232.54499
7069.75777 84.77830 2.84645 2.74453 231.20203
7068.91933 83.88990 2.81725 2.71577 225.09810
7069.06750 84.03662 2.82122 2.72052 226.46965
7068.15437 83.21257 2.80267 2.69384 219.53654
7067.78225 82.84914 2.79495 2.68208 217.73137
7066.97834 82.03324 2.76634 2.65566 212.20520
7066.75633 81.81045 2.75765 2.64845 210.84507
7065.90979 80.93317 2.75839 2.62005 205.73345
7065.50632 80.47305 2.72085 2.60515 204.17726
7064.68005 79.44189 2.51878 2.57177 201.29274
7064.48240 79.18409 2.49189 2.56343 200.85462
7063.80401 78.24043 2.47602 2.53288 199.69409
7063.33685 77.58631 2.45546 2.51170 198.45607
7062.85242 76.76546 2.43182 2.48513 198.55145
7062.29847 75.76385 2.40083 2.45270 199.52787
7062.24684 75.68932 2.39875 2.45029 199.26781
7061.71285 74.79029 2.37309 2.42119 198.34544
7061.17035 73.81526 2.34062 2.38962 199.27903
7060.91344 73.31788 2.32405 2.37352 200.17245
7060.58364 72.52863 2.29721 2.34797 203.72064
7060.20047 71.88462 2.27544 2.32712 204.70723
7059.89720 71.29489 2.25555 2.30803 207.29423
7059.43799 70.21779 2.21899 2.27316 215.19401
7059.03598 69.24215 2.18616 2.24158 222.24036
7059.03300 69.25372 2.18656 2.24195 221.92997
7058.53580 68.20689 2.15199 2.20806 228.57546
7058.16436 67.19836 2.11873 2.17541 239.48450
7058.08413 67.08441 2.11497 2.17172 239.72105
7057.77244 66.46804 2.09571 2.15177 243.87518
7057.32740 65.54060 2.06941 2.12175 249.83769
7057.16870 65.28150 2.06122 2.11336 251.20858
7056.87517 64.74036 2.04404 2.09584 255.65196
7056.33734 63.82505 2.01587 2.06621 261.58280
7056.69669 64.32446 2.03106 2.08238 260.28978
7055.97885 63.49278 2.00608 2.05545 258.59180
7055.70975 63.16571 1.99627 2.04486 258.61058
7055.20836 62.57752 1.97858 2.02582 257.74348
7054.89146 62.24966 1.96887 2.01521 256.22744
7054.17370 61.47237 1.94548 1.99004 253.74548
7053.58880 60.71544 1.92231 1.96554 254.49958
7053.32472 60.39053 1.91233 1.95502 254.41361
7052.66061 59.57383 1.88683 1.92858 254.15183
7052.43379 59.30045 1.87835 1.91973 253.67875
7051.63572 58.25604 1.84477 1.88592 254.83285
7051.51727 58.09484 1.83979 1.88070 255.27599
7050.84337 57.19214 1.81408 1.85148 255.78907
7050.51995 56.74144 1.79918 1.83689 256.33810
7050.13307 56.24019 1.78247 1.82066 256.14351
7049.54992 55.46059 1.75662 1.79543 256.43747
7049.55755 55.47142 1.75698 1.79578 256.42007
7048.75608 54.54681 1.72572 1.76584 253.90153
7048.72617 54.51715 1.72472 1.76488 253.71692
7047.85140 53.51919 1.69065 1.73258 251.05310
7048.03176 53.71052 1.69723 1.73877 251.84939
7047.08888 52.79316 1.66569 1.70907 246.34161
7047.37190 53.04324 1.67429 1.71717 248.40777
7046.36866 52.23278 1.64627 1.69093 240.05371
7046.36211 52.21509 1.64567 1.69036 240.21803
7045.59313 51.66255 1.62662 1.67247 233.18741
7044.98175 51.21638 1.61118 1.65803 228.05404
7044.43063 50.80013 1.59684 1.64455 223.95277
7043.55764 50.09778 1.57291 1.62182 218.36683
7043.45141 50.01691 1.57013 1.61920 217.64326
7042.42630 49.21726 1.54226 1.59331 211.73738
7042.04343 48.89135 1.53142 1.58276 210.60756
7041.13994 48.06611 1.50658 1.55604 206.07805
7040.90243 47.84329 1.49905 1.54883 205.15022
7040.20870 47.19690 1.47634 1.52791 202.96863
7040.06955 47.09879 1.47292 1.52473 202.07816
7039.50104 46.64407 1.45704 1.51001 199.15403
7038.98799 46.27567 1.44410 1.49808 196.09866
7038.62145 46.03451 1.43566 1.49028 193.67739
7037.57584 45.27048 1.40887 1.46554 188.06375
7038.00867 45.54207 1.41845 1.47433 190.90836
7037.34127 45.17387 1.40547 1.46241 185.93156
7036.51792 44.82506 1.39322 1.45112 178.87864
7035.97082 44.55896 1.38397 1.44251 174.81468
7034.91944 43.96974 1.36368 1.42343 168.33839
7034.01598 43.37463 1.34343 1.40417 164.05847
7033.92743 43.33462 1.34207 1.40287 163.56032
7032.78313 42.62611 1.31791 1.37993 158.85545
7032.11474 42.13855 1.30138 1.36415 156.25608
7031.60177 41.74117 1.28787 1.35129 154.54116
7030.84122 41.22682 1.27020 1.33464 151.34318
7030.26365 40.76327 1.25402 1.31963 149.67945
7029.31038 39.94149 1.22784 1.29303 146.71325
7029.32185 39.95232 1.22815 1.29338 146.75042
7028.34725 39.14246 1.20178 1.26716 143.66106
7028.78652 39.44218 1.21217 1.27686 145.40483
7028.29794 39.16012 1.20235 1.26773 143.05624
7027.45065 38.79487 1.18917 1.25591 138.22601
7026.91388 38.51875 1.17953 1.24697 135.61215
7026.01209 38.01693 1.16214 1.23072 131.63275
7025.02372 37.42655 1.14169 1.21161 127.69220
7024.92383 37.36524 1.13956 1.20962 127.35664
7023.95446 36.77896 1.11928 1.19065 124.62198
7023.49319 36.51014 1.11008 1.18194 122.86974
7023.41163 36.46753 1.10862 1.18056 122.51363
7022.36236 36.00008 1.09242 1.16543 117.95652
7021.45093 35.52665 1.07612 1.15010 114.56253
7020.95770 35.24268 1.06643 1.14091 112.92991
7019.90698 34.61350 1.04493 1.12054 109.69391
7019.59611 34.41215 1.03802 1.11402 108.82767
7019.09375 34.12153 1.02806 1.10462 107.29049
7018.15742 33.62083 1.01118 1.08841 104.34166
7018.05427 33.56717 1.00935 1.08667 104.01467
7017.12454 33.08853 0.99303 1.07117 101.14985
7016.03960 32.47395 0.97225 1.05128 98.28601
7016.23039 32.57538 0.97564 1.05456 98.72354
7015.19581 32.05130 0.95804 1.03760 96.15087
7014.19396 31.51261 0.93945 1.02016 93.44529
7014.45647 31.63785 0.94369 1.02421 94.17120
7013.37762 31.15875 0.92788 1.00870 91.06570
7012.26639 30.60570 0.91184 0.99080 88.04309
7011.87749 30.39157 0.90536 0.98387 87.06560
7010.81645 29.74772 0.88355 0.96302 84.74035
7010.06156 29.23138 0.86589 0.94631 83.18942
7009.67535 28.97016 0.85701 0.93785 82.41722
7008.67951 28.28209 0.83346 0.91558 80.40285
7009.19979 28.58335 0.84374 0.92533 81.52495
7008.78631 28.35852 0.83607 0.91805 80.61224
7008.30377 28.25501 0.83255 0.91470 79.37693
7007.29988 28.02094 0.82477 0.90712 77.02584
7006.58463 27.80176 0.81747 0.90003 75.71525
7005.72109 27.48012 0.80691 0.88961 74.07494
7004.48807 26.99596 0.79119 0.87394 71.85568
7003.65055 26.56927 0.77732 0.86013 70.39941
7003.14746 26.33315 0.76963 0.85248 69.56129
7001.93635 25.64963 0.74725 0.83036 67.51230
7001.31253 25.23432 0.73350 0.81691 66.44683
7000.97932 25.00113 0.72572 0.80936 65.86789
7000.18766 24.58240 0.71188 0.79581 64.58121
7000.29052 24.63913 0.71375 0.79764 64.74852
6999.72056 24.36957 0.70489 0.78892 63.85913
6998.97939 24.14141 0.69764 0.78153 62.83573
6998.05433 23.84545 0.68823 0.77195 61.71277
6997.81352 23.76803 0.68578 0.76944 61.42962
6996.68412 23.35618 0.67264 0.75611 60.01378
6995.42332 22.83026 0.65569 0.73908 58.42570
6994.67209 22.42607 0.64392 0.72600 57.39749
6993.89202 21.98178 0.63156 0.71162 56.36595
6992.80377 21.28688 0.60903 0.68912 54.66998
6993.53288 21.67136 0.62173 0.70157 55.67474
6992.83374 21.36378 0.61168 0.69161 54.83110
6992.03387 21.14844 0.60477 0.68464 54.13715
6990.99174 20.80255 0.59369 0.67344 53.17700
6990.63072 20.66722 0.58941 0.66906 52.83494
6989.50855 20.21258 0.57507 0.65434 51.68059
6988.36203 19.68371 0.55800 0.63722 50.37441
6988.17458 19.58614 0.55486 0.63406 50.13038
6987.58034 19.30936 0.54600 0.62510 49.45411
6986.64547 18.95788 0.53484 0.61372 48.60476
6985.94576 18.65781 0.52529 0.60401 47.87277
6985.92216 18.63215 0.52444 0.60318 47.80688
6985.25627 18.43501 0.51844 0.59680 47.36654
6984.24344 18.21605 0.51223 0.58971 46.92743
6983.02786 17.85483 0.50150 0.57801 46.16605
6982.54343 17.67776 0.49615 0.57228 45.76957
6981.55577 17.27209 0.48378 0.55915 44.83762
6980.51212 16.82460 0.47002 0.54466 43.76740
6980.15119 16.66648 0.46510 0.53954 43.37201
6979.82148 16.52976 0.46091 0.53512 43.04763
6978.81263 16.20010 0.45119 0.52445 42.35584
6977.65016 15.75323 0.43776 0.50998 41.33397
6977.47229 15.67259 0.43528 0.50737 41.13825
6976.69688 15.36162 0.42574 0.49730 40.40527
6975.71288 14.99829 0.41461 0.48554 39.57839
6975.00201 14.71769 0.40612 0.47646 38.90654
6974.99486 14.71711 0.40611 0.47644 38.90713
6974.04618 14.42729 0.39766 0.46705 38.29016
6973.03034 14.12588 0.38867 0.45730 37.61277
6972.02226 13.81071 0.37906 0.44709 36.87388
6972.40389 13.91200 0.38209 0.45037 37.09730
6971.40220 13.69128 0.37592 0.44323 36.65782
6970.33122 13.45115 0.36973 0.43545 36.18991
6969.10817 13.14196 0.36264 0.42544 35.61724
6968.03944 12.79786 0.35455 0.41430 34.85504
6968.57245 12.93288 0.35749 0.41868 35.12274
6967.67056 12.76789 0.35443 0.41333 34.86689
6966.86387 12.64821 0.35239 0.40946 34.68981
6966.03947 12.56481 0.35175 0.40676 34.63413
6965.09989 12.49380 0.35177 0.40446 34.62625
6963.98673 12.40626 0.35227 0.40163 34.63006
6962.70318 12.24821 0.35106 0.39651 34.35955
6961.60263 12.03764 0.34800 0.38969 33.82593
6961.29968 11.99145 0.34763 0.38820 33.73212
6961.28756 11.98792 0.34756 0.38808 33.72058
6960.06080 11.95624 0.35176 0.38706 34.14212
6958.37276 11.69912 0.35058 0.37874 33.89640
6957.11722 11.33050 0.34417 0.36680 32.96754
6956.01712 11.03829 0.33960 0.35734 32.43445
6954.92450 10.63462 0.33126 0.34427 31.39978
6954.24672 10.31065 0.32374 0.33379 30.44804
6953.06418 9.71383 0.30886 0.31447 28.60500
6952.25668 9.20179 0.29590 0.29789 27.04426
0.00000 0.00000 0.00000 0.00000 0.00000
