7179.75960 245.13726 8.34060 7.93583 514.80925
7179.42679 244.69223 8.32601 7.92142 513.97198
7178.77500 243.76224 8.29592 7.89132 513.06642
7178.48825 243.36296 8.28357 7.87839 512.14998
7178.03416 242.73657 8.26502 7.85811 510.17119
7177.37577 241.78088 8.23431 7.82717 509.42887
7177.38179 241.79467 8.23470 7.82762 509.37505
7176.62869 240.73594 8.20060 7.79334 507.95934
7176.44170 240.45962 8.19187 7.78440 507.77054
7176.06701 239.94199 8.17511 7.76764 506.94181
7175.55899 239.27638 8.15300 7.74609 505.32410
7175.10481 238.63340 8.13233 7.72528 504.43844
7174.41656 237.62501 8.10142 7.69263 505.11769
7174.54579 237.80837 8.10700 7.69857 504.96090
7173.86471 236.88735 8.07774 7.66875 504.12558
7173.45988 236.33059 8.05947 7.65073 503.04621
7173.04724 235.74682 8.04071 7.63183 502.19769
7172.45462 234.91459 8.01376 7.60489 501.05112
7172.23096 234.60122 8.00357 7.59475 500.58371
7171.54395 233.58744 7.97372 7.56193 498.30397
7171.47507 233.48819 7.97067 7.55871 498.12184
7170.93086 232.74124 7.94616 7.53453 496.87402
7170.37703 231.94350 7.92058 7.50871 495.84043
7169.91596 231.26300 7.89899 7.48668 495.21589
7169.33004 230.29755 7.86940 7.45542 495.60644
7169.46220 230.51894 7.87612 7.46259 495.47527
7168.84634 229.64865 7.84805 7.43442 494.18213
7168.40222 228.99872 7.82727 7.41338 493.43138
7168.13817 228.63927 7.81555 7.40174 492.65535
7167.42155 227.58879 7.78211 7.36773 491.54313
7167.53744 227.75593 7.78747 7.37314 491.76104
7166.90380 226.89507 7.75915 7.34527 489.72405
7166.66087 226.57767 7.74852 7.33500 488.87898
7166.16207 225.93184 7.72776 7.31409 487.95107
7165.50939 225.04757 7.70213 7.28546 486.02743
7165.12482 224.50066 7.68444 7.26776 485.05973
7164.47086 223.51902 7.65318 7.23598 484.14515
7164.44792 223.49688 7.65235 7.23526 483.96754
7163.68268 222.40838 7.61739 7.20003 482.21965
7163.07579 221.42019 7.58699 7.16804 482.28676
7163.17378 221.56866 7.59168 7.17284 482.40471
7162.54129 220.66410 7.56265 7.14356 481.03020
7162.32916 220.37192 7.55317 7.13410 480.39501
7161.75256 219.51204 7.52590 7.10626 479.45999
7161.37692 218.96971 7.50866 7.08871 478.67527
7160.97157 218.38508 7.48991 7.06978 477.80018
7160.28839 217.32159 7.45677 7.03535 477.24481
7160.41707 217.51523 7.46294 7.04162 477.38535
7159.84172 216.70289 7.43669 7.01532 475.93073
7159.43828 216.14944 7.42018 6.99741 473.81308
7158.99856 215.51574 7.40046 6.97689 472.43741
7158.31644 214.51079 7.36864 6.94436 471.21278
7158.51145 214.78874 7.37748 6.95336 471.68817
7157.77010 213.77750 7.34431 6.92062 469.23237
7157.36077 213.21259 7.32621 6.90233 468.03481
7156.86509 212.47580 7.30396 6.87848 468.26216
7156.34097 211.70975 7.28075 6.85368 468.15699
7156.13766 211.41625 7.27150 6.84418 467.72053
7155.51572 210.47650 7.24162 6.81376 466.49629
7155.41070 210.34503 7.23722 6.80950 466.04328
7154.81237 209.47983 7.21000 6.78149 464.69674
7154.32144 208.74862 7.18645 6.75782 463.83072
7154.03922 208.34450 7.17367 6.74474 463.17466
7153.38506 207.32895 7.14427 6.71186 461.12511
7153.39649 207.35660 7.14500 6.71276 461.03932
7152.93976 206.70133 7.12400 6.69154 459.90458
7152.55325 206.19246 7.10739 6.67507 458.40602
7151.96132 205.36202 7.08071 6.64818 456.64573
7151.23991 204.23698 7.04623 6.61176 455.89256
7151.07053 203.97550 7.03816 6.60330 455.67243
7150.62569 203.24162 7.01538 6.57954 455.59461
7150.38176 202.89745 7.00419 6.56840 454.91604
7150.11485 202.52251 6.99241 6.55626 454.17574
7149.40711 201.49339 6.95917 6.52295 452.48686
7149.53468 201.67216 6.96533 6.52873 452.89278
7148.95514 200.88779 6.94012 6.50334 450.73664
7148.56687 200.40837 6.92480 6.48782 449.42108
7147.87446 199.42528 6.89416 6.45599 449.15709
7147.28307 198.53574 6.86966 6.42720 447.15005
7147.16988 198.37906 6.86452 6.42213 446.50133
7146.51494 197.39209 6.83509 6.39017 445.17446
7146.40321 197.23906 6.83072 6.38522 444.80957
7145.85047 196.45144 6.80475 6.35972 443.24782
7145.26045 195.57309 6.77691 6.33129 442.09235
7144.97883 195.14228 6.76370 6.31734 441.63537
7144.39030 194.20436 6.73553 6.28698 441.18187
7144.36624 194.18111 6.73463 6.28623 440.99253
7143.87483 193.47383 6.71250 6.26333 439.71722
7143.36292 192.73162 6.69090 6.23930 438.45023
7143.17894 192.47207 6.68067 6.23090 437.95380
7142.50157 191.48797 6.65204 6.19904 436.24311
7142.31166 191.22557 6.64509 6.19055 435.60566
7141.78364 190.43521 6.61218 6.16496 434.53715
7141.47113 189.99818 6.60153 6.15081 432.88900
7141.11267 189.51034 6.58875 6.13502 431.15871
7140.36442 188.42210 6.54719 6.09979 429.44857
7140.49617 188.60618 6.55388 6.10575 429.88799
7139.78958 187.64124 6.52319 6.07451 427.33330
7139.27473 186.91591 6.50431 6.05103 426.55106
7138.94884 186.40236 6.48097 6.03440 427.11875
7138.44593 185.70184 6.45891 6.01173 426.03477
7138.14594 185.27496 6.44594 5.99791 425.07172
7137.50508 184.29479 6.40762 5.96618 424.00724
7137.38733 184.13301 6.40318 5.96094 423.64026
7136.91081 183.45268 6.37996 5.93891 422.35879
7136.37706 182.68139 6.34862 5.91394 420.99562
7136.25855 182.51956 6.34339 5.90871 420.64023
7135.56557 181.53695 6.31168 5.87690 418.02930
7135.32183 181.20258 6.30066 5.86607 416.70826
7134.74060 180.33549 6.27164 5.83800 415.62495
7134.36273 179.78523 6.25396 5.82019 414.67101
7134.06879 179.37080 6.23991 5.80677 413.86914
7133.34126 178.29218 6.20110 5.77185 412.31427
7133.16698 178.02477 6.19130 5.76320 412.04376
7132.72379 177.33269 6.16519 5.74079 411.56265
7132.44650 176.96253 6.15172 5.72881 410.50416
7132.10371 176.47407 6.13567 5.71300 409.60745
7131.40772 175.48996 6.10334 5.68114 407.49163
7131.61105 175.76747 6.11279 5.69012 408.28405
7130.87030 174.79460 6.07730 5.65863 405.86959
7130.51770 174.34089 6.06023 5.64394 405.36541
7129.93435 173.52598 6.03128 5.61756 404.28056
7129.46683 172.87659 6.00842 5.59653 402.69330
7129.24918 172.57901 6.00020 5.58690 401.61559
7128.52091 171.57694 5.96707 5.55446 398.51633
7128.29171 171.25461 5.95468 5.54403 397.94222
7127.62453 170.26489 5.92160 5.51199 396.65135
7127.21675 169.65479 5.89878 5.49223 395.90651
7126.96281 169.26035 5.88494 5.47947 395.58751
7126.32295 168.32513 5.85358 5.44919 394.19091
7126.35614 168.37391 5.85525 5.45077 394.25643
7125.71415 167.44916 5.82165 5.42083 392.74375
7125.50761 167.17239 5.81065 5.41187 391.99428
7125.10034 166.61619 5.79260 5.39387 390.73270
7124.53819 165.86184 5.76686 5.36945 388.88064
7124.16658 165.34911 5.74852 5.35285 387.73882
7123.46267 164.31518 5.71280 5.31938 386.31379
7123.66003 164.58041 5.72239 5.32796 387.11977
7123.10929 163.88509 5.69855 5.30545 384.16093
7122.60708 163.25529 5.67938 5.28506 381.43660
7122.20613 162.70207 5.65984 5.26715 380.19906
7121.69398 162.05152 5.63669 5.24609 378.59580
7121.09684 161.24836 5.60980 5.22009 378.03609
7120.40200 160.18373 5.57182 5.18563 377.16217
7120.34951 160.12211 5.56963 5.18363 376.88192
7119.86249 159.40934 5.54487 5.16056 375.91340
7119.49840 158.91501 5.52808 5.14456 374.79816
7119.32890 158.68163 5.52000 5.13700 374.29136
7118.64061 157.78671 5.48810 5.10803 371.90840
7118.33522 157.37565 5.47381 5.09472 370.95075
7117.68705 156.44422 5.44080 5.06457 369.52990
7117.53751 156.25782 5.43416 5.05853 368.92611
7117.00208 155.52518 5.40789 5.03482 367.42599
7116.52784 154.87693 5.38650 5.01383 365.70954
7116.29954 154.57747 5.37745 5.00414 364.54014
7115.54285 153.54918 5.34298 4.97085 362.07386
7115.46569 153.44599 5.33938 4.96751 361.83257
7114.76690 152.47944 5.30507 4.93622 360.00906
7114.41834 152.00042 5.28859 4.92071 359.09273
7114.13723 151.59231 5.27484 4.90750 358.53783
7113.72535 151.07027 5.25650 4.89060 357.03895
7113.45868 150.74257 5.24508 4.87999 355.89664
7112.64983 149.68807 5.20869 4.84585 354.82483
7112.54496 149.55121 5.20375 4.84142 354.60889
7111.88292 148.66066 5.17191 4.81259 352.62301
7111.64591 148.37377 5.16176 4.80330 351.62318
7111.12147 147.67510 5.13770 4.78069 350.06291
7110.67272 147.10425 5.11699 4.76221 348.63213
7110.20543 146.49318 5.09605 4.74242 346.94793
7109.43775 145.42451 5.06208 4.70783 344.24508
7109.59144 145.63314 5.06941 4.71458 344.65944
7108.87937 144.69535 5.03634 4.68422 342.63483
7108.68767 144.46485 5.02862 4.67676 341.81329
7107.99436 143.56237 4.99648 4.64754 339.70157
7107.41351 142.76098 4.96945 4.62160 338.30391
7107.18380 142.42888 4.95824 4.61085 337.91222
7106.49856 141.49569 4.92559 4.58064 336.18626
7106.59107 141.62024 4.93004 4.58467 336.40875
7105.84318 140.63665 4.89469 4.55283 334.29809
7105.90071 140.70062 4.89697 4.55490 334.56762
7105.45815 140.18929 4.87886 4.53835 332.68786
7104.93952 139.61827 4.85857 4.51986 330.24846
7104.23956 138.74974 4.82780 4.49175 327.86511
7103.66885 138.01959 4.80249 4.46811 326.99153
7103.40939 137.68505 4.79088 4.45728 326.76890
7102.66991 136.73440 4.76202 4.42650 323.74906
7102.69606 136.76969 4.76308 4.42765 323.86950
7101.91235 135.78287 4.72777 4.39570 321.25140
7101.54419 135.31998 4.71115 4.38071 320.07005
7100.98834 134.55500 4.68494 4.35595 318.86800
7100.65887 134.14384 4.67030 4.34264 317.87772
7100.23313 133.58427 4.65212 4.32452 316.65036
7099.65316 132.82139 4.62617 4.29983 315.12228
7099.64727 132.82621 4.62633 4.29998 315.00713
7098.83313 131.81396 4.59044 4.26721 312.47419
7098.77851 131.75275 4.58842 4.26523 312.25066
7098.04011 130.83352 4.55502 4.23547 309.96290
7097.82655 130.58375 4.54676 4.22739 309.17769
7097.16483 129.76726 4.51907 4.20096 307.11710
7096.87780 129.39745 4.50474 4.18898 306.39344
7096.72039 129.22582 4.49840 4.18343 305.76850
7096.07458 128.52252 4.47658 4.16066 302.65534
7095.56666 127.92074 4.45766 4.14118 300.73675
7094.89026 127.11298 4.42912 4.11503 299.56866
7094.58288 126.74366 4.41587 4.10307 298.78352
7093.76377 125.70735 4.37915 4.06952 296.22755
7093.58471 125.48025 4.37166 4.06217 295.78081
7092.97905 124.67439 4.34425 4.03608 294.37211
7092.96046 124.67384 4.34423 4.03607 294.17588
7092.34075 123.94397 4.31842 4.01244 292.18008
7091.92870 123.45325 4.30094 3.99655 290.94114
7091.56135 123.02601 4.28590 3.98272 289.72697
7090.96935 122.34428 4.26207 3.96065 287.70847
7090.56301 121.86329 4.24510 3.94508 286.44350
7089.85544 121.00324 4.21541 3.91724 284.30262
7089.90255 121.06268 4.21744 3.91916 284.43095
7089.02259 120.05668 4.18118 3.88659 281.60626
7088.97642 120.00356 4.17923 3.88488 281.46316
7088.14113 119.03509 4.14896 3.85352 278.36252
7088.24038 119.14899 4.15222 3.85721 278.74450
7087.40892 118.26017 4.12272 3.82844 275.66989
7086.77144 117.53017 4.09665 3.80480 274.06347
7086.15964 116.75113 4.06969 3.77958 273.06641
7086.05160 116.62595 4.06519 3.77553 272.78201
7085.66467 116.20255 4.04977 3.76183 271.29177
7085.05834 115.53948 4.02727 3.74036 269.38892
7084.63559 115.04167 4.00940 3.72424 268.25550
7084.08678 114.43006 3.98782 3.70444 266.52847
7083.76577 114.06805 3.97671 3.69272 265.51449
7083.07419 113.28385 3.95471 3.66734 263.42720
7082.83283 113.01886 3.94397 3.65876 262.67128
7081.98031 112.03097 3.90652 3.62678 260.31956
7082.06677 112.12997 3.90920 3.62998 260.56619
7081.17449 111.13884 3.87412 3.59790 257.80512
7081.04615 110.99925 3.86939 3.59338 257.35685
7080.18569 110.01921 3.83998 3.56165 254.82548
7080.46369 110.30234 3.85030 3.57082 255.63301
7079.70831 109.56946 3.81674 3.54709 253.29808
7078.98709 108.81009 3.78949 3.52251 251.28809
7078.31244 108.00954 3.75114 3.49659 249.48909
7078.13146 107.83071 3.73950 3.49080 248.91891
7077.48161 107.09431 3.70126 3.46696 247.37691
7077.23110 106.82382 3.68778 3.45821 246.80948
7076.65056 106.20651 3.65424 3.43822 245.19775
7076.19683 105.70638 3.62567 3.42203 243.91526
7075.83555 105.32218 3.60196 3.40959 242.99855
7075.29145 104.76191 3.56624 3.39146 241.51449
7074.86552 104.30123 3.54023 3.37654 240.38226
7074.35277 103.77554 3.51338 3.35953 239.06797
7073.87062 103.27210 3.48716 3.34323 237.84988
7073.30806 102.67140 3.45762 3.32378 236.33274
7072.94409 102.30201 3.44028 3.31182 235.50787
7072.22726 101.53811 3.39656 3.28709 233.83494
7072.04151 101.33339 3.38727 3.28047 233.43712
7071.39429 100.67548 3.36617 3.25917 231.91881
7070.99316 100.26109 3.34389 3.24575 230.95688
7070.25970 99.47818 3.30789 3.22041 229.25717
7070.17796 99.39252 3.30511 3.21763 229.04522
7069.40504 98.61123 3.27405 3.19234 227.42052
7069.26778 98.46530 3.26780 3.18762 227.11293
7068.52478 97.73486 3.24117 3.16397 225.53473
7068.21451 97.42857 3.23152 3.15406 224.85426
7067.39229 96.59666 3.20049 3.12712 223.16929
7067.03398 96.22037 3.19006 3.11494 222.42871
7066.30754 95.44488 3.16759 3.08984 220.83014
7066.38302 95.53061 3.17108 3.09261 221.00338
7065.52847 94.69455 3.14217 3.06555 219.46587
7065.46443 94.62597 3.14095 3.06333 219.33391
7064.64729 93.86266 3.11641 3.03862 217.99105
7064.33162 93.54901 3.10584 3.02846 217.46103
7063.62237 92.87204 3.09571 3.00655 216.84237
7063.25741 92.52098 3.08570 2.99518 216.51530
7062.50171 91.78114 3.06549 2.97123 215.23303
7062.19913 91.47441 3.05904 2.96130 214.72708
7061.45956 90.75382 3.03914 2.93797 213.66256
7061.32328 90.59347 3.03517 2.93278 213.29314
7060.80145 90.12918 3.02666 2.91775 212.84263
7060.20891 89.57838 3.01361 2.89992 212.15098
7059.59634 88.98303 2.99907 2.88065 210.87722
7059.10649 88.51671 2.98839 2.86555 210.22683
7058.41295 87.83179 2.97200 2.84338 209.25156
7058.12065 87.51694 2.96457 2.83319 208.65920
7057.60902 87.05637 2.95491 2.81828 208.23935
7056.90058 86.34055 2.93841 2.79510 207.11592
7056.51656 85.94915 2.92901 2.78243 206.46760
7056.02471 85.48016 2.91785 2.76725 205.90396
7055.26005 84.71052 2.89851 2.74233 204.66053
7054.44655 83.80098 2.88291 2.71289 203.17619
7053.77160 82.97746 2.84558 2.68623 201.32844
7053.11857 82.14206 2.80165 2.65918 198.89222
7052.31755 80.97650 2.79560 2.62145 194.98900
7052.02989 80.54118 2.76602 2.60736 193.47690
7051.53341 79.72912 2.60072 2.58107 190.24929
7051.19308 79.24513 2.53076 2.56540 188.45161
7050.66160 78.39031 2.50370 2.53773 185.30941
7050.05995 77.35236 2.46411 2.50413 181.54707
7049.78916 76.89494 2.45011 2.48932 179.99701
7049.17495 75.74311 2.41037 2.45203 175.88145
7048.70802 74.74131 2.38045 2.41960 172.83772
7048.64277 74.66897 2.37807 2.41726 172.67439
7048.00457 73.34316 2.33369 2.37434 168.52069
7047.54244 72.22939 2.29663 2.33828 165.55860
7047.50873 72.16866 2.29463 2.33632 165.41548
7047.16667 71.46134 2.27143 2.31342 163.88784
7046.69781 70.40920 2.23690 2.27936 162.10870
7046.45324 69.88916 2.21996 2.26252 161.42192
7046.23409 69.40770 2.20431 2.24694 160.95375
7045.93955 68.74193 2.18279 2.22538 160.55071
7045.89569 68.69916 2.18146 2.22400 160.46372
7045.42387 67.87839 2.15515 2.19743 159.94797
7044.95651 66.92008 2.12421 2.16640 160.21920
7045.23617 67.39611 2.13961 2.18181 160.16036
7045.19455 67.34460 2.13798 2.18015 160.11086
7044.84486 66.90404 2.12386 2.16588 159.72188
7044.81258 66.89129 2.12349 2.16547 159.60332
7044.06197 66.02983 2.09921 2.13758 158.07899
7044.41278 66.40635 2.10930 2.14977 158.85558
7043.50096 65.51653 2.08435 2.12097 156.73977
7042.53251 64.44488 2.05025 2.08627 155.13747
7041.68818 63.34434 2.01512 2.05065 154.75365
7041.82708 63.52080 2.02078 2.05636 154.83288
7041.06119 62.59807 1.99122 2.02649 153.82921
7040.60284 62.02819 1.97287 2.00804 153.33370
7039.97651 61.19698 1.94586 1.98113 152.96768
7039.56352 60.63191 1.92742 1.96284 152.72194
7039.23870 60.22724 1.91420 1.94974 152.43499
7038.45130 59.14854 1.87873 1.91482 152.34810
7038.60482 59.35467 1.88552 1.92149 152.37664
7037.84994 58.38070 1.85289 1.88996 152.10862
7038.00847 58.56688 1.85915 1.89599 152.25412
7037.32099 57.80249 1.83516 1.87124 151.08459
7036.91349 57.31552 1.82098 1.85548 150.38159
7036.53781 56.88097 1.80669 1.84141 149.95880
7036.43584 56.76569 1.80269 1.83768 149.86415
7036.25247 56.59747 1.79682 1.83223 149.46897
7036.38849 56.69675 1.80028 1.83544 149.91008
7035.89176 56.34576 1.78823 1.82408 148.21824
7035.72492 56.23453 1.78449 1.82048 147.61594
7034.65164 55.46327 1.75859 1.79551 144.24314
7034.16877 55.10074 1.74624 1.78378 142.90169
7033.31895 54.43638 1.72365 1.76227 141.26347
7032.83395 54.04630 1.71038 1.74964 140.10633
7032.24153 53.58641 1.69471 1.73475 138.59934
7031.29182 52.79863 1.66777 1.70925 136.45536
7030.71877 52.28174 1.65010 1.69252 135.32098
7029.86008 51.48259 1.62273 1.66665 133.81747
7029.91873 51.52557 1.62420 1.66804 133.97019
7029.02316 50.75366 1.59765 1.64305 132.18481
7029.32571 51.00220 1.60623 1.65109 132.82545
7028.37734 50.25631 1.58061 1.62695 130.72421
7028.62345 50.43213 1.58663 1.63264 131.31547
7027.88467 49.94265 1.56984 1.61679 129.43319
7027.18848 49.45401 1.55283 1.60097 127.74676
7028.05333 49.95146 1.57018 1.61708 130.23508
7027.42846 49.66156 1.56016 1.60769 128.16971
7026.63045 49.32340 1.54809 1.59675 125.75600
7025.35972 48.66421 1.52666 1.57541 122.39466
7024.14619 47.92028 1.50377 1.55132 119.94993
7023.72474 47.62738 1.49366 1.54184 119.15715
7023.03234 47.21762 1.47924 1.52858 117.68835
7021.79381 46.35871 1.44988 1.50077 115.38454
7021.53571 46.17209 1.44344 1.49473 114.88865
7020.54800 45.43578 1.41812 1.47089 113.05542
7019.72103 44.79990 1.39628 1.45031 111.56574
7018.95086 44.11221 1.37268 1.42804 110.21249
7018.70493 43.91053 1.36572 1.42152 109.78780
7018.30019 43.58948 1.35466 1.41112 109.05099
7017.71256 43.12155 1.33860 1.39597 107.99858
7019.11203 43.97626 1.36809 1.42364 110.68039
7018.30030 43.61185 1.35542 1.41185 109.04085
7017.29315 43.13231 1.33884 1.39632 107.17600
7016.57249 42.74991 1.32565 1.38394 105.96932
7015.42262 42.09127 1.30297 1.36262 104.22595
7014.64237 41.60679 1.28634 1.34694 102.89763
7014.33623 41.41166 1.27969 1.34062 102.39634
7013.44880 40.88589 1.26129 1.32360 100.99734
7013.85170 41.09871 1.26887 1.33049 101.60090
7013.11342 40.74859 1.25648 1.31915 100.54307
7012.00232 40.19297 1.23857 1.30117 99.06447
7011.50764 39.93505 1.23094 1.29282 98.45488
7010.38943 39.31798 1.21140 1.27284 97.02636
7009.20252 38.56804 1.18547 1.24856 95.27239
7009.61236 38.81208 1.19384 1.25646 95.83184
7008.75194 38.33044 1.17741 1.24087 94.73821
7008.11138 38.00053 1.16623 1.23019 93.99549
7007.88961 37.88541 1.16232 1.22646 93.73078
7006.68229 37.25368 1.14086 1.20601 92.33090
7005.90691 36.79521 1.12523 1.19117 91.33277
7006.04647 36.87193 1.12785 1.19365 91.49195
7004.95908 36.34124 1.10983 1.17647 90.41197
7004.10570 35.87674 1.09414 1.16144 89.45326
7004.03259 35.82879 1.09252 1.15989 89.34940
7003.17408 35.41806 1.07861 1.14659 88.56252
7002.34268 35.01520 1.06499 1.13355 87.81518
7001.28995 34.42672 1.04516 1.11450 86.61162
7000.10734 33.68105 1.02002 1.09036 84.93668
6999.66250 33.38264 1.00994 1.08070 84.24648
6998.92458 32.88337 0.99312 1.06453 83.07948
6998.33076 32.48632 0.97976 1.05168 82.09691
6999.70567 33.18493 1.00318 1.07430 83.50958
6999.64225 33.15898 1.00232 1.07346 83.46987
6999.06465 33.03518 0.99826 1.06945 83.51628
6997.98933 32.75223 0.98885 1.06029 83.41439
6996.87344 32.38615 0.97684 1.04844 83.22342
6995.49823 31.83655 0.95853 1.03064 82.64566
6994.10415 31.17569 0.93677 1.00925 81.60710
6993.95576 31.09219 0.93432 1.00655 81.47575
6992.53082 30.38748 0.91419 0.98373 80.70454
6991.01332 29.40851 0.88162 0.95204 78.21902
6991.36240 29.62221 0.88872 0.95896 78.74096
6990.74307 29.24931 0.87640 0.94689 77.85134
6990.30662 29.05441 0.87009 0.94058 77.57691
6990.70521 29.21228 0.87517 0.94569 77.72689
6990.27837 29.04810 0.86989 0.94037 77.59156
6989.38862 28.78384 0.86149 0.93182 77.69655
6988.61616 28.50192 0.85235 0.92269 77.38651
6987.86758 28.24193 0.84401 0.91428 77.31052
6986.24693 27.55979 0.82193 0.89219 76.50133
6984.94209 26.87699 0.79970 0.87009 75.05842
6984.88118 26.83966 0.79848 0.86888 74.96226
6983.58038 26.16359 0.77652 0.84699 73.49797
6982.75878 25.64471 0.75958 0.83020 72.03452
6983.93789 26.19996 0.77750 0.84817 73.06250
6983.60587 26.10773 0.77462 0.84519 73.13757
6982.53092 25.80137 0.76503 0.83527 73.35547
6981.40692 25.40366 0.75248 0.82239 73.14738
6980.60926 25.08163 0.74219 0.81197 72.63282
6979.28662 24.50926 0.72386 0.79344 71.59921
6978.27939 24.00351 0.70773 0.77707 70.41102
6978.50374 24.10575 0.71096 0.78038 70.61492
6977.66934 23.75254 0.69986 0.76894 70.04783
6976.77232 23.39085 0.68841 0.75723 69.47758
6977.08433 23.50690 0.69208 0.76099 69.62718
6976.70780 23.36608 0.68761 0.75643 69.44094
6976.13818 23.23649 0.68366 0.75223 69.67720
6974.69895 22.87980 0.67300 0.74069 70.16444
6973.31958 22.39237 0.65946 0.72491 69.92662
6972.61859 22.11441 0.65243 0.71591 69.75981
6971.52793 21.64532 0.63892 0.70072 68.88443
6970.56920 21.23117 0.62577 0.68732 67.73664
6970.98242 21.39650 0.63096 0.69267 68.09585
6970.05305 21.05076 0.62028 0.68148 67.50699
6968.85630 20.61716 0.60727 0.66744 66.85104
6968.00081 20.24863 0.59603 0.65551 65.93723
6968.05910 20.26840 0.59661 0.65615 65.96466
6967.08371 19.92863 0.58655 0.64515 65.42823
6965.92593 19.49532 0.57364 0.63112 64.53485
6965.96303 19.49774 0.57366 0.63120 64.48429
6965.53760 19.36176 0.56970 0.62680 64.30310
6964.62045 19.08880 0.56195 0.61796 64.03444
6963.62422 18.79036 0.55355 0.60830 63.71644
6963.28619 18.68757 0.55067 0.60497 63.55744
6963.25836 18.68531 0.55064 0.60490 63.58691
6962.18098 18.44374 0.54424 0.59708 63.58098
6960.96493 18.14076 0.53634 0.58727 63.53345
6959.78904 17.82256 0.52799 0.57697 63.24232
6959.54563 17.74100 0.52576 0.57433 63.04649
6959.78138 17.79889 0.52720 0.57620 63.06930
6959.05321 17.67829 0.52478 0.57230 63.47208
6958.53416 17.61103 0.52370 0.57012 63.92280
6957.88503 17.57291 0.52400 0.56889 64.89922
6956.85573 17.51729 0.52474 0.56709 66.56495
6955.28353 17.39404 0.52489 0.56310 68.96683
6953.69761 17.13621 0.52073 0.55475 70.21074
6953.29482 17.03353 0.51837 0.55143 70.08550
6952.97265 17.04495 0.51969 0.55180 71.00771
6952.37075 17.00926 0.52037 0.55064 72.26642
6950.27358 16.74865 0.51821 0.54220 75.48638
6948.54630 16.24565 0.50682 0.52592 75.25428
6947.48535 15.92374 0.49918 0.51550 75.09656
6946.29666 15.53894 0.48962 0.50304 74.73342
6944.47827 14.72275 0.46687 0.47662 71.63842
6943.41683 14.11661 0.44882 0.45700 68.85525
6942.52016 13.57481 0.43259 0.43946 66.38038
0.00000 0.00000 0.00000 0.00000 0.00000
