6893.17537 10.04184 0.24529 0.32508 135.30851
6893.44672 10.07191 0.24681 0.32606 135.40554
6894.44722 10.16862 0.25191 0.32919 135.54844
6895.44772 10.26584 0.25711 0.33234 135.64791
6896.44822 10.35850 0.26204 0.33534 135.64949
6897.44872 10.44900 0.26687 0.33827 135.58235
6898.44922 10.54121 0.27160 0.34125 135.48970
6899.44972 10.64724 0.27687 0.34468 135.56733
6900.45023 10.77478 0.28287 0.34881 135.93924
6901.45073 10.91207 0.28916 0.35326 136.48394
6902.33188 11.04603 0.29528 0.35759 136.98586
6902.45123 11.06392 0.29609 0.35817 137.04855
6903.45173 11.19671 0.30238 0.36247 137.30514
6904.45223 11.32316 0.30844 0.36656 137.41668
6905.45273 11.43517 0.31398 0.37019 137.27566
6906.45323 11.56174 0.32001 0.37429 137.30010
6907.45373 11.70144 0.32640 0.37881 137.41830
6908.45423 11.85699 0.33343 0.38385 137.75851
6909.45473 12.01651 0.34067 0.38901 138.09589
6909.68595 12.05021 0.34222 0.39010 138.18104
6910.45523 12.15801 0.34723 0.39359 138.35394
6911.45573 12.31804 0.35464 0.39877 138.58055
6912.45623 12.46774 0.36156 0.40362 138.55716
6913.45673 12.63176 0.36896 0.40893 138.67115
6914.45723 12.80696 0.37620 0.41460 138.68063
6915.45773 12.98714 0.38327 0.42043 138.58184
6915.77839 13.05439 0.38573 0.42261 138.60253
6916.45823 13.20246 0.39143 0.42740 138.79967
6917.45873 13.41279 0.39951 0.43421 138.90842
6918.45923 13.60417 0.40722 0.44041 139.04363
6919.45973 13.80172 0.41577 0.44680 139.28131
6920.46023 14.02179 0.42517 0.45393 139.68526
6920.60731 14.05858 0.42674 0.45512 139.80587
6921.46073 14.25796 0.43520 0.46157 140.24397
6922.46123 14.48109 0.44456 0.46880 140.50943
6923.46173 14.69986 0.45358 0.47588 140.62826
6924.46223 14.93590 0.46307 0.48352 140.86236
6924.93081 15.06276 0.46802 0.48763 141.16606
6925.46273 15.20015 0.47344 0.49207 141.40740
6926.46323 15.42143 0.48250 0.49924 141.32433
6927.46373 15.65271 0.49207 0.50673 141.44313
6928.46423 15.88334 0.50179 0.51419 141.50625
6929.10956 16.06695 0.50904 0.52014 141.83409
6929.46473 16.16672 0.51298 0.52337 141.99908
6930.46523 16.42862 0.52328 0.53184 142.14892
6931.46573 16.68857 0.53329 0.54026 142.20760
6932.46623 16.97078 0.54411 0.54940 142.49965
6932.78854 17.07113 0.54790 0.55264 142.71079
6933.46673 17.26971 0.55527 0.55907 142.97169
6934.46723 17.53299 0.56513 0.56760 142.91536
6935.46773 17.80062 0.57490 0.57626 142.82999
6936.46823 18.04914 0.58373 0.58430 142.89367
6936.54978 18.07531 0.58464 0.58515 142.95479
6937.46873 18.37032 0.59479 0.59470 143.48640
6938.46923 18.64709 0.60394 0.60366 143.46287
6939.46973 18.94099 0.61334 0.61318 143.65759
6939.89298 19.07950 0.61780 0.61766 143.92227
6940.47024 19.26528 0.62371 0.62367 144.23523
6941.47074 19.55755 0.63278 0.63314 144.35318
6942.47124 19.83777 0.64024 0.64221 144.27763
6943.28535 20.08368 0.64637 0.65017 144.45033
6943.47174 20.14259 0.64785 0.65208 144.52997
6944.47224 20.42852 0.65506 0.66133 144.45360
6945.47274 20.67809 0.66166 0.66941 144.24672
6946.47324 20.97086 0.66934 0.67889 144.27021
6946.79144 21.08787 0.67239 0.68268 144.61195
6947.47374 21.34446 0.67831 0.69098 145.49510
6948.47424 21.64886 0.68523 0.70084 145.64545
6949.47474 21.94407 0.69209 0.71040 145.41640
6949.94682 22.09205 0.69548 0.71519 145.27750
6950.47524 22.27358 0.69940 0.72106 145.23808
6951.47574 22.60571 0.70589 0.73181 144.97469
6952.47624 22.96788 0.71353 0.74354 145.47571
6952.81197 23.09623 0.71690 0.74769 145.79582
6953.47674 23.32097 0.72293 0.75497 146.22922
6954.47724 23.60692 0.73078 0.76423 146.26327
6955.47774 23.93447 0.73878 0.77483 146.36500
6955.95495 24.10042 0.74287 0.78020 146.53117
6956.47824 24.28925 0.74761 0.78632 146.80566
6957.47874 24.61378 0.75666 0.79682 146.80140
6958.47924 24.91131 0.76482 0.80645 146.37766
6959.00310 25.10460 0.77012 0.81271 146.64870
6959.47974 25.30447 0.77547 0.81918 147.20540
6960.48024 25.66531 0.78539 0.83086 147.54438
6961.48074 26.02824 0.79613 0.84261 147.85976
6961.68212 26.10879 0.79857 0.84522 148.01154
6962.48124 26.40653 0.80726 0.85486 148.30498
6963.48174 26.71447 0.81582 0.86483 148.27740
6964.48224 27.07860 0.82635 0.87662 148.39762
6964.56925 27.11297 0.82741 0.87773 148.44934
6965.48274 27.45527 0.83797 0.88881 148.69464
6966.48324 27.81793 0.84878 0.90055 148.72457
6967.25551 28.11715 0.85743 0.91024 148.97610
6967.48374 28.21468 0.86036 0.91339 149.16406
6968.48424 28.62597 0.87304 0.92671 149.73092
6969.48474 29.01347 0.88519 0.93925 149.92215
6969.75040 29.12134 0.88847 0.94275 150.02367
6970.48524 29.41088 0.89717 0.95212 150.13159
6971.48574 29.77172 0.90819 0.96380 150.27655
6972.34095 30.12552 0.91962 0.97525 150.87371
6972.48624 30.19321 0.92177 0.97744 150.99092
6973.48674 30.63845 0.93459 0.99186 151.25893
6974.48724 31.09438 0.94656 1.00662 151.30945
6974.55606 31.12971 0.94753 1.00776 151.36199
6975.48774 31.54575 0.96035 1.02123 151.76846
6976.48824 31.93424 0.97305 1.03381 151.69118
6976.96229 32.13389 0.97939 1.04027 151.79996
6977.48874 32.36280 0.98649 1.04768 151.97845
6978.48924 32.79420 1.00009 1.06165 152.20540
6979.25002 33.13808 1.01140 1.07278 152.58052
6979.48974 33.25309 1.01519 1.07650 152.76097
6980.49025 33.66836 1.02830 1.08995 152.87168
6981.49075 34.06980 1.04096 1.10294 152.95770
6981.64230 34.14226 1.04333 1.10529 153.03629
6982.49125 34.54504 1.05663 1.11833 153.51614
6983.49175 35.00180 1.07134 1.13311 153.79765
6983.79915 35.14644 1.07590 1.13780 153.92412
6984.49225 35.47853 1.08660 1.14855 154.27147
6985.49275 35.93867 1.10193 1.16344 154.48379
6985.92298 36.15063 1.10893 1.17030 154.72449
6986.49325 36.43038 1.11801 1.17936 155.02113
6987.49375 36.89866 1.13313 1.19452 155.21629
6988.01067 37.15481 1.14164 1.20281 155.45453
6988.49425 37.40249 1.15002 1.21083 155.71831
6989.49475 37.82701 1.16368 1.22457 155.87672
6990.15984 38.15900 1.17453 1.23532 156.15522
6990.49525 38.33132 1.18017 1.24090 156.30577
6991.49575 38.81142 1.19633 1.25644 156.43259
6992.17682 39.16318 1.20827 1.26783 156.86496
6992.49625 39.35218 1.21449 1.27395 157.28594
6993.49675 39.89506 1.23110 1.29152 157.54530
6993.97667 40.16736 1.23905 1.30034 157.58014
6994.49725 40.44863 1.24749 1.30944 157.56052
6995.49775 40.95737 1.26425 1.32591 157.79607
6995.88815 41.17155 1.27156 1.33285 158.09204
6996.49825 41.50026 1.28269 1.34349 158.39571
6997.49875 42.01555 1.30009 1.36017 158.51538
6997.81005 42.17573 1.30540 1.36535 158.58298
6998.49925 42.53924 1.31756 1.37712 159.22504
6999.49975 43.04398 1.33482 1.39346 159.28440
6999.74151 43.17992 1.33953 1.39786 159.42047
7000.50025 43.60511 1.35381 1.41163 159.83782
7001.50075 44.14612 1.37210 1.42914 160.08016
7001.56688 44.18410 1.37340 1.43037 160.11999
7002.50125 44.68225 1.39037 1.44650 160.21662
7003.40368 45.18828 1.40751 1.46288 160.54212
7003.50175 45.24905 1.40957 1.46485 160.64053
7004.50225 45.83212 1.42941 1.48372 161.19363
7005.14380 46.19247 1.44187 1.49539 161.36174
7005.50275 46.40523 1.44909 1.50228 161.57380
7006.50325 46.94948 1.46734 1.51990 161.59988
7006.95349 47.19665 1.47596 1.52790 161.97467
7007.50375 47.51683 1.48716 1.53826 162.42929
7008.50425 48.08266 1.50637 1.55658 162.49610
7008.69675 48.20084 1.51007 1.56041 162.49951
7009.50475 48.73546 1.52615 1.57771 162.62590
7010.21515 49.20502 1.54115 1.59291 163.11558
7010.50525 49.39204 1.54759 1.59897 163.38017
7011.50575 49.96848 1.56805 1.61763 163.54347
7011.88967 50.20921 1.57619 1.62542 163.75675
7012.50625 50.58708 1.58883 1.63766 163.99574
7013.50675 51.18245 1.60988 1.65693 164.17432
7013.55522 51.21339 1.61093 1.65793 164.20365
7014.50725 51.82193 1.63143 1.67763 164.77085
7015.13567 52.21757 1.64543 1.69044 164.97902
7015.50775 52.47515 1.65425 1.69878 165.37331
7016.50825 53.02736 1.67386 1.71665 165.63091
7016.79953 53.22176 1.68053 1.72295 165.83737
7017.50875 53.70690 1.69666 1.73865 166.38365
7018.34375 54.22594 1.71476 1.75546 166.57047
7018.50925 54.33550 1.71861 1.75900 166.66357
7019.50975 54.98124 1.74048 1.77991 167.02857
7019.87664 55.23013 1.74926 1.78796 167.26518
7020.51026 55.66412 1.76452 1.80201 167.71753
7021.40176 56.23431 1.78383 1.82047 167.87260
7021.51076 56.31327 1.78656 1.82303 167.98173
7022.51126 56.99341 1.81050 1.84505 168.63862
7022.86754 57.23849 1.81874 1.85298 168.80724
7023.51176 57.70701 1.83242 1.86815 168.86629
7024.23571 58.24268 1.84956 1.88549 169.20602
7024.51226 58.44248 1.85679 1.89196 169.67945
7025.51276 59.05472 1.87742 1.91178 169.80643
7025.78351 59.24686 1.88398 1.91800 169.93573
7026.51326 59.79458 1.90293 1.93573 170.67298
7027.16561 60.25105 1.91841 1.95051 170.99169
7027.51376 60.50354 1.92689 1.95868 171.23172
7028.51426 61.18168 1.95039 1.98063 171.45338
7028.61397 61.25523 1.95288 1.98302 171.52938
7029.51476 61.88392 1.97329 2.00337 171.89276
7030.04766 62.25941 1.98657 2.01552 172.09523
7030.51526 62.61500 1.99862 2.02704 172.50596
7031.40024 63.26360 2.01959 2.04803 173.03418
7031.51576 63.35722 2.02280 2.05106 173.18537
7032.51626 64.09471 2.04848 2.07494 173.77055
7032.74554 64.26778 2.05442 2.08054 173.88706
7033.51676 64.83592 2.07226 2.09893 174.42839
7034.15333 65.27197 2.08806 2.11305 174.99540
7034.51726 65.54811 2.09741 2.12199 175.29248
7035.41275 66.27615 2.11689 2.14556 175.62737
7035.51776 66.36635 2.11950 2.14848 175.67600
7036.51826 67.14822 2.14457 2.17379 176.22915
7036.67428 67.28033 2.14913 2.17807 176.46291
7037.51876 67.93179 2.16963 2.19916 177.01406
7037.98243 68.28452 2.18170 2.21057 177.25792
7038.51926 68.71911 2.19578 2.22464 177.75606
7039.27921 69.28870 2.21173 2.24308 178.07359
7039.51976 69.48029 2.21868 2.24929 178.25329
7040.52026 70.23417 2.24182 2.27369 178.66666
7040.59452 70.29289 2.24334 2.27559 178.71953
7041.52076 71.04843 2.26886 2.30005 179.47584
7041.85506 71.29707 2.27621 2.30810 179.64513
7042.52126 71.77690 2.29041 2.32363 180.19922
7043.21080 72.30126 2.30671 2.34061 180.50369
7043.52176 72.56476 2.31620 2.34914 180.82437
7044.43664 73.30544 2.33884 2.37312 181.50022
7044.52226 73.37783 2.34077 2.37546 181.58531
7045.52276 74.20762 2.37036 2.40232 182.41997
7045.64436 74.30962 2.37329 2.40563 182.54751
7046.52326 75.04413 2.39436 2.42940 183.29484
7046.82727 75.31381 2.40437 2.43813 183.43480
7047.52376 75.93552 2.42129 2.45826 183.84584
7047.96494 76.31799 2.43331 2.47064 184.31901
7048.52426 76.80461 2.45167 2.48640 184.95381
7049.13702 77.32218 2.46709 2.50315 185.47127
7049.52476 77.65555 2.47651 2.51394 185.82554
7050.29011 78.32636 2.50460 2.53566 186.64001
7050.52526 78.53320 2.51158 2.54236 186.85714
7051.52576 79.28829 2.52860 2.56680 187.39185
7051.57339 79.33054 2.53200 2.56817 187.47075
7052.52626 80.17382 2.68796 2.59547 188.61153
7052.71497 80.33473 2.71941 2.60068 188.76897
7053.52676 81.05730 2.78569 2.62407 189.68961
7053.82717 81.33891 2.78029 2.63318 190.10815
7054.52726 81.95705 2.78419 2.65320 190.90035
7054.96029 82.34310 2.80001 2.66569 191.40355
7055.52776 82.87520 2.82478 2.68292 192.29229
7056.07776 83.34728 2.84193 2.69820 192.96170
7056.52826 83.80333 2.85253 2.71297 193.56464
7057.02622 84.35146 2.86204 2.73071 194.50492
7057.52876 84.81921 2.87221 2.74585 195.34183
7058.13488 85.35565 2.88640 2.76322 196.28128
7058.52926 85.71092 2.89387 2.77472 196.95004
7059.24377 86.35983 2.90961 2.79573 198.21555
7059.52976 86.63481 2.91728 2.80463 198.80183
7060.42490 87.36402 2.93348 2.82824 200.48454
7060.53027 87.45639 2.93604 2.83123 200.69160
7061.47146 88.36820 2.96165 2.86074 202.90121
7061.53077 88.42369 2.96289 2.86254 203.02987
7062.49325 89.37238 2.99015 2.89325 205.47488
7062.53127 89.41076 2.99134 2.89449 205.58296
7063.53177 90.32034 3.01658 2.92394 208.16430
7063.58887 90.37657 3.01856 2.92576 208.31843
7064.53227 91.29094 3.04844 2.95536 211.03073
7064.62682 91.38075 3.05120 2.95827 211.30399
7065.53277 92.28080 3.08240 2.98741 214.00682
7065.64326 92.38494 3.08608 2.99078 214.35323
7066.53327 93.31268 3.11435 3.02081 217.26278
7066.60051 93.38912 3.11654 3.02329 217.48216
7067.53377 94.36344 3.15120 3.05483 220.54337
7067.56635 94.39331 3.15232 3.05579 220.65701
7068.53427 95.29863 3.18196 3.08510 223.65771
7068.63798 95.39749 3.18547 3.08830 223.95871
7069.53477 96.22797 3.21700 3.11519 227.21986
7069.70261 96.40167 3.22249 3.12081 227.84638
7070.53527 97.25960 3.25955 3.14859 230.79733
7070.68001 97.40586 3.26654 3.15332 231.33351
7071.53577 98.27687 3.30459 3.18152 234.55067
7071.66850 98.41004 3.31076 3.18583 235.06926
7072.53627 99.30048 3.35560 3.21465 238.34599
7072.64598 99.41423 3.36111 3.21834 238.76524
7073.53677 100.35706 3.40651 3.24886 242.18487
7073.59650 100.41841 3.40985 3.25085 242.38893
7074.53727 101.36907 3.45943 3.28162 246.36610
7074.58840 101.42259 3.46203 3.28335 246.60770
7075.41934 102.42678 3.51006 3.31586 249.76564
7075.53777 102.54766 3.51669 3.31978 250.18484
7076.39904 103.43096 3.57084 3.34837 253.73121
7076.53827 103.58247 3.58122 3.35328 254.31132
7077.38214 104.43515 3.63421 3.38088 257.84073
7077.53877 104.59416 3.64095 3.38603 258.31697
7078.35843 105.43933 3.67449 3.41339 261.17536
7078.53927 105.61930 3.68416 3.41921 262.05651
7079.29309 106.44351 3.71434 3.44590 265.00664
7079.53977 106.71432 3.72190 3.45466 266.07914
7080.20521 107.44770 3.74763 3.47840 268.69803
7080.54027 107.81275 3.76100 3.49022 269.91362
7081.11165 108.45188 3.78372 3.51091 272.19473
7081.54077 108.91668 3.79999 3.52596 273.98874
7082.02970 109.45607 3.81868 3.54342 276.00406
7082.54127 110.02163 3.83928 3.56173 278.00906
7082.94300 110.46025 3.85459 3.57593 279.86196
7083.54177 111.18766 3.87569 3.59948 282.70168
7083.77171 111.46444 3.88521 3.60844 283.53495
7084.54227 112.29502 3.91506 3.63533 286.88733
7084.69576 112.46862 3.92085 3.64095 287.53340
7085.54277 113.43586 3.95567 3.67226 290.89217
7085.57652 113.47280 3.95701 3.67346 291.05397
7086.48264 114.47699 3.99179 3.70596 294.81536
7086.54327 114.54617 3.99416 3.70820 294.93405
7087.41334 115.48117 4.02662 3.73847 297.56436
7087.54377 115.61447 4.03131 3.74279 298.26306
7088.28767 116.48536 4.06182 3.77098 301.20312
7088.54427 116.76295 4.07176 3.77997 302.43565
7089.17412 117.48954 4.09733 3.80349 304.93120
7089.54477 117.94173 4.11287 3.81813 306.25423
7090.01683 118.49372 4.13247 3.83600 307.99296
7090.54527 119.15507 4.15441 3.85741 309.97039
7090.80889 119.49791 4.16466 3.86851 311.14561
7091.54577 120.33339 4.19322 3.89555 314.70906
7091.68871 120.50209 4.19928 3.90101 315.20401
7092.50180 121.50628 4.23435 3.93352 317.86769
7092.54627 121.55747 4.23613 3.93518 318.05719
7093.32465 122.51046 4.26933 3.96603 320.77777
7093.54677 122.77428 4.27837 3.97457 321.60055
7094.16704 123.51464 4.30378 3.99854 323.91900
7094.54727 123.94334 4.31892 4.01242 325.90997
7095.05779 124.51883 4.33944 4.03105 327.94292
7095.54777 125.06805 4.35875 4.04883 328.99246
7095.94536 125.52301 4.37452 4.06356 330.36856
7096.54827 126.22754 4.39876 4.08636 333.19319
7096.79765 126.52720 4.40920 4.09606 334.17364
7097.54877 127.42914 4.44087 4.12526 337.20160
7097.63179 127.53138 4.44448 4.12857 337.51537
7098.39224 128.53556 4.47758 4.16108 340.07985
7098.54927 128.73302 4.48369 4.16747 340.97423
7099.12313 129.53975 4.51080 4.19359 342.03162
7099.54977 130.06400 4.52955 4.21056 343.56122
7099.95082 130.54393 4.54647 4.22610 345.40952
7100.55028 131.25822 4.57088 4.24922 347.95372
7100.78715 131.54812 4.58100 4.25861 348.99209
7101.55078 132.47807 4.61318 4.28871 352.05602
7101.61073 132.55230 4.61574 4.29112 352.27433
7102.37752 133.55649 4.65120 4.32362 354.46745
7102.55128 133.75585 4.65804 4.33008 355.27235
7103.20009 134.56067 4.68594 4.35613 358.10272
7103.55178 135.01520 4.70231 4.37085 358.53321
7104.02624 135.56485 4.72146 4.38864 359.56328
7104.55228 136.15424 4.74240 4.40772 361.96632
7104.87092 136.56904 4.75688 4.42115 363.12153
7105.55278 137.54523 4.78731 4.45275 365.59302
7105.57323 137.57322 4.78827 4.45366 365.64244
7106.35933 138.57741 4.82325 4.48617 368.33084
7106.55328 138.82049 4.83160 4.49404 369.13153
7107.12539 139.58159 4.85839 4.51867 370.73231
7107.55378 140.11370 4.87690 4.53590 372.53272
7107.91493 140.58577 4.89352 4.55118 373.67143
7108.55428 141.39583 4.92253 4.57741 376.13295
7108.70738 141.58996 4.92938 4.58369 376.73916
7109.46195 142.59414 4.96423 4.61620 379.01178
7109.55478 142.71120 4.96834 4.61999 379.38149
7110.20596 143.59833 4.99918 4.64871 381.04834
7110.55528 144.03116 5.01437 4.66272 382.57375
7110.99422 144.60251 5.03438 4.68122 384.20805
7111.55578 145.31135 5.05921 4.70416 386.32467
7111.78340 145.60669 5.06950 4.71373 387.14795
7112.44813 146.61088 5.10064 4.74623 389.39202
7112.55628 146.74441 5.10501 4.75056 389.89327
7113.26628 147.61506 5.13588 4.77874 391.08596
7113.55678 147.96335 5.14823 4.79002 392.20538
7114.04743 148.61925 5.17119 4.81125 393.84052
7114.55728 149.29006 5.19476 4.83297 395.76376
7114.80287 149.62343 5.20658 4.84376 396.39381
7115.55778 150.62067 5.24148 4.87604 399.06631
7115.56304 150.62762 5.24172 4.87627 399.08488
7116.27735 151.63180 5.27693 4.90878 400.68969
7116.55828 152.00551 5.29008 4.92087 401.69257
7117.03169 152.63598 5.31214 4.94128 403.27967
7117.55878 153.33313 5.33619 4.96385 405.24787
7117.78177 153.64017 5.34699 4.97379 405.78772
7118.48297 154.64435 5.38056 5.00630 407.84923
7118.55928 154.74819 5.38372 5.00966 408.32420
7119.16498 155.64854 5.41379 5.03881 409.85826
7119.55978 156.16672 5.43199 5.05559 411.30857
7119.91560 156.65272 5.44871 5.07132 412.38859
7120.56028 157.53622 5.47988 5.09992 414.53801
7120.65480 157.65690 5.48417 5.10383 415.01832
7121.43555 158.66109 5.51956 5.13634 417.31256
7121.56078 158.81645 5.52499 5.14136 417.54730
7122.15922 159.66527 5.55467 5.16884 417.69565
7122.56128 160.18788 5.57288 5.18576 419.62919
7122.91488 160.66946 5.58945 5.20135 420.89229
7123.56178 161.56406 5.62079 5.23031 422.74261
7123.63989 161.67364 5.62463 5.23386 422.95325
7124.35775 162.67782 5.65960 5.26637 425.08490
7124.56228 162.97121 5.67018 5.27587 425.43428
7125.04744 163.68201 5.69388 5.29888 426.63977
7125.56278 164.42321 5.71657 5.32287 429.19809
7125.73602 164.68619 5.72598 5.33139 429.41136
7126.43438 165.69038 5.76196 5.36389 430.85453
7126.56328 165.86362 5.76797 5.36950 431.36893
7127.13537 166.69456 5.79755 5.39640 432.56801
7127.56378 167.28433 5.81805 5.41550 434.01260
7127.86215 167.69874 5.83236 5.42891 434.92279
7128.56428 168.66305 5.86616 5.46013 437.32643
7128.59260 168.70293 5.86758 5.46142 437.40826
7129.28310 169.70711 5.90270 5.49393 438.86251
7129.56478 170.08803 5.91577 5.50626 439.93964
7130.00009 170.71130 5.93747 5.52644 441.36946
7130.56528 171.50295 5.96510 5.55206 441.91993
7130.73066 171.71548 5.97263 5.55895 442.24665
7131.42273 172.71967 6.00512 5.59145 444.01401
7131.56578 172.90846 6.01117 5.59757 444.89992
7132.10341 173.72385 6.03970 5.62396 445.60847
7132.56628 174.35511 6.06196 5.64440 447.29540
7132.82652 174.72803 6.07479 5.65647 447.97880
7133.52532 175.73222 6.11024 5.68898 449.80889
7133.56678 175.78858 6.11222 5.69080 449.99104
7134.21648 176.73640 6.14496 5.72149 451.47239
7134.56728 177.21894 6.16204 5.73711 452.63147
7134.91898 177.74059 6.18028 5.75400 453.32458
7135.56778 178.67392 6.21228 5.78421 455.04010
7135.61739 178.74477 6.21474 5.78650 455.18555
7136.28188 179.74895 6.25025 5.81901 456.17713
7136.56828 180.13797 6.26420 5.83161 457.25552
7136.99293 180.75314 6.28696 5.85152 458.20816
7137.56878 181.63818 6.31558 5.88017 459.73577
7137.64779 181.75732 6.31908 5.88403 460.11865
7138.30759 182.76151 6.35330 5.91654 461.64567
7138.56928 183.13145 6.36569 5.92851 462.51884
7139.03442 183.76569 6.38771 5.94905 463.40616
7139.56978 184.45152 6.41188 5.97125 464.33944
7139.79089 184.76987 6.42214 5.98156 464.74480
7140.46921 185.77406 6.45789 6.01406 466.37379
7140.57029 185.91472 6.46310 6.01862 466.73512
7141.15222 186.77824 6.49119 6.04657 467.85638
7141.57079 187.36621 6.51394 6.06561 469.18329
7141.85693 187.78243 6.52877 6.07908 469.85231
7142.56234 188.78661 6.56359 6.11159 471.94046
7142.57129 188.79851 6.56405 6.11197 471.97922
7143.20697 189.79079 6.59930 6.14410 472.59401
7143.57179 190.35869 6.61595 6.16248 474.12860
7143.84854 190.79498 6.63077 6.17661 474.64364
7144.52054 191.79916 6.66631 6.20911 475.75806
7144.57229 191.87008 6.66874 6.21141 475.95997
7145.21264 192.80335 6.70103 6.24162 477.46232
7145.57279 193.30241 6.71995 6.25778 478.71239
7145.90297 193.80753 6.73772 6.27413 479.13593
7146.57329 194.77781 6.77215 6.30554 480.84025
7146.59806 194.81172 6.77364 6.30664 480.92695
7147.25782 195.81590 6.80614 6.33915 481.84076
7147.57379 196.26091 6.82149 6.35355 482.96579
7147.99088 196.82008 6.84487 6.37166 484.56979
7148.57429 197.57000 6.86638 6.39593 485.47893
7148.75475 197.82427 6.87509 6.40417 485.57345
7149.37089 198.82845 6.90763 6.43667 486.59554
7149.57479 199.10326 6.91648 6.44557 487.89667
7150.06305 199.83264 6.93934 6.46918 488.67269
7150.57529 200.56227 6.96382 6.49280 490.05267
7150.76167 200.83682 6.97512 6.50169 490.45219
7151.42933 201.84100 7.00237 6.53420 491.53962
7151.57579 202.04578 7.00973 6.54083 491.99025
7152.10788 202.84519 7.03942 6.56671 492.87609
7152.57629 203.49660 7.05521 6.58780 494.49667
7152.81273 203.84937 7.06710 6.59922 494.88058
7153.48219 204.85356 7.09916 6.63172 495.94879
7153.57679 204.98422 7.10283 6.63595 496.27037
7154.14934 205.85774 7.12939 6.66423 496.96663
7154.57729 206.45615 7.14895 6.68360 498.34276
7154.85743 206.86192 7.16205 6.69674 498.89237
7155.49423 207.86611 7.19027 6.72925 500.06890
7155.57779 207.98927 7.19401 6.73324 500.52784
7156.14057 208.87029 7.22138 6.76176 501.49789
7156.57829 209.45006 7.23872 6.78053 502.87320
7156.89760 209.87448 7.25250 6.79427 503.24476
7157.57879 210.77492 7.28064 6.82342 504.62260
7157.65148 210.87866 7.28367 6.82677 504.83071
7158.30147 211.88285 7.31590 6.85928 505.61684
7158.57929 212.27631 7.32827 6.87202 506.34052
7158.98300 212.88703 7.34668 6.89179 506.86877
7159.57979 213.72386 7.37487 6.91888 508.54142
7159.69416 213.89121 7.38002 6.92430 508.79160
7160.35712 214.89540 7.41133 6.95681 509.61542
7160.58029 215.20142 7.42162 6.96672 510.30510
7161.04181 215.89958 7.44310 6.98932 510.88219
7161.58079 216.74862 7.46708 7.01680 512.58954
7161.67928 216.90377 7.47180 7.02183 512.69945
7162.37056 217.90795 7.50389 7.05433 513.95388
7162.58129 218.20000 7.51325 7.06379 514.57157
7163.04231 218.91213 7.53540 7.08684 514.87634
7163.58179 219.66994 7.56003 7.11137 516.32773
7163.75107 219.91632 7.56770 7.11935 516.69286
7164.43160 220.92050 7.59958 7.15186 517.73006
7164.58229 221.13391 7.60651 7.15877 518.08309
7165.10328 221.92469 7.63101 7.18437 518.66943
7165.58279 222.59955 7.65290 7.20622 519.96573
7165.83258 222.92887 7.66348 7.21688 520.46398
7166.58329 223.87262 7.69330 7.24743 521.87161
7166.62640 223.93305 7.69523 7.24938 521.94587
7167.29671 224.93724 7.72725 7.28189 522.77643
7167.58379 225.37739 7.74002 7.29614 523.56360
7167.92360 225.94142 7.75589 7.31440 524.14131
7168.58429 226.85330 7.78556 7.34392 525.90596
7168.64823 226.94561 7.78852 7.34691 526.02421
7169.33014 227.94979 7.82034 7.37942 527.01475
7169.58479 228.29731 7.83168 7.39067 527.74460
7170.01977 228.95397 7.85226 7.41193 528.12900
7170.58529 229.76102 7.87813 7.43805 529.27738
7170.72525 229.95816 7.88453 7.44444 529.58825
7171.41569 230.96234 7.91636 7.47694 530.64468
7171.58579 231.20062 7.92405 7.48466 531.05640
7172.11302 231.96653 7.94859 7.50945 531.83216
7172.58629 232.60998 7.96942 7.53028 533.22683
7172.83066 232.97071 7.98090 7.54196 533.43675
7173.48591 233.97490 8.01150 7.57447 534.25062
7173.58679 234.11737 8.01562 7.57908 534.88572
7174.16936 234.97908 8.04196 7.60698 536.04424
7174.58729 235.53818 8.05951 7.62508 536.02586
7174.91086 235.98326 8.07320 7.63949 535.91682
7175.58779 236.89274 8.10269 7.66893 537.66357
7175.65601 236.98745 8.10578 7.67199 537.86524
7176.36609 237.99163 8.13804 7.70450 539.19205
7176.58829 238.28924 8.14772 7.71414 539.89581
7177.07029 238.99582 8.17007 7.73701 540.33766
7177.58879 239.70350 8.19311 7.75992 541.62771
7177.79958 240.00000 8.20259 7.76952 542.02074
