7172.62382 245.38106 8.32303 7.94372 519.01174
7172.15077 244.74664 8.30219 7.92318 517.63384
7171.40176 243.65305 8.26685 7.88778 516.75399
7171.43090 243.69765 8.26821 7.88922 516.79511
7170.78230 242.78081 8.24094 7.85954 514.24172
7170.46497 242.33848 8.22663 7.84522 513.50609
7170.10895 241.84263 8.21027 7.82917 512.80967
7169.50276 241.00776 8.18298 7.80214 511.32464
7169.07717 240.39768 8.16327 7.78239 510.56030
7168.44882 239.40233 8.13205 7.75017 510.56638
7168.32117 239.22253 8.12621 7.74435 510.30307
7167.91105 238.61713 8.10684 7.72475 509.75371
7167.40114 237.87657 8.08298 7.70078 508.97919
7167.41781 237.90985 8.08396 7.70186 508.89056
7166.68403 236.91136 8.05106 7.66953 506.69179
7166.50631 236.67785 8.04338 7.66197 506.21997
7165.91697 235.85948 8.01776 7.63548 506.18965
7165.50224 235.30426 7.99989 7.61750 505.53415
7164.97060 234.54885 7.97500 7.59305 504.32827
7164.25507 233.46715 7.94319 7.55803 502.12721
7164.30791 233.54678 7.94563 7.56061 502.23188
7163.66809 232.60175 7.91514 7.53002 501.32437
7163.45336 232.29760 7.90530 7.52017 500.82665
7162.91154 231.54176 7.88059 7.49570 499.43827
7162.19437 230.43820 7.84561 7.45998 498.81092
7162.23084 230.49342 7.84737 7.46176 498.85344
7161.60822 229.56213 7.81749 7.43161 497.95907
7161.40266 229.27619 7.80812 7.42236 497.41873
7160.88755 228.53573 7.78418 7.39839 496.26659
7160.28156 227.62305 7.75500 7.36884 495.51690
7160.30068 227.65826 7.75605 7.36998 495.46832
7159.59696 226.64807 7.72323 7.33728 493.84939
7159.26906 226.17803 7.70780 7.32206 493.23403
7158.79982 225.45892 7.68633 7.29878 491.86965
7158.40643 224.87656 7.66876 7.27993 490.60550
7158.45292 224.96067 7.67127 7.28265 490.52576
7157.67402 223.92295 7.63648 7.24906 487.78898
7157.43650 223.60495 7.62591 7.23876 486.89444
7156.66074 222.50058 7.59124 7.20301 486.60991
7156.09295 221.60871 7.56348 7.17414 486.67055
7155.93110 221.33848 7.55507 7.16539 486.64442
7155.35974 220.47779 7.52751 7.13753 485.67236
7155.38015 220.51975 7.52873 7.13889 485.56807
7154.69433 219.52539 7.49660 7.10670 484.07019
7154.33419 218.98693 7.47941 7.08926 483.43464
7154.02755 218.55312 7.46523 7.07522 482.60696
7153.31470 217.50410 7.43148 7.04126 481.10556
7153.29689 217.47832 7.43064 7.04043 481.06753
7152.66286 216.53969 7.40084 7.01004 479.60853
7152.40328 216.17636 7.39003 6.99828 478.22706
7151.93707 215.50794 7.36918 6.97664 476.65259
7151.29291 214.54967 7.33819 6.94562 475.48182
7151.08255 214.23612 7.32818 6.93547 475.07650
7150.44662 213.22589 7.29652 6.90276 474.55269
7150.19824 212.84202 7.28438 6.89033 474.23815
7149.93846 212.44420 7.27180 6.87746 473.87081
7149.33873 211.56572 7.24341 6.84902 472.44607
7149.57070 211.89204 7.25414 6.85958 473.23396
7148.86903 210.96142 7.22305 6.82945 470.44958
7148.44016 210.41598 7.20537 6.81180 469.34496
7147.75284 209.40150 7.17384 6.77895 469.15182
7147.29144 208.70386 7.15138 6.75637 468.23533
7147.08805 208.41763 7.14192 6.74710 467.60910
7146.41795 207.40233 7.11209 6.71424 465.22913
7146.34128 207.30006 7.10879 6.71092 464.87964
7145.86055 206.59355 7.08591 6.68805 463.85498
7145.45901 206.04692 7.06803 6.67036 462.44195
7144.92074 205.26742 7.04282 6.64512 461.03351
7144.23490 204.17740 7.00893 6.60984 460.47723
7144.11920 204.00226 7.00334 6.60417 460.24286
7143.68413 203.30192 6.98168 6.58149 459.88978
7143.37489 202.86003 6.96737 6.56719 459.05931
7143.09212 202.46025 6.95445 6.55425 458.18106
7142.39942 201.43269 6.92162 6.52098 456.67202
7142.22082 201.17501 6.91333 6.51264 456.18462
7141.74302 200.43465 6.89014 6.48867 455.51900
7141.48557 200.08706 6.87873 6.47742 454.55815
7141.06010 199.49883 6.85929 6.45838 453.19557
7140.32623 198.41598 6.82684 6.42332 450.54735
7140.46947 198.62074 6.83290 6.42995 451.32943
7139.84344 197.75436 6.80543 6.40190 448.38725
7139.49036 197.30056 6.79065 6.38721 447.26333
7138.77896 196.27229 6.75897 6.35392 447.10093
7138.11277 195.21620 6.72664 6.31973 446.35051
7138.10507 195.20473 6.72627 6.31936 446.32826
7137.51300 194.28474 6.69674 6.28958 445.48194
7137.34118 194.04085 6.68897 6.28168 444.99936
7136.90314 193.40435 6.66910 6.26108 443.89369
7136.29526 192.50265 6.64047 6.23189 442.53432
7136.20863 192.37997 6.63662 6.22792 442.31209
7135.56446 191.42170 6.60626 6.19689 440.83657
7135.39265 191.18644 6.59846 6.18928 440.26540
7134.89292 190.46807 6.57573 6.16602 438.87567
7134.36108 189.69913 6.55330 6.14113 436.32664
7134.12689 189.36490 6.54275 6.13031 435.66300
7133.44877 188.35071 6.51031 6.09748 434.26268
7133.30975 188.15231 6.50428 6.09105 433.85364
7132.70907 187.26449 6.47601 6.06231 432.53348
7132.16186 186.41352 6.45056 6.03476 431.78256
7132.15650 186.40000 6.45027 6.03433 431.83291
7131.52589 185.48986 6.42235 6.00486 430.12767
7131.52651 185.49728 6.42251 6.00510 430.05417
7130.93359 184.69324 6.39703 5.97907 428.18978
7130.46280 184.05873 6.37743 5.95853 427.69272
7130.02025 183.42620 6.35655 5.93806 427.07337
7129.33520 182.43101 6.32633 5.90584 425.20854
7129.38135 182.49832 6.32888 5.90802 425.28883
7128.70438 181.53694 6.29718 5.87690 422.65003
7128.38226 181.09656 6.28430 5.86264 421.00221
7127.88354 180.36609 6.26131 5.83899 419.88496
7127.32609 179.55078 6.23440 5.81260 418.57704
7127.16466 179.31944 6.22690 5.80511 418.15698
7126.43182 178.22580 6.19414 5.76970 416.64669
7126.14917 177.77944 6.17544 5.75525 416.36598
7125.93553 177.43910 6.16480 5.74424 416.18143
7125.51281 176.87568 6.15090 5.72600 414.58371
7125.15263 176.37155 6.12927 5.70968 413.54373
7124.50231 175.41316 6.09715 5.67865 412.11031
7124.41551 175.30995 6.09391 5.67531 411.68999
7123.74366 174.34384 6.05985 5.64403 409.91202
7123.40969 173.83793 6.04071 5.62766 409.30804
7123.39023 173.83216 6.04045 5.62747 409.01513
7122.64530 172.86876 6.01606 5.59628 406.04384
7122.36097 172.48446 6.00137 5.58384 404.43975
7121.70960 171.56348 5.96727 5.55402 402.38318
7121.54457 171.35897 5.96190 5.54740 402.08157
7120.77349 170.29071 5.92005 5.51282 400.95670
7120.13448 169.28701 5.88823 5.48033 400.07287
7120.10843 169.25054 5.88681 5.47915 399.99292
7119.48782 168.32619 5.84998 5.44922 398.89913
7119.52472 168.38665 5.85199 5.45118 398.90766
7118.96948 167.63688 5.82785 5.42691 396.99671
7118.47882 166.97796 5.80307 5.40558 395.28611
7118.06163 166.38706 5.78312 5.38645 394.21916
7117.35693 165.37186 5.75052 5.35358 392.58955
7117.37050 165.39242 5.75121 5.35425 392.60883
7116.67533 164.39826 5.71556 5.32207 390.93575
7116.45107 164.07818 5.70541 5.31170 389.99240
7116.10896 163.61290 5.69059 5.29664 388.25755
7115.54431 162.85667 5.66213 5.27216 386.31122
7115.27597 162.49314 5.64978 5.26039 385.47326
7114.56150 161.49316 5.61697 5.22802 383.54763
7114.39272 161.26617 5.60905 5.22067 383.01287
7113.78659 160.39655 5.57741 5.19252 381.51070
7113.47700 159.96161 5.56153 5.17844 380.72279
7113.28951 159.71174 5.55267 5.17035 380.35238
7112.63061 158.85827 5.52298 5.14272 379.44544
7112.42643 158.58587 5.51390 5.13390 378.96037
7111.70107 157.60522 5.48015 5.10215 376.60995
7111.40008 157.20323 5.46497 5.08914 375.64483
7110.86831 156.43460 5.43889 5.06426 374.52721
7110.55576 156.01493 5.42403 5.05067 373.50351
7110.23679 155.59603 5.40817 5.03711 372.51748
7109.51610 154.61874 5.37668 5.00547 369.69286
7109.51217 154.61509 5.37657 5.00535 369.66157
7108.77259 153.62664 5.34356 4.97336 367.02790
7108.48511 153.24826 5.32879 4.96111 366.04638
7107.86993 152.39148 5.30002 4.93337 364.53848
7107.33457 151.62500 5.27328 4.90856 363.49586
7107.18762 151.40499 5.26518 4.90143 363.24679
7106.51149 150.46935 5.23363 4.87114 361.65614
7106.46975 150.41467 5.23159 4.86937 361.49745
7105.83764 149.54227 5.20000 4.84113 359.83595
7105.78495 149.47233 5.19769 4.83887 359.66940
7105.53681 149.17493 5.18793 4.82924 358.60949
7104.93277 148.50648 5.16407 4.80760 355.52406
7104.19901 147.57012 5.13217 4.77729 352.91026
7103.52747 146.65601 5.09946 4.74770 352.58225
7103.44396 146.55344 5.09597 4.74437 352.35618
7102.72241 145.57345 5.06517 4.71265 349.55225
7102.63851 145.47549 5.06181 4.70948 349.15050
7102.06789 144.72687 5.03595 4.68524 347.49818
7101.72990 144.30976 5.02127 4.67174 346.27703
7101.06552 143.45272 4.99148 4.64399 344.19013
7100.33422 142.40142 4.95447 4.60996 342.90821
7100.35359 142.42614 4.95533 4.61076 342.97808
7099.68077 141.49974 4.92331 4.58077 341.37804
7099.73277 141.57324 4.92588 4.58315 341.47427
7099.12156 140.80906 4.89864 4.55841 339.42549
7098.73090 140.32136 4.88133 4.54262 338.11156
7098.39545 139.89578 4.86659 4.52885 336.97320
7097.84347 139.24015 4.84379 4.50762 334.81781
7097.37426 138.65041 4.82279 4.48853 333.33587
7096.60720 137.64319 4.78745 4.45592 331.34080
7096.96909 138.09022 4.80326 4.47039 332.47359
7096.10061 137.08554 4.76968 4.43787 328.52068
7095.67315 136.57301 4.75434 4.42128 326.54080
7095.02180 135.72529 4.72443 4.39383 325.91426
7094.69250 135.32741 4.71042 4.38095 325.08031
7094.14193 134.60542 4.68624 4.35758 323.51167
7093.64336 133.95515 4.66288 4.33653 322.11735
7093.50534 133.78127 4.65665 4.33090 321.71533
7092.76378 132.85858 4.62494 4.30103 319.40157
7092.64800 132.71648 4.61980 4.29643 319.04408
7091.88566 131.74503 4.58531 4.26498 316.87121
7091.81890 131.67150 4.58273 4.26260 316.61283
7091.19483 130.90471 4.55660 4.23778 314.64952
7090.85958 130.51568 4.54279 4.22518 313.37836
7090.24110 129.75446 4.51576 4.20054 311.46784
7089.75437 129.13462 4.49493 4.18048 310.21046
7089.51127 128.84586 4.48499 4.17113 309.21702
7088.80243 127.97270 4.45725 4.14286 306.39406
7089.00640 128.20802 4.46484 4.15048 307.16278
7088.15844 127.27775 4.43326 4.12036 303.70848
7087.90131 126.98787 4.42285 4.11098 302.78539
7087.04221 125.97647 4.38804 4.07824 300.13891
7086.56956 125.39643 4.36734 4.05946 299.47675
7086.00720 124.63294 4.34091 4.03474 298.56440
7085.98727 124.62668 4.34069 4.03454 298.37810
7085.49296 124.06022 4.32116 4.01620 296.61193
7084.96862 123.45784 4.29998 3.99670 294.91037
7084.52333 122.93370 4.28144 3.97973 293.44248
7083.90796 122.20142 4.25604 3.95603 291.51058
7083.64465 121.89375 4.24483 3.94607 290.67175
7082.85814 120.94540 4.21221 3.91537 288.38894
7082.96009 121.06598 4.21614 3.91927 288.70087
7082.09207 120.07569 4.18128 3.88721 285.87403
7081.95281 119.91916 4.17569 3.88214 285.40542
7081.17956 119.01233 4.14803 3.85279 282.40031
7081.01669 118.83736 4.14237 3.84712 281.80595
7080.22079 117.91383 4.10929 3.81722 279.39588
7079.92303 117.54371 4.09611 3.80524 278.58125
7079.62967 117.20798 4.08432 3.79437 277.68105
7079.23568 116.80089 4.06966 3.78120 276.30299
7078.69066 116.20274 4.04815 3.76183 274.47219
7078.12544 115.58688 4.02880 3.74189 272.59906
7077.68264 115.08749 4.01143 3.72573 271.53219
7077.05873 114.38493 3.98496 3.70298 270.20398
7076.81621 114.10984 3.97617 3.69408 269.52381
7076.11963 113.33360 3.94968 3.66895 267.09874
7075.97651 113.17991 3.94410 3.66397 266.66001
7075.13788 112.25664 3.91061 3.63408 264.09406
7074.95759 112.05631 3.90445 3.62760 263.52353
7074.07389 111.05255 3.87192 3.59510 261.05668
7074.07721 111.05866 3.87213 3.59530 261.06394
7073.20180 110.07474 3.82830 3.56345 258.20916
7073.16597 110.03191 3.82687 3.56206 258.10617
7072.35991 109.15713 3.79354 3.53374 255.69430
7071.92941 108.66530 3.77091 3.51782 254.56431
7071.42946 108.07017 3.74660 3.49856 253.11182
7071.26167 107.91216 3.73800 3.49344 252.58204
7070.67436 107.27487 3.70275 3.47281 250.92947
7070.40386 106.99827 3.68750 3.46385 250.11684
7069.80588 106.39347 3.65459 3.44428 248.42381
7069.26256 105.82530 3.62573 3.42588 246.91231
7068.74075 105.26583 3.59774 3.40777 245.39284
7068.26149 104.76228 3.56998 3.39147 244.22231
7067.91974 104.39270 3.54928 3.37950 243.47024
7067.45283 103.93575 3.52476 3.36471 242.24657
7066.82888 103.29467 3.48958 3.34396 240.50463
7066.29927 102.72715 3.45420 3.32559 239.17380
7065.94953 102.37164 3.43481 3.31408 238.16339
7065.30283 101.70329 3.40783 3.29244 236.58491
7064.94542 101.32035 3.39189 3.28004 235.65093
7064.34466 100.70568 3.36135 3.26014 234.21766
7063.62309 99.93002 3.32372 3.23503 232.46514
7062.88997 99.04559 3.28216 3.20640 230.39126
7063.24658 99.43296 3.29821 3.21894 231.32438
7062.53479 98.73411 3.27644 3.19632 229.73594
7062.52916 98.72493 3.27623 3.19602 229.71441
7061.76451 98.02813 3.24998 3.17346 228.17223
7061.48437 97.76386 3.24007 3.16491 227.59563
7060.67411 97.03158 3.21751 3.14120 226.17657
7059.92112 96.27239 3.19047 3.11663 224.42593
7059.37337 95.68682 3.17711 3.09767 223.14607
7059.17542 95.50504 3.16968 3.09178 222.78045
7058.39397 94.72642 3.14297 3.06658 221.19996
7058.12526 94.43635 3.13752 3.05719 220.57101
7057.56500 93.89697 3.12184 3.03973 219.60501
7057.15043 93.49071 3.10956 3.02657 218.78959
7056.62425 92.97088 3.09999 3.00975 218.19292
7056.41834 92.78680 3.09559 3.00379 218.04026
7055.70895 92.15038 3.07675 2.98318 217.23868
7054.99165 91.45132 3.06171 2.96055 216.07454
7054.31882 90.77397 3.04458 2.93863 214.89014
7054.00799 90.42814 3.03575 2.92743 214.15490
7053.82678 90.26938 3.03225 2.92229 213.98882
7053.23419 89.74545 3.01967 2.90533 213.41733
7052.59882 89.14864 3.00630 2.88601 212.61204
7051.99984 88.56417 2.99399 2.86709 211.81143
7051.64339 88.23438 2.98703 2.85641 211.26664
7050.99490 87.60993 2.97164 2.83620 209.95876
7050.81813 87.45333 2.96813 2.83113 209.77814
7049.98679 86.69998 2.95223 2.80674 209.02165
7049.41708 86.15236 2.93900 2.78901 208.26235
7048.51075 85.22146 2.91686 2.75887 206.67474
7048.06728 84.72961 2.90382 2.74295 205.55660
7047.36495 83.94531 2.88983 2.71756 204.14753
7046.60602 83.04250 2.85042 2.68833 202.33608
7046.06744 82.29658 2.81554 2.66419 199.86393
7045.55211 81.63109 2.79437 2.64264 197.96503
7044.63479 80.26387 2.71480 2.59838 193.26384
7044.10191 79.25566 2.53184 2.56574 189.18894
7044.15993 79.39021 2.54622 2.57010 189.78421
7043.74027 78.73848 2.51362 2.54900 187.53544
7043.15717 77.84075 2.48001 2.51994 184.53841
7042.62768 76.95511 2.45297 2.49127 181.44861
7042.14859 76.01922 2.41963 2.46097 177.82814
7041.82278 75.44750 2.40305 2.44246 176.07197
7041.32795 74.51054 2.37393 2.41213 173.35216
7040.86951 73.47329 2.33937 2.37855 170.19509
7040.56065 72.83634 2.31831 2.35793 168.50155
7040.39660 72.51994 2.30788 2.34769 167.71510
7039.97332 71.58508 2.27721 2.31742 165.74445
7039.58490 70.81417 2.25206 2.29247 164.34348
7039.28477 70.16917 2.23119 2.27159 163.45608
7038.99921 69.46830 2.20856 2.24890 162.84958
7038.67831 68.84863 2.18871 2.22884 162.34782
7038.79297 69.07586 2.19599 2.23619 162.51044
7038.27195 68.13248 2.16589 2.20565 161.97935
7037.90044 67.46947 2.14492 2.18419 161.79920
7038.14608 67.88034 2.15790 2.19749 161.94875
7037.54596 66.98492 2.12933 2.16850 161.49671
7037.96168 67.52501 2.14663 2.18599 161.93141
7037.34119 66.82968 2.12465 2.16348 160.93313
7037.08828 66.52363 2.11558 2.15357 160.47891
7036.78137 66.19934 2.10695 2.14307 159.77287
7036.41524 65.83622 2.09722 2.13132 158.93204
7035.44375 64.82152 2.06563 2.09847 157.07177
7034.83055 64.04708 2.04126 2.07340 156.28569
7034.78834 64.01695 2.04033 2.07242 156.16413
7034.06631 63.23596 2.01565 2.04714 154.89522
7033.34022 62.36250 1.98762 2.01886 154.40333
7032.55537 61.32669 1.95421 1.98533 153.75612
7032.52175 61.28522 1.95287 1.98399 153.71397
7031.72276 60.23207 1.91865 1.94989 153.18707
7031.55279 59.99547 1.91085 1.94223 153.15036
7031.06271 59.36098 1.89006 1.92169 152.81983
7030.65985 58.84828 1.87309 1.90510 152.55309
7030.46226 58.59303 1.86444 1.89683 152.50851
7029.97942 58.02575 1.84607 1.87847 151.94209
7029.68295 57.70276 1.83669 1.86801 151.25828
7028.86076 56.71460 1.80549 1.83602 150.33752
7029.30809 57.21077 1.82213 1.85208 150.85648
7028.40999 56.29713 1.79132 1.82251 149.28083
7029.14003 56.95945 1.81391 1.84395 150.97983
7028.30443 56.28414 1.79088 1.82209 148.60620
7028.49310 56.42104 1.79551 1.82652 149.22520
7027.82457 55.97704 1.78057 1.81214 146.89658
7026.86160 55.28844 1.75738 1.78985 143.97102
7026.29788 54.86016 1.74289 1.77599 142.44379
7025.25888 54.02752 1.71466 1.74903 139.85949
7025.34905 54.09745 1.71704 1.75130 140.08874
7024.28697 53.27519 1.68906 1.72468 137.91007
7023.44870 52.55400 1.66453 1.70133 136.27360
7022.67912 51.83180 1.63988 1.67795 134.89070
7022.35831 51.53310 1.62963 1.66828 134.32365
7021.96348 51.16524 1.61701 1.65637 133.60783
7021.68377 50.94743 1.60955 1.64932 132.97142
7021.23604 50.58237 1.59706 1.63750 132.02732
7020.55524 50.03635 1.57849 1.61983 130.54116
7020.70531 50.15211 1.58242 1.62357 130.88851
7019.74885 49.47422 1.55895 1.60163 128.61590
7020.55689 49.96309 1.57602 1.61746 130.78944
7020.51049 49.92455 1.57470 1.61621 130.69384
7019.74748 49.64542 1.56495 1.60717 128.09919
7018.39532 49.01629 1.54310 1.58680 124.41866
7017.17649 48.31246 1.52166 1.56402 121.50772
7015.98651 47.53009 1.49579 1.53869 119.20823
7016.17181 47.64529 1.49977 1.54242 119.52946
7014.96241 46.88965 1.47364 1.51796 117.33142
7013.83897 46.06488 1.44541 1.49126 115.23662
7013.45884 45.75633 1.43479 1.48127 114.54455
7012.59744 45.12182 1.41300 1.46073 112.95552
7011.88688 44.52873 1.39275 1.44153 111.66546
7010.89734 43.65657 1.36281 1.41329 109.92270
7011.04349 43.78291 1.36714 1.41738 110.17644
7010.21695 43.07996 1.34303 1.39463 108.67045
7011.69142 44.03974 1.37605 1.42570 111.49685
7011.40400 43.91170 1.37160 1.42155 110.90122
7010.30278 43.42901 1.35496 1.40593 108.78263
7009.23063 42.87413 1.33586 1.38796 106.95778
7008.42882 42.41219 1.31986 1.37301 105.59012
7007.36231 41.77573 1.29800 1.35241 103.89071
7007.18345 41.66500 1.29422 1.34882 103.59560
7006.39767 41.18417 1.27773 1.33326 102.43343
7005.82789 40.85693 1.26628 1.32266 101.57124
7006.24007 41.07119 1.27379 1.32960 102.17349
7005.00585 40.49282 1.25379 1.31087 100.48160
7003.76135 39.81072 1.23318 1.28879 98.87383
7003.28854 39.52197 1.22436 1.27944 98.25679
7002.30686 38.92657 1.20383 1.26017 96.84872
7002.14028 38.81845 1.20008 1.25667 96.59254
7001.86147 38.67153 1.19503 1.25191 96.24984
7000.91328 38.18189 1.17839 1.23606 95.14066
7000.60074 38.02042 1.17289 1.23084 94.77353
6999.71157 37.56220 1.15733 1.21600 93.77862
6998.51871 36.88518 1.13429 1.19408 92.28269
6998.76546 37.00884 1.13849 1.19809 92.56107
6998.01122 36.63558 1.12580 1.18600 91.76231
6996.91685 36.07980 1.10702 1.16801 90.64495
6996.68496 35.95153 1.10264 1.16386 90.37757
6995.94398 35.56451 1.08959 1.15133 89.59797
6994.97354 35.07654 1.07301 1.13553 88.64344
6994.15785 34.61922 1.05759 1.12073 87.71628
6993.21563 34.03240 1.03774 1.10173 86.39404
6992.52526 33.60330 1.02330 1.08784 85.44177
6991.98080 33.26161 1.01173 1.07678 84.66755
6991.05084 32.63255 0.99052 1.05641 83.16173
6991.92551 33.12454 1.00707 1.07234 84.20769
6992.16774 33.19806 1.00954 1.07472 84.27259
6992.00907 33.17249 1.00869 1.07389 84.31200
6990.97872 32.93253 1.00074 1.06612 84.40453
6989.67111 32.52750 0.98740 1.05301 84.31121
6988.55244 32.09155 0.97293 1.03890 83.71830
6987.07531 31.42254 0.95039 1.01724 82.76525
6986.14498 30.91469 0.93501 1.00080 81.90772
6985.57607 30.62518 0.92671 0.99143 81.55139
6984.35780 29.90462 0.90393 0.96810 80.08357
6983.95191 29.65642 0.89553 0.96007 79.44770
6983.70622 29.50213 0.89037 0.95507 79.05825
6983.08114 29.18156 0.87983 0.94469 78.46209
6983.22459 29.26200 0.88247 0.94730 78.63139
6983.04799 29.16281 0.87922 0.94409 78.42232
6982.37879 28.96203 0.87278 0.93759 78.48904
6981.20703 28.56431 0.85998 0.92471 78.42009
6980.78249 28.40185 0.85470 0.91945 78.24637
6979.45831 27.88148 0.83776 0.90261 77.64156
6977.94952 27.14683 0.81385 0.87882 76.29940
6977.25528 26.76409 0.80136 0.86643 75.41356
6976.41794 26.28548 0.78570 0.85094 74.22258
6975.34625 25.64101 0.76463 0.83008 72.50528
6976.82617 26.37058 0.78831 0.85369 73.97246
6976.37478 26.17592 0.78202 0.84739 73.68367
6975.62536 25.99124 0.77628 0.84141 73.99288
6974.30090 25.55360 0.76242 0.82725 73.90894
6973.53583 25.26099 0.75310 0.81777 73.62192
6972.36449 24.75747 0.73696 0.80147 72.82498
6971.16515 24.18763 0.71856 0.78303 71.46998
6971.13235 24.16716 0.71789 0.78236 71.40055
6970.53498 23.90142 0.70948 0.77376 70.87965
6969.67230 23.53995 0.69804 0.76206 70.27859
6969.19491 23.34883 0.69190 0.75587 69.97647
6969.63116 23.48131 0.69608 0.76016 69.99264
6969.16529 23.36578 0.69252 0.75642 70.13885
6967.89336 23.07847 0.68377 0.74712 70.70758
6966.33291 22.59205 0.66963 0.73137 70.71560
6965.33325 22.19732 0.65908 0.71859 70.38470
6964.53025 21.84359 0.64944 0.70714 69.85115
6963.56824 21.43803 0.63701 0.69401 69.04351
6963.27603 21.30879 0.63285 0.68983 68.67990
6963.05112 21.22071 0.63004 0.68698 68.44872
6961.83015 20.78484 0.61666 0.67287 67.65933
6960.51804 20.22338 0.59949 0.65469 66.30740
6960.80652 20.34272 0.60312 0.65855 66.58682
6960.11972 20.06544 0.59468 0.64958 65.95605
6959.16630 19.76303 0.58577 0.63979 65.61007
6958.19578 19.38590 0.57439 0.62758 64.74817
6958.47556 19.48481 0.57733 0.63078 64.94532
6957.63873 19.22707 0.56986 0.62244 64.63585
6956.63218 18.94001 0.56170 0.61315 64.40779
6955.52817 18.59952 0.55203 0.60212 63.92364
6956.23571 18.78818 0.55723 0.60823 64.02428
6955.23143 18.56131 0.55125 0.60089 64.18520
6954.01413 18.27330 0.54368 0.59156 64.24027
6952.70392 17.91594 0.53394 0.57999 63.71584
6951.73825 17.62133 0.52600 0.57046 63.17987
6952.93513 17.89223 0.53267 0.57923 63.10383
6952.08414 17.76391 0.53009 0.57507 63.68118
6951.48162 17.68087 0.52856 0.57238 64.14041
6950.94694 17.64734 0.52862 0.57130 64.91789
6949.98097 17.61227 0.52974 0.57016 66.58077
6948.61443 17.52524 0.53028 0.56734 68.78619
6946.96809 17.33763 0.52843 0.56127 70.93766
6946.01016 17.14977 0.52491 0.55519 71.50747
6945.60118 17.11756 0.52499 0.55415 72.23172
6944.48065 17.03295 0.52512 0.55141 74.11567
6942.80791 16.73754 0.52022 0.54184 75.85150
6941.41736 16.35713 0.51161 0.52953 75.94973
6940.30527 15.95840 0.50139 0.51662 75.10694
6939.16797 15.60585 0.49253 0.50521 74.91891
6937.29751 14.74540 0.46836 0.47735 71.88098
6936.45449 14.25648 0.45365 0.46152 69.60284
6935.45303 13.67700 0.43580 0.44277 66.61826
6934.40820 12.97980 0.41647 0.42020 64.01075
0.00000 0.00000 0.00000 0.00000 0.00000
