6885.44272 10.00364 0.24232 0.32385 135.10206
6885.83062 10.04184 0.24428 0.32508 135.16860
6886.44322 10.10430 0.24753 0.32711 135.30124
6887.44372 10.19356 0.25228 0.33000 135.30258
6888.44422 10.29884 0.25775 0.33340 135.48838
6889.44472 10.38962 0.26264 0.33634 135.42844
6890.44522 10.48574 0.26759 0.33945 135.40911
6891.44572 10.60672 0.27336 0.34337 135.68425
6892.44622 10.71451 0.27854 0.34686 135.90083
6893.44672 10.82888 0.28415 0.35056 136.01780
6894.44722 10.95027 0.28999 0.35449 136.19135
6895.08812 11.04603 0.29438 0.35759 136.51907
6895.44772 11.09741 0.29678 0.35926 136.66311
6896.44822 11.24036 0.30341 0.36388 137.03003
6897.44872 11.37221 0.30964 0.36815 137.18022
6898.44922 11.49565 0.31552 0.37215 137.16293
6899.44972 11.62875 0.32175 0.37646 137.23791
6900.45023 11.76457 0.32800 0.38085 137.34466
6901.45073 11.89507 0.33408 0.38508 137.44117
6902.35592 12.05021 0.34102 0.39010 137.86285
6902.45123 12.06648 0.34175 0.39063 137.90118
6903.45173 12.23175 0.34939 0.39598 138.26895
6904.45223 12.39499 0.35683 0.40126 138.47803
6905.45273 12.55876 0.36424 0.40656 138.62385
6906.45323 12.72180 0.37128 0.41184 138.58529
6907.45373 12.87730 0.37782 0.41688 138.29902
6908.29770 13.05439 0.38460 0.42261 138.46438
6908.45423 13.09076 0.38607 0.42379 138.56937
6909.45473 13.30307 0.39398 0.43066 138.66646
6910.45523 13.48032 0.40110 0.43640 138.70158
6911.45573 13.68278 0.40940 0.44295 138.79888
6912.45623 13.91060 0.41910 0.45033 139.36282
6913.05103 14.05858 0.42537 0.45512 139.82929
6913.45673 14.15737 0.42954 0.45832 140.10903
6914.45723 14.36435 0.43852 0.46502 140.25409
6915.45773 14.57373 0.44739 0.47180 140.32315
6916.45823 14.78392 0.45609 0.47860 140.29699
6917.45873 15.03071 0.46594 0.48659 140.65722
6917.58091 15.06276 0.46720 0.48763 140.71661
6918.45923 15.28244 0.47580 0.49474 141.23556
6919.45973 15.51450 0.48524 0.50225 141.37894
6920.46023 15.74718 0.49498 0.50978 141.36245
6921.46073 16.01136 0.50599 0.51834 141.67280
6921.65292 16.06695 0.50824 0.52014 141.78636
6922.46123 16.28075 0.51685 0.52706 141.98560
6923.46173 16.54328 0.52701 0.53556 142.14182
6924.46223 16.82091 0.53793 0.54454 142.43084
6925.34522 17.07113 0.54730 0.55264 142.69982
6925.46273 17.10540 0.54858 0.55375 142.74634
6926.46323 17.38508 0.55910 0.56281 142.94977
6927.46373 17.62645 0.56820 0.57062 142.75067
6928.46423 17.87988 0.57751 0.57883 142.73155
6929.14531 18.07531 0.58452 0.58515 142.83891
6929.46473 18.17726 0.58813 0.58845 143.03820
6930.46523 18.49818 0.59910 0.59884 143.64132
6931.46573 18.78504 0.60864 0.60813 143.75708
6932.42411 19.07950 0.61810 0.61766 144.10476
6932.46623 19.09323 0.61856 0.61811 144.13037
6933.46673 19.38569 0.62795 0.62757 144.26014
6934.46723 19.65751 0.63613 0.63637 144.08825
6935.46773 19.97643 0.64491 0.64670 144.50847
6935.82410 20.08368 0.64774 0.65017 144.70716
6936.46823 20.26332 0.65218 0.65598 144.93122
6937.46873 20.54496 0.65970 0.66510 144.78974
6938.46923 20.81354 0.66716 0.67380 144.45151
6939.31740 21.08787 0.67405 0.68268 144.82090
6939.46973 21.14397 0.67548 0.68449 144.98055
6940.47024 21.46516 0.68289 0.69489 145.43127
6941.47074 21.75834 0.69016 0.70438 145.32996
6942.47124 22.08120 0.69807 0.71483 145.27469
6942.50183 22.09205 0.69833 0.71519 145.28876
6943.47174 22.45498 0.70611 0.72694 145.51107
6944.47224 22.81106 0.71328 0.73846 145.71870
6945.24241 23.09623 0.72012 0.74769 146.58549
6945.47274 23.17097 0.72226 0.75011 146.78857
6946.47324 23.47149 0.73055 0.75984 146.77563
6947.47374 23.76148 0.73810 0.76923 146.43594
6948.47424 24.07157 0.74510 0.77927 146.26247
6948.55134 24.10042 0.74586 0.78020 146.31714
6949.47474 24.43152 0.75497 0.79092 146.75622
6950.47524 24.76481 0.76446 0.80171 146.84922
6951.40988 25.10460 0.77406 0.81271 147.26517
6951.47574 25.13179 0.77482 0.81359 147.33643
6952.47624 25.49158 0.78447 0.82524 147.69098
6953.47674 25.83070 0.79413 0.83622 147.77598
6954.32392 26.10879 0.80261 0.84522 148.05023
6954.47724 26.16093 0.80418 0.84691 148.03806
6955.47774 26.52697 0.81473 0.85876 148.27116
6956.47824 26.88918 0.82489 0.87048 148.44644
6957.01006 27.11297 0.83159 0.87773 148.92753
6957.47874 27.29803 0.83748 0.88372 149.17437
6958.47924 27.65372 0.84837 0.89523 149.15258
6959.47974 28.02560 0.85925 0.90727 149.27984
6959.70947 28.11715 0.86189 0.91024 149.38408
6960.48024 28.43049 0.87143 0.92038 149.79823
6961.48074 28.79823 0.88302 0.93229 149.78214
6962.29450 29.12134 0.89314 0.94275 149.96513
6962.48124 29.20098 0.89558 0.94532 150.12191
6963.48174 29.55376 0.90614 0.95674 150.32313
6964.48224 29.94778 0.91860 0.96950 150.52762
6964.88559 30.12552 0.92437 0.97525 150.85999
6965.48274 30.40779 0.93316 0.98439 151.39800
6966.48324 30.84929 0.94517 0.99868 151.36082
6967.08225 31.12971 0.95262 1.00776 151.44951
6967.48374 31.31253 0.95796 1.01368 151.59322
6968.48424 31.71975 0.97113 1.02686 151.69690
6969.44735 32.13389 0.98463 1.04027 152.11845
6969.48474 32.15166 0.98517 1.04085 152.14871
6970.48524 32.59668 0.99898 1.05525 152.55497
6971.48574 32.99758 1.01193 1.06823 152.75084
6971.79650 33.13808 1.01662 1.07278 153.09304
6972.48624 33.43307 1.02616 1.08233 153.18439
6973.48674 33.85992 1.03959 1.09615 153.26114
6974.07980 34.14226 1.04866 1.10529 153.63152
6974.48724 34.34611 1.05548 1.11189 153.99709
6975.48774 34.76831 1.06943 1.12555 153.90503
6976.32419 35.14644 1.08155 1.13780 154.09912
6976.48824 35.22965 1.08415 1.14049 154.23552
6977.48874 35.71303 1.09996 1.15614 154.76875
6978.39697 36.15063 1.11454 1.17030 155.18844
6978.48924 36.19825 1.11613 1.17185 155.26611
6979.48974 36.66393 1.13116 1.18692 155.47277
6980.49025 37.11386 1.14585 1.20149 155.62151
6980.57750 37.15481 1.14721 1.20281 155.70127
6981.49075 37.56386 1.16089 1.21605 155.92607
6982.49125 38.03623 1.17603 1.23135 156.03944
6982.72908 38.15900 1.18013 1.23532 156.17976
6983.49175 38.55008 1.19325 1.24798 156.56517
6984.49225 39.03631 1.20982 1.26372 156.80283
6984.73412 39.16318 1.21425 1.26783 157.02017
6985.49275 39.59985 1.22844 1.28197 157.78094
6986.49325 40.15121 1.24444 1.29982 157.80492
6986.52121 40.16736 1.24493 1.30034 157.81687
6987.49375 40.66617 1.26034 1.31649 157.74931
6988.42905 41.17155 1.27737 1.33285 158.33297
6988.49425 41.20941 1.27871 1.33407 158.40545
6989.49475 41.67890 1.29473 1.34927 158.70576
6990.43302 42.17573 1.31130 1.36535 159.00417
6990.49525 42.21270 1.31253 1.36655 159.07007
6991.49575 42.74719 1.33056 1.38385 159.42131
6992.31541 43.17992 1.34540 1.39786 159.60872
6992.49625 43.28114 1.34885 1.40114 159.70480
6993.49675 43.81793 1.36684 1.41852 159.96275
6994.15670 44.18410 1.37943 1.43037 160.23345
6994.49725 44.38267 1.38623 1.43680 160.46523
6995.49775 44.92035 1.40452 1.45421 160.62705
6995.95774 45.18828 1.41354 1.46288 160.89100
6996.49825 45.51385 1.42467 1.47342 161.31987
6997.49875 46.09274 1.44462 1.49216 161.78413
6997.69210 46.19247 1.44804 1.49539 161.73665
6998.49925 46.61532 1.46243 1.50908 162.10600
6999.49975 47.16085 1.48090 1.52674 162.20745
6999.55746 47.19665 1.48213 1.52790 162.25382
7000.50025 47.76341 1.50163 1.54624 162.92390
7001.22183 48.20084 1.51605 1.56041 163.12395
7001.50075 48.39864 1.52213 1.56681 163.33336
7002.50125 49.01657 1.54002 1.58681 163.26324
7002.77777 49.20502 1.54640 1.59291 163.56875
7003.50175 49.67526 1.56395 1.60814 164.31336
7004.39179 50.20921 1.58225 1.62542 164.60257
7004.50225 50.27908 1.58481 1.62768 164.66786
7005.50275 50.84933 1.60511 1.64615 164.64320
7006.10786 51.21339 1.61710 1.65793 164.75190
7006.50325 51.47057 1.62549 1.66626 165.14085
7007.50375 52.05334 1.64547 1.68512 165.71640
7007.75572 52.21757 1.65115 1.69044 165.85855
7008.50425 52.70272 1.66804 1.70615 166.28574
7009.41223 53.22176 1.68558 1.72295 166.10175
7009.50475 53.28060 1.68754 1.72485 166.13954
7010.50525 53.96734 1.71175 1.74708 167.03128
7010.90045 54.22594 1.72022 1.75546 167.23723
7011.50575 54.61010 1.73315 1.76789 167.43570
7012.50625 55.19987 1.75372 1.78699 167.26561
7012.54827 55.23013 1.75479 1.78796 167.31023
7013.50675 55.91154 1.77870 1.81002 168.23117
7014.00341 56.23431 1.78960 1.82047 168.38293
7014.50725 56.59383 1.80185 1.83211 168.88204
7015.48817 57.23849 1.82409 1.85298 169.19911
7015.50775 57.25345 1.82457 1.85347 169.22243
7016.50825 57.93996 1.84452 1.87569 169.64244
7016.87511 58.24268 1.85448 1.88549 170.10286
7017.50875 58.69688 1.87057 1.90019 170.60733
7018.38528 59.24686 1.88903 1.91800 170.59427
7018.50925 59.33772 1.89219 1.92094 170.69874
7019.50975 60.03025 1.91566 1.94336 171.17297
7019.81672 60.25105 1.92292 1.95051 171.38948
7020.51026 60.73891 1.93981 1.96630 171.75744
7021.27450 61.25523 1.95773 1.98302 171.94409
7021.51076 61.43128 1.96386 1.98871 172.14245
7022.51126 62.13089 1.98703 2.01136 172.54948
7022.68345 62.25941 1.99155 2.01552 172.68589
7023.51176 62.89431 2.01256 2.03608 173.47329
7024.04733 63.26360 2.02427 2.04803 173.57656
7024.51226 63.59894 2.03571 2.05889 174.13071
7025.48994 64.26778 2.05853 2.08054 174.58204
7025.51276 64.28392 2.05907 2.08106 174.58486
7026.51326 64.99463 2.08178 2.10407 174.89415
7026.88071 65.27197 2.09177 2.11305 175.19587
7027.51376 65.80008 2.10874 2.13015 175.99407
7028.11318 66.27615 2.12100 2.14556 176.09565
7028.51426 66.60847 2.13112 2.15632 176.25375
7029.37469 67.28033 2.15264 2.17807 176.95891
7029.51476 67.38993 2.15596 2.18161 177.09202
7030.51526 68.13917 2.18014 2.20587 177.57439
7030.70358 68.28452 2.18501 2.21057 177.71064
7031.51576 68.90936 2.20400 2.23080 178.21622
7032.01456 69.28870 2.21472 2.24308 178.50257
7032.51626 69.71007 2.23041 2.25672 179.09116
7033.25603 70.29289 2.24677 2.27559 179.59346
7033.51676 70.50436 2.25230 2.28244 179.96395
7034.51726 71.22659 2.27744 2.30582 180.60900
7034.60168 71.29707 2.27963 2.30810 180.68712
7035.51776 72.03471 2.30090 2.33198 181.38512
7035.85566 72.30126 2.31002 2.34061 181.59883
7036.51826 72.83285 2.32755 2.35782 182.10259
7037.12673 73.30544 2.34133 2.37312 182.45513
7037.51876 73.62235 2.35030 2.38338 182.72931
7038.34422 74.30962 2.37521 2.40563 183.50494
7038.51926 74.46518 2.37928 2.41066 183.76984
7039.51976 75.29073 2.40377 2.43739 184.31680
7039.54514 75.31381 2.40465 2.43813 184.32926
7040.52026 76.17057 2.42744 2.46587 185.08608
7040.68335 76.31799 2.43213 2.47064 185.31430
7041.52076 77.04876 2.46218 2.49430 186.26301
7041.88688 77.32218 2.46934 2.50315 186.42288
7042.52126 77.81092 2.48421 2.51897 187.06990
7043.11536 78.32636 2.50605 2.53566 187.75972
7043.52176 78.68009 2.51486 2.54711 188.14173
7044.29871 79.33054 2.53568 2.56817 188.78527
7044.52226 79.52957 2.56092 2.57461 189.04568
7045.46524 80.33473 2.72115 2.60068 189.93673
7045.52276 80.38923 2.73117 2.60244 190.01994
7046.52326 81.27302 2.78263 2.63105 191.17068
7046.59540 81.33891 2.78136 2.63318 191.27113
7047.52376 82.16486 2.78686 2.65992 192.42411
7047.73135 82.34310 2.79544 2.66569 192.65355
7048.52426 83.03275 2.82809 2.68802 193.68251
7048.87225 83.34728 2.83609 2.69820 194.19626
7049.52476 84.02764 2.85450 2.72023 195.31072
7049.83938 84.35146 2.86113 2.73071 195.84348
7050.52526 84.98150 2.87368 2.75111 197.05537
7050.95905 85.35565 2.88499 2.76322 197.77403
7051.52576 85.82650 2.89570 2.77846 198.78901
7052.14279 86.35983 2.90791 2.79573 199.94150
7052.52626 86.72264 2.91768 2.80747 200.74227
7053.21631 87.36402 2.93121 2.82824 202.28207
7053.52676 87.66457 2.93931 2.83797 203.02229
7054.26389 88.36820 2.95823 2.86074 204.82504
7054.52726 88.60381 2.96393 2.86837 205.45694
7055.34207 89.37238 2.98610 2.89325 207.57359
7055.52776 89.55903 2.99111 2.89929 208.10282
7056.40647 90.37657 3.01424 2.92576 210.60061
7056.52826 90.49729 3.01837 2.92967 210.93234
7057.43890 91.38075 3.04567 2.95827 213.63096
7057.52876 91.46377 3.04835 2.96096 213.90827
7058.47362 92.38494 3.08067 2.99078 216.83088
7058.52926 92.44438 3.08256 2.99270 217.00795
7059.43233 93.38912 3.11087 3.02329 220.08398
7059.52976 93.48744 3.11417 3.02647 220.39902
7060.53027 94.38374 3.14749 3.05548 223.56978
7060.53987 94.39331 3.14786 3.05579 223.60813
7061.51310 95.39749 3.18144 3.08830 226.92989
7061.53077 95.41565 3.18211 3.08889 226.98806
7062.53127 96.37491 3.22053 3.11994 230.72473
7062.55762 96.40167 3.22149 3.12081 230.82602
7063.53177 97.38546 3.26293 3.15266 234.44383
7063.55248 97.40586 3.26389 3.15332 234.52513
7064.53227 98.40259 3.31225 3.18559 238.29320
7064.53965 98.41004 3.31264 3.18583 238.32124
7065.53277 99.38692 3.35994 3.21745 242.41394
7065.55944 99.41423 3.36122 3.21834 242.52169
7066.52815 100.41841 3.41211 3.25085 246.32060
7066.53327 100.42423 3.41239 3.25103 246.33761
7067.45868 101.42259 3.46186 3.28335 250.01527
7067.53377 101.50488 3.46592 3.28602 250.39722
7068.38857 102.42678 3.50903 3.31586 253.53411
7068.53427 102.56108 3.51579 3.32021 253.98414
7069.39399 103.43096 3.56692 3.34837 257.34205
7069.53477 103.58902 3.57731 3.35349 257.89793
7070.34327 104.43515 3.62531 3.38088 261.28969
7070.53527 104.62876 3.63316 3.38715 262.18231
7071.28021 105.43933 3.67183 3.41339 264.99979
7071.53577 105.69659 3.68603 3.42172 266.20500
7072.22682 106.44351 3.71117 3.44590 268.96665
7072.53627 106.78833 3.72210 3.45706 270.14083
7073.15376 107.44770 3.74829 3.47840 272.77951
7073.53677 107.87187 3.76331 3.49214 274.37836
7074.05253 108.45188 3.78271 3.51091 276.30400
7074.53727 108.96126 3.79991 3.52740 278.42202
7074.98437 109.45607 3.81850 3.54342 280.22360
7075.53777 110.06314 3.83808 3.56307 282.69015
7075.90427 110.46025 3.84960 3.57593 284.15274
7076.53827 111.23113 3.87648 3.60089 287.16526
7076.73824 111.46444 3.88509 3.60844 288.06911
7077.53877 112.30665 3.91518 3.63570 290.83441
7077.69158 112.46862 3.92063 3.64095 291.28223
7078.53927 113.38592 3.95172 3.67064 294.45525
7078.61723 113.47280 3.95474 3.67346 294.80930
7079.51386 114.47699 3.99021 3.70596 298.54631
7079.53977 114.50616 3.99124 3.70691 298.64892
7080.40166 115.48117 4.02623 3.73847 302.09800
7080.54027 115.63439 4.03170 3.74343 302.71197
7081.26461 116.48536 4.06123 3.77098 305.33757
7081.54077 116.78435 4.07149 3.78066 306.69061
7082.16415 117.48954 4.09592 3.80349 309.29641
7082.54127 117.92416 4.11114 3.81756 310.82242
7083.03612 118.49372 4.13142 3.83600 312.79213
7083.54177 119.12657 4.15239 3.85648 314.57735
7083.83493 119.49791 4.16355 3.86851 315.98189
7084.54227 120.31578 4.19124 3.89498 319.21253
7084.69790 120.50209 4.19790 3.90101 319.69903
7085.52987 121.50628 4.23294 3.93352 322.49351
7085.54277 121.52101 4.23345 3.93400 322.54882
7086.37077 122.51046 4.26796 3.96603 325.69737
7086.54327 122.71071 4.27493 3.97251 326.03242
7087.29011 123.51464 4.30281 3.99854 328.23720
7087.54377 123.77536 4.31198 4.00698 329.73708
7088.16631 124.51883 4.33795 4.03105 332.18607
7088.54427 124.97257 4.35377 4.04574 333.60777
7089.00053 125.52301 4.37290 4.06356 335.33592
7089.54477 126.16620 4.39558 4.08438 337.53411
7089.85546 126.52720 4.40824 4.09606 338.91872
7090.54527 127.32844 4.43590 4.12200 341.95524
7090.71258 127.53138 4.44316 4.12857 342.55089
7091.49151 128.53556 4.47561 4.16108 345.50712
7091.54577 128.60247 4.47754 4.16325 345.90846
7092.22766 129.53975 4.50978 4.19359 347.39028
7092.54627 129.92834 4.52347 4.20617 348.49661
7093.04118 130.54393 4.54470 4.22610 350.31129
7093.54677 131.14604 4.56577 4.24559 352.46519
7093.87431 131.54812 4.57956 4.25861 353.60163
7094.54727 132.37627 4.60818 4.28542 356.41011
7094.70457 132.55230 4.61434 4.29112 357.25946
7095.54777 133.52460 4.64874 4.32259 359.34179
7095.57404 133.55649 4.64987 4.32362 359.38135
7096.37406 134.56067 4.68540 4.35613 361.94709
7096.54827 134.77777 4.69302 4.36316 362.62307
7097.15556 135.56485 4.72032 4.38864 364.53803
7097.54877 136.04844 4.73748 4.40430 365.95560
7097.95677 136.56904 4.75530 4.42115 367.29634
7098.54927 137.37900 4.77955 4.44737 370.10919
7098.69045 137.57322 4.78608 4.45366 370.54904
7099.48212 138.57741 4.82239 4.48617 373.15805
7099.54977 138.66139 4.82531 4.48889 373.44342
7100.23335 139.58159 4.85702 4.51867 375.22504
7100.55028 139.97389 4.87059 4.53137 376.52938
7101.02498 140.58577 4.89190 4.55118 378.15511
7101.55078 141.22760 4.91440 4.57196 380.46364
7101.83384 141.58996 4.92718 4.58369 381.48319
7102.55128 142.53530 4.96058 4.61430 383.73351
7102.59864 142.59414 4.96263 4.61620 383.92544
7103.34658 143.59833 4.99766 4.64871 385.99945
7103.55178 143.85605 5.00665 4.65705 386.39941
7104.16717 144.60251 5.03248 4.68122 387.41728
7104.55228 145.05584 5.04856 4.69589 389.24509
7104.96740 145.60669 5.06825 4.71373 390.66271
7105.55278 146.43918 5.09387 4.74068 393.04691
7105.67410 146.61088 5.09930 4.74623 393.51125
7106.42680 147.61506 5.13462 4.77874 395.81284
7106.55328 147.77509 5.14021 4.78392 396.36117
7107.17903 148.61925 5.16937 4.81125 398.17803
7107.55378 149.11127 5.18697 4.82718 399.59231
7107.93122 149.62343 5.20501 4.84376 400.67507
7108.55428 150.42958 5.23321 4.86986 403.09777
7108.70428 150.62762 5.24032 4.87627 403.63519
7109.43276 151.63180 5.27520 4.90878 405.45543
7109.55478 151.79003 5.28064 4.91390 405.93437
7110.16923 152.63598 5.31049 4.94128 407.57796
7110.55528 153.15017 5.32827 4.95793 408.92656
7110.92071 153.64017 5.34549 4.97379 410.10865
7111.55578 154.50271 5.37503 5.00172 412.38533
7111.65574 154.64435 5.37929 5.00630 412.92396
7112.31367 155.64854 5.41229 5.03881 414.56801
7112.55628 155.96150 5.42336 5.04894 415.30083
7113.11003 156.65272 5.44717 5.07132 416.30507
7113.55678 157.20316 5.46612 5.08914 417.62910
7113.88720 157.65690 5.48223 5.10383 418.71560
7114.55728 158.54825 5.51410 5.13268 421.35312
7114.64116 158.66109 5.51802 5.13634 421.64247
7115.34859 159.66527 5.55291 5.16884 423.33406
7115.55778 159.94167 5.56271 5.17779 424.13017
7116.06650 160.66946 5.58799 5.20135 425.23968
7116.55828 161.31665 5.61068 5.22230 427.21940
7116.82274 161.67364 5.62317 5.23386 428.13669
7117.54416 162.67782 5.65808 5.26637 430.32123
7117.55878 162.69853 5.65881 5.26704 430.35332
7118.22497 163.68201 5.69248 5.29888 431.68647
7118.55928 164.17234 5.70718 5.31475 433.37156
7118.88065 164.68619 5.72462 5.33139 433.69510
7119.55978 165.60631 5.75756 5.36117 435.98241
7119.62239 165.69038 5.76052 5.36389 436.22713
7120.30408 166.69456 5.79605 5.39640 437.42065
7120.56028 167.04949 5.80832 5.40789 438.36019
7121.04224 167.69874 5.83064 5.42891 440.21858
7121.56078 168.35388 5.85363 5.45012 441.15334
7121.82105 168.70293 5.86560 5.46142 441.39963
7122.56128 169.68479 5.90102 5.49321 444.34438
7122.57749 169.70711 5.90183 5.49393 444.41028
7123.24915 170.71130 5.93534 5.52644 445.53610
7123.56178 171.14688 5.95085 5.54054 446.54538
7123.96264 171.71548 5.97111 5.55895 447.49501
7124.56228 172.62229 5.99862 5.58830 449.78067
7124.62506 172.71967 6.00189 5.59145 450.00994
7125.30986 173.72385 6.03797 5.62396 451.51595
7125.56278 174.06254 6.04930 5.63493 452.64653
7126.00165 174.72803 6.07318 5.65647 453.22452
7126.56328 175.53091 6.10118 5.68246 454.77913
7126.70814 175.73222 6.10813 5.68898 455.24662
7127.39394 176.73640 6.14341 5.72149 456.78677
7127.56378 176.97240 6.15163 5.72913 457.35047
7128.07917 177.74059 6.17829 5.75400 458.30875
7128.56428 178.41335 6.20175 5.77578 460.01872
7128.79221 178.74477 6.21396 5.78650 460.57071
7129.49375 179.74895 6.24846 5.81901 462.48341
7129.56478 179.84396 6.25177 5.82209 462.83101
7130.19052 180.75314 6.28570 5.85152 464.45090
7130.56528 181.31621 6.30360 5.86975 464.43712
7130.86700 181.75732 6.31711 5.88403 465.05393
7131.56578 182.69218 6.35115 5.91429 467.70483
7131.61235 182.76151 6.35311 5.91654 467.84399
7132.26907 183.76569 6.38726 5.94905 468.95049
7132.56628 184.17882 6.40353 5.96242 469.87523
7132.96080 184.76987 6.42135 5.98156 470.62733
7133.56678 185.62745 6.45113 6.00932 472.50536
7133.67150 185.77406 6.45629 6.01406 472.85609
7134.33626 186.77824 6.49206 6.04657 474.02478
7134.56728 187.10602 6.50114 6.05718 474.76692
7135.00554 187.78243 6.52531 6.07908 475.23270
7135.56778 188.59619 6.55361 6.10542 476.80277
7135.69901 188.78661 6.55761 6.11159 477.15009
7136.36205 189.79079 6.59233 6.14410 478.35387
7136.56828 190.10383 6.60132 6.15423 479.34135
7136.97940 190.79498 6.61768 6.17661 479.96242
7137.56878 191.64662 6.64727 6.20418 481.30980
7137.67626 191.79916 6.65217 6.20911 481.63042
7138.35004 192.80335 6.68371 6.24162 483.31221
7138.56928 193.10238 6.69250 6.25130 484.21967
7139.07490 193.80753 6.71576 6.27413 484.87297
7139.56978 194.46152 6.73614 6.29530 485.59418
7139.81156 194.81172 6.74533 6.30664 486.06588
7140.49250 195.81590 6.77876 6.33915 487.80045
7140.57029 195.92192 6.78213 6.34258 488.11495
7141.16553 196.82008 6.80770 6.37166 489.12988
7141.57079 197.40258 6.82770 6.39051 490.31372
7141.85626 197.82427 6.84093 6.40417 490.82981
7142.47891 198.82845 6.86894 6.43667 492.30125
7142.57129 198.95419 6.87304 6.44074 492.88250
7143.12241 199.83264 6.90050 6.46918 493.20594
7143.57179 200.49039 6.92150 6.49048 494.33456
7143.81286 200.83682 6.93295 6.50169 495.02132
7144.47102 201.84100 6.96448 6.53420 496.00194
7144.57229 201.98601 6.96909 6.53889 496.29194
7145.15398 202.84519 6.99635 6.56671 497.61683
7145.57279 203.40728 7.01506 6.58490 499.39925
7145.86193 203.84937 7.02876 6.59922 499.75944
7146.52461 204.85356 7.06073 6.63172 500.84442
7146.57329 204.92231 7.06300 6.63395 500.99519
7147.18110 205.85774 7.09217 6.66423 501.71957
7147.57379 206.41086 7.11039 6.68214 503.26605
7147.91095 206.86192 7.12585 6.69674 504.50175
7148.57429 207.81903 7.15370 6.72773 505.22488
7148.60411 207.86611 7.15497 6.72925 505.24702
7149.24039 208.87029 7.18510 6.76176 505.62192
7149.57479 209.32558 7.19988 6.77650 507.00472
7149.93900 209.87448 7.21738 6.79427 507.62490
7150.57529 210.80724 7.24718 6.82446 509.01929
7150.62611 210.87866 7.24948 6.82677 509.17842
7151.28706 211.88285 7.28134 6.85928 510.13493
7151.57579 212.28547 7.29448 6.87232 511.08784
7151.97836 212.88703 7.31368 6.89179 511.82886
7152.57629 213.73586 7.34114 6.91927 513.53265
7152.68286 213.89121 7.34616 6.92430 513.80750
7153.32914 214.89540 7.37776 6.95681 514.36744
7153.57679 215.24652 7.38907 6.96818 515.01997
7154.01281 215.89958 7.41003 6.98932 515.78518
7154.57729 216.79077 7.43557 7.01817 517.62040
7154.64801 216.90377 7.43904 7.02183 517.68264
7155.31729 217.90795 7.47141 7.05433 518.51921
7155.57779 218.27662 7.48324 7.06627 519.29908
7156.00136 218.91213 7.50363 7.08684 520.14100
7156.57829 219.69621 7.52933 7.11223 521.84456
7156.74387 219.91632 7.53633 7.11935 522.00681
7157.45881 220.92050 7.56778 7.15186 522.31560
7157.57879 221.08101 7.57312 7.15706 522.76221
7158.13481 221.92469 7.60012 7.18437 523.63122
7158.57929 222.57173 7.62091 7.20531 524.55334
7158.81547 222.92887 7.63229 7.21688 524.85449
7159.52638 223.93305 7.66496 7.24938 526.77894
7159.57979 224.00635 7.66734 7.25176 526.96076
7160.19068 224.93724 7.69709 7.28189 527.45813
7160.58029 225.54525 7.71489 7.30158 528.54299
7160.82219 225.94142 7.72619 7.31440 529.09774
7161.50745 226.94561 7.75846 7.34691 530.25670
7161.58079 227.04703 7.76178 7.35019 530.47836
7162.18550 227.94979 7.79058 7.37942 531.36167
7162.58129 228.51555 7.80889 7.39773 532.30529
7162.86979 228.95397 7.82285 7.41193 532.55411
7163.57825 229.95816 7.85546 7.44444 534.21077
7163.58179 229.96291 7.85562 7.44459 534.22287
7164.23695 230.96234 7.88725 7.47694 534.79730
7164.58229 231.45732 7.90319 7.49297 535.45624
7164.93040 231.96653 7.91953 7.50945 536.02982
7165.58279 232.88830 7.94954 7.53929 537.76701
7165.64613 232.97071 7.95228 7.54196 537.90465
7166.37297 233.97490 7.98265 7.57447 538.49403
7166.58329 234.24394 7.99053 7.58318 539.55093
7167.04334 234.97908 8.01312 7.60698 539.70294
7167.58379 235.75352 8.03831 7.63205 540.81276
7167.74588 235.98326 8.04566 7.63949 541.15430
7168.42085 236.98745 8.07761 7.67199 541.83991
7168.58429 237.21070 8.08491 7.67922 542.31237
7169.12051 237.99163 8.10990 7.70450 543.08636
7169.58479 238.64127 8.13105 7.72553 544.17352
7169.82440 238.99582 8.14235 7.73701 544.43965
7170.51971 240.00000 8.17457 7.76952 545.52173
