7180.59030 239.33661 8.08208 7.74804 858.37333
7180.33172 238.99582 8.07148 7.73701 857.62142
7179.64484 237.99163 8.03717 7.70450 857.88924
7179.58979 237.91557 8.03489 7.70204 857.81389
7178.93319 236.98745 8.00124 7.67199 857.27815
7178.58929 236.50792 7.98607 7.65647 856.88208
7178.21252 235.98326 7.97068 7.63949 856.40619
7177.58879 235.12422 7.94162 7.61168 855.19641
7177.48185 234.97908 7.93654 7.60698 855.05398
7176.84781 233.97490 7.90405 7.57447 855.71919
7176.58829 233.59629 7.89592 7.56221 854.53794
7176.16441 232.97071 7.87029 7.54196 854.80802
7175.58779 232.13386 7.84282 7.51487 854.60353
7175.46000 231.96653 7.83937 7.50945 853.98828
7174.72202 230.96234 7.80215 7.47694 853.60232
7174.58729 230.78737 7.79592 7.47128 853.71452
7173.99004 229.95816 7.76772 7.44444 854.62544
7173.58679 229.41868 7.75128 7.42697 853.16113
7173.25899 228.95397 7.73456 7.41193 852.66062
7172.59526 227.94979 7.70062 7.37942 853.44176
7172.58629 227.93711 7.70025 7.37901 853.43042
7171.91479 226.94561 7.66298 7.34691 853.48429
7171.58579 226.47837 7.64762 7.33178 853.23398
7171.19624 225.94142 7.63308 7.31440 852.24076
7170.58529 224.99831 7.60615 7.28387 850.68014
7170.54522 224.93724 7.60386 7.28189 850.67614
7169.87342 223.93305 7.56737 7.24938 851.17646
7169.58479 223.52704 7.55694 7.23624 850.65579
7169.16784 222.92887 7.53330 7.21688 850.21334
7168.58429 222.04948 7.50390 7.18841 850.64894
7168.49373 221.92469 7.50086 7.18437 850.40316
7167.79422 220.92050 7.46427 7.15186 849.64185
7167.58379 220.62238 7.45447 7.14221 849.32626
7167.12325 219.91632 7.43042 7.11935 849.78184
7166.58329 219.11991 7.40451 7.09357 849.62793
7166.41629 218.91213 7.39698 7.08684 849.07080
7165.66275 217.90795 7.36179 7.05433 849.66996
7165.58279 217.80513 7.35960 7.05101 849.36060
7164.94781 216.90377 7.32813 7.02183 848.26271
7164.58229 216.32372 7.31053 7.00305 847.65110
7164.32267 215.89958 7.29828 6.98932 847.43235
7163.65654 214.89540 7.26437 6.95681 847.80394
7163.58179 214.79846 7.26111 6.95367 847.39981
7162.95605 213.89121 7.22986 6.92430 846.73449
7162.58129 213.33137 7.21250 6.90618 846.78478
7162.26741 212.88703 7.19633 6.89179 846.18084
7161.58522 211.88285 7.16171 6.85928 845.77947
7161.58079 211.87680 7.16155 6.85909 845.76450
7160.90620 210.87866 7.12954 6.82677 845.53235
7160.58029 210.41992 7.11249 6.81192 844.75544
7160.19928 209.87448 7.09471 6.79427 844.19300
7159.57979 208.95255 7.06570 6.76442 844.08169
7159.52103 208.87029 7.06249 6.76176 843.98278
7158.88894 207.86611 7.02659 6.72925 844.32654
7158.57929 207.38693 7.01509 6.71374 843.23940
7158.23534 206.86192 6.99749 6.69674 843.43112
7157.57879 205.89990 6.96242 6.66560 842.59337
7157.54487 205.85774 6.96139 6.66423 842.38639
7156.78699 204.85356 6.93204 6.63172 841.84698
7156.57829 204.60471 6.92192 6.62367 841.28449
7156.06992 203.84937 6.89209 6.59922 841.67059
7155.57779 203.10596 6.87026 6.57515 841.52991
7155.39154 202.84519 6.86236 6.56671 841.05292
7154.72888 201.84100 6.82455 6.53420 841.51457
7154.57729 201.62836 6.81767 6.52731 841.11064
7154.03735 200.83682 6.79380 6.50169 840.64244
7153.57679 200.20726 6.77209 6.48131 839.00625
7153.31498 199.83264 6.75923 6.46918 838.49863
7152.68409 198.82845 6.72635 6.43667 839.58370
7152.57629 198.66581 6.72248 6.43141 839.00006
7152.05044 197.82427 6.69443 6.40417 838.59803
7151.57579 197.13769 6.67107 6.38194 838.28135
7151.34976 196.82008 6.66374 6.37166 837.66411
7150.67297 195.81590 6.62402 6.33915 837.37877
7150.57529 195.67929 6.61921 6.33473 837.11428
7150.01240 194.81172 6.59271 6.30664 837.97613
7149.57479 194.20790 6.57330 6.28709 836.49777
7149.28257 193.80753 6.56061 6.27413 835.19580
7148.60261 192.80335 6.52663 6.24162 835.96288
7148.57429 192.76310 6.52530 6.24032 836.04059
7147.87685 191.79916 6.48696 6.20911 837.31848
7147.57379 191.41345 6.47603 6.19663 835.34448
7147.14550 190.79498 6.45947 6.17661 834.78818
7146.57329 189.88519 6.43051 6.14715 833.91809
7146.51276 189.79079 6.42777 6.14410 833.68464
7145.86588 188.78661 6.39175 6.11159 834.55762
7145.57279 188.36276 6.38056 6.09787 834.16564
7145.17320 187.78243 6.35919 6.07908 833.74619
7144.57229 186.89099 6.32662 6.05022 833.59800
7144.49239 186.77824 6.32395 6.04657 833.42021
7143.81698 185.77406 6.28932 6.01406 833.42219
7143.57179 185.43303 6.27757 6.00302 832.74421
7143.11062 184.76987 6.25704 5.98156 832.16124
7142.57129 183.99015 6.23316 5.95631 831.45868
7142.41236 183.76569 6.22491 5.94905 831.13751
7141.74098 182.76151 6.18843 5.91654 831.35790
7141.57079 182.51712 6.18173 5.90863 831.27946
7141.05599 181.75732 6.15748 5.88403 830.24688
7140.57029 181.00072 6.13436 5.85954 829.10136
7140.40956 180.75314 6.12575 5.85152 829.40608
7139.71381 179.74895 6.09522 5.81901 828.58902
7139.56978 179.55541 6.08783 5.81275 828.39107
7138.97198 178.74477 6.05378 5.78650 829.70274
7138.56928 178.20340 6.04058 5.76898 829.33454
7138.24666 177.74059 6.02467 5.75400 828.68756
7137.56878 176.75580 5.98899 5.72212 828.15714
7137.55450 176.73640 5.98849 5.72149 828.11219
7136.84718 175.73222 5.95720 5.68898 827.14610
7136.56828 175.35295 5.94388 5.67670 826.18120
7136.14261 174.72803 5.92080 5.65647 826.17010
7135.56778 173.88734 5.89822 5.62925 826.16399
7135.45257 173.72385 5.89188 5.62396 825.98107
7134.77943 172.71967 5.85227 5.59145 826.36527
7134.56728 172.38171 5.84488 5.58051 825.92295
7134.13554 171.71548 5.82562 5.55895 825.22406
7133.56678 170.94833 5.79862 5.53411 823.63566
7133.39651 170.71130 5.79012 5.52644 823.25236
7132.71456 169.70711 5.76087 5.49393 823.58115
7132.56628 169.51642 5.75412 5.48776 822.80837
7132.00079 168.70293 5.72160 5.46142 822.69918
7131.56578 168.05190 5.70359 5.44034 823.02175
7131.28841 167.69874 5.69201 5.42891 821.29276
7130.56528 166.76352 5.65648 5.39864 821.28971
7130.51432 166.69456 5.65411 5.39640 821.46754
7129.80321 165.69038 5.62292 5.36389 822.18966
7129.56478 165.38602 5.61373 5.35404 820.65311
7129.05536 164.68619 5.58732 5.33139 819.87396
7128.56428 163.90757 5.56648 5.30618 820.43547
7128.41454 163.68201 5.55950 5.29888 819.80044
7127.73984 162.67782 5.52074 5.26637 820.40583
7127.56378 162.43908 5.51419 5.25864 819.98445
7126.99691 161.67364 5.49233 5.23386 818.45748
7126.56328 161.09225 5.47215 5.21504 817.23625
7126.26584 160.66946 5.45559 5.20135 817.20740
7125.56880 159.66527 5.42575 5.16884 817.63848
7125.56278 159.65774 5.42549 5.16860 817.60485
7124.86586 158.66109 5.38475 5.13634 817.88159
7124.56228 158.22940 5.37336 5.12236 817.96791
7124.14177 157.65690 5.35484 5.10383 817.20067
7123.56178 156.88003 5.32743 5.07868 815.78226
7123.39320 156.65272 5.32039 5.07132 815.41508
7122.67571 155.64854 5.28905 5.03881 815.46058
7122.56128 155.49774 5.28290 5.03393 815.14049
7121.96658 154.64435 5.25419 5.00630 813.48899
7121.56078 154.07497 5.24204 4.98787 814.02966
7121.23533 153.64017 5.22225 4.97379 815.70723
7120.56028 152.76562 5.19128 4.94548 814.20960
7120.46378 152.63598 5.18800 4.94128 813.90279
7119.72093 151.63180 5.15672 4.90878 812.86861
7119.55978 151.42228 5.14922 4.90199 812.36713
7119.00949 150.62762 5.11784 4.87627 813.53047
7118.55928 150.01962 5.10354 4.85659 812.97852
7118.25728 149.62343 5.08830 4.84376 812.22875
7117.55878 148.67607 5.05522 4.81309 811.70887
7117.51529 148.61925 5.05423 4.81125 811.60537
7116.76389 147.61506 5.01603 4.77874 810.56617
7116.55828 147.34707 5.00689 4.77007 810.11617
7116.02987 146.61088 4.98556 4.74623 810.71195
7115.55778 145.93476 4.96883 4.72435 808.62382
7115.33500 145.60669 4.95702 4.71373 808.70922
7114.60965 144.60251 4.92063 4.68122 809.91198
7114.55728 144.53319 4.91888 4.67897 809.83331
7113.87938 143.59833 4.88173 4.64871 810.20227
7113.55678 143.17958 4.86829 4.63515 809.49267
7113.06630 142.59414 4.85585 4.61620 808.97346
7112.55628 142.03485 4.83380 4.59809 807.46991
7112.21385 141.58996 4.81731 4.58369 807.13020
7111.55578 140.69394 4.78979 4.55468 807.22318
7111.46811 140.58577 4.78681 4.55118 806.89834
7110.72851 139.58159 4.74642 4.51867 807.82830
7110.55528 139.36608 4.73997 4.51170 807.22816
7109.95357 138.57741 4.72030 4.48617 806.77722
7109.55478 138.08311 4.69821 4.47016 805.51603
7109.15449 137.57322 4.68102 4.45366 805.11053
7108.55428 136.70662 4.65936 4.42560 804.22353
7108.45880 136.56904 4.65362 4.42115 804.10296
7107.72919 135.56485 4.61524 4.38864 806.35821
7107.55378 135.34172 4.61012 4.38142 806.06533
7106.92909 134.56067 4.58342 4.35613 804.63731
7106.55328 134.09156 4.56672 4.34095 803.79203
7106.12936 133.55649 4.54999 4.32362 803.13944
7105.55278 132.87096 4.53037 4.30143 800.58389
7105.29973 132.55230 4.51647 4.29112 800.30634
7104.55228 131.57065 4.48961 4.25934 800.62596
7104.53222 131.54812 4.48909 4.25861 800.47885
7103.66417 130.54393 4.44779 4.22610 799.92314
7103.55178 130.41451 4.44419 4.22191 800.22322
7102.87922 129.53975 4.41442 4.19359 802.10240
7102.55128 129.14358 4.39705 4.18077 801.37040
7102.08906 128.53556 4.38166 4.16108 799.88414
7101.55078 127.83365 4.36390 4.13836 797.99754
7101.31168 127.53138 4.35330 4.12857 798.19241
7100.55028 126.58399 4.31716 4.09790 797.83811
7100.50247 126.52720 4.31594 4.09606 797.68794
7099.71423 125.52301 4.28099 4.06356 798.57898
7099.54977 125.32851 4.27214 4.05726 798.04210
7098.89032 124.51883 4.25284 4.03105 797.45320
7098.54927 124.12282 4.23899 4.01823 796.21305
7098.05549 123.51464 4.21210 3.99854 796.04405
7097.54877 122.86986 4.19437 3.97767 796.88777
7097.24838 122.51046 4.18101 3.96603 796.38000
7096.54827 121.64799 4.14733 3.93811 796.75880
7096.42843 121.50628 4.14407 3.93352 796.43136
7095.54777 120.53996 4.11497 3.90224 791.91261
7095.51279 120.50209 4.11352 3.90101 791.94993
7094.65984 119.49791 4.07834 3.86851 794.65451
7094.54727 119.36682 4.07652 3.86426 793.46859
7093.90087 118.49372 4.04479 3.83600 793.98247
7093.54677 118.08040 4.02907 3.82262 793.84624
7093.03128 117.48954 4.01967 3.80349 792.30049
7092.54627 116.93256 3.99388 3.78546 791.08736
7092.16655 116.48536 3.97709 3.77098 790.74543
7091.54577 115.74667 3.96058 3.74707 790.65080
7091.31791 115.48117 3.94634 3.73847 790.40113
7090.54527 114.54947 3.91553 3.70831 791.26850
7090.48240 114.47699 3.91382 3.70596 791.16388
7089.60219 113.47280 3.87380 3.67346 789.46065
7089.54477 113.41053 3.87223 3.67144 789.18800
7088.74130 112.46862 3.84408 3.64095 789.05490
7088.54427 112.25438 3.83466 3.63401 788.19206
7087.86312 111.46444 3.80876 3.60844 788.51195
7087.54377 111.06882 3.79604 3.59563 788.28094
7087.00993 110.46025 3.78060 3.57593 785.12099
7086.54327 109.97453 3.76195 3.56021 785.50071
7086.07187 109.45607 3.74561 3.54342 786.21593
7085.54277 108.87993 3.72993 3.52477 783.45924
7085.16386 108.45188 3.70983 3.51091 783.25926
7084.54227 107.75193 3.69364 3.48825 782.83057
7084.27381 107.44770 3.68471 3.47840 782.74936
7083.54177 106.63197 3.64891 3.45200 781.77818
7083.36711 106.44351 3.64735 3.44590 781.24912
7082.54127 105.53431 3.61103 3.41646 779.97509
7082.45530 105.43933 3.60679 3.41339 779.85026
7081.57123 104.43515 3.58239 3.38088 780.74211
7081.54077 104.40319 3.58074 3.37984 780.61821
7080.67577 103.43096 3.54292 3.34837 781.26832
7080.54027 103.27767 3.54099 3.34341 781.36827
7079.75602 102.42678 3.50169 3.31586 780.76054
7079.53977 102.17820 3.49348 3.30782 781.46872
7078.90005 101.42259 3.48052 3.28335 779.67073
7078.53927 101.05384 3.46319 3.27142 775.45457
7077.95372 100.41841 3.44474 3.25085 776.14604
7077.53877 99.99163 3.43257 3.23703 778.61653
7076.96759 99.41423 3.40112 3.21834 779.09241
7076.53827 98.96497 3.39173 3.20379 777.73190
7076.02073 98.41004 3.37378 3.18583 777.39345
7075.53777 97.90256 3.35080 3.16940 776.75399
7075.07404 97.40586 3.33877 3.15332 776.74453
7074.53727 96.87808 3.32140 3.13623 773.49860
7074.07365 96.40167 3.30144 3.12081 772.29830
7073.53677 95.82653 3.28699 3.10219 772.69469
7073.11620 95.39749 3.26986 3.08830 771.57004
7072.53627 94.79841 3.24887 3.06891 770.58957
7072.15763 94.39331 3.23710 3.05579 771.05556
7071.53577 93.75672 3.21068 3.03519 770.86291
7071.18726 93.38912 3.19946 3.02329 769.42691
7070.53527 92.59970 3.17332 2.99773 770.77108
7070.34062 92.38494 3.16390 2.99078 771.52927
7069.53477 91.59267 3.13970 2.96513 769.30039
7069.31614 91.38075 3.13346 2.95827 767.60347
7068.53427 90.66807 3.10488 2.93520 762.91527
7068.22439 90.37657 3.09653 2.92576 764.43884
7067.53377 89.75524 3.07919 2.90565 760.11930
7067.15921 89.37238 3.05858 2.89325 759.58514
7066.53327 88.70571 3.03125 2.87167 762.49956
7066.18010 88.36820 3.02140 2.86074 760.67009
7065.53277 87.72374 2.98841 2.83988 759.88957
7065.19506 87.36402 2.96693 2.82824 761.80290
7064.53227 86.72360 2.94577 2.80750 759.51906
7064.16117 86.35983 2.92474 2.79573 758.86470
7063.53177 85.73995 2.88222 2.77566 758.23391
7063.10997 85.35565 2.86985 2.76322 754.64472
7062.53127 84.83902 2.83538 2.74649 749.44649
7062.03381 84.35146 2.80263 2.73071 748.86905
7061.53077 83.84665 2.78168 2.71437 743.21317
7061.06925 83.34728 2.75524 2.69820 742.76415
7060.53027 82.84892 2.72142 2.68207 738.83876
7059.95767 82.34310 2.68983 2.66569 738.29146
7059.52976 81.94018 2.66605 2.65265 742.23041
7058.91327 81.33891 2.61284 2.63318 742.89444
7058.52926 80.98285 2.58720 2.62166 740.13667
7057.85577 80.33473 2.58273 2.60068 739.26447
7057.52876 80.03933 2.55932 2.59111 736.25793
7056.74633 79.33054 2.50237 2.56817 729.05177
7056.52826 79.12164 2.49630 2.56140 728.10134
7055.75351 78.32636 2.45641 2.53566 728.44968
7055.52776 78.07069 2.44642 2.52738 730.08446
7054.85721 77.32218 2.43000 2.50315 727.75533
7054.52726 76.93890 2.40175 2.49074 724.51858
7054.08345 76.31799 2.38930 2.47064 730.14363
7053.52676 75.59744 2.37028 2.44732 719.99485
7053.32368 75.31381 2.35139 2.43813 714.26861
7052.79309 74.30962 2.32492 2.40563 727.86964
7052.52626 73.91258 2.31932 2.39277 723.14622
7052.13563 73.30544 2.29833 2.37312 715.01283
7051.52576 72.36657 2.24007 2.34272 703.96827
7051.47876 72.30126 2.23815 2.34061 702.83677
7050.96343 71.29707 2.22788 2.30810 711.11843
7050.52526 70.52136 2.19066 2.28299 700.34002
7050.39500 70.29289 2.17748 2.27559 695.63209
7049.95187 69.28870 2.13581 2.24308 695.19437
7049.52476 68.40410 2.12172 2.21445 686.95962
7049.45536 68.28452 2.11770 2.21057 683.94867
7048.99935 67.28033 2.07093 2.17807 676.14244
7048.52426 66.33223 2.03651 2.14737 659.55757
7048.49588 66.27615 2.03598 2.14556 658.23343
7048.07615 65.27197 2.01640 2.11305 650.39075
7047.56739 64.26778 1.97952 2.08054 635.49564
7047.52376 64.20006 1.97657 2.07835 633.54049
7047.00660 63.26360 1.95094 2.04803 617.52222
7046.52326 62.40519 1.93549 2.02024 604.44046
7046.41683 62.25941 1.93289 2.01552 600.34832
7045.74173 61.25523 1.90540 1.98302 580.33618
7045.52276 60.98054 1.89961 1.97412 572.99658
7044.87256 60.25105 1.88837 1.95051 551.14978
7044.52226 59.83514 1.87754 1.93704 541.32915
7043.96908 59.24686 1.86275 1.91800 525.19595
7043.52176 58.80079 1.85298 1.90356 512.71256
7042.97494 58.24268 1.83901 1.88549 498.36385
7042.52126 57.65546 1.82459 1.86648 490.00183
7042.14038 57.23849 1.81551 1.85298 482.99834
7041.52076 56.57030 1.79730 1.83135 472.93858
7041.24245 56.23431 1.78650 1.82047 468.12031
7040.52026 55.28016 1.75859 1.78958 458.21733
7040.48013 55.23013 1.75711 1.78796 457.65202
7039.71816 54.22594 1.72503 1.75546 448.02559
7039.51976 53.95168 1.71638 1.74658 445.85366
7038.95638 53.22176 1.69257 1.72295 438.93490
7038.51926 52.66526 1.67395 1.70493 433.60675
7038.16639 52.21757 1.65810 1.69044 429.46211
7037.51876 51.45625 1.63331 1.66579 421.15176
7037.29138 51.21339 1.62522 1.65793 417.95565
7036.51826 50.28322 1.59072 1.62782 409.18794
7036.44798 50.20921 1.58815 1.62542 408.25182
7035.51776 49.26295 1.55562 1.59479 396.11779
7035.45420 49.20502 1.55371 1.59291 395.22110
7034.51726 48.44828 1.53032 1.56842 379.87736
7034.18768 48.20084 1.52295 1.56041 374.41628
7033.51676 47.75518 1.50791 1.54598 365.53050
7032.73722 47.19665 1.48797 1.52790 355.22171
7032.51626 47.02869 1.48253 1.52246 352.15837
7031.51576 46.22678 1.45567 1.49650 339.97923
7031.47370 46.19247 1.45449 1.49539 339.49531
7030.51526 45.45161 1.42973 1.47140 328.25921
7030.21230 45.18828 1.42060 1.46288 325.21541
7029.51476 44.53289 1.39704 1.44166 319.05173
7029.14006 44.18410 1.38466 1.43037 315.78214
7028.51426 43.60962 1.36542 1.41177 310.36684
7027.98185 43.17992 1.35108 1.39786 305.17695
7027.51376 42.79839 1.33744 1.38551 300.77779
7026.73672 42.17573 1.31601 1.36535 293.57450
7026.51326 42.01161 1.31002 1.36004 291.38570
7025.51276 41.30248 1.28282 1.33709 281.56488
7025.32226 41.17155 1.27845 1.33285 279.64518
7024.51226 40.76017 1.26693 1.31953 271.46172
7023.51176 40.38096 1.25399 1.30725 260.02246
7023.05328 40.16736 1.24729 1.30034 254.66290
7022.51126 39.85431 1.23788 1.29020 249.09501
7021.51076 39.19446 1.21616 1.26884 240.34253
7021.46839 39.16318 1.21509 1.26783 240.03997
7020.51026 38.56971 1.19347 1.24862 232.09218
7019.96245 38.15900 1.18099 1.23532 228.23878
7019.50975 37.79477 1.16953 1.22353 225.32698
7018.64118 37.15481 1.14762 1.20281 219.31762
7018.50925 37.03580 1.14376 1.19896 218.59117
7017.50875 36.15395 1.11231 1.17041 212.95388
7017.50477 36.15063 1.11218 1.17030 212.93019
7016.50825 35.30696 1.08293 1.14299 206.96303
7016.26409 35.14644 1.07840 1.13780 205.47026
7015.50775 34.79253 1.06742 1.12634 200.18715
7014.50725 34.35585 1.05094 1.11220 191.81013
7014.10448 34.14226 1.04319 1.10529 188.84686
7013.50675 33.79740 1.03105 1.09412 184.66075
7012.50625 33.20019 1.00923 1.07479 177.99179
7012.40759 33.13808 1.00663 1.07278 177.36610
7011.50575 32.58722 0.98739 1.05495 171.64254
7010.71754 32.13389 0.97471 1.04027 166.62601
7010.50525 32.02640 0.97102 1.03679 165.22777
7009.50475 31.56199 0.95312 1.02176 158.63610
7008.72522 31.12971 0.93959 1.00776 153.91913
7008.50425 30.98989 0.93592 1.00324 152.62715
7007.50375 30.38302 0.91625 0.98359 146.70019
7007.08325 30.12552 0.90668 0.97525 144.57646
7006.50325 29.81411 0.89539 0.96517 141.99710
7005.50275 29.29725 0.88112 0.94844 136.56898
7005.16213 29.12134 0.87490 0.94275 134.74931
7004.50225 28.78443 0.86201 0.93184 131.26635
7003.50175 28.21515 0.84328 0.91341 126.34081
7003.34126 28.11715 0.84042 0.91024 125.58300
7002.50125 27.70028 0.82620 0.89674 121.41982
7001.50075 27.19229 0.80716 0.88030 116.66534
7001.36255 27.11297 0.80476 0.87773 116.04568
7000.50025 26.66280 0.79239 0.86315 112.13760
6999.49975 26.15951 0.77532 0.84686 107.73756
6999.40880 26.10879 0.77333 0.84522 107.34962
6998.49925 25.54220 0.75489 0.82688 103.77088
6997.79518 25.10460 0.73995 0.81271 101.38793
6997.49875 24.92181 0.73297 0.80679 100.21994
6996.49825 24.24650 0.70836 0.78493 96.37534
6996.23426 24.10042 0.70390 0.78020 95.34961
6995.49775 23.76879 0.69525 0.76947 92.47643
6994.49725 23.48698 0.68518 0.76034 88.62491
6993.49675 23.25474 0.67357 0.75283 84.98564
6992.99545 23.09623 0.66798 0.74769 83.26593
6992.49625 22.90208 0.66133 0.74141 81.61200
6991.49575 22.45261 0.65052 0.72686 78.42064
6990.85253 22.09205 0.63962 0.71519 76.44875
6990.49525 21.91877 0.63414 0.70958 75.37633
6989.49475 21.32489 0.61566 0.69035 72.43906
6989.10747 21.08787 0.60849 0.68268 71.44389
6988.49425 20.72291 0.59854 0.67086 69.84186
6987.49375 20.20777 0.57980 0.65419 67.05286
6987.19427 20.08368 0.57472 0.65017 66.26658
6986.49325 19.77505 0.56444 0.64018 64.44407
6985.49275 19.45923 0.55546 0.62995 62.05731
6984.49225 19.11934 0.54284 0.61895 59.78489
6984.40102 19.07950 0.54112 0.61766 59.57485
6983.49175 18.73099 0.52657 0.60638 57.58339
6982.49125 18.23769 0.51693 0.59041 55.36048
6982.20555 18.07531 0.51157 0.58515 54.71229
6981.49075 17.66767 0.49638 0.57196 53.09437
6980.49962 17.07113 0.47430 0.55264 50.94999
6980.49025 17.06604 0.47418 0.55248 50.93184
6979.48974 16.67345 0.46713 0.53977 49.09748
6978.48924 16.41010 0.45778 0.53124 47.53060
6977.48874 16.07533 0.44448 0.52041 45.93376
6977.46896 16.06695 0.44416 0.52014 45.90007
6976.48824 15.64733 0.43096 0.50655 44.24496
6975.48774 15.17014 0.41860 0.49110 42.51654
6975.26877 15.06276 0.41480 0.48763 42.14119
6974.48724 14.71558 0.40114 0.47639 40.90020
6973.48674 14.29603 0.38658 0.46281 39.39347
6972.89507 14.05858 0.38146 0.45512 38.54168
6972.48624 13.89755 0.37774 0.44991 37.96905
6971.48574 13.63873 0.36818 0.44153 36.94118
6970.48524 13.42020 0.35925 0.43445 36.09597
6969.48474 13.10174 0.34809 0.42414 35.09967
6969.38379 13.05439 0.34730 0.42261 34.96895
6968.48424 12.65849 0.34200 0.40979 33.87800
6967.48374 12.23646 0.32967 0.39613 32.62958
6967.05475 12.05021 0.32244 0.39010 32.07258
6966.48324 11.82813 0.31369 0.38291 31.41655
6965.48274 11.47578 0.30428 0.37151 30.37841
6964.48996 11.04603 0.29465 0.35759 29.18697
6964.48224 11.04277 0.29457 0.35749 29.17787
6963.48174 10.64754 0.28119 0.34469 28.07575
6962.48124 10.32845 0.26756 0.33436 27.18664
6961.75789 10.04184 0.25986 0.32508 26.40905
6961.48074 9.94705 0.25853 0.32202 26.14719
6960.48024 9.63928 0.25300 0.31205 25.31193
6959.47974 9.35401 0.24404 0.30282 24.54722
6958.47924 9.04487 0.22975 0.29281 23.72091
6958.45548 9.03766 0.22941 0.29258 23.70197
6957.47874 8.81710 0.22165 0.28544 23.11197
6956.47824 8.58165 0.21790 0.27781 22.48801
6955.47774 8.30834 0.21598 0.26897 21.74693
6954.57954 8.03347 0.21121 0.26007 21.00514
6954.47724 8.01185 0.21066 0.25937 20.94665
6953.47674 7.86135 0.20620 0.25450 20.53748
6952.47624 7.73045 0.20094 0.25026 20.17917
6951.47574 7.66133 0.19876 0.24802 19.98240
6950.47524 7.62449 0.19893 0.24683 19.85213
6949.47474 7.56231 0.19623 0.24481 19.65533
6948.47424 7.45170 0.19078 0.24123 19.30462
6947.47374 7.25745 0.18498 0.23495 18.71113
6946.47324 7.15565 0.18213 0.23165 18.36614
6945.47274 7.08229 0.18293 0.22927 18.09217
6945.20579 7.02929 0.18381 0.22756 17.92698
6944.47224 6.83517 0.18457 0.22127 17.33896
6943.47174 6.47296 0.17999 0.20955 16.27119
6942.47124 6.16719 0.16988 0.19965 15.36893
6942.19204 6.02510 0.16841 0.19505 14.96606
6941.47074 5.60562 0.16571 0.18147 13.79433
6940.47024 5.02670 0.15114 0.16273 12.21648
6940.46263 5.02092 0.15106 0.16254 12.20195
0.00000 0.00000 0.00000 0.00000 0.00000
