6849.14379 10.04184 0.24330 0.32508 134.16587
6849.42471 10.07549 0.24489 0.32617 134.27296
6850.42521 10.18747 0.25051 0.32980 134.51241
6851.42571 10.30136 0.25622 0.33349 134.74297
6852.42621 10.42034 0.26214 0.33734 134.99579
6853.42671 10.52095 0.26740 0.34059 134.93432
6854.42721 10.64393 0.27309 0.34458 135.15564
6855.42771 10.75726 0.27846 0.34824 135.21044
6856.42821 10.89808 0.28491 0.35280 135.61900
6857.42871 11.03150 0.29097 0.35712 136.01555
6857.52470 11.04603 0.29162 0.35759 136.05654
6858.42921 11.17600 0.29757 0.36180 136.33565
6859.42971 11.30997 0.30382 0.36614 136.47390
6860.43022 11.43758 0.30993 0.37027 136.46147
6861.43072 11.57005 0.31616 0.37456 136.47106
6862.43122 11.71381 0.32276 0.37921 136.60414
6863.43172 11.88153 0.33013 0.38464 137.01224
6864.36407 12.05021 0.33753 0.39010 137.54989
6864.43222 12.06286 0.33809 0.39051 137.59304
6865.43272 12.22304 0.34514 0.39570 138.01100
6866.43322 12.38411 0.35233 0.40091 138.25137
6867.43372 12.54038 0.35924 0.40597 138.25990
6868.43422 12.71226 0.36680 0.41153 138.36512
6869.43472 12.88034 0.37399 0.41698 138.20958
6870.35361 13.05439 0.38107 0.42261 138.21148
6870.43522 13.07123 0.38168 0.42315 138.20280
6871.43572 13.30101 0.39052 0.43059 138.62119
6872.43622 13.50979 0.39860 0.43735 138.76806
6873.43672 13.71365 0.40719 0.44395 138.98853
6874.43722 13.91509 0.41576 0.45047 139.37215
6875.11225 14.05858 0.42193 0.45512 139.78056
6875.43772 14.12672 0.42499 0.45732 139.88478
6876.43822 14.35815 0.43487 0.46482 140.43651
6877.43872 14.58514 0.44436 0.47216 140.81142
6878.43922 14.79472 0.45314 0.47895 140.89510
6879.43972 15.03712 0.46291 0.48680 141.33850
6879.53104 15.06276 0.46392 0.48763 141.42177
6880.44022 15.28976 0.47310 0.49498 141.87263
6881.44072 15.49340 0.48172 0.50157 141.71978
6882.44122 15.72766 0.49172 0.50915 141.87371
6883.44172 15.94778 0.50122 0.51628 142.10671
6883.85833 16.06695 0.50627 0.52014 142.39810
6884.44222 16.21759 0.51283 0.52501 142.57452
6885.44272 16.45519 0.52252 0.53270 142.58600
6886.44322 16.71570 0.53232 0.54114 142.82978
6887.44372 17.00211 0.54373 0.55041 143.35821
6887.65424 17.07113 0.54634 0.55264 143.57696
6888.44422 17.29909 0.55498 0.56002 143.96701
6889.44472 17.53411 0.56422 0.56763 143.70905
6890.44522 17.78022 0.57389 0.57560 143.53705
6891.44572 18.06371 0.58463 0.58478 143.78678
6891.48986 18.07531 0.58507 0.58515 143.78705
6892.44622 18.33482 0.59452 0.59355 144.20485
6893.44672 18.61588 0.60449 0.60265 144.35276
6894.44722 18.91934 0.61516 0.61248 144.77157
6894.95234 19.07950 0.62083 0.61766 145.05010
6895.44772 19.23469 0.62634 0.62268 145.28862
6896.44822 19.51639 0.63620 0.63180 145.31791
6897.44872 19.79028 0.64482 0.64067 145.20450
6898.40547 20.08368 0.65348 0.65017 145.49120
6898.44922 20.09778 0.65390 0.65063 145.51243
6899.44972 20.39175 0.66276 0.66014 145.59430
6900.45023 20.65499 0.67116 0.66866 145.30273
6901.45073 20.93220 0.67960 0.67764 145.37283
6901.91886 21.08787 0.68410 0.68268 145.58800
6902.45123 21.27582 0.68926 0.68876 146.04233
6903.45173 21.59915 0.69824 0.69923 146.42348
6904.45223 21.89919 0.70666 0.70894 146.30105
6905.03698 22.09205 0.71172 0.71519 146.21208
6905.45273 22.25122 0.71577 0.72034 146.30837
6906.45323 22.62333 0.72448 0.73238 146.55380
6907.45373 22.97938 0.73342 0.74391 146.94430
6907.77148 23.09623 0.73675 0.74769 147.18324
6908.45423 23.31760 0.74326 0.75486 147.32639
6909.45473 23.64182 0.75305 0.76536 147.45999
6910.45523 23.94184 0.76151 0.77507 147.61039
6910.88625 24.10042 0.76573 0.78020 147.80582
6911.45573 24.31672 0.77163 0.78721 148.20007
6912.45623 24.64409 0.78133 0.79780 148.19423
6913.45673 24.97354 0.79147 0.80847 148.17259
6913.82593 25.10460 0.79544 0.81271 148.27874
6914.45723 25.34291 0.80237 0.82043 148.62409
6915.45773 25.70055 0.81257 0.83200 148.87186
6916.45823 26.05998 0.82373 0.84364 149.09766
6916.58221 26.10879 0.82527 0.84522 149.18054
6917.45873 26.43473 0.83552 0.85577 149.44480
6918.45923 26.75699 0.84546 0.86620 149.45532
6919.35643 27.11297 0.85633 0.87773 150.09998
6919.45973 27.15815 0.85780 0.87919 150.19767
6920.46023 27.53788 0.87028 0.89148 150.50015
6921.46073 27.86945 0.88046 0.90222 150.14065
6922.09270 28.11715 0.88823 0.91024 150.36936
6922.46123 28.28478 0.89353 0.91566 150.78880
6923.46173 28.68843 0.90633 0.92873 151.23679
6924.46223 29.06206 0.91845 0.94083 151.25557
6924.60399 29.12134 0.92038 0.94275 151.32841
6925.46273 29.47831 0.93171 0.95430 151.73107
6926.46323 29.88124 0.94474 0.96735 152.07627
6927.04524 30.12552 0.95294 0.97525 152.39538
6927.46373 30.31857 0.95941 0.98150 152.97352
6928.46423 30.72148 0.97116 0.99455 152.92851
6929.34749 31.12971 0.98224 1.00776 153.01068
6929.46473 31.18819 0.98395 1.00966 153.11168
6930.46523 31.63120 0.99791 1.02400 153.56627
6931.46573 32.05192 1.01183 1.03762 153.93192
6931.64507 32.13389 1.01447 1.04027 154.05279
6932.46623 32.50533 1.02683 1.05230 154.49740
6933.46673 32.93751 1.04080 1.06629 154.78430
6933.91549 33.13808 1.04779 1.07278 154.97624
6934.46723 33.38132 1.05629 1.08065 155.17064
6935.46773 33.78316 1.06879 1.09366 154.97360
6936.37259 34.14226 1.08055 1.10529 155.23642
6936.46823 34.18557 1.08203 1.10669 155.30513
6937.46873 34.65253 1.09771 1.12181 155.77157
6938.46923 35.08625 1.11212 1.13585 155.85264
6938.59913 35.14644 1.11409 1.13780 155.90475
6939.46973 35.56165 1.12781 1.15124 156.35746
6940.47024 36.01465 1.14290 1.16590 156.53596
6940.73814 36.15063 1.14750 1.17030 156.74707
6941.47074 36.51624 1.15974 1.18214 157.24073
6942.47124 36.97882 1.17510 1.19712 157.43680
6942.83293 37.15481 1.18088 1.20281 157.58874
6943.47174 37.46546 1.19112 1.21287 157.85577
6944.47224 37.91306 1.20621 1.22736 157.75384
6944.99177 38.15900 1.21440 1.23532 157.98746
6945.47274 38.40476 1.22273 1.24328 158.58926
6946.47324 38.87571 1.23856 1.25852 158.76070
6947.05642 39.16318 1.24839 1.26783 159.03299
6947.47374 39.40405 1.25652 1.27563 159.53161
6948.47424 39.94945 1.27328 1.29328 159.82837
6948.85130 40.16736 1.27953 1.30034 159.95334
6949.47474 40.50485 1.28966 1.31126 160.03412
6950.47524 40.98356 1.30595 1.32676 160.07110
6950.81052 41.17155 1.31249 1.33285 160.40280
6951.47574 41.54793 1.32533 1.34503 160.98194
6952.47624 42.06002 1.34247 1.36161 161.22557
6952.69114 42.17573 1.34636 1.36535 161.31454
6953.47674 42.62169 1.36164 1.37979 162.05436
6954.47724 43.09135 1.37722 1.39500 162.26118
6954.63238 43.17992 1.38019 1.39786 162.35553
6955.47774 43.63040 1.39561 1.41245 162.62817
6956.47824 44.16206 1.41395 1.42966 162.91111
6956.51504 44.18410 1.41473 1.43037 162.94768
6957.47874 44.71833 1.43273 1.44767 163.40112
6958.36466 45.18828 1.44869 1.46288 163.56036
6958.47924 45.26059 1.45117 1.46522 163.69780
6959.47974 45.82477 1.47031 1.48349 164.17427
6960.12607 46.19247 1.48260 1.49539 164.50171
6960.48024 46.40617 1.48994 1.50231 164.78925
6961.48074 46.96501 1.50920 1.52040 165.10696
6961.87377 47.19665 1.51721 1.52790 165.32226
6962.48124 47.56324 1.52970 1.53976 165.83366
6963.48174 48.02938 1.54567 1.55486 165.73380
6963.76613 48.20084 1.55120 1.56041 165.76517
6964.48224 48.70037 1.56577 1.57658 166.19843
6965.23987 49.20502 1.58165 1.59291 166.84867
6965.48274 49.36006 1.58724 1.59793 167.10270
6966.48324 49.94270 1.60752 1.61680 167.53696
6966.92380 50.20921 1.61650 1.62542 167.75348
6967.48374 50.55067 1.62792 1.63648 168.06516
6968.48424 51.12399 1.64767 1.65504 168.23874
6968.63066 51.21339 1.65075 1.65793 168.31659
6969.48474 51.73339 1.66818 1.67477 168.72121
6970.27546 52.21757 1.68451 1.69044 169.10427
6970.48524 52.36160 1.68979 1.69510 169.31854
6971.48574 52.96787 1.71046 1.71473 170.03762
6971.89132 53.22176 1.71883 1.72295 170.48318
6972.48624 53.59787 1.73146 1.73512 170.79572
6973.48674 54.22021 1.75329 1.75527 171.23829
6973.49547 54.22594 1.75348 1.75546 171.24480
6974.48724 54.81300 1.77228 1.77446 171.33903
6975.17000 55.23013 1.78708 1.78796 171.52784
6975.48774 55.45609 1.79487 1.79528 171.90225
6976.48824 56.09237 1.81660 1.81588 172.33034
6976.70756 56.23431 1.82129 1.82047 172.44481
6977.48874 56.77874 1.84056 1.83810 173.25824
6978.18536 57.23849 1.85532 1.85298 173.65283
6978.48924 57.46140 1.86172 1.86020 173.83054
6979.48974 58.22148 1.88506 1.88480 174.52981
6979.51828 58.24268 1.88574 1.88549 174.55670
6980.49025 58.85624 1.90660 1.90535 175.04432
6981.15115 59.24686 1.91903 1.91800 175.36145
6981.49075 59.47990 1.92702 1.92554 175.58865
6982.49125 60.13770 1.94874 1.94684 175.98832
6982.64918 60.25105 1.95220 1.95051 176.13290
6983.49175 60.84015 1.97255 1.96958 176.76023
6984.09983 61.25523 1.98666 1.98302 177.10804
6984.49225 61.54739 1.99660 1.99247 177.53792
6985.49275 62.22863 2.01835 2.01453 178.06141
6985.53440 62.25941 2.01946 2.01552 178.10275
6986.49325 62.96401 2.04267 2.03833 179.00987
6986.89881 63.26360 2.05109 2.04803 179.41555
6987.49375 63.70881 2.06672 2.06245 179.99572
6988.28517 64.26778 2.08511 2.08054 180.47402
6988.49425 64.41923 2.08984 2.08544 180.63338
6989.49475 65.02561 2.10849 2.10507 180.99619
6989.83714 65.27197 2.11760 2.11305 181.33626
6990.49525 65.79192 2.13427 2.12988 182.07896
6991.13982 66.27615 2.14507 2.14556 182.22930
6991.49575 66.55575 2.15343 2.15461 182.39801
6992.44005 67.28033 2.17678 2.17807 183.34589
6992.49625 67.32485 2.17806 2.17951 183.42158
6993.49675 68.07946 2.20110 2.20394 184.32308
6993.77045 68.28452 2.20792 2.21057 184.55953
6994.49725 68.81986 2.22450 2.22791 185.12801
6995.15919 69.28870 2.23522 2.24308 185.48979
6995.49775 69.55314 2.24518 2.25164 185.86249
6996.49825 70.27332 2.26573 2.27496 186.49895
6996.52456 70.29289 2.26612 2.27559 186.51962
6997.49875 71.05298 2.29031 2.30020 187.51564
6997.83568 71.29707 2.29775 2.30810 187.75504
6998.49925 71.76950 2.31099 2.32339 188.47104
6999.18546 72.30126 2.32653 2.34061 189.31443
6999.49975 72.56496 2.33550 2.34915 189.71074
7000.47439 73.30544 2.35584 2.37312 190.59670
7000.50025 73.32646 2.35629 2.37380 190.62880
7001.50075 74.10622 2.38239 2.39904 191.65523
7001.76382 74.30962 2.38832 2.40563 191.93367
7002.50125 74.89525 2.40201 2.42458 192.77784
7002.99601 75.31381 2.41681 2.43813 193.24922
7003.50175 75.75195 2.42851 2.45232 193.73395
7004.20944 76.31799 2.44434 2.47064 194.54199
7004.50225 76.55887 2.45234 2.47844 194.96464
7005.42305 77.32218 2.47798 2.50315 196.21626
7005.50275 77.39045 2.47970 2.50536 196.33943
7006.50325 78.18042 2.50491 2.53093 197.51156
7006.69687 78.32636 2.51495 2.53566 197.80499
7007.50375 78.93498 2.52512 2.55536 198.77560
7007.99196 79.33054 2.53451 2.56817 199.41258
7008.50425 79.77411 2.61134 2.58253 200.25617
7009.20624 80.33473 2.73364 2.60068 201.22852
7009.50475 80.58437 2.77241 2.60876 201.69086
7010.38333 81.33891 2.78723 2.63318 203.27715
7010.50525 81.44313 2.78676 2.63656 203.48246
7011.50575 82.28841 2.80247 2.66392 205.39261
7011.56632 82.34310 2.80453 2.66569 205.52530
7012.50625 83.13583 2.84370 2.69136 207.54544
7012.74971 83.34728 2.84982 2.69820 208.07994
7013.50675 84.11380 2.86146 2.72302 209.97155
7013.75526 84.35146 2.86587 2.73071 210.60895
7014.50725 84.99231 2.87786 2.75146 212.52801
7014.92526 85.35565 2.88575 2.76322 213.73957
7015.50775 85.87047 2.89930 2.77988 215.46614
7016.13532 86.35983 2.90774 2.79573 217.16610
7016.50825 86.66847 2.91521 2.80572 218.21947
7017.28515 87.36402 2.93416 2.82824 220.89548
7017.50875 87.57060 2.93810 2.83492 221.67621
7018.41286 88.36820 2.96093 2.86074 224.80448
7018.50925 88.45549 2.96354 2.86357 225.12554
7019.50975 89.30728 2.98577 2.89114 229.00961
7019.57954 89.37238 2.98795 2.89325 229.26530
7020.51026 90.20716 3.01342 2.92028 232.96412
7020.70109 90.37657 3.01804 2.92576 233.80381
7021.51076 91.12915 3.04191 2.95012 237.14075
7021.78199 91.38075 3.04947 2.95827 238.28812
7022.51126 92.05525 3.07083 2.98010 241.40091
7022.86444 92.38494 3.08152 2.99078 242.86851
7023.51176 93.03055 3.10094 3.01168 245.76966
7023.88332 93.38912 3.11370 3.02329 247.70645
7024.51226 93.95727 3.13624 3.04168 250.22845
7025.00303 94.39331 3.15405 3.05579 251.94762
7025.51276 94.86023 3.17432 3.07091 254.36328
7026.09313 95.39749 3.19794 3.08830 257.12499
7026.51326 95.78377 3.21480 3.10081 259.10670
7027.16294 96.40167 3.24215 3.12081 262.11033
7027.51376 96.73713 3.25709 3.13167 263.72873
7028.24265 97.40586 3.28684 3.15332 267.46166
7028.51426 97.67332 3.29879 3.16198 268.62559
7029.28534 98.41004 3.33147 3.18583 272.32351
7029.51476 98.62682 3.34088 3.19285 273.45531
7030.31691 99.41423 3.37498 3.21834 277.08979
7030.51526 99.60574 3.38323 3.22454 277.96733
7031.37105 100.41841 3.41784 3.25085 282.12428
7031.51576 100.56743 3.42408 3.25567 282.79158
7032.40153 101.42259 3.45905 3.28335 287.14541
7032.51626 101.54103 3.46345 3.28719 287.80532
7033.36224 102.42678 3.49697 3.31586 292.00367
7033.51676 102.57022 3.50277 3.32051 292.47955
7034.45908 103.43096 3.53762 3.34837 296.29792
7034.51726 103.48662 3.53990 3.35017 296.61978
7035.48656 104.43515 3.57809 3.38088 301.33676
7035.51776 104.46661 3.57934 3.38190 301.48570
7036.47458 105.43933 3.61768 3.41339 305.70017
7036.51826 105.48284 3.61942 3.41480 305.88410
7037.46503 106.44351 3.65717 3.44590 310.10152
7037.51876 106.49776 3.65928 3.44765 310.34777
7038.49081 107.44770 3.69704 3.47840 315.08878
7038.51926 107.47673 3.69818 3.47934 315.21554
7039.45842 108.45188 3.73562 3.51091 319.33990
7039.51976 108.51425 3.73803 3.51293 319.62867
7040.43186 109.45607 3.77436 3.54342 323.42882
7040.52026 109.54564 3.77776 3.54632 323.82369
7041.37856 110.46025 3.81211 3.57593 327.28778
7041.52076 110.62300 3.81756 3.58120 327.99336
7042.32569 111.46444 3.84647 3.60844 331.15128
7042.52126 111.65359 3.85345 3.61456 331.73153
7043.32897 112.46862 3.88402 3.64095 335.26316
7043.52176 112.66341 3.89163 3.64725 336.22885
7044.28005 113.47280 3.92103 3.67346 339.20697
7044.52226 113.71977 3.93007 3.68145 340.37421
7045.25411 114.47699 3.95880 3.70596 343.57726
7045.52276 114.77077 3.96932 3.71547 344.53261
7046.17997 115.48117 3.99469 3.73847 347.04024
7046.52326 115.84645 4.00804 3.75030 348.47533
7047.10057 116.48536 4.03103 3.77098 350.38840
7047.52376 116.91303 4.04632 3.78483 352.48570
7048.07054 117.48954 4.06714 3.80349 354.85865
7048.52426 117.99030 4.08518 3.81970 356.50458
7048.99720 118.49372 4.10230 3.83600 358.32278
7049.52476 119.10958 4.12332 3.85593 360.04426
7049.86004 119.49791 4.13563 3.86851 361.82187
7050.52526 120.21307 4.15923 3.89166 365.24294
7050.79542 120.50209 4.17008 3.90101 366.33872
7051.52576 121.26279 4.19583 3.92564 368.05301
7051.75508 121.50628 4.20331 3.93352 368.50261
7052.52626 122.34700 4.23341 3.96074 371.45191
7052.67549 122.51046 4.23904 3.96603 372.06174
7053.52676 123.43368 4.27046 3.99592 375.53402
7053.59972 123.51464 4.27350 3.99854 375.81756
7054.51605 124.51883 4.30695 4.03105 379.39426
7054.52726 124.53156 4.30737 4.03146 379.42944
7055.39896 125.52301 4.34205 4.06356 382.33047
7055.52776 125.66451 4.34678 4.06814 382.84351
7056.28428 126.52720 4.37570 4.09606 385.31270
7056.52826 126.78793 4.38507 4.10451 386.52332
7057.17842 127.53138 4.40937 4.12857 388.54670
7057.52876 127.94288 4.42383 4.14189 389.51442
7058.01462 128.53556 4.44217 4.16108 391.47820
7058.52926 129.17202 4.46100 4.18169 393.44318
7058.83355 129.53975 4.47397 4.19359 394.01197
7059.52976 130.30927 4.50030 4.21850 396.80871
7059.76583 130.54393 4.50794 4.22610 397.56060
7060.53027 131.30511 4.53442 4.25074 400.43611
7060.73940 131.54812 4.54255 4.25861 401.14624
7061.53077 132.49695 4.57395 4.28932 403.40461
7061.58039 132.55230 4.57589 4.29112 403.60712
7062.43279 133.55649 4.60942 4.32362 406.16272
7062.53127 133.66530 4.61308 4.32715 406.58757
7063.30384 134.56067 4.64364 4.35613 409.25631
7063.53177 134.83172 4.65247 4.36491 409.94101
7064.13367 135.56485 4.67655 4.38864 411.49041
7064.53227 136.01439 4.69225 4.40319 413.04473
7064.99706 136.56904 4.71029 4.42115 414.46691
7065.53277 137.27500 4.73136 4.44400 416.47148
7065.75773 137.57322 4.74063 4.45366 417.00583
7066.53327 138.47320 4.77069 4.48279 419.64792
7066.62356 138.57741 4.77420 4.48617 419.97153
7067.43913 139.58159 4.80731 4.51867 422.14234
7067.53377 139.69366 4.81103 4.52230 422.50152
7068.30255 140.58577 4.84074 4.55118 424.38734
7068.53427 140.82770 4.84862 4.55902 424.92550
7069.19857 141.58996 4.87371 4.58369 426.80825
7069.53477 141.98653 4.88721 4.59653 428.17078
7070.03776 142.59414 4.90726 4.61620 429.79629
7070.53527 143.19222 4.92710 4.63556 431.30993
7070.85016 143.59833 4.94042 4.64871 431.87978
7071.53577 144.41816 4.96750 4.67525 434.19984
7071.69388 144.60251 4.97368 4.68122 434.83736
7072.49853 145.60669 5.00711 4.71373 436.72412
7072.53627 145.65862 5.00874 4.71541 436.76281
7073.20210 146.61088 5.03645 4.74623 438.36549
7073.53677 146.99998 5.04942 4.75883 439.91482
7074.03769 147.61506 5.06994 4.77874 441.21052
7074.53727 148.20294 5.08963 4.79777 443.24724
7074.86617 148.61925 5.10335 4.81125 444.04156
7075.53777 149.47690 5.13154 4.83902 445.57917
7075.65923 149.62343 5.13643 4.84376 445.99546
7076.43207 150.62762 5.16919 4.87627 447.57920
7076.53827 150.75766 5.17352 4.88048 447.97965
7077.26876 151.63180 5.20278 4.90878 450.56037
7077.53877 151.93972 5.21280 4.91874 451.06213
7078.11344 152.63598 5.23523 4.94128 451.55671
7078.53927 153.14232 5.25220 4.95768 453.31708
7078.92668 153.64017 5.26875 4.97379 454.38066
7079.53977 154.45855 5.29491 5.00029 455.61199
7079.68316 154.64435 5.30036 5.00630 456.39391
7080.43452 155.64854 5.33151 5.03881 458.72832
7080.54027 155.77938 5.33593 5.04305 459.02814
7081.19824 156.65272 5.36450 5.07132 460.25518
7081.54077 157.06281 5.37829 5.08459 461.66025
7081.99232 157.65690 5.39768 5.10383 462.63293
7082.54127 158.35468 5.42077 5.12642 464.30142
7082.79004 158.66109 5.43099 5.13634 465.15323
7083.54177 159.62595 5.46273 5.16757 467.24359
7083.57259 159.66527 5.46402 5.16884 467.33511
7084.32307 160.66946 5.49681 5.20135 468.84172
7084.54227 160.93455 5.50569 5.20993 469.75552
7085.08247 161.67364 5.52969 5.23386 470.50994
7085.54277 162.24827 5.54876 5.25246 472.18503
7085.87892 162.67782 5.56299 5.26637 473.36068
7086.54327 163.57894 5.59202 5.29554 474.19544
7086.63026 163.68201 5.59503 5.29888 474.53365
7087.37214 164.68619 5.62471 5.33139 475.53826
7087.54377 164.87807 5.63145 5.33760 476.44213
7088.15458 165.69038 5.65826 5.36389 478.01918
7088.54427 166.18625 5.67464 5.37995 479.28075
7088.92687 166.69456 5.69128 5.39640 480.16722
7089.54477 167.53066 5.71861 5.42347 481.59045
7089.67390 167.69874 5.72418 5.42891 481.92907
7090.42373 168.70293 5.75702 5.46142 483.65012
7090.54527 168.85857 5.76219 5.46646 484.05204
7091.17410 169.70711 5.78986 5.49393 485.47982
7091.54577 170.18555 5.80567 5.50942 486.70865
7091.92398 170.71130 5.82274 5.52644 487.31501
7092.54627 171.53841 5.85003 5.55321 488.91170
7092.68114 171.71548 5.85592 5.55895 489.29423
7093.32056 172.71967 5.88520 5.59145 490.22840
7093.54677 173.02789 5.89481 5.60143 490.96410
7094.05765 173.72385 5.91789 5.62396 491.84867
7094.54727 174.36861 5.93916 5.64483 493.70859
7094.82960 174.72803 5.95102 5.65647 494.61415
7095.54777 175.60442 5.97947 5.68484 495.73794
7095.64531 175.73222 5.98360 5.68898 495.83764
7096.35960 176.73640 6.01616 5.72149 496.94089
7096.54827 176.99374 6.02461 5.72982 497.42798
7097.09083 177.74059 6.04902 5.75400 498.58631
7097.54877 178.33147 6.06856 5.77312 500.21769
7097.85021 178.74477 6.08207 5.78650 500.90267
7098.54927 179.67562 6.11269 5.81664 503.01838
7098.60420 179.74895 6.11510 5.81901 503.18816
7099.27855 180.75314 6.14756 5.85152 503.49247
7099.54977 181.15001 6.16023 5.86437 503.83753
7099.94790 181.75732 6.17776 5.88403 505.03362
7100.55028 182.59698 6.20434 5.91121 506.83691
7100.66673 182.76151 6.20976 5.91654 507.00124
7101.37829 183.76569 6.24242 5.94905 508.39859
7101.55078 183.98789 6.24980 5.95624 509.05274
7102.09070 184.76987 6.27515 5.98156 509.82339
7102.55128 185.39643 6.29566 6.00184 511.07366
7102.82604 185.77406 6.30807 6.01406 511.94291
7103.55178 186.74534 6.33987 6.04551 513.75552
7103.57802 186.77824 6.34094 6.04657 513.80535
7104.32423 187.78243 6.37315 6.07908 514.10341
7104.55228 188.06940 6.38273 6.08837 515.06366
7105.04860 188.78661 6.40598 6.11159 516.12448
7105.55278 189.44140 6.42810 6.13279 517.83653
7105.80129 189.79079 6.43894 6.14410 518.67074
7106.39948 190.79498 6.46797 6.17661 519.16152
7106.55328 191.00595 6.47504 6.18344 519.52801
7107.09999 191.79916 6.50093 6.20911 520.32741
7107.55378 192.42860 6.52156 6.22949 521.54490
7107.81812 192.80335 6.53379 6.24162 522.08566
7108.55385 193.80753 6.56685 6.27413 524.27313
7108.55428 193.80811 6.56687 6.27415 524.27455
7109.20764 194.81172 6.59901 6.30664 524.63179
7109.55478 195.28523 6.61462 6.32197 525.69458
7109.91918 195.81590 6.63184 6.33915 526.36601
7110.55528 196.69504 6.66073 6.36761 528.11618
7110.64719 196.82008 6.66483 6.37166 528.41843
7111.33703 197.82427 6.69767 6.40417 529.51282
7111.55578 198.14434 6.70793 6.41453 529.88491
7111.97164 198.82845 6.72741 6.43667 530.86582
7112.55628 199.65818 6.75409 6.46353 532.54668
7112.69216 199.83264 6.75989 6.46918 532.84478
7113.45437 200.83682 6.79224 6.50169 533.66789
7113.55678 200.97204 6.79668 6.50607 533.95036
7114.11935 201.84100 6.82476 6.53420 534.44750
7114.55728 202.45037 6.84474 6.55393 535.70393
7114.82479 202.84519 6.85750 6.56671 536.11683
7115.53466 203.84937 6.89040 6.59922 537.92015
7115.55778 203.88066 6.89143 6.60023 537.99920
7116.20562 204.85356 6.92288 6.63172 538.80557
7116.55828 205.34195 6.93898 6.64753 539.85357
7116.90661 205.85774 6.95575 6.66423 540.44526
7117.55878 206.79787 6.98643 6.69467 541.81917
7117.60376 206.86192 6.98857 6.69674 541.90720
7118.23406 207.86611 7.01906 6.72925 542.88488
7118.55928 208.33528 7.03316 6.74444 544.28020
7118.90240 208.87029 7.05051 6.76176 544.37193
7119.55978 209.79658 7.08088 6.79174 546.18365
7119.61538 209.87448 7.08345 6.79427 546.33886
7120.27953 210.87866 7.11600 6.82677 547.11480
7120.56028 211.29293 7.12950 6.84019 547.80732
7120.97827 211.88285 7.14888 6.85928 548.95050
7121.56078 212.65371 7.17393 6.88424 549.76563
7121.72753 212.88703 7.18138 6.89179 549.72994
7122.41874 213.89121 7.21395 6.92430 550.72561
7122.56128 214.08338 7.22035 6.93052 551.32414
7123.09295 214.89540 7.24653 6.95681 552.00789
7123.56178 215.57228 7.26900 6.97872 552.87927
7123.78479 215.89958 7.27947 6.98932 553.43983
7124.36694 216.90377 7.30831 7.02183 554.06719
7124.56228 217.17738 7.31741 7.03068 554.59263
7125.05407 217.90795 7.34143 7.05433 555.37913
7125.56278 218.61777 7.36476 7.07731 556.95057
7125.76409 218.91213 7.37436 7.08684 557.35839
7126.41336 219.91632 7.40681 7.11935 557.95843
7126.56328 220.12025 7.41359 7.12595 558.46875
7127.11893 220.92050 7.43973 7.15186 559.81176
7127.56378 221.56646 7.46086 7.17277 560.79412
7127.80215 221.92469 7.47249 7.18437 561.17142
7128.47619 222.92887 7.50521 7.21688 562.34711
7128.56428 223.05371 7.50931 7.22092 562.60526
7129.11458 223.93305 7.53758 7.24938 562.70847
7129.56478 224.56359 7.55850 7.26980 563.95499
7129.83252 224.93724 7.57098 7.28189 564.83966
7130.41753 225.94142 7.59984 7.31440 565.21493
7130.56528 226.14406 7.60620 7.32096 565.33760
7131.14026 226.94561 7.63230 7.34691 565.45294
7131.56578 227.49111 7.65046 7.36457 567.33249
7131.87180 227.94979 7.66548 7.37942 567.97213
7132.56558 228.95397 7.69837 7.41193 569.53643
7132.56628 228.95494 7.69841 7.41196 569.53882
7133.19840 229.95816 7.73076 7.44444 569.82069
7133.56678 230.48119 7.74793 7.46137 570.82918
7133.90027 230.96234 7.76368 7.47694 571.59688
7134.56728 231.92173 7.79523 7.50800 573.19758
7134.59754 231.96653 7.79669 7.50945 573.25299
7135.23296 232.97071 7.82909 7.54196 573.59364
7135.56778 233.46265 7.84530 7.55789 574.16897
7135.88334 233.97490 7.86029 7.57447 574.87515
7136.51812 234.97908 7.89125 7.60698 575.96197
7136.56828 235.04821 7.89358 7.60922 576.09797
7137.17773 235.98326 7.92390 7.63949 576.76262
7137.56878 236.55545 7.94259 7.65801 577.55231
7137.86026 236.98745 7.95673 7.67199 578.06852
7138.56564 237.99163 7.98983 7.70450 580.11876
7138.56928 237.99681 7.99000 7.70467 580.12749
7139.28275 238.99582 8.02239 7.73701 580.66138
7139.56978 239.35495 8.03416 7.74864 581.22556
7139.98704 240.00000 8.05499 7.76952 581.42175
