7466.73337 183.21801 5.98417 5.93132 1354.81323
7467.73387 183.17119 5.98264 5.92980 1357.23256
7468.73437 183.09263 5.98007 5.92726 1359.65505
7469.73487 182.98508 5.97652 5.92378 1362.03036
7470.73537 182.82586 5.97129 5.91862 1364.42533
7471.05082 182.76151 5.96915 5.91654 1365.19785
7471.73587 182.65843 5.96571 5.91320 1366.84442
7472.73637 182.47770 5.95962 5.90735 1369.17273
7473.73687 182.28540 5.95323 5.90113 1371.43704
7474.73737 182.04137 5.94550 5.89323 1373.76101
7475.73787 181.77093 5.93742 5.88447 1375.81767
7475.77866 181.75732 5.93701 5.88403 1375.90218
7476.73837 181.46105 5.92889 5.87444 1377.99406
7477.73887 181.12079 5.91873 5.86342 1380.25986
7478.69678 180.75314 5.90680 5.85152 1382.43466
7478.73937 180.73991 5.90634 5.85109 1382.53069
7479.73987 180.42129 5.89570 5.84078 1384.77802
7480.74037 180.12537 5.88596 5.83120 1386.86111
7481.71886 179.74895 5.87363 5.81901 1388.98083
7481.74087 179.74203 5.87340 5.81879 1389.02736
7482.74137 179.40446 5.86237 5.80786 1391.11362
7483.74187 178.99038 5.84880 5.79446 1393.25875
7484.27330 178.74477 5.84073 5.78650 1394.24087
7484.74237 178.53522 5.83384 5.77972 1395.18414
7485.74287 178.03925 5.81760 5.76366 1397.38430
7486.32717 177.74059 5.80783 5.75400 1398.61109
7486.74337 177.55293 5.80167 5.74792 1399.46877
7487.74387 177.12858 5.78772 5.73418 1401.42790
7488.63216 176.73640 5.77488 5.72149 1403.17191
7488.74437 176.69417 5.77350 5.72012 1403.38931
7489.74487 176.29958 5.76059 5.70735 1405.25578
7490.74537 175.91231 5.74786 5.69481 1407.13774
7491.17311 175.73222 5.74194 5.68898 1407.92224
7491.74587 175.51842 5.73493 5.68206 1408.92222
7492.74637 175.17589 5.72374 5.67097 1410.58999
7493.74687 174.81456 5.71189 5.65927 1412.15677
7493.92718 174.72803 5.70904 5.65647 1412.49458
7494.74737 174.37561 5.69745 5.64506 1413.94089
7495.74787 174.00985 5.68552 5.63322 1415.54205
7496.49870 173.72385 5.67620 5.62396 1416.80686
7496.74837 173.63241 5.67318 5.62100 1417.19479
7497.74887 173.27386 5.66115 5.60939 1418.74423
7498.74937 172.90147 5.64894 5.59734 1420.33487
7499.16657 172.71967 5.64339 5.59145 1420.97699
7499.74987 172.46916 5.63630 5.58334 1421.87547
7500.75038 171.99212 5.62261 5.56790 1423.46776
7501.09696 171.71548 5.61376 5.55895 1424.11121
7501.75088 171.14557 5.59478 5.54050 1425.35100
7502.10387 170.71130 5.58062 5.52644 1426.15729
7502.49208 169.70711 5.54768 5.49393 1427.67237
7502.72766 168.70293 5.51485 5.46142 1429.04718
7502.75138 168.56393 5.51030 5.45692 1429.22872
7502.88933 167.69874 5.48188 5.42891 1430.44530
7503.01664 166.69456 5.44898 5.39640 1431.83308
7503.12766 165.69038 5.41609 5.36389 1433.19538
7503.20405 164.68619 5.38288 5.33139 1434.60046
7503.15820 163.68201 5.35284 5.29888 1435.78538
7502.90557 162.67782 5.32053 5.26637 1436.98694
7502.75138 162.40891 5.31168 5.25766 1437.25992
7501.75088 161.70220 5.28859 5.23479 1437.60722
7500.75038 161.86757 5.29400 5.24014 1436.85966
7499.74987 162.02372 5.29921 5.24519 1435.95280
7498.74937 162.21634 5.30549 5.25143 1435.09183
7497.74887 162.60237 5.31805 5.26393 1433.84702
7497.55816 162.67782 5.32055 5.26637 1433.60548
7496.74837 162.96998 5.33032 5.27583 1432.63352
7495.74787 163.14265 5.33615 5.28142 1431.76901
7494.74737 163.22131 5.33875 5.28396 1430.94451
7493.74687 163.39683 5.34440 5.28965 1430.10250
7493.05732 163.68201 5.35292 5.29888 1429.21882
7492.74637 163.82321 5.35692 5.30345 1428.80406
7491.74587 164.40622 5.37380 5.32232 1427.25101
7491.27862 164.68619 5.38292 5.33139 1426.40781
7490.74537 164.95605 5.39202 5.34012 1425.51480
7489.74487 165.42073 5.40739 5.35517 1423.97765
7489.16546 165.69038 5.41618 5.36389 1423.03463
7488.74437 165.86724 5.42196 5.36962 1422.36180
7487.74387 166.17962 5.43218 5.37973 1420.98786
7486.74337 166.56365 5.44478 5.39217 1419.37940
7486.47661 166.69456 5.44908 5.39640 1418.87383
7485.74287 167.03788 5.46036 5.40752 1417.52419
7484.74237 167.39940 5.47219 5.41922 1415.95494
7483.74187 167.68145 5.48141 5.42835 1414.44101
7483.70336 167.69874 5.48197 5.42891 1414.36730
7482.74137 168.08263 5.49466 5.44134 1412.59923
7481.74087 168.63346 5.51266 5.45917 1410.26900
7481.62726 168.70293 5.51493 5.46142 1409.98535
7480.74037 169.17774 5.53047 5.47679 1407.95061
7479.73987 169.65926 5.54633 5.49238 1405.61580
7479.61617 169.70711 5.54789 5.49393 1405.33119
7478.73937 170.02001 5.55813 5.50406 1403.50980
7477.73887 170.24618 5.56553 5.51138 1401.60192
7476.73837 170.52752 5.57481 5.52049 1399.46437
7476.26994 170.71130 5.58083 5.52644 1398.31410
7475.73787 170.92695 5.58784 5.53342 1396.96941
7474.73737 171.29333 5.59989 5.54528 1394.55977
7473.75725 171.71548 5.61396 5.55895 1391.74198
7473.73687 171.72530 5.61429 5.55926 1391.68073
7472.73637 172.11583 5.62647 5.57191 1388.90123
7471.73587 172.45057 5.63596 5.58274 1386.20500
7470.92811 172.71967 5.64359 5.59145 1383.90691
7470.73537 172.78119 5.64540 5.59345 1383.33207
7469.73487 172.99439 5.65211 5.60035 1380.64104
7468.73437 173.12430 5.65632 5.60455 1378.03171
7467.73387 173.20780 5.65913 5.60726 1375.35838
7466.73337 173.24824 5.66041 5.60857 1372.65918
7465.73287 173.26288 5.66097 5.60904 1370.24711
7464.73237 173.24499 5.66037 5.60846 1367.40759
7463.73187 173.16102 5.65748 5.60574 1364.67268
7462.73137 173.01032 5.65266 5.60086 1361.92976
7461.73087 172.79912 5.64588 5.59403 1359.24414
7461.41609 172.71967 5.64345 5.59145 1358.37652
7460.73037 172.56375 5.63908 5.58641 1356.33258
7459.72986 172.35314 5.63317 5.57959 1353.18198
7458.72936 172.14960 5.62738 5.57300 1349.89486
7457.72886 171.93830 5.62106 5.56616 1346.71276
7457.03698 171.71548 5.61379 5.55895 1344.58944
7456.72836 171.62237 5.61083 5.55593 1343.49626
7455.72786 171.16626 5.59557 5.54117 1340.45352
7455.01178 170.71130 5.58061 5.52644 1338.32712
7454.72736 170.52407 5.57452 5.52038 1337.43907
7453.72686 169.76564 5.54966 5.49582 1334.55645
7453.65857 169.70711 5.54773 5.49393 1334.36185
7452.72636 168.89759 5.52122 5.46772 1331.62530
7452.49206 168.70293 5.51485 5.46142 1330.87020
7451.72586 168.12437 5.49581 5.44269 1328.16267
7451.10590 167.69874 5.48188 5.42891 1325.77602
7450.72536 167.44008 5.47336 5.42054 1324.23472
7449.81105 166.69456 5.44890 5.39640 1320.62597
7449.72486 166.61861 5.44639 5.39394 1320.26682
7448.91090 165.69038 5.41598 5.36389 1317.24096
7448.72436 165.45607 5.40836 5.35631 1316.69237
7448.04571 164.68619 5.38276 5.33139 1314.35132
7447.72386 164.25488 5.36901 5.31742 1313.06048
7447.29212 163.68201 5.35276 5.29888 1311.06004
7446.72336 163.07489 5.33367 5.27922 1308.23373
7446.35815 162.67782 5.32035 5.26637 1306.41992
7445.72286 161.89925 5.29491 5.24116 1303.21009
7445.54787 161.67364 5.28749 5.23386 1302.29679
7444.92335 160.66946 5.25454 5.20135 1299.11173
7444.72236 160.29510 5.24226 5.18923 1298.06350
7444.41955 159.66527 5.22161 5.16884 1296.54784
7444.02460 158.66109 5.18870 5.13634 1294.60663
7443.72186 157.87388 5.16290 5.11085 1292.94697
7443.63574 157.65690 5.15580 5.10383 1292.44882
7443.24490 156.65272 5.12287 5.07132 1290.11075
7442.83118 155.64854 5.08984 5.03881 1287.46787
7442.72136 155.35739 5.08012 5.02938 1286.71826
7442.44087 154.64435 5.05894 5.00630 1284.66412
7442.06215 153.64017 5.02738 4.97379 1281.83134
7441.72712 152.63598 4.99446 4.94128 1279.26151
7441.72086 152.61849 4.99388 4.94072 1279.21244
7441.36033 151.63180 4.96153 4.90878 1276.18592
7441.07870 150.62762 4.92864 4.87627 1273.62523
7440.78209 149.62343 4.89576 4.84376 1270.84462
7440.72036 149.41158 4.88882 4.83690 1270.26151
7440.47525 148.61925 4.86274 4.81125 1267.87924
7440.19894 147.61506 4.82992 4.77874 1265.38148
7439.96066 146.61088 4.79695 4.74623 1263.02480
7439.74630 145.60669 4.76773 4.71373 1260.77990
7439.71986 145.51655 4.76481 4.71081 1260.50056
7439.50422 144.60251 4.73444 4.68122 1258.04146
7439.37208 143.59833 4.70158 4.64871 1256.20743
7439.22930 142.59414 4.66869 4.61620 1254.11157
7439.08716 141.58996 4.63579 4.58369 1252.02048
7438.92715 140.58577 4.60291 4.55118 1249.65315
7438.78217 139.58159 4.57004 4.51867 1247.40277
7438.71936 139.13138 4.55529 4.50410 1246.44483
7438.64128 138.57741 4.53722 4.48617 1245.21749
7438.50680 137.57322 4.50406 4.45366 1243.03916
7438.39659 136.56904 4.47477 4.42115 1241.24663
7438.27822 135.56485 4.44175 4.38864 1239.21105
7438.16775 134.56067 4.40895 4.35613 1237.34115
7438.04981 133.55649 4.37607 4.32362 1235.35454
7437.91171 132.55230 4.34317 4.29112 1233.22473
7437.74728 131.54812 4.31027 4.25861 1230.72886
7437.71886 131.40476 4.30557 4.25397 1230.32086
7437.55677 130.54393 4.27736 4.22610 1227.95919
7437.35328 129.53975 4.24446 4.19359 1225.04923
7437.13907 128.53556 4.21314 4.16108 1222.10601
7436.92925 127.53138 4.18211 4.12857 1219.21388
7436.74571 126.52720 4.14912 4.09606 1216.68654
7436.71836 126.36893 4.14394 4.09094 1216.31949
7436.59834 125.52301 4.11615 4.06356 1214.67487
7436.48170 124.51883 4.08329 4.03105 1213.27146
7436.37327 123.51464 4.05038 3.99854 1212.02505
7436.25501 122.51046 4.01745 3.96603 1210.79806
7436.12146 121.50628 3.98456 3.93352 1209.42603
7435.95994 120.50209 3.95172 3.90101 1207.90294
7435.76016 119.49791 3.91948 3.86851 1205.89223
7435.71786 119.32003 3.91438 3.86275 1205.44144
7435.54112 118.49372 3.88929 3.83600 1203.64118
7435.31995 117.48954 3.85614 3.80349 1201.63285
7435.09522 116.48536 3.82319 3.77098 1199.72916
7434.80036 115.48117 3.79026 3.73847 1196.88779
7434.71736 115.23705 3.78225 3.73057 1196.06672
7434.47625 114.47699 3.75731 3.70596 1193.81626
7434.16350 113.47280 3.72437 3.67346 1191.01702
7433.81623 112.46862 3.69138 3.64095 1187.77890
7433.71686 112.22242 3.68334 3.63298 1186.80845
7433.47447 111.46444 3.65814 3.60844 1184.88936
7433.22947 110.46025 3.62854 3.57593 1183.39308
7432.91384 109.45607 3.59571 3.54342 1181.28994
7432.71636 108.95233 3.57925 3.52711 1179.61676
7432.52504 108.45188 3.56282 3.51091 1178.08297
7432.16378 107.44770 3.52987 3.47840 1175.55895
7431.74759 106.44351 3.49691 3.44590 1172.96278
7431.71586 106.37568 3.49468 3.44370 1172.76760
7431.28537 105.43933 3.46395 3.41339 1170.28418
7430.82080 104.43515 3.43091 3.38088 1166.99499
7430.71536 104.22551 3.42400 3.37409 1166.10060
7430.38039 103.43096 3.39787 3.34837 1163.93236
7429.94779 102.42678 3.36469 3.31586 1161.45649
7429.71486 101.94993 3.34948 3.30043 1159.76997
7429.48114 101.42259 3.33439 3.28335 1158.10200
7429.06409 100.41841 3.30219 3.25085 1156.18205
7428.71436 99.70975 3.27901 3.22790 1154.08868
7428.56179 99.41423 3.26932 3.21834 1153.17196
7428.07615 98.41004 3.23629 3.18583 1150.72317
7427.71386 97.76345 3.21498 3.16490 1148.34831
7427.51748 97.40586 3.20324 3.15332 1147.16980
7426.95084 96.40167 3.17029 3.12081 1143.78812
7426.71336 96.04141 3.15838 3.10915 1142.06750
7426.34245 95.39749 3.13722 3.08830 1139.92958
7425.76377 94.39331 3.10425 3.05579 1136.92632
7425.71286 94.31737 3.10173 3.05334 1136.59684
7425.16779 93.38912 3.07154 3.02329 1133.79928
7424.71236 92.60738 3.04882 2.99798 1130.94074
7424.56857 92.38494 3.04162 2.99078 1130.07454
7423.92344 91.38075 3.00836 2.95827 1126.80139
7423.71186 91.09078 2.99883 2.94888 1125.37866
7423.24532 90.37657 2.97527 2.92576 1122.86671
7422.71136 89.66042 2.95175 2.90258 1119.73208
7422.47636 89.37238 2.94223 2.89325 1118.54407
7421.79439 88.36820 2.90920 2.86074 1116.68024
7421.71086 88.25921 2.90563 2.85722 1116.17408
7421.03947 87.36402 2.87617 2.82824 1112.22472
7420.71036 86.94938 2.86251 2.81481 1110.20174
7420.23784 86.35983 2.84315 2.79573 1107.27348
7419.70985 85.72270 2.82218 2.77510 1103.94440
7419.41704 85.35565 2.81022 2.76322 1102.21210
7418.70935 84.49824 2.78171 2.73546 1098.13844
7418.58097 84.35146 2.77703 2.73071 1097.24383
7417.81976 83.34728 2.74776 2.69820 1092.55609
7417.70885 83.22279 2.74371 2.69417 1091.80246
7416.92495 82.34310 2.71459 2.66569 1086.83439
7416.70835 82.10411 2.70688 2.65796 1085.39669
7416.01577 81.33891 2.68187 2.63318 1081.02386
7415.70785 81.01597 2.67155 2.62273 1078.85471
7415.06704 80.33473 2.64953 2.60068 1074.54419
7414.70735 79.96817 2.63632 2.58881 1071.97638
7414.12648 79.33054 2.61322 2.56817 1068.29330
7413.70685 78.83842 2.59685 2.55224 1066.25627
7413.19458 78.32636 2.57972 2.53566 1063.71795
7412.70635 77.85182 2.56373 2.52030 1061.13332
7412.21085 77.32218 2.54655 2.50315 1057.89469
7411.70585 76.81072 2.52983 2.48659 1054.09426
7411.25425 76.31799 2.51342 2.47064 1051.50487
7410.70535 75.67469 2.49289 2.44982 1048.64392
7410.39087 75.31381 2.48277 2.43813 1046.22345
7409.70485 74.45114 2.45541 2.41021 1043.39903
7409.59582 74.30962 2.45053 2.40563 1043.20587
7408.70435 73.30932 2.41746 2.37324 1038.59042
7408.70055 73.30544 2.41732 2.37312 1038.56542
7407.70385 72.30295 2.38401 2.34066 1031.72718
7407.70226 72.30126 2.38396 2.34061 1031.71803
7406.86647 71.29707 2.34965 2.30810 1029.07123
7406.70335 71.12777 2.34395 2.30262 1028.09773
7405.80907 70.29289 2.31634 2.27559 1021.30116
7405.70285 70.19788 2.31300 2.27252 1020.35700
7404.84452 69.28870 2.28242 2.24308 1016.67262
7404.70235 69.15023 2.27781 2.23860 1016.24068
7403.70185 68.31605 2.24918 2.21160 1008.25619
7403.67170 68.28452 2.24813 2.21057 1008.07727
7402.70135 67.29641 2.21431 2.17859 1002.46759
7402.68305 67.28033 2.21373 2.17807 1002.32042
7401.70085 66.39910 2.18534 2.14954 993.94787
7401.59012 66.27615 2.18161 2.14556 993.17466
7400.72140 65.27197 2.14855 2.11305 989.25300
7400.70035 65.25147 2.14786 2.11239 989.12841
7399.70443 64.26778 2.11344 2.08054 982.97549
7399.69985 64.26343 2.11328 2.08040 982.94326
7398.70077 63.26360 2.07918 2.04803 976.95818
7398.69935 63.26222 2.07913 2.04799 976.94863
7397.69885 62.46920 2.05192 2.02232 966.46365
7397.47632 62.25941 2.04485 2.01552 964.81858
7396.69835 61.35115 2.01157 1.98612 962.47360
7396.59725 61.25523 2.00825 1.98302 961.83578
7395.69785 60.50234 1.98239 1.95864 955.79045
7395.45017 60.25105 1.97323 1.95051 954.27882
7394.69735 59.50413 1.94769 1.92633 948.84046
7394.43637 59.24686 1.93880 1.91800 946.95170
7393.69685 58.50887 1.91166 1.89411 941.85923
7393.39549 58.24268 1.90287 1.88549 938.93517
7392.69635 57.49222 1.87937 1.86120 933.05424
7392.49564 57.23849 1.87121 1.85298 931.98722
7391.69585 56.32228 1.83958 1.82332 928.18152
7391.61312 56.23431 1.83626 1.82047 927.62539
7390.69535 55.34140 1.80591 1.79157 919.59526
7390.58755 55.23013 1.80256 1.78796 918.76657
7389.71720 54.22594 1.76553 1.75546 914.00722
7389.69485 54.20144 1.76473 1.75466 913.85941
7388.78862 53.22176 1.73218 1.72295 907.42973
7388.69435 53.12903 1.72849 1.71995 906.60331
7387.87491 52.21757 1.69920 1.69044 901.01080
7387.69385 52.02229 1.69316 1.68412 899.63976
7386.79386 51.21339 1.66306 1.65793 892.52540
7386.69335 51.11173 1.66016 1.65464 891.98105
7385.81980 50.20921 1.63031 1.62542 885.15980
7385.69285 50.08880 1.62599 1.62152 883.93979
7384.81218 49.20502 1.59931 1.59291 876.74609
7384.69235 49.08244 1.59482 1.58895 875.76076
7383.79336 48.20084 1.56912 1.56041 866.40172
7383.69185 48.09245 1.56643 1.55690 865.54858
7382.76297 47.19665 1.53509 1.52790 857.57332
7382.69135 47.13276 1.53288 1.52583 856.87814
7381.69085 46.25864 1.50796 1.49753 846.94121
7381.61199 46.19247 1.50537 1.49539 846.13860
7380.69035 45.47835 1.48371 1.47227 835.88252
7380.31695 45.18828 1.47671 1.46288 831.85421
7379.68984 44.71035 1.45825 1.44741 825.01550
7378.88616 44.18410 1.44583 1.43037 815.03866
7378.68934 44.03588 1.44149 1.42557 813.36019
7377.68884 43.38356 1.41846 1.40446 802.90263
7377.41252 43.17992 1.41216 1.39786 799.68372
7376.68834 42.64822 1.39659 1.38065 791.76162
7376.08300 42.17573 1.38060 1.36535 785.50106
7375.68784 41.84056 1.36810 1.35450 781.68472
7374.91333 41.17155 1.34781 1.33285 774.30355
7374.68734 40.95296 1.34087 1.32577 772.43575
7373.75121 40.16736 1.31274 1.30034 762.85599
7373.68684 40.11093 1.31154 1.29851 762.16339
7372.68634 39.36235 1.29058 1.27428 750.46020
7372.41250 39.16318 1.28274 1.26783 747.42235
7371.68584 38.75737 1.26963 1.25469 738.24249
7370.68534 38.20849 1.25266 1.23692 725.57531
7370.60645 38.15900 1.25112 1.23532 724.63366
7369.68484 37.59178 1.23009 1.21696 713.60220
7368.76600 37.15481 1.21474 1.20281 703.37531
7368.68434 37.11014 1.21328 1.20137 702.38053
7367.68384 36.56415 1.19676 1.18369 689.78515
7366.88658 36.15063 1.18272 1.17030 679.84147
7366.68334 36.05260 1.17919 1.16713 677.23900
7365.68284 35.53660 1.16171 1.15043 664.78806
7365.10341 35.14644 1.14895 1.13780 658.37714
7364.68234 34.80456 1.13572 1.12673 654.17440
7363.83251 34.14226 1.11239 1.10529 645.32351
7363.68184 34.00727 1.10808 1.10092 643.87148
7362.68134 33.20910 1.07936 1.07508 633.35087
7362.58489 33.13808 1.07678 1.07278 632.29058
7361.68084 32.52895 1.05600 1.05306 621.83955
7360.98483 32.13389 1.04270 1.04027 613.92274
7360.68034 31.98741 1.03777 1.03553 610.75153
7359.67984 31.56370 1.02186 1.02181 598.59621
7358.67934 31.15344 1.00755 1.00853 585.90624
7358.63013 31.12971 1.00686 1.00776 585.29510
7357.67884 30.60853 0.99148 0.99089 573.64811
7356.81084 30.12552 0.97445 0.97525 563.27032
7356.67834 30.05089 0.97162 0.97284 561.72105
7355.67784 29.48679 0.95139 0.95458 550.15403
7355.03000 29.12134 0.93867 0.94275 542.61762
7354.67734 28.93526 0.93178 0.93672 538.45327
7353.67684 28.48700 0.91476 0.92221 526.49888
7352.86771 28.11715 0.90246 0.91024 516.94555
7352.67634 28.02189 0.89929 0.90715 514.70663
7351.67584 27.58321 0.88309 0.89295 503.44703
7350.67534 27.12331 0.86538 0.87806 492.67175
7350.65652 27.11297 0.86499 0.87773 492.45067
7349.67484 26.54334 0.84591 0.85929 481.28077
7348.83800 26.10879 0.83000 0.84522 471.72415
7348.67434 26.02404 0.82670 0.84248 469.84548
7347.67384 25.54585 0.80853 0.82700 458.46436
7346.78511 25.10460 0.79393 0.81271 448.41505
7346.67334 25.04796 0.79190 0.81088 447.15220
7345.67284 24.57055 0.77357 0.79542 435.87795
7344.73456 24.10042 0.75598 0.78020 425.39912
7344.67234 24.06388 0.75480 0.77902 424.71278
7343.67184 23.55580 0.73821 0.76257 413.45744
7342.67134 23.15869 0.72275 0.74972 403.63802
7342.54689 23.09623 0.72033 0.74769 402.30074
7341.67084 22.56245 0.70163 0.73041 392.45090
7340.92056 22.09205 0.68769 0.71519 384.14799
7340.67034 21.94428 0.68272 0.71040 381.36776
7339.66983 21.43058 0.66269 0.69377 370.38754
7338.66933 21.08963 0.65072 0.68273 359.97687
7338.66162 21.08787 0.65067 0.68268 359.89971
7337.66883 20.90478 0.64530 0.67675 350.19095
7336.66833 20.69338 0.63789 0.66991 340.49761
7335.66783 20.39937 0.62587 0.66039 330.76038
7334.87430 20.08368 0.61199 0.65017 322.87977
7334.66733 19.97446 0.60829 0.64663 320.72138
7333.66683 19.49746 0.59431 0.63119 311.44082
7332.84212 19.07950 0.57955 0.61766 303.22473
7332.66633 18.99206 0.57616 0.61483 301.42500
7331.66583 18.50733 0.55737 0.59914 291.45623
7330.86189 18.07531 0.54369 0.58515 283.28069
7330.66533 17.95029 0.53946 0.58110 281.19098
7329.66483 17.42140 0.51935 0.56398 271.06968
7328.66433 17.09744 0.50656 0.55350 262.22570
7328.53746 17.07113 0.50563 0.55264 261.20365
7327.66383 16.90504 0.50022 0.54727 254.33439
7326.66333 16.69541 0.49428 0.54048 246.55453
7325.66283 16.38739 0.48342 0.53051 238.45425
7324.81605 16.06695 0.46972 0.52014 231.87923
7324.66233 16.00273 0.46727 0.51806 230.56254
7323.66183 15.48943 0.45056 0.50144 221.29383
7322.91524 15.06276 0.43684 0.48763 214.17496
7322.66133 14.90193 0.43089 0.48242 211.64457
7321.66083 14.40182 0.41092 0.46623 202.67527
7320.66033 14.09527 0.40142 0.45631 195.25852
7320.45159 14.05858 0.40069 0.45512 193.92903
7319.65983 13.93112 0.39707 0.45099 189.14244
7318.65933 13.71229 0.39014 0.44391 182.81071
7317.65883 13.37520 0.37650 0.43300 175.95501
7317.03811 13.05439 0.36546 0.42261 171.08719
7316.65833 12.82482 0.35802 0.41518 167.92006
7315.65783 12.37224 0.34642 0.40053 160.83765
7314.81510 12.05021 0.33673 0.39010 154.86099
7314.65733 11.99632 0.33472 0.38836 153.82024
7313.65683 11.72440 0.32290 0.37955 147.95646
7312.65633 11.44435 0.31126 0.37049 142.22806
7311.65583 11.20611 0.30450 0.36278 137.01439
7310.74357 11.04603 0.30073 0.35759 132.91806
7310.65533 11.03060 0.30053 0.35709 132.52615
7309.65483 10.86655 0.29689 0.35178 128.28931
7308.65433 10.62595 0.28816 0.34399 123.53927
7307.65383 10.31313 0.27439 0.33387 118.48012
7307.07360 10.04184 0.26551 0.32508 114.86292
7306.65333 9.79369 0.25839 0.31705 111.68443
7305.65283 9.38034 0.24806 0.30367 105.84896
7304.65233 9.11530 0.23890 0.29509 101.47728
7304.37333 9.03766 0.23558 0.29258 100.25108
7303.65183 8.82334 0.22638 0.28564 97.01840
7302.65133 8.52771 0.21630 0.27607 92.65713
7301.65083 8.24143 0.20978 0.26680 88.51848
7300.84053 8.03347 0.20495 0.26007 85.47617
7300.65033 7.98704 0.20354 0.25856 84.79500
7299.64982 7.75270 0.19417 0.25098 81.37391
7298.64932 7.51771 0.18358 0.24337 78.08794
7297.64882 7.31791 0.17595 0.23690 75.28159
7296.64832 7.09091 0.16992 0.22955 72.21918
7296.41371 7.02929 0.16885 0.22756 71.43859
7295.64782 6.79540 0.16405 0.21999 68.61713
7294.64732 6.47180 0.15505 0.20951 64.84294
7293.64682 6.17448 0.14314 0.19989 61.39617
7292.64632 6.03439 0.13640 0.19535 59.49417
7291.66235 6.02510 0.13537 0.19505 58.86059
7291.64582 6.02495 0.13540 0.19505 58.84987
7290.64532 5.98742 0.13376 0.19383 57.99722
7289.64482 5.78803 0.12839 0.18738 55.73340
7288.64432 5.48741 0.12312 0.17764 52.47842
7287.64382 5.19793 0.11728 0.16827 49.40984
7286.98651 5.02092 0.11200 0.16254 47.62130
0.00000 0.00000 0.00000 0.00000 0.00000
