7128.51129 242.57623 8.12033 7.85292 710.09572
7128.00743 241.87728 8.09710 7.83029 709.18675
7127.49146 241.13042 8.07264 7.80612 708.57872
7127.36757 240.97590 8.06750 7.80111 708.04118
7126.62365 239.96572 8.03420 7.76841 706.17885
7126.49210 239.79376 8.02846 7.76284 705.73724
7125.87880 238.92074 7.99997 7.73458 704.84854
7125.54130 238.48422 7.98549 7.72045 703.61682
7125.01876 237.74498 7.96126 7.69652 702.78709
7124.35550 236.70836 7.92770 7.66296 703.34684
7124.34772 236.69968 7.92741 7.66268 703.29651
7123.73342 235.75061 7.89653 7.63195 703.62764
7123.49602 235.42283 7.88574 7.62134 703.08910
7123.10695 234.87826 7.86778 7.60371 702.53798
7122.50397 234.03794 7.84163 7.57651 700.45994
7122.27410 233.71298 7.83212 7.56599 699.26815
7121.63975 232.73354 7.80095 7.53428 700.39186
7121.50011 232.54813 7.79492 7.52828 700.42699
7120.99163 231.83473 7.77199 7.50519 700.97863
7120.47576 231.09527 7.74758 7.48125 700.24083
7120.26389 230.80228 7.73801 7.47176 699.72177
7119.57237 229.79493 7.70518 7.43915 699.23568
7119.45852 229.64093 7.70007 7.43417 698.95035
7118.84888 228.75543 7.67132 7.40550 698.40239
7118.41213 228.10442 7.65016 7.38442 698.32459
7118.20203 227.79252 7.63993 7.37433 698.26860
7117.51475 226.81532 7.60799 7.34269 697.30442
7117.55437 226.87149 7.60981 7.34451 697.36021
7116.85842 225.93924 7.57899 7.31433 695.56139
7116.52249 225.50219 7.56598 7.30018 693.47478
7116.06205 224.84967 7.54639 7.27906 691.84577
7115.53036 224.12653 7.52228 7.25565 690.81509
7115.21911 223.69385 7.50816 7.24164 690.18475
7114.56496 222.68771 7.47565 7.20907 690.72244
7114.48112 222.58174 7.47216 7.20564 690.39950
7113.93239 221.79971 7.44650 7.18032 689.62203
7113.50747 221.20490 7.42696 7.16107 688.86481
7113.25238 220.85992 7.41583 7.14990 688.78625
7112.51775 219.85198 7.38316 7.11727 689.62258
7112.28473 219.50304 7.37186 7.10597 689.76814
7111.76648 218.64497 7.34449 7.07819 690.97636
7111.53090 218.34815 7.33464 7.06858 690.04501
7111.11127 217.76440 7.31554 7.04969 689.34885
7110.45168 216.81008 7.28409 7.01879 689.07696
7110.38298 216.71649 7.28123 7.01576 688.81507
7109.71526 215.73489 7.25239 6.98399 686.70060
7109.58066 215.54974 7.24631 6.97799 686.42119
7109.19253 215.05269 7.22962 6.96190 685.26233
7108.68029 214.45628 7.20983 6.94259 682.35949
7108.16189 213.77017 7.18707 6.92038 680.93195
7107.44263 212.72914 7.15330 6.88668 680.54008
7107.45460 212.74724 7.15388 6.88727 680.53292
7106.76086 211.75811 7.12148 6.85525 679.90103
7106.47186 211.35826 7.10839 6.84230 679.44201
7106.04929 210.75110 7.08880 6.82265 679.15784
7105.48878 209.96655 7.06294 6.79725 678.45726
7105.27753 209.67027 7.05322 6.78766 678.22413
7104.62424 208.69554 7.02179 6.75610 678.37158
7104.52403 208.57351 7.01764 6.75215 677.98101
7103.95182 207.78328 6.99373 6.72657 676.83817
7103.50797 207.16853 6.97546 6.70667 676.80779
7103.22918 206.78816 6.96302 6.69435 676.95460
7102.50383 205.78634 6.92995 6.66192 675.59708
7102.46541 205.73312 6.92820 6.66020 675.54302
7101.80132 204.79290 6.89788 6.62976 675.05291
7101.56040 204.49601 6.88796 6.62015 674.04516
7101.01806 203.75266 6.86338 6.59608 673.17077
7100.51914 203.04748 6.84075 6.57326 672.76668
7100.38646 202.88843 6.83546 6.56811 672.13710
7099.60360 201.86425 6.80157 6.53495 670.02595
7099.41753 201.60798 6.79317 6.52666 669.77113
7098.82854 200.73571 6.76509 6.49842 670.09988
7098.57024 200.42410 6.75464 6.48833 668.92961
7098.09300 199.76957 6.73298 6.46714 668.25339
7097.53172 199.00388 6.70833 6.44235 667.36356
7097.30427 198.70199 6.69929 6.43258 666.23175
7096.60146 197.68989 6.66852 6.39981 664.87074
7096.52677 197.59539 6.66534 6.39676 664.66198
7095.94028 196.79567 6.63904 6.37087 663.53397
7095.54631 196.28010 6.62213 6.35418 663.26690
7095.19054 195.79361 6.60649 6.33843 664.04990
7094.56573 194.96576 6.57986 6.31163 664.01598
7094.36271 194.69877 6.57090 6.30298 663.39795
7093.62941 193.65396 6.53700 6.26916 663.15529
7093.39723 193.31261 6.52621 6.25811 663.37238
7092.96265 192.66015 6.50497 6.23699 663.96738
7092.53433 192.07964 6.48608 6.21819 663.40863
7092.34228 191.82717 6.47796 6.21002 662.95654
7091.58399 190.83992 6.44516 6.17806 661.35945
7091.60242 190.86462 6.44598 6.17886 661.38415
7090.83523 189.88367 6.41596 6.14710 657.48158
7090.59494 189.59295 6.40720 6.13769 655.95878
7089.97312 188.77044 6.37971 6.11107 654.97283
7089.54805 188.19561 6.36105 6.09246 654.38515
7089.25378 187.81175 6.34877 6.08003 653.73790
7088.58510 186.93980 6.31980 6.05180 652.31533
7088.41515 186.72062 6.31267 6.04471 651.93499
7087.69038 185.72097 6.28046 6.01234 651.29695
7087.51454 185.49421 6.27286 6.00500 650.76766
7086.89278 184.63217 6.24506 5.97710 651.78000
7086.43514 183.95986 6.22399 5.95533 654.06422
7086.30566 183.77653 6.21810 5.94940 654.33436
7085.59639 182.86240 6.18763 5.91980 652.53661
7085.56301 182.82116 6.18626 5.91847 652.42191
7084.79171 181.82912 6.15477 5.88635 650.41009
7084.54382 181.51895 6.14529 5.87631 648.89722
7083.96074 180.72265 6.12088 5.85053 647.51048
7083.60964 180.25891 6.10573 5.83552 647.20802
7083.35557 179.94954 6.09541 5.82551 646.29945
7082.71743 179.19933 6.07021 5.80122 643.48224
7082.43946 178.85855 6.05899 5.79019 642.56040
7081.63489 177.85048 6.02563 5.75755 640.37617
7081.45815 177.61563 6.01786 5.74995 640.18790
7080.80525 176.69057 5.98818 5.72000 640.66208
7080.63021 176.48823 5.98142 5.71345 639.85611
7079.99965 175.67780 5.95429 5.68722 638.63784
7079.44501 174.87750 5.92936 5.66131 639.40031
7079.36781 174.76772 5.92584 5.65776 639.48860
7078.60803 173.79991 5.89366 5.62642 637.81136
7078.54066 173.71224 5.89092 5.62359 637.66859
7077.82211 172.75393 5.86009 5.59256 637.76192
7077.64730 172.54819 5.85401 5.58590 637.15904
7077.03362 171.77635 5.83116 5.56092 635.97104
7076.57743 171.17623 5.81129 5.54149 635.60141
7076.27445 170.78932 5.79844 5.52896 634.90742
7075.62050 169.95966 5.77090 5.50210 633.71545
7075.53317 169.85286 5.76741 5.49865 633.47904
7074.71729 168.85187 5.73455 5.46624 631.21149
7074.64295 168.76191 5.73148 5.46333 630.98386
7073.87834 167.80887 5.70065 5.43248 629.25421
7073.55416 167.39769 5.68716 5.41917 628.70554
7073.05465 166.72487 5.66495 5.39738 628.68051
7072.61589 166.17355 5.64731 5.37954 627.91286
7072.34215 165.82393 5.63581 5.36822 627.47983
7071.67219 165.00824 5.60845 5.34181 625.66553
7071.46565 164.75354 5.59997 5.33357 625.31938
7070.68622 163.74954 5.56921 5.30106 622.71793
7070.62143 163.67378 5.56693 5.29861 622.25813
7069.91827 162.78251 5.53799 5.26976 620.90085
7069.64287 162.44649 5.52711 5.25888 620.25722
7069.11190 161.78144 5.50502 5.23735 619.01382
7068.64348 161.19519 5.48579 5.21837 618.94347
7068.35252 160.83893 5.47495 5.20684 619.46815
7067.68588 160.03503 5.44845 5.18081 619.24179
7067.46850 159.77082 5.43961 5.17226 618.63004
7066.66483 158.75646 5.40693 5.13942 617.46918
7066.54584 158.60581 5.40187 5.13455 617.35515
7065.82996 157.65375 5.37097 5.10372 617.59672
7065.64307 157.40350 5.36295 5.09562 617.70087
7065.22862 156.90811 5.34623 5.07959 616.63814
7064.79235 156.42204 5.32970 5.06385 614.65425
7064.38105 155.95240 5.31411 5.04865 613.11622
7063.75780 155.25438 5.29053 5.02605 610.65029
7063.33599 154.74155 5.27468 5.00945 608.59836
7062.61430 153.82232 5.24677 4.97969 606.66107
7062.63997 153.85883 5.24795 4.98087 606.56041
7061.79681 152.86107 5.21407 4.94857 604.48216
7061.65783 152.70143 5.20882 4.94340 604.01733
7060.92156 151.78935 5.17952 4.91388 603.05143
7060.71617 151.55193 5.17125 4.90619 602.24884
7060.10130 150.82127 5.14761 4.88254 601.61451
7059.69532 150.33050 5.13207 4.86665 602.54483
7059.20013 149.74155 5.11215 4.84758 602.47793
7058.56800 148.92645 5.08627 4.82120 602.31181
7058.49440 148.81860 5.08284 4.81770 602.62221
7057.74791 147.95400 5.05338 4.78971 600.57654
7057.59883 147.78115 5.04772 4.78412 600.14984
7056.77825 146.77884 5.01448 4.75167 599.28572
7056.83948 146.84980 5.01686 4.75397 599.47472
7056.05370 145.99549 4.99025 4.72631 593.78013
7055.77670 145.70238 4.98105 4.71682 591.75400
7055.04898 144.85637 4.95266 4.68944 590.07913
7054.75390 144.51735 4.94122 4.67846 589.22148
7054.19613 143.87418 4.92025 4.65764 587.69864
7053.72164 143.33445 4.90214 4.64017 586.27356
7053.26839 142.78469 4.88366 4.62237 585.77346
7052.73406 142.15036 4.86334 4.60183 584.93383
7052.50514 141.89512 4.85476 4.59357 584.09306
7051.78265 141.07864 4.82714 4.56714 582.03099
7051.45306 140.69647 4.81541 4.55477 582.54877
7050.64903 139.67115 4.78180 4.52157 585.35835
7050.67233 139.70787 4.78294 4.52276 585.16710
7049.90400 138.77082 4.75282 4.49243 584.30839
7049.77404 138.63032 4.74772 4.48788 583.83402
7049.08946 137.84814 4.72129 4.46256 582.36625
7048.84716 137.56557 4.71235 4.45341 582.02092
7048.30851 137.00117 4.69415 4.43514 577.80108
7047.87500 136.54350 4.67992 4.42032 574.45388
7047.37096 135.99928 4.66200 4.40270 572.50941
7046.85746 135.47392 4.64343 4.38570 569.88613
7046.29308 134.83311 4.62213 4.36495 568.53036
7045.77925 134.24002 4.60243 4.34575 567.54168
7045.46590 133.89747 4.59081 4.33466 566.49325
7044.79429 133.15108 4.56579 4.31050 564.56249
7044.47896 132.79041 4.55380 4.29882 563.93535
7043.72672 131.90508 4.52434 4.27016 563.26503
7043.62887 131.79815 4.52069 4.26670 562.95384
7042.76137 130.78401 4.48733 4.23387 561.70881
7042.82665 130.85803 4.48978 4.23627 561.76318
7041.95249 129.89932 4.45801 4.20523 562.06863
7041.83139 129.76845 4.45380 4.20099 562.16955
7041.05729 128.91933 4.42529 4.17351 560.14500
7040.82882 128.68521 4.41780 4.16593 558.18999
7040.09353 127.86314 4.39294 4.13931 554.38065
7039.83474 127.58026 4.38322 4.13016 553.73663
7039.19645 126.88405 4.35913 4.10762 552.06219
7038.97870 126.63455 4.35122 4.09954 551.73383
7038.47328 126.16052 4.33480 4.08419 548.19195
7037.94784 125.66714 4.31699 4.06822 544.47501
7037.25432 124.92023 4.29242 4.04404 542.30548
7036.86203 124.50725 4.27790 4.03067 540.83190
7036.25648 123.84822 4.25569 4.00934 539.20304
7035.78541 123.31279 4.23800 3.99200 538.61885
7035.30413 122.77817 4.21955 3.97470 537.67445
7034.71854 122.08575 4.19712 3.95228 537.70130
7034.62266 121.96702 4.19320 3.94844 537.76890
7033.96302 121.31615 4.17013 3.92737 534.86886
7033.53773 120.86476 4.15541 3.91276 535.43254
7032.82649 120.07953 4.12887 3.88733 535.65682
7032.65511 119.89801 4.12241 3.88146 534.92175
7031.86469 119.05007 4.09663 3.85401 529.96612
7031.76560 118.94550 4.09343 3.85062 529.30330
7030.93320 118.08123 4.06313 3.82264 526.14570
7030.97920 118.12915 4.06477 3.82419 526.28482
7030.07907 117.29012 4.03546 3.79703 520.10655
7029.71562 116.92398 4.02246 3.78518 518.48613
7028.89164 116.05469 3.99306 3.75704 515.94609
7028.80056 115.96034 3.98967 3.75398 515.62126
7027.94382 115.08384 3.95900 3.72561 512.35160
7027.75155 114.88784 3.95241 3.71926 511.50581
7026.85178 113.92284 3.91883 3.68802 509.34562
7026.82091 113.88587 3.91759 3.68683 509.39043
7025.87994 112.88971 3.88318 3.65458 507.00931
7025.93755 112.94970 3.88530 3.65652 507.19801
7024.95778 111.94655 3.85031 3.62405 503.26059
7025.00886 111.99798 3.85211 3.62571 503.36219
7024.00862 111.01477 3.81847 3.59388 501.96910
7023.95966 110.96596 3.81694 3.59230 501.59426
7022.96527 109.96184 3.78362 3.55979 494.65337
7022.97587 109.97251 3.78401 3.56014 494.68925
7021.97743 108.97303 3.74818 3.52778 490.67128
7022.12498 109.11465 3.75325 3.53237 491.51715
7021.11114 108.18077 3.71927 3.50214 484.62441
7020.95353 108.02601 3.71364 3.49713 483.86464
7020.04261 107.14701 3.68186 3.46867 478.98117
7019.91961 107.02989 3.67760 3.46488 478.26580
7019.03949 106.17956 3.64636 3.43735 473.65000
7018.73625 105.88249 3.63568 3.42773 472.17316
7017.86406 104.95593 3.60214 3.39774 470.35177
7017.87002 104.95580 3.60219 3.39773 470.57319
7016.99412 104.08818 3.57066 3.36965 466.59368
7016.96480 104.05845 3.56955 3.36868 466.46703
7016.08171 103.23103 3.53860 3.34190 462.32551
7015.80385 102.96269 3.52921 3.33321 462.29427
7014.98798 102.14771 3.49849 3.30683 460.48468
7014.89669 102.05986 3.49525 3.30398 459.71305
7014.08132 101.30161 3.46953 3.27944 451.20692
7013.78527 101.01319 3.45906 3.27010 449.25863
7013.09978 100.35910 3.43360 3.24893 445.58239
7012.86709 100.15564 3.42581 3.24234 443.69893
7012.14410 99.52013 3.40078 3.22177 437.79461
7011.58851 98.99076 3.38040 3.20463 434.55192
7011.05275 98.46737 3.36024 3.18768 432.07125
7010.64953 98.09147 3.34535 3.17552 429.34735
7010.12167 97.62208 3.32686 3.16032 425.21266
7009.40675 96.94388 3.30002 3.13836 420.91472
7008.94403 96.46123 3.28131 3.12274 419.65689
7008.44707 95.96853 3.26188 3.10679 417.35661
7008.08153 95.62256 3.24794 3.09559 415.20651
7007.46619 95.04755 3.22478 3.07697 410.68941
7007.11872 94.73013 3.21204 3.06670 408.70917
7006.38911 94.05599 3.18489 3.04487 407.39315
7006.09161 93.78486 3.17384 3.03610 405.52549
7005.26176 93.00294 3.14386 3.01078 397.32596
7005.16921 92.90888 3.14045 3.00774 396.51739
7004.27049 92.11794 3.10877 2.98213 387.91662
7004.34324 92.17556 3.11128 2.98400 388.71827
7003.33704 91.36129 3.07644 2.95764 377.56477
7003.01221 91.07926 3.06495 2.94851 374.55051
7002.15444 90.30373 3.03274 2.92340 367.49618
7001.90190 90.07809 3.02358 2.91610 365.28400
7001.12562 89.37851 2.99545 2.89345 358.79408
7000.84996 89.11363 2.98473 2.88488 356.97723
7000.22716 88.59134 2.96415 2.86797 350.29182
6999.56863 87.99819 2.94147 2.84877 344.56565
6998.99212 87.43608 2.92047 2.83057 340.43296
6998.54659 86.99137 2.90438 2.81617 338.42288
6998.25318 86.73615 2.89541 2.80791 336.90378
6997.56326 86.15865 2.87604 2.78921 331.32215
6997.28068 85.91258 2.86821 2.78125 328.15019
6996.39051 85.17167 2.84566 2.75726 317.97545
6996.10276 84.91777 2.83814 2.74904 315.12512
6995.11683 84.00075 2.81710 2.71936 305.27106
6995.40714 84.25024 2.82144 2.72743 309.16744
6994.32164 83.39434 2.80378 2.69973 293.28020
6993.92840 83.02672 2.79043 2.68782 289.86906
6993.18081 82.36300 2.76248 2.66634 282.64071
6992.65602 81.88996 2.75317 2.65102 277.60906
6991.83478 81.04071 2.77630 2.62353 272.17478
6991.31932 80.43740 2.73282 2.60400 269.92355
6990.55474 79.45649 2.53045 2.57224 268.03811
6990.32024 79.14109 2.49868 2.56203 267.75071
6989.61882 78.10538 2.47868 2.52851 268.09921
6989.29414 77.61487 2.46261 2.51263 269.25338
6988.90126 76.99381 2.44479 2.49252 271.13312
6988.28566 76.03007 2.41505 2.46132 272.79460
6988.03722 75.60582 2.40269 2.44759 272.79412
6987.56151 74.67650 2.37645 2.41750 274.87886
6987.19522 74.03911 2.35612 2.39687 276.94176
6986.95985 73.66099 2.34425 2.38463 277.34375
6986.47281 72.70184 2.31380 2.35358 282.44886
6986.20944 72.28905 2.30097 2.34021 283.07419
6985.83567 71.63522 2.28053 2.31905 285.78669
6985.35360 70.69239 2.25101 2.28852 292.08386
6985.32645 70.67408 2.25049 2.28793 291.63379
6984.88677 70.01847 2.23047 2.26671 293.18877
6984.30598 69.11503 2.20301 2.23746 296.46459
6984.19413 68.95557 2.19823 2.23230 296.83916
6983.63574 68.05680 2.17107 2.20320 301.44073
6983.71384 68.17448 2.17460 2.20701 300.97192
6983.27242 67.68877 2.16051 2.19129 299.31304
6982.99640 67.40887 2.15249 2.18223 297.83635
6982.42735 66.86802 2.13681 2.16472 294.39136
6982.15777 66.59850 2.12940 2.15599 292.86270
6981.50282 66.04353 2.11633 2.13803 285.64776
6981.35877 65.90545 2.11299 2.13356 284.46931
6980.44635 65.19716 2.09376 2.11063 278.10711
6980.15056 64.94817 2.08660 2.10257 276.77864
6979.15165 64.05031 2.06153 2.07350 270.78289
6979.07211 63.98029 2.05956 2.07123 270.28245
6978.16645 63.17044 2.03681 2.04502 264.99844
6977.95677 62.98755 2.03170 2.03910 263.66304
6977.11761 62.23948 2.01042 2.01488 258.75856
6976.39898 61.51963 1.98959 1.99157 255.83979
6975.60987 60.54904 1.96060 1.96015 255.53006
6975.53880 60.46414 1.95807 1.95741 255.44110
6974.69156 59.46277 1.92773 1.92499 254.02467
6974.59726 59.34858 1.92424 1.92129 253.87502
6973.80113 58.36083 1.89351 1.88931 253.11060
6973.62445 58.13672 1.88671 1.88206 252.82386
6972.99775 57.38278 1.86580 1.85765 250.14071
6972.59149 56.86790 1.84993 1.84098 249.37732
6972.17700 56.36207 1.83343 1.82461 248.53336
6971.62245 55.66702 1.81093 1.80211 248.07753
6971.49153 55.52214 1.80622 1.79742 247.92022
6970.75666 54.68837 1.77892 1.77043 246.81324
6970.68386 54.61575 1.77652 1.76808 246.43346
6969.82765 53.68939 1.74604 1.73809 242.70060
6970.09944 53.95394 1.75479 1.74665 244.18958
6969.24244 53.20166 1.72986 1.72230 238.56260
6969.35130 53.28988 1.73278 1.72515 239.35893
6968.60539 52.77747 1.71591 1.70857 232.85072
6967.84946 52.23025 1.69785 1.69085 226.95863
6967.40778 51.89613 1.68684 1.68003 223.81751
6966.42382 51.11955 1.66116 1.65489 217.54956
6966.24899 50.97656 1.65644 1.65026 216.52954
6965.24171 50.12010 1.62812 1.62254 211.16997
6965.04070 49.94634 1.62234 1.61691 210.14711
6964.16242 49.17126 1.59611 1.59182 206.11415
6963.87282 48.90849 1.58754 1.58331 204.72376
6963.13876 48.25213 1.56839 1.56207 200.81077
6962.74009 47.88919 1.55694 1.55032 199.69814
6962.26389 47.45483 1.54201 1.53626 198.22577
6961.77688 47.08143 1.52923 1.52417 195.53019
6961.31880 46.69888 1.51637 1.51178 193.34950
6960.62704 46.13948 1.49734 1.49367 190.07281
6961.31046 46.56151 1.51171 1.50734 194.42757
6960.27890 46.08919 1.49566 1.49205 186.57101
6959.33517 45.58982 1.47876 1.47588 180.40058
6959.35078 45.59395 1.47889 1.47601 180.53158
6958.23662 45.07694 1.46153 1.45928 173.19771
6957.16011 44.48452 1.44171 1.44010 167.21889
6956.54566 44.07263 1.42794 1.42676 164.47979
6955.50576 43.31513 1.40270 1.40224 160.29203
6955.39592 43.22191 1.39956 1.39922 159.93388
6954.51485 42.60240 1.37875 1.37917 156.32366
6953.76490 42.01186 1.35887 1.36005 154.02381
6953.26672 41.58029 1.34430 1.34608 152.91518
6952.51929 40.96803 1.32341 1.32626 150.36861
6952.18973 40.66632 1.31299 1.31649 149.42818
6951.36673 39.96203 1.29120 1.29369 146.47845
6951.81379 40.28153 1.30052 1.30403 148.42397
6950.89653 39.72457 1.28413 1.28600 144.12196
6950.64387 39.56846 1.27924 1.28095 143.02361
6950.30583 39.41813 1.27426 1.27608 141.40105
6949.14255 38.84507 1.25430 1.25753 136.35503
6948.35175 38.37459 1.23822 1.24230 133.36472
6947.84926 38.04841 1.22715 1.23174 131.59790
6946.89741 37.47686 1.20761 1.21324 128.18847
6946.93175 37.49449 1.20821 1.21381 128.31424
6946.08213 37.01939 1.19199 1.19843 125.27542
6945.20221 36.55238 1.17606 1.18331 122.43880
6945.15998 36.53125 1.17535 1.18263 122.31943
6944.04269 35.94522 1.15541 1.16365 118.78892
6943.11285 35.38910 1.13646 1.14565 115.93391
6943.01163 35.31297 1.13388 1.14319 115.65172
6942.00194 34.76475 1.11531 1.12544 112.58093
6941.44784 34.42323 1.10374 1.11438 110.98633
6941.08292 34.21518 1.09665 1.10765 109.95594
6940.09500 33.69165 1.07886 1.09070 107.13808
6939.70361 33.46889 1.07128 1.08349 106.06446
6939.02732 33.08637 1.05824 1.07111 104.25407
6938.03191 32.53263 1.03948 1.05318 101.64787
6938.24262 32.63529 1.04293 1.05650 102.19918
6937.30232 32.19904 1.02827 1.04238 99.80342
6936.20592 31.65440 1.00958 1.02475 97.18481
6935.76499 31.40688 1.00107 1.01674 96.26917
6934.87858 30.87591 0.98460 0.99955 94.22256
6934.00596 30.34084 0.96859 0.98222 92.22919
6933.79464 30.19478 0.96375 0.97750 91.73810
6932.80281 29.57952 0.94246 0.95758 89.50287
6932.45300 29.34959 0.93458 0.95013 88.70443
6932.20270 29.18400 0.92893 0.94477 88.13763
6931.48104 28.86625 0.91809 0.93449 86.68467
6931.30063 28.79510 0.91566 0.93218 86.34623
6931.02908 28.69981 0.91242 0.92910 85.85564
6930.08604 28.43954 0.90358 0.92067 84.29856
6928.85412 28.06967 0.89120 0.90870 82.42884
6927.80649 27.64292 0.87688 0.89488 80.79463
6927.00081 27.22933 0.86298 0.88150 79.47904
6925.87084 26.56546 0.84075 0.86000 77.41835
6925.52394 26.33559 0.83302 0.85256 76.73315
6924.76151 25.87406 0.81744 0.83762 75.33794
6923.81965 25.24026 0.79603 0.81710 73.46734
6924.30996 25.50865 0.80506 0.82579 74.29430
6923.63619 25.19729 0.79460 0.81571 73.29326
6922.84639 24.94252 0.78604 0.80746 72.41091
6922.33174 24.75368 0.77970 0.80135 71.81019
6921.65498 24.49024 0.77086 0.79282 71.00295
6920.51873 24.04882 0.75621 0.77853 69.72260
6919.59694 23.62207 0.74200 0.76472 68.52620
6919.22392 23.45318 0.73628 0.75925 68.06047
6918.05124 22.84767 0.71569 0.73965 66.36787
6917.20110 22.33904 0.70040 0.72318 65.10688
6916.98782 22.19965 0.69629 0.71867 64.76502
6916.21278 21.77244 0.68333 0.70484 63.73523
6916.17216 21.76156 0.68297 0.70449 63.71196
6916.11650 21.75254 0.68266 0.70419 63.69797
6914.98334 21.44570 0.67250 0.69426 63.05344
6913.60538 20.96255 0.65608 0.67862 61.94515
6912.73372 20.54852 0.64223 0.66522 60.91514
6912.33226 20.34934 0.63557 0.65877 60.41393
6911.35938 19.90431 0.62072 0.64436 59.32447
6910.74017 19.61367 0.61097 0.63495 58.60944
6910.67215 19.58103 0.60987 0.63390 58.53099
6909.84364 19.27801 0.59974 0.62409 57.85169
6908.97528 19.00456 0.59068 0.61523 57.30543
6908.49423 18.86099 0.58596 0.61059 57.05787
6908.01059 18.72557 0.58155 0.60620 56.84016
6906.79644 18.34383 0.56908 0.59384 56.15664
6905.51927 17.84607 0.55272 0.57773 55.06355
6904.99050 17.59211 0.54436 0.56951 54.41406
6904.55355 17.39753 0.53799 0.56321 53.93750
6903.56103 17.01012 0.52534 0.55067 53.07195
6902.74366 16.65748 0.51374 0.53925 52.20839
6902.65519 16.62588 0.51270 0.53823 52.14130
6901.53361 16.19224 0.49854 0.52419 51.15955
6900.38739 15.68293 0.48174 0.50770 49.79721
6900.43759 15.69225 0.48204 0.50801 49.80639
6899.81887 15.45716 0.47428 0.50039 49.23460
6898.78609 15.12749 0.46345 0.48972 48.56298
6897.69888 14.70683 0.44967 0.47610 47.53066
6898.12041 14.84668 0.45421 0.48063 47.83692
6897.18236 14.58936 0.44595 0.47230 47.36398
6896.15419 14.33204 0.43771 0.46397 46.91851
6894.98249 13.99649 0.42667 0.45311 46.17201
6894.47379 13.82011 0.42079 0.44740 45.69346
6894.36531 13.79240 0.41997 0.44650 45.64280
6893.48045 13.61393 0.41450 0.44072 45.36934
6892.48374 13.42301 0.40925 0.43454 45.12517
6891.52889 13.23068 0.40426 0.42832 44.81610
6890.74621 13.09399 0.40113 0.42389 44.67312
6889.90354 13.00354 0.39960 0.42096 44.72960
6890.35779 13.03243 0.39980 0.42190 44.62496
6889.40345 13.01572 0.40077 0.42136 45.02694
6888.39379 13.01642 0.40255 0.42138 45.55762
6887.04711 12.97995 0.40362 0.42020 46.09082
6885.49948 12.76758 0.40046 0.41332 46.05621
6884.22047 12.45942 0.39311 0.40335 45.28131
6882.94666 12.12409 0.38434 0.39249 44.26880
6881.75864 11.68316 0.37168 0.37822 42.61922
6881.43086 11.53784 0.36748 0.37351 42.07735
6880.27531 11.03269 0.35298 0.35716 40.24833
6879.12297 10.42584 0.33476 0.33752 37.92763
6878.54109 10.05989 0.32339 0.32567 36.47008
6877.46524 9.29184 0.29948 0.30080 33.43319
6876.94254 8.86795 0.28586 0.28708 31.74448
0.00000 0.00000 0.00000 0.00000 0.00000
