7114.87264 242.04207 8.07569 7.83563 724.89566
7114.55022 241.62154 8.06182 7.82201 724.12919
7114.03515 240.91827 8.03878 7.79925 723.22676
7113.51286 240.18553 8.01460 7.77553 722.61326
7113.29618 239.90043 8.00523 7.76630 722.46069
7112.58242 238.88765 7.97254 7.73351 724.03445
7112.47058 238.74337 7.96777 7.72884 723.83720
7111.85163 237.85033 7.93841 7.69993 723.48708
7111.49199 237.34787 7.92200 7.68366 723.08475
7111.07844 236.76697 7.90301 7.66486 722.77670
7110.38738 235.70988 7.86846 7.63064 723.49528
7110.46959 235.83269 7.87243 7.63461 723.46945
7109.79472 234.87331 7.84100 7.60355 723.15209
7109.63033 234.64869 7.83351 7.59628 722.94031
7109.24330 234.17898 7.81870 7.58108 720.93061
7108.67903 233.51944 7.79910 7.55972 717.07139
7108.15607 232.82350 7.77595 7.53720 716.08604
7107.43882 231.76855 7.74153 7.50304 716.23387
7107.49859 231.85575 7.74436 7.50587 716.22705
7106.79931 230.88357 7.71253 7.47439 715.48362
7106.53716 230.52849 7.70079 7.46290 715.06956
7106.10577 229.94736 7.68161 7.44409 714.31114
7105.56322 229.23123 7.65814 7.42090 713.14883
7105.12133 228.61435 7.63771 7.40093 712.79492
7104.51859 227.61145 7.60542 7.36847 714.62862
7104.54944 227.68277 7.60765 7.37077 714.18256
7103.96151 226.89096 7.58184 7.34514 714.07348
7103.51813 226.27755 7.56166 7.32528 715.14046
7103.21615 225.87193 7.54874 7.31215 714.90371
7102.50013 224.87935 7.51932 7.28002 712.17979
7102.46885 224.83739 7.51794 7.27866 712.11710
7101.77469 223.86694 7.48576 7.24724 711.82868
7101.55580 223.58501 7.47655 7.23812 711.24497
7100.99604 222.82966 7.45158 7.21366 710.35860
7100.49582 222.10869 7.42803 7.19032 710.35622
7100.41201 222.01096 7.42479 7.18716 709.98194
7099.62659 221.01582 7.39187 7.15495 707.73882
7099.58763 220.96582 7.39021 7.15333 707.63368
7098.77704 219.91665 7.35567 7.11936 705.68803
7098.36467 219.32729 7.33647 7.10028 705.63072
7097.99051 218.73083 7.31698 7.08097 706.59019
7097.53923 218.12196 7.29707 7.06126 705.92862
7097.31473 217.82775 7.28748 7.05174 705.41457
7096.58256 216.80129 7.25361 7.01851 705.20194
7096.51726 216.71314 7.25083 7.01565 705.03710
7095.89382 215.86188 7.22594 6.98810 702.39375
7095.54296 215.39699 7.21078 6.97305 702.31538
7095.16350 214.88353 7.19400 6.95642 703.15381
7094.56706 214.09614 7.16842 6.93093 702.97942
7094.36001 213.82385 7.15948 6.92212 702.49768
7093.62766 212.80895 7.12604 6.88926 701.86435
7093.51573 212.65902 7.12114 6.88441 701.73154
7092.91112 211.83125 7.09411 6.85761 701.18318
7092.52331 211.30862 7.07683 6.84069 700.67269
7092.18067 210.84014 7.06155 6.82553 700.37420
7091.55137 209.99484 7.03386 6.79816 699.53090
7091.49862 209.93212 7.03177 6.79613 699.32672
7090.72684 208.93608 6.99890 6.76389 697.62427
7090.53342 208.69434 6.99073 6.75606 697.18160
7089.90077 207.82644 6.96396 6.72797 695.75272
7089.56242 207.38069 6.95065 6.71354 694.26271
7089.18530 206.88328 6.93441 6.69743 693.57186
7088.58798 206.10413 6.90867 6.67221 692.54551
7088.35531 205.80565 6.89877 6.66255 692.06174
7087.62210 204.79184 6.86571 6.62973 691.47681
7087.53517 204.68349 6.86214 6.62622 691.20899
7086.91318 203.83984 6.83462 6.59891 691.63085
7086.56841 203.39639 6.82023 6.58455 692.10629
7086.12356 202.80294 6.80096 6.56534 692.27106
7085.52908 201.98995 6.77430 6.53902 691.63333
7085.30369 201.69451 6.76448 6.52946 691.25538
7084.63824 200.71965 6.73303 6.49790 692.10528
7084.56963 200.65618 6.73083 6.49584 691.52762
7083.94188 199.81164 6.70297 6.46850 690.90345
7083.63963 199.40651 6.68968 6.45539 690.72914
7083.28555 198.99500 6.67619 6.44206 689.16832
7082.63533 198.18722 6.65223 6.41591 685.57282
7082.41859 197.90958 6.64334 6.40693 684.99921
7081.62871 196.91203 6.61037 6.37463 683.33217
7081.51362 196.76179 6.60547 6.36977 683.14332
7080.80533 195.79678 6.57370 6.33853 682.81994
7080.57228 195.50208 6.56407 6.32899 682.31841
7080.04960 194.81006 6.54135 6.30659 681.70510
7079.58554 194.19352 6.52103 6.28663 681.22706
7079.24054 193.76162 6.50696 6.27264 680.45243
7078.47931 192.69386 6.47200 6.23808 680.60596
7078.52154 192.75314 6.47394 6.24000 680.60120
7077.81868 191.80161 6.44324 6.20919 680.84833
7077.58349 191.51215 6.43388 6.19982 681.02409
7077.04788 190.80365 6.41048 6.17689 682.20626
7076.58359 190.19360 6.39179 6.15714 680.65888
7076.31521 189.85555 6.38200 6.14619 679.14097
7075.59080 188.92230 6.35168 6.11598 677.76727
7075.49632 188.80074 6.34759 6.11205 677.63844
7074.74612 187.81197 6.31559 6.08004 676.91337
7074.68121 187.73244 6.31293 6.07746 676.73863
7074.07613 187.00327 6.28848 6.05386 674.91212
7073.69952 186.57764 6.27451 6.04008 673.28067
7073.11135 185.84343 6.25021 6.01631 672.00676
7072.58769 185.16112 6.22790 5.99422 671.45696
7072.25128 184.73280 6.21392 5.98035 670.90684
7071.49319 183.68466 6.17974 5.94642 671.30799
7071.61184 183.84253 6.18495 5.95153 671.34338
7070.83888 182.86185 6.15268 5.91979 670.03445
7070.61591 182.59072 6.14364 5.91101 669.54622
7070.01660 181.82228 6.11875 5.88613 668.42080
7069.60718 181.29916 6.10371 5.86920 666.45031
7069.24314 180.83922 6.08920 5.85431 665.30297
7068.61673 180.04487 6.06270 5.82859 665.27682
7068.50893 179.91091 6.05835 5.82426 665.39344
7067.68696 178.91473 6.02628 5.79201 665.25036
7067.54035 178.72935 6.02010 5.78601 665.02035
7066.81801 177.76791 5.98863 5.75488 664.66545
7066.61361 177.51840 5.98040 5.74680 664.23715
7066.06566 176.81765 5.95741 5.72412 663.62992
7065.65025 176.29454 5.94005 5.70718 663.04418
7065.25142 175.81291 5.92411 5.69159 662.07756
7064.57340 174.92732 5.89521 5.66292 661.75105
7064.58273 174.93754 5.89556 5.66325 661.79368
7063.74534 173.95207 5.86299 5.63135 659.26939
7063.57677 173.74706 5.85636 5.62471 658.90876
7062.82852 172.77431 5.82418 5.59322 658.50982
7062.66873 172.57512 5.81842 5.58677 657.78631
7062.09940 171.88899 5.79821 5.56456 654.87801
7061.66105 171.35627 5.78020 5.54732 654.07462
7061.29231 170.90105 5.76528 5.53258 653.56032
7060.69110 170.19358 5.74202 5.50968 651.59238
7060.35502 169.77236 5.72807 5.49604 651.26538
7059.58682 168.78384 5.69626 5.46404 653.50727
7059.65125 168.86578 5.69887 5.46669 653.34259
7058.81336 167.84577 5.66529 5.43367 652.19473
7058.54967 167.51008 5.65415 5.42280 651.94049
7058.01400 166.79617 5.63110 5.39969 652.35381
7057.67020 166.40638 5.61816 5.38707 651.17416
7057.18422 165.78786 5.59740 5.36705 650.87490
7056.69852 165.18159 5.57813 5.34742 650.31851
7056.54573 165.02369 5.57277 5.34231 649.51112
7055.78722 164.17657 5.54445 5.31489 646.40333
7055.52845 163.87242 5.53581 5.30504 644.85510
7054.68921 162.86382 5.50371 5.27239 642.33011
7054.67370 162.84538 5.50308 5.27179 642.30860
7053.85373 161.85201 5.47058 5.23964 640.98986
7053.70048 161.67116 5.46453 5.23378 640.63778
7053.03419 160.87667 5.43816 5.20806 639.39491
7052.71036 160.49481 5.42558 5.19570 638.70418
7052.19706 159.88675 5.40546 5.17601 637.41918
7051.71454 159.32064 5.38662 5.15769 636.65796
7051.32154 158.85423 5.37137 5.14259 637.38090
7050.66729 158.06712 5.34608 5.11711 637.74365
7050.37639 157.70282 5.33381 5.10531 637.41163
7049.60183 156.69302 5.30120 5.07262 637.95929
7049.67237 156.78498 5.30416 5.07560 637.89611
7048.88946 155.83533 5.27244 5.04486 636.95661
7048.84022 155.77680 5.27047 5.04296 636.89990
7048.15073 155.03746 5.24643 5.01903 633.87317
7047.81037 154.66903 5.23533 5.00710 631.41756
7047.18794 153.96936 5.21336 4.98445 628.36000
7046.74931 153.48701 5.19719 4.96884 627.00314
7046.21258 152.84600 5.17580 4.94808 626.20369
7045.73106 152.27955 5.15730 4.92975 625.38826
7045.41016 151.91132 5.14512 4.91783 624.63116
7044.75716 151.16658 5.12027 4.89372 623.02105
7044.49463 150.86185 5.11013 4.88385 622.48398
7043.72182 149.95451 5.08020 4.85448 621.27217
7043.44504 149.61846 5.06908 4.84360 621.08492
7042.71954 148.63896 5.03709 4.81189 622.61368
7042.74263 148.68193 5.03841 4.81328 622.27022
7042.04060 147.86909 5.01201 4.78697 623.25931
7041.75867 147.54153 5.00110 4.77636 623.59206
7041.21273 146.92213 4.98069 4.75631 622.60085
7040.76929 146.42985 4.96506 4.74037 620.54819
7040.31309 145.90028 4.94898 4.72323 618.20132
7039.79936 145.32916 4.93099 4.70474 616.40591
7039.40725 144.89009 4.91599 4.69053 615.55671
7038.80675 144.19916 4.89294 4.66816 614.45801
7038.69705 144.09506 4.88947 4.66479 613.74214
7037.92082 143.30668 4.86301 4.63927 609.98848
7037.58467 142.93796 4.85029 4.62733 608.96753
7036.81042 142.08419 4.82225 4.59969 606.80647
7036.64712 141.90015 4.81602 4.59373 606.45635
7035.78688 140.93352 4.78387 4.56244 604.56863
7035.55164 140.65564 4.77477 4.55344 604.41206
7034.80461 139.69488 4.74333 4.52234 605.80503
7034.82442 139.73191 4.74447 4.52354 605.49386
7034.12002 138.95899 4.71874 4.49852 603.57800
7033.82812 138.65425 4.70867 4.48865 603.35755
7033.15094 137.89852 4.68367 4.46419 604.37231
7032.77923 137.48466 4.66990 4.45079 603.46294
7032.22931 136.86046 4.65119 4.43058 600.46232
7031.79914 136.37110 4.63588 4.41474 598.94224
7031.44391 135.98482 4.62279 4.40224 598.15338
7030.95175 135.47425 4.60554 4.38571 596.28746
7030.58010 135.10682 4.59299 4.37381 594.34419
7029.94588 134.48136 4.57167 4.35356 591.07828
7029.41447 133.91395 4.55281 4.33520 589.46304
7028.82441 133.25693 4.53047 4.31393 588.36835
7028.49602 132.90837 4.51907 4.30264 587.34367
7027.78531 132.11677 4.49240 4.27702 586.07496
7027.59513 131.89902 4.48510 4.26997 585.89575
7026.82484 131.06059 4.45756 4.24282 584.08411
7026.63847 130.85177 4.45049 4.23606 583.79665
7025.77926 129.88417 4.41839 4.20474 582.71810
7025.81608 129.92590 4.41973 4.20609 582.76073
7024.88627 128.92213 4.38568 4.17360 580.61212
7024.91447 128.95186 4.38660 4.17456 580.68324
7023.98623 127.98983 4.35840 4.14341 577.85990
7023.84544 127.84197 4.35339 4.13863 577.43220
7022.99058 126.91633 4.32215 4.10866 575.48156
7022.83963 126.75844 4.31693 4.10355 575.01931
7022.05390 125.90186 4.28776 4.07582 573.57605
7021.99441 125.83537 4.28556 4.07367 573.50452
7021.22913 125.09181 4.26055 4.04960 569.66361
7020.98066 124.84980 4.25215 4.04176 568.46842
7020.15415 124.01969 4.22402 4.01489 565.05972
7019.84814 123.70229 4.21333 4.00461 564.13737
7019.06039 122.84493 4.18425 3.97686 562.82543
7018.70596 122.43272 4.17082 3.96351 562.91642
7018.21023 121.84711 4.15122 3.94456 563.38903
7017.94987 121.59278 4.14238 3.93632 562.17671
7017.36466 120.99589 4.12249 3.91700 560.24374
7016.95623 120.58264 4.10836 3.90362 558.50417
7016.37664 119.99747 4.08793 3.88468 556.89255
7015.94589 119.55888 4.07420 3.87048 556.58600
7015.39211 118.99697 4.05737 3.85229 554.15280
7014.94165 118.54337 4.04225 3.83760 551.76139
7014.39106 117.97755 4.02287 3.81929 550.31528
7013.94398 117.52585 4.00741 3.80466 548.72933
7013.40698 116.97699 3.98871 3.78690 547.02254
7013.05338 116.61587 3.97650 3.77521 545.95795
7012.52966 116.14081 3.95986 3.75983 542.52745
7012.02309 115.66262 3.94322 3.74435 539.93111
7011.34341 114.98914 3.92013 3.72254 537.22678
7010.84823 114.47788 3.90254 3.70599 535.91352
7010.33288 113.90748 3.88335 3.68753 535.68004
7010.01504 113.59799 3.87264 3.67751 534.28370
7009.40879 113.01050 3.85228 3.65849 531.62150
7008.94439 112.53835 3.83609 3.64320 530.18629
7008.39922 111.98613 3.81708 3.62533 528.52174
7008.00875 111.60175 3.80350 3.61288 527.24507
7007.44274 111.05036 3.78485 3.59503 523.75143
7007.03670 110.66652 3.77309 3.58261 520.98333
7006.36554 110.01255 3.75195 3.56144 519.88171
7005.98366 109.63354 3.73845 3.54917 519.00393
7005.33010 108.98562 3.71585 3.52819 516.24311
7005.00892 108.66449 3.70464 3.51780 515.28482
7004.35926 108.03653 3.68248 3.49747 512.42583
7004.19335 107.87280 3.67676 3.49217 511.85669
7003.42776 107.21925 3.65316 3.47101 505.76294
7003.09881 106.92575 3.64255 3.46151 503.56464
7002.16951 106.05403 3.61149 3.43329 498.72517
7001.84966 105.72850 3.59993 3.42275 497.85323
7001.04483 104.86359 3.56972 3.39475 497.17477
7001.04789 104.87470 3.57006 3.39511 496.92872
7000.16586 104.03198 3.53963 3.36783 492.80883
7000.10857 103.97539 3.53761 3.36600 492.61491
6999.14945 103.09383 3.50552 3.33746 486.76851
6999.05067 103.00102 3.50212 3.33445 486.20512
6998.04899 102.04555 3.46780 3.30352 485.04234
6998.04261 102.03907 3.46758 3.30331 485.03636
6997.06179 101.10994 3.43664 3.27323 476.97346
6997.07180 101.11750 3.43692 3.27348 477.09978
6996.14842 100.28747 3.40577 3.24661 471.34346
6995.91750 100.07455 3.39778 3.23971 469.98335
6995.15198 99.36697 3.37147 3.21681 465.52237
6994.94514 99.19654 3.36494 3.21129 463.58206
6994.18404 98.53997 3.33955 3.19003 457.67008
6993.72880 98.12038 3.32374 3.17645 454.95497
6993.12954 97.59673 3.30363 3.15950 450.41695
6992.40783 96.90753 3.27720 3.13719 446.76663
6991.95592 96.42090 3.25915 3.12143 446.31781
6991.58305 96.07243 3.24558 3.11015 444.21095
6991.14445 95.68476 3.23025 3.09760 440.92401
6990.50015 95.09373 3.20740 3.07847 436.97888
6990.13292 94.77242 3.19469 3.06807 433.84058
6989.35725 94.05439 3.16627 3.04482 429.79954
6989.19301 93.90516 3.16047 3.03999 429.61586
6988.29240 93.11896 3.13125 3.01454 423.16226
6988.15397 92.98669 3.12656 3.01026 421.63800
6987.16903 92.10977 3.09318 2.98187 412.72891
6987.24270 92.17320 3.09579 2.98392 413.28673
6986.26124 91.33743 3.06202 2.95687 404.37274
6986.22574 91.30560 3.06079 2.95584 404.11465
6985.32040 90.60635 3.03278 2.93320 393.36160
6984.69949 90.04415 3.01093 2.91500 388.61633
6984.16352 89.55448 2.99203 2.89915 384.49620
6983.67712 89.13120 2.97574 2.88544 380.07513
6983.19474 88.71391 2.96011 2.87194 375.57591
6982.46369 88.06557 2.93604 2.85095 369.13688
6982.02348 87.65512 2.92128 2.83766 365.97129
6981.32874 86.97563 2.89720 2.81566 361.11498
6981.24500 86.90795 2.89487 2.81347 360.16268
6980.35502 86.15284 2.86972 2.78903 354.01448
6980.16601 85.98909 2.86444 2.78372 352.76638
6979.16037 85.09049 2.83646 2.75463 342.78396
6979.19136 85.11773 2.83729 2.75552 343.07791
6978.22983 84.28491 2.81579 2.72856 333.18440
6978.30973 84.34322 2.81681 2.73044 334.46173
6977.38563 83.66801 2.80483 2.70858 319.24029
6976.77593 83.12616 2.78727 2.69104 312.70909
6976.11707 82.58194 2.76523 2.67343 305.54171
6975.31869 81.78274 2.74848 2.64755 299.37175
6974.83220 81.25459 2.76486 2.63045 296.49816
6974.24669 80.63084 2.75632 2.61026 292.86223
6973.61911 79.87772 2.61008 2.58588 290.26286
6973.23730 79.40097 2.52091 2.57045 289.00206
6972.53755 78.49853 2.48838 2.54123 287.25812
6972.02269 77.73977 2.46553 2.51667 287.17242
6971.54504 76.82817 2.43878 2.48716 292.12244
6971.35080 76.56646 2.43085 2.47869 292.32656
6970.79523 75.70325 2.40455 2.45074 294.48297
6970.24600 74.58991 2.37336 2.41470 297.84151
6970.19020 74.51090 2.37086 2.41214 297.74564
6969.76647 73.80151 2.34857 2.38918 299.83801
6969.18513 72.77478 2.31686 2.35594 303.87349
6969.13913 72.70446 2.31472 2.35366 303.96442
6968.65080 71.83260 2.28778 2.32544 308.09087
6968.29556 71.26935 2.27071 2.30720 309.83726
6968.06357 70.93740 2.26069 2.29646 310.36322
6967.45977 69.93558 2.23043 2.26402 315.01681
6967.55957 70.07848 2.23471 2.26865 314.69002
6967.00945 69.41106 2.21503 2.24704 313.52834
6966.59324 68.87819 2.19944 2.22979 313.56269
6966.38039 68.61912 2.19191 2.22141 313.36852
6965.94257 68.15796 2.17869 2.20648 311.42778
6965.68924 67.92910 2.17234 2.19907 309.36066
6965.16573 67.43857 2.15868 2.18319 305.78764
6964.78664 67.12535 2.14991 2.17305 302.56815
6964.44118 66.84348 2.14206 2.16392 299.71407
6963.62072 66.23492 2.12748 2.14422 290.33302
6963.32599 65.98969 2.12176 2.13628 287.57637
6962.34220 65.19697 2.10050 2.11062 282.22241
6962.12501 65.01501 2.09540 2.10473 280.83523
6961.17647 64.18050 2.07254 2.07772 274.93999
6960.99467 64.01883 2.06806 2.07248 273.90106
6960.22567 63.35090 2.04944 2.05086 269.29429
6959.83614 63.02482 2.04048 2.04030 266.70774
6959.05100 62.32686 2.02072 2.01771 262.28767
6958.20254 61.44028 1.99502 1.98901 259.49949
6957.51387 60.53004 1.96777 1.95954 260.01491
6957.48860 60.50287 1.96696 1.95866 259.93182
6956.71331 59.61348 1.94033 1.92987 258.10633
6956.54502 59.41919 1.93444 1.92358 257.66805
6955.70904 58.40090 1.90278 1.89061 256.40371
6955.60538 58.27354 1.89886 1.88649 256.21733
6954.86306 57.36376 1.87346 1.85704 253.35140
6954.60056 57.02700 1.86322 1.84613 252.73704
6954.07730 56.39782 1.84284 1.82577 251.72928
6953.64285 55.86240 1.82561 1.80843 251.81550
6953.35026 55.52574 1.81477 1.79753 251.50416
6952.77461 54.88040 1.79375 1.77664 249.52698
6952.54812 54.64072 1.78589 1.76888 248.38589
6951.89783 53.94923 1.76326 1.74650 245.58186
6951.91752 53.97256 1.76403 1.74725 245.63658
6951.36596 53.49752 1.74843 1.73188 241.95970
6951.12867 53.33557 1.74311 1.72663 239.90597
6950.53453 52.94368 1.73027 1.71395 234.79425
6949.50476 52.15383 1.70440 1.68838 227.60609
6949.36637 52.04126 1.70070 1.68473 226.74425
6948.36627 51.24999 1.67475 1.65912 220.46952
6948.02867 50.97287 1.66561 1.65014 218.54148
6947.17182 50.21951 1.64068 1.62576 214.21675
6946.88485 49.96619 1.63235 1.61756 212.80678
6946.16134 49.34108 1.61135 1.59732 209.22871
6945.63223 48.85631 1.59546 1.58163 206.82055
6945.12174 48.37931 1.58150 1.56618 204.87918
6944.60581 47.92882 1.56777 1.55160 202.66799
6944.25709 47.61250 1.55704 1.54136 201.13044
6943.56973 47.05947 1.53806 1.52346 197.63644
6943.35032 46.87590 1.53193 1.51751 196.58986
6942.37145 46.10123 1.50581 1.49244 191.72548
6943.49936 46.77213 1.52841 1.51415 199.05585
6942.41049 46.30599 1.51279 1.49906 190.66114
6941.28091 45.76694 1.49457 1.48161 183.00781
6940.97724 45.60775 1.48925 1.47646 181.14813
6940.06947 45.13765 1.47353 1.46124 175.77564
6938.97837 44.51311 1.45273 1.44102 170.04354
6938.47640 44.18406 1.44171 1.43037 167.74617
6937.45331 43.42416 1.41640 1.40577 163.63777
6937.14640 43.17777 1.40814 1.39779 162.49853
6936.43642 42.66893 1.39110 1.38132 159.60320
6935.60431 41.99529 1.36840 1.35951 157.36137
6935.23275 41.66903 1.35741 1.34895 156.20146
6934.38239 40.95781 1.33315 1.32593 153.19066
6934.24340 40.82448 1.32853 1.32161 152.79719
6933.29427 40.03875 1.30347 1.29617 149.26760
6933.92230 40.47620 1.31676 1.31034 151.98189
6932.95602 39.91861 1.30000 1.29229 147.47125
6932.23766 39.49713 1.28713 1.27864 144.32518
6932.17620 39.47285 1.28631 1.27785 144.03715
6931.03191 38.87691 1.26557 1.25856 139.31605
6930.20920 38.37078 1.24828 1.24218 136.26181
6929.90119 38.17040 1.24150 1.23569 135.16653
6928.96563 37.62862 1.22307 1.21815 131.78322
6928.74718 37.50413 1.21883 1.21412 130.99717
6928.08647 37.13807 1.20632 1.20227 128.66011
6927.09881 36.61303 1.18842 1.18527 125.70757
6926.91263 36.50711 1.18482 1.18184 125.12200
6925.99158 35.99949 1.16758 1.16541 122.09416
6925.02842 35.43463 1.14838 1.14713 119.10946
6925.03443 35.43282 1.14831 1.14707 119.13319
6924.00581 34.86804 1.12908 1.12878 116.04034
6923.27607 34.43987 1.11453 1.11492 113.92100
6922.99279 34.27490 1.10888 1.10958 113.11107
6921.99790 33.71417 1.08985 1.09143 110.33541
6921.58069 33.47503 1.08167 1.08369 109.19979
6921.05402 33.18073 1.07168 1.07416 107.79049
6920.04628 32.63234 1.05310 1.05641 105.16010
6920.03169 32.60978 1.05233 1.05568 105.11838
6919.30661 32.27765 1.04105 1.04492 103.31582
6918.19014 31.72899 1.02218 1.02716 100.76761
6917.58677 31.38778 1.01057 1.01612 99.41578
6916.82116 30.91416 0.99584 1.00078 97.58651
6915.90309 30.34203 0.97871 0.98226 95.49868
6915.75918 30.24648 0.97559 0.97917 95.16057
6914.76638 29.61295 0.95360 0.95866 92.86802
6914.40089 29.37703 0.94549 0.95102 92.02012
6914.29769 29.30060 0.94288 0.94855 91.76883
6913.58500 29.00249 0.93273 0.93890 90.39615
6913.04458 28.80151 0.92583 0.93239 89.42701
6913.02086 28.79328 0.92555 0.93212 89.38606
6912.00990 28.49940 0.91556 0.92261 87.82635
6910.76851 28.10569 0.90227 0.90987 86.03198
6909.68292 27.65533 0.88710 0.89529 84.40268
6908.85363 27.21817 0.87234 0.88113 82.98484
6907.78500 26.54301 0.84957 0.85928 80.88273
6907.56074 26.39946 0.84473 0.85463 80.43924
6906.73362 25.92071 0.82856 0.83913 78.93678
6905.68000 25.18095 0.80348 0.81518 76.71197
6906.41564 25.58959 0.81731 0.82841 77.97900
6905.70901 25.28333 0.80697 0.81850 76.99530
6904.85612 25.01705 0.79797 0.80988 76.12703
6904.11527 24.74309 0.78870 0.80101 75.28957
6903.58364 24.52702 0.78140 0.79401 74.65261
6902.42988 24.06121 0.76580 0.77893 73.33416
6901.43206 23.57479 0.74949 0.76319 71.97069
6901.17951 23.45510 0.74542 0.75931 71.64072
6900.02382 22.85385 0.72485 0.73985 69.91186
6899.14497 22.32191 0.70866 0.72263 68.56822
6899.11431 22.28131 0.70743 0.72131 68.45499
6898.39365 21.92764 0.69708 0.70986 67.64810
6897.94317 21.75201 0.69145 0.70418 67.24391
6898.06963 21.80024 0.69302 0.70574 67.35538
6896.87786 21.45836 0.68156 0.69467 66.68267
6895.51317 20.94223 0.66392 0.67796 65.47447
6894.70923 20.55483 0.65087 0.66542 64.50094
6894.33882 20.37390 0.64479 0.65956 64.03897
6893.36218 19.92916 0.62984 0.64517 62.93246
6892.70017 19.62180 0.61948 0.63522 62.17211
6892.71873 19.62605 0.61962 0.63535 62.17691
6891.90967 19.33931 0.60997 0.62607 61.53833
6891.00876 19.07681 0.60117 0.61757 61.09270
6890.24189 18.83976 0.59325 0.60990 60.67063
6889.88359 18.73147 0.58969 0.60639 60.48941
6888.72194 18.33794 0.57674 0.59365 59.73633
6887.50542 17.85567 0.56067 0.57804 58.64183
6886.98006 17.60881 0.55247 0.57005 58.01248
6886.55310 17.42239 0.54632 0.56402 57.54731
6885.51296 17.01299 0.53281 0.55076 56.59996
6884.65596 16.62756 0.51998 0.53828 55.61561
6884.63762 16.62365 0.51985 0.53816 55.61261
6883.50340 16.18434 0.50529 0.52394 54.58753
6882.34524 15.65804 0.48778 0.50690 53.10223
6882.47560 15.70283 0.48926 0.50835 53.20266
6881.86842 15.47392 0.48167 0.50094 52.65781
6880.78251 15.14799 0.47084 0.49039 52.01775
6879.61306 14.67586 0.45517 0.47510 50.77689
6880.17351 14.86248 0.46130 0.48114 51.20298
6879.21901 14.61517 0.45322 0.47314 50.78091
6878.14138 14.35023 0.44463 0.46456 50.33188
6876.98193 14.01146 0.43332 0.45359 49.53986
6876.44964 13.83728 0.42749 0.44795 49.07922
6876.41593 13.83071 0.42728 0.44774 49.07085
6875.52827 13.65893 0.42188 0.44218 48.82625
6874.58767 13.49330 0.41704 0.43682 48.63108
6873.71290 13.34447 0.41324 0.43200 48.46536
6872.91127 13.24544 0.41100 0.42879 48.49119
6872.11519 13.17545 0.40984 0.42653 48.62727
6871.28281 13.14205 0.40981 0.42545 48.91160
6870.27237 13.12189 0.41077 0.42479 49.40394
6869.08584 13.06699 0.41095 0.42302 49.81703
6868.20615 12.94678 0.40865 0.41913 49.75681
6867.20916 12.73800 0.40416 0.41237 49.38926
6865.98345 12.38904 0.39488 0.40107 48.31847
6864.73417 11.98640 0.38306 0.38804 46.78543
6863.75275 11.57135 0.37063 0.37460 45.15085
6863.30630 11.34878 0.36396 0.36739 44.23730
6862.13205 10.80582 0.34757 0.34982 42.11873
6861.08298 10.16160 0.32727 0.32896 39.41420
6860.40989 9.67047 0.31168 0.31306 37.31449
6859.51475 8.98040 0.28943 0.29072 34.42039
0.00000 0.00000 0.00000 0.00000 0.00000
