6786.13885 10.04184 0.25229 0.32508 130.31651
6786.39320 10.07458 0.25374 0.32614 130.47460
6787.39370 10.21049 0.25990 0.33054 131.03094
6788.39420 10.32651 0.26548 0.33430 131.27628
6789.39470 10.45712 0.27151 0.33853 131.68425
6790.39520 10.57870 0.27715 0.34246 131.92552
6791.39570 10.69463 0.28245 0.34622 132.03565
6792.39620 10.81796 0.28801 0.35021 132.22446
6793.39670 10.94452 0.29370 0.35431 132.40732
6794.09149 11.04603 0.29807 0.35759 132.71846
6794.39720 11.09661 0.30018 0.35923 132.98421
6795.39770 11.24813 0.30670 0.36414 133.51593
6796.39820 11.39219 0.31318 0.36880 133.78943
6797.39870 11.54483 0.31994 0.37374 134.14035
6798.39920 11.69219 0.32658 0.37851 134.39710
6799.39970 11.86287 0.33394 0.38404 134.93165
6800.32528 12.05021 0.34186 0.39010 135.82096
6800.40020 12.06611 0.34252 0.39062 135.89885
6801.40070 12.25320 0.35060 0.39667 136.62614
6802.40120 12.41151 0.35731 0.40180 136.86356
6803.40170 12.56475 0.36391 0.40676 136.99416
6804.40220 12.71881 0.37025 0.41175 137.10278
6805.40270 12.89364 0.37736 0.41741 137.17321
6806.29044 13.05439 0.38380 0.42261 137.20497
6806.40320 13.07695 0.38470 0.42334 137.22941
6807.40370 13.29164 0.39291 0.43029 137.50377
6808.40420 13.48360 0.40092 0.43650 137.65166
6809.40470 13.70432 0.40942 0.44365 138.26066
6810.40520 13.93431 0.41870 0.45110 139.06185
6810.88383 14.05858 0.42371 0.45512 139.64804
6811.40570 14.18633 0.42892 0.45925 140.14564
6812.40620 14.38046 0.43696 0.46554 140.63002
6813.40670 14.55996 0.44460 0.47135 140.62871
6814.40720 14.75327 0.45286 0.47761 140.74734
6815.40770 14.96747 0.46174 0.48454 141.06774
6815.82278 15.06276 0.46566 0.48763 141.27767
6816.40820 15.19810 0.47120 0.49201 141.56507
6817.40870 15.42050 0.48023 0.49921 141.91246
6818.40920 15.63081 0.48890 0.50602 142.05669
6819.40970 15.85200 0.49806 0.51318 142.27603
6820.18913 16.06695 0.50656 0.52014 142.95589
6820.41021 16.13289 0.50917 0.52227 143.18677
6821.41071 16.37587 0.51888 0.53014 143.78156
6822.41121 16.60265 0.52806 0.53748 144.01196
6823.41171 16.82849 0.53710 0.54479 144.09120
6824.39134 17.07113 0.54660 0.55264 144.39513
6824.41221 17.07700 0.54682 0.55283 144.40992
6825.41271 17.34433 0.55725 0.56149 144.90278
6826.41321 17.58682 0.56690 0.56934 145.04185
6827.41371 17.81006 0.57582 0.57657 144.87285
6828.41421 18.06237 0.58554 0.58473 145.03387
6828.45881 18.07531 0.58603 0.58515 145.06032
6829.41471 18.35848 0.59658 0.59432 145.67077
6830.41521 18.62098 0.60630 0.60282 146.17425
6831.41571 18.92999 0.61781 0.61282 146.83226
6831.85388 19.07950 0.62356 0.61766 147.30113
6832.41621 19.26739 0.63107 0.62374 147.82983
6833.41671 19.55515 0.64101 0.63306 148.14674
6834.41721 19.83590 0.65034 0.64215 148.32047
6835.25332 20.08368 0.65848 0.65017 148.59307
6835.41771 20.13574 0.66020 0.65185 148.68594
6836.41821 20.44412 0.67077 0.66184 149.09835
6837.41871 20.70971 0.67991 0.67044 148.92347
6838.41921 21.00153 0.68955 0.67988 149.00592
6838.72376 21.08787 0.69221 0.68268 149.08046
6839.41971 21.30402 0.69906 0.68968 149.65771
6840.42021 21.63698 0.70970 0.70045 150.23683
6841.42071 21.95422 0.71954 0.71072 150.42156
6841.81789 22.09205 0.72348 0.71519 150.45635
6842.42121 22.32417 0.73011 0.72270 150.76090
6843.42171 22.65827 0.73898 0.73352 150.67842
6844.42221 23.01302 0.74914 0.74500 151.20137
6844.63821 23.09623 0.75174 0.74769 151.42669
6845.42271 23.35975 0.76023 0.75623 151.80360
6846.42321 23.66783 0.77005 0.76620 151.84267
6847.42371 23.94699 0.77890 0.77524 151.60687
6847.85778 24.10042 0.78378 0.78020 152.02809
6848.42421 24.32275 0.79041 0.78740 152.60463
6849.42471 24.66879 0.80129 0.79860 152.95498
6850.42521 25.00667 0.81214 0.80954 153.19031
6850.70749 25.10460 0.81548 0.81271 153.28245
6851.42571 25.36047 0.82389 0.82099 153.57796
6852.42621 25.72106 0.83552 0.83267 154.00058
6853.42671 26.09212 0.84724 0.84468 154.50406
6853.46917 26.10879 0.84777 0.84522 154.53565
6854.42721 26.45941 0.85912 0.85657 154.93006
6855.42771 26.81515 0.87112 0.86809 155.18626
6856.25191 27.11297 0.88079 0.87773 155.40471
6856.42821 27.18304 0.88320 0.88000 155.57406
6857.42871 27.54270 0.89500 0.89164 156.16360
6858.42921 27.91306 0.90734 0.90363 156.41465
6858.94905 28.11715 0.91437 0.91024 156.68517
6859.42971 28.32674 0.92142 0.91702 157.15883
6860.43022 28.70012 0.93355 0.92911 157.40568
6861.43072 29.10291 0.94670 0.94215 157.91857
6861.47454 29.12134 0.94729 0.94275 157.94806
6862.43122 29.50916 0.96065 0.95530 158.42772
6863.43172 29.90251 0.97418 0.96803 158.82248
6863.94967 30.12552 0.98164 0.97525 159.25411
6864.43222 30.35698 0.98908 0.98275 159.71748
6865.43272 30.73526 1.00043 0.99499 159.73653
6866.34964 31.12971 1.01206 1.00776 159.78864
6866.43322 31.16867 1.01330 1.00902 159.83423
6867.43372 31.61211 1.02781 1.02338 160.42567
6868.43422 32.03291 1.04197 1.03700 160.94003
6868.66163 32.13389 1.04522 1.04027 161.09105
6869.43472 32.48450 1.05746 1.05162 161.62247
6870.43522 32.88509 1.07099 1.06459 161.72671
6871.00346 33.13808 1.07953 1.07278 162.04594
6871.43572 33.34472 1.08649 1.07947 162.42949
6872.43622 33.77221 1.10095 1.09331 162.74229
6873.29637 34.14226 1.11371 1.10529 163.00161
6873.43672 34.21042 1.11607 1.10749 163.11201
6874.43722 34.63781 1.13007 1.12133 163.58360
6875.43772 35.04392 1.14347 1.13448 163.73882
6875.64810 35.14644 1.14693 1.13780 163.89115
6876.43822 35.56349 1.16204 1.15130 164.82504
6877.43872 35.99518 1.17660 1.16527 164.96625
6877.75879 36.15063 1.18173 1.17030 165.19107
6878.43922 36.49482 1.19324 1.18145 165.77656
6879.43972 36.96364 1.20971 1.19662 166.21307
6879.82774 37.15481 1.21627 1.20281 166.46597
6880.44022 37.45923 1.22606 1.21267 166.87483
6881.44072 37.89272 1.24053 1.22670 166.88735
6881.98767 38.15900 1.24986 1.23532 167.13471
6882.44122 38.40900 1.25866 1.24341 167.63007
6883.44172 38.84865 1.27339 1.25765 168.10572
6884.05833 39.16318 1.28402 1.26783 168.55088
6884.44222 39.39672 1.29233 1.27539 169.17448
6885.44272 39.91909 1.30907 1.29230 169.47106
6885.90589 40.16736 1.31595 1.30034 169.52297
6886.44322 40.43339 1.32342 1.30895 169.48894
6887.44372 40.90694 1.33933 1.32428 169.60956
6887.94650 41.17155 1.34901 1.33285 169.98853
6888.44422 41.46050 1.35939 1.34220 170.58646
6889.44472 41.98263 1.37627 1.35910 171.12089
6889.80409 42.17573 1.38301 1.36535 171.36102
6890.44522 42.54975 1.39647 1.37746 172.08308
6891.44572 43.05499 1.41364 1.39382 172.37128
6891.70138 43.17992 1.41735 1.39786 172.44301
6892.44622 43.53319 1.42903 1.40930 172.87011
6893.44672 44.01414 1.44604 1.42487 172.91102
6893.73728 44.18410 1.45213 1.43037 173.20644
6894.44722 44.61375 1.46655 1.44428 174.03266
6895.44772 45.12159 1.48343 1.46072 174.24712
6895.56838 45.18828 1.48584 1.46288 174.32108
6896.44822 45.71109 1.50434 1.47981 175.18632
6897.40811 46.19247 1.51897 1.49539 175.27621
6897.44872 46.21467 1.51968 1.49611 175.29641
6898.44922 46.80762 1.54123 1.51530 176.18523
6899.14186 47.19665 1.55420 1.52790 176.58620
6899.44972 47.38385 1.56070 1.53396 176.90015
6900.45023 47.92740 1.57957 1.55155 177.46320
6900.96783 48.20084 1.58865 1.56041 177.75410
6901.45073 48.50584 1.59797 1.57028 178.01721
6902.45123 49.13837 1.61606 1.59076 178.57377
6902.55493 49.20502 1.61835 1.59291 178.69093
6903.45173 49.70370 1.63614 1.60906 179.16246
6904.33519 50.20921 1.65341 1.62542 179.61889
6904.45223 50.28343 1.65572 1.62783 179.73771
6905.45273 50.88463 1.67587 1.64729 180.48109
6905.98148 51.21339 1.68788 1.65793 180.96720
6906.45323 51.52255 1.69865 1.66794 181.51824
6907.45373 52.06610 1.71538 1.68554 181.72701
6907.70045 52.21757 1.72067 1.69044 181.92303
6908.45423 52.70080 1.73801 1.70608 182.68615
6909.36480 53.22176 1.75462 1.72295 183.04188
6909.45473 53.27737 1.75646 1.72475 183.14393
6910.45523 53.84586 1.77593 1.74315 183.95333
6911.05048 54.22594 1.78970 1.75546 184.46472
6911.45573 54.49074 1.79775 1.76403 184.87908
6912.45623 55.05780 1.81616 1.78239 185.19163
6912.73263 55.23013 1.82234 1.78796 185.39855
6913.45673 55.71932 1.83928 1.80380 186.25128
6914.28155 56.23431 1.85541 1.82047 186.84803
6914.45723 56.35464 1.85921 1.82437 187.05985
6915.45773 57.00367 1.88311 1.84538 188.04780
6915.80976 57.23849 1.88958 1.85298 188.38224
6916.45823 57.70464 1.90232 1.86807 188.89847
6917.18078 58.24268 1.91969 1.88549 189.65571
6917.45873 58.44144 1.92663 1.89192 190.00239
6918.45923 59.00367 1.94409 1.91013 190.61234
6918.87518 59.24686 1.95147 1.91800 190.91421
6919.45973 59.62099 1.96504 1.93011 191.33777
6920.40526 60.25105 1.98525 1.95051 192.27874
6920.46023 60.29010 1.98644 1.95177 192.35012
6921.46073 60.95855 2.00850 1.97341 193.34459
6921.90062 61.25523 2.01928 1.98302 193.79608
6922.46123 61.64140 2.03172 1.99552 194.42555
6923.45781 62.25941 2.05000 2.01552 195.09571
6923.46173 62.26225 2.05011 2.01562 195.10107
6924.46223 62.96617 2.07333 2.03840 196.31962
6924.89174 63.26360 2.08208 2.04803 196.82472
6925.46273 63.66193 2.09483 2.06093 197.49803
6926.34144 64.26778 2.11608 2.08054 198.50969
6926.46323 64.35818 2.11889 2.08347 198.68375
6927.46373 65.00891 2.13563 2.10453 199.70574
6927.84886 65.27197 2.14652 2.11305 200.34435
6928.46423 65.71259 2.16092 2.12731 201.18580
6929.27276 66.27615 2.17379 2.14556 201.79275
6929.46473 66.42945 2.17762 2.15052 202.03342
6930.46523 67.13530 2.20068 2.17337 203.24437
6930.65353 67.28033 2.20546 2.17807 203.57746
6931.46573 67.88756 2.21947 2.19772 204.84246
6932.02197 68.28452 2.23409 2.21057 205.61476
6932.46623 68.60401 2.24404 2.22092 206.24856
6933.44057 69.28870 2.26152 2.24308 207.60406
6933.46673 69.30937 2.26216 2.24375 207.65281
6934.46723 70.02957 2.28440 2.26707 209.14924
6934.81340 70.29289 2.29195 2.27559 209.75871
6935.46773 70.79352 2.30340 2.29180 210.88060
6936.28279 71.29707 2.31989 2.30810 211.95729
6936.46823 71.42410 2.32374 2.31221 212.26231
6937.46873 72.16225 2.34118 2.33611 213.97181
6937.63952 72.30126 2.34586 2.34061 214.31903
6938.46923 72.93586 2.36439 2.36115 215.84209
6938.99407 73.30544 2.37312 2.37312 216.69202
6939.46973 73.67425 2.38286 2.38506 217.62380
6940.32398 74.30962 2.40223 2.40563 219.21231
6940.47024 74.42328 2.40572 2.40930 219.51654
6941.47074 75.12884 2.42116 2.43215 221.25770
6941.69090 75.31381 2.42636 2.43813 221.68376
6942.47124 76.01147 2.44490 2.46072 223.43157
6942.87045 76.31799 2.45286 2.47064 224.27581
6943.47174 76.77626 2.46764 2.48548 225.57314
6944.18768 77.32218 2.48138 2.50315 227.13503
6944.47224 77.54847 2.48661 2.51048 227.81215
6945.47274 78.20790 2.50938 2.53182 229.80661
6945.62024 78.32636 2.51338 2.53566 230.16117
6946.47324 78.99520 2.52463 2.55731 232.30936
6946.89113 79.33054 2.54268 2.56817 233.42451
6947.47374 79.82586 2.62569 2.58420 235.03905
6948.12557 80.33473 2.73426 2.60068 236.88223
6948.47424 80.61071 2.77578 2.60961 237.89861
6949.38582 81.33891 2.78571 2.63318 240.77946
6949.47474 81.41362 2.78300 2.63560 241.06212
6950.47524 82.16134 2.77991 2.65981 244.52686
6950.69358 82.34310 2.78551 2.66569 245.31969
6951.47574 82.98555 2.81014 2.68649 248.32272
6951.96665 83.34728 2.82493 2.69820 250.34738
6952.47624 83.81508 2.83871 2.71335 252.42393
6953.02911 84.35146 2.84781 2.73071 255.01515
6953.47674 84.73211 2.85542 2.74303 256.78413
6954.32821 85.35565 2.87034 2.76322 260.36169
6954.47724 85.46858 2.87327 2.76687 261.14618
6955.47774 86.23537 2.89336 2.79170 266.50680
6955.62549 86.35983 2.89667 2.79573 267.28153
6956.47824 87.09459 2.91596 2.81951 271.77609
6956.81225 87.36402 2.92317 2.82824 273.60840
6957.47874 87.91201 2.93828 2.84598 277.52679
6958.01980 88.36820 2.95106 2.86074 280.55981
6958.47924 88.76185 2.96256 2.87349 283.18214
6959.21355 89.37238 2.98093 2.89325 287.58864
6959.47974 89.59352 2.98753 2.90041 289.21872
6960.40895 90.37657 3.01220 2.92576 294.81111
6960.48024 90.44368 3.01437 2.92793 295.20195
6961.48074 91.28144 3.04148 2.95505 301.37864
6961.59492 91.38075 3.04479 2.95827 302.04775
6962.48124 92.13385 3.07027 2.98265 307.62918
6962.80896 92.38494 3.07905 2.99078 309.35992
6963.48174 92.95040 3.09726 3.00908 312.90905
6963.94837 93.38912 3.11047 3.02329 316.18141
6964.48224 93.87090 3.12675 3.03888 319.58913
6965.08959 94.39331 3.14570 3.05579 323.15968
6965.48274 94.73616 3.15795 3.06689 325.53006
6966.23785 95.39749 3.18167 3.08830 330.10460
6966.48324 95.61394 3.18942 3.09531 331.55436
6967.44526 96.40167 3.21825 3.12081 338.08338
6967.48374 96.43645 3.21950 3.12194 338.30656
6968.48424 97.31680 3.25138 3.15044 344.24112
6968.58412 97.40586 3.25466 3.15332 344.81477
6969.48474 98.21895 3.28410 3.17964 349.88274
6969.70511 98.41004 3.29104 3.18583 351.17597
6970.48524 99.09611 3.31616 3.20804 355.91360
6970.86797 99.41423 3.32780 3.21834 358.47056
6971.48574 99.93159 3.34636 3.23509 361.14074
6972.07352 100.41841 3.36398 3.25085 364.20457
6972.48624 100.80368 3.37809 3.26332 366.30389
6973.12042 101.42259 3.39931 3.28335 369.48626
6973.48674 101.79871 3.41100 3.29553 371.61888
6974.10936 102.42678 3.43222 3.31586 374.43216
6974.48724 102.75506 3.44437 3.32649 376.55454
6975.31290 103.43096 3.46890 3.34837 382.16341
6975.48774 103.59443 3.47468 3.35366 383.02819
6976.37635 104.43515 3.50451 3.38088 387.17725
6976.48824 104.54107 3.50825 3.38431 387.67265
6977.44153 105.43933 3.53998 3.41339 392.10006
6977.48874 105.48242 3.54151 3.41478 392.33707
6978.48924 106.34086 3.57227 3.44257 398.38958
6978.59912 106.44351 3.57588 3.44590 398.90218
6979.48974 107.27079 3.60493 3.47268 403.25620
6979.68751 107.44770 3.61122 3.47840 404.48150
6980.49025 108.22181 3.63803 3.50346 407.01962
6980.75162 108.45188 3.64594 3.51091 407.66234
6981.49075 109.09385 3.66848 3.53170 411.41095
6981.86975 109.45607 3.68110 3.54342 413.21002
6982.49125 110.03819 3.70163 3.56227 415.83697
6982.93456 110.46025 3.71589 3.57593 418.03117
6983.49175 111.05879 3.73392 3.59531 420.66018
6983.87555 111.46444 3.74695 3.60844 422.17085
6984.49225 112.06420 3.76803 3.62785 424.37450
6984.91797 112.46862 3.78197 3.64095 426.26717
6985.49275 113.00408 3.80049 3.65828 429.04580
6985.98699 113.47280 3.81668 3.67346 431.21713
6986.49325 113.96231 3.83347 3.68930 433.31150
6987.03916 114.47699 3.85121 3.70596 435.78087
6987.49375 114.92467 3.86648 3.72046 437.48671
6988.05691 115.48117 3.88556 3.73847 439.63377
6988.49425 115.90680 3.90010 3.75225 441.54871
6989.17905 116.48536 3.92002 3.77098 444.40179
6989.49475 116.75271 3.92920 3.77964 445.50454
6990.24687 117.48954 3.95433 3.80349 448.41367
6990.49525 117.74869 3.96300 3.81188 449.15168
6991.26568 118.49372 3.98869 3.83600 452.09826
6991.49575 118.73526 3.99684 3.84382 452.71258
6992.20151 119.49791 4.01996 3.86851 455.75487
6992.49625 119.78371 4.02894 3.87776 457.45054
6993.20551 120.50209 4.05340 3.90101 459.68471
6993.49675 120.79878 4.06343 3.91062 460.61990
6994.21353 121.50628 4.08736 3.93352 463.35445
6994.49725 121.79419 4.09710 3.94284 464.28635
6995.23573 122.51046 4.12146 3.96603 467.32522
6995.49775 122.76301 4.13006 3.97421 468.44025
6996.24257 123.51464 4.15548 3.99854 470.99254
6996.49825 123.76665 4.16402 4.00670 471.96364
6997.24151 124.51883 4.18945 4.03105 474.55777
6997.49875 124.79156 4.19858 4.03988 475.28499
6998.29672 125.52301 4.22336 4.06356 478.18369
6998.49925 125.71026 4.22965 4.06962 478.63944
6999.31730 126.52720 4.25709 4.09606 481.05712
6999.49975 126.70375 4.26309 4.10178 481.91831
7000.31926 127.53138 4.29111 4.12857 484.67577
7000.50025 127.72740 4.29778 4.13492 485.03303
7001.24392 128.53556 4.32283 4.16108 487.77319
7001.50075 128.81899 4.33127 4.17026 488.88436
7002.15709 129.53975 4.35501 4.19359 490.35065
7002.50125 129.88354 4.36670 4.20472 491.56743
7003.13535 130.54393 4.38879 4.22610 493.54846
7003.50175 130.91414 4.40125 4.23808 494.84958
7004.10466 131.54812 4.42247 4.25861 496.55650
7004.50225 131.98288 4.43698 4.27268 497.44062
7005.03376 132.55230 4.45606 4.29112 498.78099
7005.50275 133.04912 4.47266 4.30720 500.03278
7006.00024 133.55649 4.48974 4.32362 502.02817
7006.50325 134.04165 4.50612 4.33933 503.79929
7007.04267 134.56067 4.52338 4.35613 504.66901
7007.50375 135.03281 4.53907 4.37142 505.77449
7008.01785 135.56485 4.55687 4.38864 507.66717
7008.50425 136.08604 4.57448 4.40551 508.86351
7008.95110 136.56904 4.59052 4.42115 510.02035
7009.50475 137.17164 4.60835 4.44066 512.71957
7009.82692 137.57322 4.62061 4.45366 513.16009
7010.50525 138.32610 4.64591 4.47803 514.44888
7010.75557 138.57741 4.65435 4.48617 515.40192
7011.50575 139.38802 4.68135 4.51241 517.35698
7011.68440 139.58159 4.68782 4.51867 517.80722
7012.50625 140.42777 4.71623 4.54607 520.72296
7012.65054 140.58577 4.72150 4.55118 521.06890
7013.50675 141.48904 4.75161 4.58042 523.73551
7013.60485 141.58996 4.75500 4.58369 524.08763
7014.50725 142.59397 4.78835 4.61619 526.01061
7014.50741 142.59414 4.78835 4.61620 526.01100
7015.40599 143.59833 4.82178 4.64871 528.15103
7015.50775 143.71015 4.82549 4.65233 528.31826
7016.44368 144.60251 4.85522 4.68122 530.62177
7016.50825 144.66409 4.85728 4.68321 530.88590
7017.33389 145.60669 4.88885 4.71373 532.42233
7017.50875 145.82397 4.89568 4.72076 532.58531
7018.13469 146.61088 4.91856 4.74623 534.15321
7018.50925 147.01316 4.93180 4.75926 535.42455
7019.04283 147.61506 4.95208 4.77874 536.38070
7019.50975 148.12683 4.96904 4.79531 537.64062
7019.96576 148.61925 4.98546 4.81125 538.97310
7020.51026 149.20130 5.00492 4.83009 540.67921
7020.88468 149.62343 5.01895 4.84376 541.51579
7021.51076 150.34165 5.04273 4.86701 542.70850
7021.76130 150.62762 5.05225 4.87627 543.20298
7022.51126 151.46013 5.07996 4.90322 545.09041
7022.66587 151.63180 5.08567 4.90878 545.45963
7023.51176 152.54699 5.11621 4.93840 548.07869
7023.59571 152.63598 5.11920 4.94128 548.41604
7024.49213 153.64017 5.15237 4.97379 549.48000
7024.51226 153.66260 5.15312 4.97452 549.45611
7025.39227 154.64435 5.18423 5.00630 551.32236
7025.51276 154.77960 5.18821 5.01068 551.97766
7026.21747 155.64854 5.21553 5.03881 553.25147
7026.51326 155.98192 5.22672 5.04960 553.89490
7027.07078 156.65272 5.24876 5.07132 554.61251
7027.51376 157.15986 5.26558 5.08774 555.58631
7027.95187 157.65690 5.28206 5.10383 556.59235
7028.51426 158.28032 5.30286 5.12401 558.15925
7028.85426 158.66109 5.31556 5.13634 559.06524
7029.51476 159.38732 5.33974 5.15985 561.00008
7029.75616 159.66527 5.34893 5.16884 561.52748
7030.51526 160.55058 5.37829 5.19750 563.04785
7030.61731 160.66946 5.38223 5.20135 563.25814
7031.45429 161.67364 5.41536 5.23386 564.53337
7031.51576 161.74421 5.41769 5.23615 564.68502
7032.33850 162.67782 5.44867 5.26637 566.67153
7032.51626 162.88696 5.45571 5.27314 566.98483
7033.16755 163.68201 5.48126 5.29888 568.29309
7033.51676 164.10820 5.49347 5.31267 568.96179
7033.99906 164.68619 5.51137 5.33139 568.95025
7034.51726 165.22019 5.52960 5.34867 570.68376
7034.92252 165.69038 5.54508 5.36389 571.74277
7035.51776 166.41094 5.56890 5.38722 572.61596
7035.76071 166.69456 5.57829 5.39640 573.13144
7036.51826 167.56610 5.60720 5.42462 574.97722
7036.62508 167.69874 5.61158 5.42891 575.09016
7037.44574 168.70293 5.64466 5.46142 576.25242
7037.51876 168.78795 5.64748 5.46417 576.41681
7038.30030 169.70711 5.67792 5.49393 578.06516
7038.51926 169.95964 5.68633 5.50210 578.59567
7039.13709 170.71130 5.71106 5.52644 579.55947
7039.51976 171.15893 5.72591 5.54093 580.44059
7039.99759 171.71548 5.74465 5.55895 581.44189
7040.52026 172.34458 5.76394 5.57931 583.08104
7040.80250 172.71967 5.77469 5.59145 583.83932
7041.52076 173.62163 5.80423 5.62065 584.93999
7041.61469 173.72385 5.80766 5.62396 585.23214
7042.52126 174.69806 5.83976 5.65550 586.67715
7042.54583 174.72803 5.84074 5.65647 586.66392
7043.37501 175.73222 5.87393 5.68898 588.07323
7043.52176 175.90576 5.87969 5.69460 588.41331
7044.18844 176.73640 5.90705 5.72149 589.24819
7044.52226 177.12759 5.91999 5.73415 590.04716
7045.01319 177.74059 5.94017 5.75400 590.69678
7045.52276 178.36043 5.96068 5.77406 591.62783
7045.84423 178.74477 5.97342 5.78650 592.32567
7046.52326 179.53529 5.99963 5.81210 594.04323
7046.69534 179.74895 6.00665 5.81901 594.30356
7047.52376 180.74412 6.03977 5.85123 595.95465
7047.53125 180.75314 6.04007 5.85152 595.96700
7048.23218 181.75732 6.07041 5.88403 596.23174
7048.52426 182.12718 6.08157 5.89600 597.09758
7049.03773 182.76151 6.10274 5.91654 597.83208
7049.52476 183.33776 6.12185 5.93519 599.02035
7049.85399 183.76569 6.13582 5.94905 599.26429
7050.52526 184.59471 6.16324 5.97588 600.53946
7050.67935 184.76987 6.16908 5.98156 601.09103
7051.52576 185.74826 6.20130 6.01323 601.98884
7051.54747 185.77406 6.20215 6.01406 601.99896
7052.38927 186.77824 6.23531 6.04657 603.37987
7052.52626 186.94514 6.24085 6.05198 603.71651
7053.17883 187.78243 6.26839 6.07908 604.43466
7053.52676 188.19429 6.28197 6.09241 605.30200
7053.97962 188.78661 6.30137 6.11159 605.72676
7054.52726 189.45552 6.32382 6.13324 606.68659
7054.80407 189.79079 6.33435 6.14410 607.54985
7055.52776 190.78255 6.36385 6.17620 608.94543
7055.53671 190.79498 6.36426 6.17661 608.94008
7056.30082 191.79916 6.39751 6.20911 609.41462
7056.52826 192.07320 6.40657 6.21799 609.95836
7057.12125 192.80335 6.43072 6.24162 611.11590
7057.52876 193.29447 6.44698 6.25752 612.09561
7057.93608 193.80753 6.46391 6.27413 612.74002
7058.52926 194.53846 6.48808 6.29779 613.88027
7058.74788 194.81172 6.49709 6.30664 614.27438
7059.52976 195.78705 6.52931 6.33821 615.69604
7059.55510 195.81590 6.53026 6.33915 615.73094
7060.43531 196.82008 6.56332 6.37166 616.69650
7060.53027 196.92640 6.56684 6.37510 617.01419
7061.19387 197.82427 6.59654 6.40417 617.43141
7061.53077 198.28190 6.61108 6.41898 617.75700
7061.91587 198.82845 6.62669 6.43667 618.56464
7062.53127 199.60253 6.65166 6.46173 619.95948
7062.71250 199.83264 6.65938 6.46918 620.17883
7063.52637 200.83682 6.69254 6.50169 621.94760
7063.53177 200.84356 6.69276 6.50191 621.95789
7064.27005 201.84100 6.72558 6.53420 622.36846
7064.53227 202.16110 6.73617 6.54456 622.97713
7065.05086 202.84519 6.75864 6.56671 623.53420
7065.53277 203.43992 6.77831 6.58596 624.55423
7065.85378 203.84937 6.79180 6.59922 625.08160
7066.53327 204.72446 6.82074 6.62754 626.10905
7066.63263 204.85356 6.82497 6.63172 626.23530
7067.39768 205.85774 6.85799 6.66423 627.19800
7067.53377 206.02092 6.86341 6.66952 627.63488
7068.23149 206.86192 6.89140 6.69674 628.82023
7068.53427 207.24476 6.90389 6.70913 628.55431
7068.99194 207.86611 6.92217 6.72925 629.03113
7069.53477 208.56618 6.94390 6.75191 630.59911
7069.75771 208.87029 6.95406 6.76176 630.67580
7070.53527 209.84081 6.98616 6.79318 632.26332
7070.56120 209.87448 6.98727 6.79427 632.30131
7071.30851 210.87866 7.02031 6.82677 632.97907
7071.53577 211.16072 7.02963 6.83591 633.46273
7072.06102 211.88285 7.05338 6.85928 633.73221
7072.53627 212.52566 7.07450 6.88009 634.11975
7072.81211 212.88703 7.08638 6.89179 634.50243
7073.53677 213.76736 7.11568 6.92029 636.37404
7073.62964 213.89121 7.11975 6.92430 636.47241
7074.35246 214.89540 7.15255 6.95681 636.78671
7074.53727 215.12825 7.16027 6.96435 637.14252
7075.11622 215.89958 7.18575 6.98932 637.79123
7075.53777 216.49084 7.20285 7.00846 638.89962
7075.82031 216.90377 7.21532 7.02183 639.18308
7076.53827 217.80375 7.24554 7.05096 640.62523
7076.62138 217.90795 7.24897 7.05433 640.87154
7077.38555 218.91213 7.28192 7.08684 641.49548
7077.53877 219.10145 7.28810 7.09297 641.45249
7078.17863 219.91632 7.31477 7.11935 641.55362
7078.53927 220.34250 7.32902 7.13315 642.73910
7078.96263 220.92050 7.34804 7.15186 643.18709
7079.53977 221.69715 7.37358 7.17700 643.75144
7079.71369 221.92469 7.38114 7.18437 644.03567
7080.48235 222.92887 7.41428 7.21688 645.24863
7080.54027 223.00084 7.41669 7.21921 645.37942
7081.22631 223.93305 7.44727 7.24938 646.04543
7081.54077 224.33682 7.46062 7.26246 646.59747
7081.98135 224.93724 7.48068 7.28189 646.91003
7082.54127 225.77738 7.50521 7.30909 647.64607
7082.65140 225.94142 7.51009 7.31440 647.77015
7083.41451 226.94561 7.54346 7.34691 648.88521
7083.54177 227.10508 7.54873 7.35207 649.16911
7084.15232 227.94979 7.57642 7.37942 649.59104
7084.54227 228.46398 7.59342 7.39606 650.18860
7084.90496 228.95397 7.60956 7.41193 650.57360
7085.54277 229.77154 7.63658 7.43839 651.82020
7085.68697 229.95816 7.64277 7.44444 652.09260
7086.44756 230.96234 7.67595 7.47694 653.16007
7086.54327 231.08601 7.67999 7.48095 653.13901
7087.26449 231.96653 7.70892 7.50945 653.59217
7087.54377 232.29599 7.71986 7.52012 654.41099
7088.01519 232.97071 7.74215 7.54196 654.59659
7088.54427 233.70408 7.76593 7.56570 655.11033
7088.73958 233.97490 7.77374 7.57447 655.67672
7089.45168 234.97908 7.80502 7.60698 656.73824
7089.54477 235.10001 7.80912 7.61089 656.86716
7090.16484 235.98326 7.83806 7.63949 657.05374
7090.54527 236.48290 7.85461 7.65566 657.67977
7090.91485 236.98745 7.87121 7.67199 658.04465
7091.54577 237.79514 7.89797 7.69814 659.33758
7091.69203 237.99163 7.90445 7.70450 659.53399
7092.42846 238.99582 7.93760 7.73701 660.30241
7092.54627 239.15035 7.94271 7.74201 660.49814
7093.13707 240.00000 7.97056 7.76952 660.61010
