7103.55178 239.75972 7.99057 7.76174 879.89701
7102.96232 238.99582 7.97502 7.73701 879.59996
7102.55128 238.49062 7.95565 7.72066 878.29461
7102.17787 237.99163 7.93535 7.70450 877.94836
7101.55078 237.10946 7.90857 7.67594 878.25127
7101.45746 236.98745 7.90619 7.67199 878.11394
7100.74029 235.98326 7.86462 7.63949 878.32762
7100.55028 235.72854 7.85685 7.63124 878.17893
7099.97791 234.97908 7.84715 7.60698 877.55588
7099.54977 234.39167 7.81580 7.58796 877.38474
7099.24516 233.97490 7.80169 7.57447 876.44898
7098.55156 232.97071 7.77644 7.54196 876.35228
7098.54927 232.96792 7.77633 7.54187 876.34721
7097.81652 231.96653 7.73576 7.50945 876.23230
7097.54877 231.61702 7.72656 7.49814 875.90522
7097.05359 230.96234 7.71450 7.47694 875.45843
7096.54827 230.26068 7.67839 7.45423 875.62235
7096.31251 229.95816 7.66832 7.44444 875.14975
7095.54777 228.96577 7.64408 7.41231 874.60667
7095.53772 228.95397 7.64320 7.41193 874.60508
7094.72548 227.94979 7.60680 7.37942 874.74716
7094.54727 227.72497 7.60116 7.37214 874.40953
7093.97917 226.94561 7.57156 7.34691 874.11849
7093.54677 226.36515 7.54880 7.32812 874.11457
7093.21503 225.94142 7.53720 7.31440 873.55477
7092.54627 224.95240 7.51251 7.28238 872.90148
7092.53569 224.93724 7.51161 7.28189 872.90714
7091.78737 223.93305 7.47692 7.24938 872.68417
7091.54577 223.61623 7.47398 7.23913 872.39050
7091.03882 222.92887 7.43834 7.21688 872.32464
7090.54527 222.26589 7.42063 7.19541 872.15329
7090.28110 221.92469 7.41158 7.18437 871.81818
7089.54477 220.94377 7.37269 7.15261 871.42730
7089.52641 220.92050 7.37183 7.15186 871.39476
7088.77656 219.91632 7.34329 7.11935 871.08533
7088.54427 219.62767 7.33746 7.11001 870.61344
7088.01505 218.91213 7.30196 7.08684 870.56893
7087.54377 218.27032 7.29155 7.06607 870.38287
7087.24891 217.90795 7.28350 7.05433 869.86279
7086.54327 217.07023 7.24059 7.02721 870.06204
7086.40397 216.90377 7.23740 7.02183 870.06705
7085.70700 215.89958 7.21230 6.98932 869.05124
7085.54277 215.70477 7.20422 6.98301 868.36310
7084.93504 214.89540 7.17497 6.95681 868.41999
7084.54227 214.39592 7.16229 6.94064 867.79234
7084.16259 213.89121 7.14675 6.92430 867.68275
7083.54177 213.02483 7.10984 6.89625 868.26428
7083.42896 212.88703 7.10755 6.89179 867.97717
7082.63797 211.88285 7.07519 6.85928 866.86075
7082.54127 211.76742 7.06898 6.85555 866.59194
7081.89143 210.87866 7.04774 6.82677 866.89868
7081.54077 210.44031 7.03229 6.81258 866.30643
7081.09659 209.87448 7.00508 6.79427 865.74637
7080.54027 209.11890 6.98570 6.76981 865.91260
7080.34661 208.87029 6.97714 6.76176 865.75724
7079.61344 207.86611 6.94041 6.72925 865.43655
7079.53977 207.76605 6.93738 6.72601 865.18416
7078.89649 206.86192 6.91704 6.69674 865.10770
7078.53927 206.42559 6.90114 6.68262 864.26169
7078.06041 205.85774 6.87540 6.66423 862.98869
7077.53877 205.20319 6.86480 6.64304 863.82351
7077.26348 204.85356 6.84927 6.63172 864.34173
7076.53827 203.94647 6.81269 6.60236 863.47419
7076.45937 203.84937 6.81105 6.59922 863.28621
7075.68542 202.84519 6.77649 6.56671 862.83647
7075.53777 202.66027 6.76924 6.56072 862.64741
7074.92076 201.84100 6.74276 6.53420 862.71763
7074.53727 201.35680 6.73026 6.51852 862.27962
7074.13232 200.83682 6.71016 6.50169 862.00013
7073.53677 200.06053 6.68405 6.47656 861.76682
7073.35569 199.83264 6.68187 6.46918 861.56417
7072.61166 198.82845 6.63925 6.43667 861.66247
7072.53627 198.72549 6.63643 6.43334 861.46404
7071.89717 197.82427 6.61617 6.40417 861.20694
7071.53577 197.39934 6.59842 6.39041 860.39485
7071.07481 196.82008 6.57694 6.37166 859.83688
7070.53527 196.13017 6.55820 6.34932 859.52625
7070.28624 195.81590 6.54675 6.33915 859.33109
7069.53477 194.82111 6.50910 6.30694 859.52471
7069.52669 194.81172 6.50883 6.30664 859.49857
7068.68788 193.80753 6.48247 6.27413 858.01932
7068.53427 193.63263 6.47291 6.26847 858.15090
7067.83550 192.80335 6.44531 6.24162 858.43942
7067.53377 192.44955 6.44040 6.23017 857.63336
7067.03614 191.79916 6.40776 6.20911 857.45346
7066.53327 191.14050 6.39011 6.18779 857.75031
7066.24357 190.79498 6.38243 6.17661 857.25187
7065.53277 189.83911 6.34530 6.14566 856.02836
7065.49757 189.79079 6.34413 6.14410 855.96598
7064.73309 188.78661 6.31475 6.11159 856.17864
7064.53227 188.54947 6.30627 6.10391 855.69608
7063.91613 187.78243 6.27871 6.07908 855.10190
7063.53177 187.30253 6.26519 6.06354 854.83826
7063.11536 186.77824 6.25045 6.04657 854.57975
7062.53127 186.03968 6.21797 6.02266 854.43297
7062.30974 185.77406 6.21385 6.01406 854.01020
7061.53077 184.81168 6.18146 5.98291 853.31918
7061.49707 184.76987 6.17950 5.98156 853.29199
7060.72913 183.76569 6.15095 5.94905 853.57571
7060.53027 183.52566 6.14161 5.94128 853.25246
7059.83593 182.76151 6.10947 5.91654 852.45723
7059.52976 182.41280 6.10075 5.90525 852.80888
7059.00781 181.75732 6.08147 5.88403 852.13467
7058.52926 181.13756 6.06228 5.86397 850.51843
7058.23435 180.75314 6.04867 5.85152 850.72523
7057.52876 179.89442 6.02453 5.82372 850.19778
7057.41175 179.74895 6.01924 5.81901 850.13655
7056.63165 178.74477 5.98049 5.78650 850.46420
7056.52826 178.61525 5.97839 5.78231 850.45095
7055.83430 177.74059 5.94682 5.75400 850.52992
7055.52776 177.36512 5.93258 5.74184 850.29879
7055.02061 176.73640 5.91766 5.72149 850.09738
7054.52726 176.17345 5.89485 5.70326 848.86155
7054.16085 175.73222 5.87826 5.68898 848.51176
7053.52676 174.92519 5.85595 5.66285 848.75412
7053.36132 174.72803 5.84755 5.65647 848.54597
7052.56023 173.72385 5.81272 5.62396 848.64996
7052.52626 173.68473 5.81162 5.62270 848.56650
7051.69286 172.71967 5.77955 5.59145 847.05949
7051.52576 172.50702 5.77260 5.58457 847.16066
7050.89496 171.71548 5.74859 5.55895 847.75824
7050.52526 171.31472 5.74022 5.54597 846.67259
7050.03349 170.71130 5.71451 5.52644 846.34711
7049.52476 170.09004 5.69540 5.50632 846.20383
7049.19279 169.70711 5.68728 5.49393 845.64327
7048.52426 168.92207 5.65505 5.46851 844.74744
7048.33909 168.70293 5.64880 5.46142 844.53326
7047.52376 167.72953 5.61807 5.42991 843.90774
7047.49766 167.69874 5.61655 5.42891 843.88071
7046.69221 166.69456 5.58411 5.39640 844.29735
7046.52326 166.49046 5.57729 5.38980 844.24186
7045.85120 165.69038 5.54495 5.36389 843.71664
7045.52276 165.30548 5.53536 5.35143 843.30841
7044.99451 164.68619 5.51443 5.33139 843.04393
7044.52226 164.09808 5.49446 5.31235 842.66031
7044.19734 163.68201 5.48311 5.29888 841.77655
7043.52176 162.86384 5.46012 5.27239 841.26329
7043.36317 162.67782 5.45380 5.26637 841.19016
7042.52126 161.68286 5.41795 5.23416 840.75187
7042.51225 161.67364 5.41778 5.23386 840.73814
7041.54162 160.66946 5.38298 5.20135 839.72855
7041.52076 160.64878 5.38216 5.20068 839.61883
7040.71013 159.66527 5.35510 5.16884 839.47125
7040.52026 159.45064 5.34666 5.16190 839.20024
7039.84492 158.66109 5.31587 5.13634 838.79181
7039.51976 158.27401 5.30879 5.12380 838.76189
7038.98199 157.65690 5.28236 5.10383 838.12749
7038.51926 157.12251 5.26515 5.08653 837.71171
7038.12149 156.65272 5.25407 5.07132 837.61605
7037.51876 155.97786 5.22497 5.04947 836.52831
7037.23257 155.64854 5.21460 5.03881 836.46047
7036.51826 154.74718 5.18826 5.00963 836.59468
7036.43267 154.64435 5.18522 5.00630 836.27167
7035.62985 153.64017 5.15128 4.97379 836.56402
7035.51776 153.51267 5.14717 4.96967 836.51967
7034.73914 152.63598 5.11889 4.94128 835.44893
7034.51726 152.39389 5.11010 4.93345 834.79183
7033.80376 151.63180 5.08847 4.90878 834.17376
7033.51676 151.32627 5.07931 4.89889 834.71689
7032.90206 150.62762 5.04897 4.87627 835.15116
7032.51626 150.18567 5.03762 4.86196 834.69010
7032.01894 149.62343 5.02058 4.84376 834.24241
7031.51576 149.07016 4.99786 4.82585 833.41695
7031.12388 148.61925 4.98697 4.81125 833.31816
7030.51526 147.94555 4.96295 4.78944 832.57043
7030.21245 147.61506 4.94953 4.77874 832.00852
7029.51476 146.80567 4.92824 4.75254 832.28480
7029.34038 146.61088 4.92020 4.74623 831.96200
7028.55464 145.60669 4.88792 4.71373 831.72990
7028.51426 145.56231 4.88694 4.71229 831.67430
7027.61296 144.60251 4.85204 4.68122 829.94964
7027.51376 144.49644 4.84846 4.67778 829.74606
7026.73585 143.59833 4.82245 4.64871 830.00938
7026.51326 143.35352 4.81242 4.64078 829.78590
7025.84032 142.59414 4.78616 4.61620 829.66340
7025.51276 142.23478 4.77528 4.60457 829.20468
7024.89311 141.58996 4.75335 4.58369 827.76401
7024.51226 141.18766 4.73848 4.57067 828.56992
7023.91515 140.58577 4.71962 4.55118 828.30451
7023.51176 140.18223 4.70839 4.53812 826.73327
7022.97917 139.58159 4.68587 4.51867 826.57295
7022.51126 139.06899 4.67058 4.50208 826.35683
7022.05740 138.57741 4.65606 4.48617 825.77528
7021.51076 137.98232 4.63213 4.46690 825.38542
7021.12100 137.57322 4.62139 4.45366 824.79807
7020.51026 136.84112 4.60025 4.42996 823.98376
7020.28564 136.56904 4.58911 4.42115 823.83949
7019.50975 135.71594 4.56660 4.39353 823.60835
7019.37378 135.56485 4.56130 4.38864 823.62808
7018.50925 134.63555 4.52643 4.35856 822.78886
7018.43803 134.56067 4.52517 4.35613 822.67745
7017.50875 133.57830 4.48788 4.32433 821.49096
7017.48817 133.55649 4.48686 4.32362 821.47264
7016.59381 132.55230 4.45914 4.29112 821.79011
7016.50825 132.46240 4.45523 4.28821 821.76362
7015.55567 131.54812 4.42458 4.25861 821.62878
7015.50775 131.50109 4.42384 4.25708 821.53345
7014.58077 130.54393 4.38462 4.22610 819.66791
7014.50725 130.46578 4.38294 4.22357 819.62151
7013.64672 129.53975 4.35728 4.19359 819.51990
7013.50675 129.39228 4.34944 4.18882 819.55354
7012.75155 128.53556 4.32637 4.16108 819.24004
7012.50625 128.27057 4.32112 4.15250 818.04956
7011.84740 127.53138 4.28709 4.12857 818.32415
7011.50575 127.16307 4.27970 4.11665 818.53560
7010.88125 126.52720 4.25949 4.09606 817.41048
7010.50525 126.14905 4.24268 4.08382 816.69182
7009.91248 125.52301 4.22775 4.06356 816.41565
7009.50475 125.10851 4.21200 4.05014 815.78123
7008.93614 124.51883 4.18971 4.03105 815.33645
7008.50425 124.06395 4.17880 4.01632 815.20000
7007.96740 123.51464 4.15695 3.99854 814.63332
7007.50375 123.03459 4.14206 3.98300 814.04240
7006.94772 122.51046 4.12763 3.96603 813.23090
7006.50325 122.10769 4.10931 3.95299 813.19504
7005.90108 121.50628 4.09136 3.93352 812.79448
7005.50275 121.10142 4.08074 3.92042 812.08624
7004.91605 120.50209 4.05607 3.90101 811.57433
7004.50225 120.07167 4.04438 3.88708 811.80965
7003.93971 119.49791 4.02769 3.86851 810.47271
7003.50175 119.01563 4.00952 3.85289 809.06816
7003.03024 118.49372 3.99667 3.83600 809.63409
7002.50125 117.97768 3.97934 3.81929 808.80274
7002.02788 117.48954 3.96005 3.80349 808.70927
7001.50075 116.94628 3.94503 3.78590 808.71008
7001.03577 116.48536 3.92744 3.77098 808.13979
7000.50025 115.94709 3.90853 3.75356 807.70528
7000.03786 115.48117 3.89573 3.73847 807.45027
6999.49975 114.95298 3.87631 3.72137 806.76378
6999.02192 114.47699 3.86143 3.70596 806.06197
6998.49925 113.97137 3.84526 3.68960 806.28163
6997.92395 113.47280 3.82419 3.67346 805.91687
6997.49875 113.07982 3.81379 3.66073 804.96598
6996.88493 112.46862 3.79654 3.64095 804.14014
6996.49825 112.09604 3.78086 3.62889 803.57389
6995.86826 111.46444 3.76171 3.60844 803.90990
6995.49775 111.07141 3.74822 3.59571 803.83654
6994.92762 110.46025 3.72727 3.57593 802.25704
6994.49725 110.02900 3.71822 3.56197 801.82254
6993.89799 109.45607 3.69739 3.54342 801.25829
6993.49675 109.06195 3.68214 3.53066 800.99545
6992.88825 108.45188 3.66541 3.51091 801.20635
6992.49625 108.07672 3.65057 3.49877 800.69798
6991.84093 107.44770 3.62895 3.47840 799.97089
6991.49575 107.11387 3.62120 3.46760 799.69218
6990.76176 106.44351 3.59416 3.44590 797.65460
6990.49525 106.18392 3.58757 3.43749 797.63110
6989.75474 105.43933 3.56458 3.41339 798.04644
6989.49475 105.19143 3.55194 3.40536 798.12678
6988.59252 104.43515 3.53357 3.38088 797.28786
6988.49425 104.35249 3.53252 3.37820 796.80427
6987.49573 103.43096 3.49533 3.34837 794.53379
6987.49375 103.42903 3.49531 3.34831 794.53458
6986.49325 102.51407 3.46434 3.31869 792.52954
6986.40045 102.42678 3.45959 3.31586 792.57059
6985.49275 101.48187 3.44117 3.28527 792.51011
6985.43546 101.42259 3.43882 3.28335 792.33129
6984.49225 100.52639 3.40465 3.25434 790.91140
6984.37602 100.41841 3.40329 3.25085 790.81136
6983.49175 99.62139 3.37080 3.22504 788.71422
6983.26740 99.41423 3.36379 3.21834 788.44601
6982.49125 98.70530 3.35089 3.19539 787.13236
6982.17088 98.41004 3.33094 3.18583 786.85059
6981.49075 97.78156 3.31522 3.16548 785.98034
6981.05671 97.40586 3.30926 3.15332 784.45024
6980.49025 96.93945 3.27686 3.13822 784.39977
6979.88825 96.40167 3.26968 3.12081 784.89179
6979.48974 96.03788 3.26066 3.10903 784.09868
6978.77286 95.39749 3.22385 3.08830 782.74230
6978.48924 95.13688 3.22357 3.07987 782.57181
6977.65414 94.39331 3.19130 3.05579 780.70906
6977.48874 94.24430 3.18271 3.05097 780.57562
6976.52172 93.38912 3.16841 3.02329 777.86203
6976.48824 93.35558 3.16662 3.02220 777.76703
6975.51763 92.38494 3.12631 2.99078 776.76884
6975.48774 92.35836 3.12663 2.98992 776.73666
6974.48724 91.44943 3.08246 2.96049 776.77864
6974.40716 91.38075 3.08001 2.95827 776.49680
6973.48674 90.59501 3.05966 2.93283 773.26233
6973.24124 90.37657 3.04494 2.92576 772.97645
6972.48624 89.74273 3.02236 2.90524 769.68247
6972.07691 89.37238 3.00715 2.89325 769.03688
6971.48574 88.84204 2.98041 2.87608 771.28742
6970.87414 88.36820 2.96254 2.86074 770.10767
6970.48524 88.05718 2.94875 2.85068 767.57166
6969.70062 87.36402 2.91467 2.82824 766.10944
6969.48474 87.18365 2.90738 2.82240 765.23451
6968.48491 86.35983 2.86749 2.79573 760.03703
6968.48424 86.35924 2.86746 2.79571 760.03623
6967.48374 85.56713 2.83145 2.77006 752.47739
6967.23635 85.35565 2.82164 2.76322 751.55191
6966.48324 84.68633 2.78979 2.74155 751.45810
6966.12705 84.35146 2.77492 2.73071 751.91117
6965.48274 83.77924 2.75554 2.71219 745.93496
6965.04256 83.34728 2.73607 2.69820 745.45777
6964.48224 82.85611 2.70646 2.68230 744.76535
6963.89700 82.34310 2.68339 2.66569 743.19016
6963.48174 81.97011 2.67115 2.65362 742.20942
6962.63601 81.33891 2.62001 2.63318 738.15320
6962.48124 81.21501 2.61010 2.62917 737.68727
6961.48074 80.37089 2.60689 2.60185 731.47090
6961.44093 80.33473 2.60564 2.60068 731.41028
6960.48024 79.57109 2.51912 2.57596 720.34051
6960.22663 79.33054 2.50052 2.56817 720.27766
6959.47974 78.67017 2.46490 2.54679 715.21017
6959.11742 78.32636 2.45027 2.53566 713.43604
6958.47924 77.66647 2.43534 2.51430 710.99009
6958.17847 77.32218 2.41581 2.50315 710.43914
6957.47874 76.40657 2.38624 2.47351 712.01687
6957.40417 76.31799 2.38561 2.47064 711.17353
6956.74432 75.31381 2.34045 2.43813 708.88182
6956.47824 74.91185 2.33012 2.42512 704.67035
6956.09555 74.30962 2.31869 2.40563 702.49223
6955.47774 73.40019 2.28628 2.37618 691.13122
6955.41098 73.30544 2.28243 2.37312 689.55991
6954.90887 72.30126 2.24674 2.34061 690.96966
6954.47724 71.52028 2.22908 2.31533 685.33742
6954.31330 71.29707 2.22149 2.30810 679.78360
6953.67930 70.29289 2.18615 2.27559 670.18888
6953.47674 70.01322 2.17970 2.26654 666.28889
6953.00419 69.28870 2.16477 2.24308 656.96612
6952.47624 68.53817 2.14276 2.21879 641.77400
6952.28436 68.28452 2.13485 2.21057 636.28010
6951.63160 67.28033 2.11339 2.17807 624.10607
6951.47574 67.07325 2.10851 2.17136 620.54884
6950.79686 66.27615 2.09071 2.14556 601.12096
6950.47524 65.89642 2.08319 2.13326 592.03193
6949.83818 65.27197 2.07294 2.11305 574.31605
6949.47474 64.93388 2.06418 2.10210 564.95427
6948.68009 64.26778 2.04775 2.08054 543.72482
6948.47424 64.09504 2.04427 2.07495 538.62174
6947.47374 63.33987 2.02460 2.05050 513.37704
6947.37678 63.26360 2.02274 2.04803 511.15074
6946.47324 62.62419 2.00762 2.02733 489.87540
6945.99450 62.25941 1.99778 2.01552 479.56407
6945.47274 61.83084 1.98590 2.00165 470.68754
6944.68761 61.25523 1.97145 1.98302 458.44495
6944.47224 61.08120 1.96748 1.97738 454.80428
6943.53179 60.25105 1.94522 1.95051 440.14808
6943.47174 60.19669 1.94382 1.94875 439.29948
6942.47124 59.29737 1.92161 1.91963 425.12046
6942.41973 59.24686 1.92006 1.91800 424.48004
6941.47074 58.24921 1.89282 1.88570 414.24195
6941.46425 58.24268 1.89267 1.88549 414.16406
6940.67516 57.23849 1.86559 1.85298 406.63602
6940.47024 57.00206 1.85949 1.84533 404.66299
6939.79277 56.23431 1.83716 1.82047 398.32564
6939.46973 55.85183 1.82455 1.80809 395.40399
6938.95827 55.23013 1.80575 1.78796 391.05439
6938.46923 54.63154 1.78725 1.76859 386.89887
6938.11257 54.22594 1.77512 1.75546 383.43547
6937.46873 53.40660 1.74730 1.72893 378.37524
6937.30891 53.22176 1.74137 1.72295 376.86683
6936.48846 52.21757 1.70816 1.69044 369.59980
6936.46823 52.19331 1.70720 1.68965 369.43374
6935.46773 51.22924 1.67639 1.65844 360.50343
6935.45202 51.21339 1.67588 1.65793 360.34264
6934.46723 50.27102 1.64364 1.62742 349.27408
6934.39332 50.20921 1.64191 1.62542 348.39300
6933.46673 49.49832 1.61932 1.60241 336.99208
6933.09090 49.20502 1.60949 1.59291 332.58518
6932.46623 48.73588 1.59532 1.57773 324.95452
6931.81819 48.20084 1.58093 1.56041 317.28373
6931.46573 47.89900 1.57142 1.55063 313.50270
6930.63847 47.19665 1.54685 1.52790 305.27059
6930.46523 47.04548 1.54216 1.52300 303.59743
6929.49533 46.19247 1.51376 1.49539 294.41076
6929.46473 46.16546 1.51280 1.49451 294.12860
6928.46423 45.27367 1.48397 1.46564 285.07458
6928.36399 45.18828 1.48099 1.46288 284.11622
6927.46373 44.42623 1.45462 1.43821 276.86774
6927.16974 44.18410 1.44682 1.43037 274.81089
6926.46323 43.59963 1.42668 1.41145 268.65007
6925.93914 43.17992 1.41231 1.39786 263.98134
6925.46273 42.79278 1.39916 1.38533 259.93145
6924.61982 42.17573 1.37896 1.36535 252.48839
6924.46223 42.09739 1.37668 1.36282 250.92959
6923.46173 41.68089 1.36328 1.34934 240.89779
6922.46123 41.19977 1.34733 1.33376 231.67912
6922.41245 41.17155 1.34642 1.33285 231.26592
6921.46073 40.62490 1.32822 1.31515 223.38288
6920.74261 40.16736 1.31418 1.30034 217.66877
6920.46023 39.95875 1.30832 1.29358 215.50297
6919.45973 39.17402 1.28361 1.26818 208.46659
6919.44635 39.16318 1.28323 1.26783 208.37743
6918.45923 38.42742 1.25788 1.24401 201.99183
6918.11518 38.15900 1.24901 1.23532 200.15148
6917.45873 37.63125 1.23126 1.21824 196.20849
6916.89274 37.15481 1.21464 1.20281 192.60565
6916.45823 36.76412 1.20131 1.19016 189.99540
6915.64885 36.15063 1.18122 1.17030 184.85545
6915.45773 36.02041 1.17666 1.16609 183.62426
6914.45723 35.43267 1.15656 1.14706 177.10715
6913.98417 35.14644 1.14722 1.13780 174.12866
6913.45673 34.86818 1.13788 1.12879 170.79634
6912.45623 34.30290 1.11816 1.11049 164.74293
6912.20831 34.14226 1.11267 1.10529 163.30571
6911.45573 33.68416 1.09719 1.09046 158.98855
6910.50860 33.13808 1.07846 1.07278 153.63095
6910.45523 33.10713 1.07736 1.07178 153.33722
6909.45473 32.62522 1.06110 1.05618 148.47684
6908.57578 32.13389 1.04524 1.04027 143.90006
6908.45423 32.06680 1.04295 1.03810 143.27070
6907.45373 31.50235 1.02214 1.01983 138.28625
6906.84720 31.12971 1.01013 1.00776 135.33938
6906.45323 30.88645 1.00343 0.99989 133.45739
6905.45273 30.32130 0.98627 0.98159 128.78572
6905.14578 30.12552 0.97962 0.97525 127.39549
6904.45223 29.71353 0.96527 0.96192 124.31072
6903.45173 29.14059 0.94683 0.94337 120.00003
6903.41895 29.12134 0.94617 0.94275 119.86087
6902.45123 28.61621 0.92829 0.92639 115.87110
6901.52273 28.11715 0.91158 0.91024 112.15628
6901.45073 28.08147 0.91051 0.90908 111.87319
6900.45023 27.63888 0.89587 0.89475 108.38255
6899.45643 27.11297 0.87785 0.87773 104.81817
6899.44972 27.10866 0.87771 0.87759 104.79283
6898.44922 26.46645 0.85612 0.85680 101.10434
6897.92490 26.10879 0.84342 0.84522 99.16907
6897.44872 25.77030 0.83111 0.83426 97.42519
6896.44822 25.11086 0.80952 0.81291 93.88060
6896.43734 25.10460 0.80932 0.81271 93.84416
6895.44772 24.63573 0.79319 0.79753 90.76679
6894.44722 24.26761 0.77953 0.78562 87.99780
6893.99423 24.10042 0.77395 0.78020 86.78836
6893.44672 23.93104 0.76844 0.77472 85.44608
6892.44622 23.62264 0.75905 0.76474 83.10076
6891.44572 23.30006 0.74744 0.75429 81.00519
6891.02152 23.09623 0.74053 0.74769 79.91983
6890.44522 22.75487 0.72925 0.73664 78.35654
6889.48787 22.09205 0.70970 0.71519 75.76326
6889.44472 22.06422 0.70880 0.71429 75.64995
6888.44422 21.42173 0.68607 0.69349 72.97460
6887.93610 21.08787 0.67514 0.68268 71.57897
6887.44372 20.83439 0.66785 0.67447 70.44085
6886.44322 20.50374 0.65670 0.66377 68.69614
6885.44272 20.16363 0.64446 0.65276 67.02062
6885.24981 20.08368 0.64169 0.65017 66.66896
6884.44222 19.73561 0.63008 0.63890 65.18400
6883.44172 19.27744 0.61488 0.62407 63.33509
6883.03958 19.07950 0.60760 0.61766 62.58829
6882.44122 18.81194 0.59831 0.60900 61.57492
6881.44072 18.23504 0.57907 0.59032 59.47783
6881.17704 18.07531 0.57400 0.58515 58.90887
6880.44022 17.66372 0.56019 0.57183 57.44568
6879.43972 17.26280 0.54566 0.55885 55.99982
6878.93075 17.07113 0.53913 0.55264 55.31917
6878.43922 16.91547 0.53446 0.54760 54.76668
6877.43872 16.55757 0.52292 0.53602 53.56484
6876.43822 16.08775 0.50631 0.52081 52.03235
6876.39815 16.06695 0.50556 0.52014 51.96481
6875.43772 15.62171 0.49029 0.50572 50.54843
6874.43722 15.19129 0.47689 0.49179 49.20076
6874.12785 15.06276 0.47269 0.48763 48.79779
6873.43672 14.81990 0.46400 0.47976 48.08162
6872.43622 14.51163 0.45267 0.46978 47.22357
6871.43572 14.19826 0.44230 0.45964 46.35335
6871.07833 14.05858 0.43791 0.45512 45.94382
6870.43522 13.82822 0.43028 0.44766 45.28834
6869.43472 13.45585 0.41759 0.43561 44.30555
6868.53377 13.05439 0.40527 0.42261 43.31607
6868.43422 13.01072 0.40416 0.42120 43.21727
6867.43372 12.61999 0.39377 0.40855 42.26800
6866.43322 12.18387 0.37940 0.39443 41.01909
6866.15366 12.05021 0.37453 0.39010 40.61843
6865.43272 11.77218 0.36473 0.38110 39.83610
6864.43222 11.39797 0.35230 0.36899 38.78383
6863.71671 11.04603 0.34164 0.35759 37.74079
6863.43172 10.93458 0.33809 0.35399 37.42981
6862.43122 10.60634 0.32643 0.34336 36.55510
6861.43072 10.27175 0.31421 0.33253 35.65037
6860.82862 10.04184 0.30687 0.32508 34.99031
6860.43022 9.92848 0.30377 0.32141 34.69587
6859.42971 9.66350 0.29634 0.31284 34.02709
6858.42921 9.39763 0.28836 0.30423 33.33839
6857.42871 9.09967 0.27886 0.29458 32.50112
6857.20906 9.03766 0.27694 0.29258 32.32793
6856.42821 8.88300 0.27216 0.28757 31.93458
6855.42771 8.72073 0.26689 0.28232 31.58634
6854.42721 8.58052 0.26204 0.27778 31.30665
6853.42671 8.45429 0.25692 0.27369 31.05526
6852.42621 8.35068 0.25269 0.27034 30.88260
6851.42571 8.29101 0.25015 0.26840 30.85820
6850.42521 8.24465 0.24835 0.26690 30.87283
6849.42471 8.19375 0.24788 0.26526 30.83978
6848.42421 8.04844 0.24548 0.26055 30.40290
6848.36044 8.03347 0.24505 0.26007 30.35150
6847.42371 7.75587 0.23635 0.25108 29.32788
6846.42321 7.42246 0.22420 0.24029 28.07363
6845.51934 7.02929 0.21566 0.22756 26.55687
6845.42271 6.97747 0.21439 0.22588 26.35402
6844.42221 6.42586 0.19613 0.20802 24.20655
6843.79712 6.02510 0.18507 0.19505 22.64669
6843.42171 5.74558 0.17654 0.18600 21.54805
6842.52121 5.02092 0.15282 0.16254 18.71845
0.00000 0.00000 0.00000 0.00000 0.00000
