7086.54587 245.54985 8.13704 7.94919 649.07326
7086.14055 245.00912 8.11921 7.93168 648.94686
7085.57960 244.26585 8.09463 7.90762 648.03619
7085.35693 243.97574 8.08479 7.89823 647.77922
7084.60969 242.96775 8.05430 7.86559 646.02475
7084.60117 242.96176 8.05412 7.86540 645.94981
7083.93844 242.09044 8.02577 7.83719 644.80166
7083.58253 241.64071 8.01081 7.82263 644.13607
7082.93945 240.76704 7.98208 7.79435 643.47665
7082.36631 239.93607 7.95480 7.76745 643.47429
7082.20294 239.72022 7.94766 7.76046 643.24885
7081.52522 238.73778 7.91539 7.72866 643.26123
7081.68936 238.96883 7.92300 7.73614 643.32924
7081.09037 238.20769 7.89774 7.71150 642.23268
7080.63800 237.65119 7.87927 7.69348 641.17553
7080.03834 236.84365 7.85265 7.66734 640.53431
7079.52906 236.13272 7.82925 7.64432 640.25906
7079.64382 236.29870 7.83470 7.64970 640.25453
7078.80281 235.26336 7.80039 7.61618 638.34079
7078.70026 235.13713 7.79615 7.61209 638.09502
7077.93215 234.16410 7.76470 7.58059 636.43885
7077.64918 233.81126 7.75455 7.56917 635.86422
7077.04779 233.02735 7.72975 7.54379 635.67199
7076.59816 232.43987 7.71011 7.52478 634.97925
7075.96290 231.58521 7.68196 7.49711 634.25005
7075.19500 230.40862 7.64359 7.45902 635.01606
7075.66368 231.06600 7.66518 7.48030 635.23268
7074.90563 230.09657 7.63311 7.44892 633.87960
7074.60498 229.71254 7.62040 7.43648 633.35192
7074.09839 229.04427 7.59831 7.41485 632.71370
7073.66078 228.49084 7.58001 7.39693 631.88249
7073.23042 227.93066 7.56141 7.37880 631.25572
7072.53032 226.98886 7.53052 7.34831 630.54916
7072.47877 226.92499 7.52839 7.34624 630.43397
7071.73751 225.93304 7.49553 7.31413 629.69490
7071.58973 225.74445 7.48987 7.30803 629.21796
7071.03571 225.01342 7.46842 7.28436 627.54042
7070.70894 224.59898 7.45469 7.27094 626.95158
7070.37308 224.18066 7.44060 7.25740 626.33062
7069.78756 223.45512 7.41664 7.23391 625.10178
7069.25341 222.78301 7.39432 7.21215 623.96586
7068.50036 221.70955 7.35927 7.17740 624.57201
7068.64829 221.92101 7.36613 7.18425 624.27118
7067.97726 221.05191 7.33773 7.15611 624.63849
7067.68901 220.69296 7.32586 7.14449 624.20819
7067.16543 220.02328 7.30366 7.12281 623.14295
7066.62772 219.32634 7.28064 7.10025 622.39706
7066.32485 218.93607 7.26775 7.08762 621.95443
7065.55250 217.91145 7.23402 7.05445 621.06785
7065.60741 217.98395 7.23638 7.05679 621.13924
7064.85762 217.00977 7.20396 7.02526 620.24797
7064.77455 216.90689 7.20055 7.02193 620.07847
7064.19321 216.19576 7.17917 6.99891 617.95232
7063.67327 215.55434 7.15924 6.97814 616.37198
7063.10195 214.80207 7.13409 6.95379 615.81586
7062.46037 213.91618 7.10512 6.92511 615.51854
7062.28177 213.67851 7.09730 6.91741 615.34227
7061.58854 212.69653 7.06514 6.88562 615.35681
7061.81229 212.98840 7.07474 6.89507 615.62236
7061.24177 212.30747 7.05211 6.87303 614.21982
7060.91533 211.92674 7.03942 6.86070 613.25730
7060.40650 211.32504 7.01937 6.84123 611.88059
7059.80889 210.62140 6.99621 6.81845 611.36443
7059.27856 209.94668 6.97407 6.79660 611.27468
7058.61450 209.07732 6.94552 6.76846 610.30232
7058.55546 209.00862 6.94321 6.76624 610.13968
7057.78561 208.01868 6.91116 6.73419 608.86509
7057.68271 207.89768 6.90764 6.73027 608.39688
7057.02292 207.05219 6.88166 6.70290 606.66361
7056.72204 206.68679 6.86939 6.69107 606.07888
7056.11253 205.91012 6.84380 6.66593 605.15964
7055.61932 205.24943 6.82206 6.64454 604.79809
7055.27683 204.82722 6.80806 6.63087 604.11675
7054.46569 203.71092 6.77150 6.59473 603.88850
7054.70747 204.03137 6.78206 6.60511 604.10214
7053.94619 203.07301 6.75036 6.57408 602.86111
7053.74639 202.83190 6.74237 6.56628 602.40560
7053.08333 202.00197 6.71492 6.53941 601.29936
7052.76716 201.58744 6.70132 6.52599 601.02407
7052.58555 201.38115 6.69441 6.51931 600.44639
7051.93363 200.63946 6.66963 6.49530 598.39237
7051.51146 200.12259 6.65276 6.47857 598.17300
7050.79435 199.24535 6.62368 6.45017 598.07272
7050.53888 198.92997 6.61370 6.43996 597.36495
7049.78673 197.95139 6.58448 6.40828 595.28170
7049.71560 197.87404 6.58192 6.40578 595.03139
7048.94932 196.90178 6.54963 6.37430 594.07249
7048.48836 196.28175 6.52927 6.35423 593.82382
7048.21208 195.90468 6.51688 6.34202 593.74997
7047.73956 195.31283 6.49738 6.32286 593.01684
7047.57481 195.11623 6.49087 6.31650 592.64361
7046.77218 194.13001 6.45820 6.28457 591.17494
7046.68828 194.02666 6.45478 6.28123 591.02860
7045.91769 193.06157 6.42295 6.24998 589.84048
7045.74088 192.85387 6.41602 6.24326 589.40510
7045.03827 191.96964 6.38689 6.21463 588.42206
7044.85786 191.72931 6.37902 6.20685 588.32570
7044.55717 191.39545 6.36788 6.19604 587.33458
7044.00427 190.76980 6.34673 6.17579 585.86360
7043.64580 190.35541 6.33364 6.16238 584.60867
7042.96126 189.57897 6.31050 6.13724 581.45194
7042.37782 188.86507 6.28675 6.11413 580.98569
7041.56579 187.79347 6.25202 6.07944 581.85316
7041.52436 187.73821 6.25021 6.07765 581.84107
7040.89639 186.89819 6.22255 6.05046 581.41689
7040.89002 186.91326 6.22298 6.05094 581.12981
7040.31217 186.22030 6.20007 6.02851 579.98900
7039.89970 185.74660 6.18433 6.01317 578.91633
7039.30542 185.02964 6.16064 5.98996 577.76481
7038.75175 184.33054 6.13760 5.96733 577.08600
7038.57970 184.13217 6.13098 5.96091 576.65361
7037.81864 183.20900 6.10050 5.93102 575.26181
7037.81965 183.21240 6.10060 5.93114 575.23732
7036.97354 182.21594 6.06725 5.89888 573.51336
7036.80354 182.01721 6.06091 5.89244 573.01435
7036.04398 181.08953 6.03347 5.86241 570.41621
7035.81928 180.82339 6.02473 5.85380 569.90866
7035.22027 180.09470 6.00034 5.83021 569.05593
7035.04820 179.88027 5.99335 5.82326 568.82229
7034.58159 179.38614 5.97676 5.80727 566.98818
7033.75879 178.42173 5.94494 5.77605 565.92220
7033.38271 177.92697 5.92894 5.76003 566.64697
7032.78412 177.19108 5.90471 5.73621 565.99676
7032.68940 177.08241 5.90111 5.73269 565.71106
7031.85096 176.06227 5.86741 5.69966 564.33527
7031.86901 176.08481 5.86816 5.70039 564.35735
7031.08135 175.14882 5.83716 5.67009 562.83997
7030.88897 174.92237 5.82966 5.66276 562.44369
7030.29562 174.22085 5.80642 5.64005 561.26324
7029.92633 173.80396 5.79263 5.62656 560.26372
7029.36035 173.12906 5.77001 5.60471 559.36791
7028.89453 172.57701 5.75269 5.58684 558.05775
7028.52219 172.14178 5.74015 5.57275 556.47584
7027.87685 171.37179 5.71510 5.54782 555.16058
7027.48797 170.91013 5.69980 5.53287 554.50147
7026.64999 169.83519 5.66458 5.49807 553.94454
7027.12764 170.40167 5.68333 5.51641 554.81898
7026.24852 169.43818 5.65117 5.48522 552.22316
7026.02580 169.19828 5.64316 5.47746 551.52468
7025.19415 168.24810 5.61156 5.44670 549.43851
7024.94969 167.96511 5.60219 5.43753 548.98869
7024.34444 167.26448 5.57928 5.41485 548.99620
7024.01016 166.89465 5.56708 5.40288 548.57076
7023.46060 166.26059 5.54612 5.38235 547.37201
7023.01062 165.75545 5.52927 5.36600 546.18005
7022.55282 165.22961 5.51190 5.34898 545.17320
7021.99317 164.58765 5.49031 5.32820 544.08520
7021.63644 164.18319 5.47747 5.31510 542.96831
7020.94176 163.36753 5.45329 5.28870 540.48792
7020.97162 163.40564 5.45451 5.28993 540.51514
7020.12540 162.48240 5.42354 5.26004 538.17215
7019.63629 161.91266 5.40476 5.24160 537.22503
7018.82957 160.90108 5.37150 5.20885 536.62465
7018.81241 160.88345 5.37091 5.20828 536.56238
7018.15056 160.08284 5.34455 5.18236 535.71527
7018.14628 160.07913 5.34442 5.18224 535.69086
7017.61202 159.50802 5.32539 5.16375 534.05206
7017.31668 159.20302 5.31515 5.15388 533.06411
7016.68961 158.55288 5.29326 5.13283 530.67568
7016.06661 157.89134 5.27136 5.11142 529.47869
7015.42178 157.14397 5.24694 5.08722 529.53130
7015.00415 156.65697 5.23076 5.07146 528.71366
7014.72205 156.34801 5.22052 5.06145 527.81148
7014.09855 155.66208 5.19761 5.03925 526.32309
7013.80201 155.33210 5.18652 5.02857 525.66307
7013.08819 154.54647 5.16270 5.00313 522.75727
7012.80689 154.22900 5.15316 4.99286 521.71617
7012.02075 153.33699 5.12337 4.96398 520.13770
7011.58621 152.82795 5.10663 4.94750 519.44437
7010.81834 151.84508 5.07445 4.91568 519.37345
7011.28385 152.38479 5.09227 4.93315 520.12541
7010.44144 151.50928 5.06300 4.90481 517.36595
7010.06549 151.10211 5.04940 4.89163 516.36457
7009.35479 150.30530 5.02298 4.86583 514.79474
7009.28298 150.23091 5.02049 4.86343 514.55150
7008.64340 149.56708 4.99822 4.84193 512.45467
7008.31501 149.23628 4.98711 4.83123 511.28641
7007.54757 148.43107 4.96016 4.80516 508.75893
7007.16244 148.00860 4.94610 4.79148 507.95914
7006.67112 147.48125 4.92888 4.77441 507.73332
7006.16363 146.95959 4.91137 4.75752 506.76269
7005.50786 146.22153 4.88843 4.73363 504.49231
7005.13520 145.80257 4.87599 4.72007 503.10433
7004.83888 145.49036 4.86584 4.70996 502.15714
7004.32037 144.95390 4.84763 4.69259 500.58698
7003.64981 144.25187 4.82417 4.66987 498.50196
7002.87198 143.34417 4.79421 4.64048 497.39022
7002.78927 143.23576 4.79068 4.63697 497.44119
7002.14023 142.53037 4.76722 4.61414 495.85768
7002.01003 142.38827 4.76249 4.60954 495.55187
7001.21226 141.53659 4.73404 4.58196 493.36302
7001.10007 141.41863 4.73011 4.57815 493.02706
7000.25045 140.51582 4.70002 4.54892 490.65278
7000.46299 140.73500 4.70735 4.55601 491.32702
6999.49892 139.79866 4.67571 4.52570 487.52578
6999.08304 139.36676 4.66124 4.51172 486.14392
6998.18640 138.40392 4.62949 4.48055 485.00974
6998.26439 138.48610 4.63218 4.48321 485.09534
6997.30347 137.48943 4.59883 4.45095 483.04444
6997.26845 137.45303 4.59766 4.44977 482.89785
6996.31104 136.45114 4.56738 4.41733 478.59445
6996.08764 136.21282 4.55947 4.40962 477.99258
6995.20525 135.23499 4.52676 4.37796 476.25129
6995.06698 135.08175 4.52170 4.37300 475.97622
6994.33428 134.26658 4.49464 4.34661 474.53944
6994.32721 134.26266 4.49450 4.34648 474.47219
6993.58556 133.50294 4.46908 4.32189 472.15094
6993.37928 133.28872 4.46189 4.31496 471.55226
6992.70052 132.60502 4.43886 4.29282 469.28653
6992.37253 132.28496 4.42813 4.28246 467.99694
6991.60856 131.49596 4.40163 4.25692 465.68535
6991.64942 131.52882 4.40277 4.25798 465.94447
6990.89321 130.83650 4.37917 4.23557 462.46996
6990.39090 130.34662 4.36269 4.21971 460.57039
6989.61378 129.55579 4.33603 4.19411 457.93980
6989.32164 129.26865 4.32629 4.18481 457.42448
6988.51870 128.42795 4.30057 4.15760 455.75452
6988.40043 128.30621 4.29694 4.15366 455.17932
6987.62540 127.53003 4.27153 4.12853 452.05084
6987.39540 127.28890 4.26328 4.12072 451.47376
6986.61511 126.51081 4.23713 4.09553 448.77536
6986.05223 125.90848 4.21698 4.07604 447.43704
6985.54646 125.33163 4.19786 4.05736 446.68916
6985.49797 125.30719 4.19693 4.05657 446.19162
6984.73270 124.54606 4.17125 4.03193 443.52171
6984.50225 124.30725 4.16324 4.02420 442.86384
6983.85920 123.69209 4.14234 4.00428 440.30254
6983.46478 123.30843 4.12934 3.99186 438.84170
6982.75975 122.60644 4.10567 3.96914 436.43915
6982.82345 122.66119 4.10756 3.97091 436.77247
6982.03471 121.97187 4.08386 3.94860 432.80368
6981.67151 121.63900 4.07242 3.93782 431.13363
6980.74050 120.76917 4.04305 3.90966 427.64849
6980.48257 120.52080 4.03474 3.90162 427.29563
6979.55172 119.60431 4.00407 3.87195 424.45192
6979.53279 119.58803 4.00357 3.87142 424.31174
6978.54661 118.63018 3.97383 3.84041 419.38711
6978.14191 118.21392 3.95960 3.82694 418.22409
6977.26434 117.26124 3.92760 3.79610 416.29572
6977.59842 117.59964 3.93900 3.80705 417.31785
6976.66764 116.72007 3.90899 3.77858 413.50123
6976.62701 116.68060 3.90764 3.77730 413.34679
6975.62863 115.73919 3.87539 3.74682 409.24837
6975.49326 115.60896 3.87094 3.74261 408.72643
6974.51944 114.65878 3.83853 3.71185 405.12853
6974.86149 114.97522 3.84942 3.72209 406.69091
6973.87464 114.11329 3.81956 3.69419 401.69142
6973.58524 113.84809 3.81040 3.68560 400.40181
6972.75565 113.09893 3.78445 3.66135 396.64295
6972.32084 112.69356 3.77048 3.64823 394.67727
6971.59184 111.99749 3.74671 3.62569 392.17639
6971.31479 111.73470 3.73761 3.61719 391.77050
6970.66530 111.13041 3.71737 3.59762 389.50699
6970.30274 110.78972 3.70688 3.58660 387.29817
6969.71343 110.25490 3.68991 3.56928 383.89678
6968.95476 109.53977 3.66498 3.54613 380.83529
6968.30275 108.86610 3.64192 3.52432 378.77694
6968.03006 108.58209 3.63216 3.51513 377.92926
6967.67066 108.25191 3.62060 3.50444 376.30639
6967.13654 107.75315 3.60324 3.48829 374.01618
6966.82301 107.46420 3.59319 3.47894 372.64356
6966.17028 106.89170 3.57305 3.46040 369.38358
6965.84402 106.59495 3.56263 3.45080 367.85007
6965.08069 105.92332 3.53894 3.42906 364.20074
6965.01859 105.86813 3.53700 3.42727 363.90971
6964.04708 105.04889 3.50792 3.40075 358.62725
6964.01430 105.02077 3.50692 3.39984 358.44920
6962.96201 104.12769 3.47543 3.37093 353.47182
6962.57253 103.77393 3.46310 3.35947 352.38595
6961.76113 103.03361 3.43707 3.33551 348.72343
6961.43827 102.74347 3.42666 3.32611 347.15374
6960.71652 102.06921 3.40279 3.30429 344.02931
6960.55883 101.93049 3.39829 3.29980 343.11209
6959.87119 101.33649 3.37979 3.28057 338.85501
6959.13227 100.66590 3.35641 3.25886 335.30447
6958.54714 100.09535 3.33605 3.24039 332.95154
6958.19153 99.75681 3.32420 3.22943 331.42228
6957.85517 99.46311 3.31403 3.21992 329.71856
6957.18368 98.86697 3.29308 3.20062 326.41595
6957.14500 98.82426 3.29158 3.19924 326.29415
6956.35523 98.19679 3.26904 3.17892 321.89624
6956.07856 97.97240 3.26099 3.17166 320.40944
6955.04385 97.10674 3.23037 3.14364 315.08968
6954.84822 96.93646 3.22467 3.13812 314.10842
6953.95999 96.17067 3.19841 3.11333 309.85994
6953.82463 96.05453 3.19437 3.10957 309.40317
6953.00738 95.37894 3.17088 3.08770 305.99523
6952.57466 94.99386 3.15775 3.07524 303.89013
6951.96497 94.49551 3.14109 3.05910 300.74977
6951.16014 93.77519 3.11665 3.03578 297.08992
6951.07673 93.68525 3.11373 3.03287 296.75046
6950.36306 93.12059 3.09724 3.01459 292.88788
6949.84203 92.67196 3.08448 3.00007 290.32390
6948.89228 91.82874 3.05797 2.97277 286.09265
6948.86744 91.80639 3.05726 2.97205 285.98359
6947.85088 90.91140 3.03010 2.94307 281.50090
6948.30735 91.27866 3.04092 2.95496 283.63239
6947.34286 90.55152 3.01975 2.93142 279.17389
6946.61731 89.95311 3.00260 2.91205 276.09003
6945.96596 89.39132 2.98706 2.89387 273.41643
6945.54724 89.03366 2.97718 2.88229 271.77284
6944.85478 88.46454 2.96133 2.86386 269.45206
6944.12945 87.78716 2.94311 2.84193 266.70952
6944.18312 87.84751 2.94472 2.84389 266.91197
6943.22247 87.06839 2.92621 2.81867 263.35057
6942.99855 86.87577 2.92151 2.81243 262.56033
6941.98191 86.01620 2.90039 2.78460 259.03473
6941.02730 85.09813 2.87819 2.75488 255.79372
6940.07333 84.04878 2.85683 2.72091 252.53528
6939.57331 83.45380 2.84352 2.70165 250.88838
6938.71685 82.34896 2.80754 2.66588 247.79272
6938.13318 81.51759 2.79445 2.63897 245.74022
6937.66246 80.79084 2.79425 2.61544 244.03903
6937.19099 80.07637 2.67711 2.59231 242.49470
6936.97697 79.77762 2.60999 2.58264 241.78905
6936.32320 78.74999 2.51365 2.54937 239.80412
6936.01124 78.28820 2.50161 2.53442 239.09259
6935.42053 77.30524 2.46741 2.50260 237.94065
6934.81425 76.23102 2.43390 2.46783 236.89854
6934.93216 76.43504 2.44039 2.47443 237.05254
6934.49861 75.71595 2.41925 2.45115 236.34332
6934.24666 75.36984 2.41067 2.43995 235.68752
6933.88152 74.82987 2.39613 2.42247 234.99441
6933.23176 73.84796 2.36709 2.39068 234.11850
6933.54059 74.28268 2.37980 2.40475 234.58483
6932.87046 73.41218 2.35463 2.37657 233.36548
6933.02171 73.57403 2.35920 2.38181 233.75674
6932.67470 73.22043 2.34931 2.37036 232.80477
6932.60140 73.13318 2.34684 2.36754 232.65110
6932.17626 72.75690 2.33652 2.35536 231.33301
6932.20097 72.77021 2.33685 2.35579 231.44068
6931.39099 72.13861 2.31980 2.33534 228.64630
6931.46465 72.19144 2.32119 2.33705 228.91395
6930.55876 71.51559 2.30352 2.31517 225.82961
6930.84889 71.71273 2.30856 2.32156 226.84641
6929.80177 71.05504 2.29188 2.30026 223.11356
6928.53283 70.10169 2.26671 2.26940 219.05423
6928.19755 69.81395 2.25893 2.26009 218.14673
6927.29952 69.10892 2.23973 2.23726 215.74712
6926.78995 68.67941 2.22794 2.22336 214.45560
6925.78196 67.77499 2.20296 2.19408 211.58237
6925.59353 67.60311 2.19816 2.18852 211.02145
6924.64688 66.72937 2.17314 2.16023 208.44977
6924.12863 66.22156 2.16019 2.14379 206.96623
6923.28016 65.34201 2.13644 2.11532 204.63289
6922.53066 64.51036 2.11136 2.08839 202.76858
6921.68092 63.41995 2.07801 2.05309 200.83301
6921.90388 63.69635 2.08645 2.06204 201.34919
6921.10373 62.77008 2.05814 2.03206 199.40444
6920.93831 62.57789 2.05220 2.02583 199.01085
6920.21402 61.75303 2.02651 1.99913 197.23579
6919.94389 61.42224 2.01615 1.98842 196.61903
6919.40005 60.82510 1.99744 1.96909 195.25824
6918.79417 60.10891 1.97469 1.94591 193.82960
6918.38393 59.61520 1.95890 1.92992 193.10712
6917.82335 58.94094 1.93721 1.90809 192.21403
6917.72911 58.83671 1.93383 1.90472 192.00866
6917.02919 58.04456 1.90842 1.87908 190.26489
6917.54305 58.56574 1.92483 1.89595 191.74866
6916.81184 57.90120 1.90446 1.87444 189.45386
6917.01731 58.07408 1.90931 1.88003 190.13104
6916.33514 57.55087 1.89482 1.86309 187.74578
6915.77729 57.11323 1.88205 1.84893 185.91907
6915.25003 56.71023 1.86875 1.83588 184.31057
6914.27666 55.92276 1.84313 1.81039 181.43333
6913.93319 55.62556 1.83341 1.80077 180.44316
6912.95814 54.79015 1.80601 1.77372 177.67435
6912.90853 54.74735 1.80461 1.77234 177.53446
6911.93169 53.90027 1.77667 1.74491 174.85610
6911.96285 53.92848 1.77760 1.74583 174.94274
6911.01771 53.15444 1.75200 1.72077 172.28660
6910.42695 52.62986 1.73458 1.70379 170.68103
6909.85087 52.11312 1.71737 1.68706 169.29005
6909.38512 51.71333 1.70405 1.67412 168.23179
6908.96311 51.33636 1.69145 1.66191 167.15168
6908.43581 50.90118 1.67694 1.64782 165.66178
6908.57426 50.99544 1.68009 1.65088 166.04200
6907.74683 50.41915 1.66087 1.63222 163.73524
6909.49095 51.37879 1.69275 1.66329 168.94593
6908.49098 50.96453 1.67907 1.64987 165.78858
6907.14109 50.35596 1.65892 1.63017 161.96439
6905.99815 49.72722 1.63804 1.60982 159.06522
6905.38119 49.34636 1.62502 1.59749 157.56749
6904.50656 48.84880 1.60879 1.58138 155.51332
6903.36274 48.08747 1.58648 1.55674 152.93211
6902.26576 47.24240 1.55802 1.52938 150.28826
6901.97568 46.99557 1.54968 1.52139 149.56141
6901.22873 46.41930 1.53038 1.50273 147.80430
6900.38939 45.72306 1.50681 1.48019 145.80145
6899.88258 45.26626 1.49135 1.46540 144.54083
6899.26003 44.73846 1.47348 1.44832 142.95910
6899.27913 44.73478 1.47336 1.44820 142.97851
6898.51008 44.15913 1.45386 1.42956 141.15775
6899.41152 44.75643 1.47409 1.44890 143.18768
6898.37813 44.15689 1.45379 1.42949 141.00155
6897.75520 43.78126 1.44112 1.41733 139.70660
6897.55301 43.67336 1.43749 1.41384 139.30986
6896.44872 43.04803 1.41623 1.39359 137.15522
6896.00264 42.77848 1.40707 1.38487 136.26775
6895.63787 42.57080 1.40001 1.37814 135.58907
6894.67497 42.05346 1.38240 1.36140 133.89605
6894.38877 41.89186 1.37691 1.35617 133.40097
6893.55490 41.43488 1.36146 1.34137 131.95821
6892.48100 40.82098 1.34027 1.32150 130.08673
6892.56748 40.86933 1.34196 1.32306 130.23330
6891.43835 40.23924 1.32140 1.30266 128.44004
6890.47557 39.65632 1.30409 1.28379 126.96722
6890.40783 39.60874 1.30260 1.28225 126.83967
6889.35786 39.00661 1.28224 1.26276 125.15375
6888.79809 38.65588 1.27012 1.25141 124.13415
6888.45600 38.45211 1.26323 1.24481 123.57188
6887.56507 37.94889 1.24608 1.22852 122.20377
6887.96490 38.15321 1.25309 1.23513 122.74177
6886.99520 37.70064 1.23763 1.22048 121.61594
6885.75366 37.05188 1.21552 1.19948 119.97996
6885.81028 37.07122 1.21619 1.20011 120.01236
6884.86066 36.61065 1.20046 1.18520 118.93019
6883.61618 35.93644 1.17755 1.16337 117.27492
6882.91217 35.51310 1.16305 1.14967 116.07880
6881.90779 34.86081 1.14079 1.12855 114.22649
6881.08452 34.29546 1.12155 1.11025 112.61005
6880.87421 34.13691 1.11615 1.10511 112.14248
6880.04916 33.60128 1.09784 1.08777 110.62174
6881.02426 34.14017 1.11627 1.10522 111.99943
6880.65440 33.96092 1.11010 1.09942 111.58911
6880.13209 33.77683 1.10380 1.09346 111.31657
6879.69006 33.63180 1.09889 1.08876 111.16081
6879.47181 33.57178 1.09685 1.08682 111.14354
6878.26330 33.18580 1.08360 1.07432 110.85153
6876.79170 32.66292 1.06583 1.05740 110.33998
6875.24688 31.95312 1.04164 1.03442 109.05088
6873.87240 31.13473 1.01394 1.00792 106.73847
6872.68403 30.30202 0.98901 0.98097 104.71203
6872.96363 30.48898 0.99488 0.98702 105.19238
6872.01329 29.87735 0.97456 0.96722 103.50620
6871.74412 29.69238 0.96811 0.96123 102.92032
6872.82929 30.21068 0.98593 0.97801 104.01700
6872.30964 30.04360 0.98033 0.97260 103.94023
6871.29160 29.71797 0.96900 0.96206 103.78684
6870.47613 29.42542 0.95899 0.95259 103.52730
6869.42569 29.00378 0.94470 0.93894 102.98284
6867.97564 28.32959 0.92179 0.91711 101.68750
6867.16295 27.88425 0.90664 0.90270 100.56057
6866.56541 27.57468 0.89611 0.89268 99.82214
6865.40219 26.90163 0.87323 0.87089 97.93162
6865.36024 26.86913 0.87213 0.86983 97.80744
6865.39836 26.86803 0.87209 0.86980 97.74413
6864.84710 26.66545 0.86521 0.86324 97.40245
6864.30610 26.45967 0.85821 0.85658 97.12774
6863.96963 26.34488 0.85431 0.85286 97.06111
6862.63794 25.83696 0.83708 0.83642 96.40711
6861.34917 25.27143 0.81790 0.81811 95.30732
6861.23694 25.21547 0.81600 0.81630 95.16676
6860.39984 24.85256 0.80368 0.80455 94.45593
6859.38360 24.39878 0.78825 0.78986 93.49473
6859.28709 24.35225 0.78668 0.78836 93.38117
6859.30770 24.35572 0.78679 0.78847 93.36608
6858.50078 24.11148 0.77858 0.78056 93.28941
6857.22888 23.71659 0.76533 0.76778 93.11996
6856.36646 23.38463 0.75404 0.75703 92.37307
6855.95510 23.23263 0.74875 0.75211 92.08801
6854.66559 22.75034 0.73263 0.73650 91.34706
6853.40364 22.19598 0.71624 0.71855 90.40585
6854.01090 22.43978 0.72329 0.72644 90.70701
6852.80169 21.99941 0.71051 0.71219 90.34437
6851.41312 21.42207 0.69166 0.69350 89.10257
6850.99333 21.21636 0.68455 0.68684 88.43354
6850.70960 21.11023 0.68094 0.68340 88.20483
6849.41798 20.58508 0.66337 0.66640 86.92225
6848.44917 20.12433 0.64798 0.65148 85.48816
6849.21947 20.43350 0.65830 0.66149 86.25768
6848.36067 20.15275 0.64897 0.65241 85.82835
6847.17354 19.77385 0.63636 0.64014 85.05727
6846.33577 19.45773 0.62584 0.62991 84.25652
6846.77017 19.60068 0.63057 0.63453 84.51017
6845.91033 19.36850 0.62294 0.62702 84.32854
6844.82516 19.09620 0.61405 0.61820 84.18353
6843.70870 18.77569 0.60360 0.60783 83.70011
6843.80597 18.79442 0.60419 0.60843 83.68189
6843.73027 18.78212 0.60381 0.60803 83.71226
6842.94789 18.65776 0.59995 0.60401 84.05740
6842.20715 18.55407 0.59678 0.60065 84.48270
6841.38419 18.46827 0.59431 0.59787 85.19205
6840.56703 18.38297 0.59188 0.59511 85.91313
6839.85614 18.33482 0.59072 0.59355 86.75638
6838.85423 18.29042 0.58983 0.59212 88.07472
6837.31642 18.17642 0.58705 0.58843 89.99311
6835.73118 17.94098 0.58031 0.58080 91.16887
6834.25703 17.58193 0.56933 0.56918 91.09940
6833.10634 17.20874 0.55758 0.55710 90.23794
6831.61415 16.64645 0.53962 0.53890 88.40650
6830.33998 16.07196 0.52095 0.52030 86.00252
6829.53917 15.65518 0.50720 0.50681 83.75508
6828.26461 14.93332 0.48324 0.48344 80.02911
6827.02911 14.10642 0.45537 0.45667 75.38556
6826.10869 13.39331 0.43170 0.43358 71.29518
6825.26859 12.69203 0.41085 0.41088 67.90077
0.00000 0.00000 0.00000 0.00000 0.00000
