7073.64158 243.09470 8.06654 7.86970 771.45275
7072.87725 242.14369 8.03622 7.83892 769.67813
7072.62799 241.84365 8.02617 7.82920 769.16636
7072.01659 241.06341 8.00039 7.80395 768.37674
7071.60172 240.52608 7.98266 7.78655 767.97236
7071.24159 240.07414 7.96770 7.77192 767.42748
7070.58978 239.23644 7.94001 7.74480 766.69604
7070.39719 238.98695 7.93175 7.73672 766.51619
7069.63869 237.97184 7.89843 7.70386 766.25076
7069.54416 237.84523 7.89425 7.69976 766.20095
7068.88560 236.97289 7.86546 7.67152 765.67474
7068.52623 236.48657 7.84958 7.65578 766.33202
7068.20878 236.06129 7.83567 7.64201 767.05592
7067.63864 235.36010 7.81262 7.61931 766.57589
7067.31611 234.94513 7.79877 7.60588 766.18228
7066.56857 233.92363 7.76702 7.57281 765.32639
7066.55266 233.90556 7.76651 7.57222 765.24023
7065.85716 232.98738 7.73753 7.54250 764.30270
7065.64657 232.71222 7.72832 7.53359 764.21547
7065.20075 232.17714 7.71060 7.51627 763.21231
7064.73115 231.62811 7.69241 7.49850 761.99123
7064.34608 231.17580 7.67740 7.48385 761.01911
7063.67578 230.37797 7.65088 7.45803 759.47601
7063.33017 229.93475 7.63621 7.44368 759.11894
7062.56845 228.90286 7.60227 7.41027 759.09701
7062.44698 228.73185 7.59662 7.40474 759.17906
7061.87206 227.91450 7.56987 7.37828 759.70429
7061.63131 227.62769 7.56034 7.36899 759.18073
7061.15443 227.02456 7.54044 7.34947 758.57844
7060.59260 226.30765 7.51656 7.32626 757.91821
7060.30071 225.93065 7.50428 7.31405 757.74769
7059.54224 224.90995 7.47434 7.28101 757.93847
7059.60345 224.99078 7.47692 7.28363 757.88329
7058.83513 224.01495 7.44459 7.25204 757.32068
7058.60259 223.72052 7.43492 7.24250 756.96333
7058.05849 223.02833 7.41195 7.22010 756.44361
7057.63000 222.49747 7.39450 7.20291 755.78786
7057.22730 221.99122 7.37776 7.18652 755.27940
7056.61061 221.19371 7.35141 7.16070 754.81731
7056.61835 221.21160 7.35198 7.16128 754.71161
7055.77332 220.25271 7.32012 7.13024 752.21271
7055.40898 219.79352 7.30490 7.11538 751.77356
7054.74661 218.84930 7.27405 7.08481 752.54338
7054.63036 218.71999 7.26974 7.08062 752.16519
7054.08978 218.03939 7.24725 7.05859 751.52957
7053.65811 217.51765 7.23002 7.04170 750.70281
7053.22047 216.97470 7.21182 7.02412 750.25912
7052.58359 216.14779 7.18699 6.99735 748.72913
7052.43122 215.96141 7.18151 6.99132 748.08114
7051.65115 214.95186 7.14851 6.95864 747.86151
7051.64323 214.94625 7.14831 6.95846 747.80939
7050.91060 214.03964 7.11858 6.92911 748.46160
7050.63651 213.71237 7.10782 6.91851 747.94014
7050.04816 212.97074 7.08327 6.89450 747.15548
7049.60432 212.40409 7.06464 6.87616 746.84378
7049.20438 211.90212 7.04809 6.85991 746.42741
7048.53733 211.00602 7.01875 6.83090 746.53895
7048.57829 211.06465 7.02068 6.83280 746.47683
7047.74620 210.06407 6.98749 6.80040 744.95651
7047.67895 209.98613 6.98494 6.79788 744.79193
7046.91934 209.06818 6.95458 6.76816 743.44165
7046.63569 208.73935 6.94348 6.75752 742.84210
7046.02229 207.95855 6.91883 6.73224 741.88876
7045.65936 207.50623 6.90561 6.71760 740.55985
7045.27613 207.05007 6.89100 6.70283 739.56878
7044.66683 206.31516 6.86657 6.67904 738.62744
7044.38057 205.96320 6.85497 6.66765 738.20290
7043.60706 204.98769 6.82285 6.63607 737.59907
7043.54006 204.90346 6.82008 6.63334 737.53520
7042.77188 203.91033 6.78736 6.60119 737.07069
7042.64380 203.75173 6.78210 6.59605 736.99638
7042.00602 202.97002 6.75668 6.57075 737.71830
7041.61464 202.47463 6.74044 6.55471 738.05190
7041.14755 201.89361 6.72120 6.53590 737.43890
7040.53231 201.07981 6.69458 6.50956 737.51422
7040.43347 200.94571 6.69018 6.50522 737.60616
7039.64066 199.96689 6.65786 6.47353 736.68251
7039.61771 199.93847 6.65693 6.47261 736.65986
7038.82574 198.94856 6.62429 6.44056 735.95579
7038.76498 198.87007 6.62197 6.43802 735.80224
7038.13186 198.16521 6.60138 6.41520 732.52184
7037.70718 197.69723 6.58591 6.40005 731.19631
7037.11986 196.97449 6.56177 6.37666 730.64420
7036.67073 196.43202 6.54396 6.35909 729.97273
7036.27312 195.95264 6.52816 6.34357 729.40215
7035.63530 195.15562 6.50188 6.31777 728.92566
7035.49296 194.98954 6.49639 6.31240 728.64701
7034.66139 193.98084 6.46317 6.27974 727.49743
7034.52271 193.80536 6.45735 6.27406 727.34547
7033.80147 192.84770 6.42608 6.24306 728.63940
7033.65296 192.67668 6.42057 6.23752 728.74543
7033.06590 191.95434 6.39673 6.21414 729.23885
7032.65766 191.46117 6.38048 6.19817 728.52498
7032.24202 190.95331 6.36352 6.18173 728.18031
7031.67309 190.26062 6.34170 6.15931 727.02913
7031.48676 190.04385 6.33543 6.15229 726.17488
7030.74899 189.19032 6.30874 6.12466 723.91933
7030.67893 189.11681 6.30622 6.12228 723.68909
7029.79092 188.12543 6.27312 6.09018 721.35957
7029.64161 187.95166 6.26742 6.08456 721.09022
7028.82125 186.95633 6.23459 6.05234 720.21426
7028.72624 186.84591 6.23093 6.04876 720.03540
7027.99945 186.00248 6.20308 6.02146 718.68943
7027.66209 185.59510 6.18966 6.00827 718.30526
7027.09561 184.90969 6.16695 5.98608 717.71114
7026.57548 184.25619 6.14558 5.96493 717.56201
7026.29989 183.89188 6.13368 5.95313 717.80227
7025.67821 183.14329 6.10890 5.92890 717.13268
7025.50523 182.94220 6.10230 5.92239 716.73748
7024.66704 181.92494 6.06892 5.88946 716.52448
7024.71039 181.97679 6.07047 5.89113 716.54403
7023.87870 181.00189 6.04185 5.85957 715.33987
7023.68695 180.78702 6.03472 5.85262 714.86536
7022.99624 179.95299 6.00682 5.82562 714.19775
7022.70935 179.62338 5.99604 5.81495 713.67335
7022.13417 178.94235 5.97359 5.79290 712.96382
7021.74141 178.46641 5.95791 5.77749 712.64735
7021.40525 178.10398 5.94583 5.76576 711.64483
7020.82030 177.46239 5.92456 5.74499 710.08660
7020.51328 177.12707 5.91345 5.73413 709.23756
7019.80832 176.37288 5.88822 5.70972 707.05943
7019.28929 175.75112 5.86787 5.68959 706.59413
7018.50636 174.69445 5.83318 5.65538 707.94863
7018.71110 174.95237 5.84165 5.66373 707.89884
7017.86897 173.96743 5.80940 5.63185 706.76012
7017.77319 173.85827 5.80576 5.62831 706.57514
7017.06101 173.05905 5.77874 5.60244 705.28967
7016.75956 172.73604 5.76862 5.59198 703.99184
7016.08484 171.95139 5.74562 5.56658 702.32712
7015.71311 171.51251 5.73133 5.55237 703.00582
7015.22821 170.95177 5.71281 5.53422 702.88690
7014.72652 170.36084 5.69323 5.51509 702.07476
7014.46574 170.06685 5.68345 5.50557 701.59001
7013.81353 169.36420 5.66024 5.48283 699.85992
7013.46077 168.96185 5.64687 5.46980 699.26934
7012.75773 168.14613 5.61998 5.44339 698.39658
7012.58098 167.96406 5.61395 5.43750 697.77506
7011.69706 166.92416 5.57963 5.40384 696.96967
7011.74191 166.97588 5.58134 5.40551 697.02925
7010.86629 165.97624 5.54835 5.37315 695.73081
7010.76543 165.86334 5.54463 5.36949 695.54307
7010.00487 165.00436 5.51605 5.34169 694.26658
7009.72391 164.69630 5.50566 5.33171 693.79105
7009.04880 163.89879 5.48105 5.30590 692.25564
7008.74523 163.53873 5.47053 5.29424 691.20381
7008.29057 163.03290 5.45418 5.27786 690.21507
7007.79757 162.50009 5.43621 5.26062 689.09495
7007.34891 161.99171 5.41926 5.24416 688.31630
7006.79428 161.37677 5.39929 5.22425 688.53836
7006.40049 160.94028 5.38493 5.21012 688.87629
7005.72235 160.14688 5.35869 5.18443 688.42043
7005.59429 160.00593 5.35406 5.17987 688.12031
7004.79604 159.12415 5.32474 5.15133 686.67790
7004.60629 158.91138 5.31766 5.14444 686.38337
7003.73850 157.89843 5.28437 5.11165 685.81292
7003.86735 158.04059 5.28911 5.11625 686.04666
7002.96571 157.08779 5.25736 5.08540 683.64860
7002.79099 156.90748 5.25139 5.07957 683.10919
7001.95607 155.97142 5.22032 5.04926 681.85904
7001.81336 155.81533 5.21511 5.04421 681.61829
7001.07007 155.00320 5.18858 5.01792 680.05246
7000.80681 154.71295 5.18006 5.00852 678.82222
7000.17213 154.01784 5.15890 4.98602 676.47189
6999.81542 153.63835 5.14607 4.97373 675.82768
6999.22689 152.98632 5.12442 4.95263 674.80322
6998.80484 152.52649 5.10918 4.93774 673.98065
6998.31460 151.98476 5.09139 4.92020 674.45649
6997.82966 151.45480 5.07410 4.90305 674.93190
6997.43708 151.03580 5.06002 4.88948 674.14420
6996.85308 150.41390 5.03933 4.86935 672.61232
6996.35112 149.87103 5.02140 4.85177 671.71140
6995.64367 149.01310 4.99307 4.82400 672.25051
6995.66233 149.02298 4.99343 4.82432 672.49213
6994.91931 148.25159 4.96776 4.79935 670.53285
6994.83485 148.17395 4.96511 4.79684 670.10100
6993.97225 147.32530 4.93687 4.76936 666.87363
6993.70788 147.05058 4.92749 4.76047 666.32006
6992.87760 146.18085 4.90020 4.73231 663.10666
6992.72042 146.01354 4.89532 4.72690 662.37432
6991.84836 145.08304 4.86511 4.69677 660.10339
6991.76243 144.99058 4.86200 4.69378 659.96992
6990.83169 143.98727 4.82891 4.66130 658.39364
6990.88261 144.04135 4.83074 4.66305 658.48477
6989.92481 143.03971 4.79728 4.63062 656.06843
6989.82701 142.93796 4.79392 4.62733 655.78265
6988.94037 141.97699 4.76210 4.59622 656.50069
6988.87497 141.91054 4.75994 4.59407 656.53327
6987.98674 140.97541 4.72904 4.56380 655.15480
6987.66220 140.59535 4.71633 4.55149 655.26859
6987.04959 139.86447 4.69250 4.52783 655.95610
6986.89467 139.71301 4.68741 4.52293 655.40703
6986.26799 139.06111 4.66547 4.50183 654.02522
6986.02678 138.82271 4.65757 4.49411 653.23482
6985.33790 138.16869 4.63572 4.47294 650.37736
6984.91062 137.74778 4.62113 4.45931 649.20892
6984.20273 137.00585 4.59848 4.43529 646.46213
6983.92271 136.71078 4.58971 4.42574 645.12137
6983.32298 136.10797 4.56988 4.40622 643.10892
6982.93130 135.73090 4.55715 4.39402 641.76802
6982.24239 135.01109 4.53315 4.37071 640.44437
6981.89600 134.65321 4.52114 4.35913 639.73283
6981.25832 133.99188 4.49918 4.33772 638.15342
6980.89995 133.60709 4.48637 4.32526 638.23636
6980.34926 133.05280 4.46813 4.30732 638.58919
6979.87807 132.57161 4.45224 4.29174 638.21011
6979.32438 131.98195 4.43246 4.27265 637.19385
6978.85948 131.50097 4.41651 4.25708 636.31820
6978.33512 130.93627 4.39780 4.23880 635.86249
6977.94998 130.51875 4.38385 4.22528 635.57120
6977.57851 130.17750 4.37244 4.21424 633.85703
6977.03589 129.66681 4.35520 4.19770 631.69373
6976.50748 129.15432 4.33763 4.18111 630.18842
6976.00949 128.69489 4.32317 4.16624 627.22321
6975.34635 128.02730 4.30314 4.14463 623.73669
6974.93470 127.60547 4.28910 4.13097 622.86508
6974.35965 127.02993 4.26960 4.11234 621.63253
6973.97002 126.62932 4.25626 4.09937 620.84029
6973.43750 126.11604 4.23899 4.08275 619.05758
6972.96119 125.65982 4.22369 4.06799 617.48035
6972.34588 125.03063 4.20255 4.04762 616.14532
6971.97372 124.66590 4.19027 4.03581 614.97372
6971.32324 124.02019 4.16886 4.01491 615.05124
6970.95671 123.63913 4.15624 4.00257 615.78017
6970.33248 123.03237 4.13585 3.98293 613.76731
6969.84318 122.52158 4.11880 3.96639 613.14311
6969.36847 122.00774 4.10159 3.94976 613.09018
6969.05293 121.71965 4.09187 3.94043 611.72544
6968.39181 121.08898 4.07064 3.92001 609.47154
6968.09272 120.79264 4.06065 3.91042 608.70871
6967.40866 120.18202 4.03975 3.89065 605.52875
6967.03280 119.82564 4.02758 3.87912 604.31984
6966.28945 119.11546 4.00599 3.85612 599.73187
6966.04134 118.88891 3.99910 3.84879 598.02571
6965.20375 118.08417 3.97172 3.82274 595.49027
6965.01377 117.90266 3.96555 3.81686 594.90003
6964.13573 117.05433 3.93703 3.78940 592.30019
6964.04216 116.95566 3.93368 3.78621 592.21853
6963.14945 116.11892 3.90529 3.75912 589.41022
6963.08988 116.06429 3.90348 3.75735 589.36524
6962.08853 115.13870 3.87219 3.72739 587.78792
6961.82928 114.88108 3.86350 3.71905 587.00964
6960.89496 113.88252 3.82995 3.68672 586.88992
6961.03725 114.02565 3.83482 3.69135 587.13555
6960.04521 113.08584 3.80286 3.66093 583.90350
6960.31036 113.31953 3.81086 3.66849 585.24115
6959.26149 112.45878 3.78093 3.64063 578.21924
6958.86831 112.09663 3.76862 3.62890 576.62387
6958.06245 111.34287 3.74258 3.60450 574.00821
6957.83451 111.12791 3.73551 3.59754 572.88812
6957.11599 110.47259 3.71581 3.57633 567.50112
6956.72110 110.11511 3.70394 3.56476 565.29848
6956.06355 109.49982 3.68225 3.54484 563.30315
6955.66143 109.12339 3.66952 3.53265 561.82542
6955.08176 108.59917 3.65135 3.51568 559.27983
6954.53810 108.08297 3.63346 3.49897 557.39073
6954.11899 107.69587 3.62027 3.48644 555.89331
6953.47167 107.11619 3.60024 3.46767 555.26876
6953.09829 106.76001 3.58797 3.45614 555.06301
6952.38741 106.12153 3.56581 3.43547 551.41563
6951.95839 105.71487 3.55153 3.42231 550.15028
6951.22682 104.97756 3.52622 3.39844 549.12300
6951.21559 104.96337 3.52574 3.39798 549.18778
6950.35804 104.24521 3.49998 3.37473 543.72291
6950.29302 104.18773 3.49794 3.37287 543.40420
6949.27973 103.35498 3.46830 3.34591 536.48170
6948.98708 103.09385 3.45900 3.33746 534.98494
6948.09192 102.27072 3.42953 3.31081 531.65593
6947.91985 102.11264 3.42397 3.30569 530.88180
6947.13067 101.39845 3.40101 3.28257 524.76879
6946.89674 101.19061 3.39432 3.27584 522.94755
6946.21577 100.61000 3.37334 3.25705 518.62313
6945.69233 100.15505 3.35659 3.24232 515.66540
6945.13060 99.65501 3.33903 3.22613 514.83747
6944.50105 99.08368 3.31844 3.20764 513.46846
6944.17255 98.77587 3.30717 3.19767 511.99423
6943.49230 98.19760 3.28596 3.17895 507.53162
6943.27373 98.00957 3.27904 3.17286 506.22665
6942.33401 97.23353 3.25022 3.14774 499.36458
6942.22650 97.13816 3.24670 3.14465 498.77149
6941.21034 96.27483 3.21442 3.11671 491.95989
6941.04213 96.11777 3.20862 3.11162 491.24033
6940.16434 95.34357 3.17975 3.08656 486.19453
6940.00225 95.19919 3.17433 3.08188 485.26899
6939.24905 94.57127 3.15073 3.06156 479.44553
6938.77596 94.16534 3.13519 3.04841 476.31057
6938.23653 93.69952 3.11736 3.03333 472.96134
6937.62266 93.18732 3.09958 3.01675 466.76344
6937.27773 92.88686 3.08951 3.00703 463.15146
6936.47595 92.23619 3.06592 2.98596 455.20271
6936.22222 92.02101 3.05767 2.97900 454.11840
6935.22133 91.16588 3.02555 2.95131 449.52375
6935.35459 91.27578 3.02963 2.95487 450.72413
6934.30576 90.44033 2.99836 2.92782 440.35631
6933.95633 90.13100 2.98689 2.91781 438.03574
6933.33715 89.59516 2.96731 2.90046 433.06263
6933.01912 89.37796 2.95935 2.89343 428.81438
6932.29052 88.81890 2.93933 2.87533 420.85337
6931.47534 88.11342 2.91456 2.85250 414.11447
6931.06775 87.74877 2.90216 2.84069 411.01150
6930.30077 87.02712 2.87770 2.81733 406.00412
6930.40439 87.11435 2.88061 2.82015 406.92351
6929.42439 86.37061 2.85770 2.79608 395.12740
6929.11713 86.11563 2.85022 2.78782 392.23045
6928.19578 85.31459 2.82762 2.76189 383.31714
6928.12012 85.24852 2.82565 2.75975 382.56273
6927.28747 84.59472 2.80713 2.73858 375.68970
6926.81685 84.17636 2.79854 2.72504 371.65149
6926.28744 83.76164 2.79070 2.71162 363.42157
6925.56393 83.14466 2.77122 2.69164 355.18201
6925.21206 82.85070 2.75854 2.68213 351.57847
6924.28767 82.05018 2.73138 2.65621 342.23734
6923.82195 81.58241 2.73350 2.64107 338.84514
6923.01449 80.72317 2.74709 2.61325 333.65918
6922.64186 80.30266 2.68583 2.59964 331.62700
6921.89384 79.39834 2.50824 2.57036 328.85352
6921.28170 78.54107 2.47679 2.54261 328.72218
6920.86628 77.85270 2.45726 2.52033 330.48460
6920.30262 76.89077 2.42993 2.48918 333.30368
6920.24434 76.81845 2.42787 2.48684 333.03105
6919.65525 75.87307 2.39979 2.45624 334.96396
6919.15646 75.00420 2.37748 2.42811 335.62520
6919.04605 74.84168 2.37293 2.42285 335.55663
6918.50126 73.89269 2.34433 2.39213 340.28606
6918.30519 73.61352 2.33616 2.38309 341.08235
6918.04341 73.21161 2.32431 2.37008 343.18583
6917.49574 72.48823 2.30336 2.34666 343.27500
6917.26753 72.20128 2.29517 2.33737 342.70522
6916.56577 71.19533 2.26617 2.30481 344.40800
6916.76162 71.43623 2.27300 2.31261 344.63700
6916.08059 70.71134 2.25289 2.28914 341.32348
6916.08215 70.69782 2.25245 2.28870 341.66311
6915.31789 70.02926 2.23450 2.26706 335.11680
6915.47934 70.14541 2.23751 2.27082 336.98401
6914.52226 69.45999 2.21998 2.24863 326.49263
6914.21163 69.22273 2.21381 2.24095 323.67785
6913.44313 68.62568 2.19835 2.22162 317.06889
6912.99499 68.30277 2.19014 2.21117 312.93758
6912.45882 67.90570 2.18002 2.19831 308.48412
6911.61205 67.26656 2.16369 2.17762 301.84065
6911.57795 67.24381 2.16311 2.17688 301.54375
6910.53301 66.50871 2.14494 2.15309 292.64651
6910.05885 66.13877 2.13684 2.14111 289.17686
6909.27659 65.49781 2.12142 2.12036 285.48103
6908.68684 65.00468 2.10817 2.10440 282.17293
6908.05100 64.41809 2.09248 2.08541 279.38238
6907.47935 63.88401 2.07797 2.06812 276.96976
6907.09183 63.51001 2.06774 2.05601 275.48729
6906.47902 62.97564 2.05311 2.03871 272.29496
6905.96160 62.49399 2.03973 2.02312 269.99955
6905.09233 61.61738 2.01479 1.99474 266.82582
6904.51510 60.90226 1.99384 1.97159 266.27591
6904.14229 60.42345 1.97959 1.95609 266.01978
6903.69281 59.90675 1.96419 1.93936 264.93544
6903.32335 59.49143 1.95178 1.92592 263.87872
6902.64746 58.68956 1.92722 1.89996 262.31975
6902.41941 58.43015 1.91908 1.89156 261.70241
6901.59048 57.42091 1.89071 1.85889 258.68697
6901.52549 57.34211 1.88850 1.85634 258.40865
6900.73754 56.35152 1.85711 1.82427 257.27355
6900.66195 56.26165 1.85423 1.82136 257.23015
6900.00180 55.50068 1.82996 1.79672 256.02278
6899.81666 55.28460 1.82300 1.78973 255.42491
6899.32876 54.78827 1.80686 1.77366 252.93439
6899.21501 54.68454 1.80348 1.77030 252.27854
6898.49453 54.09436 1.78444 1.75120 247.64146
6898.53543 54.12479 1.78542 1.75218 247.93252
6897.53492 53.41615 1.76256 1.72924 240.68819
6897.25348 53.20333 1.75562 1.72235 238.85011
6896.35257 52.52801 1.73375 1.70049 233.05911
6895.68444 51.95838 1.71518 1.68205 229.44196
6895.11349 51.44908 1.69855 1.66556 226.58581
6894.51426 50.91068 1.68086 1.64813 223.66349
6894.08907 50.52575 1.66817 1.63567 221.63152
6893.40219 49.90176 1.64761 1.61547 218.39884
6893.10531 49.63653 1.63878 1.60688 216.95748
6892.28381 48.89625 1.61412 1.58292 213.36664
6892.14533 48.76750 1.61024 1.57875 212.87317
6891.20363 47.94669 1.58592 1.55218 208.41433
6891.19130 47.93228 1.58546 1.55171 208.37273
6890.22267 47.10507 1.55723 1.52493 203.76183
6890.48010 47.30070 1.56387 1.53127 205.08245
6889.84230 46.86426 1.54919 1.51714 201.53031
6889.41297 46.63944 1.54168 1.50986 198.81802
6889.55975 46.72153 1.54443 1.51252 199.71036
6888.34176 46.21463 1.52747 1.49611 191.78347
6887.15908 45.60897 1.50725 1.47650 185.19105
6886.73897 45.36372 1.49908 1.46856 183.07177
6885.68398 44.68483 1.47650 1.44658 178.16547
6884.96871 44.18368 1.45979 1.43036 175.08760
6884.27989 43.64561 1.44178 1.41294 172.38912
6883.54567 43.02796 1.42114 1.39294 169.56283
6883.29590 42.83781 1.41480 1.38679 168.62632
6882.28907 42.00975 1.38681 1.35998 165.42240
6882.08418 41.82811 1.38072 1.35410 164.66119
6881.09271 40.93175 1.35016 1.32508 161.05303
6881.30389 41.10549 1.35623 1.33071 161.83307
6880.55950 40.52907 1.33643 1.31205 158.95882
6880.52300 40.52482 1.33626 1.31191 158.77267
6880.01791 40.26290 1.32800 1.30343 156.57534
6878.91726 39.63358 1.30926 1.28306 151.99361
6878.60774 39.43980 1.30294 1.27678 150.79808
6877.82424 38.98096 1.28715 1.26193 147.83900
6876.84858 38.35945 1.26581 1.24181 144.31326
6877.01986 38.45805 1.26917 1.24500 144.93616
6876.02403 37.91439 1.25068 1.22740 141.37636
6875.27820 37.49707 1.23640 1.21389 138.80054
6875.00016 37.33923 1.23101 1.20878 137.86431
6873.95622 36.75826 1.21118 1.18998 134.80930
6873.44807 36.45176 1.20077 1.18005 133.18742
6873.01938 36.20988 1.19251 1.17222 131.81991
6872.01137 35.65942 1.17372 1.15440 128.75586
6871.69370 35.47397 1.16742 1.14840 127.80015
6870.87552 35.01145 1.15165 1.13343 125.42707
6869.84681 34.37262 1.12983 1.11274 122.45769
6869.97766 34.44945 1.13246 1.11523 122.82596
6868.94998 33.87110 1.11271 1.09651 119.99721
6868.26349 33.46736 1.09891 1.08344 118.14710
6868.21575 33.44403 1.09811 1.08268 118.02534
6867.16144 32.93018 1.08057 1.06605 115.40200
6866.43330 32.53385 1.06706 1.05322 113.60916
6866.18449 32.41121 1.06290 1.04925 113.01222
6865.04650 31.83370 1.04309 1.03055 110.48156
6864.15869 31.29367 1.02449 1.01307 108.34646
6863.59538 30.90069 1.01243 1.00035 106.97236
6862.62367 30.23704 0.99220 0.97886 104.65948
6862.85976 30.38758 0.99707 0.98374 105.20730
6861.85026 29.78298 0.97634 0.96416 102.87885
6861.29270 29.44126 0.96445 0.95310 101.58825
6861.58437 29.57329 0.96901 0.95738 102.14945
6860.77491 29.28548 0.95906 0.94806 100.80424
6859.76390 28.93854 0.94713 0.93683 99.25795
6859.46499 28.82226 0.94313 0.93306 98.78104
6858.77989 28.59591 0.93535 0.92574 97.83723
6857.58444 28.16013 0.92044 0.91163 96.17338
6856.45967 27.67595 0.90395 0.89595 94.50202
6855.60878 27.20331 0.88785 0.88065 92.94291
6854.61476 26.52047 0.86462 0.85855 90.72062
6854.34720 26.33908 0.85843 0.85268 90.13073
6853.77176 26.00180 0.84692 0.84176 89.04196
6852.70617 25.30930 0.82328 0.81934 86.80925
6853.54138 25.73624 0.83786 0.83316 88.18006
6852.79558 25.44472 0.82790 0.82372 87.25486
6851.84134 25.15441 0.81795 0.81432 86.40481
6850.77703 24.76684 0.80467 0.80178 85.29775
6850.31345 24.56989 0.79793 0.79540 84.73346
6849.14817 24.02065 0.77927 0.77762 83.13936
6848.12662 23.45155 0.75985 0.75920 81.45197
6847.98055 23.37594 0.75724 0.75675 81.22412
6846.92958 22.78028 0.73679 0.73747 79.38037
6846.34331 22.43323 0.72617 0.72623 78.46433
6846.55871 22.52354 0.72881 0.72915 78.65787
6845.74581 22.23410 0.72023 0.71978 78.09413
6844.70306 21.86654 0.70909 0.70789 77.39457
6844.35037 21.72136 0.70434 0.70319 77.05244
6843.54372 21.40998 0.69358 0.69311 76.28677
6842.34496 20.90331 0.67606 0.67670 74.97429
6841.60897 20.52691 0.66326 0.66452 73.92631
6841.37516 20.41017 0.65928 0.66074 73.60483
6840.43265 20.00491 0.64545 0.64762 72.56662
6839.64887 19.66222 0.63375 0.63653 71.68932
6839.88224 19.74825 0.63669 0.63931 71.88088
6838.93441 19.45223 0.62657 0.62973 71.25999
6837.84981 19.11522 0.61505 0.61882 70.58393
6836.88293 18.77358 0.60347 0.60776 69.83277
6836.70938 18.71355 0.60144 0.60581 69.70140
6835.67584 18.33443 0.58859 0.59354 68.82519
6834.56368 17.91417 0.57438 0.57994 67.80923
6833.94768 17.64362 0.56524 0.57118 67.07161
6833.46324 17.44031 0.55837 0.56460 66.53300
6832.33946 16.95878 0.54208 0.54901 65.21353
6831.55968 16.57222 0.52900 0.53649 64.05128
6831.61873 16.60445 0.53010 0.53754 64.15364
6830.45009 16.15535 0.51490 0.52300 62.97642
6829.26825 15.59848 0.49598 0.50497 61.19964
6829.74617 15.78539 0.50232 0.51102 61.75073
6829.02730 15.55030 0.49436 0.50341 61.14594
6828.00988 15.28850 0.48549 0.49493 60.64892
6826.79675 14.89213 0.47201 0.48210 59.63196
6826.56907 14.80039 0.46891 0.47913 59.35881
6826.04730 14.64791 0.46379 0.47420 58.98983
6825.08881 14.38288 0.45486 0.46562 58.34566
6824.10874 14.11555 0.44578 0.45696 57.65465
6823.19885 13.87228 0.43741 0.44909 56.97997
6823.67650 13.97024 0.44075 0.45226 57.19622
6822.74378 13.83479 0.43637 0.44787 57.07065
6821.81721 13.71953 0.43272 0.44414 57.01093
6820.90867 13.61492 0.42957 0.44076 56.93583
6820.00864 13.53685 0.42761 0.43823 57.01818
6819.06773 13.46726 0.42608 0.43598 57.15549
6818.01280 13.40009 0.42490 0.43380 57.35687
6816.76728 13.27851 0.42244 0.42987 57.38841
6815.42732 13.05983 0.41737 0.42279 57.03260
6814.47298 12.80177 0.41100 0.41443 56.31569
6813.63680 12.51720 0.40280 0.40522 55.25678
6812.40497 12.02038 0.38711 0.38914 53.07900
6811.34551 11.51728 0.37099 0.37285 50.76288
6810.87668 11.26008 0.36285 0.36452 49.59852
6809.82479 10.64062 0.34288 0.34447 46.73210
6809.05122 10.15020 0.32681 0.32859 44.48943
6808.24561 9.54799 0.30700 0.30910 41.67677
6807.38959 8.81558 0.28262 0.28539 38.25971
0.00000 0.00000 0.00000 0.00000 0.00000
