6752.37619 10.01209 0.25296 0.32412 128.90111
6752.60327 10.04184 0.25424 0.32508 129.02599
6753.37669 10.15260 0.25896 0.32867 129.57537
6754.37719 10.28572 0.26486 0.33298 130.10473
6755.37769 10.40363 0.27031 0.33680 130.37437
6756.37819 10.50983 0.27540 0.34023 130.43718
6757.37869 10.62001 0.28057 0.34380 130.52903
6758.37919 10.74629 0.28628 0.34789 130.78719
6759.37969 10.87616 0.29185 0.35209 131.23360
6760.38019 11.03207 0.29844 0.35714 131.84223
6760.46193 11.04603 0.29902 0.35759 131.90594
6761.38069 11.20468 0.30560 0.36273 132.63849
6762.38119 11.36146 0.31233 0.36780 133.15214
6763.38169 11.49631 0.31839 0.37217 133.33547
6764.38219 11.64470 0.32487 0.37697 133.63253
6765.38269 11.78720 0.33134 0.38159 133.85403
6766.38319 11.94967 0.33849 0.38685 134.29914
6766.94877 12.05021 0.34287 0.39010 134.67789
6767.38369 12.13132 0.34634 0.39273 135.00483
6768.38419 12.30073 0.35338 0.39821 135.63401
6769.38469 12.46732 0.36032 0.40360 136.07061
6770.38519 12.63680 0.36714 0.40909 136.33821
6771.38569 12.80354 0.37394 0.41449 136.46082
6772.38619 13.00615 0.38155 0.42105 136.78357
6772.59059 13.05439 0.38351 0.42261 136.98256
6773.38669 13.23241 0.39017 0.42837 137.36153
6774.38719 13.42752 0.39809 0.43469 137.60656
6775.38769 13.60983 0.40533 0.44059 137.73609
6776.38819 13.79552 0.41301 0.44660 138.03484
6777.38869 13.98750 0.42070 0.45282 138.61493
6777.67597 14.05858 0.42361 0.45512 138.93015
6778.38919 14.22863 0.43045 0.46062 139.61119
6779.38969 14.42578 0.43869 0.46701 139.96065
6780.39020 14.63049 0.44717 0.47363 140.32443
6781.39070 14.84080 0.45580 0.48044 140.70304
6782.32508 15.06276 0.46480 0.48763 141.35469
6782.39120 15.07902 0.46546 0.48815 141.40583
6783.39170 15.29974 0.47440 0.49530 141.84013
6784.39220 15.51605 0.48307 0.50230 142.17969
6785.39270 15.72612 0.49165 0.50910 142.37498
6786.39320 15.92524 0.49971 0.51555 142.67712
6786.97124 16.06695 0.50543 0.52014 142.99258
6787.39370 16.17076 0.50966 0.52350 143.21709
6788.39420 16.41482 0.51958 0.53140 143.71000
6789.39470 16.63881 0.52863 0.53865 143.91099
6790.39520 16.88438 0.53823 0.54660 144.32589
6791.12356 17.07113 0.54536 0.55264 144.68473
6791.39570 17.14557 0.54820 0.55505 144.87161
6792.39620 17.40813 0.55843 0.56355 145.39158
6793.39670 17.64582 0.56795 0.57125 145.54324
6794.39720 17.87497 0.57706 0.57867 145.69545
6795.11159 18.07531 0.58457 0.58515 146.27768
6795.39770 18.16348 0.58787 0.58801 146.52421
6796.39820 18.43341 0.59790 0.59674 146.91299
6797.39870 18.70241 0.60794 0.60545 147.25329
6798.39920 18.97197 0.61816 0.61418 147.53478
6798.74239 19.07950 0.62216 0.61766 147.80061
6799.39970 19.28439 0.62992 0.62429 148.28887
6800.40020 19.55374 0.63967 0.63301 148.46891
6801.40070 19.82223 0.64902 0.64171 148.59585
6802.28102 20.08368 0.65788 0.65017 148.97659
6802.40120 20.12198 0.65922 0.65141 149.05536
6803.40170 20.39262 0.66873 0.66017 149.16468
6804.40220 20.64828 0.67781 0.66845 149.25124
6805.40270 20.94902 0.68825 0.67818 149.54928
6805.83032 21.08787 0.69275 0.68268 149.80742
6806.40320 21.29015 0.69935 0.68923 150.36489
6807.40370 21.60326 0.70960 0.69936 150.83369
6808.40420 21.88809 0.71875 0.70858 150.75204
6809.03985 22.09205 0.72493 0.71519 150.79266
6809.40470 22.23415 0.72916 0.71979 151.03621
6810.40520 22.59676 0.73925 0.73152 151.29160
6811.40570 22.93077 0.74906 0.74234 151.55985
6811.91585 23.09623 0.75421 0.74769 151.87348
6812.40620 23.24946 0.75913 0.75265 152.22283
6813.40670 23.54810 0.76901 0.76232 152.33708
6814.40720 23.84458 0.77867 0.77192 152.31092
6815.16445 24.10042 0.78675 0.78020 152.60929
6815.40770 24.20143 0.78998 0.78347 152.91952
6816.40820 24.57484 0.80192 0.79556 153.70532
6817.40870 24.92714 0.81351 0.80697 154.23003
6817.86998 25.10460 0.81971 0.81271 154.62554
6818.40920 25.32948 0.82751 0.81999 155.26838
6819.40970 25.68261 0.83851 0.83142 155.70895
6820.41021 26.06152 0.85068 0.84369 156.39050
6820.54112 26.10879 0.85218 0.84522 156.43925
6821.41071 26.39767 0.86156 0.85457 156.82127
6822.41121 26.71590 0.87242 0.86487 156.89156
6823.41171 27.06722 0.88412 0.87625 157.17272
6823.52367 27.11297 0.88564 0.87773 157.27232
6824.41221 27.46372 0.89726 0.88908 157.91234
6825.41271 27.82687 0.90944 0.90084 158.25717
6826.15658 28.11715 0.91926 0.91024 158.69871
6826.41321 28.22993 0.92316 0.91389 158.98381
6827.41371 28.61968 0.93628 0.92651 159.53845
6828.41421 29.00232 0.94860 0.93889 159.96126
6828.70541 29.12134 0.95259 0.94275 160.14182
6829.41471 29.41613 0.96295 0.95229 160.64168
6830.41521 29.74631 0.97451 0.96298 160.87777
6831.41345 30.12552 0.98740 0.97525 161.18741
6831.41571 30.12661 0.98743 0.97529 161.19052
6832.41621 30.58960 1.00186 0.99028 162.02323
6833.41671 31.00331 1.01413 1.00367 161.99545
6833.72031 31.12971 1.01796 1.00776 161.99276
6834.41721 31.42240 1.02752 1.01724 162.24842
6835.41771 31.82800 1.04131 1.03037 162.71545
6836.09287 32.13389 1.05149 1.04027 163.33339
6836.41821 32.30222 1.05746 1.04572 163.80566
6837.41871 32.75262 1.07330 1.06030 164.55704
6838.28210 33.13808 1.08624 1.07278 165.10240
6838.41921 33.20325 1.08844 1.07489 165.23205
6839.41971 33.60551 1.10211 1.08791 165.86079
6840.42021 33.99657 1.11570 1.10057 165.88366
6840.75083 34.14226 1.12075 1.10529 166.05672
6841.42071 34.45962 1.13168 1.11556 166.61130
6842.42121 34.86254 1.14451 1.12861 166.70198
6843.01062 35.14644 1.15416 1.13780 167.19104
6843.42171 35.36077 1.16197 1.14473 167.68290
6844.42221 35.82090 1.17807 1.15963 168.26636
6845.16351 36.15063 1.18893 1.17030 168.54506
6845.42271 36.27863 1.19304 1.17445 168.76561
6846.42321 36.74546 1.20940 1.18956 169.31639
6847.33218 37.15481 1.22395 1.20281 169.76111
6847.42371 37.19949 1.22547 1.20426 169.87376
6848.42421 37.66861 1.24046 1.21945 170.63620
6849.40353 38.15900 1.25819 1.23532 171.37182
6849.42471 38.17153 1.25863 1.23573 171.40641
6850.42521 38.66401 1.27515 1.25167 172.02291
6851.42571 39.09040 1.28938 1.26547 172.08170
6851.58000 39.16318 1.29175 1.26783 172.16829
6852.42621 39.62041 1.30747 1.28263 172.93892
6853.42671 40.14003 1.32339 1.29945 173.12175
6853.47563 40.16736 1.32418 1.30034 173.14642
6854.42721 40.66239 1.33882 1.31636 173.57259
6855.42771 41.09978 1.35446 1.33052 173.60980
6855.56944 41.17155 1.35719 1.33285 173.69584
6856.42821 41.61695 1.37206 1.34727 174.34384
6857.42871 42.09615 1.38841 1.36278 175.00024
6857.57491 42.17573 1.39159 1.36535 175.12203
6858.42921 42.68253 1.40999 1.38176 176.19483
6859.37586 43.17992 1.42631 1.39786 176.80685
6859.42971 43.21021 1.42727 1.39884 176.85796
6860.43022 43.75761 1.44592 1.41657 177.65480
6861.24398 44.18410 1.46109 1.43037 178.11211
6861.43072 44.28893 1.46471 1.43377 178.27594
6862.43122 44.79551 1.48082 1.45017 178.63725
6863.14712 45.18828 1.49475 1.46288 179.15024
6863.43172 45.36772 1.50125 1.46869 179.55957
6864.43222 45.91198 1.52008 1.48631 180.16784
6864.99540 46.19247 1.52873 1.49539 180.42729
6865.43272 46.42566 1.53646 1.50294 180.89351
6866.43322 46.94638 1.55497 1.51980 181.32062
6866.86804 47.19665 1.56362 1.52790 181.69315
6867.43372 47.52779 1.57459 1.53862 182.26209
6868.43422 48.06785 1.59300 1.55610 182.73815
6868.65539 48.20084 1.59760 1.56041 182.87344
6869.43472 48.71169 1.61267 1.57694 183.44511
6870.23875 49.20502 1.62725 1.59291 184.07126
6870.43522 49.32673 1.63137 1.59685 184.29092
6871.43572 49.88268 1.65240 1.61485 184.93399
6871.97809 50.20921 1.66241 1.62542 185.41699
6872.43622 50.48967 1.67120 1.63450 185.86329
6873.43672 51.06024 1.69162 1.65297 186.50355
6873.71473 51.21339 1.69723 1.65793 186.62211
6874.43722 51.61802 1.71073 1.67103 187.26274
6875.43772 52.12088 1.72640 1.68731 187.51053
6875.60593 52.21757 1.72967 1.69044 187.60886
6876.43822 52.73379 1.74827 1.70715 188.44027
6877.23829 53.22176 1.76410 1.72295 189.17146
6877.43872 53.34916 1.76793 1.72707 189.38904
6878.43922 53.97025 1.78984 1.74718 190.33117
6878.84762 54.22594 1.79875 1.75546 190.72753
6879.43972 54.60280 1.81042 1.76766 191.36072
6880.44022 55.17200 1.82936 1.78608 191.90492
6880.52757 55.23013 1.83144 1.78796 192.01498
6881.44072 55.82521 1.85219 1.80723 193.07786
6882.13140 56.23431 1.86410 1.82047 193.52545
6882.44122 56.43742 1.87105 1.82705 193.89410
6883.44172 57.02598 1.89264 1.84610 195.02226
6883.76994 57.23849 1.89927 1.85298 195.33036
6884.44222 57.70037 1.91135 1.86793 195.87065
6885.21451 58.24268 1.92839 1.88549 196.62302
6885.44272 58.40102 1.93421 1.89062 196.91917
6886.44322 59.00369 1.95250 1.91013 197.77610
6886.81522 59.24686 1.96060 1.91800 198.18686
6887.44372 59.68924 1.97660 1.93232 199.10775
6888.31101 60.25105 1.99496 1.95051 200.03523
6888.44422 60.34056 1.99740 1.95340 200.20072
6889.44472 60.98220 2.01782 1.97418 201.25037
6889.87255 61.25523 2.02814 1.98302 201.69956
6890.44522 61.62506 2.03830 1.99499 202.31824
6891.40842 62.25941 2.05852 2.01552 203.43672
6891.44572 62.28610 2.05946 2.01639 203.49303
6892.44622 62.90918 2.08123 2.03656 204.76752
6892.97883 63.26360 2.09047 2.04803 205.46915
6893.44672 63.58966 2.09965 2.05859 206.12422
6894.44722 64.26469 2.12346 2.08044 207.45932
6894.45165 64.26778 2.12354 2.08054 207.46546
6895.44772 64.89741 2.14047 2.10092 208.54856
6896.00703 65.27197 2.15314 2.11305 209.35318
6896.44822 65.62351 2.16583 2.12443 210.26166
6897.35679 66.27615 2.18007 2.14556 211.42258
6897.44872 66.34377 2.18134 2.14775 211.53591
6898.44922 67.08952 2.20583 2.17189 213.17741
6898.71676 67.28033 2.21133 2.17807 213.64298
6899.44972 67.77776 2.22413 2.19417 214.76360
6900.16021 68.28452 2.23947 2.21057 215.99353
6900.45023 68.49887 2.24663 2.21751 216.54824
6901.45073 69.07556 2.26070 2.23618 217.83604
6901.73591 69.28870 2.26553 2.24308 218.37247
6902.45123 69.86621 2.28475 2.26178 219.93647
6903.07639 70.29289 2.29518 2.27559 220.99743
6903.45173 70.55988 2.30171 2.28424 221.70018
6904.45223 71.27805 2.32140 2.30748 223.61726
6904.47951 71.29707 2.32191 2.30810 223.66851
6905.45273 71.97540 2.33848 2.33006 225.51146
6905.87396 72.30126 2.34660 2.34061 226.43450
6906.45323 72.75395 2.36107 2.35526 227.71795
6907.27649 73.30544 2.37236 2.37312 229.31067
6907.45373 73.43433 2.37556 2.37729 229.69605
6908.45423 74.17650 2.39717 2.40132 231.89665
6908.63381 74.30962 2.40064 2.40563 232.31205
6909.45473 74.92743 2.41641 2.42563 234.20440
6910.03720 75.31381 2.42495 2.43813 235.29668
6910.45523 75.61081 2.43162 2.44775 236.21825
6911.30349 76.31799 2.44945 2.47064 238.37041
6911.45573 76.44696 2.45316 2.47482 238.77206
6912.45623 77.15792 2.47488 2.49783 241.26310
6912.67046 77.32218 2.47788 2.50315 241.82198
6913.45673 77.92884 2.49386 2.52279 243.94446
6913.99695 78.32636 2.51026 2.53566 245.41352
6914.45723 78.65483 2.51645 2.54629 246.73227
6915.33739 79.33054 2.53795 2.56817 249.35234
6915.45773 79.43495 2.55034 2.57155 249.71967
6916.45823 80.20010 2.70078 2.59632 252.99895
6916.62967 80.33473 2.72892 2.60068 253.58191
6917.45873 80.98621 2.78739 2.62177 256.54987
6917.95195 81.33891 2.77575 2.63318 258.28963
6918.45923 81.71756 2.76387 2.64544 259.91696
6919.31079 82.34310 2.77263 2.66569 263.32469
6919.45973 82.45545 2.77748 2.66933 263.95839
6920.46023 83.25034 2.81179 2.69506 268.36787
6920.58394 83.34728 2.81497 2.69820 268.94900
6921.46073 84.10111 2.83012 2.72261 273.32224
6921.73800 84.35146 2.83440 2.73071 274.73958
6922.46123 84.94881 2.84812 2.75005 278.37986
6922.97741 85.35565 2.85834 2.76322 281.17198
6923.46173 85.73188 2.86806 2.77540 283.95051
6924.30844 86.35983 2.88420 2.79573 289.17709
6924.46223 86.49226 2.88776 2.80001 290.03552
6925.46273 87.32079 2.90981 2.82684 295.94239
6925.51823 87.36402 2.91096 2.82824 296.29750
6926.46323 88.13392 2.93232 2.85316 302.25501
6926.75645 88.36820 2.93891 2.86074 304.29302
6927.46373 88.90968 2.95477 2.87827 308.45432
6928.05069 89.37238 2.96875 2.89325 311.54049
6928.46423 89.70790 2.97877 2.90411 314.32262
6929.31653 90.37657 2.99967 2.92576 320.32887
6929.46473 90.50897 3.00391 2.93005 321.17744
6930.46523 91.35188 3.03112 2.95733 327.64683
6930.49996 91.38075 3.03207 2.95827 327.87865
6931.46573 92.17085 3.05868 2.98385 334.40913
6931.71708 92.38494 3.06603 2.99078 336.02742
6932.46623 93.06050 3.08729 3.01265 341.00316
6932.82740 93.38912 3.09718 3.02329 343.52028
6933.46673 93.95729 3.11639 3.04168 347.56657
6933.98243 94.39331 3.13195 3.05579 350.85393
6934.46723 94.80855 3.14667 3.06924 353.70744
6935.17463 95.39749 3.16753 3.08830 358.58148
6935.46773 95.65004 3.17644 3.09648 360.38010
6936.46823 96.38033 3.20280 3.12012 366.40072
6936.49256 96.40167 3.20356 3.12081 366.53174
6937.46873 97.25041 3.23393 3.14829 372.54248
6937.64836 97.40586 3.23952 3.15332 373.59320
6938.46923 98.13170 3.26551 3.17682 378.20844
6938.78965 98.41004 3.27553 3.18583 380.06075
6939.46973 98.98933 3.29646 3.20458 384.26941
6939.96680 99.41423 3.31168 3.21834 387.27054
6940.47024 99.84092 3.32695 3.23215 390.36223
6941.17923 100.41841 3.34785 3.25085 395.08097
6941.47074 100.69387 3.35780 3.25976 396.36759
6942.27114 101.42259 3.38279 3.28335 400.89974
6942.47124 101.61571 3.38880 3.28961 402.15409
6943.29677 102.42678 3.41556 3.31586 406.19103
6943.47174 102.58083 3.42114 3.32085 407.08954
6944.46734 103.43096 3.45156 3.34837 413.07602
6944.47224 103.43551 3.45172 3.34852 413.09848
6945.47274 104.24601 3.48031 3.37476 417.65596
6945.69720 104.43515 3.48694 3.38088 418.61350
6946.47324 105.14362 3.51188 3.40381 422.50359
6946.80400 105.43933 3.52228 3.41339 424.14042
6947.47374 106.02662 3.54289 3.43240 427.74210
6947.94500 106.44351 3.55752 3.44590 430.18350
6948.47424 106.91482 3.57404 3.46115 432.81847
6949.05506 107.44770 3.59257 3.47840 435.48696
6949.47474 107.85239 3.60655 3.49151 437.12445
6950.14987 108.45188 3.62748 3.51091 440.47400
6950.47524 108.74604 3.63770 3.52044 442.02094
6951.24222 109.45607 3.66216 3.54342 445.43791
6951.47574 109.66846 3.66958 3.55030 446.50153
6952.37183 110.46025 3.69685 3.57593 451.11256
6952.47624 110.57036 3.70022 3.57949 451.54423
6953.34220 111.46444 3.72794 3.60844 455.27207
6953.47674 111.58816 3.73218 3.61244 455.50056
6954.47724 112.44983 3.76193 3.64034 459.05882
6954.49700 112.46862 3.76257 3.64095 459.13829
6955.47774 113.36059 3.79325 3.66982 463.73800
6955.60195 113.47280 3.79711 3.67346 464.32037
6956.47824 114.29087 3.82509 3.69994 467.98080
6956.68083 114.47699 3.83146 3.70596 468.85807
6957.47874 115.23455 3.85726 3.73049 471.94004
6957.73896 115.48117 3.86567 3.73847 472.91032
6958.47924 116.15392 3.88871 3.76025 476.30348
6958.83529 116.48536 3.90004 3.77098 477.78547
6959.47974 117.09035 3.92059 3.79057 480.37912
6959.91435 117.48954 3.93421 3.80349 482.31200
6960.48024 118.04517 3.95291 3.82148 484.17985
6960.94362 118.49372 3.96842 3.83600 485.62367
6961.48074 119.04140 3.98615 3.85373 487.34763
6961.89858 119.49791 3.99955 3.86851 489.16221
6962.48124 120.08393 4.01841 3.88748 491.27189
6962.95427 120.50209 4.03273 3.90101 492.34035
6963.48174 120.97944 4.04877 3.91647 493.71805
6964.04337 121.50628 4.06657 3.93352 496.19628
6964.48224 121.93145 4.08101 3.94729 497.75712
6965.06030 122.51046 4.10044 3.96603 499.39440
6965.48274 122.92905 4.11453 3.97958 500.72201
6966.07379 123.51464 4.13429 3.99854 502.58355
6966.48324 123.90836 4.14758 4.01129 504.06852
6967.13846 124.51883 4.16823 4.03105 506.79554
6967.48374 124.86750 4.17993 4.04234 507.75114
6968.13113 125.52301 4.20190 4.06356 509.58762
6968.48424 125.87045 4.21359 4.07480 510.74808
6969.15838 126.52720 4.23571 4.09606 513.12825
6969.48474 126.84387 4.24634 4.10632 514.25642
6970.20018 127.53138 4.26966 4.12857 516.78211
6970.48524 127.83881 4.28006 4.13853 517.31448
6971.19338 128.53556 4.30144 4.16108 520.19775
6971.48574 128.81553 4.30964 4.17015 521.13171
6972.21930 129.53975 4.33348 4.19359 522.90653
6972.48624 129.78885 4.34204 4.20165 524.03450
6973.22001 130.54393 4.36720 4.22610 525.99251
6973.48674 130.81941 4.37635 4.23502 526.67430
6974.22024 131.54812 4.40086 4.25861 529.03567
6974.48724 131.81702 4.40987 4.26731 529.79761
6975.22302 132.55230 4.43446 4.29112 532.11814
6975.48774 132.82012 4.44344 4.29979 532.91966
6976.18793 133.55649 4.46801 4.32362 534.45183
6976.48824 133.86423 4.47825 4.33359 535.28196
6977.17126 134.56067 4.50156 4.35613 537.19462
6977.48874 134.89083 4.51261 4.36682 537.97068
6978.16973 135.56485 4.53507 4.38864 540.32479
6978.48924 135.88561 4.54590 4.39902 541.31661
6979.14405 136.56904 4.56879 4.42115 542.78326
6979.48974 136.95144 4.58007 4.43353 544.11593
6980.05568 137.57322 4.59881 4.45366 546.29092
6980.49025 138.00423 4.61328 4.46761 546.81675
6981.08528 138.57741 4.63240 4.48617 547.65006
6981.49075 138.98123 4.64590 4.49924 549.04714
6982.05609 139.58159 4.66592 4.51867 550.43319
6982.49125 140.02253 4.68064 4.53295 551.75380
6983.02469 140.58577 4.69939 4.55118 553.02536
6983.49175 141.06936 4.71551 4.56684 554.28862
6984.00963 141.58996 4.73295 4.58369 555.95164
6984.49225 142.09989 4.74990 4.60020 557.12766
6984.95459 142.59414 4.76637 4.61620 558.14483
6985.49275 143.16307 4.78532 4.63462 559.47565
6985.89489 143.59833 4.79974 4.64871 560.28104
6986.49325 144.21005 4.82015 4.66851 562.07269
6986.86725 144.60251 4.83322 4.68122 563.10096
6987.49375 145.26726 4.85551 4.70274 564.46795
6987.81915 145.60669 4.86688 4.71373 565.30559
6988.49425 146.43774 4.89146 4.74063 566.82683
6988.65284 146.61088 4.89674 4.74623 567.29339
6989.49475 147.38067 4.92243 4.77115 569.31380
6989.71973 147.61506 4.93022 4.77874 569.83262
6990.49525 148.43771 4.95757 4.80537 571.97982
6990.66860 148.61925 4.96365 4.81125 572.41968
6991.49575 149.51027 4.99321 4.84010 574.27480
6991.59874 149.62343 4.99696 4.84376 574.47761
6992.49625 150.59546 5.02927 4.87523 576.48353
6992.52568 150.62762 5.03034 4.87627 576.54397
6993.45224 151.63180 5.06366 4.90878 578.63548
6993.49675 151.67954 5.06525 4.91032 578.74411
6994.36513 152.63598 5.09701 4.94128 580.45066
6994.49725 152.78644 5.10197 4.94616 580.64689
6995.26840 153.64017 5.13034 4.97379 582.14836
6995.49775 153.88786 5.13876 4.98181 582.59903
6996.12822 154.64435 5.16209 5.00630 583.72964
6996.49825 155.07337 5.17465 5.02019 585.02254
6997.00543 155.64854 5.19347 5.03881 585.89042
6997.49875 156.19313 5.21176 5.05644 587.03737
6997.95408 156.65272 5.22704 5.07132 588.41369
6998.49925 157.18973 5.24477 5.08870 589.09249
6998.92218 157.65690 5.26016 5.10383 589.48071
6999.49975 158.27531 5.28082 5.12385 591.17624
6999.85923 158.66109 5.29369 5.13634 592.10018
7000.50025 159.36251 5.31694 5.15904 593.55656
7000.77210 159.66527 5.32696 5.16884 594.11119
7001.50075 160.47690 5.35392 5.19512 595.59740
7001.67211 160.66946 5.36028 5.20135 595.91505
7002.50125 161.58386 5.39060 5.23095 597.79314
7002.58068 161.67364 5.39358 5.23386 597.93720
7003.48201 162.67782 5.42687 5.26637 599.85913
7003.50175 162.69998 5.42761 5.26709 599.89519
7004.33754 163.68201 5.45945 5.29888 601.18017
7004.50225 163.88131 5.46513 5.30533 601.75656
7005.14490 164.68619 5.48976 5.33139 602.70149
7005.50275 165.07326 5.50293 5.34392 603.48938
7006.06884 165.69038 5.52339 5.36389 605.12293
7006.50325 166.16314 5.53908 5.37920 605.91444
7007.02566 166.69456 5.55661 5.39640 606.56102
7007.50375 167.19288 5.57315 5.41254 607.57306
7007.94114 167.69874 5.58990 5.42891 608.45619
7008.50425 168.32710 5.61076 5.44925 609.70388
7008.83510 168.70293 5.62323 5.46142 610.32797
7009.50475 169.44422 5.64783 5.48542 611.94662
7009.73723 169.70711 5.65650 5.49393 612.42271
7010.50525 170.59714 5.68594 5.52274 613.70922
7010.60231 170.71130 5.68969 5.52644 613.86289
7011.47813 171.71548 5.72329 5.55895 615.35036
7011.50575 171.74902 5.72438 5.56003 615.37909
7012.27340 172.71967 5.75325 5.59145 617.00751
7012.50625 172.98619 5.76163 5.60008 617.69284
7013.12965 173.72385 5.78617 5.62396 618.43084
7013.50675 174.15761 5.80045 5.63800 619.16751
7013.97916 174.72803 5.81924 5.65647 619.72900
7014.50725 175.32049 5.83892 5.67565 620.89360
7014.86065 175.73222 5.85255 5.68898 621.51893
7015.50775 176.48601 5.87751 5.71338 622.77188
7015.75032 176.73640 5.88582 5.72149 623.22873
7016.50825 177.53792 5.91227 5.74744 624.11655
7016.67545 177.74059 5.91894 5.75400 624.22636
7017.50875 178.71271 5.95107 5.78547 625.90802
7017.53717 178.74477 5.95214 5.78650 625.97343
7018.41127 179.74895 5.98547 5.81901 627.72254
7018.50925 179.86216 5.98920 5.82268 627.92630
7019.25455 180.75314 6.01883 5.85152 628.87643
7019.50975 181.07192 6.02932 5.86184 629.05365
7020.01818 181.75732 6.04924 5.88403 629.86793
7020.51026 182.33472 6.06731 5.90272 631.24324
7020.86072 182.76151 6.08168 5.91654 631.51088
7021.51076 183.52076 6.10675 5.94112 632.73653
7021.71929 183.76569 6.11484 5.94905 633.11469
7022.51126 184.70963 6.14612 5.97960 634.36841
7022.56186 184.76987 6.14812 5.98156 634.44882
7023.42035 185.77406 6.18133 6.01406 636.08289
7023.51176 185.87540 6.18470 6.01734 636.39659
7024.29488 186.77824 6.21451 6.04657 637.65230
7024.51226 187.02610 6.22266 6.05460 637.53963
7025.17082 187.78243 6.24760 6.07908 638.08044
7025.51276 188.17133 6.26052 6.09167 639.00890
7026.02314 188.78661 6.28076 6.11159 639.85050
7026.51326 189.34634 6.29960 6.12971 640.84435
7026.86786 189.79079 6.31379 6.14410 641.35038
7027.51376 190.65725 6.33913 6.17215 642.54624
7027.61856 190.79498 6.34359 6.17661 642.57831
7028.43783 191.79916 6.37707 6.20911 643.50915
7028.51426 191.88874 6.38002 6.21201 643.66739
7029.29640 192.80335 6.41031 6.24162 645.27559
7029.51476 193.05531 6.41866 6.24978 645.77496
7030.12202 193.80753 6.44342 6.27413 646.48302
7030.51526 194.28154 6.45911 6.28948 647.12691
7030.93330 194.81172 6.47654 6.30664 647.47185
7031.51576 195.50541 6.49955 6.32910 648.53746
7031.77499 195.81590 6.50979 6.33915 648.99140
7032.51626 196.69117 6.53874 6.36748 650.42694
7032.62283 196.82008 6.54298 6.37166 650.63302
7033.45626 197.82427 6.57649 6.40417 651.64364
7033.51676 197.90163 6.57901 6.40667 651.53513
7034.22963 198.82845 6.60639 6.43667 651.69063
7034.51726 199.15474 6.61643 6.44724 652.76119
7035.06708 199.83264 6.63918 6.46918 653.54824
7035.51776 200.37138 6.65699 6.48662 654.36813
7035.88544 200.83682 6.67230 6.50169 654.73824
7036.51826 201.60815 6.69776 6.52666 655.75955
7036.70637 201.84100 6.70543 6.53420 656.01267
7037.51876 202.81501 6.73772 6.56573 657.50671
7037.54379 202.84519 6.73872 6.56671 657.55201
7038.36018 203.84937 6.77185 6.59922 658.77054
7038.51926 204.04328 6.77830 6.60549 659.04011
7039.13564 204.85356 6.80493 6.63172 659.31893
7039.51976 205.32946 6.82063 6.64713 659.85577
7039.94046 205.85774 6.83812 6.66423 660.36570
7040.52026 206.52753 6.86025 6.68592 661.81091
7040.78689 206.86192 6.87153 6.69674 662.01115
7041.52076 207.81910 6.90125 6.72773 663.42362
7041.56060 207.86611 6.90259 6.72925 663.59718
7042.36677 208.87029 6.93432 6.76176 663.81635
7042.52126 209.04167 6.94004 6.76731 663.96759
7043.19808 209.87448 6.96743 6.79427 664.93383
7043.52176 210.25705 6.98019 6.80665 665.68623
7044.00563 210.87866 7.00072 6.82677 666.11091
7044.52226 211.51911 7.02182 6.84751 666.88112
7044.80595 211.88285 7.03382 6.85928 667.17868
7045.52276 212.79696 7.06401 6.88888 667.95903
7045.59515 212.88703 7.06698 6.89179 668.06913
7046.43934 213.89121 7.10026 6.92430 669.86416
7046.52326 213.99082 7.10357 6.92752 670.05077
7047.20555 214.89540 7.13330 6.95681 670.42549
7047.52376 215.28811 7.14634 6.96952 670.88413
7048.00006 215.89958 7.16649 6.98932 671.40406
7048.52426 216.62049 7.18733 7.01266 672.52246
7048.72688 216.90377 7.19617 7.02183 672.64851
7049.52476 217.85110 7.22788 7.05249 674.31033
7049.57073 217.90795 7.22976 7.05433 674.38803
7050.33327 218.91213 7.26274 7.08684 674.91274
7050.52526 219.14788 7.27059 7.09447 675.34830
7051.14406 219.91632 7.29592 7.11935 675.98896
7051.52576 220.35663 7.31044 7.13361 676.11999
7051.99605 220.92050 7.32899 7.15186 676.46603
7052.52626 221.55452 7.35009 7.17238 677.75134
7052.81132 221.92469 7.36227 7.18437 678.04510
7053.52676 222.83285 7.39226 7.21377 678.94164
7053.59946 222.92887 7.39541 7.21688 678.98747
7054.36628 223.93305 7.42850 7.24938 679.65426
7054.52726 224.12918 7.43498 7.25573 679.97869
7055.16520 224.93724 7.46190 7.28189 680.73562
7055.52776 225.44972 7.47728 7.29848 681.18649
7055.85657 225.94142 7.49149 7.31440 681.48011
7056.52826 226.78284 7.51946 7.34164 682.46526
7056.65571 226.94561 7.52486 7.34691 682.62269
7057.45736 227.94979 7.55803 7.37942 683.90192
7057.52876 228.03496 7.56086 7.38218 684.06343
7058.20582 228.95397 7.59108 7.41193 684.27399
7058.52926 229.36448 7.60459 7.42522 684.69672
7058.98583 229.95816 7.62421 7.44444 685.26694
7059.52976 230.63394 7.64658 7.46631 686.05926
7059.81733 230.96234 7.65742 7.47694 686.32801
7060.53027 231.77345 7.68428 7.50320 687.29534
7060.67690 231.96653 7.69065 7.50945 687.39576
7061.43760 232.97071 7.72385 7.54196 688.17064
7061.53077 233.08936 7.72787 7.54580 688.25111
7062.17228 233.97490 7.75537 7.57447 688.91996
7062.53127 234.45798 7.76951 7.59011 689.81784
7062.91514 234.97908 7.78672 7.60698 689.96043
7063.53177 235.73902 7.81204 7.63158 691.04801
7063.71496 235.98326 7.82006 7.63949 691.17870
7064.49203 236.98745 7.85325 7.67199 692.09087
7064.53227 237.03712 7.85489 7.67360 692.16682
7065.23960 237.99163 7.88633 7.70450 692.55002
7065.53277 238.36655 7.89873 7.71664 692.93786
7066.02737 238.99582 7.91952 7.73701 693.66595
7066.53327 239.62054 7.94025 7.75724 694.57244
7066.81501 240.00000 7.95274 7.76952 694.70927
