7068.53427 239.52925 7.96351 7.75428 891.45350
7068.09167 238.99582 7.93935 7.73701 891.82858
7067.53377 238.32152 7.92014 7.71518 891.24493
7067.27804 237.99163 7.91580 7.70450 890.99225
7066.54687 236.98745 7.87070 7.67199 891.46815
7066.53327 236.96975 7.87031 7.67142 891.46752
7065.75697 235.98326 7.84236 7.63949 890.91066
7065.53277 235.70781 7.82897 7.63057 890.60212
7064.96053 234.97908 7.80856 7.60698 890.29409
7064.53227 234.42127 7.79059 7.58892 890.16826
7064.19972 233.97490 7.77600 7.57447 889.45231
7063.53177 233.02998 7.74477 7.54388 889.67024
7063.48563 232.97071 7.74315 7.54196 889.67433
7062.69579 231.96653 7.71127 7.50945 889.17751
7062.53127 231.76570 7.70157 7.50295 888.94307
7061.88515 230.96234 7.68280 7.47694 888.26072
7061.53077 230.52529 7.66683 7.46280 887.85666
7061.08151 229.95816 7.64032 7.44444 887.51223
7060.53027 229.24038 7.62572 7.42120 887.24777
7060.28156 228.95397 7.61491 7.41193 886.86715
7059.52976 228.09690 7.58030 7.38418 886.77666
7059.40904 227.94979 7.57665 7.37942 886.74828
7058.61473 226.94561 7.54477 7.34691 886.14115
7058.52926 226.84233 7.54081 7.34357 886.01405
7057.82164 225.94142 7.50936 7.31440 885.70290
7057.52876 225.53578 7.50276 7.30127 885.25422
7057.11455 224.93724 7.48333 7.28189 885.17325
7056.52826 224.19559 7.45421 7.25788 885.04729
7056.31216 223.93305 7.45091 7.24938 884.72965
7055.53494 222.92887 7.40914 7.21688 884.52197
7055.52776 222.92029 7.40878 7.21660 884.51017
7054.72057 221.92469 7.38499 7.18437 883.69482
7054.52726 221.69636 7.37489 7.17698 883.31316
7053.91089 220.92050 7.34544 7.15186 882.97302
7053.52676 220.43697 7.33244 7.13621 882.67047
7053.11285 219.91632 7.31459 7.11935 882.46058
7052.52626 219.15834 7.28555 7.09481 882.44780
7052.31357 218.91213 7.27848 7.08684 881.87631
7051.52576 217.99796 7.25406 7.05725 880.84292
7051.44798 217.90795 7.24895 7.05433 880.93470
7050.58332 216.90377 7.21738 7.02183 880.63010
7050.52526 216.83030 7.21690 7.01945 880.56242
7049.89652 215.89958 7.18031 6.98932 880.53310
7049.52476 215.41484 7.16571 6.97362 880.61120
7049.09798 214.89540 7.15490 6.95681 880.22398
7048.52426 214.20488 7.12396 6.93445 879.39911
7048.26969 213.89121 7.11507 6.92430 879.21396
7047.52376 212.95001 7.08658 6.89383 878.81971
7047.47252 212.88703 7.08432 6.89179 878.77589
7046.70193 211.88285 7.04690 6.85928 879.05211
7046.52326 211.66129 7.04043 6.85211 878.93121
7045.89106 210.87866 7.01858 6.82677 878.52786
7045.52276 210.42695 6.99726 6.81215 878.18448
7045.06410 209.87448 6.98546 6.79427 877.61746
7044.52226 209.21346 6.96383 6.77287 876.99743
7044.24759 208.87029 6.94576 6.76176 876.90952
7043.52176 207.88947 6.92301 6.73001 877.27938
7043.50342 207.86611 6.92239 6.72925 877.22718
7042.74215 206.86192 6.88324 6.69674 876.55305
7042.52126 206.58844 6.87581 6.68789 876.75424
7041.85557 205.85774 6.85210 6.66423 876.72034
7041.52076 205.49722 6.83826 6.65256 875.88913
7040.99665 204.85356 6.81743 6.63172 875.31679
7040.52026 204.28138 6.80114 6.61320 874.80969
7040.16787 203.84937 6.78629 6.59922 874.61190
7039.51976 203.04090 6.75735 6.57304 874.40095
7039.35668 202.84519 6.75414 6.56671 874.21932
7038.55771 201.84100 6.71489 6.53420 874.13095
7038.51926 201.79570 6.71304 6.53273 874.07299
7037.71788 200.83682 6.69102 6.50169 873.15927
7037.51876 200.60707 6.68065 6.49425 872.78689
7036.88108 199.83264 6.65112 6.46918 872.31687
7036.51826 199.38339 6.63952 6.45464 872.35766
7036.07633 198.82845 6.61852 6.43667 871.88396
7035.51776 198.05315 6.59524 6.41157 871.60620
7035.33747 197.82427 6.58925 6.40417 871.67433
7034.51726 196.87661 6.55620 6.37349 870.27799
7034.46677 196.82008 6.55430 6.37166 870.12938
7033.58095 195.81590 6.52325 6.33915 869.91971
7033.51676 195.74786 6.52159 6.33695 869.88307
7032.76183 194.81172 6.48405 6.30664 870.34246
7032.51626 194.51835 6.47555 6.29714 870.03780
7031.91063 193.80753 6.46041 6.27413 869.29540
7031.51576 193.34936 6.43615 6.25930 868.79121
7031.06418 192.80335 6.42211 6.24162 868.47034
7030.51526 192.14540 6.40350 6.22032 868.09905
7030.22648 191.79916 6.38631 6.20911 867.84253
7029.51476 190.91848 6.36049 6.18060 867.92427
7029.40994 190.79498 6.35653 6.17661 867.83993
7028.65682 189.79079 6.32052 6.14410 867.36934
7028.51426 189.61755 6.31659 6.13849 867.12596
7027.81567 188.78661 6.29058 6.11159 866.68806
7027.51376 188.44513 6.27818 6.10053 866.10112
7026.97290 187.78243 6.25582 6.07908 866.00547
7026.51326 187.23508 6.23971 6.06136 865.69343
7026.13014 186.77824 6.22428 6.04657 865.45026
7025.51276 186.04467 6.19758 6.02282 864.96469
7025.26316 185.77406 6.19310 6.01406 864.16363
7024.51226 184.93119 6.16090 5.98678 864.09155
7024.36589 184.76987 6.15376 5.98156 864.29554
7023.51176 183.82526 6.13110 5.95098 863.16597
7023.46085 183.76569 6.12873 5.94905 863.08521
7022.62550 182.76151 6.09170 5.91654 862.78451
7022.51126 182.62080 6.08899 5.91198 862.87600
7021.81070 181.75732 6.05584 5.88403 862.48743
7021.51076 181.38252 6.04534 5.87190 861.71265
7021.00235 180.75314 6.03106 5.85152 861.45656
7020.51026 180.20427 6.00812 5.83375 860.77040
7020.12078 179.74895 5.99295 5.81901 860.40514
7019.50975 179.02333 5.97072 5.79552 860.20522
7019.27130 178.74477 5.96097 5.78650 860.03463
7018.50925 177.82052 5.92745 5.75658 860.12967
7018.43866 177.74059 5.92524 5.75400 860.03521
7017.55901 176.73640 5.89391 5.72149 859.04614
7017.50875 176.68045 5.89123 5.71968 858.96882
7016.70030 175.73222 5.86301 5.68898 858.29074
7016.50825 175.51254 5.85771 5.68187 858.13305
7015.77354 174.72803 5.82332 5.65647 858.37096
7015.50775 174.43867 5.81607 5.64710 858.35213
7014.89746 173.72385 5.79558 5.62396 857.91362
7014.50725 173.28352 5.77361 5.60971 857.52717
7014.01908 172.71967 5.76340 5.59145 856.97852
7013.50675 172.07398 5.74363 5.57055 856.03371
7013.22278 171.71548 5.72629 5.55895 856.10229
7012.50625 170.87877 5.70427 5.53186 856.07765
7012.35874 170.71130 5.69820 5.52644 855.91992
7011.50575 169.71131 5.66156 5.49406 855.69931
7011.50202 169.70711 5.66146 5.49393 855.69582
7010.59874 168.70293 5.62806 5.46142 854.49662
7010.50525 168.59768 5.62434 5.45801 854.40286
7009.71102 167.69874 5.59633 5.42891 853.65389
7009.50475 167.47310 5.58895 5.42161 853.33805
7008.84433 166.69456 5.56049 5.39640 853.42519
7008.50425 166.30749 5.54827 5.38387 853.24270
7007.95832 165.69038 5.53159 5.36389 852.81392
7007.50375 165.17452 5.51108 5.34719 852.28346
7007.01416 164.68619 5.49585 5.33139 851.43832
7006.50325 164.12470 5.48162 5.31321 851.87177
7006.14829 163.68201 5.46387 5.29888 851.70619
7005.50275 162.94030 5.44273 5.27487 850.72929
7005.26944 162.67782 5.43730 5.26637 850.66539
7004.50225 161.82412 5.40045 5.23873 849.95672
7004.36345 161.67364 5.39762 5.23386 849.72299
7003.50175 160.71066 5.36741 5.20269 849.09931
7003.46519 160.66946 5.36535 5.20135 849.07774
7002.58786 159.66527 5.33554 5.16884 848.87874
7002.50125 159.57088 5.33238 5.16579 848.77150
7001.68985 158.66109 5.29730 5.13634 848.32749
7001.50075 158.44971 5.29259 5.12949 848.20023
7000.76540 157.65690 5.26490 5.10383 847.20464
7000.50025 157.36882 5.25400 5.09450 846.84621
6999.84319 156.65272 5.23479 5.07132 846.18708
6999.49975 156.29892 5.22212 5.05986 845.36762
6998.90850 155.64854 5.19915 5.03881 844.78601
6998.49925 155.17393 5.18354 5.02345 845.67878
6997.98215 154.64435 5.16793 5.00630 844.83680
6997.49875 154.13370 5.15346 4.98977 843.28302
6997.07320 153.64017 5.13674 4.97379 843.45797
6996.49825 153.02515 5.11705 4.95388 842.75727
6996.15483 152.63598 5.10292 4.94128 842.81472
6995.49775 151.90585 5.07885 4.91765 842.61210
6995.23954 151.63180 5.07151 4.90878 842.22166
6994.49725 150.80237 5.03963 4.88193 842.13751
6994.33168 150.62762 5.03452 4.87627 841.91576
6993.49675 149.74339 5.00820 4.84764 840.79709
6993.38719 149.62343 5.00305 4.84376 840.75619
6992.49625 148.66162 4.97606 4.81262 840.00077
6992.45759 148.61925 4.97467 4.81125 839.98504
6991.55048 147.61506 4.93470 4.77874 839.84186
6991.49575 147.55468 4.93363 4.77679 839.82947
6990.61389 146.61088 4.90112 4.74623 839.23432
6990.49525 146.47734 4.89582 4.74191 838.99779
6989.75876 145.60669 4.87860 4.71373 837.74841
6989.49475 145.34361 4.86851 4.70521 837.33074
6988.73019 144.60251 4.83825 4.68122 837.75330
6988.49425 144.35691 4.83440 4.67327 837.65295
6987.78966 143.59833 4.80427 4.64871 837.05820
6987.49375 143.28637 4.79264 4.63861 836.79345
6986.82202 142.59414 4.77891 4.61620 835.83788
6986.49325 142.26568 4.76203 4.60557 835.11094
6985.86589 141.58996 4.74111 4.58369 834.92169
6985.49275 141.18797 4.73029 4.57068 834.81207
6984.92536 140.58577 4.70431 4.55118 834.45295
6984.49225 140.11674 4.69165 4.53600 834.39320
6983.97133 139.58159 4.67527 4.51867 833.68934
6983.49175 139.09879 4.65423 4.50305 832.89913
6983.00053 138.57741 4.64268 4.48617 832.64584
6982.49125 138.06080 4.62412 4.46944 831.88802
6982.01409 137.57322 4.60472 4.45366 831.45528
6981.49075 136.94134 4.59137 4.43320 831.29550
6981.14383 136.56904 4.57842 4.42115 830.18095
6980.49025 135.94181 4.55367 4.40084 830.46873
6980.10867 135.56485 4.54434 4.38864 830.81744
6979.48974 134.97726 4.52393 4.36962 828.76414
6979.09626 134.56067 4.50850 4.35613 828.65092
6978.48924 133.90859 4.49077 4.33502 828.95897
6978.13974 133.55649 4.47491 4.32362 828.48846
6977.48874 132.88355 4.45419 4.30184 828.05597
6977.16035 132.55230 4.44525 4.29112 827.67310
6976.48824 131.89719 4.42059 4.26991 826.26494
6976.15150 131.54812 4.41094 4.25861 826.07168
6975.48774 130.87899 4.38833 4.23695 825.40845
6975.15671 130.54393 4.37515 4.22610 825.09032
6974.48724 129.83368 4.35480 4.20311 825.28031
6974.19309 129.53975 4.34496 4.19359 825.03055
6973.48674 128.80128 4.31800 4.16968 824.73098
6973.23617 128.53556 4.31276 4.16108 823.80890
6972.48624 127.77582 4.28883 4.13649 821.63202
6972.24923 127.53138 4.27978 4.12857 821.58080
6971.48574 126.76434 4.25641 4.10374 822.39487
6971.22668 126.52720 4.24724 4.09606 822.52823
6970.48524 125.83933 4.22471 4.07380 821.23121
6970.17147 125.52301 4.21533 4.06356 820.86350
6969.48474 124.85841 4.19053 4.04204 819.81388
6969.14979 124.51883 4.18038 4.03105 819.73125
6968.48424 123.85123 4.16001 4.00944 819.32676
6968.13907 123.51464 4.14615 3.99854 818.85009
6967.48374 122.85642 4.12700 3.97723 818.60470
6967.13184 122.51046 4.11516 3.96603 818.31876
6966.48324 121.89284 4.09150 3.94604 817.04491
6966.09665 121.50628 4.08184 3.93352 816.94203
6965.48274 120.91144 4.06105 3.91427 816.18531
6965.05746 120.50209 4.04590 3.90101 815.54496
6964.48224 119.92881 4.03142 3.88246 815.74413
6964.05164 119.49791 4.01454 3.86851 814.74949
6963.48174 118.88239 3.99688 3.84858 813.48935
6963.06970 118.49372 3.98839 3.83600 813.61764
6962.48124 118.00726 3.96743 3.82025 812.98725
6961.94575 117.48954 3.95127 3.80349 812.47239
6961.48074 117.03003 3.93911 3.78861 812.27281
6960.91183 116.48536 3.91391 3.77098 811.73186
6960.48024 116.06698 3.90356 3.75744 811.38164
6959.86333 115.48117 3.88681 3.73847 810.67189
6959.47974 115.12315 3.87077 3.72688 810.01206
6958.81739 114.47699 3.85527 3.70596 809.84509
6958.47924 114.15704 3.84400 3.69561 809.44268
6957.74803 113.47280 3.81515 3.67346 808.35947
6957.47874 113.20764 3.81230 3.66487 808.45246
6956.68693 112.46862 3.78232 3.64095 807.32455
6956.47824 112.27230 3.77374 3.63459 807.07485
6955.59897 111.46444 3.75730 3.60844 805.86510
6955.47774 111.34404 3.75017 3.60454 805.92120
6954.64346 110.46025 3.72404 3.57593 804.88310
6954.47724 110.29508 3.72175 3.57058 804.62791
6953.48021 109.45607 3.68380 3.54342 803.57353
6953.47674 109.45301 3.68373 3.54332 803.57750
6952.47624 108.55392 3.66173 3.51422 801.89481
6952.36698 108.45188 3.65493 3.51091 801.79337
6951.47574 107.61995 3.63399 3.48398 801.16803
6951.29623 107.44770 3.62947 3.47840 801.20115
6950.47524 106.70157 3.59227 3.45425 799.89708
6950.19088 106.44351 3.59033 3.44590 799.49650
6949.47474 105.79331 3.56842 3.42485 798.41995
6949.08367 105.43933 3.54919 3.41339 797.82236
6948.47424 104.88742 3.54304 3.39552 796.99120
6947.98346 104.43515 3.52064 3.38088 796.56865
6947.47374 103.97334 3.50181 3.36593 795.86235
6946.87418 103.43096 3.49247 3.34837 795.15235
6946.47324 103.05791 3.47274 3.33629 795.03034
6945.73367 102.42678 3.45337 3.31586 792.72322
6945.47274 102.18288 3.44670 3.30797 793.57836
6944.63481 101.42259 3.41825 3.28335 792.92839
6944.47224 101.28677 3.41490 3.27896 791.69597
6943.51568 100.41841 3.38814 3.25085 790.39487
6943.47174 100.37638 3.38648 3.24948 790.48075
6942.47124 99.52138 3.35637 3.22181 787.54942
6942.35020 99.41423 3.35284 3.21834 787.35987
6941.47074 98.60794 3.32575 3.19223 787.25985
6941.25045 98.41004 3.31748 3.18583 787.08622
6940.47024 97.73870 3.29660 3.16409 785.28764
6940.09588 97.40586 3.28757 3.15332 784.86563
6939.46973 96.86629 3.25971 3.13585 783.49335
6938.94109 96.40167 3.25213 3.12081 782.76629
6938.46923 95.97833 3.23896 3.10711 782.53097
6937.80358 95.39749 3.20781 3.08830 781.53051
6937.46873 95.09959 3.20426 3.07866 781.38621
6936.65812 94.39331 3.17482 3.05579 779.74765
6936.46823 94.22949 3.16471 3.05049 779.67181
6935.46773 93.49900 3.15117 3.02684 776.29576
6935.34298 93.38912 3.14514 3.02329 775.67605
6934.46723 92.54355 3.10947 2.99591 773.53310
6934.29696 92.38494 3.10784 2.99078 773.79538
6933.46673 91.68876 3.07268 2.96824 772.09868
6933.11694 91.38075 3.05940 2.95827 771.75281
6932.46623 90.82586 3.04607 2.94031 770.43189
6931.94423 90.37657 3.02087 2.92576 769.69388
6931.46573 89.98022 3.00529 2.91293 768.14065
6930.73601 89.37238 2.98142 2.89325 765.99692
6930.46523 89.12810 2.96816 2.88534 766.22133
6929.57210 88.36820 2.93772 2.86074 764.45509
6929.46473 88.27500 2.93376 2.85773 764.34676
6928.46423 87.48680 2.89647 2.83221 758.75735
6928.31469 87.36402 2.89173 2.82824 757.97903
6927.46373 86.74458 2.86397 2.80818 753.43798
6927.00008 86.35983 2.84658 2.79573 754.63919
6926.46323 85.91245 2.82858 2.78124 752.75299
6925.75499 85.35565 2.80483 2.76322 748.23423
6925.46273 85.11214 2.79422 2.75534 747.35883
6924.57223 84.35146 2.75926 2.73071 745.77472
6924.46223 84.25464 2.75534 2.72758 745.22573
6923.46173 83.34961 2.71928 2.69828 739.63893
6923.45932 83.34728 2.71916 2.69820 739.64804
6922.46123 82.58153 2.67750 2.67341 731.68522
6922.16920 82.34310 2.66615 2.66569 730.02380
6921.46073 81.72444 2.63226 2.64567 728.43275
6921.00857 81.33891 2.61781 2.63318 726.69279
6920.46023 80.91629 2.60352 2.61950 721.25373
6919.84595 80.33473 2.57409 2.60068 722.68699
6919.45973 80.02838 2.55144 2.59076 718.76060
6918.55552 79.33054 2.47936 2.56817 708.06666
6918.45923 79.24658 2.47354 2.56545 708.35584
6917.45873 78.46349 2.44453 2.54010 698.94934
6917.31332 78.32636 2.43745 2.53566 697.67904
6916.45823 77.40079 2.40529 2.50570 694.42731
6916.38766 77.32218 2.40294 2.50315 693.84041
6915.59163 76.31799 2.36312 2.47064 690.34194
6915.45773 76.13426 2.35708 2.46469 689.75483
6914.97704 75.31381 2.33452 2.43813 690.34036
6914.45723 74.54733 2.31368 2.41332 682.06464
6914.29087 74.30962 2.30257 2.40563 679.56312
6913.75365 73.30544 2.26975 2.37312 679.31821
6913.45673 72.83873 2.25919 2.35801 674.09194
6913.10842 72.30126 2.24153 2.34061 667.03052
6912.52051 71.29707 2.20986 2.30810 658.32656
6912.45623 71.20205 2.20768 2.30502 656.80099
6911.85045 70.29289 2.18919 2.27559 643.42947
6911.45573 69.78423 2.17472 2.25912 632.72359
6911.08250 69.28870 2.16275 2.24308 623.71772
6910.45523 68.45505 2.14698 2.21610 609.31882
6910.27094 68.28452 2.14383 2.21057 603.75395
6909.45473 67.51705 2.12565 2.18573 585.59306
6909.19256 67.28033 2.12110 2.17807 579.10345
6908.45423 66.61722 2.10802 2.15660 559.67235
6908.03795 66.27615 2.10060 2.14556 548.18423
6907.45373 65.79367 2.09148 2.12994 532.91343
6906.73467 65.27197 2.07920 2.11305 515.51188
6906.45323 65.04878 2.07317 2.10582 509.74958
6905.45273 64.33788 2.05626 2.08281 488.20054
6905.35773 64.26778 2.05455 2.08054 486.32155
6904.45223 63.60135 2.03840 2.05897 469.24155
6904.01039 63.26360 2.02977 2.04803 461.63096
6903.45173 62.84906 2.02010 2.03461 452.12029
6902.66957 62.25941 2.00606 2.01552 439.61748
6902.45123 62.07363 2.00092 2.00951 436.65405
6901.45602 61.25523 1.98110 1.98302 422.89142
6901.45073 61.25040 1.98098 1.98286 422.82666
6900.45023 60.38479 1.95828 1.95484 412.49745
6900.29980 60.25105 1.95484 1.95051 411.28775
6899.44972 59.46638 1.93501 1.92510 402.12891
6899.22331 59.24686 1.92918 1.91800 399.75969
6898.44922 58.46622 1.90815 1.89273 392.54119
6898.23178 58.24268 1.90205 1.88549 390.49713
6897.47560 57.23849 1.87667 1.85298 384.92801
6897.44872 57.20896 1.87601 1.85203 384.67214
6896.59503 56.23431 1.84580 1.82047 377.94026
6896.44822 56.05862 1.84035 1.81479 376.83396
6895.72848 55.23013 1.81757 1.78796 371.00011
6895.44772 54.87797 1.80441 1.77656 369.02873
6894.90083 54.22594 1.78386 1.75546 364.75893
6894.44722 53.66351 1.76748 1.73725 361.39923
6894.07478 53.22176 1.75050 1.72295 358.41404
6893.44672 52.44454 1.72643 1.69779 353.71479
6893.23988 52.21757 1.71948 1.69044 351.84238
6892.44622 51.40087 1.69071 1.66400 344.40377
6892.22836 51.21339 1.68516 1.65793 342.60019
6891.44572 50.62500 1.66713 1.63888 334.93130
6890.93918 50.20921 1.65299 1.62542 329.34442
6890.44522 49.82573 1.64179 1.61301 323.98454
6889.64346 49.20502 1.62041 1.59291 315.65485
6889.44472 49.05112 1.61541 1.58793 313.57478
6888.44422 48.24119 1.59324 1.56171 303.06134
6888.40019 48.20084 1.59208 1.56041 302.63299
6887.44372 47.32865 1.56282 1.53217 294.14375
6887.29470 47.19665 1.55846 1.52790 292.82915
6886.44322 46.41157 1.53267 1.50248 285.57158
6886.20337 46.19247 1.52540 1.49539 283.54996
6885.44272 45.53005 1.50326 1.47394 277.02319
6885.06388 45.18828 1.49220 1.46288 273.88267
6884.44222 44.62011 1.47245 1.44449 268.85140
6883.95326 44.18410 1.45746 1.43037 264.84798
6883.44172 43.71744 1.44227 1.41526 260.69971
6882.68873 43.17992 1.42360 1.39786 255.23103
6882.44122 43.02119 1.41818 1.39272 253.29056
6881.44072 42.41365 1.39858 1.37306 244.48192
6881.03282 42.17573 1.39086 1.36535 241.01793
6880.44022 41.93184 1.38352 1.35746 235.69469
6879.43972 41.49926 1.36959 1.34346 227.11098
6878.86302 41.17155 1.35886 1.33285 222.61207
6878.43922 40.88492 1.34910 1.32357 219.53461
6877.43872 40.20365 1.32685 1.30151 212.34298
6877.38933 40.16736 1.32584 1.30034 211.99013
6876.43822 39.39797 1.30351 1.27543 205.50347
6876.17156 39.16318 1.29507 1.26783 203.84335
6875.43772 38.58094 1.27472 1.24898 199.14110
6874.91746 38.15900 1.26104 1.23532 195.81913
6874.43722 37.71809 1.24549 1.22105 193.25748
6873.77967 37.15481 1.22554 1.20281 189.67768
6873.43672 36.89000 1.21670 1.19424 187.52473
6872.43622 36.20998 1.19426 1.17223 181.26586
6872.34410 36.15063 1.19233 1.17030 180.69966
6871.43572 35.64121 1.17550 1.15381 175.13326
6870.62851 35.14644 1.15869 1.13780 170.37502
6870.43522 35.03073 1.15478 1.13405 169.25688
6869.43472 34.43528 1.13397 1.11477 163.60088
6868.98678 34.14226 1.12365 1.10529 161.13164
6868.43422 33.82097 1.11303 1.09489 158.14345
6867.43372 33.29068 1.09546 1.07772 152.88540
6867.17274 33.13808 1.09016 1.07278 151.54960
6866.43322 32.71847 1.07571 1.05920 147.84044
6865.43272 32.13656 1.05633 1.04036 143.05708
6865.42807 32.13389 1.05623 1.04027 143.03752
6864.43222 31.63719 1.03850 1.02419 138.78541
6863.58807 31.12971 1.02159 1.00776 134.90329
6863.43172 31.03030 1.01861 1.00454 134.20842
6862.43122 30.44288 1.00148 0.98553 129.88307
6861.94520 30.12552 0.99050 0.97525 127.78276
6861.43072 29.81946 0.97992 0.96535 125.62588
6860.43022 29.25275 0.96136 0.94700 121.56910
6860.20331 29.12134 0.95699 0.94275 120.66454
6859.42971 28.73822 0.94366 0.93034 117.74810
6858.42921 28.22867 0.92644 0.91385 114.07788
6858.23630 28.11715 0.92280 0.91024 113.37162
6857.42871 27.71294 0.90909 0.89715 110.53290
6856.42821 27.19888 0.89116 0.88051 107.37111
6856.29244 27.11297 0.88817 0.87773 106.91954
6855.42771 26.51027 0.86771 0.85822 103.75596
6854.85419 26.10879 0.85342 0.84522 101.69574
6854.42721 25.81681 0.84290 0.83577 100.18748
6853.42671 25.17434 0.82148 0.81497 96.81659
6853.29737 25.10460 0.81928 0.81271 96.42098
6852.42621 24.75486 0.80754 0.80139 94.09207
6851.42571 24.42516 0.79562 0.79072 91.72887
6850.52624 24.10042 0.78422 0.78020 89.65303
6850.42521 24.06616 0.78316 0.77909 89.43202
6849.42471 23.70973 0.77188 0.76756 87.26060
6848.42421 23.30861 0.75816 0.75457 85.06767
6847.97651 23.09623 0.75048 0.74769 84.02517
6847.42371 22.76895 0.73943 0.73710 82.63582
6846.45655 22.09205 0.71905 0.71519 80.09480
6846.42321 22.07136 0.71838 0.71452 80.01255
6845.42271 21.44546 0.69653 0.69425 77.46379
6844.85225 21.08787 0.68436 0.68268 75.97734
6844.42221 20.89882 0.67866 0.67656 75.13569
6843.42171 20.57054 0.66826 0.66593 73.58284
6842.42121 20.25825 0.65725 0.65582 72.17755
6841.99809 20.08368 0.65128 0.65017 71.46523
6841.42071 19.81100 0.64236 0.64134 70.39515
6840.42021 19.30096 0.62472 0.62483 68.45958
6840.05905 19.07950 0.61676 0.61766 67.64371
6839.41971 18.72466 0.60364 0.60617 66.34581
6838.41921 18.18449 0.58584 0.58869 64.39972
6838.23062 18.07531 0.58243 0.58515 64.00749
6837.41871 17.72051 0.57061 0.57367 62.74728
6836.41821 17.37062 0.55794 0.56234 61.53815
6835.67996 17.07113 0.54803 0.55264 60.52684
6835.41771 16.96852 0.54472 0.54932 60.18727
6834.41721 16.57026 0.53150 0.53643 58.88229
6833.41671 16.09506 0.51440 0.52105 57.32543
6833.36486 16.06695 0.51340 0.52014 57.23277
6832.41621 15.61872 0.49789 0.50562 55.78206
6831.41571 15.18671 0.48391 0.49164 54.41890
6831.12754 15.06276 0.47989 0.48763 54.03549
6830.41521 14.82082 0.47163 0.47979 53.33142
6829.41471 14.56042 0.46207 0.47136 52.62339
6828.41421 14.20558 0.45028 0.45988 51.59903
6828.07283 14.05858 0.44543 0.45512 51.13618
6827.41371 13.81675 0.43722 0.44729 50.42358
6826.41321 13.46344 0.42505 0.43585 49.44998
6825.46910 13.05439 0.41283 0.42261 48.37612
6825.41271 13.02965 0.41214 0.42181 48.31506
6824.41221 12.61859 0.40040 0.40850 47.25943
6823.41171 12.14505 0.38438 0.39317 45.76357
6823.22422 12.05021 0.38097 0.39010 45.44733
6822.41121 11.74226 0.36985 0.38013 44.51259
6821.41071 11.34148 0.35673 0.36716 43.27999
6820.76861 11.04603 0.34729 0.35759 42.30351
6820.41021 10.92383 0.34320 0.35364 41.94287
6819.40970 10.62916 0.33293 0.34410 41.11267
6818.40920 10.34489 0.32292 0.33490 40.31156
6817.58684 10.04184 0.31308 0.32508 39.35170
6817.40870 9.98536 0.31133 0.32326 39.18018
6816.40820 9.69967 0.30281 0.31401 38.33324
6815.40770 9.42316 0.29421 0.30506 37.50119
6814.40720 9.17204 0.28647 0.29693 36.75020
6813.77157 9.03766 0.28229 0.29258 36.36850
6813.40670 8.97806 0.28032 0.29065 36.21582
6812.40620 8.84111 0.27544 0.28621 35.90121
6811.40570 8.74383 0.27134 0.28306 35.71424
6810.40520 8.64094 0.26674 0.27973 35.50660
6809.40470 8.55393 0.26251 0.27692 35.34560
6808.40420 8.48708 0.25898 0.27475 35.23875
6807.40370 8.40063 0.25696 0.27195 35.02801
6806.40320 8.25206 0.25395 0.26714 34.51908
6805.51450 8.03347 0.24816 0.26007 33.65817
6805.40270 7.99927 0.24700 0.25896 33.51836
6804.40220 7.58895 0.23337 0.24568 31.80575
6803.40170 7.18272 0.22124 0.23253 30.08328
6803.11940 7.02929 0.21709 0.22756 29.42396
6802.40120 6.59958 0.20317 0.21365 27.57924
6801.52448 6.02510 0.18515 0.19505 25.11607
6801.40070 5.92724 0.18231 0.19188 24.69430
6800.40020 5.08271 0.15347 0.16454 21.04755
6800.33398 5.02092 0.15156 0.16254 20.79628
0.00000 0.00000 0.00000 0.00000 0.00000
