7055.78792 242.30607 8.03419 7.84417 782.55897
7055.61921 242.10535 8.02739 7.83768 782.28249
7054.82671 241.11000 7.99443 7.80545 781.40528
7054.62510 240.85937 7.98619 7.79734 781.14547
7054.03219 240.11696 7.96167 7.77331 780.46453
7053.61693 239.60309 7.94467 7.75667 779.90192
7053.19717 239.06787 7.92700 7.73934 779.55432
7052.60558 238.31304 7.90208 7.71491 779.07593
7052.35302 237.99820 7.89165 7.70472 778.68974
7051.58540 236.96786 7.85794 7.67136 779.15340
7051.55746 236.93318 7.85681 7.67024 779.18917
7050.89144 236.06115 7.82822 7.64201 780.31720
7050.64185 235.76850 7.81854 7.63253 779.81720
7050.08948 235.07138 7.79555 7.60997 779.09369
7049.61104 234.46780 7.77540 7.59043 778.73140
7049.26912 234.03794 7.76276 7.57651 777.73581
7048.59005 233.15942 7.73574 7.54807 776.54236
7048.59164 233.16869 7.73604 7.54837 776.44951
7047.75331 232.16461 7.70258 7.51586 775.06111
7047.69171 232.09431 7.70025 7.51359 774.90518
7046.91787 231.16655 7.66946 7.48355 773.56778
7046.62056 230.81740 7.65788 7.47225 772.96136
7045.98579 230.00238 7.63109 7.44587 772.55293
7045.60368 229.50174 7.61460 7.42966 772.44207
7045.16878 228.96889 7.59694 7.41241 771.85032
7044.48182 228.02682 7.56612 7.38191 772.21760
7044.50714 228.05372 7.56703 7.38278 772.30560
7043.72002 227.07851 7.53475 7.35121 771.39342
7043.56333 226.88546 7.52840 7.34496 771.19945
7042.86836 225.97568 7.49820 7.31551 770.93428
7042.61878 225.65490 7.48865 7.30513 770.48282
7042.15251 225.08200 7.47221 7.28658 769.94951
7041.64908 224.46444 7.45197 7.26659 770.17404
7041.32270 224.06516 7.43861 7.25366 769.77902
7040.63669 223.21305 7.41058 7.22608 768.84649
7040.47448 223.01726 7.40413 7.21974 768.62421
7039.68399 222.00857 7.37087 7.18708 768.15891
7039.63202 221.94861 7.36888 7.18514 768.04194
7038.91476 221.05669 7.33949 7.15627 767.30222
7038.77939 220.88922 7.33395 7.15085 767.15658
7038.15119 220.20234 7.31100 7.12861 765.25704
7037.57482 219.50387 7.28805 7.10600 764.44132
7037.16850 218.95374 7.26990 7.08819 764.64274
7036.61766 218.26192 7.24706 7.06579 764.21351
7036.42959 218.03245 7.23954 7.05836 763.95564
7035.62048 217.02433 7.20593 7.02573 763.33844
7035.61459 217.01709 7.20569 7.02549 763.33288
7034.82356 216.02936 7.17620 6.99352 761.30482
7034.67192 215.84974 7.17066 6.98770 760.78921
7034.04442 215.09131 7.14556 6.96315 760.11202
7033.67194 214.65456 7.13121 6.94901 760.31034
7033.16572 214.03267 7.11100 6.92888 760.65695
7032.64173 213.38772 7.08960 6.90800 760.00745
7032.30880 212.98003 7.07614 6.89480 759.57350
7031.59493 212.06758 7.04619 6.86526 759.34904
7031.54064 212.00769 7.04418 6.86332 759.19661
7030.72709 210.99100 7.01071 6.83041 758.57412
7030.65913 210.90585 7.00793 6.82766 758.53106
7029.98731 210.09368 6.98092 6.80136 757.67401
7029.67685 209.74670 6.96946 6.79013 756.88456
7029.07678 209.00119 6.94499 6.76600 756.37522
7028.67594 208.50864 6.92840 6.75005 756.11122
7028.32249 208.09693 6.91534 6.73672 755.19531
7027.69277 207.35547 6.89370 6.71272 752.79604
7027.45706 207.07037 6.88441 6.70349 752.44393
7026.69950 206.17613 6.85454 6.67454 751.31813
7026.50195 205.93748 6.84675 6.66681 751.05093
7025.71729 204.93331 6.81374 6.63431 750.94567
7025.65657 204.86129 6.81133 6.63197 750.84409
7024.97600 204.03593 6.78416 6.60526 749.96306
7024.70838 203.72196 6.77386 6.59509 750.02980
7024.15223 203.06961 6.75242 6.57397 750.45930
7023.67654 202.50695 6.73397 6.55576 749.96605
7023.16906 201.88745 6.71344 6.53570 749.32005
7022.50945 201.00272 6.68441 6.50706 749.90465
7022.50401 200.99147 6.68405 6.50670 749.96734
7021.68972 200.00878 6.65165 6.47488 749.01511
7021.76059 200.09005 6.65435 6.47752 749.15516
7020.91684 199.13473 6.62255 6.44659 747.45209
7020.77050 198.97445 6.61747 6.44140 746.93506
7020.02869 198.13270 6.59276 6.41415 743.81124
7019.70593 197.77466 6.58084 6.40256 743.01714
7019.06625 197.00425 6.55533 6.37762 742.43368
7018.67919 196.54033 6.54003 6.36260 741.94718
7018.23039 196.00700 6.52241 6.34533 741.38138
7017.68924 195.35402 6.50097 6.32420 740.85836
7017.45857 195.09110 6.49217 6.31568 740.43545
7016.73743 194.26706 6.46489 6.28901 738.90780
7016.37170 193.82545 6.45037 6.27471 738.69494
7015.60714 192.80089 6.41705 6.24154 741.38592
7015.63011 192.83640 6.41819 6.24269 741.25021
7014.91616 191.95620 6.38927 6.21420 740.93802
7014.68378 191.68124 6.38015 6.20530 740.57850
7014.13930 191.03353 6.35865 6.18433 740.10309
7013.72098 190.55648 6.34298 6.16889 739.31577
7013.26603 190.02000 6.32717 6.15152 737.74905
7012.76688 189.43472 6.30930 6.13257 736.32501
7012.51479 189.17230 6.30048 6.12407 735.54228
7011.79832 188.39057 6.27433 6.09877 733.80434
7011.48564 188.03203 6.26248 6.08716 733.23791
7010.71627 187.13591 6.23293 6.05815 732.17378
7010.64141 187.05018 6.23010 6.05538 732.05017
7009.76797 186.04762 6.19688 6.02292 730.61608
7009.62942 185.88529 6.19154 6.01766 730.45032
7008.81790 184.88505 6.15862 5.98528 730.20033
7008.56785 184.56093 6.14799 5.97479 730.39448
7008.07982 183.93901 6.12768 5.95466 730.63431
7007.76401 183.58685 6.11592 5.94326 729.86674
7007.30103 183.06483 6.09864 5.92636 728.93632
7006.74287 182.43424 6.07782 5.90594 729.36108
7006.34798 181.97506 6.06306 5.89108 729.54649
7005.68805 181.18908 6.04006 5.86563 727.36668
7005.50514 180.97910 6.03344 5.85884 726.92443
7004.68900 180.01390 6.00127 5.82759 726.42658
7004.70269 180.03071 6.00182 5.82813 726.43041
7003.82469 179.02810 5.96878 5.79568 725.06655
7003.94552 179.15362 5.97296 5.79974 725.44221
7003.05307 178.25887 5.94307 5.77077 722.11115
7002.71042 177.89574 5.93098 5.75902 721.16970
7001.92630 176.96829 5.90049 5.72899 720.54037
7001.73524 176.75181 5.89327 5.72199 720.23961
7001.03249 175.94330 5.86658 5.69581 719.34918
7000.62990 175.44141 5.85014 5.67956 719.45246
7000.26901 175.00524 5.83570 5.66544 719.35155
6999.79014 174.48345 5.81847 5.64855 718.34181
6999.37631 174.01669 5.80317 5.63344 717.62189
6998.74323 173.29575 5.77892 5.61010 716.79538
6998.50344 173.02203 5.76997 5.60124 717.04085
6997.78183 172.21002 5.74601 5.57496 716.17592
6997.65461 172.07741 5.74204 5.57066 715.60221
6996.79401 171.13015 5.71084 5.54000 713.63237
6996.65274 170.96917 5.70550 5.53478 713.47359
6995.79011 169.97118 5.67252 5.50248 712.62819
6995.75673 169.93601 5.67137 5.50134 712.53905
6994.93641 169.00768 5.64071 5.47129 711.44147
6994.95451 169.01891 5.64111 5.47165 711.62234
6994.13215 168.21086 5.61417 5.44549 708.47859
6993.63416 167.65849 5.59578 5.42761 707.63932
6993.03302 166.90675 5.57117 5.40327 708.09974
6992.75457 166.61476 5.56151 5.39382 707.35538
6992.18497 165.95050 5.53960 5.37232 707.01682
6991.78138 165.48971 5.52444 5.35740 706.58031
6991.34948 165.02361 5.50894 5.34231 705.67914
6990.77651 164.37628 5.48748 5.32135 705.10669
6990.50335 164.07973 5.47857 5.31175 704.04066
6989.83321 163.36617 5.45723 5.28865 700.89529
6989.51081 163.01023 5.44549 5.27713 700.52851
6988.77839 162.19515 5.41850 5.25074 701.60385
6988.61568 162.01477 5.41258 5.24490 701.58121
6987.79629 161.10916 5.38271 5.21559 700.23289
6987.71000 161.01869 5.37968 5.21266 700.01648
6986.79520 160.00700 5.34628 5.17991 698.74170
6986.84178 160.05798 5.34795 5.18156 698.81953
6985.90812 159.05852 5.31458 5.14920 696.90518
6985.85704 159.00187 5.31272 5.14737 696.83861
6984.98668 158.08146 5.28225 5.11757 694.91149
6984.72123 157.79542 5.27267 5.10831 694.42021
6983.97544 156.92532 5.24417 5.08014 694.27283
6983.83338 156.77270 5.23912 5.07520 694.00353
6983.17962 156.07371 5.21585 5.05257 692.68098
6982.84433 155.72830 5.20435 5.04139 691.86125
6982.17726 155.00326 5.18050 5.01792 690.64982
6981.81297 154.59934 5.16879 5.00484 689.18065
6981.29833 154.04756 5.15194 4.98698 687.21447
6980.85743 153.58051 5.13607 4.97186 686.96568
6980.38173 153.07711 5.11956 4.95557 687.50980
6979.86700 152.54375 5.10205 4.93830 686.79334
6979.39958 152.04334 5.08528 4.92210 685.79152
6978.84109 151.45218 5.06568 4.90296 684.73645
6978.41337 150.98937 5.05044 4.88798 684.10799
6977.85943 150.37817 5.03011 4.86819 683.54508
6977.53118 150.05837 5.01946 4.85784 682.38678
6976.79801 149.26166 4.99314 4.83205 681.41824
6976.69521 149.13732 4.98902 4.82802 681.51699
6975.97427 148.44230 4.96578 4.80552 678.91038
6975.52607 147.97216 4.95012 4.79030 678.00021
6974.78903 147.15282 4.92294 4.76378 677.54312
6974.66715 147.02592 4.91865 4.75967 677.33977
6973.85319 146.16005 4.89179 4.73164 674.75817
6973.82548 146.13139 4.89096 4.73071 674.60901
6972.95088 145.26162 4.86328 4.70255 671.20369
6972.73755 145.04042 4.85577 4.69539 670.87521
6971.86876 144.12873 4.82545 4.66588 669.09598
6971.74098 143.99460 4.82102 4.66154 669.06711
6970.82710 143.01144 4.78880 4.62971 670.33718
6970.91547 143.10379 4.79186 4.63270 670.40488
6969.93755 142.11883 4.75893 4.60081 667.69462
6969.90235 142.08273 4.75774 4.59964 667.62162
6968.92162 141.08554 4.72448 4.56736 665.38122
6968.71354 140.86152 4.71705 4.56011 665.15174
6967.86356 139.88677 4.68490 4.52855 665.48050
6968.04151 140.07662 4.69125 4.53470 665.70246
6967.11245 139.19811 4.66173 4.50626 662.27271
6966.95541 139.04740 4.65672 4.50138 661.74135
6966.00096 138.09264 4.62467 4.47047 659.29781
6965.91988 138.00961 4.62182 4.46779 659.20071
6964.99241 137.06733 4.59176 4.43728 656.27868
6964.90200 136.97733 4.58904 4.43437 655.83098
6963.99213 136.04022 4.55958 4.40403 653.00180
6963.96266 136.01142 4.55860 4.40310 652.91482
6963.04116 135.09805 4.52792 4.37353 651.25752
6962.99735 135.05362 4.52647 4.37209 651.32814
6962.04668 134.13127 4.49582 4.34223 650.16197
6961.85517 133.93878 4.48938 4.33600 649.57010
6960.94320 132.97411 4.45747 4.30477 648.57358
6960.85675 132.88234 4.45437 4.30180 648.49743
6960.00054 131.98157 4.42440 4.27264 647.50141
6960.15224 132.11747 4.42894 4.27704 648.18855
6959.21520 131.30244 4.40127 4.25065 643.40396
6958.85919 130.96305 4.38986 4.23967 642.25939
6957.91815 129.97137 4.35705 4.20756 641.25896
6957.96228 130.01583 4.35854 4.20900 641.35080
6957.01746 129.08254 4.32713 4.17879 639.28689
6957.03353 129.09851 4.32765 4.17931 639.32860
6956.03350 128.14737 4.29870 4.14851 633.73992
6955.98339 128.09899 4.29719 4.14695 633.51133
6954.98730 127.12793 4.26463 4.11551 630.99447
6954.89864 127.03970 4.26165 4.11266 630.78946
6953.93446 126.06967 4.22940 4.08125 629.29436
6953.95886 126.09432 4.23022 4.08205 629.25859
6952.99296 125.15465 4.19889 4.05163 629.16399
6953.02139 125.18060 4.19976 4.05247 629.27620
6952.07230 124.30721 4.17030 4.02420 625.41859
6951.76620 124.00617 4.16017 4.01445 624.76138
6950.93643 123.15806 4.13192 3.98700 623.61640
6950.89178 123.12651 4.13081 3.98597 623.22703
6949.99998 122.27268 4.10207 3.95833 620.69912
6949.93564 122.19809 4.09962 3.95592 620.82664
6949.11579 121.47466 4.07494 3.93250 617.08446
6948.68367 121.05648 4.06088 3.91896 615.96792
6947.98898 120.37316 4.03802 3.89684 614.51668
6947.67753 120.07760 4.02781 3.88727 613.73658
6947.00736 119.42279 4.00709 3.86607 611.19476
6946.72460 119.15848 3.99919 3.85752 609.47380
6946.08557 118.57520 3.98051 3.83864 605.88791
6945.64599 118.16401 3.96635 3.82532 604.75237
6945.09989 117.67237 3.94984 3.80941 604.33332
6944.47956 117.09599 3.93046 3.79075 603.32134
6944.01009 116.63719 3.91497 3.77590 602.06438
6943.43941 116.09684 3.89665 3.75840 600.46045
6943.09842 115.77177 3.88564 3.74788 599.57922
6942.40873 115.15509 3.86457 3.72792 596.66724
6942.02842 114.79251 3.85229 3.71618 595.64285
6941.30363 114.10608 3.82902 3.69396 593.57871
6941.06858 113.89172 3.82170 3.68702 592.68962
6940.22752 113.10611 3.79491 3.66158 590.11437
6940.10327 112.98744 3.79087 3.65774 589.79414
6939.18945 112.16034 3.76261 3.63097 586.13508
6939.06862 112.05122 3.75888 3.62743 585.68739
6938.06286 111.11460 3.72703 3.59711 582.32081
6938.11937 111.16600 3.72863 3.59878 582.68788
6937.12908 110.27617 3.70122 3.56997 575.95103
6937.02923 110.18666 3.69819 3.56707 575.41068
6936.14218 109.40229 3.67088 3.54168 572.67954
6935.84898 109.13392 3.66193 3.53299 572.75028
6935.11448 108.46554 3.63897 3.51135 570.89348
6934.77704 108.16388 3.62850 3.50159 569.27384
6934.11740 107.57481 3.60823 3.48252 566.58913
6933.62981 107.12777 3.59257 3.46805 564.87045
6933.28428 106.80827 3.58154 3.45770 563.67945
6932.65233 106.32739 3.56464 3.44214 558.72317
6932.01653 105.76862 3.54495 3.42405 555.77374
6931.27383 105.03786 3.51983 3.40039 554.46116
6931.11351 104.90331 3.51507 3.39603 553.54199
6930.23649 104.10210 3.48686 3.37010 550.32636
6930.26743 104.11907 3.48750 3.37065 550.75361
6929.29475 103.32539 3.45918 3.34495 544.43267
6929.08632 103.14459 3.45275 3.33910 543.38029
6928.14985 102.30931 3.42289 3.31206 539.37427
6927.99498 102.17745 3.41814 3.30779 538.52381
6927.15745 101.44346 3.39477 3.28403 535.02873
6926.86650 101.18179 3.38641 3.27556 533.43658
6926.22738 100.63599 3.36676 3.25789 529.40780
6925.70700 100.19698 3.35060 3.24368 526.57495
6925.18262 99.73985 3.33424 3.22888 523.79317
6924.54676 99.18775 3.31420 3.21100 520.39898
6924.26339 98.94825 3.30541 3.20325 518.69859
6923.40055 98.23369 3.27917 3.18012 513.00353
6923.28210 98.13004 3.27537 3.17676 512.37833
6922.28469 97.31357 3.24522 3.15033 505.35772
6921.98664 97.05184 3.23555 3.14186 503.77807
6921.05451 96.18268 3.20374 3.11372 500.35355
6921.05320 96.17702 3.20355 3.11354 500.48091
6920.23407 95.48265 3.17757 3.09106 495.14636
6919.92186 95.22085 3.16780 3.08258 493.09987
6919.24172 94.65523 3.14664 3.06427 488.00975
6918.73185 94.21933 3.13006 3.05016 484.83914
6918.27340 93.84921 3.11605 3.03818 483.26424
6917.46295 93.16853 3.09229 3.01614 477.67546
6917.30683 93.01939 3.08735 3.01132 476.29049
6916.38520 92.29419 3.06162 2.98784 466.70149
6916.31665 92.23870 3.05950 2.98604 466.16401
6915.33363 91.44461 3.02933 2.96034 457.93371
6915.20146 91.34362 3.02558 2.95707 456.60561
6914.34857 90.69592 3.00140 2.93610 447.98954
6913.75916 90.19731 2.98313 2.91996 443.40568
6913.29882 89.82061 2.96922 2.90776 439.41251
6912.53884 89.20263 2.94718 2.88776 432.40790
6912.30940 88.99898 2.93988 2.88116 430.77266
6911.38456 88.26718 2.91403 2.85747 421.55479
6911.16561 88.08389 2.90793 2.85154 419.63586
6910.14432 87.18988 2.87784 2.82260 411.49880
6910.20233 87.22637 2.87900 2.82378 412.22022
6909.33766 86.53908 2.85703 2.80153 406.45270
6908.83991 86.13527 2.84523 2.78846 401.33087
6908.20147 85.56707 2.82955 2.77006 395.71581
6907.82208 85.25780 2.82128 2.76005 391.72499
6907.33399 84.88441 2.81110 2.74796 386.03775
6906.55883 84.24842 2.79470 2.72737 377.53014
6906.42485 84.16020 2.79366 2.72452 375.28625
6905.35762 83.33383 2.77531 2.69777 360.45146
6905.06562 83.07923 2.76408 2.68952 357.83591
6904.15462 82.28220 2.73032 2.66372 349.08718
6903.67789 81.84452 2.72332 2.64955 344.95411
6902.82782 80.95804 2.74401 2.62085 339.42679
6902.34929 80.41626 2.69989 2.60332 337.19518
6901.52912 79.34268 2.49294 2.56856 335.50872
6901.23753 78.92651 2.47086 2.55509 335.53122
6900.71777 78.09956 2.45888 2.52832 338.17091
6900.35036 77.60518 2.44314 2.51231 339.04560
6899.78972 76.72090 2.41872 2.48369 341.17242
6899.27334 75.70636 2.38919 2.45084 346.11750
6899.26554 75.73196 2.38992 2.45167 345.41266
6898.75826 74.94316 2.37009 2.42614 344.79678
6898.19718 74.01753 2.34292 2.39617 347.67380
6898.25777 74.12226 2.34600 2.39956 347.24042
6897.60209 73.15802 2.31835 2.36834 348.61709
6897.49404 73.02050 2.31442 2.36389 348.43724
6897.05627 72.45747 2.29854 2.34567 347.92833
6896.78813 72.14671 2.28996 2.33561 347.05062
6896.45348 71.81860 2.28104 2.32498 344.70725
6896.06654 71.42270 2.27029 2.31217 342.58260
6895.64170 71.07485 2.26128 2.30091 338.58601
6895.25126 70.72617 2.25211 2.28962 335.68941
6894.55832 70.17327 2.23796 2.27172 329.62213
6894.50892 70.12285 2.23661 2.27009 329.41560
6893.54939 69.44687 2.21980 2.24820 320.14776
6893.34471 69.29379 2.21596 2.24325 318.42869
6892.50127 68.67354 2.20058 2.22317 311.43257
6891.98611 68.30294 2.19120 2.21117 308.56340
6891.43088 67.88956 2.18078 2.19779 305.18577
6890.58084 67.24073 2.16462 2.17678 299.09180
6890.50204 67.18047 2.16304 2.17483 298.62597
6889.50883 66.46093 2.14573 2.15154 291.22469
6889.24093 66.26435 2.14171 2.14518 288.97393
6888.34143 65.58654 2.12689 2.12323 282.29962
6887.59607 64.94858 2.10993 2.10258 278.74708
6887.01921 64.39569 2.09518 2.08468 276.64869
6886.50305 63.92088 2.08251 2.06931 274.46567
6886.00346 63.45546 2.06991 2.05424 272.45598
6885.32438 62.80171 2.05194 2.03308 269.88929
6884.85348 62.31795 2.03843 2.01742 268.41471
6884.10120 61.53136 2.01603 1.99195 266.07322
6883.52430 60.79725 1.99456 1.96819 265.52193
6883.27467 60.49119 1.98551 1.95828 265.32794
6882.70305 59.84299 1.96609 1.93730 264.94612
6882.37348 59.47496 1.95500 1.92538 264.42474
6881.61277 58.56339 1.92702 1.89587 262.68025
6881.48653 58.41813 1.92254 1.89117 262.34411
6880.64757 57.39732 1.89391 1.85812 259.37839
6880.53403 57.25650 1.88989 1.85356 258.99323
6879.81370 56.35305 1.86110 1.82432 257.44892
6879.76852 56.28461 1.85891 1.82210 257.45826
6879.25830 55.76252 1.84235 1.80520 255.16311
6878.99688 55.52158 1.83466 1.79740 253.74855
6878.30119 54.85468 1.81321 1.77581 250.26183
6878.24660 54.80242 1.81152 1.77412 249.98912
6877.38229 54.10346 1.78893 1.75149 244.68653
6877.42979 54.14211 1.79018 1.75274 244.96802
6876.40619 53.37046 1.76532 1.72776 238.41668
6876.11145 53.13537 1.75773 1.72015 236.70866
6875.27590 52.48121 1.73653 1.69897 231.78150
6874.62306 51.91275 1.71796 1.68057 228.79403
6874.03571 51.36943 1.70013 1.66298 226.88597
6873.47921 50.85085 1.68314 1.64619 224.46187
6873.04310 50.44234 1.66963 1.63297 222.41249
6872.46310 49.91040 1.65209 1.61575 219.74707
6872.19135 49.67487 1.64427 1.60812 218.42091
6871.37180 48.98092 1.62091 1.58566 214.38355
6871.13635 48.76815 1.61442 1.57877 213.20293
6870.19952 47.95096 1.59024 1.55232 208.28736
6870.24278 47.98619 1.59140 1.55346 208.50619
6869.27707 47.18681 1.56420 1.52758 203.92061
6869.57877 47.40035 1.57144 1.53449 205.52318
6868.91530 46.99397 1.55773 1.52134 201.72948
6868.14946 46.56761 1.54345 1.50753 197.30528
6868.49771 46.74062 1.54926 1.51313 199.38248
6867.28765 46.22696 1.53211 1.49651 192.01309
6866.08403 45.59306 1.51099 1.47598 185.66932
6865.64801 45.33219 1.50228 1.46754 183.58959
6864.59756 44.63083 1.47891 1.44483 179.67107
6863.89852 44.11821 1.46174 1.42824 176.68915
6863.22258 43.56999 1.44340 1.41049 174.08190
6862.56057 43.00209 1.42435 1.39211 171.59504
6862.35969 42.84625 1.41914 1.38706 170.80309
6861.39521 42.09767 1.39386 1.36283 167.04974
6861.00855 41.76366 1.38258 1.35201 165.60113
6860.01013 40.82445 1.35040 1.32161 162.02316
6860.52087 41.23980 1.36489 1.33506 163.96463
6859.61260 40.60219 1.34279 1.31441 160.38185
6859.33025 40.41993 1.33682 1.30851 159.24033
6858.91759 40.18500 1.32972 1.30091 157.53770
6857.87386 39.57415 1.31139 1.28113 153.39247
6857.63574 39.42252 1.30645 1.27623 152.47317
6856.79918 38.92283 1.28904 1.26005 149.54779
6855.92269 38.36259 1.26985 1.24191 146.71031
6856.02960 38.42166 1.27187 1.24382 147.09471
6855.09194 37.91974 1.25478 1.22758 143.76764
6854.42747 37.57514 1.24297 1.21642 141.52362
6854.01597 37.35929 1.23559 1.20943 140.16645
6852.92798 36.74978 1.21480 1.18970 136.67069
6852.45144 36.45728 1.20479 1.18023 135.18020
6851.99587 36.20732 1.19625 1.17214 133.78924
6850.94777 35.62113 1.17625 1.15316 130.68036
6850.56260 35.38616 1.16821 1.14556 129.54519
6849.77854 34.90369 1.15173 1.12994 127.27007
6848.91954 34.36058 1.13321 1.11235 124.82440
6848.94550 34.37584 1.13373 1.11285 124.89631
6847.94709 33.80998 1.11434 1.09453 122.19431
6847.42014 33.50461 1.10392 1.08464 120.90842
6847.22699 33.40930 1.10065 1.08156 120.46702
6846.19501 32.91106 1.08360 1.06543 117.96814
6845.56745 32.58280 1.07242 1.05480 116.45508
6845.21547 32.41756 1.06682 1.04945 115.65725
6844.03377 31.82342 1.04640 1.03022 112.96919
6843.09736 31.24078 1.02638 1.01136 110.68488
6842.49825 30.80298 1.01329 0.99718 109.20571
6841.62670 30.18212 0.99391 0.97709 107.07311
6841.68647 30.22039 0.99521 0.97832 107.21402
6840.78648 29.63590 0.97481 0.95940 105.02968
6840.70679 29.58728 0.97312 0.95783 104.84562
6840.73220 29.59846 0.97351 0.95819 104.89348
6839.85147 29.31328 0.96356 0.94896 103.53482
6838.75945 28.94707 0.95099 0.93710 101.98920
6838.34037 28.78101 0.94527 0.93173 101.35064
6837.75814 28.57091 0.93803 0.92493 100.51969
6836.52929 28.13769 0.92321 0.91090 98.89250
6835.32212 27.56693 0.90372 0.89242 96.93799
6834.64316 27.16646 0.89005 0.87946 95.62529
6833.58542 26.45362 0.86575 0.85638 93.28337
6833.27944 26.22930 0.85809 0.84912 92.54933
6832.69616 25.84896 0.84508 0.83681 91.31155
6831.89065 25.32857 0.82727 0.81996 89.61509
6832.74857 25.74294 0.84147 0.83338 90.95121
6831.88428 25.44974 0.83141 0.82388 90.03101
6830.82642 25.12584 0.82026 0.81340 89.09876
6829.79305 24.74278 0.80710 0.80100 87.99323
6829.16852 24.46220 0.79748 0.79191 87.14887
6828.09112 23.91078 0.77873 0.77406 85.50247
6827.33931 23.50274 0.76478 0.76085 84.27690
6826.96347 23.31434 0.75822 0.75476 83.70874
6825.90191 22.69581 0.73715 0.73473 81.82376
6825.59899 22.51514 0.73170 0.72888 81.35245
6825.61031 22.51806 0.73178 0.72898 81.35622
6824.68762 22.19372 0.72212 0.71848 80.70941
6823.60214 21.77949 0.70926 0.70507 79.82726
6823.42502 21.70349 0.70672 0.70261 79.63301
6822.46410 21.31725 0.69331 0.69010 78.61985
6821.28003 20.79221 0.67515 0.67311 77.16405
6820.76710 20.51906 0.66585 0.66426 76.33787
6820.39513 20.33351 0.65951 0.65826 75.80769
6819.52813 19.97988 0.64740 0.64681 74.90399
6818.91675 19.73372 0.63896 0.63884 74.27255
6818.91962 19.73837 0.63912 0.63899 74.29029
6817.91388 19.43059 0.62854 0.62903 73.66380
6816.70040 19.03729 0.61508 0.61629 72.82801
6815.85363 18.68211 0.60298 0.60480 71.87715
6815.74030 18.63991 0.60154 0.60343 71.77480
6814.68930 18.27638 0.58919 0.59166 70.92655
6813.53298 17.82916 0.57400 0.57718 69.76914
6813.09308 17.63138 0.56728 0.57078 69.20055
6812.40360 17.33495 0.55722 0.56118 68.35083
6811.30397 16.84759 0.54067 0.54541 66.86092
6810.85782 16.61905 0.53290 0.53801 66.14484
6810.70657 16.56870 0.53118 0.53638 66.02265
6809.45320 16.11709 0.51580 0.52176 64.81530
6808.25530 15.52775 0.49571 0.50268 62.91395
6808.94122 15.80008 0.50499 0.51150 63.71256
6808.03376 15.52756 0.49570 0.50267 63.05269
6806.96267 15.23638 0.48576 0.49325 62.39012
6805.78154 14.84624 0.47247 0.48062 61.30512
6805.66921 14.79591 0.47076 0.47899 61.14037
6805.02298 14.59647 0.46402 0.47253 60.58911
6804.14918 14.36079 0.45603 0.46490 59.97913
6803.29413 14.14821 0.44877 0.45802 59.37185
6802.40732 13.96584 0.44255 0.45212 58.94662
6802.51594 13.98426 0.44316 0.45271 58.97867
6801.80522 13.88266 0.43978 0.44942 58.84241
6800.88775 13.78989 0.43691 0.44642 58.84988
6799.90661 13.68751 0.43386 0.44311 58.79931
6798.99726 13.60155 0.43154 0.44032 58.79805
6798.00862 13.53508 0.43010 0.43817 58.92741
6796.80647 13.42578 0.42765 0.43463 58.93077
6795.45080 13.22109 0.42267 0.42801 58.56367
6794.19783 12.92874 0.41525 0.41854 57.72918
6793.55940 12.73073 0.40993 0.41213 57.05944
6792.54707 12.35500 0.39855 0.39997 55.52174
6791.30072 11.82571 0.38147 0.38283 53.13110
6790.42671 11.36147 0.36648 0.36780 50.99240
6789.72235 10.93467 0.35273 0.35399 48.98855
6788.66484 10.25099 0.33022 0.33186 45.78653
6788.11121 9.83753 0.31653 0.31847 43.81775
6787.12043 8.99199 0.28839 0.29110 39.81270
6786.78542 8.68492 0.27807 0.28116 38.37959
0.00000 0.00000 0.00000 0.00000 0.00000
