6731.11439 10.04184 0.25455 0.32508 128.23618
6731.36568 10.07633 0.25600 0.32620 128.39795
6732.36618 10.21114 0.26187 0.33057 128.97278
6733.36668 10.32788 0.26706 0.33434 129.40434
6734.36718 10.44607 0.27253 0.33817 129.65994
6735.36768 10.55776 0.27776 0.34179 129.79548
6736.36818 10.67315 0.28309 0.34552 129.94786
6737.36868 10.79148 0.28839 0.34935 130.10870
6738.36918 10.91031 0.29375 0.35320 130.22984
6739.18629 11.04603 0.29943 0.35759 130.83593
6739.36968 11.08217 0.30091 0.35876 131.04788
6740.37019 11.27050 0.30863 0.36486 132.02734
6741.37069 11.42239 0.31504 0.36978 132.57465
6742.37119 11.56366 0.32118 0.37435 132.89438
6743.37169 11.71000 0.32761 0.37909 133.18780
6744.37219 11.86233 0.33432 0.38402 133.52780
6745.37269 12.03367 0.34179 0.38957 134.12717
6745.46455 12.05021 0.34250 0.39010 134.18938
6746.37319 12.20334 0.34923 0.39506 134.69139
6747.37369 12.36051 0.35604 0.40015 134.99962
6748.37419 12.52195 0.36262 0.40537 135.23453
6749.37469 12.69716 0.36975 0.41105 135.60456
6750.37519 12.89369 0.37719 0.41741 136.06516
6751.14511 13.05439 0.38321 0.42261 136.56862
6751.37569 13.10484 0.38498 0.42424 136.63714
6752.37619 13.32473 0.39315 0.43136 137.10886
6753.37669 13.50978 0.40056 0.43735 137.29845
6754.37719 13.67999 0.40741 0.44286 137.32876
6755.37769 13.86361 0.41514 0.44881 137.64944
6756.29929 14.05858 0.42310 0.45512 138.24225
6756.37819 14.07622 0.42386 0.45569 138.31361
6757.37869 14.28824 0.43260 0.46255 138.93439
6758.37919 14.51455 0.44186 0.46988 139.62780
6759.37969 14.68705 0.44898 0.47546 139.82385
6760.38019 14.88596 0.45722 0.48190 140.06984
6761.12420 15.06276 0.46430 0.48763 140.60354
6761.38069 15.12691 0.46679 0.48970 140.82197
6762.38119 15.35216 0.47572 0.49700 141.33666
6763.38169 15.57004 0.48438 0.50405 141.70584
6764.38219 15.78664 0.49324 0.51106 142.01252
6765.38269 16.02060 0.50304 0.51863 142.49033
6765.55254 16.06695 0.50495 0.52014 142.64802
6766.38319 16.27945 0.51382 0.52701 143.22914
6767.38369 16.51045 0.52345 0.53449 143.55128
6768.38419 16.71535 0.53117 0.54113 143.73947
6769.38469 16.95973 0.54050 0.54904 144.21991
6769.81215 17.07113 0.54476 0.55264 144.47311
6770.38519 17.22483 0.55065 0.55762 144.84844
6771.38569 17.47950 0.56059 0.56586 145.28435
6772.38619 17.71844 0.56995 0.57360 145.48865
6773.38669 17.96017 0.57940 0.58142 145.67472
6773.80162 18.07531 0.58378 0.58515 145.91954
6774.38719 18.24257 0.59000 0.59057 146.30542
6775.38769 18.51147 0.60019 0.59927 146.71957
6776.38819 18.77289 0.60997 0.60773 147.00523
6777.38869 19.02476 0.61951 0.61589 147.40361
6777.57240 19.07950 0.62158 0.61766 147.51002
6778.38919 19.32394 0.63081 0.62557 148.00031
6779.38969 19.61329 0.64124 0.63494 148.45251
6780.39020 19.88662 0.65084 0.64379 148.67705
6781.04896 20.08368 0.65775 0.65017 148.99718
6781.39070 20.18959 0.66151 0.65360 149.20337
6782.39120 20.47718 0.67175 0.66291 149.48052
6783.39170 20.74187 0.68119 0.67148 149.43158
6784.39220 21.05095 0.69190 0.68148 149.90518
6784.50309 21.08787 0.69314 0.68268 149.98461
6785.39270 21.38478 0.70311 0.69229 150.66101
6786.39320 21.68399 0.71302 0.70198 151.32276
6787.39370 21.99407 0.72286 0.71201 151.44259
6787.68789 22.09205 0.72577 0.71519 151.49166
6788.39420 22.35192 0.73347 0.72360 151.75095
6789.39470 22.68534 0.74280 0.73439 151.82632
6790.39520 23.04034 0.75370 0.74588 152.50523
6790.54634 23.09623 0.75552 0.74769 152.65442
6791.39570 23.37459 0.76469 0.75671 153.08282
6792.39620 23.68088 0.77470 0.76662 153.25509
6793.39670 23.99177 0.78500 0.77669 153.38840
6793.71919 24.10042 0.78854 0.78020 153.50496
6794.39720 24.34570 0.79642 0.78814 154.16778
6795.39770 24.67476 0.80686 0.79880 154.67451
6796.39820 25.00513 0.81767 0.80949 154.96528
6796.65958 25.10460 0.82111 0.81271 155.18952
6797.39870 25.40466 0.83126 0.82243 155.99782
6798.39920 25.73640 0.84197 0.83316 156.23805
6799.39970 26.08962 0.85335 0.84460 156.68662
6799.45071 26.10879 0.85396 0.84522 156.72064
6800.40020 26.44324 0.86509 0.85605 157.10648
6801.40070 26.79380 0.87723 0.86740 157.46518
6802.29544 27.11297 0.88792 0.87773 157.81233
6802.40120 27.15669 0.88937 0.87914 157.91528
6803.40170 27.53067 0.90156 0.89125 158.53261
6804.40220 27.84676 0.91203 0.90148 158.70311
6805.10383 28.11715 0.92146 0.91024 159.09733
6805.40270 28.24837 0.92604 0.91448 159.44052
6806.40320 28.63891 0.93945 0.92713 160.04787
6807.40370 29.02958 0.95203 0.93977 160.59946
6807.63043 29.12134 0.95499 0.94275 160.75019
6808.40420 29.43467 0.96571 0.95289 161.25901
6809.40470 29.80994 0.97911 0.96504 161.63550
6810.19059 30.12552 0.98998 0.97525 162.14131
6810.40520 30.22524 0.99351 0.97848 162.40094
6811.40570 30.66805 1.00691 0.99282 162.87617
6812.40620 31.06352 1.01886 1.00562 163.12695
6812.55101 31.12971 1.02096 1.00776 163.25729
6813.40670 31.50899 1.03341 1.02004 163.83236
6814.40720 31.91602 1.04688 1.03322 164.37672
6814.90627 32.13389 1.05457 1.04027 164.75485
6815.40770 32.36848 1.06273 1.04786 165.25883
6816.40820 32.79158 1.07757 1.06156 165.77619
6817.23431 33.13808 1.08911 1.07278 166.16532
6817.40870 33.21833 1.09184 1.07538 166.31389
6818.40920 33.63838 1.10541 1.08898 166.74943
6819.40970 34.03191 1.11958 1.10172 166.88719
6819.65659 34.14226 1.12346 1.10529 167.04396
6820.41021 34.49999 1.13583 1.11687 167.67824
6821.41071 34.88777 1.14844 1.12942 167.96165
6822.00043 35.14644 1.15740 1.13780 168.41582
6822.41121 35.35872 1.16524 1.14467 168.87105
6823.41171 35.83352 1.18174 1.16004 169.63920
6824.08031 36.15063 1.19210 1.17030 170.13863
6824.41221 36.31582 1.19758 1.17565 170.44958
6825.41271 36.76249 1.21335 1.19011 170.87009
6826.30864 37.15481 1.22729 1.20281 171.15051
6826.41321 37.20711 1.22899 1.20451 171.24205
6827.41371 37.65935 1.24358 1.21915 171.65406
6828.41421 38.10544 1.25871 1.23359 171.98267
6828.51096 38.15900 1.26068 1.23532 172.10511
6829.41471 38.65054 1.27814 1.25123 173.14924
6830.41521 39.05387 1.29171 1.26429 173.48502
6830.64305 39.16318 1.29546 1.26783 173.62975
6831.41571 39.58501 1.31014 1.28149 174.40612
6832.41621 40.08788 1.32522 1.29776 174.54057
6832.55112 40.16736 1.32753 1.30034 174.66240
6833.41671 40.63082 1.34152 1.31534 175.19812
6834.41721 41.14840 1.36022 1.33210 176.04478
6834.45656 41.17155 1.36107 1.33285 176.10287
6835.41771 41.70318 1.37934 1.35006 177.09680
6836.41280 42.17573 1.39506 1.36535 177.42181
6836.41821 42.17885 1.39517 1.36546 177.42818
6837.41871 42.69735 1.41359 1.38224 178.10053
6838.35508 43.17992 1.42964 1.39786 178.64864
6838.41921 43.21437 1.43076 1.39898 178.70325
6839.41971 43.67426 1.44586 1.41387 179.22760
6840.37789 44.18410 1.46441 1.43037 179.88749
6840.42021 44.21029 1.46535 1.43122 179.94820
6841.42071 44.73673 1.48267 1.44826 180.58442
6842.32730 45.18828 1.49823 1.46288 180.90891
6842.42121 45.24457 1.50027 1.46470 181.02083
6843.42171 45.81077 1.52020 1.48303 181.92258
6844.09102 46.19247 1.53237 1.49539 182.54590
6844.42221 46.39523 1.53921 1.50195 182.97232
6845.42271 46.90991 1.55773 1.51861 183.38069
6845.92381 47.19665 1.56799 1.52790 183.82104
6846.42321 47.48998 1.57686 1.53739 184.34832
6847.42371 47.95725 1.59309 1.55252 184.51720
6847.90963 48.20084 1.60126 1.56041 184.74245
6848.42421 48.52289 1.61131 1.57083 185.06475
6849.42471 49.11579 1.62755 1.59003 185.62990
6849.56057 49.20502 1.63028 1.59291 185.85155
6850.42521 49.74075 1.65100 1.61026 186.91792
6851.25767 50.20921 1.66685 1.62542 187.49210
6851.42571 50.30880 1.67019 1.62865 187.64291
6852.42621 50.89647 1.68964 1.64767 188.51523
6852.94784 51.21339 1.70146 1.65793 189.04611
6853.42671 51.50520 1.71114 1.66738 189.53431
6854.42721 52.07806 1.72951 1.68592 190.25782
6854.66556 52.21757 1.73431 1.69044 190.44776
6855.42771 52.67770 1.75076 1.70534 191.17618
6856.42821 53.19778 1.76677 1.72217 191.52163
6856.46900 53.22176 1.76750 1.72295 191.57054
6857.42871 53.79875 1.78788 1.74163 192.78196
6858.10169 54.22594 1.80266 1.75546 193.49038
6858.42921 54.43449 1.80986 1.76221 193.87852
6859.42971 54.97565 1.82609 1.77973 194.32551
6859.82076 55.23013 1.83564 1.78796 194.81448
6860.43022 55.64882 1.85045 1.80152 195.71983
6861.43072 56.22972 1.86809 1.82032 196.42977
6861.43779 56.23431 1.86822 1.82047 196.43821
6862.43122 56.88465 1.89193 1.84153 197.75063
6863.00018 57.23849 1.90361 1.85298 198.28673
6863.43172 57.53701 1.91046 1.86265 198.72113
6864.43222 58.21172 1.93129 1.88449 199.55535
6864.48002 58.24268 1.93238 1.88549 199.60345
6865.43272 58.79251 1.95113 1.90329 200.61972
6866.17396 59.24686 1.96457 1.91800 201.41687
6866.43322 59.42514 1.97041 1.92377 201.76160
6867.43372 60.04073 1.99229 1.94370 202.77543
6867.76601 60.25105 1.99791 1.95051 203.13008
6868.43422 60.68498 2.01141 1.96455 203.94884
6869.32388 61.25523 2.03143 1.98302 204.99995
6869.43472 61.32909 2.03392 1.98541 205.14758
6870.43522 61.97491 2.05217 2.00631 206.37904
6870.89129 62.25941 2.06157 2.01552 206.88700
6871.43572 62.61757 2.07468 2.02712 207.60500
6872.37818 63.26360 2.09364 2.04803 209.01119
6872.43622 63.30795 2.09501 2.04947 209.12356
6873.43672 63.99468 2.11821 2.07170 210.61762
6873.83739 64.26778 2.12773 2.08054 211.22249
6874.43722 64.67619 2.13808 2.09376 212.22288
6875.42033 65.27197 2.15682 2.11305 213.47791
6875.43772 65.28423 2.15731 2.11345 213.50731
6876.43822 66.01793 2.17822 2.13720 215.20488
6876.80332 66.27615 2.18395 2.14556 215.64411
6877.43872 66.73256 2.19650 2.16033 216.58224
6878.19003 67.28033 2.21527 2.17807 218.02330
6878.43922 67.46844 2.21985 2.18416 218.51129
6879.43972 68.11565 2.23601 2.20511 220.05346
6879.66677 68.28452 2.24219 2.21057 220.50295
6880.44022 68.82567 2.25708 2.22809 221.91383
6881.13033 69.28870 2.26863 2.24308 223.12059
6881.44072 69.52922 2.27533 2.25087 223.77534
6882.44122 70.22881 2.29478 2.27352 225.72274
6882.53746 70.29289 2.29622 2.27559 225.89177
6883.44172 70.88804 2.31036 2.29486 227.58197
6884.02081 71.29707 2.32286 2.30810 228.74911
6884.44222 71.59464 2.32967 2.31773 229.61748
6885.44272 72.29405 2.34649 2.34038 231.69762
6885.45280 72.30126 2.34670 2.34061 231.71874
6886.44322 72.98315 2.36413 2.36268 233.79150
6886.87776 73.30544 2.37191 2.37312 234.81000
6887.44372 73.75416 2.38290 2.38764 236.16252
6888.26314 74.30962 2.39910 2.40563 238.01920
6888.44422 74.43898 2.40195 2.40981 238.46006
6889.44472 75.20544 2.41977 2.43463 240.88107
6889.58396 75.31381 2.42285 2.43813 241.22048
6890.44522 75.95538 2.43655 2.45890 243.35938
6890.89819 76.31799 2.44575 2.47064 244.57404
6891.44572 76.76470 2.45957 2.48510 246.05417
6892.30986 77.32218 2.47443 2.50315 248.17000
6892.44622 77.41535 2.47610 2.50617 248.50970
6893.44672 78.13340 2.49753 2.52941 251.34322
6893.70446 78.32636 2.50769 2.53566 252.10252
6894.44722 78.88596 2.51427 2.55378 254.38098
6895.03361 79.33054 2.53254 2.56817 256.25943
6895.44772 79.66168 2.58412 2.57889 257.58910
6896.31999 80.33473 2.72066 2.60068 260.57167
6896.44822 80.44116 2.74000 2.60412 261.01563
6897.44872 81.17503 2.77704 2.62788 264.74072
6897.65196 81.33891 2.76990 2.63318 265.53549
6898.44922 81.95468 2.75452 2.65312 268.82218
6898.97591 82.34310 2.76177 2.66569 271.11005
6899.44972 82.71884 2.78122 2.67786 273.22093
6900.29503 83.34728 2.80631 2.69820 277.19260
6900.45023 83.48014 2.81023 2.70250 277.75411
6901.45073 84.28135 2.82584 2.72844 282.64200
6901.53111 84.35146 2.82719 2.73071 283.07072
6902.45123 85.06642 2.84382 2.75386 288.14932
6902.80729 85.35565 2.85140 2.76322 290.14139
6903.45173 85.87033 2.86520 2.77988 293.83750
6904.09488 86.35983 2.87824 2.79573 297.81920
6904.45223 86.65606 2.88614 2.80532 299.96454
6905.34708 87.36402 2.90525 2.82824 305.66314
6905.45273 87.45261 2.90767 2.83110 306.30752
6906.45323 88.23749 2.92951 2.85651 312.92702
6906.61084 88.36820 2.93329 2.86074 313.91491
6907.45373 89.02528 2.95243 2.88202 319.75493
6907.87464 89.37238 2.96291 2.89325 322.46138
6908.45423 89.86688 2.97797 2.90926 326.09932
6909.11698 90.37657 2.99393 2.92576 331.14535
6909.45473 90.66634 3.00328 2.93514 333.00563
6910.45523 91.37609 3.02613 2.95812 339.32250
6910.46063 91.38075 3.02629 2.95827 339.35645
6911.45573 92.21839 3.05460 2.98539 345.96704
6911.65999 92.38494 3.06032 2.99078 347.32386
6912.45623 93.07931 3.08228 3.01326 352.92335
6912.81185 93.38912 3.09150 3.02329 355.66740
6913.45673 93.94988 3.11045 3.04144 359.89357
6913.98414 94.39331 3.12630 3.05579 363.10919
6914.45723 94.78762 3.14020 3.06856 366.20695
6915.18236 95.39749 3.16184 3.08830 370.86314
6915.45773 95.63500 3.17021 3.09599 372.48633
6916.40205 96.40167 3.19776 3.12081 378.93748
6916.45823 96.45034 3.19950 3.12239 379.26080
6917.45873 97.32284 3.23063 3.15063 385.31540
6917.56408 97.40586 3.23363 3.15332 386.05090
6918.45923 98.08720 3.25818 3.17538 391.19889
6918.87340 98.41004 3.26968 3.18583 393.37395
6919.45973 98.89855 3.28733 3.20164 397.22161
6920.05363 99.41423 3.30580 3.21834 400.59969
6920.46023 99.76542 3.31831 3.22971 402.86921
6921.27138 100.41841 3.34183 3.25085 408.29637
6921.46073 100.58859 3.34797 3.25635 409.22953
6922.34346 101.42259 3.37663 3.28335 413.41503
6922.46123 101.54147 3.38025 3.28720 414.07365
6923.42637 102.42678 3.40943 3.31586 419.75823
6923.46173 102.45581 3.41049 3.31680 419.95535
6924.46223 103.25332 3.43929 3.34262 426.36016
6924.66229 103.43096 3.44555 3.34837 427.38821
6925.46273 104.19521 3.47225 3.37311 430.48494
6925.74266 104.43515 3.48074 3.38088 432.02284
6926.46323 105.08666 3.50361 3.40197 435.42074
6926.87269 105.43933 3.51603 3.41339 437.74621
6927.46373 105.93681 3.53337 3.42949 440.07415
6928.09095 106.44351 3.55106 3.44590 442.75567
6928.46423 106.74662 3.56176 3.45571 445.13136
6929.29177 107.44770 3.58640 3.47840 449.77147
6929.46473 107.61186 3.59205 3.48372 450.41472
6930.38210 108.45188 3.62113 3.51091 454.32991
6930.46523 108.52677 3.62372 3.51334 454.70757
6931.46573 109.41684 3.65450 3.54215 459.51292
6931.50826 109.45607 3.65585 3.54342 459.68411
6932.46623 110.30346 3.68537 3.57085 464.17294
6932.63710 110.46025 3.69047 3.57593 465.05063
6933.46673 111.33170 3.71699 3.60414 468.37368
6933.60743 111.46444 3.72150 3.60844 468.93294
6934.46723 112.19839 3.74717 3.63220 473.20375
6934.75055 112.46862 3.75632 3.64095 474.23626
6935.46773 113.13576 3.77914 3.66254 477.27117
6935.88214 113.47280 3.79073 3.67346 478.86682
6936.46823 113.98052 3.80794 3.68989 480.36657
6937.01616 114.47699 3.82493 3.70596 482.83248
6937.46873 114.90220 3.83945 3.71973 484.58022
6938.05981 115.48117 3.85905 3.73847 486.24551
6938.46923 115.86472 3.87207 3.75089 487.78913
6939.16728 116.48536 3.89330 3.77098 491.02474
6939.46973 116.76307 3.90275 3.77997 492.24507
6940.28353 117.48954 3.92756 3.80349 495.88366
6940.47024 117.66384 3.93344 3.80913 496.60306
6941.36153 118.49372 3.96183 3.83600 499.90063
6941.47074 118.60704 3.96574 3.83967 500.08038
6942.31675 119.49791 3.99283 3.86851 502.99095
6942.47124 119.64637 3.99728 3.87331 503.84454
6943.36712 120.50209 4.02621 3.90101 506.95354
6943.47174 120.60447 4.02968 3.90433 507.23686
6944.45009 121.50628 4.06015 3.93352 511.36551
6944.47224 121.52730 4.06086 3.93420 511.44141
6945.47274 122.40083 4.09032 3.96248 514.32325
6945.58693 122.51046 4.09397 3.96603 514.47746
6946.47324 123.38418 4.12332 3.99432 517.03944
6946.61084 123.51464 4.12770 3.99854 517.52344
6947.47374 124.30379 4.15438 4.02409 521.04270
6947.70427 124.51883 4.16167 4.03105 521.93027
6948.47424 125.25795 4.18658 4.05498 524.49412
6948.74771 125.52301 4.19543 4.06356 525.40957
6949.47474 126.23681 4.21945 4.08666 527.54273
6949.78273 126.52720 4.22926 4.09606 528.66712
6950.47524 127.17626 4.25098 4.11708 531.27597
6950.83656 127.53138 4.26306 4.12857 532.23664
6951.47574 128.20483 4.28509 4.15037 533.64619
6951.78728 128.53556 4.29478 4.16108 534.90362
6952.47624 129.24489 4.31687 4.18404 537.31867
6952.77833 129.53975 4.32696 4.19359 538.26943
6953.47674 130.20315 4.34923 4.21507 540.26904
6953.85447 130.54393 4.36052 4.22610 540.94322
6954.47724 131.11450 4.37972 4.24457 542.76852
6954.91460 131.54812 4.39424 4.25861 544.20856
6955.47774 132.10772 4.41295 4.27672 545.78230
6955.92768 132.55230 4.42783 4.29112 547.10595
6956.47824 133.09962 4.44614 4.30883 548.70531
6956.93742 133.55649 4.46142 4.32362 549.99628
6957.47874 134.09336 4.47939 4.34100 551.64066
6957.94269 134.56067 4.49500 4.35613 552.84542
6958.47924 135.09581 4.51289 4.37346 554.37749
6958.94744 135.56485 4.52853 4.38864 555.70661
6959.47974 136.11763 4.54708 4.40654 556.81888
6959.92374 136.56904 4.56207 4.42115 557.94894
6960.48024 137.18755 4.58016 4.44117 559.82999
6960.81865 137.57322 4.59192 4.45366 560.59907
6961.48074 138.23189 4.61427 4.47498 562.33735
6961.81969 138.57741 4.62579 4.48617 563.27502
6962.48124 139.27051 4.64881 4.50860 564.70677
6962.82875 139.58159 4.65922 4.51867 565.57947
6963.48174 140.17372 4.67898 4.53784 567.18524
6963.88804 140.58577 4.69275 4.55118 568.33147
6964.48224 141.17439 4.71246 4.57024 570.24229
6964.89374 141.58996 4.72633 4.58369 571.37290
6965.48274 142.20481 4.74680 4.60360 572.71777
6965.85667 142.59414 4.75977 4.61620 573.58407
6966.48324 143.24686 4.78151 4.63733 575.08699
6966.82360 143.59833 4.79322 4.64871 575.87948
6967.48374 144.26862 4.81552 4.67041 577.70838
6967.80324 144.60251 4.82655 4.68122 578.47987
6968.48424 145.31216 4.85039 4.70419 579.99710
6968.76296 145.60669 4.86025 4.71373 580.56910
6969.48474 146.45354 4.88534 4.74114 582.31561
6969.62051 146.61088 4.89008 4.74623 582.61834
6970.48524 147.52675 4.92064 4.77588 584.56723
6970.57468 147.61506 4.92360 4.77874 584.91751
6971.48574 148.50103 4.95298 4.80742 586.86133
6971.60292 148.61925 4.95688 4.81125 586.86110
6972.48624 149.49617 4.98615 4.83964 589.33572
6972.60773 149.62343 4.99039 4.84376 589.65836
6973.48674 150.59481 5.02257 4.87521 591.00997
6973.51764 150.62762 5.02366 4.87627 591.07645
6974.48724 151.61211 5.05652 4.90814 593.91405
6974.50579 151.63180 5.05718 4.90878 593.95427
6975.43973 152.63598 5.09049 4.94128 595.85785
6975.48774 152.68609 5.09216 4.94291 595.97977
6976.35452 153.64017 5.12375 4.97379 597.46762
6976.48824 153.78651 5.12873 4.97853 597.64844
6977.27146 154.64435 5.15580 5.00630 599.73909
6977.48874 154.88508 5.16262 5.01409 600.66909
6978.17292 155.64854 5.18704 5.03881 602.07866
6978.48924 155.98949 5.19855 5.04985 602.69352
6979.08923 156.65272 5.22049 5.07132 603.68463
6979.48974 157.08084 5.23466 5.08518 604.61236
6980.02866 157.65690 5.25391 5.10383 606.01685
6980.49025 158.12526 5.26940 5.11899 606.65887
6981.03141 158.66109 5.28704 5.13634 607.30304
6981.49075 159.13405 5.30287 5.15165 608.58133
6981.96781 159.66527 5.32045 5.16884 609.50566
6982.49125 160.24459 5.33960 5.18760 610.41113
6982.86192 160.66946 5.35362 5.20135 610.87066
6983.49175 161.34368 5.37601 5.22318 612.33069
6983.80410 161.67364 5.38700 5.23386 613.13069
6984.49225 162.41331 5.41149 5.25781 614.75772
6984.73899 162.67782 5.42028 5.26637 615.33213
6985.49275 163.51620 5.44808 5.29351 616.67046
6985.63497 163.68201 5.45298 5.29888 617.08977
6986.45902 164.68619 5.48330 5.33139 618.63706
6986.49325 164.72207 5.48452 5.33255 618.71503
6987.37034 165.69038 5.51683 5.36389 620.31245
6987.49375 165.83127 5.52147 5.36846 620.48289
6988.27255 166.69456 5.55009 5.39640 622.10923
6988.49425 166.94554 5.55839 5.40453 622.48282
6989.24389 167.69874 5.58340 5.42891 623.63862
6989.49475 167.93169 5.59118 5.43645 624.28129
6990.18871 168.70293 5.61671 5.46142 625.62098
6990.49525 169.05133 5.62823 5.47270 626.14457
6991.08402 169.70711 5.64993 5.49393 627.24393
6991.49575 170.17398 5.66538 5.50904 627.93045
6991.95936 170.71130 5.68308 5.52644 628.55890
6992.49625 171.28276 5.70208 5.54494 629.97275
6992.86977 171.71548 5.71665 5.55895 630.35176
6993.49675 172.48620 5.73985 5.58390 631.59663
6993.68722 172.71967 5.74664 5.59145 632.10790
6994.49725 173.65828 5.77746 5.62184 633.32346
6994.55633 173.72385 5.77962 5.62396 633.44255
6995.47624 174.72803 5.81286 5.65647 635.62847
6995.49775 174.75125 5.81363 5.65722 635.68181
6996.35388 175.73222 5.84606 5.68898 637.08631
6996.49825 175.89343 5.85141 5.69420 637.37286
6997.20266 176.73640 5.87919 5.72149 638.04453
6997.49875 177.07688 5.89049 5.73251 638.65018
6998.15151 177.74059 5.91253 5.75400 640.28451
6998.49925 178.09762 5.92429 5.76555 640.54341
6999.04743 178.74477 5.94555 5.78650 640.72034
6999.49975 179.25133 5.96242 5.80290 641.79629
6999.92973 179.74895 5.97885 5.81901 642.47195
7000.50025 180.40048 6.00032 5.84010 643.48611
7000.81346 180.75314 6.01226 5.85152 644.01505
7001.50075 181.59869 6.03836 5.87889 645.21901
7001.62710 181.75732 6.04286 5.88403 645.59775
7002.50125 182.75595 6.07515 5.91636 647.51685
7002.50593 182.76151 6.07533 5.91654 647.52138
7003.34046 183.76569 6.10835 5.94905 648.44001
7003.50175 183.94760 6.11443 5.95494 648.75935
7004.20059 184.76987 6.14159 5.98156 649.74718
7004.50225 185.11849 6.15309 5.99284 650.26860
7005.05912 185.77406 6.17475 6.01406 651.07350
7005.50275 186.26198 6.19099 6.02986 652.11775
7005.94259 186.77824 6.20805 6.04657 652.92011
7006.50325 187.43452 6.22963 6.06782 653.51664
7006.83614 187.78243 6.24113 6.07908 653.87360
7007.50375 188.49785 6.26478 6.10224 654.89085
7007.74743 188.78661 6.27428 6.11159 655.30384
7008.50425 189.63074 6.30254 6.13892 657.05326
7008.63920 189.79079 6.30742 6.14410 657.39271
7009.39879 190.79498 6.33728 6.17661 658.48129
7009.50475 190.91532 6.34136 6.18050 658.66979
7010.23174 191.79916 6.37063 6.20911 659.37131
7010.50525 192.11351 6.38103 6.21929 659.90269
7011.08301 192.80335 6.40381 6.24162 660.68610
7011.50575 193.29681 6.42012 6.25760 661.41882
7011.95192 193.80753 6.43708 6.27413 662.32203
7012.50625 194.43772 6.45794 6.29453 663.50186
7012.81363 194.81172 6.47026 6.30664 663.83519
7013.50675 195.61044 6.49675 6.33250 665.18216
7013.68114 195.81590 6.50353 6.33915 665.46967
7014.50725 196.79281 6.53580 6.37077 666.72913
7014.53044 196.82008 6.53670 6.37166 666.76942
7015.36405 197.82427 6.57010 6.40417 667.95292
7015.50775 198.01033 6.57623 6.41019 667.94223
7016.18335 198.82845 6.60029 6.43667 668.61376
7016.50825 199.17118 6.61077 6.44777 669.49479
7017.04985 199.83264 6.63296 6.46918 670.10722
7017.50875 200.37659 6.65086 6.48679 670.89823
7017.88957 200.83682 6.66599 6.50169 671.39501
7018.50925 201.57240 6.69037 6.52550 672.38844
7018.72860 201.84100 6.69921 6.53420 672.64548
7019.50975 202.76778 6.72987 6.56420 673.92513
7019.57330 202.84519 6.73241 6.56671 674.00461
7020.39850 203.84937 6.76557 6.59922 675.05952
7020.51026 203.98216 6.76996 6.60351 675.24395
7021.20179 204.85356 6.79867 6.63172 675.79541
7021.51076 205.23244 6.81113 6.64399 676.16757
7022.01197 205.85774 6.83178 6.66423 676.64532
7022.51126 206.42390 6.85050 6.68256 677.84346
7022.88300 206.86192 6.86522 6.69674 678.39818
7023.51176 207.64836 6.89011 6.72220 679.44123
7023.68746 207.86611 6.89641 6.72925 680.06859
7024.51226 208.86949 6.92807 6.76173 680.74540
7024.51292 208.87029 6.92810 6.76176 680.74436
7025.36242 209.87448 6.96122 6.79427 681.45771
7025.51276 210.04671 6.96696 6.79984 681.87013
7026.18608 210.87866 6.99436 6.82677 682.69605
7026.51326 211.26795 7.00723 6.83938 683.23983
7026.99385 211.88285 7.02750 6.85928 683.56666
7027.51376 212.50646 7.04814 6.87947 684.41390
7027.82719 212.88703 7.06073 6.89179 684.87556
7028.51426 213.72439 7.08839 6.91890 685.85283
7028.65133 213.89121 7.09389 6.92430 686.04884
7029.51476 214.89362 7.12705 6.95675 687.88107
7029.51620 214.89540 7.12711 6.95681 687.88283
7030.28294 215.89958 7.16024 6.98932 688.13553
7030.51526 216.21138 7.16929 6.99941 688.58848
7031.00749 216.90377 7.18975 7.02183 689.11330
7031.51576 217.51125 7.21025 7.04149 689.86714
7031.83912 217.90795 7.22326 7.05433 690.31344
7032.51626 218.72323 7.25020 7.08073 691.42781
7032.67056 218.91213 7.25646 7.08684 691.69010
7033.50948 219.91632 7.28965 7.11935 692.75193
7033.51676 219.92475 7.28993 7.11962 692.75411
7034.36471 220.92050 7.32273 7.15186 693.13473
7034.51726 221.09645 7.32856 7.15756 693.57003
7035.18340 221.92469 7.35592 7.18437 694.51559
7035.51776 222.32978 7.36927 7.19748 695.00328
7035.98115 222.92887 7.38901 7.21688 695.32417
7036.51826 223.58123 7.41062 7.23800 696.17812
7036.79507 223.93305 7.42214 7.24938 696.45784
7037.51876 224.80576 7.45144 7.27764 697.53226
7037.62621 224.93724 7.45576 7.28189 697.70048
7038.31186 225.94142 7.48512 7.31440 698.17916
7038.51926 226.18971 7.49312 7.32244 698.63736
7039.10123 226.94561 7.51842 7.34691 698.88358
7039.51976 227.47217 7.53571 7.36396 699.39416
7039.91103 227.94979 7.55152 7.37942 700.00592
7040.52026 228.65160 7.57483 7.40214 701.41514
7040.75729 228.95397 7.58479 7.41193 701.60104
7041.52076 229.94552 7.61753 7.44403 702.32802
7041.53196 229.95816 7.61795 7.44444 702.35760
7042.45145 230.96234 7.65117 7.47694 703.69499
7042.52126 231.04082 7.65377 7.47948 703.76624
7043.23651 231.96653 7.68435 7.50945 704.17830
7043.52176 232.31536 7.69583 7.52075 704.69523
7044.02533 232.97071 7.71750 7.54196 704.98111
7044.52226 233.60512 7.73834 7.56250 705.50895
7044.79240 233.97490 7.74902 7.57447 706.02781
7045.52276 234.92174 7.77854 7.60512 707.24552
7045.56709 234.97908 7.78048 7.60698 707.26250
7046.33297 235.98326 7.81364 7.63949 707.71589
7046.52326 236.20765 7.82106 7.64675 708.10834
7047.12619 236.98745 7.84683 7.67199 708.59718
7047.52376 237.47196 7.86286 7.68768 709.25845
7047.92446 237.99163 7.87999 7.70450 709.58419
7048.52426 238.74667 7.90498 7.72895 710.31365
7048.72514 238.99582 7.91322 7.73701 710.59990
7049.52476 239.99349 7.94620 7.76931 711.68695
7049.52966 240.00000 7.94641 7.76952 711.68922
