7050.52526 239.18168 7.94470 7.74303 896.49056
7050.37797 238.99582 7.93800 7.73701 896.33429
7049.61674 237.99163 7.89749 7.70450 896.49102
7049.52476 237.87381 7.89424 7.70069 896.48035
7048.81076 236.98745 7.86700 7.67199 896.00789
7048.52426 236.63421 7.85423 7.66056 895.74466
7048.00631 235.98326 7.83043 7.63949 895.50726
7047.52376 235.40089 7.81798 7.62063 894.87551
7047.18275 234.97908 7.80202 7.60698 894.69975
7046.52326 234.07922 7.76991 7.57785 894.75973
7046.44111 233.97490 7.76852 7.57447 894.54895
7045.68656 232.97071 7.73300 7.54196 894.26540
7045.52276 232.77342 7.72473 7.53557 894.14722
7044.86292 231.96653 7.70794 7.50945 893.46744
7044.52226 231.56005 7.68948 7.49629 893.02654
7044.03986 230.96234 7.66753 7.47694 892.74345
7043.52176 230.30794 7.64916 7.45576 892.60085
7043.23925 229.95816 7.63626 7.44444 892.31302
7042.52126 229.05437 7.60336 7.41518 892.27146
7042.42868 228.95397 7.60035 7.41193 892.20461
7041.52076 227.96365 7.57183 7.37987 891.35375
7041.50930 227.94979 7.57118 7.37942 891.34053
7040.70003 226.94561 7.53713 7.34691 890.59222
7040.52026 226.72359 7.53463 7.33972 890.47682
7039.90509 225.94142 7.49860 7.31440 890.55537
7039.51976 225.41461 7.48705 7.29735 890.03555
7039.16954 224.93724 7.47864 7.28189 889.83157
7038.51926 224.13884 7.44178 7.25605 889.46706
7038.34333 223.93305 7.43706 7.24938 889.20403
7037.51876 222.92910 7.40638 7.21688 888.52112
7037.51857 222.92887 7.40637 7.21688 888.52098
7036.72576 221.92469 7.37179 7.18437 888.39494
7036.51826 221.67556 7.36408 7.17630 888.15346
7035.91767 220.92050 7.33922 7.15186 888.02377
7035.51776 220.41659 7.31838 7.13555 887.96647
7035.09470 219.91632 7.30730 7.11935 887.46590
7034.51726 219.21452 7.28390 7.09663 886.81044
7034.24979 218.91213 7.26926 7.08684 886.24886
7033.51676 218.09332 7.25153 7.06033 886.15820
7033.36366 217.90795 7.24524 7.05433 886.37934
7032.53901 216.90377 7.20351 7.02183 886.08358
7032.51626 216.87300 7.20294 7.02083 886.10718
7031.80223 215.89958 7.17494 6.98932 885.50883
7031.51576 215.56612 7.16044 6.97852 884.92059
7030.95932 214.89540 7.14330 6.95681 884.59391
7030.51526 214.37619 7.12543 6.94000 883.92130
7030.11763 213.89121 7.10725 6.92430 883.72732
7029.51476 213.13293 7.08235 6.89975 883.72084
7029.30691 212.88703 7.07549 6.89179 883.45247
7028.51426 211.90988 7.03955 6.86016 883.17617
7028.49104 211.88285 7.03854 6.85928 883.14545
7027.63984 210.87866 7.01398 6.82677 882.10730
7027.51376 210.73466 7.00696 6.82211 881.90131
7026.80670 209.87448 6.97560 6.79427 881.49107
7026.51326 209.51386 6.97009 6.78259 881.32071
7025.99460 208.87029 6.93970 6.76176 881.32361
7025.51276 208.24961 6.92072 6.74166 881.61773
7025.18458 207.86611 6.91552 6.72925 880.39468
7024.51226 207.08236 6.88367 6.70388 879.61046
7024.32437 206.86192 6.87647 6.69674 879.91439
7023.51176 205.92132 6.84840 6.66629 879.36852
7023.45905 205.85774 6.84599 6.66423 879.31262
7022.64937 204.85356 6.80986 6.63172 879.27238
7022.51126 204.69089 6.80530 6.62646 879.12927
7021.81348 203.84937 6.77954 6.59922 878.69421
7021.51076 203.49095 6.76381 6.58761 878.40168
7020.95508 202.84519 6.74712 6.56671 877.73975
7020.51026 202.31477 6.73161 6.54954 877.42805
7020.12269 201.84100 6.70836 6.53420 877.29432
7019.50975 201.08615 6.69133 6.50976 877.23659
7019.30131 200.83682 6.68356 6.50169 877.07671
7018.50925 199.87661 6.64464 6.47061 876.81234
7018.47107 199.83264 6.64373 6.46918 876.76710
7017.63714 198.82845 6.60960 6.43667 876.12566
7017.50875 198.66524 6.60356 6.43139 875.84038
7016.87079 197.82427 6.58327 6.40417 875.49460
7016.50825 197.41288 6.56790 6.39085 875.13880
7015.95986 196.82008 6.54546 6.37166 875.08222
7015.50775 196.32646 6.53036 6.35568 875.02478
7015.05779 195.81590 6.51410 6.33915 874.35923
7014.50725 195.16900 6.49150 6.31821 873.80837
7014.20275 194.81172 6.47866 6.30664 873.61620
7013.50675 194.00369 6.45805 6.28048 872.87605
7013.34088 193.80753 6.45016 6.27413 872.76023
7012.52012 192.80335 6.41569 6.24162 872.82359
7012.50625 192.78661 6.41539 6.24108 872.82273
7011.67773 191.79916 6.37743 6.20911 872.52829
7011.50575 191.59835 6.37086 6.20261 872.36807
7010.80478 190.79498 6.35045 6.17661 871.74912
7010.50525 190.43494 6.33420 6.16495 871.45644
7010.00326 189.79079 6.31720 6.14410 870.59052
7009.50475 189.19221 6.30136 6.12472 870.23647
7009.16147 188.78661 6.28199 6.11159 870.21394
7008.50425 188.01025 6.25927 6.08646 869.86371
7008.30813 187.78243 6.25220 6.07908 869.72614
7007.50375 186.84523 6.21794 6.04874 869.06681
7007.43772 186.77824 6.21603 6.04657 868.84670
7006.50325 185.84414 6.18782 6.01633 867.53661
7006.44189 185.77406 6.18527 6.01406 867.59587
7005.61223 184.76987 6.14866 5.98156 867.78858
7005.50275 184.64753 6.14555 5.97759 867.61653
7004.72892 183.76569 6.11740 5.94905 866.93189
7004.50225 183.51073 6.10664 5.94079 866.64318
7003.82200 182.76151 6.08919 5.91654 865.56692
7003.50175 182.39815 6.07570 5.90478 865.40970
7002.96794 181.75732 6.04975 5.88403 864.84474
7002.50125 181.15724 6.04057 5.86460 864.21385
7002.18738 180.75314 6.02396 5.85152 864.77099
7001.50075 179.94958 5.99367 5.82551 864.69104
7001.31759 179.74895 5.99046 5.81901 864.36833
7000.50025 178.84262 5.95445 5.78967 863.24598
7000.41352 178.74477 5.95077 5.78650 863.15942
6999.54410 177.74059 5.92288 5.75400 862.79363
6999.49975 177.69347 5.92092 5.75247 862.68833
6998.66807 176.73640 5.88886 5.72149 862.25773
6998.49925 176.54795 5.88305 5.71539 862.50560
6997.69359 175.73222 5.85151 5.68898 861.99581
6997.49875 175.52362 5.84560 5.68223 861.59579
6996.80207 174.72803 5.82135 5.65647 860.95702
6996.49825 174.40187 5.81074 5.64591 860.48374
6995.91606 173.72385 5.78658 5.62396 860.36805
6995.49775 173.24193 5.77121 5.60836 860.40835
6995.02953 172.71967 5.75598 5.59145 859.65916
6994.49725 172.05849 5.73371 5.57005 858.81741
6994.20951 171.71548 5.72522 5.55895 858.67304
6993.49675 170.93263 5.70000 5.53360 857.96604
6993.29957 170.71130 5.68990 5.52644 857.82240
6992.49625 169.79654 5.66542 5.49682 857.47381
6992.41724 169.70711 5.66231 5.49393 857.42744
6991.53160 168.70293 5.62423 5.46142 857.02785
6991.49575 168.66201 5.62362 5.46010 857.01599
6990.63240 167.69874 5.58953 5.42891 856.48836
6990.49525 167.54885 5.58399 5.42406 856.35873
6989.73295 166.69456 5.56121 5.39640 855.67842
6989.49475 166.44737 5.55107 5.38840 855.28916
6988.73324 165.69038 5.52448 5.36389 855.17342
6988.49425 165.44570 5.52052 5.35597 854.81421
6987.81668 164.68619 5.48867 5.33139 854.55133
6987.49375 164.29497 5.47629 5.31872 854.81153
6986.96989 163.68201 5.46332 5.29888 853.50078
6986.49325 163.17837 5.44435 5.28257 852.13643
6986.04947 162.67782 5.42789 5.26637 852.27851
6985.49275 162.05267 5.40855 5.24613 852.11358
6985.14902 161.67364 5.39410 5.23386 851.86504
6984.49225 160.93806 5.37007 5.21005 851.72996
6984.24435 160.66946 5.36145 5.20135 851.47595
6983.49175 159.85469 5.33420 5.17498 850.67731
6983.31448 159.66527 5.32776 5.16884 850.46200
6982.49125 158.78506 5.30063 5.14035 849.49852
6982.37807 158.66109 5.29656 5.13634 849.42688
6981.49075 157.67240 5.26198 5.10433 849.16648
6981.47526 157.65690 5.26164 5.10383 849.11656
6980.49025 156.65339 5.22685 5.07134 848.69795
6980.48959 156.65272 5.22682 5.07132 848.69885
6979.50849 155.64854 5.19898 5.03881 847.67537
6979.48974 155.62837 5.19814 5.03816 847.66152
6978.62202 154.64435 5.16429 5.00630 846.73725
6978.48924 154.49414 5.16253 5.00144 846.33988
6977.75629 153.64017 5.12950 4.97379 846.68770
6977.48874 153.35401 5.11886 4.96453 846.53414
6976.79726 152.63598 5.10344 4.94128 845.46331
6976.48824 152.32405 5.08850 4.93119 844.79662
6975.83286 151.63180 5.06785 4.90878 844.14554
6975.48774 151.25714 5.05863 4.89665 844.02350
6974.90361 150.62762 5.02975 4.87627 843.71073
6974.48724 150.17580 5.01800 4.86164 843.58496
6973.96317 149.62343 5.00261 4.84376 843.14249
6973.48674 149.13883 4.98139 4.82807 842.27572
6972.99332 148.61925 4.96961 4.81125 841.85295
6972.48624 148.09405 4.95051 4.79425 841.18029
6972.01519 147.61506 4.93186 4.77874 840.23820
6971.48574 147.07120 4.91989 4.76114 840.83534
6971.01745 146.61088 4.89990 4.74623 841.04758
6970.48524 146.02605 4.88025 4.72730 839.66867
6970.12101 145.60669 4.87335 4.71373 839.32342
6969.48474 144.97675 4.84875 4.69333 838.24934
6969.12226 144.60251 4.83554 4.68122 837.82109
6968.48424 143.92250 4.81760 4.65920 837.59412
6968.17521 143.59833 4.80349 4.64871 837.44026
6967.48374 142.85988 4.78038 4.62480 837.32900
6967.21809 142.59414 4.77363 4.61620 836.87185
6966.48324 141.87357 4.74291 4.59287 835.38639
6966.21141 141.58996 4.73697 4.58369 835.19184
6965.48274 140.84103 4.71387 4.55945 834.52383
6965.23791 140.58577 4.70256 4.55118 834.36357
6964.48224 139.77885 4.67916 4.52506 834.51309
6964.28963 139.58159 4.67218 4.51867 834.37349
6963.48174 138.74250 4.64171 4.49151 833.67743
6963.30165 138.57741 4.63851 4.48617 833.27156
6962.48124 137.87714 4.61373 4.46350 831.96460
6962.18020 137.57322 4.60172 4.45366 831.79557
6961.48074 136.74058 4.58118 4.42670 831.61707
6961.33044 136.56904 4.57478 4.42115 831.57393
6960.48024 135.69512 4.54528 4.39286 831.31690
6960.35051 135.56485 4.54179 4.38864 831.14313
6959.47974 134.72266 4.51100 4.36138 829.36000
6959.31832 134.56067 4.50666 4.35613 829.19431
6958.47924 133.70171 4.47939 4.32833 828.89867
6958.33768 133.55649 4.47305 4.32362 828.81836
6957.47874 132.68341 4.44625 4.29536 828.34500
6957.34557 132.55230 4.44222 4.29112 828.15684
6956.47824 131.70664 4.41211 4.26374 826.83044
6956.31679 131.54812 4.40835 4.25861 826.60467
6955.47774 130.74002 4.38031 4.23245 825.13973
6955.28591 130.54393 4.37258 4.22610 825.18947
6954.47724 129.70016 4.34780 4.19878 825.22131
6954.30337 129.53975 4.34213 4.19359 824.83058
6953.47674 128.76090 4.31567 4.16838 825.03146
6953.24969 128.53556 4.31066 4.16108 824.67322
6952.47624 127.78723 4.28645 4.13686 821.79000
6952.23204 127.53138 4.27734 4.12857 822.10542
6951.47574 126.77301 4.25484 4.10402 821.92882
6951.22405 126.52720 4.24509 4.09606 821.61235
6950.47524 125.77836 4.22174 4.07182 821.44559
6950.21048 125.52301 4.21432 4.06356 821.10983
6949.47474 124.83149 4.18732 4.04117 819.69275
6949.15835 124.51883 4.17929 4.03105 819.53883
6948.47424 123.85170 4.15738 4.00945 818.98075
6948.12478 123.51464 4.14283 3.99854 818.62391
6947.47374 122.87266 4.12661 3.97776 818.27263
6947.10941 122.51046 4.11219 3.96603 818.23112
6946.47324 121.88748 4.08957 3.94586 818.03202
6946.07303 121.50628 4.08114 3.93352 817.31367
6945.47274 120.97124 4.06030 3.91620 816.01321
6944.93432 120.50209 4.04444 3.90101 816.32648
6944.47224 120.06707 4.03296 3.88693 816.52221
6943.88149 119.49791 4.01086 3.86851 814.89037
6943.47174 119.07460 4.00027 3.85480 813.86530
6942.89899 118.49372 3.98718 3.83600 813.58424
6942.47124 118.10801 3.96882 3.82351 812.74730
6941.81381 117.48954 3.95350 3.80349 811.98514
6941.47074 117.16288 3.94415 3.79291 811.69026
6940.76219 116.48536 3.91174 3.77098 811.28699
6940.47024 116.19630 3.90805 3.76162 811.41695
6939.70297 115.48117 3.88291 3.73847 810.50085
6939.46973 115.26593 3.87251 3.73150 810.16262
6938.59440 114.47699 3.85762 3.70596 808.29604
6938.46923 114.36288 3.85223 3.70227 808.06981
6937.50854 113.47280 3.82033 3.67346 806.94781
6937.46873 113.43403 3.82011 3.67220 806.97188
6936.46823 112.47338 3.77805 3.64110 806.70315
6936.46228 112.46862 3.77794 3.64095 806.67984
6935.46773 111.70822 3.76464 3.61633 804.14713
6935.21040 111.46444 3.74987 3.60844 804.21924
6934.46723 110.69742 3.72981 3.58361 803.42062
6934.24011 110.46025 3.72659 3.57593 803.15938
6933.46673 109.72716 3.69057 3.55220 802.82647
6933.16756 109.45607 3.68448 3.54342 802.50533
6932.46623 108.81562 3.66610 3.52269 801.65068
6932.07212 108.45188 3.64819 3.51091 801.38866
6931.46573 107.91402 3.63686 3.49350 800.24777
6930.96194 107.44770 3.62012 3.47840 799.97486
6930.46523 106.99075 3.60018 3.46361 799.69305
6929.85131 106.44351 3.58570 3.44590 798.72044
6929.46473 106.08505 3.57220 3.43429 798.58054
6928.72172 105.43933 3.54981 3.41339 796.93105
6928.46423 105.21144 3.54251 3.40601 796.38170
6927.53797 104.43515 3.51818 3.38088 795.05578
6927.46373 104.37452 3.51590 3.37892 795.10845
6926.46323 103.57003 3.48827 3.35287 792.14953
6926.30871 103.43096 3.48533 3.34837 791.88775
6925.46273 102.68677 3.45700 3.32428 790.53637
6925.16719 102.42678 3.44654 3.31586 790.38400
6924.46223 101.74098 3.43378 3.29366 790.32780
6924.14326 101.42259 3.41921 3.28335 789.62236
6923.46173 100.81620 3.39786 3.26372 787.61972
6923.02017 100.41841 3.39290 3.25085 787.79044
6922.46123 99.91510 3.36367 3.23455 787.56028
6921.87521 99.41423 3.35082 3.21834 786.19898
6921.46073 99.04968 3.34647 3.20654 785.72103
6920.73803 98.41004 3.30861 3.18583 785.11136
6920.46023 98.16707 3.30397 3.17796 784.75416
6919.56911 97.40586 3.27725 3.15332 783.04193
6919.45973 97.31036 3.27171 3.15023 782.85397
6918.45923 96.53396 3.25338 3.12509 778.69948
6918.29523 96.40167 3.24805 3.12081 778.88924
6917.45873 95.72299 3.21547 3.09884 777.89213
6917.09089 95.39749 3.20737 3.08830 777.49591
6916.45823 94.83320 3.18436 3.07004 777.47270
6915.94218 94.39331 3.16583 3.05579 776.45183
6915.45773 93.98665 3.15314 3.04263 775.74845
6914.74701 93.38912 3.13006 3.02329 773.38519
6914.45723 93.11288 3.12057 3.01434 772.64331
6913.67800 92.38494 3.09435 2.99078 771.55030
6913.45673 92.19184 3.08748 2.98453 771.55311
6912.45732 91.38075 3.05272 2.95827 768.25108
6912.45623 91.37983 3.05268 2.95824 768.24894
6911.45573 90.59331 3.02581 2.93278 763.55904
6911.21579 90.37657 3.01500 2.92576 763.88624
6910.45523 89.73125 2.98649 2.90487 762.22164
6909.98028 89.37238 2.97446 2.89325 760.54570
6909.45473 88.95999 2.95395 2.87990 761.36118
6908.72297 88.36820 2.92960 2.86074 758.88856
6908.45423 88.14103 2.92089 2.85339 758.34658
6907.48313 87.36402 2.88394 2.82824 754.40369
6907.45373 87.34045 2.88302 2.82747 754.27997
6906.45323 86.55284 2.84995 2.80198 749.20559
6906.22418 86.35983 2.84058 2.79573 748.76133
6905.45273 85.75009 2.81572 2.77599 744.84265
6904.97363 85.35565 2.79936 2.76322 743.14807
6904.45223 84.91508 2.77831 2.74896 742.32506
6903.77976 84.35146 2.75298 2.73071 740.63521
6903.45173 84.05882 2.74127 2.72124 738.79339
6902.67030 83.34728 2.71218 2.69820 735.18374
6902.45123 83.16893 2.70315 2.69243 734.13966
6901.45073 82.43095 2.66411 2.66854 724.36889
6901.34552 82.34310 2.66052 2.66569 723.84527
6900.45023 81.60993 2.61924 2.64196 723.70825
6900.10618 81.33891 2.60391 2.63318 723.00227
6899.44972 80.84424 2.59463 2.61717 715.48776
6898.85529 80.33473 2.56811 2.60068 712.89316
6898.44922 80.02932 2.53914 2.59079 707.80913
6897.61094 79.33054 2.47777 2.56817 700.97046
6897.44872 79.19479 2.46858 2.56377 699.50466
6896.46237 78.32636 2.43041 2.53566 690.58278
6896.44822 78.31115 2.42981 2.53517 690.59790
6895.54684 77.32218 2.38956 2.50315 687.40903
6895.44772 77.20065 2.38512 2.49922 687.15185
6894.73249 76.31799 2.36073 2.47064 681.76801
6894.44722 75.93306 2.34306 2.45818 679.27621
6894.07771 75.31381 2.32334 2.43813 677.02429
6893.48327 74.30962 2.29773 2.40563 673.81629
6893.44672 74.25488 2.29553 2.40385 673.27654
6892.86769 73.30544 2.26081 2.37312 665.66246
6892.44622 72.61718 2.24477 2.35084 659.96428
6892.20125 72.30126 2.23804 2.34061 655.02052
6891.48295 71.29707 2.20968 2.30810 642.42763
6891.44572 71.25136 2.20855 2.30662 641.25912
6890.81811 70.29289 2.18665 2.27559 628.47699
6890.44522 69.81766 2.17669 2.26021 618.98424
6889.99811 69.28870 2.16397 2.24308 607.45377
6889.44472 68.61863 2.14842 2.22139 594.68493
6889.08420 68.28452 2.14411 2.21057 584.42005
6888.44422 67.70113 2.13154 2.19169 567.43577
6887.90679 67.28033 2.12263 2.17807 552.79380
6887.44372 66.89615 2.11533 2.16563 541.77999
6886.63952 66.27615 2.10128 2.14556 521.67240
6886.44322 66.11504 2.09808 2.14034 517.02069
6885.44272 65.42357 2.08335 2.11796 493.55206
6885.24117 65.27197 2.07947 2.11305 489.68741
6884.44222 64.68557 2.06496 2.09407 474.71743
6883.87016 64.26778 2.05527 2.08054 464.30160
6883.44172 63.94073 2.04803 2.06995 457.12593
6882.44122 63.27313 2.03161 2.04834 442.99410
6882.42932 63.26360 2.03137 2.04803 442.84275
6881.44072 62.53092 2.01488 2.02431 427.80953
6881.10846 62.25941 2.00805 2.01552 423.53740
6880.44022 61.68882 1.99336 1.99705 415.47527
6879.92312 61.25523 1.98308 1.98302 409.25346
6879.43972 60.78868 1.97153 1.96791 404.54264
6878.86401 60.25105 1.95749 1.95051 398.69941
6878.43922 59.85866 1.94775 1.93780 394.37862
6877.80091 59.24686 1.93246 1.91800 388.21436
6877.43872 58.87747 1.92214 1.90604 385.06932
6876.82699 58.24268 1.90494 1.88549 379.97324
6876.43822 57.72852 1.89175 1.86885 377.37404
6876.03918 57.23849 1.87984 1.85298 374.12908
6875.43772 56.55387 1.85944 1.83082 369.63917
6875.13890 56.23431 1.84975 1.82047 367.00259
6874.43722 55.44642 1.82697 1.79497 362.56131
6874.23715 55.23013 1.81996 1.78796 361.42718
6873.43672 54.28174 1.78929 1.75726 356.10447
6873.38717 54.22594 1.78795 1.75546 355.67026
6872.57212 53.22176 1.75310 1.72295 349.82178
6872.43622 53.05603 1.74746 1.71758 348.83035
6871.70733 52.21757 1.72244 1.69044 342.99844
6871.43572 51.94554 1.71257 1.68163 340.50299
6870.64203 51.21339 1.68971 1.65793 332.80882
6870.43522 51.02752 1.68416 1.65191 330.79226
6869.43472 50.21931 1.65690 1.62575 320.57108
6869.42179 50.20921 1.65661 1.62542 320.43873
6868.43422 49.47392 1.63345 1.60162 310.31791
6868.10543 49.20502 1.62412 1.59291 307.22150
6867.43372 48.67648 1.60866 1.57580 300.57102
6866.89368 48.20084 1.59592 1.56041 295.43186
6866.43322 47.75166 1.58125 1.54586 291.61845
6865.82364 47.19665 1.56171 1.52790 286.46272
6865.43272 46.84146 1.55042 1.51640 283.53636
6864.66870 46.19247 1.52894 1.49539 278.19795
6864.43222 46.00501 1.52239 1.48932 276.15846
6863.51965 45.18828 1.49615 1.46288 268.67688
6863.43172 45.10224 1.49318 1.46009 268.01702
6862.45689 44.18410 1.46061 1.43037 260.50231
6862.43122 44.16005 1.45984 1.42959 260.30582
6861.43072 43.35211 1.43294 1.40344 252.24481
6861.19144 43.17992 1.42711 1.39786 250.27550
6860.43022 42.73736 1.41316 1.38354 243.78297
6859.42971 42.20165 1.39576 1.36619 235.42190
6859.38572 42.17573 1.39497 1.36535 235.06993
6858.42921 41.75506 1.38161 1.35174 227.17974
6857.42871 41.23502 1.36468 1.33490 219.42303
6857.31876 41.17155 1.36263 1.33285 218.62023
6856.42821 40.61085 1.34327 1.31469 213.16904
6855.81387 40.16736 1.32954 1.30034 209.14680
6855.42771 39.86096 1.32120 1.29042 206.46584
6854.63443 39.16318 1.29857 1.26783 201.48211
6854.42721 38.99175 1.29227 1.26228 200.19769
6853.47159 38.15900 1.26437 1.23532 194.33743
6853.42671 38.11416 1.26281 1.23387 194.07034
6852.42621 37.19730 1.23061 1.20419 188.04514
6852.37678 37.15481 1.22918 1.20281 187.74653
6851.42571 36.49944 1.20741 1.18160 181.93800
6850.87932 36.15063 1.19620 1.17030 178.66310
6850.42521 35.89227 1.18774 1.16194 175.97221
6849.42471 35.29692 1.16736 1.14267 170.21585
6849.19216 35.14644 1.16225 1.13780 168.91410
6848.42421 34.69034 1.14649 1.12303 164.64955
6847.50350 34.14226 1.12737 1.10529 159.98471
6847.42371 34.09672 1.12584 1.10381 159.62714
6846.42321 33.58141 1.10892 1.08713 154.68895
6845.64020 33.13808 1.09374 1.07278 150.79029
6845.42271 33.01068 1.08931 1.06865 149.72628
6844.42221 32.43894 1.06994 1.05015 144.93510
6843.93442 32.13389 1.05971 1.04027 142.64316
6843.42171 31.85320 1.04990 1.03118 140.31252
6842.42121 31.29827 1.03051 1.01322 135.89076
6842.14592 31.12971 1.02527 1.00776 134.69644
6841.42071 30.68031 1.01220 0.99321 131.62527
6840.52700 30.12552 0.99399 0.97525 127.92098
6840.42021 30.06324 0.99186 0.97324 127.48788
6839.41971 29.48122 0.97218 0.95440 123.47338
6838.72341 29.12134 0.96043 0.94275 121.10536
6838.41921 28.98503 0.95575 0.93833 120.06982
6837.41871 28.51062 0.93938 0.92297 116.51266
6836.70360 28.11715 0.92628 0.91024 113.97616
6836.41821 27.97011 0.92129 0.90548 112.99818
6835.41771 27.43081 0.90260 0.88802 109.62102
6834.90933 27.11297 0.89145 0.87773 107.85041
6834.41721 26.75157 0.87926 0.86603 106.04299
6833.54838 26.10879 0.85666 0.84522 102.87033
6833.41671 26.01430 0.85323 0.84216 102.40057
6832.41621 25.38454 0.83135 0.82177 99.10320
6831.90586 25.10460 0.82239 0.81271 97.56315
6831.41571 24.90777 0.81598 0.80634 96.30211
6830.41521 24.58605 0.80476 0.79592 94.02251
6829.41471 24.29964 0.79438 0.78665 92.11173
6828.91560 24.10042 0.78793 0.78020 90.99444
6828.41421 23.91080 0.78186 0.77406 89.90696
6827.41371 23.51234 0.76848 0.76117 87.76933
6826.57665 23.09623 0.75349 0.74769 85.78190
6826.41321 22.99323 0.74995 0.74436 85.34059
6825.41271 22.32016 0.72910 0.72257 82.69059
6825.10548 22.09205 0.72200 0.71519 81.85972
6824.41221 21.64825 0.70683 0.70082 80.11650
6823.52561 21.08787 0.68725 0.68268 77.80115
6823.41171 21.03498 0.68572 0.68097 77.57354
6822.41121 20.69570 0.67531 0.66998 76.01818
6821.41071 20.40750 0.66566 0.66065 74.73303
6820.50149 20.08368 0.65449 0.65017 73.41599
6820.41021 20.04313 0.65316 0.64886 73.25701
6819.40970 19.53909 0.63600 0.63254 71.33560
6818.66840 19.07950 0.61950 0.61766 69.64406
6818.40920 18.93346 0.61406 0.61293 69.10918
6817.40870 18.35987 0.59409 0.59436 67.01768
6816.92423 18.07531 0.58505 0.58515 65.99757
6816.40820 17.84824 0.57763 0.57780 65.18797
6815.40770 17.51045 0.56579 0.56687 64.01843
6814.40720 17.11830 0.55247 0.55417 62.68816
6814.30253 17.07113 0.55090 0.55264 62.52763
6813.40670 16.70550 0.53865 0.54081 61.31236
6812.40620 16.24634 0.52235 0.52594 59.78655
6812.03134 16.06695 0.51585 0.52014 59.18565
6811.40570 15.80134 0.50661 0.51154 58.31585
6810.40520 15.36435 0.49199 0.49739 56.90124
6809.68899 15.06276 0.48223 0.48763 55.94743
6809.40470 14.96328 0.47893 0.48441 55.64683
6808.40420 14.65830 0.46813 0.47453 54.77733
6807.40370 14.32389 0.45663 0.46371 53.79195
6806.79442 14.05858 0.44766 0.45512 52.94204
6806.40320 13.91158 0.44261 0.45036 52.48495
6805.40270 13.58011 0.43113 0.43963 51.52867
6804.40220 13.19419 0.41929 0.42714 50.51526
6804.07523 13.05439 0.41519 0.42261 50.14280
6803.40170 12.78157 0.40743 0.41378 49.39444
6802.40120 12.33771 0.39318 0.39941 48.02481
6801.83635 12.05021 0.38294 0.39010 47.03515
6801.40070 11.87917 0.37677 0.38456 46.48782
6800.40020 11.49350 0.36353 0.37208 45.27716
6799.51746 11.04603 0.34894 0.35759 43.75126
6799.39970 11.00033 0.34746 0.35611 43.60510
6798.39920 10.71144 0.33762 0.34676 42.75101
6797.39870 10.45410 0.32857 0.33843 42.01710
6796.39820 10.10607 0.31694 0.32716 40.88472
6796.23286 10.04184 0.31493 0.32508 40.66740
6795.39770 9.78888 0.30711 0.31690 39.86041
6794.39720 9.54164 0.29933 0.30889 39.08923
6793.39670 9.30799 0.29207 0.30133 38.35742
6792.39620 9.09350 0.28529 0.29438 37.70283
6792.04589 9.03766 0.28352 0.29258 37.54916
6791.39570 8.95220 0.28075 0.28981 37.34075
6790.39520 8.84397 0.27635 0.28631 37.09265
6789.39470 8.74195 0.27164 0.28300 36.86503
6788.39420 8.65426 0.26728 0.28016 36.66345
6787.39370 8.58767 0.26399 0.27801 36.53973
6786.39320 8.48506 0.26074 0.27469 36.23120
6785.39270 8.33271 0.25693 0.26975 35.66381
6784.39220 8.08016 0.25034 0.26158 34.62686
6784.26790 8.03347 0.24885 0.26007 34.42787
6783.39170 7.67227 0.23705 0.24837 32.88103
6782.39120 7.20966 0.22258 0.23340 30.87126
6782.07664 7.02929 0.21747 0.22756 30.08259
6781.39070 6.59977 0.20363 0.21365 28.19767
6780.54767 6.02510 0.18465 0.19505 25.68121
6780.39020 5.89462 0.18075 0.19083 25.11029
6779.38969 5.02712 0.15149 0.16274 21.29937
6779.38324 5.02092 0.15129 0.16254 21.27380
0.00000 0.00000 0.00000 0.00000 0.00000
