7025.72522 246.05891 8.13216 7.96567 711.31123
7025.13420 245.32381 8.10789 7.94187 710.59209
7024.89600 245.04181 8.09859 7.93274 710.32853
7024.36126 244.41673 8.07812 7.91250 710.29539
7023.81510 243.75276 8.05602 7.89101 710.16300
7023.53008 243.41343 8.04566 7.88002 709.40751
7022.84413 242.59529 8.02128 7.85354 707.47819
7022.53648 242.22123 8.00881 7.84143 707.14637
7021.71692 241.18703 7.97464 7.80795 706.47345
7021.64644 241.09719 7.97168 7.80504 706.42231
7020.89515 240.13951 7.94012 7.77404 705.90516
7020.65410 239.82967 7.92992 7.76401 705.75068
7020.24121 239.30502 7.91265 7.74702 705.44823
7019.86694 238.86948 7.89822 7.73292 704.79185
7019.38947 238.29411 7.87921 7.71430 704.15460
7018.74784 237.50168 7.85306 7.68864 703.47289
7018.54832 237.25751 7.84500 7.68074 703.22414
7017.73882 236.25629 7.81195 7.64832 702.38418
7017.92977 236.48546 7.81955 7.65574 702.63161
7017.08720 235.50720 7.78723 7.62407 701.12800
7016.99921 235.41267 7.78408 7.62101 700.86317
7016.22390 234.52462 7.75441 7.59227 699.75207
7015.85866 234.10318 7.74188 7.57862 699.32608
7015.19228 233.29971 7.71769 7.55261 698.24870
7014.76235 232.77166 7.69994 7.53552 697.69270
7014.13085 231.98907 7.67420 7.51018 697.08926
7013.43912 231.03644 7.64300 7.47934 697.31128
7013.74774 231.42156 7.65567 7.49181 697.60179
7012.95871 230.51402 7.62561 7.46243 696.13811
7012.71408 230.22231 7.61599 7.45299 695.77794
7011.92172 229.24162 7.58365 7.42124 695.00139
7011.74035 229.02605 7.57650 7.41426 694.74491
7011.10242 228.23058 7.55031 7.38851 694.15750
7010.93578 228.02904 7.54365 7.38198 693.95159
7010.47162 227.50515 7.52625 7.36502 693.00430
7009.87438 226.81418 7.50344 7.34266 691.92207
7009.42055 226.26326 7.48498 7.32482 691.49378
7008.85390 225.57234 7.46365 7.30245 690.34293
7008.85122 225.57973 7.46384 7.30269 690.24495
7008.03144 224.66004 7.43546 7.27292 687.86401
7007.82140 224.41822 7.42728 7.26509 687.49528
7006.94063 223.39047 7.39334 7.23182 686.47823
7006.51529 222.85719 7.37593 7.21456 686.88324
7005.93497 222.08043 7.35049 7.18941 687.16789
7005.89940 222.06462 7.34991 7.18890 686.84107
7005.25369 221.29315 7.32440 7.16392 685.85312
7004.82713 220.77765 7.30739 7.14723 685.37690
7004.43676 220.31377 7.29206 7.13222 684.82307
7003.87881 219.64566 7.27000 7.11059 684.07883
7003.73651 219.48593 7.26470 7.10542 683.78074
7002.97889 218.62325 7.23611 7.07749 682.35287
7002.67726 218.27007 7.22441 7.06606 681.88455
7001.83817 217.25431 7.19085 7.03317 680.91869
7001.85984 217.28171 7.19178 7.03406 680.92291
7001.04910 216.31919 7.16163 7.00290 679.25306
7000.90879 216.15286 7.15685 6.99752 678.81258
7000.22380 215.35591 7.13138 6.97172 677.38743
6999.97744 215.05855 7.12151 6.96209 677.13242
6999.53991 214.57342 7.10542 6.94639 676.19449
6998.89182 213.85359 7.08152 6.92308 674.66593
6998.32448 213.14859 7.05846 6.90026 674.87496
6997.82386 212.53595 7.03841 6.88043 675.23668
6997.64475 212.33495 7.03177 6.87392 674.93819
6996.86180 211.40491 7.00101 6.84381 673.73122
6996.89913 211.44923 7.00247 6.84525 673.78165
6996.02290 210.45163 6.96947 6.81295 672.19510
6995.85006 210.25228 6.96285 6.80650 671.89794
6995.03891 209.28583 6.93101 6.77521 670.83239
6994.81532 209.02304 6.92235 6.76670 670.51027
6994.17307 208.24583 6.89660 6.74154 669.87008
6993.98222 208.01932 6.88989 6.73421 669.34553
6993.54284 207.53045 6.87570 6.71838 667.73784
6992.99970 206.92929 6.85635 6.69892 666.38537
6992.44602 206.28396 6.83479 6.67803 665.60348
6991.86432 205.58816 6.81186 6.65551 664.89582
6991.44774 205.09904 6.79573 6.63967 664.29493
6990.65720 204.09272 6.76273 6.60709 664.00515
6991.19531 204.71430 6.78327 6.62722 664.86563
6990.26023 203.73483 6.75066 6.59551 662.30618
6989.89284 203.32762 6.73713 6.58233 661.45167
6989.04782 202.34163 6.70473 6.55041 661.11316
6988.88870 202.16153 6.69883 6.54458 661.06857
6988.15766 201.29778 6.67041 6.51661 660.48284
6987.96466 201.07609 6.66307 6.50944 660.08657
6987.37246 200.39946 6.64067 6.48753 659.07310
6986.99940 199.97492 6.62668 6.47379 658.40859
6986.53337 199.44862 6.60898 6.45675 657.64119
6986.03081 198.88584 6.59090 6.43853 656.45955
6985.56739 198.36353 6.57581 6.42162 654.83372
6984.92031 197.61051 6.55157 6.39725 653.69128
6984.43673 197.04118 6.53271 6.37881 653.08582
6983.61325 195.98594 6.49810 6.34465 652.93527
6983.93857 196.37840 6.51104 6.35736 653.24680
6983.06858 195.38794 6.47825 6.32529 651.76981
6982.94898 195.25219 6.47375 6.32090 651.56171
6982.20618 194.39596 6.44545 6.29318 650.43623
6982.28370 194.48419 6.44836 6.29604 650.55963
6981.53761 193.71331 6.42276 6.27108 648.44054
6981.05211 193.19597 6.40555 6.25433 647.24940
6980.33431 192.38102 6.37878 6.22795 647.26696
6980.02599 192.03059 6.36727 6.21661 647.07266
6979.53256 191.48055 6.34916 6.19880 645.98520
6979.05818 190.96176 6.33166 6.18201 645.04500
6978.55067 190.38837 6.31325 6.16344 643.97546
6977.99377 189.75808 6.29495 6.14304 642.07643
6977.56479 189.26930 6.27906 6.12722 641.30106
6976.90669 188.49134 6.25333 6.10203 640.60693
6976.68267 188.24228 6.24508 6.09397 640.16574
6975.83028 187.22750 6.21165 6.06112 639.30009
6975.97081 187.38820 6.21694 6.06632 639.51602
6975.09803 186.40746 6.18453 6.03457 637.99529
6974.97755 186.27485 6.18013 6.03028 637.75320
6974.14295 185.32038 6.14856 5.99938 636.48958
6974.24225 185.41878 6.15184 6.00256 636.81010
6973.56968 184.72886 6.12892 5.98023 634.92406
6973.25888 184.41269 6.11837 5.96999 634.00316
6972.54721 183.65927 6.09334 5.94560 632.30385
6972.12927 183.23204 6.07911 5.93177 630.98001
6971.34465 182.35198 6.04998 5.90328 630.65677
6971.01100 181.96889 6.03766 5.89088 630.66087
6970.48317 181.38161 6.02059 5.87187 628.90993
6970.05570 180.89691 6.00550 5.85618 627.85167
6969.73787 180.55104 5.99378 5.84498 627.26237
6969.19825 179.98173 5.97485 5.82655 625.98351
6968.53649 179.25928 5.95090 5.80316 624.63151
6967.77759 178.34733 5.92088 5.77364 624.08762
6967.72512 178.27589 5.91854 5.77133 624.15364
6967.02181 177.48154 5.89232 5.74561 623.04196
6967.03143 177.49631 5.89280 5.74609 623.01143
6966.13508 176.52381 5.86053 5.71461 621.18193
6966.14715 176.53696 5.86097 5.71503 621.20597
6965.20838 175.53309 5.82771 5.68253 619.11785
6965.18837 175.51166 5.82700 5.68184 619.07320
6964.28026 174.54236 5.79481 5.65046 617.09821
6964.30269 174.56623 5.79560 5.65123 617.14742
6963.42584 173.66198 5.76554 5.62196 614.68420
6963.16708 173.39392 5.75656 5.61328 614.34793
6962.32497 172.48302 5.72788 5.58379 613.57819
6962.14660 172.29144 5.72236 5.57759 612.90302
6961.33364 171.41158 5.69437 5.54911 610.63503
6960.83175 170.83432 5.67516 5.53042 610.14437
6960.31025 170.20538 5.65460 5.51006 609.80206
6960.13634 170.01801 5.64836 5.50399 609.45214
6959.70871 169.56141 5.63321 5.48921 608.56583
6959.20492 169.03779 5.61584 5.47226 607.31540
6958.68673 168.47640 5.59719 5.45409 606.30593
6958.18299 167.93700 5.57934 5.43662 605.26191
6957.73654 167.46146 5.56351 5.42123 604.29068
6957.14057 166.81079 5.54200 5.40017 603.19945
6956.87850 166.53282 5.53279 5.39117 602.63330
6956.32563 165.94713 5.51329 5.37221 601.42594
6956.32738 165.95606 5.51357 5.37250 601.34432
6955.54044 165.22304 5.48910 5.34877 598.39156
6954.84138 164.50811 5.46475 5.32562 596.76761
6954.14983 163.76161 5.44271 5.30145 594.33418
6953.92052 163.51537 5.43537 5.29348 593.85964
6953.23495 162.79235 5.41169 5.27008 593.62730
6952.90544 162.44724 5.40016 5.25890 592.99152
6952.09842 161.56730 5.37106 5.23042 591.35681
6951.88190 161.32723 5.36313 5.22265 591.05787
6951.04567 160.39597 5.33230 5.19250 589.84505
6951.17282 160.53342 5.33685 5.19695 590.08217
6950.24066 159.55556 5.30444 5.16529 587.99706
6950.25104 159.56635 5.30480 5.16564 588.02129
6949.28553 158.56216 5.27140 5.13313 585.78794
6949.27962 158.55586 5.27119 5.13293 585.77673
6948.33129 157.57254 5.23855 5.10110 583.55569
6948.19160 157.42740 5.23374 5.09640 583.22416
6947.29855 156.47519 5.20214 5.06557 581.46119
6947.50538 156.68348 5.20908 5.07231 582.02801
6946.60499 155.81440 5.18001 5.04418 579.14216
6946.54890 155.76034 5.17817 5.04243 578.97586
6945.57292 154.82296 5.14796 5.01208 575.40463
6945.21962 154.46727 5.13769 5.00057 574.50413
6944.27719 153.47181 5.10528 4.96834 573.23834
6943.88858 153.04007 5.09099 4.95437 572.57962
6943.17269 152.20123 5.06346 4.92721 572.24633
6943.49456 152.54565 5.07485 4.93836 572.78973
6942.70139 151.78416 5.04936 4.91371 570.27258
6942.27193 151.35271 5.03499 4.89974 569.11464
6941.50301 150.54842 5.00825 4.87370 567.48705
6941.32708 150.37500 5.00244 4.86809 566.97512
6940.53604 149.56046 4.97539 4.84172 565.15643
6940.39347 149.41233 4.97048 4.83693 564.83065
6939.65630 148.67958 4.94605 4.81320 562.77621
6939.46391 148.48749 4.93961 4.80699 562.26132
6938.68909 147.72929 4.91435 4.78244 559.94444
6938.61688 147.65504 4.91189 4.78004 559.77294
6937.80354 146.89780 4.88615 4.75552 557.05763
6937.41039 146.52314 4.87410 4.74339 555.59168
6936.51860 145.62420 4.84725 4.71429 551.86821
6936.46919 145.57442 4.84561 4.71268 551.75948
6935.54530 144.67044 4.81541 4.68342 550.87137
6935.05604 144.15169 4.79822 4.66662 549.91786
6934.35012 143.36981 4.77235 4.64131 548.97834
6934.35781 143.39277 4.77307 4.64205 548.79711
6933.55444 142.57166 4.74572 4.61547 546.95624
6933.47441 142.49056 4.74302 4.61285 546.76030
6932.67381 141.71217 4.71704 4.58765 544.37631
6932.45875 141.49781 4.70988 4.58071 543.79572
6931.64185 140.69757 4.68317 4.55480 541.49126
6931.40489 140.46417 4.67535 4.54725 540.81876
6930.57345 139.63177 4.64762 4.52030 538.68278
6930.44849 139.50979 4.64354 4.51635 538.31840
6929.59429 138.66679 4.61538 4.48906 535.95361
6930.07008 139.08648 4.62950 4.50265 537.94244
6929.13960 138.33401 4.60401 4.47829 533.14458
6928.39880 137.66520 4.58110 4.45664 530.43831
6927.44667 136.72584 4.55295 4.42623 527.37288
6927.25989 136.54035 4.54730 4.42022 527.09480
6926.31543 135.57399 4.51500 4.38894 525.32346
6926.39358 135.65179 4.51760 4.39146 525.52593
6925.44205 134.71396 4.48622 4.36110 523.00252
6925.44220 134.71232 4.48617 4.36104 523.02662
6924.51317 133.81430 4.45617 4.33197 520.20624
6924.37635 133.68118 4.45172 4.32766 519.81518
6923.48305 132.80836 4.42247 4.29941 517.26660
6923.48863 132.81286 4.42262 4.29955 517.29442
6922.61981 132.00023 4.39536 4.27324 514.33797
6922.42289 131.81221 4.38908 4.26716 513.72530
6921.67215 131.11096 4.36550 4.24446 511.18096
6921.43868 130.90138 4.35841 4.23767 510.27443
6920.70575 130.22939 4.33579 4.21592 507.58753
6920.33577 129.89020 4.32442 4.20494 506.20621
6919.65413 129.26729 4.30305 4.18477 503.90437
6919.21425 128.84790 4.28939 4.17119 502.27711
6918.72842 128.41083 4.27644 4.15704 499.58470
6918.02155 127.75909 4.25574 4.13595 497.85009
6917.48327 127.23179 4.23827 4.11887 496.81868
6916.79314 126.56204 4.21576 4.09719 494.60804
6916.24523 125.98991 4.19670 4.07867 493.62370
6915.92723 125.65409 4.18553 4.06780 493.06664
6915.73857 125.49504 4.18013 4.06265 492.20317
6915.03265 124.84994 4.15830 4.04177 489.60451
6914.62165 124.46746 4.14544 4.02939 488.18225
6913.84584 123.73775 4.12082 4.00576 485.60927
6913.70494 123.59530 4.11604 4.00115 485.23970
6912.95655 122.92441 4.09339 3.97943 482.31280
6912.91177 122.88236 4.09198 3.97807 482.15916
6911.94869 122.05318 4.06373 3.95123 477.93346
6912.05807 122.14515 4.06688 3.95420 478.47541
6910.99961 121.26382 4.03669 3.92567 473.36954
6910.42026 120.73995 4.01904 3.90871 471.06053
6909.61310 119.97397 3.99305 3.88392 469.15181
6909.60041 119.96383 3.99274 3.88359 469.08462
6908.82749 119.28630 3.97261 3.86166 465.66363
6908.20803 118.72307 3.95402 3.84342 462.95334
6907.43976 117.97649 3.92871 3.81925 460.76895
6907.10656 117.64029 3.91747 3.80837 459.95557
6906.66138 117.21877 3.90320 3.79472 458.43772
6906.26761 116.86593 3.89117 3.78330 456.84968
6905.78021 116.42082 3.87604 3.76889 455.02057
6905.30172 115.99845 3.86160 3.75522 453.00875
6904.76647 115.53906 3.84580 3.74035 450.63107
6903.95977 114.79160 3.82040 3.71615 447.63958
6904.16949 114.95860 3.82616 3.72155 448.76370
6903.35181 114.32666 3.80422 3.70110 444.14513
6902.95267 113.99780 3.79287 3.69045 442.17425
6901.93756 113.12970 3.76298 3.66235 437.55793
6901.69088 112.91183 3.75547 3.65529 436.49891
6900.79343 112.11414 3.72830 3.62947 432.97802
6900.67271 112.00100 3.72445 3.62581 432.79962
6899.91017 111.35249 3.70205 3.60481 430.46960
6899.36964 110.87131 3.68682 3.58924 427.36949
6898.90544 110.45038 3.67402 3.57561 424.82956
6898.33885 109.98055 3.65805 3.56040 421.93685
6897.63331 109.33833 3.63578 3.53961 419.17273
6897.05457 108.79161 3.61701 3.52191 417.03564
6896.78602 108.56041 3.60899 3.51443 415.76875
6895.98329 107.83454 3.58386 3.49093 412.39611
6895.98075 107.82547 3.58357 3.49063 412.46667
6895.08487 107.07840 3.55754 3.46645 408.06944
6895.25516 107.21197 3.56223 3.47077 408.97359
6894.23914 106.41635 3.53416 3.44502 403.28367
6893.82997 106.07794 3.52225 3.43406 401.15711
6892.98221 105.36856 3.49745 3.41110 396.88510
6892.58891 105.02580 3.48557 3.40000 395.04999
6892.04760 104.57367 3.46988 3.38536 393.10109
6891.41502 104.04802 3.45145 3.36835 390.63599
6890.98384 103.67725 3.43836 3.35634 388.40332
6890.18508 103.00577 3.41482 3.33461 384.34820
6890.00758 102.84435 3.40916 3.32938 383.60529
6889.09616 102.08889 3.38239 3.30492 378.93209
6889.25993 102.22007 3.38674 3.30917 379.96923
6888.17648 101.36788 3.35968 3.28158 372.71381
6887.37316 100.66228 3.33538 3.25874 368.75696
6886.58832 99.91172 3.30948 3.23444 365.87936
6886.67320 99.98647 3.31202 3.23686 366.28787
6886.25693 99.63349 3.29982 3.22543 364.04458
6886.00751 99.46297 3.29374 3.21991 362.30040
6885.23981 98.89139 3.27327 3.20141 357.65932
6884.26861 98.09439 3.24533 3.17561 352.56144
6884.27372 98.09417 3.24533 3.17560 352.62485
6883.27654 97.31995 3.21833 3.15054 347.00455
6882.99628 97.08925 3.21034 3.14307 345.90073
6882.11671 96.36786 3.18554 3.11972 342.17597
6881.81533 96.12435 3.17714 3.11183 340.40805
6881.06463 95.51120 3.15641 3.09198 336.44051
6880.52966 95.05987 3.14109 3.07737 333.71472
6880.18534 94.77988 3.13165 3.06831 331.87622
6879.39323 94.14983 3.11055 3.04791 327.68268
6879.27084 94.04278 3.10689 3.04445 327.13644
6878.31445 93.30442 3.08414 3.02054 321.74062
6878.15975 93.18043 3.08078 3.01653 320.86077
6877.27392 92.47705 3.06042 2.99376 316.00368
6876.99412 92.26709 3.05388 2.98696 314.54730
6876.03438 91.51135 3.03014 2.96250 309.85895
6875.39329 90.93954 3.01340 2.94399 307.07384
6875.42186 90.96147 3.01403 2.94470 307.21083
6874.63794 90.39418 2.99760 2.92633 303.32206
6873.91909 89.81979 2.98059 2.90774 300.62676
6872.89337 88.93099 2.95534 2.87896 296.17458
6873.18257 89.17007 2.96191 2.88670 297.39644
6872.15341 88.35448 2.94008 2.86030 292.99236
6872.02928 88.23589 2.93683 2.85646 292.43842
6871.08493 87.52287 2.91795 2.83338 288.36374
6870.24436 86.75951 2.89776 2.80867 285.15032
6869.93955 86.49982 2.89159 2.80026 283.97839
6868.98032 85.67359 2.87031 2.77351 280.38770
6868.13889 84.81131 2.84324 2.74560 277.36768
6867.39976 84.02201 2.82923 2.72004 274.72510
6866.74431 83.25597 2.81022 2.69525 272.43523
6865.99119 82.32020 2.76862 2.66495 269.80194
6865.21958 81.23275 2.76479 2.62975 267.42050
6864.65319 80.34891 2.71725 2.60114 265.97050
6864.06676 79.31600 2.51743 2.56770 264.48637
6863.99764 79.19786 2.50683 2.56387 264.34221
6863.71302 78.77472 2.49370 2.55017 263.64380
6863.03659 77.72793 2.46408 2.51629 262.19002
6863.03884 77.73143 2.46419 2.51640 262.19451
6862.55089 76.96919 2.44361 2.49172 261.29497
6862.55277 77.00167 2.44462 2.49277 261.22380
6862.08024 76.39495 2.42710 2.47313 260.16887
6861.68705 75.87156 2.41247 2.45619 259.34750
6862.17912 76.42612 2.42764 2.47414 260.66086
6861.71235 75.97110 2.41537 2.45941 259.21515
6861.82062 76.08554 2.41841 2.46312 259.53427
6861.39364 75.73464 2.40989 2.45176 257.97225
6860.85935 75.35964 2.40225 2.43962 255.85345
6860.60342 75.16000 2.39810 2.43315 254.88125
6859.69250 74.52202 2.38324 2.41250 251.68592
6859.74966 74.56048 2.38419 2.41375 251.88044
6858.68087 73.83779 2.36708 2.39035 248.24352
6857.90581 73.25965 2.35307 2.37163 245.75041
6857.56952 73.00513 2.34689 2.36340 244.68883
6856.71817 72.40235 2.33234 2.34388 242.23506
6856.33152 72.11249 2.32504 2.33450 241.24375
6855.30894 71.32540 2.30591 2.30902 238.23181
6855.27191 71.28975 2.30501 2.30786 238.13484
6854.36412 70.62463 2.28877 2.28633 235.45997
6853.38653 69.82928 2.26907 2.26058 232.63841
6852.84447 69.33659 2.25636 2.24463 231.08613
6852.16986 68.76489 2.24152 2.22613 229.18030
6851.59625 68.23265 2.22746 2.20890 227.55903
6850.86453 67.54988 2.20929 2.18679 225.46942
6850.75717 67.44342 2.20632 2.18335 225.16814
6849.94476 66.72930 2.18632 2.16023 222.90827
6849.32200 66.14288 2.17196 2.14124 221.07501
6848.28185 65.07402 2.14229 2.10664 218.14956
6847.63175 64.30039 2.11921 2.08160 216.37718
6847.11831 63.66717 2.09990 2.06110 215.18457
6846.92662 63.45918 2.09358 2.05436 214.69924
6846.31154 62.75559 2.07217 2.03159 212.97014
6845.82179 62.17584 2.05422 2.01282 211.66394
6845.30817 61.57779 2.03559 1.99346 210.22854
6844.68724 60.79758 2.01114 1.96820 208.64040
6844.48981 60.57775 2.00420 1.96108 208.12070
6843.64632 59.53127 1.97097 1.92721 205.95816
6843.86200 59.79008 1.97918 1.93558 206.53781
6843.04531 58.85127 1.94917 1.90519 204.36523
6843.85023 59.65407 1.97472 1.93118 206.64357
6842.88944 58.82363 1.94841 1.90430 203.77035
6843.06134 58.96762 1.95305 1.90896 204.29056
6842.20941 58.27417 1.93069 1.88651 201.73313
6842.33280 58.37163 1.93373 1.88966 202.10779
6841.43968 57.74370 1.91554 1.86934 199.28969
6840.52365 57.01786 1.89444 1.84584 196.58180
6839.97226 56.57347 1.87970 1.83145 194.99513
6838.95544 55.69540 1.85116 1.80303 192.27887
6838.49333 55.25859 1.83683 1.78889 191.12053
6837.63195 54.43554 1.80976 1.76224 188.68088
6837.51610 54.32734 1.80618 1.75874 188.35153
6836.58332 53.43419 1.77668 1.72982 185.72876
6836.89361 53.71753 1.78600 1.73900 186.60082
6835.88441 52.84816 1.75728 1.71085 183.74433
6835.40149 52.41135 1.74270 1.69671 182.38579
6834.50882 51.54926 1.71400 1.66880 179.87340
6834.97097 51.95303 1.72742 1.68188 181.16823
6834.39001 51.48892 1.71202 1.66685 179.53559
6834.68499 51.68854 1.71862 1.67331 180.36746
6835.08239 51.90430 1.72575 1.68030 181.50438
6834.06592 51.45111 1.71089 1.66563 178.65696
6833.41459 51.09593 1.69913 1.65413 176.89836
6833.07886 50.95063 1.69431 1.64942 176.05908
6831.70633 50.26561 1.67152 1.62725 172.76162
6830.34746 49.43607 1.64372 1.60039 169.54065
6829.51029 48.83231 1.62371 1.58085 167.60543
6828.59292 48.15755 1.60411 1.55900 165.47002
6827.79439 47.50332 1.58231 1.53783 163.40407
6826.81378 46.62614 1.55260 1.50943 160.73683
6826.73319 46.55690 1.55027 1.50719 160.52491
6825.72714 45.64986 1.51954 1.47782 157.73483
6825.70382 45.63039 1.51888 1.47719 157.67360
6824.80850 44.83266 1.49187 1.45137 155.21430
6825.39259 45.28879 1.50732 1.46613 156.70504
6825.06432 45.05879 1.49953 1.45869 155.91545
6824.68999 44.84850 1.49241 1.45188 155.12619
6824.43374 44.71446 1.48787 1.44754 154.61629
6823.21694 43.99887 1.46356 1.42438 152.04910
6822.69472 43.66005 1.45204 1.41341 150.90325
6822.35320 43.46411 1.44538 1.40706 150.21962
6821.29438 42.84088 1.42415 1.38689 148.12002
6821.25350 42.80782 1.42302 1.38582 148.01795
6820.45633 42.35940 1.40772 1.37130 146.55413
6819.47956 41.79540 1.38844 1.35304 144.69174
6819.44729 41.77610 1.38779 1.35242 144.62932
6818.29077 41.11370 1.36520 1.33097 142.51098
6817.65075 40.70685 1.35102 1.31780 141.21807
6817.80565 40.79989 1.35420 1.32081 141.51330
6816.72614 40.24843 1.33599 1.30296 139.85242
6815.85765 39.75718 1.32171 1.28706 138.60338
6815.11511 39.31023 1.30722 1.27259 137.34735
6814.03411 38.62299 1.28335 1.25034 135.25079
6814.35753 38.81330 1.28988 1.25650 135.81872
6813.42158 38.28783 1.27190 1.23949 134.28054
6812.57920 37.79006 1.25490 1.22338 132.85111
6813.20578 38.11895 1.26616 1.23402 133.76145
6811.93630 37.53014 1.24596 1.21496 132.17456
6810.75339 36.89018 1.22393 1.19425 130.38995
6810.62114 36.81845 1.22147 1.19192 130.19158
6809.38931 36.14254 1.19832 1.17004 128.35627
6808.15231 35.35696 1.17132 1.14461 126.07921
6807.36633 34.77528 1.15145 1.12578 124.27432
6806.46326 34.09055 1.12794 1.10361 122.12337
6807.49266 34.76019 1.15095 1.12529 124.10797
6806.53393 34.23152 1.13277 1.10818 122.66269
6806.12184 33.98969 1.12445 1.10035 121.98646
6807.29647 34.48631 1.14158 1.11643 123.11540
6806.49773 34.24567 1.13325 1.10864 122.75468
6805.17205 33.83711 1.11910 1.09541 122.20860
6803.99515 33.38279 1.10343 1.08070 121.38844
6803.56040 33.20487 1.09730 1.07494 120.98229
6802.27473 32.66230 1.07868 1.05738 119.85771
6800.99703 32.04027 1.05735 1.03724 118.41606
6799.61368 31.20795 1.02863 1.01030 116.03473
6798.62768 30.50264 1.00756 0.98746 114.19734
6798.84365 30.63430 1.01155 0.99172 114.50722
6798.26516 30.30944 1.00154 0.98121 113.78268
6797.14641 29.61742 0.97751 0.95880 111.69908
6799.14452 30.55582 1.00932 0.98918 113.80775
6798.43713 30.32003 1.00188 0.98155 113.60835
6797.19951 29.95280 0.98927 0.96966 113.38237
6795.79287 29.42012 0.97056 0.95242 112.48068
6794.73309 28.93929 0.95412 0.93685 111.45787
6793.43612 28.24989 0.93046 0.91453 109.48895
6792.37654 27.59345 0.90795 0.89328 107.46903
6792.40944 27.61848 0.90880 0.89409 107.55636
6791.41284 27.04376 0.88907 0.87549 105.87534
6791.44841 27.04259 0.88904 0.87545 105.82089
6792.14887 27.33882 0.89924 0.88504 106.43669
6791.24184 27.05707 0.88950 0.87592 106.18105
6789.89430 26.58250 0.87315 0.86056 105.51232
6789.07834 26.24053 0.86137 0.84948 104.79281
6788.24018 25.87597 0.84883 0.83768 103.98069
6786.97474 25.27641 0.82825 0.81827 102.43930
6786.46864 25.00738 0.81901 0.80956 101.65975
6786.38515 24.96617 0.81760 0.80823 101.54253
6785.52123 24.60614 0.80524 0.79657 100.59077
6784.87885 24.33351 0.79586 0.78775 99.94399
6785.43491 24.53434 0.80278 0.79425 100.30329
6784.30692 24.19216 0.79100 0.78317 99.95235
6782.97531 23.73063 0.77523 0.76823 99.18975
6782.23288 23.44430 0.76537 0.75896 98.57352
6782.26595 23.46362 0.76604 0.75959 98.64020
6781.10098 23.07632 0.75252 0.74705 97.98055
6779.72797 22.57227 0.73592 0.73073 97.03550
6778.76648 22.15027 0.72348 0.71707 96.18195
6778.21008 21.89450 0.71566 0.70879 95.57184
6777.07745 21.37173 0.69800 0.69187 93.98994
6776.64431 21.14545 0.69012 0.68454 93.09270
6776.68034 21.17892 0.69128 0.68563 93.25628
6775.29138 20.60809 0.67181 0.66715 91.56661
6774.16249 20.05340 0.65296 0.64919 89.64302
6775.57884 20.60098 0.67156 0.66692 91.14923
6774.95985 20.41935 0.66541 0.66104 90.85256
6773.81588 20.16649 0.65684 0.65285 90.78183
6772.23174 19.67509 0.64018 0.63694 89.73041
6771.82331 19.52329 0.63504 0.63203 89.28641
6771.66400 19.47284 0.63333 0.63039 89.16871
6770.98867 19.29299 0.62728 0.62457 88.87682
6770.34014 19.14495 0.62232 0.61978 88.73610
6769.69638 19.02279 0.61827 0.61582 88.74466
6769.06507 18.93038 0.61526 0.61283 88.95329
6769.32417 18.96233 0.61629 0.61387 88.82348
6768.39693 18.86698 0.61325 0.61078 89.36706
6767.53974 18.78443 0.61064 0.60811 89.83465
6766.65986 18.72007 0.60871 0.60602 90.61681
6765.33768 18.62013 0.60574 0.60279 91.83193
6763.73045 18.39851 0.59882 0.59561 92.66701
6761.98374 18.04782 0.58759 0.58426 92.81720
6760.50642 17.61931 0.57361 0.57039 91.91675
6759.32087 17.18052 0.55912 0.55619 90.42049
6758.09869 16.63616 0.54098 0.53856 87.94998
6756.80028 15.98379 0.51912 0.51744 84.92376
6755.82218 15.41217 0.49982 0.49894 81.97955
6754.74862 14.70724 0.47596 0.47612 78.18000
6753.63984 13.90168 0.44815 0.45004 73.62104
6753.00625 13.36694 0.43058 0.43273 70.66959
6752.30433 12.80101 0.41385 0.41441 68.09975
0.00000 0.00000 0.00000 0.00000 0.00000
