6687.88709 10.04184 0.25434 0.32508 126.63745
6688.34417 10.10673 0.25702 0.32719 127.03737
6689.34467 10.23545 0.26258 0.33135 127.56126
6690.34517 10.35817 0.26807 0.33533 127.92313
6691.34567 10.47079 0.27330 0.33897 128.10899
6692.34617 10.57858 0.27831 0.34246 128.18637
6693.34667 10.69419 0.28357 0.34620 128.34244
6694.34717 10.82033 0.28915 0.35029 128.60902
6695.34767 10.96294 0.29525 0.35490 129.06764
6695.92004 11.04603 0.29883 0.35759 129.33078
6696.34817 11.11728 0.30181 0.35990 129.63020
6697.34867 11.28518 0.30871 0.36534 130.40888
6698.34917 11.43009 0.31484 0.37003 130.84726
6699.34967 11.56508 0.32084 0.37440 131.03317
6700.35018 11.70734 0.32718 0.37900 131.26816
6701.35068 11.86461 0.33404 0.38409 131.68771
6702.31406 12.05021 0.34187 0.39010 132.53779
6702.35118 12.05835 0.34220 0.39037 132.58446
6703.35168 12.26224 0.35065 0.39697 133.59032
6704.35218 12.42961 0.35775 0.40238 134.03562
6705.35268 12.58877 0.36443 0.40754 134.28530
6706.35318 12.74332 0.37073 0.41254 134.34866
6707.35368 12.91894 0.37725 0.41822 134.63474
6707.94996 13.05439 0.38220 0.42261 135.01489
6708.35418 13.14852 0.38569 0.42566 135.32617
6709.35468 13.33903 0.39274 0.43182 135.48449
6710.35518 13.52397 0.40000 0.43781 135.66984
6711.35568 13.70504 0.40731 0.44367 135.88699
6712.35618 13.91748 0.41589 0.45055 136.58328
6713.00893 14.05858 0.42163 0.45512 137.07873
6713.35668 14.13498 0.42475 0.45759 137.34967
6714.35718 14.34181 0.43338 0.46429 137.88222
6715.35768 14.51157 0.44051 0.46978 138.08858
6716.35818 14.70148 0.44845 0.47593 138.33828
6717.35868 14.92099 0.45735 0.48304 138.86502
6717.99473 15.06276 0.46313 0.48763 139.21352
6718.35918 15.14870 0.46654 0.49041 139.46285
6719.35968 15.36719 0.47527 0.49748 139.91034
6720.36018 15.58688 0.48398 0.50459 140.33118
6721.36068 15.81113 0.49300 0.51185 140.75670
6722.36118 16.04775 0.50259 0.51951 141.30068
6722.44113 16.06695 0.50336 0.52014 141.34172
6723.36168 16.28399 0.51207 0.52716 141.81539
6724.36218 16.49433 0.52044 0.53397 142.15909
6725.36268 16.71035 0.52904 0.54096 142.29438
6726.36318 16.96359 0.53880 0.54916 142.84887
6726.74205 17.07113 0.54288 0.55264 143.18933
6727.36368 17.25157 0.54980 0.55849 143.77603
6728.36418 17.49736 0.55951 0.56644 144.14098
6729.36468 17.73460 0.56900 0.57412 144.36725
6730.36518 17.99534 0.57906 0.58256 144.82609
6730.65622 18.07531 0.58210 0.58515 145.00433
6731.36568 18.27395 0.58962 0.59158 145.44548
6732.36618 18.54899 0.59993 0.60049 145.97407
6733.36668 18.77665 0.60863 0.60786 146.18844
6734.36718 19.06585 0.61959 0.61722 146.76339
6734.40852 19.07950 0.62011 0.61766 146.80674
6735.36768 19.36421 0.63084 0.62688 147.42375
6736.36818 19.62014 0.64032 0.63516 147.53389
6737.36868 19.88374 0.64982 0.64370 147.70119
6738.08932 20.08368 0.65698 0.65017 147.90368
6738.36918 20.16773 0.66000 0.65289 148.04831
6739.36968 20.48503 0.67139 0.66316 148.72854
6740.37019 20.76050 0.68153 0.67208 148.84933
6741.37069 21.05098 0.69168 0.68148 149.34339
6741.48798 21.08787 0.69296 0.68268 149.45951
6742.37119 21.38170 0.70303 0.69219 150.22487
6743.37169 21.69773 0.71388 0.70242 150.77614
6744.37219 22.00669 0.72401 0.71242 150.95396
6744.64219 22.09205 0.72662 0.71519 150.96342
6745.37269 22.35282 0.73432 0.72363 151.16914
6746.37319 22.67578 0.74375 0.73408 151.19895
6747.37369 22.99679 0.75371 0.74448 151.52729
6747.63969 23.09623 0.75695 0.74769 151.79691
6748.37419 23.34368 0.76527 0.75571 152.26528
6749.37469 23.64369 0.77531 0.76542 152.42629
6750.37519 23.96016 0.78588 0.77566 152.79606
6750.80672 24.10042 0.79058 0.78020 153.12421
6751.37569 24.30090 0.79727 0.78669 153.52543
6752.37619 24.68194 0.80961 0.79903 154.44426
6753.37669 25.00801 0.82050 0.80958 154.73707
6753.64510 25.10460 0.82382 0.81271 154.91008
6754.37719 25.38801 0.83359 0.82189 155.58218
6755.37769 25.71109 0.84419 0.83235 155.77744
6756.37819 26.07702 0.85613 0.84419 156.41931
6756.46325 26.10879 0.85718 0.84522 156.47905
6757.37869 26.43383 0.86798 0.85574 156.92835
6758.37919 26.79046 0.87986 0.86729 157.36872
6759.37969 27.11198 0.89101 0.87770 157.78943
6759.38220 27.11297 0.89105 0.87773 157.79216
6760.38019 27.48997 0.90345 0.88993 158.41573
6761.38069 27.85610 0.91639 0.90179 158.90138
6762.13085 28.11715 0.92529 0.91024 159.09030
6762.38119 28.21902 0.92872 0.91353 159.30574
6763.38169 28.62381 0.94250 0.92664 160.11572
6764.38219 28.99365 0.95454 0.93861 160.52608
6764.68438 29.12134 0.95872 0.94275 160.79529
6765.38269 29.41664 0.96895 0.95230 161.42842
6766.38319 29.78546 0.98210 0.96424 161.78795
6767.25182 30.12552 0.99416 0.97525 162.30904
6767.38369 30.18949 0.99627 0.97732 162.47536
6768.38419 30.58636 1.00870 0.99017 163.02761
6769.38469 31.00746 1.02110 1.00380 163.26984
6769.65702 31.12971 1.02491 1.00776 163.40118
6770.38519 31.44774 1.03570 1.01806 163.93093
6771.38569 31.85028 1.04924 1.03109 164.47352
6772.03203 32.13389 1.05885 1.04027 165.03126
6772.38619 32.30554 1.06507 1.04583 165.47234
6773.38669 32.72048 1.07973 1.05926 165.99610
6774.38719 33.11747 1.09309 1.07211 166.32148
6774.43431 33.13808 1.09377 1.07278 166.35424
6775.38769 33.55021 1.10738 1.08612 166.97771
6776.38819 33.93874 1.12121 1.09870 167.18738
6776.87010 34.14226 1.12848 1.10529 167.64517
6777.38869 34.38319 1.13691 1.11309 168.21752
6778.38919 34.81230 1.15117 1.12698 168.68603
6779.21098 35.14644 1.16261 1.13780 168.91153
6779.38969 35.23573 1.16585 1.14069 169.11214
6780.39020 35.71608 1.18302 1.15624 170.01836
6781.32661 36.15063 1.19764 1.17030 170.69230
6781.39070 36.18370 1.19870 1.17137 170.76914
6782.39120 36.68424 1.21624 1.18758 171.79278
6783.39170 37.13615 1.23226 1.20221 172.32436
6783.43208 37.15481 1.23290 1.20281 172.34810
6784.39220 37.57948 1.24654 1.21656 172.76096
6785.39270 38.00315 1.26085 1.23028 172.94827
6785.73969 38.15900 1.26631 1.23532 173.19554
6786.39320 38.47888 1.27823 1.24568 173.98519
6787.39370 38.96054 1.29422 1.26127 174.66449
6787.82474 39.16318 1.30128 1.26783 174.95667
6788.39420 39.48417 1.31262 1.27822 175.72941
6789.39470 39.95344 1.32741 1.29341 175.80503
6789.77023 40.16736 1.33354 1.30034 176.05478
6790.39520 40.49428 1.34332 1.31092 176.38244
6791.39570 40.95243 1.35892 1.32575 176.74847
6791.77748 41.17155 1.36727 1.33285 177.29910
6792.39620 41.54869 1.38094 1.34506 178.31559
6793.39670 41.99849 1.39528 1.35962 178.50462
6793.76959 42.17573 1.40128 1.36535 178.65227
6794.39720 42.50912 1.41340 1.37615 179.42771
6795.39770 42.96186 1.42905 1.39080 179.80709
6795.79809 43.17992 1.43618 1.39786 180.16911
6796.39820 43.50631 1.44670 1.40843 180.74393
6797.39870 44.00033 1.46452 1.42442 181.23223
6797.72784 44.18410 1.47130 1.43037 181.56541
6798.39920 44.56811 1.48401 1.44280 182.31138
6799.39970 45.04445 1.50004 1.45822 182.60890
6799.68158 45.18828 1.50502 1.46288 182.76972
6800.40020 45.58256 1.51942 1.47564 183.39810
6801.40070 46.12264 1.53673 1.49313 184.17705
6801.52750 46.19247 1.53894 1.49539 184.28740
6802.40120 46.67354 1.55596 1.51096 185.01859
6803.40170 47.18553 1.57456 1.52754 185.57809
6803.42245 47.19665 1.57493 1.52790 185.60069
6804.40220 47.69670 1.59059 1.54409 186.45501
6805.31309 48.20084 1.60840 1.56041 187.01275
6805.40270 48.26417 1.61041 1.56246 187.13950
6806.40320 48.88356 1.62868 1.58251 187.83043
6806.91483 49.20502 1.63767 1.59291 188.41965
6807.40370 49.50954 1.64890 1.60277 189.11767
6808.40420 50.02138 1.66759 1.61934 189.56796
6808.72270 50.20921 1.67396 1.62542 189.88079
6809.40470 50.60660 1.68664 1.63829 190.51618
6810.40520 51.16700 1.70667 1.65643 191.29392
6810.48237 51.21339 1.70845 1.65793 191.38042
6811.40570 51.77445 1.72651 1.67609 192.36870
6812.30901 52.21757 1.74108 1.69044 192.86501
6812.40620 52.26952 1.74292 1.69212 192.96171
6813.40670 52.86237 1.76439 1.71131 193.94775
6814.02501 53.22176 1.77515 1.72295 194.51154
6814.40720 53.46053 1.78282 1.73068 194.95763
6815.40770 54.06683 1.80486 1.75031 196.00968
6815.67435 54.22594 1.81018 1.75546 196.26444
6816.40820 54.64129 1.82312 1.76890 196.81376
6817.40870 55.22509 1.84267 1.78780 197.70408
6817.41658 55.23013 1.84286 1.78796 197.71397
6818.40920 55.85633 1.86405 1.80824 198.90207
6819.03845 56.23431 1.87599 1.82047 199.51172
6819.40970 56.47982 1.88397 1.82842 200.02889
6820.41021 57.06377 1.90588 1.84733 200.98060
6820.70830 57.23849 1.91048 1.85298 201.19566
6821.41071 57.67733 1.92118 1.86719 201.89192
6822.34960 58.24268 1.93949 1.88549 202.60032
6822.41121 58.28110 1.94078 1.88673 202.65843
6823.41171 58.97017 1.96388 1.90904 204.28967
6823.86672 59.24686 1.97092 1.91800 204.76149
6824.41221 59.59229 1.98406 1.92918 205.43475
6825.41271 60.24075 2.00497 1.95017 206.74639
6825.42923 60.25105 2.00526 1.95051 206.76596
6826.41321 60.85296 2.02427 1.96999 207.87260
6827.01908 61.25523 2.03876 1.98302 208.75455
6827.41371 61.53060 2.04805 1.99193 209.39632
6828.41421 62.11510 2.06326 2.01085 210.41062
6828.63069 62.25941 2.06872 2.01552 210.72943
6829.41471 62.79036 2.08728 2.03271 211.92615
6830.23979 63.26360 2.10107 2.04803 212.98112
6830.41521 63.37640 2.10424 2.05168 213.23691
6831.41571 64.03348 2.12615 2.07296 214.70265
6831.76503 64.26778 2.13432 2.08054 215.26922
6832.41621 64.68649 2.14348 2.09410 216.18519
6833.32525 65.27197 2.16303 2.11305 217.57297
6833.41671 65.34206 2.16560 2.11532 217.77280
6834.41721 66.03011 2.18511 2.13759 219.34842
6834.76559 66.27615 2.18974 2.14556 219.85719
6835.41771 66.74976 2.20228 2.16089 220.94650
6836.19664 67.28033 2.21928 2.17807 222.32786
6836.41821 67.43416 2.22275 2.18305 222.74734
6837.41871 68.10572 2.24039 2.20479 224.55532
6837.67276 68.28452 2.24581 2.21057 225.04642
6838.41921 68.79586 2.26001 2.22713 226.45711
6839.28113 69.28870 2.26996 2.24308 227.82590
6839.41971 69.38258 2.27226 2.24612 228.10616
6840.42021 70.10433 2.29340 2.26949 230.22647
6840.68972 70.29289 2.29704 2.27559 230.77579
6841.42071 70.79911 2.30903 2.29198 232.28651
6842.12795 71.29707 2.32238 2.30810 233.80134
6842.42121 71.51168 2.32746 2.31505 234.46214
6843.42171 72.15489 2.34085 2.33587 236.52664
6843.61747 72.30126 2.34467 2.34061 236.97942
6844.42221 72.88159 2.36103 2.35940 238.84770
6845.04901 73.30544 2.36829 2.37312 240.28354
6845.42271 73.58926 2.37528 2.38231 241.19889
6846.42321 74.28682 2.39390 2.40489 243.57581
6846.45575 74.30962 2.39440 2.40563 243.65814
6847.42371 74.99004 2.40982 2.42765 245.98365
6847.89215 75.31381 2.41703 2.43813 247.04070
6848.42421 75.71132 2.42625 2.45100 248.37624
6849.25831 76.31799 2.43815 2.47064 250.57059
6849.42471 76.44233 2.44129 2.47467 251.02689
6850.42521 77.16045 2.46308 2.49792 253.81115
6850.65455 77.32218 2.46594 2.50315 254.47764
6851.42571 77.87458 2.47904 2.52103 256.67903
6852.04489 78.32636 2.49651 2.53566 258.53644
6852.42621 78.60125 2.50430 2.54456 259.73286
6853.42671 79.27810 2.51902 2.56647 262.95568
6853.49680 79.33054 2.52288 2.56817 263.19401
6854.42721 80.04569 2.65229 2.59132 266.39076
6854.80893 80.33473 2.71081 2.60068 267.73692
6855.42771 80.82039 2.76744 2.61640 270.00809
6856.14329 81.33891 2.75521 2.63318 272.90091
6856.42821 81.55417 2.74773 2.64015 273.93931
6857.42871 82.22427 2.75208 2.66185 277.80440
6857.58744 82.34310 2.75621 2.66569 278.52478
6858.42921 82.96598 2.78287 2.68586 282.49927
6858.93364 83.34728 2.79585 2.69820 284.98177
6859.42971 83.80172 2.80717 2.71291 287.36784
6860.04790 84.35146 2.81729 2.73071 290.61649
6860.43022 84.64739 2.82330 2.74029 292.71764
6861.40290 85.35565 2.84153 2.76322 298.33755
6861.43072 85.37739 2.84212 2.76392 298.49877
6862.43122 86.12146 2.86249 2.78801 304.73615
6862.74642 86.35983 2.86911 2.79573 306.72086
6863.43172 86.88893 2.88339 2.81286 311.09953
6864.02190 87.36402 2.89639 2.82824 314.81391
6864.43222 87.71363 2.90622 2.83955 317.44408
6865.40113 88.36820 2.92462 2.86074 323.57863
6865.43272 88.39066 2.92527 2.86147 323.76201
6866.43322 89.14388 2.94720 2.88585 330.70731
6866.72406 89.37238 2.95405 2.89325 332.72706
6867.43372 89.92615 2.97086 2.91118 337.62700
6868.02097 90.37657 2.98509 2.92576 341.89561
6868.43422 90.71848 2.99615 2.93683 344.65561
6869.28756 91.38075 3.01756 2.95827 350.70620
6869.43472 91.49884 3.02150 2.96209 351.72032
6870.43522 92.27628 3.04787 2.98726 358.87019
6870.57953 92.38494 3.05163 2.99078 359.94383
6871.43572 93.08648 3.07385 3.01349 366.35961
6871.78848 93.38912 3.08291 3.02329 369.12530
6872.43622 93.96237 3.10239 3.04184 373.04808
6872.93358 94.39331 3.11773 3.05579 375.74853
6873.43672 94.80638 3.13229 3.06917 379.18654
6874.19701 95.39749 3.15329 3.08830 384.12148
6874.43722 95.59200 3.16015 3.09460 385.03685
6875.43772 96.32306 3.18646 3.11827 391.95107
6875.53326 96.40167 3.18928 3.12081 392.58061
6876.43822 97.13129 3.21538 3.14443 398.50605
6876.77899 97.40586 3.22533 3.15332 400.68252
6877.43872 97.96435 3.24526 3.17140 404.55120
6877.96553 98.41004 3.26127 3.18583 407.53539
6878.43922 98.80988 3.27562 3.19877 410.23901
6879.19569 99.41423 3.29730 3.21834 415.14046
6879.43972 99.61903 3.30468 3.22497 416.54051
6880.44022 100.41310 3.33316 3.25067 423.02217
6880.44673 100.41841 3.33335 3.25085 423.05999
6881.44072 101.30522 3.36452 3.27955 427.87277
6881.57272 101.42259 3.36816 3.28335 428.75819
6882.44122 102.21930 3.39373 3.30915 434.03075
6882.70013 102.42678 3.40109 3.31586 435.04819
6883.44172 102.96878 3.42065 3.33341 438.60876
6883.98732 103.43096 3.43694 3.34837 441.68962
6884.44222 103.82815 3.45091 3.36123 443.93693
6885.19019 104.43515 3.47242 3.38088 448.25991
6885.44272 104.65744 3.48023 3.38808 449.45681
6886.39845 105.43933 3.50782 3.41339 454.90783
6886.44322 105.47636 3.50912 3.41459 455.15579
6887.44372 106.29487 3.53799 3.44108 460.77528
6887.61881 106.44351 3.54320 3.44590 461.64575
6888.44422 107.15665 3.56806 3.46898 465.59017
6888.78731 107.44770 3.57820 3.47840 467.29143
6889.44472 108.03859 3.59870 3.49753 469.98164
6889.90506 108.45188 3.61304 3.51091 471.85015
6890.44522 108.92478 3.62943 3.52622 474.20643
6891.03549 109.45607 3.64766 3.54342 476.64901
6891.44572 109.83265 3.66087 3.55561 478.20151
6892.27811 110.46025 3.68241 3.57593 482.15219
6892.44622 110.61186 3.68703 3.58084 482.73898
6893.34025 111.46444 3.71351 3.60844 486.90983
6893.44672 111.55760 3.71676 3.61145 487.36601
6894.44722 112.43930 3.74721 3.64000 491.41649
6894.48078 112.46862 3.74821 3.64095 491.56677
6895.44772 113.31596 3.77724 3.66838 495.74346
6895.62199 113.47280 3.78262 3.67346 496.40127
6896.44822 114.21692 3.80806 3.69754 499.54794
6896.74927 114.47699 3.81700 3.70596 500.89832
6897.44872 115.10645 3.83848 3.72634 503.57900
6897.84474 115.48117 3.85118 3.73847 504.76885
6898.44922 116.03473 3.86999 3.75639 506.92933
6898.98190 116.48536 3.88545 3.77098 509.41887
6899.44972 116.90209 3.89967 3.78447 511.28200
6900.13327 117.48954 3.91969 3.80349 514.46842
6900.45023 117.77158 3.92913 3.81262 515.06631
6901.28632 118.49372 3.95388 3.83600 517.09047
6901.45073 118.65056 3.95913 3.84107 517.58273
6902.31384 119.49791 3.98492 3.86851 521.28728
6902.45123 119.62540 3.98882 3.87263 521.95203
6903.44839 120.50209 4.01851 3.90101 526.15158
6903.45173 120.50514 4.01861 3.90111 526.16288
6904.45223 121.41172 4.04921 3.93046 529.83169
6904.55647 121.50628 4.05241 3.93352 530.19661
6905.45273 122.34205 4.08066 3.96058 533.05016
6905.63496 122.51046 4.08632 3.96603 533.67524
6906.45323 123.27675 4.11218 3.99084 536.19746
6906.70614 123.51464 4.12020 3.99854 536.97248
6907.45373 124.20030 4.14330 4.02074 539.56762
6907.80016 124.51883 4.15403 4.03105 540.75216
6908.45423 125.14480 4.17503 4.05131 542.50918
6908.85949 125.52301 4.18778 4.06356 543.92488
6909.45473 126.08709 4.20670 4.08182 545.45754
6909.97654 126.52720 4.22146 4.09606 546.56416
6910.45523 126.93200 4.23506 4.10917 548.17672
6911.08111 127.53138 4.25534 4.12857 550.09261
6911.45573 127.91352 4.26828 4.14094 550.60491
6912.10265 128.53556 4.28713 4.16108 553.44788
6912.45623 128.88273 4.29746 4.17232 555.02732
6913.14878 129.53975 4.31936 4.19359 557.13848
6913.45673 129.82296 4.32902 4.20276 558.09520
6914.19839 130.54393 4.35311 4.22610 560.06024
6914.45723 130.79647 4.36157 4.23427 560.70254
6915.25178 131.54812 4.38673 4.25861 563.09248
6915.45773 131.75122 4.39352 4.26518 563.55715
6916.30442 132.55230 4.42046 4.29112 566.12507
6916.45823 132.69696 4.42531 4.29580 566.60607
6917.36074 133.55649 4.45408 4.32362 569.33517
6917.45873 133.65003 4.45722 4.32665 569.64607
6918.45923 134.52566 4.48657 4.35500 572.41004
6918.49717 134.56067 4.48773 4.35613 572.43673
6919.45973 135.45035 4.51750 4.38493 575.33967
6919.57597 135.56485 4.52128 4.38864 575.64831
6920.46023 136.45306 4.55122 4.41739 577.32954
6920.57977 136.56904 4.55493 4.42115 577.72626
6921.46073 137.51185 4.58286 4.45167 580.50513
6921.51821 137.57322 4.58485 4.45366 580.59867
6922.46123 138.46315 4.61494 4.48247 583.37108
6922.57849 138.57741 4.61874 4.48617 583.68603
6923.46173 139.46369 4.64828 4.51486 585.64867
6923.57953 139.58159 4.65223 4.51867 585.90961
6924.46223 140.45094 4.68121 4.54682 588.13629
6924.59861 140.58577 4.68572 4.55118 588.47058
6925.46273 141.42780 4.71386 4.57844 590.80626
6925.62926 141.58996 4.71929 4.58369 591.24753
6926.46323 142.44011 4.74755 4.61121 592.95529
6926.62788 142.59414 4.75272 4.61620 593.62878
6927.46373 143.37224 4.77861 4.64139 595.48502
6927.70268 143.59833 4.78608 4.64871 595.64483
6928.46423 144.32219 4.81024 4.67214 597.60509
6928.74460 144.60251 4.81955 4.68122 598.39126
6929.46473 145.33149 4.84409 4.70482 599.79544
6929.74111 145.60669 4.85327 4.71373 600.45508
6930.46523 146.40781 4.87712 4.73966 602.36552
6930.64685 146.61088 4.88314 4.74623 602.82549
6931.46573 147.41903 4.91015 4.77240 604.91066
6931.65984 147.61506 4.91669 4.77874 605.34343
6932.46623 148.43637 4.94391 4.80533 607.12022
6932.65727 148.61925 4.95003 4.81125 607.70295
6933.46673 149.42174 4.97676 4.83723 609.78244
6933.65936 149.62343 4.98345 4.84376 610.12974
6934.46723 150.45333 5.01106 4.87063 611.74951
6934.63423 150.62762 5.01687 4.87627 612.04305
6935.46773 151.49697 5.04574 4.90441 613.73828
6935.62197 151.63180 5.05027 4.90878 614.29497
6936.46823 152.37723 5.07509 4.93291 616.13422
6936.71790 152.63598 5.08367 4.94128 616.57844
6937.46873 153.42720 5.10984 4.96690 618.04386
6937.67449 153.64017 5.11699 4.97379 618.41282
6938.46923 154.47749 5.14417 5.00090 620.08075
6938.62922 154.64435 5.14895 5.00630 620.75724
6939.46973 155.54014 5.17666 5.03530 623.05379
6939.56736 155.64854 5.18030 5.03881 623.11203
6940.47024 156.60865 5.21225 5.06989 624.56939
6940.51306 156.65272 5.21371 5.07132 624.66275
6941.47074 157.62056 5.24595 5.10265 626.98300
6941.50574 157.65690 5.24716 5.10383 627.05507
6942.47124 158.64695 5.28007 5.13588 629.23404
6942.48490 158.66109 5.28054 5.13634 629.26233
6943.40934 159.66527 5.31373 5.16884 630.56918
6943.47174 159.73209 5.31594 5.17101 630.66439
6944.38014 160.66946 5.34708 5.20135 632.79815
6944.47224 160.76222 5.35018 5.20436 633.06146
6945.43107 161.67364 5.38044 5.23386 634.76275
6945.47274 161.71388 5.38178 5.23516 634.79994
6946.39137 162.67782 5.41367 5.26637 636.47821
6946.47324 162.76586 5.41662 5.26922 636.60904
6947.33908 163.68201 5.44632 5.29888 638.52952
6947.47374 163.83314 5.45074 5.30377 638.93096
6948.17015 164.68619 5.47668 5.33139 639.63633
6948.47424 164.99711 5.48721 5.34145 640.24020
6949.13010 165.69038 5.51019 5.36389 641.51569
6949.47474 166.07717 5.52298 5.37642 641.91636
6950.06351 166.69456 5.54352 5.39640 643.11790
6950.47524 167.11775 5.55757 5.41010 644.10314
6951.01648 167.69874 5.57679 5.42891 645.05981
6951.47574 168.17392 5.59259 5.44429 646.15142
6951.95056 168.70293 5.61004 5.46142 646.72120
6952.47624 169.26265 5.62858 5.47954 647.71061
6952.91295 169.70711 5.64337 5.49393 649.00490
6953.47674 170.31332 5.66337 5.51355 649.53965
6953.88502 170.71130 5.67645 5.52644 649.94436
6954.47724 171.28810 5.69563 5.54511 651.28919
6954.86789 171.71548 5.71008 5.55895 651.92722
6955.47774 172.40268 5.73096 5.58119 653.44817
6955.74413 172.71967 5.74016 5.59145 654.06773
6956.47824 173.54495 5.76716 5.61817 655.06322
6956.64475 173.72385 5.77312 5.62396 655.35540
6957.47874 174.63703 5.80322 5.65352 656.75025
6957.56096 174.72803 5.80623 5.65647 656.87112
6958.47924 175.67150 5.83758 5.68701 659.18791
6958.53542 175.73222 5.83959 5.68898 659.29092
6959.44528 176.73640 5.87286 5.72149 660.69407
6959.47974 176.77450 5.87411 5.72272 660.74660
6960.30900 177.74059 5.90589 5.75400 661.39368
6960.48024 177.92454 5.91198 5.75995 661.73129
6961.27639 178.74477 5.93925 5.78650 663.75446
6961.48074 178.95828 5.94633 5.79342 664.20887
6962.18644 179.74895 5.97246 5.81901 665.35136
6962.48124 180.07772 5.98323 5.82966 665.71078
6963.15110 180.75314 6.00575 5.85152 666.15807
6963.48174 181.11592 6.01766 5.86327 666.33954
6964.00802 181.75732 6.03629 5.88403 667.63426
6964.48224 182.26876 6.05225 5.90059 669.01037
6964.92012 182.76151 6.06879 5.91654 669.48365
6965.48274 183.38039 6.08922 5.93657 670.47631
6965.82403 183.76569 6.10190 5.94905 670.96425
6966.48324 184.50976 6.12648 5.97313 671.85422
6966.72154 184.76987 6.13507 5.98156 672.30020
6967.48374 185.58302 6.16210 6.00788 673.95314
6967.65348 185.77406 6.16838 6.01406 674.20736
6968.48424 186.69826 6.19894 6.04398 675.56695
6968.55462 186.77824 6.20158 6.04657 675.65276
6969.43275 187.78243 6.23468 6.07908 676.75051
6969.48474 187.84154 6.23663 6.08099 676.81604
6970.32169 188.78661 6.26783 6.11159 678.04850
6970.48524 188.96502 6.27379 6.11736 678.42066
6971.25761 189.79079 6.30076 6.14410 679.73542
6971.48574 190.06372 6.30849 6.15293 679.85226
6972.08006 190.79498 6.33047 6.17661 680.06305
6972.48624 191.21495 6.34473 6.19020 681.15204
6972.99707 191.79916 6.36410 6.20911 681.84891
6973.48674 192.34923 6.38222 6.22692 682.61193
6973.89908 192.80335 6.39724 6.24162 683.37348
6974.48724 193.45503 6.41878 6.26272 684.42754
6974.80080 193.80753 6.43048 6.27413 684.93278
6975.48774 194.55879 6.45535 6.29845 686.28602
6975.70549 194.81172 6.46367 6.30664 686.54253
6976.48824 195.70065 6.49303 6.33542 687.71040
6976.58872 195.81590 6.49685 6.33915 687.84700
6977.46526 196.82008 6.52998 6.37166 689.05737
6977.48874 196.84773 6.53089 6.37255 689.08261
6978.34908 197.82427 6.56345 6.40417 690.29591
6978.48924 197.98869 6.56885 6.40949 690.45353
6979.13187 198.82845 6.59351 6.43667 691.18710
6979.48974 199.24071 6.60632 6.45002 692.02701
6980.01933 199.83264 6.62630 6.46918 692.94488
6980.49025 200.34991 6.64322 6.48593 693.31633
6980.94477 200.83682 6.65925 6.50169 693.45541
6981.49075 201.42102 6.67855 6.52060 694.54454
6981.84140 201.84100 6.69243 6.53420 694.95891
6982.49125 202.58713 6.71701 6.55835 695.87110
6982.71252 202.84519 6.72554 6.56671 696.14204
6983.49175 203.73562 6.75499 6.59553 697.33166
6983.59270 203.84937 6.75874 6.59922 697.50468
6984.47393 204.85356 6.79195 6.63172 698.89129
6984.49225 204.87418 6.79264 6.63239 698.92352
6985.33505 205.85774 6.82507 6.66423 699.98096
6985.49275 206.03313 6.83086 6.66991 700.28719
6986.18981 206.86192 6.85836 6.69674 700.95999
6986.49325 207.22633 6.87047 6.70854 701.17663
6987.02509 207.86611 6.88930 6.72925 702.46968
6987.49375 208.42182 6.90615 6.74724 703.51326
6987.84776 208.87029 6.92117 6.76176 703.46215
6988.49425 209.62949 6.94622 6.78634 704.39467
6988.72678 209.87448 6.95435 6.79427 704.84998
6989.49475 210.65173 6.98004 6.81943 705.81832
6989.69294 210.87866 6.98750 6.82677 705.99735
6990.49525 211.82492 7.01878 6.85741 707.10129
6990.54340 211.88285 7.02068 6.85928 707.14575
6991.38553 212.88703 7.05378 6.89179 708.00483
6991.49575 213.01339 7.05797 6.89588 708.17776
6992.24956 213.89121 7.08690 6.92430 709.22603
6992.49625 214.17109 7.09620 6.93336 709.63808
6993.11334 214.89540 7.11999 6.95681 710.47422
6993.49675 215.34142 7.13489 6.97125 710.94958
6993.95362 215.89958 7.15323 6.98932 711.34741
6994.49725 216.58863 7.17297 7.01162 712.51947
6994.74408 216.90377 7.18285 7.02183 712.74438
6995.49775 217.75195 7.21121 7.04928 714.04230
6995.62876 217.90795 7.21631 7.05433 714.20295
6996.47447 218.91213 7.24942 7.08684 715.22284
6996.49825 218.93988 7.25033 7.08774 715.25436
6997.28440 219.91632 7.28241 7.11935 715.78047
6997.49875 220.15925 7.29048 7.12722 716.25108
6998.23543 220.92050 7.31572 7.15186 717.68542
6998.49925 221.21093 7.32522 7.16126 717.70294
6999.09603 221.92469 7.34870 7.18437 717.95243
6999.49975 222.38715 7.36404 7.19934 718.76146
6999.93160 222.92887 7.38181 7.21688 718.97562
7000.50025 223.60943 7.40427 7.23891 719.59580
7000.77759 223.93305 7.41493 7.24938 720.02235
7001.50075 224.74385 7.44215 7.27563 721.32734
7001.66650 224.93724 7.44844 7.28189 721.59664
7002.41670 225.94142 7.47795 7.31440 722.49875
7002.50125 226.03672 7.48098 7.31749 722.70316
7003.24554 226.94561 7.51118 7.34691 723.27039
7003.50175 227.24176 7.52088 7.35650 723.70250
7004.10509 227.94979 7.54430 7.37942 724.56309
7004.50225 228.42583 7.55998 7.39483 725.01987
7004.92151 228.95397 7.57741 7.41193 725.24247
7005.50275 229.64724 7.60022 7.43437 725.92877
7005.76961 229.95816 7.61056 7.44444 726.37016
7006.50325 230.77809 7.63763 7.47098 727.68859
7006.67194 230.96234 7.64370 7.47694 727.76694
7007.50375 231.87684 7.67388 7.50655 728.55739
7007.57791 231.96653 7.67683 7.50945 728.63017
7008.38626 232.97071 7.70997 7.54196 729.34386
7008.50425 233.11489 7.71484 7.54663 729.41160
7009.18846 233.97490 7.74155 7.57447 730.33039
7009.50475 234.36363 7.75273 7.58705 731.16629
7009.97565 234.97908 7.77278 7.60698 731.26430
7010.50525 235.60489 7.79358 7.62724 731.94641
7010.81337 235.98326 7.80593 7.63949 732.24744
7011.50575 236.83561 7.83410 7.66708 732.83869
7011.63400 236.98745 7.83912 7.67199 733.01594
7012.50625 237.96467 7.87147 7.70363 734.77920
7012.52854 237.99163 7.87236 7.70450 734.80385
7013.33519 238.99582 7.90545 7.73701 735.39547
7013.50675 239.20059 7.91222 7.74364 735.61105
7014.13413 240.00000 7.93856 7.76952 735.90237
