6667.33367 10.00717 0.25254 0.32396 125.78836
6667.59546 10.04184 0.25403 0.32508 125.94061
6668.33417 10.14779 0.25850 0.32851 126.47745
6669.33467 10.27456 0.26410 0.33262 126.92667
6670.33517 10.39749 0.26965 0.33660 127.27893
6671.33567 10.50105 0.27449 0.33995 127.44278
6672.33617 10.60910 0.27951 0.34345 127.56276
6673.33667 10.72728 0.28487 0.34727 127.75567
6674.33717 10.86562 0.29083 0.35175 128.18473
6675.33767 11.00700 0.29688 0.35633 128.61317
6675.59423 11.04603 0.29853 0.35759 128.75308
6676.33817 11.17059 0.30372 0.36163 129.29847
6677.33867 11.34492 0.31091 0.36727 130.08126
6678.33917 11.50832 0.31776 0.37256 130.67422
6679.33967 11.65729 0.32413 0.37738 131.02824
6680.34017 11.79758 0.33024 0.38192 131.42682
6681.34067 11.95313 0.33704 0.38696 131.79942
6681.91768 12.05021 0.34125 0.39010 132.12467
6682.34117 12.12221 0.34437 0.39243 132.37020
6683.34167 12.30870 0.35206 0.39847 133.13104
6684.34217 12.48436 0.35940 0.40416 133.69746
6685.34267 12.63709 0.36559 0.40910 133.79770
6686.34317 12.80218 0.37208 0.41444 133.93136
6687.34367 12.98311 0.37893 0.42030 134.07443
6687.70827 13.05439 0.38158 0.42261 134.17449
6688.34417 13.17874 0.38632 0.42664 134.49477
6689.34467 13.34774 0.39307 0.43211 134.51365
6690.34517 13.54619 0.40088 0.43853 134.85656
6691.34567 13.74821 0.40902 0.44507 135.40185
6692.34617 13.97923 0.41795 0.45255 136.29806
6692.65806 14.05858 0.42110 0.45512 136.69774
6693.34667 14.22342 0.42763 0.46045 137.41389
6694.34717 14.41359 0.43547 0.46661 137.72718
6695.34767 14.59054 0.44293 0.47234 137.83628
6696.34817 14.77759 0.45069 0.47839 137.99610
6697.34867 15.00215 0.45974 0.48566 138.69132
6697.62750 15.06276 0.46215 0.48763 138.91346
6698.34917 15.21462 0.46829 0.49254 139.23474
6699.34967 15.42058 0.47659 0.49921 139.53208
6700.35018 15.62853 0.48486 0.50594 139.80838
6701.35068 15.84048 0.49345 0.51280 140.10074
6702.21172 16.06695 0.50247 0.52014 140.83961
6702.35118 16.10573 0.50400 0.52139 140.98252
6703.35168 16.34447 0.51363 0.52912 141.49428
6704.35218 16.57577 0.52274 0.53661 141.88158
6705.35268 16.79666 0.53140 0.54376 142.09926
6706.35318 17.05263 0.54126 0.55204 142.72040
6706.42515 17.07113 0.54197 0.55264 142.78243
6707.35368 17.30135 0.55098 0.56010 143.41405
6708.35418 17.54950 0.56079 0.56813 143.79345
6709.35468 17.77503 0.56980 0.57543 143.88468
6710.35518 18.04281 0.58006 0.58410 144.42653
6710.47024 18.07531 0.58129 0.58515 144.50625
6711.35568 18.32661 0.59081 0.59329 145.11108
6712.35618 18.59255 0.60083 0.60190 145.53427
6713.35668 18.85715 0.61086 0.61046 145.90284
6714.11149 19.07950 0.61929 0.61766 146.39975
6714.35718 19.15270 0.62210 0.62003 146.55186
6715.35768 19.42010 0.63217 0.62869 147.11407
6716.35818 19.68604 0.64190 0.63730 147.38634
6717.35868 19.98558 0.65263 0.64699 147.98121
6717.68054 20.08368 0.65615 0.65017 148.17556
6718.35918 20.28409 0.66334 0.65666 148.49893
6719.35968 20.54893 0.67315 0.66523 148.58311
6720.36018 20.80796 0.68269 0.67362 148.55063
6721.28336 21.08787 0.69256 0.68268 148.96478
6721.36068 21.11535 0.69352 0.68357 149.04537
6722.36118 21.45918 0.70542 0.69470 149.99274
6723.36168 21.75308 0.71564 0.70421 150.31671
6724.36218 22.03604 0.72473 0.71337 150.47061
6724.52367 22.09205 0.72646 0.71519 150.50421
6725.36268 22.40612 0.73601 0.72535 150.91893
6726.36318 22.74525 0.74618 0.73633 151.17072
6727.33188 23.09623 0.75722 0.74769 151.97825
6727.36368 23.10730 0.75759 0.74805 152.00366
6728.36418 23.40293 0.76766 0.75762 152.18557
6729.36468 23.70776 0.77796 0.76749 152.39362
6730.36518 24.03620 0.78904 0.77812 152.78894
6730.55682 24.10042 0.79117 0.78020 152.87474
6731.36568 24.38892 0.80065 0.78954 153.43760
6732.36618 24.73765 0.81211 0.80083 153.99744
6733.36668 25.03375 0.82229 0.81042 154.33853
6733.55435 25.10460 0.82466 0.81271 154.50396
6734.36718 25.42162 0.83545 0.82297 155.25139
6735.36768 25.75058 0.84633 0.83362 155.52893
6736.36631 26.10879 0.85806 0.84522 156.09830
6736.36818 26.10950 0.85808 0.84524 156.09983
6737.36868 26.46534 0.86971 0.85676 156.60668
6738.36918 26.80549 0.88161 0.86777 156.90660
6739.13550 27.11297 0.89224 0.87773 157.62879
6739.36968 27.21707 0.89570 0.88110 157.94585
6740.37019 27.58752 0.90810 0.89309 158.48495
6741.37069 27.92825 0.91959 0.90412 158.91894
6741.90878 28.11715 0.92613 0.91024 159.24957
6742.37119 28.29411 0.93231 0.91597 159.49690
6743.37169 28.66949 0.94531 0.92812 160.02531
6744.37219 29.02180 0.95671 0.93952 160.26156
6744.60130 29.12134 0.95987 0.94275 160.50115
6745.37269 29.45371 0.97139 0.95350 161.25749
6746.37319 29.79918 0.98402 0.96469 161.41269
6747.20040 30.12552 0.99544 0.97525 161.96367
6747.37369 30.20793 0.99818 0.97792 162.18927
6748.37419 30.66288 1.01230 0.99265 162.93613
6749.37469 31.08137 1.02505 1.00620 163.12706
6749.48460 31.12971 1.02653 1.00776 163.16454
6750.37519 31.50478 1.03898 1.01990 163.78816
6751.37569 31.86998 1.05141 1.03173 164.28114
6751.97201 32.13389 1.06023 1.04027 164.78739
6752.37619 32.31867 1.06663 1.04625 165.20301
6753.37669 32.72485 1.08137 1.05940 165.65512
6754.32453 33.13808 1.09575 1.07278 166.34616
6754.37719 33.16457 1.09663 1.07364 166.41701
6755.37769 33.61445 1.11171 1.08820 167.23976
6756.37819 34.01344 1.12587 1.10112 167.54582
6756.64974 34.14226 1.13050 1.10529 167.81279
6757.37869 34.50016 1.14290 1.11687 168.63765
6758.37919 34.92457 1.15670 1.13061 169.07957
6759.00480 35.14644 1.16428 1.13780 169.17062
6759.37969 35.29786 1.16967 1.14270 169.42124
6760.38019 35.73191 1.18513 1.15675 169.91721
6761.38069 36.14787 1.19939 1.17021 170.22775
6761.38605 36.15063 1.19948 1.17030 170.23407
6762.38119 36.66376 1.21727 1.18692 171.41522
6763.38169 37.12645 1.23404 1.20189 172.07150
6763.44031 37.15481 1.23503 1.20281 172.11973
6764.38219 37.59488 1.24912 1.21706 172.76052
6765.38269 38.02899 1.26427 1.23111 173.10061
6765.63313 38.15900 1.26893 1.23532 173.36478
6766.38319 38.56666 1.28357 1.24852 174.31285
6767.38369 39.01428 1.29848 1.26301 174.72150
6767.70574 39.16318 1.30362 1.26783 174.91625
6768.38419 39.52456 1.31622 1.27953 175.95770
6769.38469 40.01121 1.33165 1.29528 176.22457
6769.67883 40.16736 1.33607 1.30034 176.37656
6770.38519 40.50742 1.34588 1.31135 176.51887
6771.38569 40.97031 1.36205 1.32633 176.97027
6771.75444 41.17155 1.36960 1.33285 177.40945
6772.38619 41.54989 1.38327 1.34509 178.39292
6773.38669 42.02152 1.39825 1.36036 178.82172
6773.70261 42.17573 1.40379 1.36535 178.99684
6774.38719 42.54446 1.41707 1.37729 179.66128
6775.38769 43.02952 1.43379 1.39299 180.16663
6775.66017 43.17992 1.43858 1.39786 180.44197
6776.38819 43.56231 1.45100 1.41024 181.05504
6777.38869 43.98641 1.46655 1.42397 181.37084
6777.73494 44.18410 1.47402 1.43037 181.73465
6778.38919 44.57493 1.48705 1.44302 182.60560
6779.38969 45.03807 1.50206 1.45802 182.83725
6779.68075 45.18828 1.50769 1.46288 183.02927
6780.39020 45.58714 1.52207 1.47579 183.74204
6781.39070 46.11116 1.53888 1.49276 184.41986
6781.53383 46.19247 1.54132 1.49539 184.57117
6782.39120 46.67191 1.55873 1.51091 185.37260
6783.35424 47.19665 1.57761 1.52790 186.11056
6783.39170 47.21887 1.57839 1.52862 186.15349
6784.39220 47.75265 1.59529 1.54590 186.94631
6785.24764 48.20084 1.61103 1.56041 187.27028
6785.39270 48.29570 1.61412 1.56348 187.44229
6786.39320 48.85447 1.63074 1.58157 188.12190
6786.96201 49.20502 1.64068 1.59291 188.75192
6787.39370 49.45520 1.64948 1.60101 189.19630
6788.39420 49.97873 1.66885 1.61796 189.78827
6788.78643 50.20921 1.67642 1.62542 190.18404
6789.39470 50.57877 1.68887 1.63739 190.88672
6790.39520 51.11075 1.70764 1.65461 191.48371
6790.56805 51.21339 1.71139 1.65793 191.66474
6791.39570 51.70176 1.72703 1.67374 192.50462
6792.27522 52.21757 1.74423 1.69044 193.36200
6792.39620 52.29535 1.74694 1.69296 193.52434
6793.39670 52.89003 1.76865 1.71221 194.52828
6794.02081 53.22176 1.77814 1.72295 194.89016
6794.39720 53.43686 1.78437 1.72991 195.35884
6795.39770 54.02059 1.80621 1.74881 196.44647
6795.74991 54.22594 1.81317 1.75546 196.74449
6796.39820 54.59550 1.82499 1.76742 197.30068
6797.39870 55.14565 1.84236 1.78523 197.97999
6797.52474 55.23013 1.84583 1.78796 198.17076
6798.39920 55.80441 1.86561 1.80656 199.39328
6799.16053 56.23431 1.87889 1.82047 199.97433
6799.39970 56.39294 1.88420 1.82561 200.31685
6800.40020 56.97838 1.90553 1.84456 201.30498
6800.82079 57.23849 1.91374 1.85298 201.78077
6801.40070 57.63427 1.92325 1.86579 202.37461
6802.35755 58.24268 1.94254 1.88549 203.19754
6802.40120 58.26971 1.94348 1.88637 203.24355
6803.40170 58.92651 1.96567 1.90763 204.76459
6803.98483 59.24686 1.97458 1.91800 205.39666
6804.40220 59.50438 1.98353 1.92634 205.90337
6805.40270 60.11183 2.00425 1.94600 206.99869
6805.62033 60.25105 2.00832 1.95051 207.28683
6806.40320 60.74918 2.02379 1.96663 208.29236
6807.16954 61.25523 2.04200 1.98302 209.39722
6807.40370 61.42088 2.04778 1.98838 209.79924
6808.40420 62.00594 2.06299 2.00732 210.85364
6808.80067 62.25941 2.07178 2.01552 211.39550
6809.40470 62.67220 2.08682 2.02889 212.37457
6810.33603 63.26360 2.10394 2.04803 213.62657
6810.40520 63.31276 2.10532 2.04962 213.75014
6811.40570 63.96472 2.12648 2.07073 215.24313
6811.89971 64.26778 2.13686 2.08054 215.93489
6812.40620 64.56205 2.14373 2.09007 216.64682
6813.40670 65.15502 2.16120 2.10926 217.92689
6813.58594 65.27197 2.16544 2.11305 218.23003
6814.40720 65.86773 2.18412 2.13234 219.77315
6814.97256 66.27615 2.19263 2.14556 220.66336
6815.40770 66.59194 2.19916 2.15578 221.33398
6816.39372 67.28033 2.22179 2.17807 223.17641
6816.40820 67.29100 2.22205 2.17841 223.20661
6817.40870 67.94647 2.23787 2.19963 224.94504
6817.90742 68.28452 2.24753 2.21057 225.88105
6818.40920 68.62929 2.25742 2.22174 226.83599
6819.40970 69.28097 2.27116 2.24283 228.67700
6819.42025 69.28870 2.27132 2.24308 228.69921
6820.41021 70.01128 2.29243 2.26648 230.81180
6820.86134 70.29289 2.29757 2.27559 231.65033
6821.41071 70.64661 2.30551 2.28704 232.70791
6822.41121 71.28796 2.32262 2.30781 234.70531
6822.42457 71.29707 2.32284 2.30810 234.73344
6823.41171 71.96798 2.33713 2.32982 236.85303
6823.86609 72.30126 2.34477 2.34061 237.89063
6824.41221 72.70291 2.35705 2.35361 239.18666
6825.32647 73.30544 2.36769 2.37312 241.23688
6825.41271 73.37110 2.36909 2.37524 241.46003
6826.41321 74.07523 2.38799 2.39804 243.80269
6826.73656 74.30962 2.39359 2.40563 244.61336
6827.41371 74.80374 2.40464 2.42162 246.32979
6828.13213 75.31381 2.41500 2.43813 248.05477
6828.41421 75.54074 2.42058 2.44548 248.77995
6829.41471 76.25670 2.43382 2.46866 251.41712
6829.50540 76.31799 2.43518 2.47064 251.63289
6830.41521 76.92119 2.45469 2.49017 253.89672
6830.99162 77.32218 2.46262 2.50315 255.49441
6831.41571 77.62911 2.46887 2.51309 256.70196
6832.38047 78.32636 2.49365 2.53566 259.55921
6832.41621 78.35301 2.49456 2.53652 259.66560
6833.41671 79.07379 2.50804 2.55986 262.75921
6833.77586 79.33054 2.52038 2.56817 263.93517
6834.41721 79.81382 2.60078 2.58381 266.06613
6835.14270 80.33473 2.70566 2.60068 268.61742
6835.41771 80.54349 2.73825 2.60743 269.60786
6836.41821 81.26718 2.75280 2.63086 273.37401
6836.51483 81.33891 2.74998 2.63318 273.75574
6837.41871 82.01312 2.74134 2.65501 277.41675
6837.85600 82.34310 2.75113 2.66569 279.31183
6838.41921 82.76229 2.76949 2.67926 281.92888
6839.39275 83.34728 2.79073 2.69820 286.21757
6839.41971 83.36864 2.79139 2.69889 286.33436
6840.42021 84.28203 2.81107 2.72846 291.33126
6840.50394 84.35146 2.81240 2.73071 291.79842
6841.42071 85.01945 2.82809 2.75233 296.90953
6841.87528 85.35565 2.83729 2.76322 299.54911
6842.42121 85.76704 2.84858 2.77654 302.86841
6843.22733 86.35983 2.86517 2.79573 307.91054
6843.42171 86.51293 2.86941 2.80068 309.10483
6844.42221 87.27664 2.89014 2.82541 315.55324
6844.53738 87.36402 2.89254 2.82824 316.32208
6845.42271 88.04332 2.91151 2.85023 322.26442
6845.84009 88.36820 2.92087 2.86074 325.08597
6846.42321 88.82466 2.93410 2.87552 329.02489
6847.17271 89.37238 2.95020 2.89325 334.41216
6847.42371 89.56860 2.95621 2.89960 335.67757
6848.42421 90.25265 2.97739 2.92175 342.61213
6848.57853 90.37657 2.98134 2.92576 343.73065
6849.42471 91.08300 3.00400 2.94863 349.11611
6849.80226 91.38075 3.01377 2.95827 351.74670
6850.42521 91.85519 3.02957 2.97363 356.25224
6851.14447 92.38494 3.04776 2.99078 361.71536
6851.42571 92.64030 3.05642 2.99904 363.23150
6852.30259 93.38912 3.07912 3.02329 369.75419
6852.42621 93.49033 3.08231 3.02656 370.71530
6853.42671 94.29743 3.11044 3.05269 377.31828
6853.54761 94.39331 3.11385 3.05579 378.12631
6854.42721 95.11154 3.13930 3.07905 383.78796
6854.78547 95.39749 3.14938 3.08830 386.17216
6855.42771 95.90373 3.16754 3.10469 390.51649
6856.06328 96.40167 3.18534 3.12081 395.07870
6856.42821 96.70153 3.19601 3.13052 396.76606
6857.40177 97.40586 3.22133 3.15332 402.48777
6857.42871 97.42724 3.22210 3.15401 402.65391
6858.42921 98.22043 3.25071 3.17969 409.29737
6858.65471 98.41004 3.25746 3.18583 410.58011
6859.42971 99.03261 3.27983 3.20598 415.40258
6859.90837 99.41423 3.29353 3.21834 418.38450
6860.43022 99.84977 3.30907 3.23244 421.30748
6861.13079 100.41841 3.32943 3.25085 425.56250
6861.43072 100.68787 3.33921 3.25957 426.77334
6862.32680 101.42259 3.36450 3.28335 432.45743
6862.43122 101.51576 3.36740 3.28637 433.14076
6863.42497 102.42678 3.39729 3.31586 438.31167
6863.43172 102.43251 3.39750 3.31605 438.34358
6864.43222 103.26616 3.42733 3.34304 443.78576
6864.65259 103.43096 3.43318 3.34837 445.27235
6865.43272 104.02447 3.45414 3.36758 448.61196
6865.93878 104.43515 3.46864 3.38088 450.94041
6866.43322 104.86176 3.48366 3.39469 453.49704
6867.10144 105.43933 3.50389 3.41339 456.59225
6867.43372 105.71477 3.51358 3.42230 458.34830
6868.34301 106.44351 3.53925 3.44590 463.53467
6868.43422 106.52509 3.54208 3.44854 463.87818
6869.43472 107.36133 3.57133 3.47561 468.90614
6869.53583 107.44770 3.57434 3.47840 469.38122
6870.43522 108.22102 3.60124 3.50344 473.47943
6870.70836 108.45188 3.60926 3.51091 474.78737
6871.43572 109.09775 3.63153 3.53182 477.71674
6871.84688 109.45607 3.64387 3.54342 479.50494
6872.43622 109.93467 3.66077 3.55892 482.53552
6873.09281 110.46025 3.67879 3.57593 486.22407
6873.43672 110.80279 3.68913 3.58702 487.80643
6874.16652 111.46444 3.70985 3.60844 491.19021
6874.43722 111.68935 3.71765 3.61572 491.71188
6875.36707 112.46862 3.74456 3.64095 495.01376
6875.43772 112.52778 3.74659 3.64286 495.39632
6876.43822 113.34132 3.77469 3.66920 500.60617
6876.58809 113.47280 3.77922 3.67346 501.22269
6877.43872 114.22908 3.80508 3.69794 504.46704
6877.74142 114.47699 3.81364 3.70596 505.98720
6878.43922 115.09772 3.83483 3.72606 508.60079
6878.85416 115.48117 3.84786 3.73847 509.91599
6879.43972 116.00813 3.86581 3.75553 511.98085
6879.97720 116.48536 3.88202 3.77098 514.04291
6880.44022 116.90220 3.89627 3.78447 515.66236
6881.09932 117.48954 3.91618 3.80349 518.08981
6881.44072 117.80426 3.92681 3.81368 519.20389
6882.25045 118.49372 3.95066 3.83600 522.74900
6882.44122 118.67957 3.95694 3.84201 523.04065
6883.40325 119.49791 3.98178 3.86851 526.66994
6883.44172 119.52930 3.98273 3.86952 526.90421
6884.44222 120.45436 4.01357 3.89947 530.42323
6884.49484 120.50209 4.01521 3.90101 530.58254
6885.44272 121.35408 4.04398 3.92860 533.98296
6885.61308 121.50628 4.04911 3.93352 534.61893
6886.44322 122.28118 4.07529 3.95861 537.02018
6886.69399 122.51046 4.08302 3.96603 537.79309
6887.44372 123.18259 4.10571 3.98779 540.44979
6887.80356 123.51464 4.11688 3.99854 541.54779
6888.44422 124.09679 4.13654 4.01739 543.71727
6888.92140 124.51883 4.15077 4.03105 545.48469
6889.44472 125.01309 4.16744 4.04705 546.89883
6890.00086 125.52301 4.18467 4.06356 548.68569
6890.44522 125.92301 4.19814 4.07651 550.19987
6891.12126 126.52720 4.21847 4.09606 552.70059
6891.44572 126.82332 4.22843 4.10565 553.90907
6892.34296 127.53138 4.25253 4.12857 556.93158
6892.44622 127.62224 4.25561 4.13151 557.10093
6893.41920 128.53556 4.28444 4.16108 560.80007
6893.44672 128.56249 4.28523 4.16195 560.92321
6894.43801 129.53975 4.31654 4.19359 563.64107
6894.44722 129.54831 4.31683 4.19387 563.66408
6895.44772 130.48879 4.34846 4.22431 566.48434
6895.50634 130.54393 4.35030 4.22610 566.65012
6896.44822 131.43039 4.38005 4.25480 569.28752
6896.57079 131.54812 4.38399 4.25861 569.59595
6897.44872 132.39194 4.41219 4.28592 571.78463
6897.61444 132.55230 4.41757 4.29112 572.17646
6898.44922 133.37226 4.44494 4.31766 574.02827
6898.65049 133.55649 4.45113 4.32362 574.67622
6899.44972 134.27747 4.47538 4.34696 577.43380
6899.75840 134.56067 4.48491 4.35613 578.59814
6900.45023 135.20410 4.50641 4.37696 579.95417
6900.85687 135.56485 4.51831 4.38864 580.53445
6901.45073 136.11659 4.53699 4.40650 581.84683
6901.93266 136.56904 4.55208 4.42115 583.51240
6902.45123 137.10355 4.56776 4.43845 585.31663
6902.87324 137.57322 4.58199 4.45366 586.04793
6903.45173 138.14148 4.60120 4.47205 587.20894
6903.91986 138.57741 4.61588 4.48617 588.61337
6904.45223 139.09336 4.63302 4.50287 589.98020
6904.96199 139.58159 4.64934 4.51867 591.33020
6905.45273 140.05702 4.66522 4.53407 592.55545
6905.98328 140.58577 4.68282 4.55118 593.64695
6906.45323 141.02982 4.69775 4.56556 594.99700
6907.04394 141.58996 4.71647 4.58369 596.67073
6907.45373 142.00594 4.73029 4.59716 597.40519
6908.07863 142.59414 4.74997 4.61620 599.23665
6908.45423 142.95537 4.76203 4.62789 600.21202
6909.10212 143.59833 4.78346 4.64871 601.81304
6909.45473 143.93129 4.79459 4.65949 602.58659
6910.28320 144.60251 4.81708 4.68122 605.05335
6910.45523 144.75699 4.82224 4.68622 605.63489
6911.30416 145.60669 4.85078 4.71373 607.43732
6911.45573 145.77499 4.85621 4.71917 607.52401
6912.17403 146.61088 4.88054 4.74623 608.83787
6912.45623 146.88897 4.88960 4.75524 609.64269
6913.20388 147.61506 4.91415 4.77874 611.39957
6913.45673 147.86373 4.92242 4.78679 612.00725
6914.24581 148.61925 4.94760 4.81125 614.22112
6914.45723 148.83330 4.95472 4.81818 614.62954
6915.20588 149.62343 4.98089 4.84376 615.64707
6915.45773 149.88234 4.98944 4.85214 616.09702
6916.22968 150.62762 5.01436 4.87627 618.18236
6916.45823 150.84969 5.02180 4.88346 618.78345
6917.24000 151.63180 5.04773 4.90878 620.51262
6917.45873 151.84785 5.05498 4.91577 621.17009
6918.33854 152.63598 5.08128 4.94128 623.42906
6918.45923 152.75191 5.08510 4.94504 623.42164
6919.35276 153.64017 5.11463 4.97379 625.03072
6919.45973 153.74847 5.11834 4.97730 625.24223
6920.28221 154.64435 5.14656 5.00630 626.68699
6920.46023 154.83193 5.15204 5.01237 627.31447
6921.24898 155.64854 5.17797 5.03881 629.29309
6921.46073 155.87002 5.18547 5.04598 629.54518
6922.23181 156.65272 5.21142 5.07132 631.18130
6922.46123 156.87949 5.21893 5.07866 631.74534
6923.20891 157.65690 5.24471 5.10383 633.05090
6923.46173 157.90507 5.25298 5.11186 633.69697
6924.22723 158.66109 5.27817 5.13634 635.62779
6924.46223 158.91197 5.28648 5.14446 635.94491
6925.17864 159.66527 5.31145 5.16884 637.13270
6925.46273 159.95533 5.32109 5.17823 637.72419
6926.13340 160.66946 5.34475 5.20135 638.65139
6926.46323 161.00858 5.35600 5.21233 639.37591
6927.16606 161.67364 5.37817 5.23386 641.42348
6927.46373 161.96252 5.38771 5.24321 641.59482
6928.20368 162.67782 5.41130 5.26637 642.75258
6928.46423 162.93969 5.42019 5.27485 643.38427
6929.15267 163.68201 5.44411 5.29888 644.65967
6929.46473 164.03345 5.45408 5.31025 645.62086
6930.01971 164.68619 5.47443 5.33139 646.14905
6930.46523 165.13843 5.48976 5.34603 647.01609
6931.01537 165.69038 5.50802 5.36389 648.36432
6931.46573 166.15531 5.52345 5.37895 649.28160
6931.97312 166.69456 5.54127 5.39640 650.08067
6932.46623 167.22336 5.55875 5.41352 650.82932
6932.92371 167.69874 5.57453 5.42891 651.72680
6933.46673 168.25204 5.59292 5.44682 652.94344
6933.89378 168.70293 5.60788 5.46142 653.69351
6934.46723 169.30770 5.62788 5.48100 654.66869
6934.84281 169.70711 5.64112 5.49393 655.31361
6935.46773 170.37378 5.66324 5.51551 656.42134
6935.83589 170.71130 5.67443 5.52644 657.29757
6936.46823 171.29241 5.69373 5.54525 658.33818
6936.86486 171.71548 5.70793 5.55895 658.84899
6937.46873 172.40517 5.72890 5.58127 660.15191
6937.74417 172.71967 5.73791 5.59145 660.90561
6938.46923 173.49469 5.76336 5.61654 662.19787
6938.68337 173.72385 5.77100 5.62396 662.53776
6939.46973 174.56006 5.79865 5.65103 663.92955
6939.62611 174.72803 5.80421 5.65647 664.17951
6940.47024 175.61139 5.83350 5.68507 665.85216
6940.58354 175.73222 5.83750 5.68898 666.05094
6941.47074 176.67055 5.86851 5.71936 667.68537
6941.53272 176.73640 5.87069 5.72149 667.79751
6942.45193 177.74059 5.90391 5.75400 669.11113
6942.47124 177.76130 5.90459 5.75467 669.14302
6943.36363 178.74477 5.93709 5.78650 670.35031
6943.47174 178.86001 5.94091 5.79023 670.52925
6944.31705 179.74895 5.97042 5.81901 672.28973
6944.47224 179.91515 5.97590 5.82439 672.60883
6945.33692 180.75314 6.00378 5.85152 673.95236
6945.47274 180.89465 6.00854 5.85610 673.91131
6946.20662 181.75732 6.03431 5.88403 675.09443
6946.47324 182.04508 6.04292 5.89335 676.00934
6947.11274 182.76151 6.06671 5.91654 676.65575
6947.47374 183.14439 6.07942 5.92893 677.34361
6948.02118 183.76569 6.09985 5.94905 677.92027
6948.47424 184.27279 6.11660 5.96546 678.46168
6948.93672 184.76987 6.13306 5.98156 679.27947
6949.47474 185.33622 6.15178 5.99989 680.38980
6949.88406 185.77406 6.16626 6.01406 681.13794
6950.47524 186.39396 6.18679 6.03413 682.39076
6950.82437 186.77824 6.19949 6.04657 682.89315
6951.47574 187.51164 6.22368 6.07031 683.68838
6951.71890 187.78243 6.23266 6.07908 684.00702
6952.47624 188.60304 6.25973 6.10565 685.30056
6952.64762 188.78661 6.26581 6.11159 685.66761
6953.47674 189.67266 6.29528 6.14027 686.90204
6953.59323 189.79079 6.29884 6.14410 687.09355
6954.46683 190.79498 6.32858 6.17661 688.09336
6954.47724 190.80574 6.32893 6.17695 688.11902
6955.38456 191.79916 6.36204 6.20911 689.58414
6955.47774 191.89494 6.36519 6.21221 689.81271
6956.28667 192.80335 6.39518 6.24162 690.85489
6956.47824 193.02181 6.40240 6.24870 691.06796
6957.20178 193.80753 6.42839 6.27413 692.33397
6957.47874 194.11164 6.43845 6.28398 692.78999
6958.09006 194.81172 6.46154 6.30664 693.43670
6958.47924 195.23121 6.47543 6.32022 694.18008
6958.98991 195.81590 6.49472 6.33915 694.72270
6959.47974 196.35555 6.51253 6.35662 695.52826
6959.89993 196.82008 6.52783 6.37166 696.16319
6960.48024 197.48085 6.54959 6.39305 696.86746
6960.79706 197.82427 6.56114 6.40417 697.38985
6961.48074 198.60964 6.58536 6.42959 698.71955
6961.65699 198.82845 6.59152 6.43667 699.12287
6962.48124 199.74251 6.62119 6.46626 700.66663
6962.57035 199.83264 6.62420 6.46918 700.75363
6963.48174 200.76010 6.65472 6.49921 701.75045
6963.55064 200.83682 6.65725 6.50169 701.84682
6964.43706 201.84100 6.69043 6.53420 703.12558
6964.48224 201.89008 6.69205 6.53579 703.20554
6965.33589 202.84519 6.72360 6.56671 704.45444
6965.48274 203.00509 6.72888 6.57188 704.72763
6966.20504 203.84937 6.75668 6.59922 705.39751
6966.48324 204.16901 6.76718 6.60956 705.72784
6967.09774 204.85356 6.78984 6.63172 706.67106
6967.48374 205.27990 6.80394 6.64553 707.31733
6967.98486 205.85774 6.82301 6.66423 707.87934
6968.48424 206.40289 6.84093 6.68188 708.81093
6968.87627 206.86192 6.85616 6.69674 709.13772
6969.48474 207.61339 6.87997 6.72107 709.61290
6969.70119 207.86611 6.88716 6.72925 710.22208
6970.48524 208.76188 6.91545 6.75825 711.78469
6970.57915 208.87029 6.91912 6.76176 711.88951
6971.48574 209.82930 6.95076 6.79280 712.91578
6971.52694 209.87448 6.95224 6.79427 712.94018
6972.44804 210.87866 6.98541 6.82677 714.20782
6972.48624 210.91982 6.98678 6.82811 714.29885
6973.29293 211.88285 7.01846 6.85928 714.90068
6973.48674 212.10352 7.02571 6.86643 715.16545
6974.17818 212.88703 7.05165 6.89179 716.16066
6974.48724 213.22850 7.06291 6.90285 716.71211
6975.04582 213.89121 7.08472 6.92430 717.19144
6975.48774 214.39666 7.10146 6.94066 717.75849
6975.92478 214.89540 7.11775 6.95681 718.38289
6976.48824 215.54449 7.13940 6.97782 719.00595
6976.78627 215.89958 7.15088 6.98932 719.31680
6977.48874 216.77515 7.17639 7.01766 720.64451
6977.59378 216.90377 7.18053 7.02183 720.73536
6978.48924 217.87570 7.21300 7.05329 722.40912
6978.51745 217.90795 7.21406 7.05433 722.45046
6979.36518 218.91213 7.24709 7.08684 723.22038
6979.48974 219.05245 7.25174 7.09138 723.43410
6980.24260 219.91632 7.28026 7.11935 724.41326
6980.49025 220.17908 7.28890 7.12786 724.54218
6981.18921 220.92050 7.31333 7.15186 725.14298
6981.49075 221.25537 7.32440 7.16270 725.67923
6982.05251 221.92469 7.34644 7.18437 726.29304
6982.49125 222.42826 7.36308 7.20067 726.85244
6982.90533 222.92887 7.37955 7.21688 727.15358
6983.49175 223.60048 7.40171 7.23862 727.96897
6983.78400 223.93305 7.41265 7.24938 728.42103
6984.49225 224.72202 7.43902 7.27493 729.54116
6984.67614 224.93724 7.44609 7.28189 729.75144
6985.42882 225.94142 7.47548 7.31440 730.51558
6985.49275 226.01366 7.47776 7.31674 730.65495
6986.28113 226.94561 7.50879 7.34691 731.36267
6986.49325 227.18422 7.51660 7.35463 731.72127
6987.15750 227.94979 7.54183 7.37942 732.63361
6987.49375 228.34408 7.55483 7.39218 732.98274
6987.98699 228.95397 7.57487 7.41193 733.24118
6988.49425 229.55577 7.59472 7.43141 733.88745
6988.88375 229.95816 7.60803 7.44444 734.51915
6989.49475 230.55864 7.62787 7.46387 735.34862
6989.84069 230.96234 7.64116 7.47694 735.67933
6990.49525 231.72195 7.66625 7.50153 736.61792
6990.71238 231.96653 7.67434 7.50945 736.96332
6991.49575 232.86905 7.70408 7.53867 738.03245
6991.58047 232.97071 7.70751 7.54196 738.08442
6992.39334 233.97490 7.73904 7.57447 739.02065
6992.49625 234.09860 7.74259 7.57847 739.28349
6993.18700 234.97908 7.77022 7.60698 739.81622
6993.49675 235.34344 7.78244 7.61877 740.10464
6994.00708 235.98326 7.80346 7.63949 740.31272
6994.49725 236.57251 7.82286 7.65856 740.74223
6994.85646 236.98745 7.83655 7.67199 741.23219
6995.49775 237.67801 7.85945 7.69435 742.61861
6995.76377 237.99163 7.86978 7.70450 742.91761
6996.49825 238.85206 7.89814 7.73236 743.79452
6996.62573 238.99582 7.90289 7.73701 743.98950
6997.45754 240.00000 7.93596 7.76952 744.79894
