6978.67171 243.21154 8.04552 7.87349 816.91332
6977.84474 242.23258 8.01524 7.84180 815.88917
6977.85703 242.24147 8.01555 7.84208 815.95310
6977.09126 241.44557 7.98909 7.81632 814.41508
6976.84356 241.18046 7.98043 7.80773 813.97791
6976.13098 240.42212 7.95538 7.78319 812.76257
6975.74811 240.01789 7.94200 7.77010 812.06436
6975.09338 239.25489 7.91699 7.74540 811.67928
6974.75305 238.86773 7.90416 7.73287 811.36599
6974.20845 238.26009 7.88415 7.71319 810.74643
6973.66801 237.61967 7.86309 7.69246 810.53734
6973.31775 237.20576 7.84950 7.67906 810.39100
6972.68165 236.45465 7.82483 7.65475 810.16760
6972.51868 236.26674 7.81863 7.64866 810.02794
6971.73295 235.37322 7.78931 7.61974 809.38045
6971.65272 235.28191 7.78631 7.61678 809.42176
6970.76420 234.27965 7.75379 7.58434 809.69830
6970.75288 234.26712 7.75342 7.58393 809.66741
6969.87881 233.28522 7.72413 7.55214 807.53576
6969.78899 233.18539 7.72080 7.54891 807.44110
6969.01700 232.33862 7.69253 7.52150 806.51941
6968.79742 232.10730 7.68492 7.51401 806.09464
6968.06319 231.29600 7.65819 7.48775 805.17834
6967.82249 231.02421 7.64925 7.47895 804.94792
6967.21993 230.38869 7.62824 7.45837 803.85787
6966.83900 229.98888 7.61504 7.44543 803.14670
6966.16527 229.26209 7.59105 7.42190 802.13111
6965.61385 228.60622 7.56953 7.40067 802.01884
6965.28492 228.18989 7.55597 7.38719 802.24161
6964.75024 227.59856 7.53639 7.36805 801.58409
6964.38782 227.18239 7.52275 7.35458 801.37704
6963.70092 226.37278 7.49595 7.32837 801.09570
6963.64906 226.32347 7.49427 7.32677 800.93778
6962.80312 225.40597 7.46638 7.29707 799.85040
6962.68046 225.26995 7.46251 7.29266 799.73485
6961.77662 224.26612 7.42995 7.26017 798.76919
6961.72611 224.20946 7.42808 7.25833 798.71059
6960.85454 223.21691 7.39551 7.22620 798.00989
6960.74377 223.09153 7.39135 7.22214 797.91700
6959.99112 222.24478 7.36347 7.19473 797.25962
6959.95071 222.19234 7.36176 7.19303 797.30483
6959.25317 221.51879 7.33938 7.17123 795.31484
6958.84082 221.12143 7.32617 7.15836 794.12727
6957.98786 220.17839 7.29510 7.12783 793.12327
6957.57555 219.66197 7.27819 7.11112 793.35004
6957.16102 219.14637 7.26132 7.09443 793.59884
6956.78209 218.73290 7.24767 7.08104 793.14150
6956.37226 218.28309 7.23286 7.06648 792.61557
6955.80311 217.67033 7.21268 7.04664 791.73671
6955.39418 217.22094 7.19771 7.03209 791.33839
6954.74250 216.48315 7.17426 7.00821 790.43482
6954.49961 216.21474 7.16654 6.99952 789.59463
6953.75078 215.37101 7.14032 6.97221 789.16403
6953.65066 215.26425 7.13672 6.96875 789.24742
6952.79457 214.33010 7.10596 6.93851 788.89097
6952.77481 214.30928 7.10527 6.93783 788.85031
6951.83988 213.31853 7.07248 6.90576 787.24498
6951.68982 213.15246 7.06701 6.90038 787.09375
6950.82113 212.15156 7.03414 6.86798 786.66267
6950.82386 212.15197 7.03415 6.86800 786.69813
6950.01458 211.29298 7.00581 6.84019 785.37495
6949.75423 211.01344 6.99663 6.83114 785.00466
6949.04031 210.20867 6.97004 6.80509 784.44828
6948.81887 209.97417 6.96232 6.79749 784.09444
6948.15973 209.26508 6.93906 6.77454 783.11607
6947.74645 208.82089 6.92416 6.76016 782.60230
6947.17121 208.15967 6.90276 6.73875 782.22777
6946.81392 207.76035 6.89116 6.72583 781.29805
6946.36397 207.29388 6.87722 6.71072 779.76656
6945.83387 206.72950 6.85840 6.69245 778.87958
6945.40718 206.27745 6.84347 6.67782 778.68583
6944.79975 205.63357 6.82240 6.65698 778.89164
6944.38964 205.17438 6.80730 6.64211 778.67501
6943.77999 204.49401 6.78481 6.62008 778.01839
6943.55887 204.26325 6.77718 6.61261 777.64345
6942.82728 203.48240 6.75154 6.58734 776.60850
6942.61606 203.25861 6.74413 6.58009 776.27453
6941.84428 202.43742 6.71693 6.55351 775.12247
6941.62157 202.20876 6.70941 6.54610 774.68728
6940.75491 201.25074 6.67782 6.51509 773.87139
6940.73831 201.22628 6.67702 6.51430 773.93546
6939.82056 200.24524 6.64476 6.48254 772.63986
6939.80904 200.23308 6.64436 6.48215 772.62083
6938.87300 199.23078 6.61097 6.44970 771.46212
6938.78882 199.14167 6.60807 6.44681 771.31596
6937.92622 198.20027 6.58028 6.41634 768.95612
6937.79125 198.05930 6.57582 6.41177 768.65377
6936.99312 197.18612 6.54682 6.38351 767.88629
6936.83413 197.01437 6.54117 6.37795 767.61370
6936.09075 196.23086 6.51539 6.35258 767.13526
6935.84195 195.96054 6.50655 6.34383 767.43840
6935.18095 195.27140 6.48388 6.32152 766.85337
6934.81359 194.89427 6.47133 6.30931 766.02835
6934.10047 194.11216 6.44563 6.28399 765.39501
6933.62202 193.54887 6.42698 6.26576 765.46979
6933.20549 193.03772 6.41031 6.24921 765.81162
6932.88128 192.66641 6.39822 6.23719 765.74107
6932.64973 192.46847 6.39157 6.23078 764.77688
6931.93315 191.80028 6.36921 6.20915 762.52013
6931.37067 191.19194 6.34929 6.18946 761.91359
6930.82017 190.61098 6.32974 6.17065 761.20642
6930.42077 190.17900 6.31694 6.15666 760.13232
6929.85312 189.56796 6.29888 6.13688 758.54682
6929.55177 189.27065 6.28900 6.12726 757.81720
6928.83953 188.53156 6.26426 6.10333 756.82387
6928.53754 188.20279 6.25356 6.09269 756.42542
6927.84451 187.47785 6.22950 6.06922 755.49533
6927.57886 187.19584 6.22026 6.06009 755.68978
6926.83668 186.40905 6.19441 6.03462 755.84929
6926.61925 186.18358 6.18690 6.02732 755.42635
6925.81629 185.32214 6.15855 5.99943 754.45709
6925.61516 185.11092 6.15156 5.99260 754.18742
6924.73930 184.13224 6.11925 5.96091 753.78332
6924.89749 184.29714 6.12467 5.96625 754.02184
6923.94196 183.35037 6.09323 5.93560 751.88718
6923.83693 183.24398 6.08972 5.93216 751.67903
6922.88757 182.27251 6.05738 5.90071 750.14880
6922.85603 182.24043 6.05631 5.89967 750.09003
6921.88683 181.24907 6.02669 5.86758 746.86138
6921.81558 181.17479 6.02441 5.86517 746.68102
6920.86977 180.17384 5.99110 5.83277 745.58367
6920.83365 180.13757 5.98991 5.83159 745.50735
6919.91231 179.16387 5.95784 5.80007 744.35432
6919.87743 179.12349 5.95651 5.79876 744.36925
6918.99753 178.22411 5.92675 5.76965 742.70773
6918.86244 178.08556 5.92217 5.76516 742.48775
6918.01360 177.20414 5.89320 5.73663 742.84994
6917.86949 177.06135 5.88851 5.73201 742.79190
6916.99183 176.14870 5.85832 5.70246 741.49362
6916.67348 175.78573 5.84635 5.69071 741.54196
6916.04037 175.05132 5.82223 5.66694 741.84480
6915.94115 174.95601 5.81906 5.66385 741.58468
6915.26285 174.29352 5.79706 5.64240 740.02315
6915.00228 174.04176 5.78873 5.63425 739.36330
6914.25075 173.32522 5.76469 5.61106 737.47496
6913.88620 172.97321 5.75278 5.59966 736.66001
6913.09931 172.15283 5.72858 5.57310 734.17483
6912.87414 171.91179 5.72125 5.56530 733.67996
6912.17877 171.20670 5.69766 5.54247 732.60992
6911.88969 170.91204 5.68783 5.53294 732.15970
6911.21491 170.22466 5.66517 5.51068 731.06103
6910.87964 169.89872 5.65431 5.50013 730.25970
6910.15863 169.14274 5.62935 5.47566 729.52096
6909.91018 168.88207 5.62081 5.46722 729.79308
6909.17313 168.15153 5.59666 5.44357 729.60333
6908.71770 167.63710 5.57976 5.42692 729.55670
6908.25869 167.12365 5.56278 5.41029 729.54656
6907.88680 166.76439 5.55083 5.39866 728.70247
6907.29656 166.14373 5.53031 5.37857 728.12972
6906.99342 165.83000 5.51990 5.36841 727.75302
6906.45873 165.34421 5.50369 5.35269 725.99800
6905.97778 164.88999 5.48842 5.33798 724.81287
6905.31685 164.24089 5.46720 5.31697 723.29873
6904.92094 163.85433 5.45587 5.30446 721.61202
6904.28886 163.21449 5.43619 5.28374 719.83442
6903.94030 162.88127 5.42492 5.27296 719.08290
6903.22692 162.16492 5.40099 5.24976 717.95676
6902.91824 161.84133 5.39036 5.23929 717.64536
6902.28627 161.22457 5.36980 5.21932 716.35733
6901.90234 160.84347 5.35710 5.20699 715.69264
6901.26337 160.19354 5.33560 5.18595 714.57312
6900.94411 159.88808 5.32542 5.17606 714.09481
6900.19956 159.14495 5.30097 5.15200 714.57709
6899.79568 158.71334 5.28677 5.13803 714.48653
6899.18962 158.06441 5.26519 5.11702 714.05518
6898.86534 157.72004 5.25388 5.10587 713.91580
6898.33288 157.18290 5.23609 5.08848 713.17451
6898.00425 156.86156 5.22531 5.07808 712.53708
6897.41374 156.30944 5.20696 5.06021 710.93484
6897.02623 155.95897 5.19529 5.04886 709.70444
6896.25382 155.21879 5.17034 5.02490 708.10630
6895.95696 154.92152 5.16114 5.01527 707.30571
6895.22707 154.21643 5.14036 4.99245 704.26279
6894.94449 153.93923 5.13120 4.98347 703.69240
6894.19815 153.20529 5.10655 4.95971 702.52099
6893.91532 152.93637 5.09765 4.95101 701.84174
6893.12242 152.13122 5.07089 4.92494 700.86402
6892.98314 151.98944 5.06618 4.92035 700.63407
6892.17877 151.22650 5.04078 4.89566 699.58527
6891.97953 151.02847 5.03430 4.88924 699.85142
6891.11707 150.20414 5.00692 4.86256 698.63573
6890.75290 149.82803 4.99441 4.85038 698.26885
6890.01156 149.00619 4.96735 4.82378 698.73321
6890.00830 149.00971 4.96745 4.82389 698.60841
6889.18027 148.23326 4.94144 4.79876 696.59226
6889.16603 148.20601 4.94057 4.79787 696.80569
6888.22887 147.41177 4.91386 4.77216 692.99285
6887.96455 147.17301 4.90568 4.76443 692.30061
6886.96003 146.19660 4.87496 4.73282 689.47182
6886.98738 146.22255 4.87572 4.73366 689.59744
6886.00485 145.29152 4.84626 4.70352 686.45303
6885.92888 145.21912 4.84380 4.70118 686.31675
6885.00276 144.34184 4.81440 4.67278 684.32391
6884.83543 144.18137 4.80908 4.66758 683.99342
6883.96465 143.33900 4.78097 4.64031 682.43802
6883.80018 143.17842 4.77563 4.63511 682.09963
6882.97126 142.37977 4.74911 4.60926 681.45384
6882.79517 142.20830 4.74347 4.60371 681.70670
6882.02480 141.48393 4.71932 4.58026 680.73590
6881.60098 141.08459 4.70595 4.56733 679.67274
6880.82265 140.26979 4.67893 4.54095 679.57732
6880.72782 140.16340 4.67542 4.53751 679.69765
6880.04401 139.52105 4.65392 4.51671 678.20074
6879.82575 139.32674 4.64739 4.51042 677.52491
6879.12188 138.71615 4.62685 4.49066 675.01141
6878.58386 138.22271 4.61035 4.47468 673.60617
6878.04305 137.71502 4.59297 4.45825 672.70866
6877.53004 137.24648 4.57809 4.44308 670.81453
6877.01909 136.77833 4.56444 4.42792 668.20676
6876.38875 136.17611 4.54505 4.40843 666.60031
6876.01334 135.82226 4.53300 4.39697 665.99890
6875.33642 135.18600 4.51174 4.37638 664.48607
6875.09616 134.95553 4.50406 4.36892 663.99573
6874.33195 134.28456 4.48164 4.34719 662.86401
6873.99856 133.97848 4.47149 4.33729 662.86801
6873.13432 133.15280 4.44390 4.31056 661.39686
6872.94487 132.97021 4.43779 4.30464 661.09084
6872.06060 132.10461 4.40894 4.27662 660.07912
6872.09190 132.12694 4.40970 4.27735 660.28489
6871.12638 131.26937 4.38079 4.24958 657.37210
6871.17974 131.31580 4.38235 4.25109 657.54789
6870.15915 130.43959 4.35286 4.22272 653.90228
6869.87992 130.18339 4.34424 4.21443 653.23595
6869.03132 129.39188 4.31757 4.18880 651.62143
6868.84524 129.22084 4.31179 4.18327 651.20629
6868.07263 128.51976 4.28979 4.16057 648.06774
6867.79772 128.26795 4.28246 4.15242 646.69541
6867.11983 127.67973 4.26341 4.13338 643.85875
6866.54341 127.15372 4.24533 4.11635 642.72404
6865.99360 126.62176 4.22757 4.09913 641.78681
6865.52215 126.18433 4.21295 4.08497 641.11957
6865.08040 125.77901 4.19942 4.07184 641.42040
6864.48026 125.24218 4.18149 4.05447 640.68669
6864.14895 124.95035 4.17161 4.04502 639.50218
6863.35807 124.26466 4.14839 4.02282 636.87095
6863.06879 124.00383 4.13960 4.01438 636.13431
6862.15625 123.17254 4.11158 3.98746 633.96766
6862.11187 123.11980 4.10984 3.98576 634.13251
6861.13836 122.26924 4.08108 3.95822 631.08705
6861.15757 122.28411 4.08159 3.95870 631.18699
6860.16243 121.42989 4.05264 3.93105 627.74010
6859.89946 121.19508 4.04471 3.92345 627.01201
6859.08494 120.45560 4.01973 3.89951 625.04351
6858.80548 120.20973 4.01125 3.89155 624.32964
6858.09720 119.57087 3.99026 3.87087 622.23076
6857.74909 119.26381 3.98121 3.86093 620.07123
6857.15570 118.75796 3.96550 3.84455 616.74362
6856.56919 118.24124 3.94795 3.82782 616.81267
6856.13469 117.86539 3.93521 3.81566 616.38295
6855.36060 117.18149 3.91203 3.79352 613.88001
6855.09696 116.92777 3.90347 3.78530 613.63331
6854.30519 116.23764 3.88005 3.76296 611.19034
6854.33285 116.25416 3.88064 3.76350 611.45670
6853.34006 115.48436 3.85415 3.73858 606.07644
6852.97717 115.17438 3.84355 3.72854 604.81466
6852.05778 114.34174 3.81517 3.70159 602.65139
6851.90616 114.19677 3.81029 3.69689 602.47916
6851.14154 113.52728 3.78746 3.67522 600.12713
6850.79928 113.23210 3.77729 3.66566 598.98537
6850.13910 112.65720 3.75766 3.64705 596.91937
6849.65262 112.23140 3.74311 3.63327 595.35203
6849.14055 111.79237 3.72782 3.61905 593.73370
6848.45086 111.18341 3.70716 3.59934 591.54195
6848.24857 110.99424 3.70132 3.59322 590.60675
6847.42946 110.34708 3.68161 3.57227 586.03039
6847.19631 110.15025 3.67509 3.56589 585.72495
6846.19729 109.30731 3.64564 3.53861 582.30471
6846.08472 109.21010 3.64228 3.53546 581.91305
6845.16761 108.41126 3.61475 3.50960 579.00111
6845.15713 108.40393 3.61449 3.50936 578.92110
6844.37187 107.81117 3.59370 3.49017 574.08897
6843.76118 107.32692 3.57675 3.47449 570.92155
6843.24607 106.90658 3.56205 3.46089 568.46880
6842.42126 106.22338 3.53812 3.43877 564.86660
6842.01592 105.84812 3.52514 3.42662 564.11766
6841.22427 105.11459 3.49961 3.40287 562.56524
6841.30787 105.18627 3.50213 3.40520 562.87586
6840.31477 104.40509 3.47450 3.37991 557.44795
6840.13449 104.25352 3.46916 3.37500 556.66184
6839.20142 103.47595 3.44174 3.34983 553.05676
6838.85348 103.17399 3.43128 3.34005 553.04852
6838.17392 102.57595 3.41011 3.32069 552.09549
6837.81611 102.28698 3.39963 3.31134 550.13882
6837.25893 101.83252 3.38411 3.29662 546.72577
6836.58855 101.28521 3.36698 3.27891 541.30986
6836.43290 101.15502 3.36264 3.27469 540.32938
6835.47776 100.46305 3.33738 3.25229 533.15078
6835.22631 100.26718 3.33018 3.24595 531.65410
6834.24286 99.46081 3.30113 3.21984 526.54686
6834.01657 99.27228 3.29430 3.21374 525.45344
6833.26271 98.66150 3.27206 3.19397 521.29803
6832.79735 98.28033 3.25815 3.18163 518.82565
6832.28599 97.87123 3.24320 3.16839 515.77876
6831.46831 97.21068 3.21892 3.14700 511.05578
6831.15831 96.92141 3.20834 3.13764 510.34267
6830.32737 96.22955 3.18296 3.11524 505.76302
6830.33211 96.23260 3.18307 3.11534 505.80718
6829.31769 95.44069 3.15380 3.08970 502.05968
6829.09387 95.25409 3.14693 3.08366 500.92822
6828.27425 94.58969 3.12232 3.06215 495.35211
6827.91888 94.30478 3.11157 3.05293 493.13171
6827.45531 93.94169 3.09781 3.04117 490.10505
6826.73770 93.44016 3.07938 3.02494 482.78901
6826.36535 93.15932 3.06999 3.01585 478.79213
6825.35405 92.37929 3.04323 2.99059 469.00897
6825.26187 92.30525 3.04041 2.98820 468.35938
6824.30398 91.55718 3.01245 2.96398 460.91142
6823.99493 91.29901 3.00286 2.95562 458.83312
6823.38272 90.83450 2.98580 2.94059 453.56689
6822.66017 90.28148 2.96549 2.92268 447.25482
6822.43988 90.08647 2.95825 2.91637 445.96740
6821.53092 89.44813 2.93554 2.89570 436.75819
6821.31186 89.28413 2.92964 2.89040 435.50777
6820.30841 88.49445 2.90182 2.86483 428.33226
6819.97827 88.22788 2.89275 2.85620 425.36611
6819.15744 87.55540 2.87035 2.83443 418.58720
6818.71374 87.14616 2.85702 2.82118 415.90663
6818.49588 86.96525 2.85128 2.81533 414.06699
6817.73867 86.46757 2.83674 2.79921 404.39761
6817.26453 86.10362 2.82699 2.78743 399.53181
6816.25944 85.29068 2.80891 2.76112 389.78855
6816.37504 85.37393 2.81091 2.76381 391.14667
6815.34727 84.62857 2.78989 2.73968 379.54198
6814.93747 84.26250 2.77883 2.72783 375.96922
6814.35304 83.84531 2.77151 2.71432 367.86832
6813.48455 83.13339 2.74616 2.69128 358.77565
6813.04064 82.72948 2.72451 2.67820 355.02502
6812.19981 81.96537 2.69452 2.65346 349.05838
6811.70786 81.45406 2.69765 2.63691 347.78090
6810.92877 80.58675 2.69168 2.60883 343.97490
6810.45236 79.98948 2.57757 2.58950 342.76152
6809.81238 79.14108 2.44582 2.56203 341.83421
6809.17510 78.13104 2.42947 2.52934 343.75031
6809.06697 77.96357 2.42392 2.52391 344.01016
6808.49104 77.03494 2.39940 2.49385 346.05803
6808.36353 76.87032 2.39521 2.48852 345.78701
6807.94165 76.29137 2.37951 2.46978 345.78167
6807.44268 75.63294 2.36290 2.44847 344.85608
6807.17224 75.29132 2.35546 2.43741 343.46848
6806.41914 74.26187 2.32919 2.40408 343.50053
6806.91194 74.82685 2.34389 2.42237 344.99886
6805.93927 73.88534 2.32038 2.39189 339.06489
6806.27302 74.17877 2.32746 2.40139 341.54099
6805.31521 73.41087 2.30954 2.37653 333.44255
6805.24125 73.36147 2.30845 2.37493 332.70217
6804.60548 72.91034 2.29838 2.36033 326.89299
6803.87629 72.44151 2.28837 2.34515 320.30865
6803.55845 72.20984 2.28295 2.33765 318.68900
6802.57708 71.54338 2.26834 2.31607 311.65998
6802.23807 71.30156 2.26309 2.30825 309.13746
6801.49732 70.74863 2.25083 2.29035 304.46823
6800.99637 70.41430 2.24379 2.27952 300.78868
6800.54911 70.10695 2.23724 2.26957 297.78059
6799.53164 69.39714 2.22200 2.24659 291.27239
6799.32116 69.24092 2.21857 2.24154 290.14691
6798.36535 68.50923 2.20224 2.21785 285.09445
6797.94858 68.19153 2.19514 2.20756 282.87794
6797.27004 67.64475 2.18275 2.18986 279.70478
6796.68714 67.17894 2.17180 2.17478 277.07671
6796.28484 66.86235 2.16432 2.16453 275.21752
6795.37027 66.12965 2.14931 2.14082 270.27324
6795.05626 65.85094 2.14361 2.13179 268.75075
6794.08047 64.97735 2.12156 2.10351 266.32279
6793.96109 64.86621 2.11871 2.09991 266.03356
6792.96050 63.91948 2.09449 2.06927 262.67210
6792.91039 63.87133 2.09322 2.06771 262.51430
6791.95304 62.95979 2.06910 2.03820 259.29777
6791.76490 62.78025 2.06425 2.03238 258.65067
6790.85502 61.86282 2.03890 2.00269 255.84561
6790.48649 61.47387 2.02797 1.99009 254.82804
6789.63129 60.44283 1.99799 1.95672 253.27667
6789.59628 60.40720 1.99695 1.95556 253.15997
6788.79223 59.46181 1.96885 1.92496 251.37996
6788.54002 59.15702 1.95974 1.91509 250.84378
6787.91361 58.39776 1.93620 1.89051 249.51326
6787.61775 58.02761 1.92515 1.87853 248.81377
6787.13519 57.50288 1.91123 1.86154 246.69546
6786.60410 56.85936 1.89191 1.84071 245.10062
6786.45394 56.69763 1.88670 1.83547 244.62910
6785.87801 56.11908 1.86820 1.81674 243.02911
6785.83762 56.06310 1.86642 1.81493 243.02941
6785.36193 55.70899 1.85532 1.80347 240.86334
6784.56437 55.09452 1.83584 1.78357 236.52412
6784.12426 54.70374 1.82337 1.77092 234.55920
6783.33456 54.03419 1.80195 1.74925 230.86478
6783.39220 54.07774 1.80334 1.75066 231.16000
6782.37153 53.32127 1.77910 1.72617 225.91708
6781.93387 52.95476 1.76724 1.71430 223.91224
6781.05684 52.17970 1.74210 1.68921 220.17615
6780.57495 51.72696 1.72730 1.67456 218.24406
6779.82129 50.94921 1.70183 1.64938 215.53696
6779.65694 50.78836 1.69649 1.64417 214.90751
6778.93919 50.09708 1.67362 1.62179 212.08165
6778.69772 49.87197 1.66619 1.61451 211.10201
6778.02427 49.25631 1.64533 1.59457 208.39245
6777.55634 48.83188 1.63160 1.58083 206.35748
6777.00385 48.29786 1.61605 1.56355 204.03410
6776.83697 48.14413 1.61154 1.55857 203.42682
6776.80545 48.12833 1.61107 1.55806 203.28268
6775.92481 47.62878 1.59453 1.54189 199.31607
6775.97794 47.65386 1.59539 1.54270 199.59789
6775.18911 47.26924 1.58223 1.53025 195.51693
6774.10905 46.73763 1.56459 1.51304 190.33030
6773.78683 46.54896 1.55834 1.50693 188.89305
6772.80928 46.01667 1.54056 1.48970 184.61678
6771.71115 45.29282 1.51642 1.46626 180.24201
6771.32292 44.99646 1.50651 1.45667 178.79828
6770.32970 44.23195 1.48090 1.43192 175.15108
6769.84070 43.82417 1.46725 1.41872 173.40765
6768.92775 42.95335 1.43778 1.39053 170.21028
6768.72055 42.75181 1.43101 1.38400 169.50377
6767.92331 41.97890 1.40475 1.35898 167.11329
6767.96970 42.01224 1.40589 1.36006 167.26091
6767.35110 41.51858 1.38917 1.34408 165.12084
6766.96172 41.24280 1.37977 1.33515 163.66120
6766.62466 41.00898 1.37159 1.32758 162.42995
6765.67024 40.38995 1.35048 1.30754 159.00263
6765.89386 40.52348 1.35481 1.31187 159.80398
6764.78451 39.90722 1.33604 1.29192 155.88531
6763.94562 39.34023 1.31807 1.27356 153.04479
6764.06063 39.41422 1.32059 1.27596 153.42976
6763.00425 38.87024 1.30168 1.25835 150.00091
6762.21268 38.40723 1.28573 1.24336 147.50181
6761.74967 38.11086 1.27561 1.23376 146.05428
6760.77652 37.51779 1.25530 1.21456 143.08786
6760.65369 37.44139 1.25268 1.21209 142.72102
6759.75381 36.91225 1.23448 1.19496 140.06969
6758.92330 36.37365 1.21599 1.17752 137.77968
6759.14658 36.50589 1.22053 1.18181 138.35594
6758.01139 35.94108 1.20108 1.16352 135.46740
6757.02968 35.35566 1.18097 1.14457 132.77545
6756.77770 35.17475 1.17477 1.13871 132.05705
6755.81192 34.61414 1.15547 1.12056 129.52292
6755.53115 34.42900 1.14911 1.11457 128.76461
6754.90220 34.07535 1.13695 1.10312 127.19088
6753.88608 33.49176 1.11688 1.08423 124.67076
6754.28624 33.69037 1.12372 1.09066 125.59247
6753.17855 33.20282 1.10690 1.07487 123.20781
6751.97525 32.55661 1.08469 1.05396 120.46997
6751.62924 32.34982 1.07763 1.04726 119.65733
6750.65967 31.73954 1.05636 1.02750 117.33698
6749.80666 31.16238 1.03673 1.00882 115.30816
6749.25123 30.72068 1.02352 0.99452 113.88323
6748.40312 30.04576 1.00181 0.97267 111.64859
6748.96433 30.41434 1.01416 0.98460 112.96879
6748.09787 29.94888 0.99837 0.96953 111.18263
6747.50762 29.66458 0.98822 0.96033 110.03758
6747.99175 29.85254 0.99495 0.96642 110.85005
6746.99931 29.57096 0.98484 0.95730 109.50106
6745.73531 29.19926 0.97181 0.94527 107.89871
6744.54038 28.71653 0.95509 0.92964 106.11782
6744.27085 28.59542 0.95089 0.92572 105.69067
6743.13055 28.06483 0.93257 0.90854 103.84708
6742.02098 27.46412 0.91185 0.88910 101.82528
6741.39998 27.05903 0.89793 0.87598 100.47979
6740.38940 26.30908 0.87214 0.85170 97.99216
6740.46748 26.34367 0.87334 0.85282 98.10773
6739.98495 26.07050 0.86390 0.84398 97.20216
6739.06341 25.58937 0.84724 0.82840 95.62354
6739.71092 25.84857 0.85625 0.83680 96.46591
6738.94696 25.62553 0.84844 0.82958 95.75611
6737.72281 25.25375 0.83545 0.81754 94.63126
6736.48956 24.76758 0.81855 0.80180 93.15239
6735.67149 24.35982 0.80444 0.78860 91.88546
6734.67822 23.74248 0.78324 0.76862 89.90386
6734.01655 23.30489 0.76800 0.75445 88.47003
6733.94797 23.27030 0.76677 0.75333 88.35998
6732.96727 22.73429 0.74822 0.73598 86.66301
6732.83402 22.64189 0.74527 0.73299 86.37674
6732.82874 22.65948 0.74581 0.73356 86.43818
6731.82723 22.34620 0.73638 0.72341 85.74152
6730.63540 21.94539 0.72410 0.71044 84.85785
6729.81500 21.58628 0.71196 0.69881 83.84017
6729.11201 21.24185 0.69983 0.68766 82.77072
6728.07729 20.71025 0.68134 0.67045 81.12535
6727.86195 20.59483 0.67736 0.66672 80.76324
6727.42003 20.40209 0.67071 0.66048 80.19509
6726.44454 20.00040 0.65675 0.64747 79.03779
6725.74855 19.70662 0.64654 0.63796 78.17468
6725.88805 19.76160 0.64845 0.63974 78.33373
6724.79853 19.42905 0.63684 0.62898 77.49895
6723.56379 18.99021 0.62160 0.61477 76.27233
6722.88377 18.69677 0.61145 0.60527 75.36135
6722.88503 18.69903 0.61153 0.60534 75.37021
6721.83038 18.38864 0.60076 0.59530 74.60593
6720.57042 17.94676 0.58547 0.58099 73.36656
6719.69986 17.56178 0.57218 0.56853 72.15846
6719.12209 17.26895 0.56209 0.55905 71.18788
6718.11857 16.77079 0.54490 0.54292 69.51565
6717.79476 16.59940 0.53898 0.53737 68.92439
6717.39990 16.44503 0.53363 0.53238 68.44391
6716.26418 15.94664 0.51639 0.51624 66.79498
6715.60944 15.62044 0.50511 0.50568 65.65353
6716.20071 15.82928 0.51237 0.51244 66.30413
6715.24466 15.61815 0.50497 0.50561 65.79633
6714.16382 15.36348 0.49607 0.49736 65.11783
6712.96222 15.05317 0.48525 0.48732 64.24900
6712.13067 14.77140 0.47553 0.47819 63.33022
6712.02009 14.72659 0.47399 0.47674 63.17411
6711.22565 14.52491 0.46705 0.47021 62.57274
6710.44081 14.35967 0.46137 0.46487 62.12536
6709.65329 14.23247 0.45700 0.46075 61.83069
6708.86894 14.13673 0.45371 0.45765 61.65912
6708.05793 14.07788 0.45178 0.45574 61.67119
6707.12265 14.03627 0.45057 0.45440 61.81041
6706.88951 14.02122 0.45010 0.45391 61.81287
6705.70551 13.91817 0.44691 0.45057 61.69971
6704.32037 13.67625 0.43916 0.44274 60.96862
6703.00958 13.35444 0.42957 0.43232 59.87899
6701.71492 12.95070 0.41845 0.41925 58.54369
6700.85508 12.59813 0.40807 0.40784 57.18210
6700.11398 12.25050 0.39665 0.39659 55.62975
6698.94791 11.64533 0.37632 0.37699 52.83639
6698.20009 11.18314 0.36096 0.36203 50.69897
6697.42074 10.64213 0.34289 0.34452 48.13602
6696.51023 9.96075 0.31992 0.32246 44.92095
6695.92090 9.44534 0.30250 0.30577 42.49642
6695.07302 8.63486 0.27500 0.27954 38.69757
0.00000 0.00000 0.00000 0.00000 0.00000
