6973.48674 239.16716 7.92124 7.74256 907.24358
6973.33085 238.99582 7.91383 7.73701 907.09388
6972.48624 238.10040 7.88921 7.70802 905.96738
6972.38654 237.99163 7.88584 7.70450 905.84177
6971.49451 236.98745 7.84805 7.67199 905.83990
6971.48574 236.97785 7.84787 7.67168 905.84958
6970.55542 235.98326 7.81363 7.63949 905.75848
6970.48524 235.91075 7.81036 7.63714 905.62334
6969.62140 234.97908 7.78808 7.60698 904.58760
6969.48474 234.82458 7.78055 7.60198 904.56362
6968.79119 233.97490 7.75028 7.57447 904.26914
6968.48424 233.61126 7.74500 7.56270 903.76063
6967.93883 232.97071 7.71788 7.54196 903.79750
6967.48374 232.45574 7.70063 7.52529 903.69251
6967.02501 231.96653 7.68939 7.50945 903.03559
6966.48324 231.39547 7.66595 7.49097 902.26422
6966.09436 230.96234 7.65220 7.47694 901.97514
6965.48274 230.28402 7.63258 7.45498 901.59310
6965.19368 229.95816 7.61856 7.44444 901.46560
6964.48224 229.14087 7.59310 7.41798 901.33442
6964.31015 228.95397 7.58736 7.41193 901.19226
6963.48174 228.03042 7.55492 7.38203 900.52449
6963.39999 227.94979 7.55254 7.37942 900.35857
6962.48124 227.09779 7.52613 7.35184 899.24976
6962.34314 226.94561 7.52060 7.34691 899.20154
6961.48074 225.94394 7.48598 7.31448 899.17656
6961.47846 225.94142 7.48591 7.31440 899.17333
6960.68356 224.93724 7.45639 7.28189 898.79247
6960.48024 224.71213 7.44719 7.27461 898.63961
6959.74744 223.93305 7.42601 7.24938 897.89520
6959.47974 223.64547 7.41655 7.24007 897.55134
6958.83448 222.92887 7.38824 7.21688 897.13168
6958.47924 222.53597 7.37994 7.20416 896.92367
6957.93573 221.92469 7.35705 7.18437 896.69738
6957.47874 221.42156 7.33843 7.16808 896.38344
6957.01833 220.92050 7.32881 7.15186 895.92208
6956.47824 220.32705 7.30253 7.13265 895.53936
6956.09521 219.91632 7.28937 7.11935 895.14275
6955.47774 219.24387 7.27354 7.09758 894.63042
6955.18364 218.91213 7.25657 7.08684 894.56011
6954.47724 218.10789 7.23439 7.06081 894.32568
6954.28218 217.90795 7.23014 7.05433 893.97915
6953.47674 217.11210 7.19461 7.02857 893.63707
6953.26904 216.90377 7.18987 7.02183 893.63140
6952.47624 215.96406 7.16394 6.99140 892.50259
6952.42473 215.89958 7.16121 6.98932 892.50245
6951.51708 214.89540 7.12998 6.95681 892.06302
6951.47574 214.85159 7.12859 6.95539 892.00930
6950.62436 213.89121 7.09372 6.92430 891.83142
6950.47524 213.72317 7.08905 6.91886 891.80508
6949.66355 212.88703 7.06103 6.89179 890.51262
6949.47474 212.68904 7.05405 6.88538 890.25966
6948.74209 211.88285 7.02935 6.85928 889.78542
6948.47424 211.60879 7.02008 6.85041 889.34557
6947.81664 210.87866 6.99508 6.82677 889.04317
6947.47374 210.49400 6.98285 6.81432 888.97890
6946.89583 209.87448 6.96242 6.79427 888.48400
6946.47324 209.40630 6.94624 6.77911 888.26697
6945.96185 208.87029 6.92894 6.76176 887.44015
6945.47274 208.35293 6.91397 6.74501 887.35300
6945.00813 207.86611 6.89700 6.72925 887.19170
6944.47224 207.30211 6.88084 6.71099 886.05685
6944.09019 206.86192 6.86935 6.69674 885.99212
6943.47174 206.17794 6.84130 6.67460 885.82427
6943.16719 205.85774 6.83260 6.66423 885.47313
6942.47124 205.12199 6.81164 6.64041 884.73254
6942.21763 204.85356 6.79940 6.63172 884.47443
6941.47074 204.06588 6.77790 6.60622 883.57395
6941.27696 203.84937 6.77150 6.59922 883.52523
6940.47024 202.95081 6.73594 6.57013 883.34047
6940.37054 202.84519 6.73401 6.56671 883.24009
6939.46973 201.86411 6.69951 6.53495 882.72540
6939.44761 201.84100 6.69856 6.53420 882.69778
6938.50472 200.83682 6.67248 6.50169 881.86165
6938.46923 200.79929 6.67065 6.50048 881.82936
6937.57391 199.83264 6.63616 6.46918 881.20424
6937.46873 199.71804 6.63483 6.46547 881.18336
6936.68913 198.82845 6.59849 6.43667 880.91954
6936.46823 198.56261 6.59180 6.42807 880.69958
6935.73853 197.82427 6.57567 6.40417 880.27177
6935.46773 197.58312 6.56395 6.39636 879.78833
6934.74625 196.82008 6.53985 6.37166 878.94291
6934.46723 196.52009 6.53245 6.36195 878.73257
6933.83059 195.81590 6.50321 6.33915 878.68464
6933.46673 195.41404 6.49139 6.32614 878.55104
6932.88260 194.81172 6.47314 6.30664 877.81020
6932.46623 194.38577 6.45653 6.29285 877.24133
6931.91133 193.80753 6.44032 6.27413 876.62900
6931.46573 193.35890 6.42550 6.25961 875.90698
6930.94534 192.80335 6.40408 6.24162 875.54958
6930.46523 192.27989 6.39003 6.22468 875.37040
6930.01554 191.79916 6.37270 6.20911 875.07478
6929.46473 191.20797 6.35222 6.18998 874.74816
6929.06930 190.79498 6.33992 6.17661 874.49297
6928.46423 190.11984 6.31812 6.15475 873.61766
6928.16099 189.79079 6.30941 6.14410 872.64243
6927.46373 189.07808 6.28686 6.12102 872.65372
6927.18148 188.78661 6.27610 6.11159 873.09221
6926.46323 188.03921 6.25146 6.08739 872.48003
6926.21342 187.78243 6.24297 6.07908 872.14938
6925.46273 187.02467 6.21893 6.05455 871.08434
6925.22989 186.77824 6.21033 6.04657 870.89998
6924.46223 185.98448 6.18521 6.02088 870.08983
6924.26651 185.77406 6.17898 6.01406 870.01011
6923.46173 184.88343 6.14584 5.98523 870.08464
6923.35102 184.76987 6.14253 5.98156 869.93744
6922.46123 183.85098 6.11403 5.95181 868.99779
6922.37620 183.76569 6.11051 5.94905 868.86575
6921.46073 182.85470 6.08452 5.91956 867.37799
6921.37402 182.76151 6.08109 5.91654 867.37613
6920.46023 181.75827 6.04567 5.88406 866.91718
6920.45935 181.75732 6.04566 5.88403 866.91477
6919.60303 180.75314 6.01308 5.85152 866.87029
6919.45973 180.60578 6.00715 5.84675 866.77014
6918.56297 179.74895 5.98623 5.81901 864.97179
6918.45923 179.64697 5.98165 5.81571 865.04891
6917.51268 178.74477 5.94900 5.78650 864.46032
6917.45873 178.69274 5.94832 5.78482 864.32576
6916.59459 177.74059 5.91232 5.75400 864.42346
6916.45823 177.59310 5.90743 5.74922 864.44009
6915.59821 176.73640 5.88493 5.72149 863.12341
6915.45773 176.59665 5.87809 5.71696 862.90757
6914.61103 175.73222 5.85317 5.68898 862.07568
6914.45723 175.57685 5.84962 5.68395 861.90756
6913.66733 174.72803 5.81319 5.65647 861.77803
6913.45673 174.50178 5.80822 5.64915 861.78949
6912.70844 173.72385 5.78222 5.62396 861.30051
6912.45623 173.46903 5.77077 5.61571 861.06355
6911.69399 172.71967 5.75598 5.59145 859.69240
6911.45573 172.45917 5.74642 5.58302 859.15099
6910.81010 171.71548 5.71937 5.55895 858.82133
6910.45523 171.34657 5.71261 5.54700 858.65699
6909.76954 170.71130 5.68547 5.52644 858.09626
6909.45473 170.42351 5.67425 5.51712 857.97790
6908.73181 169.70711 5.66056 5.49393 857.13785
6908.45423 169.43295 5.64559 5.48505 856.72537
6907.73333 168.70293 5.62245 5.46142 856.06187
6907.45373 168.41837 5.61860 5.45221 855.77963
6906.75412 167.69874 5.58417 5.42891 855.33666
6906.45323 167.38613 5.57716 5.41879 855.24368
6905.77761 166.69456 5.55770 5.39640 854.83356
6905.45273 166.37406 5.54139 5.38603 854.38355
6904.74567 165.69038 5.52786 5.36389 853.14278
6904.45223 165.40481 5.51812 5.35465 852.65530
6903.75237 164.68619 5.48557 5.33139 852.53039
6903.45173 164.34826 5.48123 5.32045 852.77579
6902.87212 163.68201 5.45807 5.29888 852.21882
6902.45123 163.23812 5.44148 5.28451 851.67445
6901.88489 162.67782 5.43149 5.26637 851.31595
6901.45073 162.25729 5.41139 5.25276 850.42295
6900.80922 161.67364 5.39369 5.23386 849.29366
6900.45023 161.34293 5.38848 5.22315 849.37857
6899.79563 160.66946 5.35596 5.20135 849.85808
6899.44972 160.31400 5.34537 5.18985 849.61080
6898.78058 159.66527 5.33026 5.16884 848.66433
6898.44922 159.34912 5.31294 5.15861 848.10743
6897.75432 158.66109 5.29728 5.13634 847.41311
6897.44872 158.35790 5.28898 5.12652 847.11386
6896.75752 157.65690 5.25639 5.10383 846.74597
6896.44822 157.33674 5.25055 5.09346 846.73515
6895.75544 156.65272 5.22565 5.07132 846.04634
6895.44772 156.35224 5.21308 5.06159 845.70048
6894.70880 155.64854 5.19976 5.03881 844.60932
6894.44722 155.38967 5.18651 5.03043 844.45564
6893.73574 154.64435 5.16293 5.00630 843.37782
6893.44672 154.34150 5.16003 4.99650 842.65003
6892.78501 153.64017 5.12843 4.97379 842.71247
6892.44622 153.30281 5.11606 4.96287 842.84543
6891.66526 152.63598 5.10270 4.94128 842.11412
6891.44572 152.44897 5.09127 4.93523 841.46579
6890.60543 151.63180 5.06929 4.90878 840.40663
6890.44522 151.46908 5.06594 4.90351 840.40895
6889.59664 150.62762 5.02718 4.87627 839.81722
6889.44472 150.47670 5.02390 4.87138 839.73093
6888.57530 149.62343 4.99723 4.84376 839.05521
6888.44422 149.49844 4.99091 4.83971 838.87618
6887.50455 148.61925 4.97171 4.81125 837.35043
6887.44372 148.56170 4.96917 4.80939 837.26345
6886.47766 147.61506 4.93381 4.77874 836.44068
6886.44322 147.58014 4.93339 4.77761 836.44005
6885.47466 146.61088 4.89416 4.74623 836.32620
6885.44272 146.57679 4.89281 4.74513 836.32069
6884.53034 145.60669 4.87275 4.71373 835.04995
6884.44222 145.52161 4.86748 4.71097 834.99228
6883.44455 144.60251 4.83937 4.68122 833.19332
6883.44172 144.59983 4.83935 4.68113 833.19096
6882.44122 143.71660 4.80156 4.65254 832.87076
6882.31576 143.59833 4.79848 4.64871 832.78906
6881.44072 142.76378 4.77557 4.62169 831.70190
6881.26574 142.59414 4.76664 4.61620 831.59647
6880.44022 141.84210 4.74811 4.59185 830.10820
6880.18130 141.58996 4.74009 4.58369 829.94656
6879.43972 140.85807 4.70736 4.56000 829.76444
6879.15145 140.58577 4.70253 4.55118 829.46310
6878.43922 139.90214 4.67759 4.52905 828.91657
6878.09058 139.58159 4.66536 4.51867 828.37098
6877.43872 138.99567 4.65237 4.49971 827.06426
6877.00128 138.57741 4.63482 4.48617 826.67620
6876.43822 138.05282 4.61682 4.46918 825.95001
6875.93624 137.57322 4.60408 4.45366 825.80147
6875.43772 137.01740 4.58370 4.43566 825.91026
6874.98217 136.56904 4.57060 4.42115 824.57384
6874.43722 136.09726 4.55825 4.40588 824.16407
6873.84525 135.56485 4.53684 4.38864 824.66353
6873.43672 135.20796 4.52574 4.37709 823.53062
6872.73653 134.56067 4.50561 4.35613 822.52747
6872.43622 134.26439 4.49497 4.34654 822.60448
6871.67408 133.55649 4.47120 4.32362 821.76196
6871.43572 133.33154 4.46387 4.31634 821.57529
6870.60670 132.55230 4.43807 4.29112 820.97794
6870.43522 132.39744 4.43227 4.28610 820.69730
6869.51743 131.54812 4.40631 4.25861 819.71252
6869.43472 131.47045 4.40372 4.25609 819.65812
6868.43422 130.55256 4.37087 4.22638 818.52589
6868.42468 130.54393 4.37066 4.22610 818.51146
6867.43372 129.63985 4.33990 4.19683 817.18516
6867.32419 129.53975 4.33589 4.19359 817.10909
6866.43322 128.70260 4.31687 4.16649 816.12709
6866.26219 128.53556 4.31096 4.16108 815.58330
6865.43272 127.74616 4.28084 4.13553 814.23430
6865.18507 127.53138 4.27844 4.12857 814.68662
6864.43222 126.90413 4.25275 4.10827 813.76139
6864.01394 126.52720 4.23869 4.09606 812.93715
6863.43172 126.00843 4.23160 4.07927 812.04593
6862.92071 125.52301 4.20645 4.06356 812.05558
6862.43122 125.06822 4.19141 4.04883 811.81161
6861.82406 124.51883 4.18000 4.03105 811.16722
6861.43072 124.14885 4.16010 4.01907 811.04384
6860.69614 123.51464 4.14514 3.99854 809.50284
6860.43022 123.27842 4.13902 3.99089 809.14250
6859.60681 122.51046 4.10339 3.96603 808.93206
6859.42971 122.34958 4.10018 3.96082 808.78989
6858.48208 121.50628 4.07181 3.93352 807.56941
6858.42921 121.45772 4.06978 3.93195 807.54626
6857.42871 120.58854 4.04608 3.90381 805.44568
6857.32330 120.50209 4.04230 3.90101 805.11829
6856.42821 119.77321 4.01347 3.87742 804.73541
6856.12349 119.49791 4.00621 3.86851 804.31812
6855.42771 118.81128 3.98626 3.84628 802.91416
6855.10077 118.49372 3.97497 3.83600 803.21519
6854.42721 117.91321 3.95497 3.81720 802.28238
6853.93785 117.48954 3.94309 3.80349 801.35720
6853.42671 117.04239 3.92659 3.78901 800.67047
6852.79484 116.48536 3.90622 3.77098 799.96881
6852.42621 116.15316 3.89997 3.76023 799.75059
6851.68690 115.48117 3.87173 3.73847 799.46373
6851.42571 115.24266 3.86338 3.73075 799.42711
6850.50656 114.47699 3.84478 3.70596 797.23678
6850.42521 114.40637 3.84100 3.70368 797.12159
6849.42471 113.57990 3.81511 3.67692 794.53384
6849.30368 113.47280 3.81388 3.67346 794.46293
6848.42421 112.67801 3.77609 3.64773 794.13783
6848.16952 112.46862 3.77188 3.64095 793.25026
6847.42371 111.88022 3.75716 3.62190 792.60830
6846.92443 111.46444 3.73564 3.60844 793.03756
6846.42321 111.00829 3.72523 3.59367 791.95783
6845.85318 110.46025 3.70948 3.57593 790.70851
6845.42271 110.07229 3.69080 3.56337 790.34870
6844.71045 109.45607 3.67630 3.54342 789.79498
6844.42221 109.19384 3.66655 3.53493 789.88984
6843.51561 108.45188 3.63748 3.51091 787.54524
6843.42171 108.37398 3.63516 3.50839 787.34128
6842.42121 107.51944 3.60656 3.48073 786.06136
6842.34124 107.44770 3.60389 3.47840 786.06481
6841.42071 106.66188 3.57635 3.45297 784.93567
6841.16561 106.44351 3.57068 3.44590 784.65897
6840.42021 105.80286 3.54678 3.42516 784.01544
6839.99083 105.43933 3.53269 3.41339 783.28673
6839.41971 104.96108 3.52313 3.39791 782.37202
6838.72433 104.43515 3.49820 3.38088 782.00628
6838.41921 104.20277 3.48859 3.37336 781.37270
6837.43979 103.43096 3.46838 3.34837 778.00778
6837.41871 103.41277 3.46737 3.34778 777.99914
6836.41821 102.58915 3.43675 3.32112 776.18827
6836.21996 102.42678 3.43195 3.31586 775.93186
6835.41771 101.70543 3.40325 3.29251 774.94002
6835.12217 101.42259 3.39503 3.28335 774.41323
6834.41721 100.80921 3.37701 3.26350 773.27335
6833.94411 100.41841 3.35993 3.25085 772.75869
6833.41671 99.98114 3.34539 3.23669 771.97524
6832.69281 99.41423 3.32572 3.21834 769.51034
6832.41621 99.18688 3.31740 3.21098 769.04615
6831.51163 98.41004 3.28828 3.18583 768.83347
6831.41571 98.32739 3.28585 3.18315 768.85017
6830.41521 97.50780 3.25669 3.15662 766.80407
6830.28056 97.40586 3.25201 3.15332 766.40654
6829.41471 96.81774 3.23299 3.13428 763.70703
6828.90226 96.40167 3.21737 3.12081 762.90819
6828.41421 95.97849 3.19897 3.10711 762.86986
6827.68226 95.39749 3.18074 3.08830 761.06698
6827.41371 95.17083 3.17147 3.08097 760.93109
6826.41321 94.41995 3.14052 3.05666 756.39688
6826.38189 94.39331 3.13977 3.05579 756.40395
6825.41271 93.61633 3.10613 3.03064 754.63672
6825.14535 93.38912 3.09746 3.02329 753.82280
6824.41221 92.72185 3.07889 3.00168 751.90876
6824.01390 92.38494 3.06458 2.99078 751.32982
6823.41171 91.89258 3.04460 2.97484 750.83844
6822.80285 91.38075 3.02559 2.95827 750.67233
6822.41121 91.06899 3.01205 2.94818 749.57334
6821.49317 90.37657 2.98543 2.92576 746.50445
6821.41071 90.31088 2.98300 2.92363 746.85584
6820.41021 89.63828 2.95542 2.90186 741.35396
6820.07998 89.37238 2.94459 2.89325 740.33394
6819.40970 88.81542 2.92192 2.87522 739.80768
6818.82016 88.36820 2.90366 2.86074 737.18699
6818.40920 88.05025 2.89014 2.85045 735.66412
6817.54318 87.36402 2.86224 2.82824 733.14489
6817.40870 87.25681 2.85785 2.82476 732.78242
6816.40820 86.53091 2.82606 2.80127 726.17540
6816.19776 86.35983 2.81899 2.79573 725.74098
6815.40770 85.73430 2.79250 2.77548 723.07405
6814.91689 85.35565 2.77629 2.76322 720.70391
6814.40720 84.95237 2.75814 2.75016 718.94853
6813.60466 84.35146 2.72704 2.73071 714.07026
6813.40670 84.19229 2.72021 2.72556 712.51911
6812.40620 83.36482 2.68870 2.69877 704.60479
6812.38559 83.34728 2.68787 2.69820 704.68020
6811.40570 82.68203 2.65368 2.67667 698.71978
6810.96942 82.34310 2.63828 2.66569 695.28241
6810.40520 81.86378 2.61742 2.65018 693.77638
6809.75997 81.33891 2.58597 2.63318 690.38435
6809.40470 81.06881 2.57193 2.62444 686.99493
6808.42682 80.33473 2.51063 2.60068 676.22111
6808.40420 80.31816 2.50911 2.60014 675.90021
6807.40370 79.53576 2.44873 2.57481 664.55296
6807.17565 79.33054 2.43632 2.56817 663.36867
6806.40320 78.69952 2.40331 2.54774 653.22306
6806.01334 78.32636 2.39080 2.53566 650.03760
6805.40270 77.63901 2.36759 2.51341 648.01519
6805.11364 77.32218 2.35431 2.50315 644.79046
6804.40220 76.39905 2.32807 2.47327 638.97688
6804.33229 76.31799 2.32595 2.47064 637.68487
6803.69939 75.31381 2.28725 2.43813 635.41028
6803.40170 74.89910 2.27932 2.42471 631.95420
6803.01433 74.30962 2.26574 2.40563 628.91275
6802.40120 73.50811 2.24315 2.37968 613.67134
6802.24495 73.30544 2.23886 2.37312 609.88757
6801.61712 72.30126 2.21636 2.34061 601.41129
6801.40070 72.00652 2.21051 2.33107 596.85262
6800.80374 71.29707 2.19568 2.30810 582.36526
6800.40020 70.86964 2.18719 2.29426 572.02659
6799.71208 70.29289 2.18008 2.27559 552.34385
6799.39970 70.02765 2.17438 2.26701 544.24806
6798.39920 69.30631 2.16402 2.24365 517.96197
6798.37430 69.28870 2.16374 2.24308 517.34952
6797.39870 68.65015 2.15062 2.22241 493.78753
6796.85498 68.28452 2.14402 2.21057 482.11028
6796.39820 67.93896 2.13646 2.19939 473.66438
6795.40158 67.28033 2.12304 2.17807 454.72060
6795.39770 67.27757 2.12298 2.17798 454.65275
6794.39720 66.57430 2.10818 2.15521 439.83602
6793.98415 66.27615 2.10271 2.14556 434.38999
6793.39670 65.85819 2.09572 2.13203 424.64595
6792.57567 65.27197 2.08448 2.11305 413.08481
6792.39620 65.12928 2.08116 2.10843 411.01847
6791.39570 64.36885 2.06448 2.08381 398.90931
6791.26253 64.26778 2.06259 2.08054 397.34931
6790.39520 63.56607 2.04726 2.05782 388.13926
6790.02567 63.26360 2.04043 2.04803 384.36777
6789.39470 62.76542 2.02999 2.03190 377.80606
6788.77693 62.25941 2.01924 2.01552 371.79141
6788.39420 61.90296 2.01016 2.00398 368.67673
6787.67247 61.25523 1.99440 1.98302 362.55853
6787.39370 60.98593 1.98875 1.97430 360.47356
6786.61894 60.25105 1.97025 1.95051 354.27987
6786.39320 60.03033 1.96454 1.94336 352.65486
6785.47577 59.24686 1.94617 1.91800 346.43550
6785.39270 59.17115 1.94403 1.91555 345.83165
6784.51506 58.24268 1.91857 1.88549 339.92030
6784.39220 58.08070 1.91469 1.88025 339.33978
6783.72518 57.23849 1.89285 1.85298 335.10984
6783.39170 56.84989 1.88155 1.84040 333.05171
6782.85697 56.23431 1.86313 1.82047 329.81355
6782.39120 55.66580 1.84616 1.80207 327.09796
6782.02777 55.23013 1.83210 1.78796 324.90281
6781.39070 54.46733 1.80790 1.76327 320.96419
6781.16108 54.22594 1.80117 1.75546 319.29763
6780.39020 53.32040 1.76967 1.72614 314.31514
6780.29380 53.22176 1.76658 1.72295 313.59282
6779.38969 52.34107 1.73946 1.69444 306.59398
6779.25670 52.21757 1.73510 1.69044 305.53736
6778.38919 51.58699 1.71661 1.67003 297.75735
6777.91586 51.21339 1.70486 1.65793 293.78050
6777.38869 50.73266 1.68880 1.64237 289.61571
6776.70005 50.20921 1.67177 1.62542 284.59184
6776.38819 49.98197 1.66440 1.61807 282.50438
6775.47779 49.20502 1.63956 1.59291 275.69071
6775.38769 49.12554 1.63688 1.59034 275.01450
6774.38719 48.22393 1.61184 1.56115 267.36393
6774.36328 48.20084 1.61122 1.56041 267.18627
6773.38669 47.20257 1.57629 1.52809 260.65782
6773.38055 47.19665 1.57610 1.52790 260.61572
6772.38619 46.23659 1.54444 1.49682 253.83019
6772.33866 46.19247 1.54281 1.49539 253.50371
6771.38569 45.30953 1.51422 1.46681 246.98172
6771.24998 45.18828 1.51004 1.46288 246.04820
6770.38519 44.40287 1.48193 1.43745 240.17943
6770.12292 44.18410 1.47493 1.43037 238.37465
6769.38469 43.72534 1.46017 1.41552 233.04539
6768.38419 43.19370 1.44449 1.39831 226.05595
6768.35656 43.17992 1.44407 1.39786 225.88964
6767.38369 42.74655 1.42982 1.38383 219.65020
6766.40556 42.17573 1.41050 1.36535 213.21974
6766.38319 42.16329 1.41007 1.36495 213.07660
6765.38269 41.59534 1.39108 1.34657 206.76329
6764.77313 41.17155 1.37732 1.33285 203.12253
6764.38219 40.85073 1.36637 1.32246 200.88137
6763.51266 40.16736 1.34447 1.30034 195.87330
6763.38169 40.04503 1.34100 1.29638 195.12981
6762.47818 39.16318 1.31262 1.26783 190.08631
6762.38119 39.07307 1.30927 1.26491 189.55458
6761.44718 38.15900 1.27792 1.23532 184.40766
6761.38069 38.09850 1.27584 1.23336 184.03987
6760.38019 37.35973 1.25106 1.20945 178.59583
6760.08102 37.15481 1.24452 1.20281 176.98225
6759.37969 36.67788 1.22816 1.18737 173.29608
6758.50700 36.15063 1.21026 1.17030 169.32553
6758.37919 36.08382 1.20797 1.16814 168.70729
6757.37869 35.46201 1.18649 1.14801 163.68469
6756.91630 35.14644 1.17571 1.13780 161.42499
6756.37819 34.85647 1.16589 1.12841 158.89545
6755.37769 34.32495 1.14813 1.11120 154.34874
6755.07076 34.14226 1.14183 1.10529 152.96337
6754.37719 33.70724 1.12679 1.09120 149.86516
6753.45824 33.13808 1.10720 1.07278 145.87376
6753.37669 33.08954 1.10552 1.07121 145.52752
6752.37619 32.49324 1.08504 1.05190 141.35560
6751.82266 32.13389 1.07289 1.04027 139.06626
6751.37569 31.90192 1.06497 1.03276 137.31445
6750.37519 31.41624 1.04800 1.01704 133.79594
6749.88560 31.12971 1.03858 1.00776 132.08436
6749.37469 30.79518 1.02862 0.99693 130.15780
6748.37419 30.15760 1.00844 0.97629 126.50131
6748.32427 30.12552 1.00735 0.97525 126.31703
6747.37369 29.59401 0.98880 0.95805 122.99636
6746.56944 29.12134 0.97319 0.94275 120.24485
6746.37319 29.03266 0.97026 0.93987 119.64255
6745.37269 28.58948 0.95530 0.92553 116.66613
6744.55390 28.11715 0.93885 0.91024 114.06266
6744.37219 28.00011 0.93472 0.90645 113.46142
6743.37169 27.34086 0.91159 0.88511 110.15966
6743.03679 27.11297 0.90369 0.87773 109.05357
6742.37119 26.57864 0.88507 0.86043 106.65057
6741.74750 26.10879 0.86847 0.84522 104.50484
6741.37069 25.87443 0.86005 0.83763 103.40905
6740.37019 25.37523 0.84271 0.82147 100.83674
6739.81277 25.10460 0.83401 0.81271 99.41261
6739.36968 24.97003 0.82970 0.80835 98.55140
6738.36918 24.70118 0.82073 0.79965 96.76461
6737.36868 24.38389 0.80965 0.78938 94.93611
6736.71516 24.10042 0.79989 0.78020 93.56249
6736.36818 23.93314 0.79404 0.77479 92.79503
6735.36768 23.44651 0.77698 0.75903 90.60210
6734.73601 23.09623 0.76440 0.74769 89.08663
6734.36718 22.83068 0.75522 0.73910 88.03355
6733.43387 22.09205 0.73235 0.71519 85.39526
6733.36668 22.04990 0.73107 0.71382 85.24349
6732.36618 21.57953 0.71507 0.69859 83.37798
6731.45473 21.08787 0.69804 0.68268 81.36188
6731.36568 21.05501 0.69697 0.68161 81.22025
6730.36518 20.75500 0.68727 0.67190 79.91445
6729.36468 20.43902 0.67681 0.66167 78.61738
6728.53819 20.08368 0.66462 0.65017 77.24388
6728.36418 19.97418 0.66085 0.64662 76.83589
6727.36368 19.32455 0.63753 0.62559 74.42790
6726.98812 19.07950 0.62869 0.61766 73.52463
6726.36318 18.73039 0.61622 0.60636 72.23268
6725.36268 18.17527 0.59730 0.58839 70.19682
6725.17589 18.07531 0.59407 0.58515 69.83450
6724.36218 17.81355 0.58534 0.57668 68.89891
6723.36168 17.52293 0.57551 0.56727 67.88542
6722.36118 17.11635 0.56145 0.55411 66.46506
6722.26468 17.07113 0.55987 0.55264 66.30654
6721.36068 16.62586 0.54414 0.53823 64.74435
6720.36018 16.09148 0.52511 0.52093 62.85675
6720.31138 16.06695 0.52423 0.52014 62.77085
6719.35968 15.66852 0.51016 0.50724 61.40770
6718.35918 15.25489 0.49622 0.49385 60.00094
6717.89533 15.06276 0.48981 0.48763 59.34470
6717.35868 14.89218 0.48403 0.48210 58.79517
6716.35818 14.58306 0.47325 0.47210 57.82135
6715.35768 14.20933 0.46006 0.46000 56.57068
6714.97946 14.05858 0.45467 0.45512 56.03476
6714.35718 13.86523 0.44787 0.44886 55.39205
6713.35668 13.53701 0.43682 0.43823 54.35552
6712.35618 13.12391 0.42442 0.42486 53.11303
6712.19947 13.05439 0.42250 0.42261 52.92325
6711.35568 12.65049 0.41013 0.40953 51.66359
6710.35518 12.13101 0.39196 0.39272 49.79561
6710.19142 12.05021 0.38903 0.39010 49.49698
6709.35468 11.71503 0.37721 0.37925 48.31540
6708.35418 11.25848 0.36147 0.36447 46.66806
6707.90129 11.04603 0.35432 0.35759 45.89394
6707.35368 10.89746 0.34926 0.35278 45.40740
6706.35318 10.69247 0.34237 0.34615 44.75994
6705.35268 10.45844 0.33451 0.33857 44.00072
6704.35218 10.16115 0.32459 0.32895 42.96076
6704.00036 10.04184 0.32051 0.32508 42.52250
6703.35168 9.83484 0.31358 0.31838 41.76898
6702.35118 9.59368 0.30522 0.31058 40.93318
6701.35068 9.40254 0.29878 0.30439 40.29497
6700.35018 9.24822 0.29372 0.29939 39.80619
6699.34967 9.15386 0.29012 0.29634 39.55308
6698.34917 9.09990 0.28766 0.29459 39.47006
6697.34867 9.05339 0.28525 0.29309 39.39637
6697.19042 9.03766 0.28460 0.29258 39.34288
6696.34817 8.93527 0.28000 0.28926 38.98950
6695.34767 8.72189 0.27255 0.28235 38.13737
6694.34717 8.44135 0.26399 0.27327 36.96455
6693.34667 8.08512 0.25296 0.26174 35.42985
6693.23705 8.03347 0.25126 0.26007 35.20237
6692.34617 7.58638 0.23628 0.24559 33.23179
6691.36838 7.02929 0.21833 0.22756 30.76344
6691.34567 7.01355 0.21783 0.22705 30.69333
6690.34517 6.29835 0.19347 0.20390 27.50779
6689.99966 6.02510 0.18448 0.19505 26.29807
6689.34467 5.42195 0.16410 0.17552 23.57128
6688.92500 5.02092 0.15009 0.16254 21.80907
0.00000 0.00000 0.00000 0.00000 0.00000
