6961.73986 242.76807 8.03115 7.85913 818.77393
6961.32801 242.30307 8.01601 7.84408 818.41901
6960.75454 241.65070 7.99435 7.82296 818.14927
6960.47945 241.35375 7.98460 7.81335 817.76346
6959.82351 240.62553 7.96069 7.78977 817.14587
6959.77727 240.58982 7.95949 7.78861 816.93072
6958.94417 239.78808 7.93286 7.76266 814.77907
6958.48116 239.27885 7.91616 7.74617 814.29284
6957.72841 238.41708 7.88781 7.71828 813.88962
6957.59471 238.27226 7.88302 7.71359 813.73851
6956.70983 237.25338 7.84962 7.68060 813.32806
6956.69914 237.24108 7.84921 7.68021 813.32228
6955.85688 236.26744 7.81721 7.64869 812.96106
6955.78258 236.19479 7.81481 7.64633 812.78141
6954.99999 235.32757 7.78638 7.61826 812.05566
6954.76848 235.07785 7.77803 7.61018 811.75257
6954.06086 234.28751 7.75246 7.58459 811.07066
6953.76466 233.95064 7.74287 7.57368 810.88014
6953.19837 233.33052 7.72417 7.55361 810.55604
6952.79747 232.89206 7.70943 7.53941 810.20210
6952.32521 232.38035 7.69259 7.52285 809.55363
6951.81972 231.85335 7.67523 7.50579 808.70021
6951.30252 231.28134 7.65639 7.48727 808.21987
6950.80520 230.71856 7.63787 7.46905 807.88762
6950.53497 230.44848 7.62893 7.46031 807.30881
6949.90314 229.80301 7.60765 7.43941 806.08877
6949.42699 229.31192 7.59141 7.42351 805.25379
6948.68312 228.46730 7.56367 7.39617 804.81544
6948.50437 228.24057 7.55631 7.38883 805.02740
6947.77521 227.43530 7.52967 7.36276 804.36181
6947.62726 227.27611 7.52442 7.35761 804.16356
6946.75272 226.29820 7.49211 7.32595 803.58328
6946.84344 226.39728 7.49543 7.32916 803.65580
6945.87619 225.39262 7.46435 7.29664 801.04720
6945.78598 225.29666 7.46170 7.29353 800.72159
6944.87466 224.30048 7.42956 7.26128 800.92617
6944.76341 224.18173 7.42565 7.25744 800.90885
6943.92856 223.25299 7.39526 7.22737 800.16319
6943.76624 223.06884 7.38918 7.22141 800.06767
6943.05647 222.28916 7.36353 7.19617 799.40617
6942.83655 222.05306 7.35575 7.18852 799.10795
6942.20094 221.38273 7.33357 7.16682 798.16791
6941.96991 221.15441 7.32599 7.15943 797.63851
6941.19081 220.39165 7.30075 7.13474 795.84381
6940.63052 219.75901 7.27992 7.11426 795.49867
6940.14673 219.16071 7.26038 7.09489 795.80895
6939.82782 218.81974 7.24917 7.08385 795.39177
6939.39949 218.37163 7.23434 7.06934 794.70834
6938.85515 217.81477 7.21598 7.05132 793.68370
6938.33860 217.25883 7.19749 7.03332 793.18122
6937.75289 216.60695 7.17635 7.01222 792.56683
6937.41046 216.22687 7.16539 6.99991 791.70701
6936.76003 215.50076 7.14311 6.97641 790.48851
6936.54397 215.26747 7.13524 6.96885 790.29656
6935.80343 214.46083 7.10875 6.94274 790.79231
6935.71708 214.37328 7.10589 6.93991 790.76133
6934.87370 213.51180 7.07737 6.91202 789.38817
6934.57736 213.18696 7.06670 6.90150 789.09155
6933.72169 212.21660 7.03487 6.87009 788.73057
6933.66218 212.15087 7.03269 6.86796 788.68643
6932.78998 211.14519 6.99970 6.83540 788.45619
6932.99409 211.35275 7.00653 6.84212 788.85027
6932.08485 210.49014 6.97781 6.81420 786.39514
6931.79999 210.20637 6.96840 6.80501 785.79243
6930.91703 209.24505 6.93686 6.77389 784.91466
6930.76937 209.08726 6.93164 6.76878 784.72107
6929.98790 208.22424 6.90317 6.74084 784.16488
6929.90878 208.13867 6.90057 6.73807 783.98665
6929.14754 207.37853 6.87831 6.71347 781.17471
6928.85055 207.07511 6.86856 6.70364 780.56761
6928.10899 206.29282 6.84232 6.67832 779.53019
6927.75004 205.91638 6.83004 6.66613 779.34158
6927.08174 205.15457 6.80524 6.64147 780.42293
6926.80860 204.85025 6.79512 6.63162 780.38023
6926.26196 204.27777 6.77616 6.61308 779.38913
6925.85973 203.85000 6.76217 6.59924 778.90579
6925.33682 203.31522 6.74441 6.58192 778.00737
6924.84852 202.80813 6.72764 6.56551 777.25080
6924.27781 202.20511 6.70778 6.54599 776.50781
6923.73831 201.59685 6.68768 6.52629 776.29011
6923.46725 201.29493 6.67777 6.51652 776.14318
6922.90156 200.73364 6.65918 6.49835 774.95044
6922.45527 200.26717 6.64375 6.48325 774.29213
6921.84483 199.62443 6.62248 6.46244 773.52669
6921.48461 199.24955 6.60985 6.45031 773.09169
6920.81208 198.53126 6.58829 6.42705 771.40421
6920.56846 198.27049 6.58080 6.41861 770.67607
6919.86172 197.53961 6.55684 6.39495 769.51254
6919.58845 197.25361 6.54729 6.38569 769.18998
6918.85259 196.47883 6.52177 6.36061 768.06605
6918.69130 196.31742 6.51643 6.35538 767.84177
6917.87737 195.49231 6.48931 6.32867 767.93001
6917.59507 195.18851 6.47935 6.31884 767.75807
6916.79451 194.32054 6.45071 6.29074 766.91372
6916.55136 194.05843 6.44202 6.28225 766.71163
6915.67865 193.03029 6.40838 6.24897 767.09558
6915.93134 193.30333 6.41739 6.25781 767.31958
6914.95469 192.33330 6.38515 6.22641 765.33388
6914.94553 192.32370 6.38483 6.22610 765.32302
6913.95003 191.34097 6.35229 6.19428 763.19658
6913.78432 191.16992 6.34655 6.18874 762.96380
6912.86235 190.17039 6.31494 6.15639 761.66509
6912.92500 190.23335 6.31675 6.15842 761.89983
6912.00038 189.31531 6.28861 6.12870 758.95331
6911.82339 189.13213 6.28240 6.12277 758.76976
6910.95916 188.21654 6.25206 6.09313 757.90740
6910.83187 188.09015 6.24785 6.08904 757.62200
6909.99499 187.20139 6.21868 6.06027 757.11413
6909.88047 187.08327 6.21481 6.05645 757.15579
6909.05491 186.24015 6.18693 6.02915 757.02707
6908.86518 186.03510 6.18017 6.02251 756.79624
6908.08641 185.24049 6.15385 5.99679 755.48494
6907.70645 184.83361 6.14042 5.98362 755.17896
6907.06728 184.09373 6.11619 5.95967 755.39472
6906.98725 184.01321 6.11351 5.95706 755.25497
6906.31993 183.39196 6.09277 5.93695 753.38315
6905.95277 183.03965 6.08118 5.92554 752.47447
6905.19909 182.29362 6.05596 5.90139 751.16067
6904.87174 181.96583 6.04547 5.89078 750.38783
6904.16144 181.22889 6.02412 5.86692 748.09248
6903.85511 180.92176 6.01421 5.85698 747.39976
6903.16100 180.19178 5.98980 5.83335 746.81415
6902.89394 179.91567 5.98076 5.82441 746.44192
6902.22277 179.24168 5.95838 5.80259 745.29762
6901.89597 178.90293 5.94718 5.79162 744.90241
6901.25905 178.26613 5.92606 5.77101 743.56471
6900.84913 177.85635 5.91244 5.75774 743.28812
6900.20922 177.17638 5.89036 5.73573 744.09346
6899.87668 176.83721 5.87911 5.72475 743.76813
6899.18904 176.13159 5.85563 5.70191 742.63714
6898.73370 175.61352 5.83867 5.68514 742.83157
6898.31980 175.16343 5.82375 5.67057 742.65817
6897.94427 174.78352 5.81114 5.65827 742.08797
6897.50452 174.36291 5.79723 5.64465 741.06198
6896.96130 173.86488 5.78059 5.62853 739.43159
6896.30798 173.19637 5.75830 5.60689 738.68842
6895.93379 172.81150 5.74577 5.59443 738.13852
6895.37723 172.27696 5.73000 5.57712 735.79722
6894.90326 171.80272 5.71545 5.56177 734.44006
6894.34044 171.23467 5.69644 5.54338 733.69902
6893.90139 170.80106 5.68197 5.52934 732.92270
6893.31667 170.20403 5.66233 5.51002 732.14905
6892.92224 169.80712 5.64911 5.49717 731.40099
6892.35244 169.24531 5.63040 5.47898 730.75035
6891.95521 168.85054 5.61750 5.46620 730.98932
6891.29915 168.21671 5.59649 5.44568 730.26856
6890.75114 167.63650 5.57717 5.42690 729.71398
6890.26845 167.09243 5.55939 5.40928 729.94060
6889.88290 166.70353 5.54643 5.39669 729.41773
6889.37564 166.18770 5.52934 5.37999 728.76209
6889.01707 165.82024 5.51727 5.36810 728.34701
6888.55511 165.41589 5.50363 5.35501 726.71227
6887.98102 164.89989 5.48624 5.33830 724.99024
6887.29468 164.20897 5.46373 5.31594 723.85615
6886.91879 163.84127 5.45296 5.30403 722.34961
6886.27995 163.19942 5.43325 5.28325 720.64105
6885.93192 162.85350 5.42161 5.27206 720.21105
6885.28332 162.21564 5.40017 5.25141 719.13168
6884.97188 161.90323 5.38987 5.24129 718.67244
6884.30072 161.26774 5.36877 5.22072 717.17994
6883.88378 160.85826 5.35509 5.20746 716.37587
6883.20209 160.15665 5.33192 5.18475 715.89104
6882.93279 159.88929 5.32311 5.17610 716.07864
6882.21627 159.18542 5.29980 5.15331 716.04344
6881.87988 158.83711 5.28829 5.14203 715.68869
6881.21576 158.16943 5.26610 5.12042 714.78245
6880.85711 157.80793 5.25410 5.10872 714.36972
6880.22188 157.14739 5.23225 5.08733 713.93054
6880.05516 156.98456 5.22682 5.08206 713.65251
6879.35696 156.35876 5.20585 5.06180 711.52396
6879.06045 156.09284 5.19701 5.05319 710.60854
6878.18881 155.28692 5.16971 5.02710 708.58998
6877.95080 155.05572 5.16243 5.01962 707.91870
6877.08916 154.21672 5.13767 4.99246 704.72865
6876.95129 154.08628 5.13341 4.98824 704.37782
6876.04405 153.19863 5.10357 4.95950 703.11200
6875.97649 153.13297 5.10139 4.95737 703.00146
6875.03047 152.22557 5.07110 4.92800 700.94213
6875.05558 152.24692 5.07181 4.92869 701.03316
6874.05802 151.33334 5.04150 4.89911 700.33080
6873.88328 151.16607 5.03594 4.89370 700.21178
6872.91852 150.20901 5.00419 4.86272 698.81874
6872.71828 150.00469 4.99737 4.85610 698.67184
6871.79108 148.99628 4.96406 4.82346 699.06118
6872.14543 149.34122 4.97550 4.83462 699.61512
6871.14650 148.47040 4.94626 4.80643 696.29021
6870.93233 148.27845 4.93981 4.80022 695.67204
6870.02125 147.43511 4.91167 4.77292 693.46784
6869.77352 147.19386 4.90348 4.76511 693.16674
6868.97233 146.42240 4.87843 4.74013 691.41002
6868.78237 146.24124 4.87323 4.73427 690.58197
6868.01949 145.52929 4.85133 4.71122 687.77251
6867.72208 145.24910 4.84183 4.70215 687.24530
6867.02813 144.60614 4.82016 4.68133 685.71498
6866.58754 144.19198 4.80635 4.66793 684.81823
6865.96807 143.58889 4.78626 4.64840 683.76020
6865.59408 143.23541 4.77445 4.63696 683.17958
6865.02337 142.70715 4.75688 4.61986 683.29145
6864.52865 142.24139 4.74148 4.60478 683.00474
6864.06794 141.81966 4.72738 4.59113 681.70503
6863.38780 141.20184 4.70664 4.57113 679.96219
6862.82921 140.63939 4.68793 4.55292 679.55184
6862.30376 140.08164 4.66943 4.53486 679.72426
6862.12774 139.91210 4.66377 4.52937 679.46597
6861.50456 139.39207 4.64620 4.51254 677.04023
6861.09581 139.04307 4.63442 4.50124 675.60136
6860.22109 138.24505 4.60778 4.47541 673.45287
6860.01079 138.04769 4.60112 4.46902 673.11129
6859.10453 137.19799 4.57337 4.44151 670.88046
6858.99298 137.09001 4.57021 4.43801 670.45903
6858.03901 136.18885 4.54226 4.40884 667.47288
6858.14215 136.28202 4.54540 4.41186 667.74360
6857.13661 135.40586 4.51559 4.38349 664.59746
6856.94320 135.23045 4.50978 4.37782 664.47224
6856.03624 134.39703 4.48210 4.35084 664.35994
6855.81624 134.18882 4.47514 4.34409 663.93487
6855.03491 133.45676 4.45064 4.32040 662.32713
6854.74224 133.19600 4.44186 4.31195 661.57573
6854.01037 132.50112 4.41855 4.28946 660.42045
6853.79952 132.30821 4.41209 4.28321 659.95723
6853.11938 131.73050 4.39268 4.26451 657.56231
6852.52244 131.17806 4.37411 4.24663 656.37787
6852.03743 130.71847 4.35875 4.23175 655.64275
6851.50955 130.24338 4.34275 4.21637 654.30998
6851.07748 129.85486 4.32971 4.20379 653.20949
6850.41520 129.25571 4.30943 4.18440 651.79706
6850.11102 128.99362 4.30066 4.17591 650.76008
6849.25600 128.22841 4.27770 4.15114 646.63825
6849.09043 128.07154 4.27285 4.14606 646.15593
6848.16415 127.25056 4.24501 4.11948 643.46529
6848.15294 127.23708 4.24457 4.11905 643.51193
6847.15407 126.37664 4.21587 4.09119 642.47001
6847.04178 126.27581 4.21248 4.08793 642.37497
6846.11925 125.47256 4.18528 4.06192 639.47458
6845.83340 125.21050 4.17649 4.05344 638.92988
6845.11871 124.56543 4.15475 4.03256 637.28457
6844.78286 124.28521 4.14525 4.02349 636.04420
6844.12835 123.70974 4.12581 4.00486 634.17671
6843.57833 123.22955 4.10955 3.98931 632.57255
6842.97673 122.67949 4.09103 3.97150 631.35186
6842.40701 122.11870 4.07227 3.95335 631.07012
6842.11697 121.85788 4.06347 3.94491 630.41099
6841.41113 121.24576 4.04275 3.92509 628.28905
6841.16853 121.02411 4.03532 3.91791 627.75640
6840.31129 120.30353 4.01069 3.89459 624.76754
6840.11787 120.13463 4.00484 3.88912 624.29400
6839.11615 119.25274 3.97710 3.86057 620.90911
6839.12402 119.25893 3.97728 3.86077 620.94528
6838.14968 118.41498 3.95026 3.83345 618.49126
6838.04212 118.32184 3.94703 3.83043 618.16836
6837.21777 117.64147 3.92370 3.80841 614.91619
6836.76059 117.25190 3.91045 3.79580 613.37308
6836.20205 116.76197 3.89386 3.77994 611.81768
6835.70192 116.36114 3.88014 3.76696 609.60209
6835.23232 115.98102 3.86707 3.75465 607.56376
6834.36293 115.25279 3.84214 3.73108 604.33666
6834.01715 114.93107 3.83122 3.72066 603.80124
6833.16716 114.14741 3.80464 3.69529 602.34865
6833.19187 114.16987 3.80540 3.69602 602.39979
6832.19485 113.33143 3.77669 3.66888 598.77524
6832.02740 113.18548 3.77169 3.66415 598.29497
6831.10136 112.35761 3.74347 3.63735 596.13393
6831.06760 112.32930 3.74249 3.63644 596.00178
6830.23562 111.65824 3.71906 3.61471 592.37944
6829.76804 111.25702 3.70551 3.60172 592.21283
6829.18740 110.76776 3.69078 3.58588 589.88040
6828.54417 110.22147 3.67346 3.56820 586.19290
6828.17043 109.88641 3.66188 3.55735 585.40744
6827.43438 109.27450 3.64051 3.53754 582.71345
6827.41645 109.24674 3.63959 3.53664 582.95826
6826.45046 108.54571 3.61498 3.51395 576.62923
6826.15618 108.31175 3.60679 3.50638 575.17908
6825.22362 107.55385 3.58042 3.48184 571.01628
6824.83903 107.21916 3.56880 3.47101 569.84197
6824.20336 106.67550 3.54987 3.45341 567.66569
6823.65288 106.22602 3.53409 3.43886 565.22623
6823.01965 105.65830 3.51435 3.42048 563.68384
6822.45000 105.11918 3.49566 3.40302 563.07244
6822.19241 104.89991 3.48794 3.39592 562.01043
6821.41185 104.25007 3.46521 3.37489 559.77665
6821.31920 104.16480 3.46225 3.37213 559.94297
6820.35061 103.41733 3.43580 3.34793 555.88318
6820.20421 103.30019 3.43165 3.34414 555.03362
6819.26755 102.54193 3.40452 3.31959 550.75710
6819.04251 102.35966 3.39794 3.31369 549.76274
6818.36437 101.84198 3.38009 3.29693 544.88282
6817.74013 101.35902 3.36482 3.28130 539.42127
6817.33927 101.04813 3.35448 3.27123 536.43443
6816.41594 100.32833 3.32808 3.24793 531.23928
6816.25168 100.19009 3.32313 3.24345 530.54669
6815.25943 99.38698 3.29409 3.21745 525.34424
6815.10247 99.25776 3.28941 3.21327 524.59120
6814.23954 98.54756 3.26363 3.19028 520.37503
6813.98455 98.33962 3.25605 3.18355 519.01070
6813.34545 97.85396 3.23822 3.16783 514.73927
6812.56833 97.23871 3.21556 3.14791 509.90362
6812.10927 96.83024 3.20083 3.13469 509.79958
6811.35293 96.17422 3.17692 3.11345 508.39656
6811.35756 96.17351 3.17691 3.11343 508.54755
6810.37857 95.43366 3.14933 3.08947 501.19888
6810.28429 95.35676 3.14649 3.08698 500.66065
6809.39671 94.68489 3.12148 3.06523 494.02145
6808.94896 94.35027 3.10897 3.05440 490.46746
6808.33423 93.87332 3.09075 3.03896 486.30815
6807.59110 93.29325 3.07029 3.02018 480.11177
6807.40027 93.13251 3.06515 3.01498 478.35353
6806.44234 92.43103 3.04104 2.99227 468.39968
6806.28636 92.31117 3.03659 2.98839 467.20814
6805.32725 91.56404 3.00851 2.96420 460.10305
6805.07144 91.36156 3.00108 2.95765 458.19276
6804.39847 90.86733 2.98298 2.94165 451.77049
6803.65855 90.29786 2.96198 2.92321 446.88009
6803.34588 90.04489 2.95277 2.91502 445.76422
6802.40666 89.33045 2.92705 2.89189 437.72225
6802.44058 89.35314 2.92784 2.89263 438.12322
6801.43631 88.61787 2.90206 2.86883 428.12978
6800.96758 88.26352 2.88991 2.85736 423.65589
6800.21677 87.65054 2.86973 2.83751 417.54317
6799.76291 87.26773 2.85717 2.82512 413.99454
6799.46040 87.04794 2.85041 2.81800 410.69426
6798.52231 86.37055 2.83040 2.79607 400.37074
6798.23399 86.13750 2.82432 2.78853 397.75351
6797.23986 85.32957 2.80685 2.76237 388.44778
6797.25452 85.33369 2.80687 2.76251 388.75960
6796.34660 84.66153 2.78719 2.74075 379.12007
6795.89298 84.28426 2.77554 2.72853 374.74587
6795.22841 83.79121 2.76685 2.71257 365.82484
6794.42861 83.08146 2.73863 2.68960 359.77986
6794.18754 82.87588 2.72572 2.68294 358.56310
6793.25364 82.09789 2.68895 2.65775 350.34039
6792.60075 81.42512 2.69182 2.63598 346.43945
6791.84244 80.53194 2.67496 2.60706 343.64774
6791.50687 80.11783 2.59793 2.59365 342.69806
6790.85384 79.30215 2.45193 2.56725 340.96204
6790.27117 78.45664 2.43204 2.53988 341.35629
6789.99069 78.04576 2.42102 2.52658 341.56467
6789.34394 77.03760 2.39427 2.49394 343.25592
6789.30312 76.98418 2.39295 2.49221 343.18927
6788.78764 76.24823 2.37338 2.46838 343.72919
6788.43519 75.79019 2.36182 2.45356 343.19737
6788.11706 75.38054 2.35284 2.44029 341.89682
6787.54308 74.64602 2.33553 2.41652 340.61783
6787.83877 74.97526 2.34357 2.42717 341.70619
6787.11729 74.31332 2.32769 2.40575 336.97098
6787.05234 74.28034 2.32707 2.40468 336.10093
6786.48021 73.84351 2.31729 2.39054 331.07039
6785.82597 73.40163 2.30761 2.37623 326.27819
6785.66966 73.28164 2.30482 2.37235 325.53659
6784.69667 72.67005 2.29224 2.35255 316.96122
6784.19225 72.32456 2.28498 2.34136 313.03337
6783.60903 71.88341 2.27543 2.32708 309.28555
6783.04822 71.55606 2.26919 2.31648 304.53631
6782.49778 71.20048 2.26201 2.30497 300.53002
6781.42945 70.42181 2.24546 2.27977 294.13396
6781.22740 70.26637 2.24210 2.27473 293.01223
6780.40096 69.64559 2.22883 2.25464 288.52743
6779.85440 69.24118 2.22017 2.24154 285.56431
6779.31437 68.81344 2.21077 2.22770 283.01787
6778.54230 68.21710 2.19767 2.20839 279.29346
6778.24546 67.98224 2.19243 2.20079 277.89344
6777.23510 67.16059 2.17381 2.17419 273.44778
6777.30257 67.21361 2.17507 2.17591 273.71914
6776.28337 66.42329 2.15710 2.15032 270.04025
6775.77025 65.98805 2.14864 2.13623 267.47953
6775.02808 65.31316 2.13296 2.11438 264.61686
6774.52682 64.85632 2.12141 2.09959 262.92980
6773.97427 64.30032 2.10726 2.08159 261.40618
6773.66160 64.04238 2.10071 2.07324 260.05361
6773.01021 63.47383 2.08616 2.05484 257.52141
6772.30423 62.79664 2.06811 2.03292 255.16562
6771.77024 62.24669 2.05296 2.01511 253.65180
6771.05809 61.48149 2.03150 1.99034 251.80575
6770.46245 60.71612 2.00923 1.96556 251.09576
6770.23485 60.44093 2.00115 1.95665 250.67050
6769.57363 59.65295 1.97776 1.93114 249.26115
6769.38199 59.43541 1.97125 1.92410 248.75084
6768.53609 58.40818 1.93953 1.89085 247.00497
6768.61188 58.49741 1.94231 1.89374 247.13627
6767.73826 57.49259 1.91389 1.86121 245.16376
6767.65292 57.38525 1.91090 1.85773 244.93851
6766.96530 56.62462 1.88737 1.83311 242.59968
6766.95871 56.62284 1.88731 1.83305 242.54331
6766.21498 55.93246 1.86550 1.81070 239.36578
6766.46176 56.13687 1.87191 1.81732 240.57256
6765.47128 55.43310 1.84991 1.79454 235.08319
6765.03210 55.10182 1.83935 1.78381 232.81367
6764.18081 54.39996 1.81702 1.76109 228.85861
6763.74249 54.02665 1.80507 1.74900 226.91273
6763.13377 53.51434 1.78861 1.73242 224.21195
6762.50061 52.96433 1.77087 1.71461 221.53023
6762.00206 52.52075 1.75647 1.70025 219.46948
6761.22012 51.78831 1.73256 1.67654 216.38144
6760.81668 51.37082 1.71885 1.66303 214.96704
6760.17898 50.73100 1.69771 1.64231 212.63397
6759.89942 50.45235 1.68850 1.63329 211.54574
6759.23090 49.81139 1.66727 1.61254 209.10495
6758.96497 49.56146 1.65882 1.60445 208.32873
6758.19919 48.84630 1.63508 1.58130 205.64813
6758.10245 48.75354 1.63236 1.57830 205.21411
6757.22527 48.00407 1.61014 1.55404 201.19651
6757.87088 48.45798 1.62378 1.56873 204.36337
6757.04691 47.98473 1.60953 1.55341 200.08153
6756.45475 47.70910 1.60036 1.54449 197.05769
6756.15091 47.57040 1.59557 1.54000 195.55363
6754.96162 46.96238 1.57512 1.52031 190.01528
6754.13868 46.46050 1.55843 1.50407 186.54639
6753.79331 46.26369 1.55189 1.49769 185.09645
6752.67813 45.57628 1.52893 1.47544 180.65108
6752.01740 45.09877 1.51296 1.45998 178.21088
6751.26555 44.49306 1.49267 1.44037 175.47171
6750.57417 43.94565 1.47423 1.42265 173.18930
6749.86255 43.26889 1.45139 1.40074 171.06170
6749.31828 42.71977 1.43281 1.38297 169.15627
6748.90030 42.31766 1.41914 1.36995 167.70534
6748.41782 41.84675 1.40315 1.35470 166.01701
6748.49084 41.89126 1.40466 1.35615 166.28663
6747.64849 41.34762 1.38610 1.33855 163.22149
6747.65651 41.35279 1.38628 1.33871 163.25042
6746.63587 40.69239 1.36329 1.31733 159.64853
6746.17124 40.37958 1.35297 1.30721 158.03077
6745.65699 40.07536 1.34379 1.29736 156.27516
6744.57153 39.34314 1.32103 1.27366 152.65208
6744.97344 39.57589 1.32876 1.28119 153.96368
6744.01755 39.08855 1.31208 1.26541 150.90472
6742.96071 38.49967 1.29159 1.24635 147.63373
6742.70726 38.34550 1.28636 1.24136 146.86282
6741.72781 37.73006 1.26525 1.22144 143.88877
6741.21112 37.41282 1.25430 1.21117 142.51412
6740.74781 37.13575 1.24479 1.20220 141.26135
6739.72241 36.49511 1.22277 1.18146 138.29255
6739.90716 36.58853 1.22601 1.18448 138.79333
6739.09805 36.19802 1.21252 1.17184 136.65543
6737.98577 35.60629 1.19212 1.15268 133.75120
6737.52829 35.33191 1.18269 1.14380 132.54362
6736.64680 34.75990 1.16304 1.12528 130.16047
6736.03426 34.36114 1.14933 1.11237 128.52998
6735.90927 34.29176 1.14694 1.11013 128.22142
6734.90974 33.73171 1.12757 1.09200 125.78987
6734.70393 33.60244 1.12314 1.08781 125.26427
6734.24525 33.40984 1.11651 1.08158 124.31018
6733.03159 32.81315 1.09589 1.06226 121.69198
6732.22063 32.32645 1.07918 1.04650 119.88779
6731.54278 31.87691 1.06366 1.03195 118.19065
6730.55730 31.18967 1.03993 1.00970 115.70108
6730.47441 31.11915 1.03775 1.00742 115.47506
6729.47157 30.41973 1.01670 0.98478 113.16083
6729.33171 30.30253 1.01291 0.98098 112.77859
6728.96455 30.07902 1.00522 0.97375 111.95762
6728.12263 29.65290 0.99008 0.95995 110.28674
6728.70849 29.87928 0.99822 0.96728 111.25756
6728.02862 29.69122 0.99139 0.96119 110.34501
6726.84370 29.36081 0.97965 0.95050 108.87161
6725.56201 28.89840 0.96358 0.93553 107.11139
6724.91072 28.60673 0.95347 0.92609 106.07930
6724.07836 28.20073 0.93940 0.91294 104.67325
6722.97512 27.61278 0.91913 0.89391 102.70407
6722.25276 27.16831 0.90379 0.87952 101.22075
6721.45033 26.57141 0.88321 0.86020 99.24221
6721.11308 26.33867 0.87518 0.85266 98.47020
6721.06784 26.32774 0.87479 0.85231 98.43429
6720.08256 25.82434 0.85734 0.83601 96.77366
6719.82233 25.67805 0.85227 0.83128 96.29027
6719.87719 25.71648 0.85360 0.83252 96.41794
6718.76980 25.37936 0.84178 0.82161 95.38123
6717.52049 24.91974 0.82573 0.80673 93.98699
6716.50419 24.44114 0.80911 0.79123 92.50080
6715.62482 23.89336 0.79024 0.77350 90.73934
6714.65984 23.24932 0.76788 0.75265 88.59394
6715.00306 23.45560 0.77512 0.75933 89.27661
6713.98503 22.91387 0.75596 0.74179 87.52609
6713.29462 22.53271 0.74363 0.72945 86.40718
6713.98304 22.81180 0.75257 0.73849 87.15567
6712.87499 22.50665 0.74286 0.72861 86.47572
6711.54760 22.04463 0.72871 0.71365 85.41581
6710.54292 21.60269 0.71422 0.69934 84.20140
6710.12326 21.39056 0.70672 0.69248 83.53181
6709.09164 20.88017 0.68872 0.67595 81.93385
6708.42308 20.52725 0.67655 0.66453 80.82815
6708.40214 20.51807 0.67624 0.66423 80.80099
6707.42967 20.11805 0.66231 0.65128 79.64685
6706.41102 19.68752 0.64731 0.63734 78.32896
6706.84896 19.84459 0.65279 0.64243 78.79323
6705.91735 19.56415 0.64298 0.63335 78.04038
6704.68883 19.19082 0.62991 0.62126 77.09866
6703.46383 18.69804 0.61277 0.60531 75.64277
6703.74584 18.80092 0.61635 0.60864 75.93736
6702.74492 18.46891 0.60481 0.59789 75.02974
6701.55439 18.05274 0.59035 0.58442 73.85714
6700.52669 17.61010 0.57501 0.57009 72.46827
6700.14751 17.42261 0.56853 0.56402 71.84791
6699.09739 16.91078 0.55084 0.54745 70.14120
6698.36730 16.52420 0.53747 0.53494 68.80944
6698.44285 16.56999 0.53905 0.53642 68.97202
6697.27366 16.08302 0.52216 0.52066 67.34678
6696.15216 15.52537 0.50282 0.50260 65.38488
6697.22881 15.91103 0.51626 0.51509 66.61105
6696.30447 15.70009 0.50884 0.50826 66.09098
6695.23610 15.48562 0.50128 0.50132 65.61111
6693.93383 15.14980 0.48952 0.49044 64.66820
6692.82209 14.78031 0.47672 0.47848 63.45489
6692.97427 14.82471 0.47825 0.47992 63.59338
6692.15058 14.59075 0.47019 0.47235 62.86937
6691.40441 14.43441 0.46479 0.46729 62.44130
6690.62190 14.29950 0.46011 0.46292 62.10704
6689.84139 14.20572 0.45692 0.45988 61.94503
6689.03791 14.14009 0.45471 0.45776 61.92762
6688.07514 14.10092 0.45345 0.45649 62.05056
6687.00130 14.02995 0.45131 0.45419 62.07972
6686.44428 13.96092 0.44899 0.45196 61.91972
6685.28211 13.75047 0.44218 0.44514 61.27260
6683.94238 13.40885 0.43170 0.43408 60.08661
6682.64411 12.98342 0.41972 0.42031 58.64711
6681.76336 12.62233 0.40905 0.40862 57.26540
6681.09263 12.31332 0.39906 0.39862 55.92350
6679.90382 11.69019 0.37789 0.37845 53.02301
6679.07155 11.16889 0.36056 0.36157 50.58870
6678.37135 10.66957 0.34377 0.34541 48.25908
6677.43732 9.96541 0.31998 0.32261 44.97106
6677.08376 9.65936 0.30960 0.31270 43.53093
6676.10743 8.83094 0.28142 0.28588 39.68330
6675.69563 8.43852 0.26798 0.27318 37.85907
0.00000 0.00000 0.00000 0.00000 0.00000
