6924.05168 246.55024 8.13949 7.98157 749.19362
6923.29885 245.71846 8.11206 7.95464 748.57002
6923.23603 245.64721 8.10972 7.95234 748.53260
6922.52291 244.91130 8.08550 7.92851 747.45874
6922.28683 244.65666 8.07719 7.92027 747.19306
6921.66673 244.02804 8.05615 7.89992 746.26389
6921.33165 243.69394 8.04510 7.88910 745.65310
6920.64381 242.98723 8.02449 7.86623 743.82918
6920.39623 242.73998 8.01701 7.85822 743.19977
6919.62117 241.96523 7.99124 7.83314 741.86738
6919.06773 241.37168 7.97174 7.81393 741.14684
6918.47848 240.71884 7.95033 7.79279 740.95967
6918.11857 240.33225 7.93764 7.78028 741.08742
6917.63814 239.80940 7.92050 7.76335 740.99618
6917.15835 239.30816 7.90398 7.74712 740.21663
6916.64594 238.74809 7.88551 7.72899 739.71841
6916.19986 238.26857 7.86971 7.71347 739.25085
6915.81147 237.86772 7.85651 7.70049 738.65989
6915.24219 237.26556 7.83661 7.68100 737.93007
6914.91927 236.93651 7.82575 7.67035 737.41103
6914.21998 236.21593 7.80197 7.64702 736.35378
6913.82771 235.79100 7.78795 7.63326 735.93471
6913.18231 235.10879 7.76550 7.61118 735.10809
6912.82555 234.72663 7.75264 7.59881 734.77314
6912.18629 234.02790 7.73130 7.57619 733.64317
6912.27374 234.12810 7.73416 7.57943 733.81511
6911.48452 233.36209 7.71127 7.55463 731.48449
6910.96958 232.84961 7.69393 7.53804 730.63246
6910.08362 231.90217 7.66280 7.50737 729.67273
6909.87510 231.65755 7.65479 7.49945 729.92407
6909.13738 230.85849 7.62855 7.47358 729.93861
6909.21953 230.94836 7.63152 7.47649 729.99162
6908.32475 230.03862 7.60149 7.44704 728.40758
6908.19251 229.90296 7.59699 7.44265 728.21177
6907.28361 228.96888 7.56607 7.41241 726.79984
6907.03977 228.71163 7.55757 7.40408 726.47973
6906.10673 227.69989 7.52427 7.37133 725.50733
6906.27499 227.87786 7.53017 7.37709 725.72143
6905.29955 226.87120 7.49701 7.34450 724.21623
6905.30576 226.87632 7.49718 7.34467 724.23750
6904.36506 225.91551 7.46530 7.31356 722.74916
6904.18711 225.73365 7.45989 7.30768 722.27378
6903.27157 224.76076 7.43058 7.27618 720.29993
6903.53751 225.02370 7.43914 7.28469 720.84345
6902.60327 224.13914 7.40957 7.25606 718.75192
6901.91074 223.41218 7.38571 7.23252 717.78735
6901.15510 222.53966 7.35698 7.20428 717.39430
6901.24770 222.65433 7.36076 7.20799 717.37221
6900.45609 221.82453 7.33352 7.18113 717.11427
6900.19788 221.56161 7.32490 7.17261 717.03130
6899.39474 220.70511 7.29663 7.14489 716.03616
6899.16645 220.45416 7.28835 7.13676 715.82503
6898.52640 219.78109 7.26614 7.11497 715.00043
6898.33231 219.57571 7.25932 7.10832 714.74655
6897.73693 218.98186 7.23969 7.08910 713.63911
6897.26855 218.51837 7.22433 7.07410 712.74166
6896.56195 217.77084 7.19974 7.04990 711.80801
6896.23214 217.42930 7.18839 7.03884 711.32998
6895.56646 216.73173 7.16520 7.01626 710.46319
6895.26718 216.40422 7.15565 7.00565 709.78163
6894.74114 215.88032 7.14029 6.98869 708.17520
6894.28454 215.40477 7.12477 6.97330 707.48496
6893.82409 214.93696 7.10907 6.95815 706.77123
6893.23903 214.35766 7.08996 6.93940 705.62259
6892.62203 213.68722 7.06782 6.91770 704.92558
6892.31931 213.36943 7.05737 6.90741 704.79674
6891.87950 212.93616 7.04311 6.89338 704.62918
6891.32489 212.37718 7.02465 6.87529 703.96751
6890.87507 211.91665 7.00939 6.86038 703.15919
6890.30722 211.35694 6.99083 6.84226 702.04461
6889.67979 210.69447 6.96895 6.82081 701.22854
6889.20829 210.18956 6.95226 6.80447 700.69564
6888.80409 209.77561 6.93855 6.79107 700.05425
6888.25993 209.20316 6.91979 6.77253 699.29082
6887.98994 208.93127 6.91079 6.76373 698.82798
6887.36411 208.31470 6.89010 6.74377 697.67445
6886.90017 207.83743 6.87593 6.72832 696.42418
6886.29169 207.22126 6.85749 6.70837 694.75607
6885.76744 206.67449 6.83912 6.69067 694.10803
6885.31768 206.18180 6.82286 6.67472 693.70110
6885.13386 206.02942 6.81778 6.66979 693.04796
6884.22592 205.12375 6.78776 6.64047 691.41177
6883.91080 204.76460 6.77594 6.62884 691.20160
6883.34804 204.21161 6.75760 6.61094 690.07663
6882.83890 203.68164 6.74020 6.59379 690.08522
6882.23363 203.03425 6.71893 6.57283 689.96040
6882.06704 202.87640 6.71367 6.56772 689.55277
6881.34509 202.14544 6.68945 6.54405 688.22217
6881.17611 201.97628 6.68384 6.53858 687.93252
6880.40651 201.23309 6.65916 6.51452 686.27514
6879.95062 200.75971 6.64349 6.49919 685.62774
6879.27653 200.06803 6.62070 6.47680 684.53744
6878.90034 199.67917 6.60773 6.46421 684.00843
6878.22295 198.95651 6.58400 6.44082 683.19418
6878.20260 198.94409 6.58361 6.44042 683.06524
6877.40521 198.16260 6.56071 6.41512 680.44638
6876.84343 197.58462 6.54155 6.39641 679.59698
6876.08279 196.74676 6.51391 6.36928 679.01620
6876.31079 196.98050 6.52161 6.37685 679.36605
6875.50467 196.21166 6.49608 6.35196 677.51976
6875.11895 195.82915 6.48332 6.33958 676.70935
6874.32183 195.02292 6.45672 6.31348 676.17352
6874.18579 194.88245 6.45211 6.30893 676.20423
6873.38019 194.08975 6.42586 6.28327 674.88217
6872.99382 193.69024 6.41263 6.27033 674.28335
6872.23968 192.90133 6.38658 6.24479 673.31019
6872.10697 192.76979 6.38222 6.24054 673.05282
6871.31014 191.95226 6.35514 6.21407 671.83313
6871.30906 191.95441 6.35520 6.21414 671.79782
6870.45694 191.13029 6.32770 6.18746 669.98606
6870.24935 190.92106 6.32058 6.18069 669.71094
6869.42966 190.12729 6.29592 6.15499 667.37362
6868.94062 189.62526 6.28105 6.13874 666.02784
6868.22792 188.86375 6.25577 6.11409 665.31372
6868.18657 188.83809 6.25489 6.11326 665.07774
6867.31419 187.95515 6.22563 6.08467 663.62108
6867.46172 188.08829 6.23011 6.08898 664.02588
6866.61206 187.31855 6.20433 6.06406 661.69670
6865.99638 186.70257 6.18391 6.04412 660.49695
6865.27450 185.95459 6.15928 6.01991 660.02230
6865.10935 185.79179 6.15393 6.01464 659.96066
6864.36203 185.03648 6.12898 5.99019 659.59539
6864.28483 184.96329 6.12654 5.98782 659.43870
6863.44756 184.16351 6.09988 5.96193 657.19271
6863.03780 183.74284 6.08593 5.94831 656.59570
6862.33423 183.03265 6.06250 5.92532 655.38897
6861.99637 182.69192 6.05113 5.91429 654.85352
6861.30129 181.96752 6.02812 5.89083 653.61208
6861.27611 181.95250 6.02771 5.89035 653.42137
6860.48461 181.19227 6.00442 5.86574 650.96543
6860.23029 180.94190 5.99619 5.85763 650.47039
6859.46900 180.21832 5.97191 5.83421 648.76740
6858.77154 179.50582 5.94837 5.81114 647.67956
6858.12323 178.78343 5.92458 5.78776 647.39183
6858.44590 179.10913 5.93537 5.79830 647.89216
6857.65268 178.39905 5.91163 5.77531 645.55501
6857.15380 177.91460 5.89547 5.75963 644.55416
6856.44740 177.24135 5.87326 5.73783 644.07547
6855.94068 176.72845 5.85634 5.72123 643.55934
6855.38558 176.16637 5.83765 5.70303 642.54616
6855.04138 175.83618 5.82662 5.69234 641.82340
6854.45028 175.24753 5.80712 5.67329 640.82018
6854.15874 174.97393 5.79801 5.66443 640.10901
6853.47979 174.33314 5.77658 5.64369 638.53405
6853.03264 173.88637 5.76183 5.62922 637.73870
6852.49232 173.37910 5.74482 5.61280 636.50055
6851.85499 172.74914 5.72414 5.59241 635.23406
6851.44581 172.33051 5.71185 5.57886 634.04647
6850.85604 171.77522 5.69489 5.56088 632.10861
6850.27903 171.16900 5.67453 5.54125 631.54309
6850.13025 171.01702 5.66946 5.53633 631.32955
6849.60938 170.56494 5.65437 5.52170 629.66170
6848.81134 169.78121 5.62838 5.49633 628.17575
6848.45314 169.42522 5.61653 5.48480 627.48109
6847.84668 168.84292 5.59713 5.46595 626.30441
6847.49701 168.49524 5.58569 5.45470 626.27227
6846.91504 167.94688 5.56755 5.43694 625.69651
6846.43869 167.49631 5.55247 5.42236 624.50697
6845.74106 166.80222 5.52946 5.39989 623.30906
6845.45290 166.52871 5.52033 5.39103 622.66370
6844.66804 165.75768 5.49467 5.36607 621.20390
6844.54444 165.62383 5.49028 5.36174 621.10662
6843.86579 164.99935 5.46940 5.34152 619.37556
6843.56315 164.71694 5.45971 5.33238 618.73418
6842.72740 163.92614 5.43501 5.30678 616.21716
6842.45398 163.66885 5.42761 5.29845 615.14991
6841.53410 162.76718 5.39804 5.26926 613.25360
6841.69485 162.90877 5.40288 5.27385 613.70005
6840.78228 162.09388 5.37557 5.24747 611.11716
6840.49448 161.82592 5.36663 5.23879 610.42822
6839.49172 160.86219 5.33452 5.20759 608.30407
6839.42700 160.79904 5.33242 5.20555 608.21237
6838.44385 159.84052 5.30071 5.17452 607.79051
6838.55798 159.94892 5.30432 5.17803 607.97862
6837.60837 159.06455 5.27477 5.14940 605.63352
6837.53096 158.99256 5.27237 5.14707 605.44803
6836.64385 158.17782 5.24515 5.12069 603.22200
6836.31686 157.87167 5.23490 5.11078 602.42821
6835.48544 157.07694 5.20841 5.08505 600.69259
6835.25321 156.84777 5.20081 5.07763 600.28481
6834.56084 156.19167 5.17895 5.05639 598.74344
6834.28601 155.93604 5.17043 5.04812 598.06139
6833.63996 155.33383 5.14999 5.02862 596.66323
6833.23390 154.96571 5.13837 5.01670 595.30418
6832.69722 154.46387 5.12367 5.00046 593.21798
6832.15986 153.99076 5.10872 4.98514 591.27493
6831.33865 153.20733 5.08216 4.95978 589.69639
6830.87055 152.71270 5.06584 4.94377 589.25324
6830.73988 152.59779 5.06199 4.94005 588.81162
6830.11672 152.05241 5.04374 4.92239 587.04753
6829.51620 151.49544 5.02529 4.90436 586.71455
6828.82728 150.82936 5.00311 4.88280 585.58148
6828.55127 150.57348 4.99453 4.87452 584.85389
6827.79101 149.85080 4.97042 4.85112 583.27116
6827.77657 149.83166 4.96979 4.85050 583.30845
6826.93945 149.10137 4.94527 4.82686 580.69988
6826.63979 148.82908 4.93611 4.81804 579.92462
6825.67195 147.93705 4.90635 4.78917 577.51697
6825.64515 147.91182 4.90551 4.78835 577.45313
6824.64439 146.99157 4.87447 4.75856 575.04058
6824.62386 146.97189 4.87380 4.75792 575.00269
6823.72271 146.15131 4.84833 4.73136 571.84102
6824.02032 146.40331 4.85575 4.73951 573.29019
6823.04049 145.63021 4.83208 4.71449 568.22949
6821.90390 144.58697 4.79691 4.68071 565.38103
6821.14775 143.77840 4.77033 4.65454 565.97430
6821.19201 143.81626 4.77159 4.65576 566.02466
6820.71982 143.38615 4.75727 4.64184 565.34441
6820.41665 143.12003 4.74832 4.63322 564.41818
6819.76305 142.55777 4.72939 4.61502 562.21352
6819.01745 141.87161 4.70641 4.59281 560.39868
6818.63952 141.51267 4.69444 4.58119 559.59247
6818.03116 140.96352 4.67602 4.56341 557.96144
6817.71876 140.67782 4.66647 4.55416 557.16045
6816.97135 140.00867 4.64400 4.53250 555.09094
6816.88317 139.92903 4.64132 4.52992 554.85418
6815.96147 139.14037 4.61474 4.50439 551.86898
6815.84064 139.03494 4.61121 4.50098 551.48966
6814.85730 138.17837 4.58245 4.47325 548.37840
6814.77771 138.11272 4.58021 4.47112 548.09124
6813.83889 137.29888 4.55315 4.44478 544.98708
6813.49258 136.99140 4.54414 4.43482 543.43064
6812.65978 136.24398 4.52005 4.41063 540.58788
6812.19114 135.79969 4.50571 4.39624 539.98861
6811.55740 135.20289 4.48589 4.37692 539.66984
6811.17318 134.84205 4.47374 4.36524 538.78166
6810.71188 134.41186 4.45930 4.35132 537.56801
6810.29038 134.04664 4.44703 4.33949 536.28934
6809.78025 133.59625 4.43187 4.32491 534.75914
6809.15936 133.04549 4.41329 4.30708 532.96369
6808.81935 132.75480 4.40352 4.29767 531.82736
6807.93321 131.97090 4.37712 4.27229 529.21558
6807.89204 131.92300 4.37553 4.27074 529.24275
6806.98076 131.15521 4.34964 4.24589 526.07808
6806.84699 131.03972 4.34575 4.24215 525.63492
6805.88822 130.20685 4.31764 4.21519 522.58636
6806.07252 130.36256 4.32288 4.22023 523.23410
6805.06788 129.56903 4.29585 4.19454 519.05528
6804.44475 129.02378 4.27722 4.17689 517.10362
6803.93451 128.58057 4.26374 4.16254 515.00671
6803.39006 128.13042 4.25045 4.14797 513.31402
6802.76975 127.59002 4.23252 4.13047 511.65338
6801.96809 126.87098 4.20809 4.10719 509.31358
6801.40157 126.33035 4.18996 4.08969 508.19340
6800.78363 125.71623 4.16944 4.06981 507.16647
6800.98585 125.90226 4.17569 4.07583 507.68743
6800.11356 125.18454 4.15134 4.05260 504.37541
6799.98931 125.07521 4.14763 4.04906 503.99565
6799.00586 124.25856 4.11988 4.02262 500.31427
6798.84437 124.12200 4.11527 4.01820 499.74363
6797.98171 123.39298 4.09051 3.99460 496.67385
6797.86437 123.29777 4.08726 3.99152 496.20481
6797.13654 122.72211 4.06759 3.97288 493.11590
6796.53864 122.23194 4.05089 3.95701 490.76132
6796.02513 121.81710 4.03676 3.94359 488.69016
6795.13391 121.06786 4.01124 3.91933 485.33994
6794.81977 120.78595 4.00177 3.91020 484.48426
6793.94248 120.02705 3.97592 3.88564 483.28316
6794.00402 120.07682 3.97763 3.88725 483.43225
6793.01523 119.25804 3.95251 3.86074 478.32663
6792.71164 119.00081 3.94422 3.85241 477.08315
6791.73807 118.14730 3.91527 3.82478 473.91087
6791.46982 117.89258 3.90662 3.81654 473.27958
6790.86446 117.35810 3.88847 3.79923 471.36938
6790.54345 117.09506 3.87947 3.79072 470.08851
6789.91124 116.55344 3.86101 3.77318 467.80607
6789.44596 116.15826 3.84752 3.76039 466.11665
6789.20498 115.96738 3.84095 3.75421 465.07449
6788.34205 115.29101 3.81762 3.73232 461.13434
6788.43619 115.35339 3.81981 3.73434 461.70982
6787.43311 114.62199 3.79443 3.71066 456.49527
6786.86431 114.17082 3.77887 3.69605 453.92725
6786.02528 113.48086 3.75518 3.67372 450.94717
6785.56938 113.10022 3.74220 3.66139 450.03588
6784.92614 112.55886 3.72360 3.64387 447.66501
6784.35634 112.07121 3.70687 3.62808 445.44343
6784.07701 111.83875 3.69877 3.62056 444.38582
6783.23400 111.15836 3.67537 3.59853 440.64125
6783.14177 111.06969 3.67261 3.59566 440.28458
6782.20427 110.33381 3.64989 3.57184 434.79024
6781.73045 109.93971 3.63635 3.55908 432.79900
6780.77028 109.09299 3.60696 3.53167 429.42077
6780.80760 109.11743 3.60782 3.53246 429.65688
6780.20738 108.62777 3.59080 3.51661 427.04127
6780.05484 108.51869 3.58695 3.51308 426.19081
6779.31266 107.98563 3.56821 3.49582 422.06603
6778.27967 107.15753 3.53935 3.46901 417.28780
6778.14172 107.03454 3.53509 3.46503 416.79268
6777.20243 106.29519 3.50910 3.44109 412.24036
6777.20299 106.29506 3.50910 3.44109 412.24949
6776.19223 105.50714 3.48170 3.41558 408.41761
6775.92274 105.28376 3.47400 3.40835 407.61529
6775.25675 104.77582 3.45607 3.39191 403.94776
6774.43258 104.12131 3.43299 3.37072 399.99134
6774.19497 103.90399 3.42537 3.36368 399.16914
6773.47099 103.36287 3.40634 3.34617 395.22861
6773.23597 103.17717 3.39983 3.34015 394.04448
6772.21057 102.37998 3.37134 3.31435 388.90875
6771.89718 102.12231 3.36239 3.30601 387.42589
6771.21730 101.56427 3.34491 3.28794 383.58473
6770.94455 101.37591 3.33902 3.28184 381.70315
6770.18800 100.78778 3.31905 3.26280 377.55752
6769.48057 100.22238 3.29883 3.24450 374.13491
6769.20547 100.00909 3.29129 3.23759 372.69296
6768.21819 99.22953 3.26418 3.21236 368.15225
6768.44598 99.40294 3.27017 3.21797 369.03293
6767.36805 98.60744 3.24241 3.19222 364.21390
6766.96944 98.28983 3.23123 3.18194 362.03319
6766.31379 97.79363 3.21379 3.16587 358.48349
6765.53364 97.18992 3.19263 3.14633 354.49773
6765.25573 96.95123 3.18455 3.13860 353.21854
6764.46822 96.36294 3.16459 3.11956 348.81242
6764.30756 96.23981 3.16033 3.11557 347.93073
6763.34966 95.50719 3.13504 3.09185 342.84372
6763.42537 95.56307 3.13694 3.09366 343.26533
6762.77828 95.11591 3.12186 3.07919 339.51565
6762.03888 94.62568 3.10559 3.06332 335.20331
6761.41767 94.17912 3.09066 3.04886 331.86758
6760.39277 93.41263 3.06611 3.02405 326.52708
6760.38695 93.40771 3.06597 3.02389 326.49616
6759.35108 92.64483 3.04499 2.99919 320.80742
6758.73831 92.15719 3.02944 2.98340 318.50886
6757.94533 91.52035 3.00953 2.96279 314.96936
6757.30609 90.95604 2.99235 2.94452 312.10638
6757.49025 91.09447 2.99647 2.94900 312.99349
6756.66592 90.52331 2.97995 2.93051 308.99517
6756.28086 90.23446 2.97156 2.92116 307.24914
6755.22251 89.42353 2.94818 2.89491 302.42923
6755.09919 89.30976 2.94482 2.89122 301.93048
6754.22246 88.66590 2.92678 2.87038 298.14642
6753.66280 88.18853 2.91368 2.85493 295.88314
6753.77852 88.28224 2.91621 2.85796 296.34674
6752.85943 87.67687 2.90028 2.83836 292.53390
6751.63360 86.72003 2.87441 2.80739 287.91104
6750.63202 85.80726 2.84889 2.77784 284.40836
6749.67318 84.82628 2.82096 2.74608 281.37055
6748.74927 83.72035 2.79221 2.71028 278.12585
6748.47548 83.37962 2.78303 2.69925 277.21474
6747.64097 82.29802 2.73577 2.66423 274.51866
6746.96766 81.32140 2.73552 2.63262 272.46337
6746.58939 80.70778 2.73591 2.61275 271.43504
6746.03428 79.86245 2.58406 2.58539 270.01325
6746.13745 80.02054 2.61771 2.59050 270.25416
6745.48074 79.07140 2.47979 2.55978 268.64363
6745.64818 79.28155 2.49226 2.56658 269.09000
6745.43002 79.03119 2.47824 2.55848 268.47192
6745.82665 79.39278 2.50174 2.57018 269.75751
6745.47827 79.15127 2.48374 2.56236 268.50441
6745.72578 79.29860 2.49287 2.56713 269.42951
6744.99476 78.84105 2.47549 2.55232 266.81981
6744.74491 78.67830 2.47503 2.54705 265.94435
6743.94091 78.15669 2.46423 2.53017 263.24270
6743.13777 77.63764 2.44790 2.51336 260.69521
6743.03277 77.55617 2.44622 2.51073 260.35995
6742.06731 76.96342 2.43715 2.49154 257.41619
6741.22424 76.39930 2.42273 2.47327 255.16701
6740.56162 75.90484 2.41241 2.45727 253.43017
6739.93954 75.48123 2.40603 2.44355 251.64898
6739.37234 75.06854 2.39852 2.43019 250.10476
6738.33590 74.28561 2.38252 2.40485 247.30538
6738.22397 74.19879 2.38075 2.40204 247.00194
6737.26358 73.46017 2.36475 2.37813 244.43586
6736.79474 73.09472 2.35678 2.36630 243.19316
6736.24880 72.65242 2.34743 2.35198 241.74321
6735.70986 72.25473 2.33927 2.33910 240.34244
6735.24808 71.89848 2.33110 2.32757 239.12463
6734.29558 71.16065 2.31521 2.30368 236.64682
6734.00214 70.92493 2.30973 2.29605 235.86781
6732.96653 70.06862 2.28957 2.26833 233.15298
6732.44680 69.61237 2.27820 2.25356 231.85223
6731.58704 68.81394 2.25852 2.22771 229.42728
6731.21537 68.47340 2.25002 2.21669 228.42480
6730.39867 67.67671 2.22960 2.19090 226.08344
6730.05590 67.34589 2.22087 2.18019 225.10921
6729.28962 66.57580 2.20045 2.15526 222.89413
6728.90796 66.19376 2.19154 2.14289 221.84372
6728.11442 65.36032 2.16930 2.11591 219.57818
6727.35336 64.50716 2.14412 2.08829 217.30883
6726.45867 63.35120 2.10900 2.05087 214.51579
6726.65648 63.59926 2.11658 2.05890 215.11312
6725.81645 62.58180 2.08551 2.02596 212.64699
6725.94733 62.71850 2.08970 2.03039 213.00916
6725.34217 62.07099 2.06972 2.00942 211.28842
6725.11404 61.83225 2.06234 2.00170 210.63485
6724.38648 61.06435 2.03851 1.97684 208.60518
6724.20523 60.86005 2.03209 1.97022 208.07250
6723.79801 60.45428 2.01927 1.95709 206.98753
6723.81656 60.48170 2.02015 1.95797 207.03751
6723.07150 59.83954 1.99996 1.93719 205.24039
6723.29693 60.02321 2.00574 1.94313 205.79957
6722.28661 59.25744 1.98169 1.91834 203.09785
6721.56291 58.65801 1.96246 1.89894 201.17030
6720.67183 57.84988 1.93759 1.87277 198.73680
6720.54149 57.73679 1.93447 1.86911 198.38756
6719.76416 57.05749 1.91465 1.84712 196.32367
6719.23292 56.58485 1.89892 1.83182 194.88420
6718.46363 55.86811 1.87553 1.80862 192.78644
6717.75215 55.16611 1.85238 1.78589 190.78850
6717.27730 54.65567 1.83550 1.76937 189.41793
6717.10337 54.50662 1.83061 1.76454 188.95366
6716.49512 53.93430 1.81168 1.74602 187.28225
6715.98745 53.45282 1.79573 1.73043 185.86237
6715.55545 53.04366 1.78209 1.71718 184.66520
6715.26282 52.77036 1.77293 1.70833 183.92268
6715.37661 52.86842 1.77622 1.71151 184.19674
6714.58532 52.29216 1.75699 1.69285 182.33947
6715.59267 52.92462 1.77806 1.71333 184.63864
6714.69851 52.44624 1.76216 1.69784 182.69402
6713.95310 52.06132 1.74939 1.68538 180.94347
6713.63593 51.89554 1.74391 1.68001 180.23857
6712.29713 51.16659 1.71963 1.65642 177.28425
6711.29357 50.51244 1.69765 1.63524 175.00753
6710.74144 50.15297 1.68570 1.62360 173.77072
6709.65790 49.40219 1.66017 1.59930 171.27034
6709.30017 49.14320 1.65128 1.59091 170.42433
6708.20798 48.31372 1.62620 1.56406 167.94594
6707.01207 47.27142 1.59157 1.53032 164.82050
6706.14308 46.36224 1.56079 1.50088 162.27967
6706.06484 46.28391 1.55814 1.49835 162.05421
6705.42263 45.65610 1.53668 1.47803 160.18212
6705.87812 46.03322 1.54959 1.49023 161.36508
6705.74651 45.94565 1.54659 1.48740 161.06491
6705.05948 45.50601 1.53153 1.47317 159.58230
6704.64183 45.21510 1.52159 1.46375 158.62407
6703.66637 44.54017 1.49850 1.44190 156.43536
6703.81840 44.63233 1.50165 1.44488 156.74454
6702.93019 44.09198 1.48315 1.42739 154.93043
6702.03969 43.48451 1.46232 1.40772 152.98413
6703.01402 44.03764 1.48132 1.42563 154.84191
6701.83742 43.48734 1.46237 1.40782 152.91365
6700.52595 42.75761 1.43729 1.38419 150.54790
6699.98598 42.41334 1.42546 1.37305 149.46007
6699.03077 41.81331 1.40481 1.35362 147.59122
6698.76388 41.64506 1.39904 1.34818 147.06704
6698.02573 41.19224 1.38346 1.33352 145.67484
6697.07586 40.58319 1.36218 1.31380 143.77429
6697.84034 41.01999 1.37741 1.32794 145.13400
6696.57676 40.37799 1.35540 1.30716 143.18788
6695.31638 39.63594 1.33306 1.28313 141.24540
6694.91046 39.36371 1.32396 1.27432 140.45719
6694.00198 38.78590 1.30373 1.25562 138.70206
6694.00863 38.78407 1.30367 1.25556 138.69340
6693.55186 38.53198 1.29497 1.24740 137.96061
6692.57460 38.00313 1.27673 1.23028 136.44921
6693.10980 38.25655 1.28551 1.23848 137.14712
6691.96447 37.75874 1.26821 1.22236 135.83110
6690.48129 36.96481 1.24066 1.19666 133.63125
6689.43925 36.30885 1.21797 1.17543 131.71190
6688.50658 35.64537 1.19505 1.15395 129.68547
6687.61922 34.99046 1.17247 1.13275 127.61053
6687.14064 34.58714 1.15845 1.11969 126.32616
6686.56227 34.14742 1.14327 1.10545 124.95290
6687.69598 34.85859 1.16799 1.12848 127.05214
6686.95866 34.48332 1.15485 1.11633 126.03532
6686.49288 34.26638 1.14732 1.10931 125.46853
6687.73733 34.71330 1.16303 1.12377 126.47158
6686.64004 34.41965 1.15259 1.11427 125.98816
6685.05193 33.93970 1.13575 1.09873 125.17233
6683.60968 33.37048 1.11581 1.08030 123.96916
6682.70900 32.95354 1.10128 1.06681 122.95983
6681.56314 32.35209 1.08041 1.04733 121.37431
6680.36579 31.66972 1.05640 1.02524 119.42913
6679.25885 30.90427 1.03130 1.00046 117.07883
6678.28780 30.15753 1.00809 0.97629 114.96670
6679.53317 30.94083 1.03256 1.00165 117.00975
6678.95322 30.65753 1.02395 0.99248 116.39457
6677.99559 30.19486 1.00926 0.97750 115.41857
6678.78793 30.51243 1.01965 0.98778 115.98701
6678.16414 30.31558 1.01331 0.98141 115.78874
6676.87951 29.86996 0.99764 0.96698 115.01453
6675.66637 29.39633 0.98082 0.95165 114.02433
6673.73654 28.38193 0.94566 0.91881 111.24851
6672.85835 27.78687 0.92504 0.89954 109.30731
6672.78232 27.73861 0.92336 0.89798 109.15448
6672.65965 27.68248 0.92141 0.89617 109.01134
6671.66563 27.15510 0.90307 0.87909 107.52043
6672.06650 27.31842 0.90878 0.88438 107.89026
6672.31136 27.43185 0.91273 0.88805 108.16862
6670.97946 27.00395 0.89770 0.87420 107.42852
6669.52036 26.43063 0.87765 0.85564 106.17474
6668.49436 25.95063 0.86091 0.84010 104.90195
6667.75562 25.55848 0.84727 0.82740 103.72841
6666.89838 25.12682 0.83227 0.81343 102.49084
6667.39530 25.34748 0.83996 0.82057 103.05628
6666.59359 25.03734 0.82912 0.81053 102.36911
6665.50663 24.58502 0.81330 0.79589 101.24869
6665.09591 24.41230 0.80727 0.79030 100.80248
6665.44884 24.54178 0.81181 0.79449 101.08996
6664.23264 24.17504 0.79893 0.78262 100.52387
6662.77654 23.66054 0.78098 0.76596 99.46156
6662.03077 23.34833 0.77000 0.75586 98.56527
6662.07916 23.37169 0.77083 0.75661 98.64728
6660.90396 22.97088 0.75647 0.74364 97.68243
6659.63232 22.47610 0.74043 0.72762 96.59418
6658.71770 22.08158 0.72864 0.71485 95.74210
6657.91927 21.68283 0.71575 0.70194 94.55974
6656.91683 21.19706 0.69869 0.68621 92.91168
6656.90888 21.17841 0.69804 0.68561 92.81398
6656.33563 20.94382 0.68982 0.67801 92.10656
6655.18034 20.42419 0.67189 0.66119 90.41943
6655.14442 20.38154 0.67043 0.65981 90.21744
6656.15287 20.70183 0.68154 0.67018 90.95244
6655.21632 20.50817 0.67476 0.66391 90.85301
6653.90262 20.21046 0.66437 0.65427 90.54486
6652.51491 19.82979 0.65112 0.64195 89.68115
6651.65099 19.55470 0.64160 0.63304 88.97251
6651.83031 19.59253 0.64292 0.63427 89.00894
6651.31722 19.47496 0.63884 0.63046 88.84578
6650.75876 19.37520 0.63537 0.62723 88.83892
6650.26209 19.30465 0.63292 0.62495 88.94348
6649.67748 19.26377 0.63148 0.62363 89.33206
6648.70559 19.21231 0.62966 0.62196 90.11516
6647.27791 19.10577 0.62600 0.61851 91.13347
6645.97893 18.92403 0.61980 0.61263 91.56948
6644.76805 18.67646 0.61137 0.60461 91.48291
6643.39392 18.29265 0.59830 0.59219 90.51009
6641.87387 17.78197 0.58092 0.57566 88.99356
6640.64737 17.29294 0.56422 0.55982 87.20707
6639.83303 16.92319 0.55158 0.54785 85.68740
6638.44310 16.20896 0.52714 0.52473 82.48757
6637.10765 15.38088 0.49867 0.49793 78.39250
6636.34206 14.83646 0.47996 0.48030 75.58393
6635.29334 14.04865 0.45270 0.45480 71.25615
6634.29146 13.18972 0.42450 0.42699 66.92536
6633.30187 12.21847 0.39321 0.39555 62.05625
6633.06052 11.97311 0.38451 0.38761 60.67814
0.00000 0.00000 0.00000 0.00000 0.00000
