6913.45673 239.51916 7.93169 7.75395 907.27566
6912.95124 238.99582 7.91752 7.73701 906.88592
6912.45623 238.48983 7.89496 7.72063 906.44127
6911.96395 237.99163 7.88349 7.70450 905.94596
6911.45573 237.47369 7.86599 7.68774 905.53567
6910.98703 236.98745 7.84565 7.67199 905.20758
6910.45523 236.42748 7.83356 7.65387 904.79037
6909.99447 235.98326 7.81606 7.63949 904.48222
6909.45473 235.47777 7.79582 7.62312 904.39280
6908.96500 234.97908 7.78554 7.60698 904.09893
6908.45423 234.42059 7.76234 7.58890 903.96526
6908.04539 233.97490 7.74821 7.57447 903.37133
6907.45373 233.32679 7.73399 7.55349 902.70589
6907.13534 232.97071 7.71844 7.54196 902.87235
6906.45323 232.25324 7.69555 7.51873 902.53703
6906.16926 231.96653 7.68841 7.50945 902.23971
6905.45273 231.24203 7.65925 7.48600 901.51426
6905.17042 230.96234 7.65205 7.47694 901.13274
6904.45223 230.24508 7.62991 7.45372 900.38186
6904.17700 229.95816 7.61853 7.44444 900.19343
6903.45173 229.19944 7.59674 7.41987 899.78494
6903.22026 228.95397 7.58842 7.41193 899.68731
6902.45123 228.13939 7.55870 7.38556 899.35737
6902.26217 227.94979 7.55408 7.37942 899.16178
6901.45073 227.13590 7.52594 7.35307 898.15757
6901.25162 226.94561 7.51970 7.34691 897.80733
6900.45023 226.19260 7.49647 7.32253 897.48506
6900.20645 225.94142 7.48740 7.31440 897.65385
6899.44972 225.06293 7.46169 7.28596 896.96075
6899.33633 224.93724 7.45817 7.28189 896.90860
6898.44922 224.07233 7.42786 7.25389 895.82251
6898.31246 223.93305 7.42334 7.24938 895.71407
6897.44872 223.02494 7.39465 7.21999 895.25571
6897.35704 222.92887 7.39124 7.21688 895.21415
6896.44822 221.96925 7.35979 7.18581 894.82399
6896.40515 221.92469 7.35839 7.18437 894.79668
6895.44772 220.92894 7.32456 7.15213 894.26856
6895.43956 220.92050 7.32427 7.15186 894.26285
6894.44722 219.93491 7.29265 7.11995 893.04481
6894.42857 219.91632 7.29200 7.11935 893.02295
6893.46194 218.91213 7.25839 7.08684 892.40357
6893.44672 218.89670 7.25790 7.08634 892.38863
6892.49110 217.90795 7.22503 7.05433 891.78241
6892.44622 217.86104 7.22342 7.05282 891.81745
6891.44572 216.98096 7.19532 7.02432 890.74489
6891.36852 216.90377 7.19277 7.02183 890.64556
6890.50219 215.89958 7.16222 6.98932 889.93680
6890.44522 215.84182 7.16070 6.98745 889.84325
6889.54335 214.89540 7.12819 6.95681 889.51478
6889.44472 214.79348 7.12479 6.95351 889.45639
6888.54048 213.89121 7.09766 6.92430 888.43268
6888.44422 213.79227 7.09391 6.92110 888.36162
6887.54468 212.88703 7.06391 6.89179 887.49502
6887.44372 212.78626 7.06096 6.88853 887.36864
6886.57611 211.88285 7.02858 6.85928 886.90846
6886.44322 211.74929 7.02496 6.85496 886.79144
6885.62149 210.87866 6.99735 6.82677 886.55791
6885.44272 210.69064 6.98946 6.82069 886.49985
6884.59006 209.87448 6.96594 6.79427 885.16076
6884.44222 209.72441 6.96098 6.78941 885.03236
6883.63144 208.87029 6.92961 6.76176 884.66216
6883.44172 208.67327 6.92465 6.75538 884.61370
6882.63610 207.86611 6.89812 6.72925 884.54419
6882.44122 207.67063 6.89132 6.72292 884.16245
6881.66838 206.86192 6.87074 6.69674 883.25642
6881.44072 206.62646 6.86164 6.68912 883.21246
6880.67444 205.85774 6.83393 6.66423 882.53914
6880.44022 205.62965 6.82947 6.65685 882.21923
6879.70600 204.85356 6.79933 6.63172 882.04926
6879.43972 204.57976 6.79014 6.62286 881.89969
6878.71012 203.84937 6.77061 6.59922 881.10854
6878.43922 203.57298 6.75808 6.59027 880.89180
6877.68189 202.84519 6.73779 6.56671 879.73377
6877.43872 202.60981 6.73135 6.55909 879.38167
6876.69879 201.84100 6.69990 6.53420 879.10777
6876.43822 201.57591 6.69339 6.52562 878.86624
6875.71470 200.83682 6.66896 6.50169 878.51381
6875.43772 200.55466 6.65707 6.49256 878.27147
6874.67928 199.83264 6.64046 6.46918 877.13596
6874.43722 199.59525 6.63086 6.46150 877.40672
6873.63816 198.82845 6.60214 6.43667 876.86688
6873.43672 198.62011 6.59955 6.42993 876.25989
6872.74963 197.82427 6.57169 6.40417 876.23992
6872.43622 197.50760 6.55983 6.39391 876.14244
6871.74338 196.82008 6.54377 6.37166 875.44027
6871.43572 196.50173 6.52940 6.36135 875.24962
6870.73575 195.81590 6.50757 6.33915 874.43279
6870.43522 195.51959 6.50075 6.32956 874.07955
6869.73042 194.81172 6.47082 6.30664 873.50323
6869.43472 194.52115 6.46331 6.29723 873.18323
6868.74923 193.80753 6.44174 6.27413 872.93486
6868.43422 193.48469 6.42687 6.26368 872.79181
6867.71180 192.80335 6.41133 6.24162 871.56610
6867.43372 192.52907 6.40174 6.23274 871.26017
6866.72111 191.79916 6.37283 6.20911 870.93774
6866.43322 191.51770 6.36822 6.20000 870.60775
6865.70373 190.79498 6.33991 6.17661 869.96920
6865.43272 190.49829 6.32809 6.16700 870.30445
6864.71614 189.79079 6.31544 6.14410 869.52698
6864.43222 189.52901 6.30459 6.13562 868.79581
6863.68409 188.78661 6.27850 6.11159 868.09424
6863.43172 188.53891 6.27406 6.10357 867.81838
6862.69111 187.78243 6.24230 6.07908 867.45758
6862.43122 187.52292 6.23493 6.07068 867.28200
6861.68510 186.77824 6.21422 6.04657 866.66972
6861.43072 186.52729 6.20179 6.03845 866.43776
6860.63609 185.77406 6.18322 6.01406 865.18752
6860.43022 185.56940 6.17755 6.00744 865.03007
6859.62554 184.76987 6.14378 5.98156 864.37618
6859.42971 184.57729 6.13961 5.97532 864.16469
6858.64464 183.76569 6.11134 5.94905 864.01635
6858.42921 183.54919 6.10272 5.94204 863.87075
6857.64503 182.76151 6.08402 5.91654 863.21881
6857.42871 182.53928 6.07395 5.90934 863.19427
6856.54585 181.75732 6.04787 5.88403 861.77462
6856.42821 181.64316 6.04644 5.88033 861.64033
6855.63231 180.75314 6.01370 5.85152 861.88700
6855.42771 180.55406 6.00668 5.84508 861.71949
6854.59012 179.74895 5.98613 5.81901 860.72482
6854.42721 179.58605 5.97832 5.81374 860.61663
6853.53380 178.74477 5.95209 5.78650 859.26210
6853.42671 178.64149 5.94957 5.78316 859.13986
6852.53027 177.74059 5.91402 5.75400 858.64788
6852.42621 177.63944 5.91171 5.75072 858.53009
6851.53358 176.73640 5.88268 5.72149 858.17153
6851.42571 176.62878 5.87784 5.71800 858.09878
6850.44482 175.73222 5.85369 5.68898 856.21515
6850.42521 175.71319 5.85300 5.68836 856.19492
6849.43315 174.72803 5.81730 5.65647 855.52286
6849.42471 174.71984 5.81714 5.65621 855.51486
6848.42545 173.72385 5.78129 5.62396 854.86090
6848.42421 173.72263 5.78125 5.62392 854.85978
6847.42371 172.82236 5.75581 5.59478 853.93863
6847.31326 172.71967 5.75161 5.59145 853.86842
6846.42321 171.82532 5.72565 5.56250 852.27416
6846.32165 171.71548 5.72292 5.55895 852.32264
6845.42271 170.80238 5.68793 5.52939 852.35847
6845.33059 170.71130 5.68534 5.52644 852.29571
6844.42221 169.83609 5.65860 5.49810 851.35691
6844.28556 169.70711 5.65338 5.49393 851.17977
6843.42171 168.91842 5.62930 5.46840 849.55050
6843.19853 168.70293 5.62218 5.46142 849.35743
6842.42121 167.92176 5.59414 5.43613 849.21770
6842.19807 167.69874 5.58756 5.42891 849.13288
6841.42071 166.92884 5.56134 5.40399 848.67119
6841.17813 166.69456 5.55344 5.39640 848.44382
6840.42021 165.97398 5.53138 5.37308 847.70636
6840.12385 165.69038 5.52126 5.36389 847.40462
6839.41971 165.03860 5.49910 5.34279 846.24396
6839.01670 164.68619 5.48729 5.33139 846.23038
6838.41921 164.09357 5.46850 5.31220 846.68017
6838.02839 163.68201 5.45669 5.29888 845.74709
6837.41871 163.09627 5.43834 5.27992 844.62217
6836.97135 162.67782 5.42490 5.26637 844.24332
6836.41821 162.17702 5.40770 5.25016 843.19768
6835.90467 161.67364 5.39084 5.23386 842.98938
6835.41771 161.19346 5.37623 5.21832 842.82127
6834.87368 160.66946 5.35711 5.20135 842.38063
6834.41721 160.22122 5.34250 5.18684 842.21650
6833.82050 159.66527 5.32577 5.16884 841.42885
6833.41671 159.29521 5.31069 5.15686 840.84405
6832.74284 158.66109 5.29242 5.13634 840.06290
6832.41621 158.35063 5.28340 5.12629 839.74566
6831.70023 157.65690 5.25622 5.10383 839.36098
6831.41571 157.37297 5.24950 5.09464 839.38047
6830.65837 156.65272 5.22382 5.07132 838.65160
6830.41521 156.42920 5.21487 5.06408 838.14032
6829.45454 155.64854 5.19558 5.03881 836.96093
6829.41471 155.61336 5.19421 5.03767 836.97361
6828.46239 154.64435 5.16136 5.00630 836.22105
6828.41421 154.59490 5.16076 5.00470 836.11467
6827.44142 153.64017 5.12555 4.97379 835.24683
6827.41371 153.61371 5.12441 4.97294 835.24216
6826.41321 152.71733 5.10160 4.94392 833.42893
6826.32820 152.63598 5.09757 4.94128 833.38126
6825.41271 151.77838 5.06919 4.91352 832.52749
6825.25991 151.63180 5.06729 4.90878 832.44832
6824.41221 150.80907 5.03014 4.88214 832.19218
6824.21657 150.62762 5.02565 4.87627 831.99118
6823.41171 149.88520 5.00521 4.85223 831.07295
6823.12528 149.62343 4.99190 4.84376 830.71900
6822.41121 148.99337 4.97777 4.82336 829.36922
6822.01332 148.61925 4.96371 4.81125 828.85709
6821.41071 148.05980 4.93930 4.79314 829.07926
6820.88179 147.61506 4.93227 4.77874 828.94978
6820.41021 147.19954 4.91519 4.76529 828.24427
6819.77646 146.61088 4.89186 4.74623 827.50876
6819.40970 146.24266 4.88693 4.73431 826.83634
6818.80661 145.60669 4.86328 4.71373 826.51846
6818.40920 145.23089 4.84911 4.70156 826.40044
6817.73059 144.60251 4.83271 4.68122 825.92252
6817.40870 144.29458 4.81958 4.67125 825.82571
6816.61708 143.59833 4.79723 4.64871 824.35773
6816.40820 143.41242 4.79282 4.64269 824.06143
6815.48824 142.59414 4.76051 4.61620 822.63465
6815.40770 142.52296 4.75863 4.61390 822.50958
6814.40720 141.60048 4.72908 4.58403 821.60199
6814.39567 141.58996 4.72870 4.58369 821.59017
6813.40670 140.70070 4.69912 4.55490 820.39579
6813.27975 140.58577 4.69545 4.55118 820.22313
6812.40620 139.79949 4.66925 4.52573 819.33374
6812.15016 139.58159 4.66126 4.51867 819.42387
6811.40570 138.95745 4.64150 4.49847 818.95912
6810.99228 138.57741 4.62957 4.48617 818.43544
6810.40520 138.04690 4.60872 4.46899 817.85638
6809.84635 137.57322 4.59653 4.45366 816.69898
6809.40470 137.13984 4.58324 4.43963 816.17488
6808.84967 136.56904 4.56210 4.42115 815.56865
6808.40420 136.16730 4.55307 4.40814 815.03340
6807.74219 135.56485 4.53009 4.38864 814.63894
6807.40370 135.25910 4.51772 4.37874 814.34256
6806.60615 134.56067 4.50146 4.35613 813.10051
6806.40320 134.37119 4.49289 4.35000 813.03264
6805.50173 133.55649 4.46516 4.32362 812.25384
6805.40270 133.46568 4.46383 4.32068 812.20953
6804.40220 132.56948 4.42836 4.29167 811.06039
6804.38202 132.55230 4.42786 4.29112 811.01582
6803.40170 131.73976 4.40515 4.26481 810.48168
6803.17984 131.54812 4.39532 4.25861 810.58449
6802.40120 130.90099 4.37496 4.23766 808.64062
6802.00247 130.54393 4.36436 4.22610 808.31359
6801.40070 129.99304 4.34189 4.20826 808.05737
6800.90824 129.53975 4.32885 4.19359 808.02749
6800.40020 129.05443 4.31234 4.17788 808.47609
6799.82215 128.53556 4.29381 4.16108 806.87934
6799.39970 128.16245 4.28395 4.14900 805.26634
6798.67257 127.53138 4.26395 4.12857 804.03705
6798.39920 127.29158 4.25539 4.12081 803.83844
6797.54109 126.52720 4.22945 4.09606 803.08058
6797.39870 126.39878 4.22599 4.09191 803.04464
6796.39820 125.52640 4.19480 4.06367 801.88069
6796.39440 125.52301 4.19467 4.06356 801.87844
6795.39770 124.68313 4.17095 4.03637 799.94431
6795.20793 124.51883 4.16447 4.03105 799.62463
6794.39720 123.83738 4.13839 4.00899 799.44087
6794.00689 123.51464 4.13206 3.99854 799.71667
6793.39670 122.99141 4.11053 3.98160 798.95753
6792.81949 122.51046 4.09345 3.96603 797.69761
6792.39620 122.15396 4.08658 3.95449 797.00922
6791.64884 121.50628 4.05865 3.93352 796.24181
6791.39570 121.29270 4.05183 3.92661 795.84595
6790.48406 120.50209 4.02765 3.90101 794.84841
6790.39520 120.41611 4.02372 3.89823 795.02675
6789.39470 119.55821 3.99652 3.87046 793.43866
6789.32567 119.49791 3.99486 3.86851 793.17160
6788.39420 118.64456 3.96413 3.84088 791.22900
6788.23286 118.49372 3.96000 3.83600 791.41158
6787.39370 117.78967 3.93799 3.81320 790.45535
6787.04857 117.48954 3.92611 3.80349 790.12415
6786.39320 116.91913 3.90677 3.78502 789.56085
6785.77752 116.48536 3.89292 3.77098 788.15340
6785.39270 116.19827 3.88376 3.76169 787.54395
6784.56703 115.48117 3.85781 3.73847 786.79809
6784.39220 115.33315 3.85399 3.73368 786.61303
6783.40562 114.47699 3.82388 3.70596 786.08808
6783.39170 114.46438 3.82334 3.70556 786.09443
6782.39120 113.67807 3.79996 3.68010 783.26093
6782.14978 113.47280 3.79157 3.67346 783.03097
6781.39070 112.81526 3.76683 3.65217 782.71199
6780.97266 112.46862 3.75752 3.64095 782.00048
6780.39020 111.98743 3.73894 3.62537 781.01923
6779.77159 111.46444 3.71970 3.60844 780.68972
6779.38969 111.11596 3.71092 3.59716 780.64811
6778.65105 110.46025 3.68817 3.57593 778.29178
6778.38919 110.23416 3.68086 3.56861 777.91087
6777.47562 109.45607 3.65558 3.54342 777.31411
6777.38869 109.37969 3.65287 3.54095 777.31846
6776.38819 108.61932 3.62589 3.51633 776.49051
6776.18274 108.45188 3.62026 3.51091 776.55353
6775.38769 107.83656 3.60094 3.49099 773.99172
6774.92091 107.44770 3.58568 3.47840 773.56433
6774.38719 107.00084 3.57137 3.46394 773.09770
6773.67879 106.44351 3.55469 3.44590 771.35273
6773.38669 106.19215 3.54291 3.43776 771.30635
6772.44084 105.43933 3.51865 3.41339 769.34496
6772.38619 105.39539 3.51739 3.41196 769.24028
6771.38569 104.61121 3.48348 3.38658 766.75705
6771.17100 104.43515 3.47908 3.38088 766.48512
6770.38519 103.80550 3.45807 3.36050 765.03137
6769.94701 103.43096 3.44244 3.34837 764.98577
6769.38469 102.95593 3.42890 3.33299 764.75298
6768.67335 102.42678 3.40884 3.31586 762.18408
6768.38419 102.17651 3.39916 3.30776 763.19529
6767.44708 101.42259 3.37691 3.28335 761.32753
6767.38369 101.37521 3.37553 3.28182 760.86912
6766.38319 100.58311 3.34774 3.25618 757.94785
6766.18312 100.41841 3.34131 3.25085 757.90425
6765.38269 99.78539 3.32012 3.23035 756.18066
6764.91926 99.41423 3.30626 3.21834 755.46790
6764.38219 98.98708 3.28892 3.20451 754.48131
6763.65304 98.41004 3.27032 3.18583 753.07752
6763.38169 98.18724 3.26183 3.17862 752.88229
6762.41103 97.40586 3.23213 3.15332 751.52541
6762.38119 97.38087 3.23136 3.15251 751.52178
6761.38069 96.65085 3.20309 3.12888 747.34713
6761.06841 96.40167 3.19391 3.12081 746.84564
6760.38019 95.82835 3.17470 3.10225 746.79658
6759.80832 95.39749 3.15877 3.08830 744.62538
6759.37969 95.05731 3.14580 3.07729 744.18005
6758.38956 94.39331 3.12098 3.05579 741.20172
6758.37919 94.38605 3.12071 3.05556 741.15862
6757.37869 93.61762 3.08995 3.03068 738.46979
6757.09731 93.38912 3.08166 3.02329 737.55723
6756.37819 92.75921 3.06143 3.00289 735.20802
6755.92077 92.38494 3.04700 2.99078 734.41223
6755.37769 91.95967 3.03023 2.97701 733.69408
6754.65830 91.38075 3.00807 2.95827 732.90646
6754.37719 91.16094 2.99898 2.95115 732.27354
6753.37669 90.43415 2.97078 2.92762 727.67661
6753.30577 90.37657 2.96852 2.92576 727.61865
6752.37619 89.68462 2.94039 2.90336 723.95355
6751.95065 89.37238 2.92824 2.89325 722.14843
6751.37569 88.92419 2.91034 2.87874 720.36413
6750.59257 88.36820 2.88722 2.86074 717.49805
6750.37519 88.21158 2.88084 2.85567 717.53449
6749.37469 87.49618 2.85124 2.83251 713.16257
6749.20087 87.36402 2.84563 2.82824 712.45508
6748.37419 86.76887 2.82017 2.80897 707.72001
6747.83971 86.35983 2.80235 2.79573 705.69250
6747.37369 85.99691 2.78593 2.78398 704.24798
6746.50831 85.35565 2.75781 2.76322 699.45930
6746.37319 85.24496 2.75281 2.75964 699.32783
6745.37269 84.50274 2.71523 2.73561 694.06482
6745.18530 84.35146 2.70767 2.73071 693.31148
6744.37219 83.68098 2.67942 2.70900 686.99038
6743.98554 83.34728 2.66812 2.69820 685.67296
6743.37169 82.89506 2.64884 2.68356 681.26553
6742.63732 82.34310 2.62225 2.66569 676.27750
6742.37119 82.12590 2.61170 2.65866 674.97167
6741.37069 81.42995 2.57320 2.63613 664.99253
6741.24559 81.33891 2.56737 2.63318 664.70774
6740.37019 80.76153 2.51255 2.61449 653.52106
6739.88563 80.33473 2.47117 2.60068 651.55924
6739.36968 79.97261 2.44025 2.58895 643.59829
6738.58042 79.33054 2.39838 2.56817 635.22246
6738.36918 79.13914 2.38988 2.56197 633.78125
6737.39354 78.32636 2.36030 2.53566 619.06686
6737.36868 78.29902 2.35911 2.53477 618.97612
6736.54425 77.32218 2.32680 2.50315 615.53320
6736.36818 77.09990 2.31882 2.49596 614.15825
6735.79736 76.31799 2.29165 2.47064 610.35926
6735.36768 75.67722 2.27475 2.44990 606.18747
6735.10906 75.31381 2.26848 2.43813 600.52639
6734.43692 74.30962 2.23987 2.40563 590.18573
6734.36718 74.22575 2.23733 2.40291 588.57997
6733.71357 73.30544 2.22029 2.37312 576.78304
6733.36668 72.87796 2.21096 2.35928 569.05236
6732.76265 72.30126 2.19635 2.34061 555.54189
6732.36618 71.95010 2.19396 2.32924 547.12004
6731.42027 71.29707 2.18960 2.30810 519.26876
6731.36568 71.25208 2.18856 2.30664 517.99056
6730.36518 70.58192 2.18165 2.28495 492.96429
6729.92320 70.29289 2.17625 2.27559 482.84878
6729.36468 69.92317 2.16994 2.26362 471.05091
6728.36897 69.28870 2.16010 2.24308 451.40904
6728.36418 69.28530 2.16003 2.24297 451.32737
6727.36368 68.64699 2.14944 2.22231 433.72723
6726.82457 68.28452 2.14332 2.21057 425.31466
6726.36318 67.92827 2.13663 2.19904 419.26567
6725.41157 67.28033 2.12444 2.17807 405.99967
6725.36268 67.24446 2.12383 2.17691 405.40872
6724.36218 66.47757 2.11092 2.15208 393.45059
6724.08664 66.27615 2.10745 2.14556 389.91101
6723.36168 65.76461 2.09953 2.12900 382.39768
6722.71328 65.27197 2.09081 2.11305 376.09197
6722.36118 64.97567 2.08407 2.10346 372.85691
6721.43173 64.26778 2.06982 2.08054 363.66423
6721.36068 64.21096 2.06879 2.07870 363.00769
6720.36018 63.37395 2.05268 2.05160 354.43236
6720.23048 63.26360 2.05003 2.04803 353.36178
6719.35968 62.52158 2.03494 2.02401 346.25071
6719.05633 62.25941 2.03013 2.01552 343.85146
6718.35918 61.59682 2.01221 1.99407 339.00003
6717.98750 61.25523 2.00574 1.98302 336.30033
6717.35868 60.63233 1.99127 1.96285 332.16445
6716.96620 60.25105 1.98038 1.95051 329.50694
6716.35818 59.65381 1.96791 1.93117 325.46462
6715.95176 59.24686 1.95674 1.91800 322.63860
6715.35768 58.60313 1.93744 1.89716 319.53595
6714.98247 58.24268 1.92920 1.88549 317.69133
6714.35718 57.50422 1.90923 1.86158 314.25206
6714.14539 57.23849 1.90175 1.85298 312.94321
6713.35668 56.29134 1.87481 1.82232 308.66263
6713.30548 56.23431 1.87296 1.82047 308.35075
6712.49726 55.23013 1.84022 1.78796 303.99068
6712.35618 55.06440 1.83491 1.78260 303.16034
6711.52472 54.22594 1.80922 1.75546 297.45023
6711.35568 54.04649 1.80350 1.74965 296.34473
6710.50723 53.22176 1.77698 1.72295 290.41600
6710.35518 53.09814 1.77310 1.71895 289.24107
6709.35468 52.25100 1.74699 1.69152 281.79916
6709.31573 52.21757 1.74596 1.69044 281.51491
6708.35418 51.47874 1.72257 1.66652 274.24216
6708.03502 51.21339 1.71496 1.65793 271.97480
6707.35368 50.57685 1.69371 1.63732 267.32183
6706.90362 50.20921 1.68127 1.62542 264.33627
6706.35318 49.76669 1.66841 1.61110 261.19356
6705.71917 49.20502 1.64881 1.59291 257.24399
6705.35268 48.86128 1.63774 1.58179 254.78261
6704.67400 48.20084 1.62096 1.56041 250.25980
6704.35218 47.85291 1.60875 1.54914 248.29833
6703.72066 47.19665 1.58562 1.52790 244.50663
6703.35168 46.81444 1.57379 1.51552 242.27115
6702.71969 46.19247 1.55132 1.49539 238.36918
6702.35118 45.82528 1.53912 1.48350 236.11285
6701.65267 45.18828 1.51842 1.46288 231.75358
6701.35068 44.96794 1.51047 1.45575 229.78963
6700.35018 44.30492 1.48977 1.43428 223.32957
6700.16885 44.18410 1.48570 1.43037 222.18313
6699.34967 43.72953 1.47078 1.41566 216.98160
6698.34917 43.20516 1.45404 1.39868 210.80803
6698.30214 43.17992 1.45324 1.39786 210.51817
6697.34867 42.68574 1.43724 1.38187 205.27758
6696.55411 42.17573 1.41975 1.36535 201.11621
6696.34817 42.04786 1.41534 1.36122 199.93542
6695.34767 41.35336 1.39238 1.33873 194.51273
6695.11106 41.17155 1.38645 1.33285 193.26148
6694.34717 40.50541 1.36316 1.31128 189.26824
6693.95526 40.16736 1.35311 1.30034 187.22724
6693.34667 39.52451 1.33411 1.27953 184.06474
6692.99392 39.16318 1.32096 1.26783 182.24097
6692.34617 38.53655 1.29902 1.24754 178.89917
6691.93166 38.15900 1.28638 1.23532 176.77351
6691.34567 37.74091 1.27209 1.22179 173.85003
6690.41731 37.15481 1.25346 1.20281 169.37157
6690.34517 37.10287 1.25165 1.20113 169.02512
6689.34467 36.39612 1.22685 1.17825 164.28390
6688.98464 36.15063 1.21835 1.17030 162.59052
6688.34417 35.77618 1.20538 1.15818 159.86793
6687.34367 35.15215 1.18395 1.13798 155.73206
6687.33528 35.14644 1.18376 1.13780 155.69526
6686.34317 34.62994 1.16665 1.12107 151.58367
6685.48791 34.14226 1.14990 1.10529 148.10859
6685.34267 34.04238 1.14645 1.10205 147.50022
6684.34217 33.40396 1.12414 1.08139 143.46917
6683.92544 33.13808 1.11492 1.07278 141.81606
6683.34167 32.78207 1.10263 1.06125 139.56901
6682.34117 32.14600 1.08089 1.04066 135.76406
6682.32189 32.13389 1.08048 1.04027 135.69174
6681.34067 31.63925 1.06329 1.02426 132.30824
6680.48207 31.12971 1.04613 1.00776 129.29809
6680.34017 31.02982 1.04302 1.00453 128.79271
6679.33967 30.46185 1.02607 0.98614 125.81511
6678.80162 30.12552 1.01476 0.97525 124.01981
6678.33917 29.86751 1.00573 0.96690 122.52195
6677.33867 29.29327 0.98601 0.94831 119.34437
6677.04174 29.12134 0.98030 0.94275 118.41429
6676.33817 28.80863 0.96991 0.93262 116.49381
6675.33767 28.27069 0.95113 0.91521 113.60155
6675.09905 28.11715 0.94566 0.91024 112.85619
6674.33717 27.55668 0.92582 0.89209 110.31944
6673.74016 27.11297 0.91037 0.87773 108.32958
6673.33667 26.77060 0.89835 0.86664 106.87386
6672.46240 26.10879 0.87513 0.84522 103.98061
6672.33617 26.03042 0.87239 0.84268 103.61355
6671.33567 25.55601 0.85572 0.82732 101.20798
6670.33517 25.13775 0.84179 0.81378 99.09367
6670.26111 25.10460 0.84070 0.81271 98.92602
6669.33467 24.85269 0.83224 0.80456 97.39225
6668.33417 24.54973 0.82173 0.79475 95.71608
6667.33367 24.12479 0.80682 0.78099 93.73867
6667.28639 24.10042 0.80596 0.78020 93.63329
6666.33317 23.57606 0.78733 0.76323 91.42898
6665.50219 23.09623 0.77017 0.74769 89.43547
6665.33267 22.96964 0.76571 0.74360 88.93664
6664.33217 22.22121 0.74194 0.71937 86.24927
6664.14694 22.09205 0.73805 0.71519 85.79704
6663.33167 21.69851 0.72524 0.70245 84.27876
6662.33117 21.23697 0.70907 0.68750 82.39400
6661.98244 21.08787 0.70393 0.68268 81.79731
6661.33067 20.89437 0.69735 0.67641 80.99991
6660.33017 20.54455 0.68546 0.66509 79.60407
6659.32966 20.08979 0.66971 0.65037 77.87883
6659.31740 20.08368 0.66950 0.65017 77.85593
6658.32916 19.44171 0.64668 0.62939 75.47984
6657.75724 19.07950 0.63370 0.61766 74.14190
6657.32866 18.85125 0.62560 0.61027 73.30210
6656.32816 18.33730 0.60777 0.59363 71.42273
6655.83305 18.07531 0.59887 0.58515 70.46520
6655.32766 17.91115 0.59327 0.57984 69.87354
6654.32716 17.59625 0.58258 0.56964 68.77379
6653.32666 17.22768 0.56979 0.55771 67.47676
6652.98590 17.07113 0.56426 0.55264 66.92177
6652.32616 16.73334 0.55214 0.54171 65.72544
6651.32566 16.24262 0.53472 0.52582 63.98681
6650.96574 16.06695 0.52852 0.52014 63.36893
6650.32516 15.78232 0.51846 0.51092 62.37311
6649.32466 15.36094 0.50383 0.49728 60.91216
6648.60259 15.06276 0.49364 0.48763 59.88617
6648.32416 14.97655 0.49067 0.48484 59.60504
6647.32366 14.68525 0.48067 0.47541 58.66468
6646.32316 14.33189 0.46827 0.46397 57.48130
6645.67676 14.05858 0.45834 0.45512 56.51062
6645.32266 13.92957 0.45370 0.45094 56.06934
6644.32216 13.59734 0.44229 0.44019 54.94571
6643.32166 13.24632 0.43145 0.42882 53.87815
6642.85537 13.05439 0.42580 0.42261 53.31589
6642.32116 12.77779 0.41747 0.41366 52.44997
6641.32066 12.22607 0.39841 0.39579 50.47231
6640.97227 12.05021 0.39200 0.39010 49.81163
6640.32016 11.77880 0.38230 0.38132 48.82055
6639.31966 11.32704 0.36668 0.36669 47.17351
6638.71651 11.04603 0.35716 0.35759 46.13557
6638.31916 10.94452 0.35364 0.35431 45.79481
6637.31866 10.74007 0.34653 0.34769 45.14868
6636.31816 10.51756 0.33904 0.34048 44.42370
6635.31766 10.28561 0.33132 0.33298 43.61797
6634.55996 10.04184 0.32305 0.32508 42.71953
6634.31716 9.96038 0.32032 0.32245 42.41794
6633.31666 9.71309 0.31148 0.31444 41.53646
6632.31616 9.52786 0.30474 0.30845 40.91510
6631.31566 9.40283 0.30006 0.30440 40.53209
6630.31516 9.32830 0.29717 0.30199 40.36427
6629.31466 9.27535 0.29493 0.30027 40.27545
6628.31416 9.18630 0.29140 0.29739 40.01990
6627.36510 9.03766 0.28555 0.29258 39.46677
6627.31366 9.02752 0.28513 0.29225 39.42756
6626.31316 8.75168 0.27553 0.28332 38.28512
6625.31266 8.39644 0.26407 0.27182 36.78134
6624.48197 8.03347 0.25250 0.26007 35.21209
6624.31216 7.95130 0.24956 0.25741 34.85394
6623.31166 7.40155 0.23098 0.23961 32.45132
6622.73802 7.02929 0.21867 0.22756 30.80244
6622.31116 6.71087 0.20759 0.21725 29.39572
6621.42407 6.02510 0.18449 0.19505 26.36273
6621.31066 5.91879 0.18084 0.19161 25.88741
6620.42416 5.02092 0.14935 0.16254 21.88105
0.00000 0.00000 0.00000 0.00000 0.00000
