6897.18310 246.66828 8.14344 7.98539 752.07167
6896.45031 245.89248 8.11789 7.96028 751.34342
6896.22229 245.65956 8.11021 7.95274 751.04739
6895.46473 244.86101 8.08398 7.92689 750.25651
6895.35840 244.74129 8.08007 7.92301 750.20786
6894.69427 244.08984 8.05834 7.90192 749.15616
6894.51296 243.90229 8.05206 7.89585 748.96780
6893.87058 243.29596 8.03334 7.87622 747.29967
6893.34761 242.80656 8.01902 7.86038 745.67132
6892.41835 241.83712 7.98708 7.82899 744.68599
6892.25423 241.64985 7.98100 7.82293 744.84334
6891.56796 240.95682 7.95833 7.80049 744.62246
6891.05837 240.41566 7.94050 7.78298 744.09087
6890.50259 239.79528 7.92014 7.76289 743.75677
6890.24672 239.54565 7.91189 7.75481 743.32798
6889.55962 238.81709 7.88781 7.73123 742.65248
6889.26833 238.50459 7.87754 7.72111 742.38811
6888.72767 237.96039 7.85960 7.70349 741.59342
6888.30935 237.52589 7.84528 7.68943 741.09732
6887.83440 237.04878 7.82956 7.67398 740.38445
6887.37227 236.59498 7.81454 7.65929 739.59601
6886.78378 235.99700 7.79472 7.63993 738.77960
6886.31276 235.52696 7.77926 7.62471 738.03081
6885.68502 234.87772 7.75766 7.60370 737.34018
6885.51376 234.68493 7.75127 7.59746 737.27635
6885.15818 234.37440 7.74120 7.58740 736.22375
6884.45060 233.72256 7.72223 7.56630 733.86151
6883.56133 232.81286 7.69251 7.53685 732.47185
6882.92293 232.10752 7.66952 7.51402 732.64195
6882.55032 231.66701 7.65512 7.49976 733.15750
6882.33900 231.45511 7.64813 7.49290 732.96925
6881.84709 230.96952 7.63209 7.47718 732.07371
6881.33888 230.44518 7.61473 7.46020 731.39330
6880.97574 230.08753 7.60290 7.44862 730.81067
6880.36072 229.49181 7.58320 7.42934 729.65288
6879.75483 228.86184 7.56244 7.40894 728.92741
6879.22473 228.31443 7.54437 7.39122 728.24949
6878.69421 227.75457 7.52586 7.37310 727.69014
6878.23678 227.25872 7.50960 7.35705 727.31884
6877.98535 227.01533 7.50158 7.34917 726.83649
6877.30220 226.33398 7.47868 7.32711 725.83845
6876.84448 225.85272 7.46325 7.31153 725.20831
6876.39124 225.38637 7.44976 7.29643 724.02362
6876.19435 225.20344 7.44443 7.29051 723.36451
6875.59237 224.64335 7.42628 7.27238 721.90455
6874.77319 223.85171 7.39987 7.24675 720.42829
6873.97192 222.97076 7.37104 7.21823 720.94253
6873.85113 222.81840 7.36607 7.21330 721.08709
6873.36166 222.34068 7.35029 7.19783 720.16640
6872.90913 221.87635 7.33492 7.18280 719.51633
6872.30189 221.25461 7.31439 7.16268 718.72060
6871.93712 220.88578 7.30213 7.15074 718.17258
6871.31163 220.24276 7.28094 7.12992 717.33185
6871.02543 219.95892 7.27154 7.12073 716.85992
6870.35199 219.28378 7.24919 7.09887 715.80690
6870.04427 218.97326 7.23896 7.08882 715.34667
6869.34242 218.27962 7.21595 7.06637 714.15363
6868.89442 217.81389 7.20062 7.05129 713.59513
6868.33753 217.23587 7.18133 7.03258 712.95396
6868.14710 217.05903 7.17532 7.02685 712.57988
6867.49609 216.42408 7.15554 7.00630 710.97287
6867.10876 216.05785 7.14502 6.99444 709.66316
6866.28546 215.24758 7.11868 6.96821 708.06168
6865.69165 214.60513 7.09744 6.94741 707.53278
6865.08869 213.94408 7.07589 6.92601 707.91531
6864.95826 213.80735 7.07141 6.92159 707.95955
6864.34417 213.17489 7.05050 6.90111 707.37638
6864.29140 213.13093 7.04903 6.89969 707.19154
6863.45151 212.33764 7.02266 6.87401 705.36022
6862.97145 211.84092 7.00623 6.85793 704.75832
6862.30727 211.17018 6.98401 6.83621 703.75928
6861.92119 210.77266 6.97087 6.82334 703.24789
6861.27754 210.09758 6.94862 6.80149 702.52731
6861.14806 209.97785 6.94463 6.79761 702.22686
6860.37406 209.21249 6.91938 6.77284 700.88198
6860.08549 208.91905 6.90959 6.76334 700.47711
6859.37473 208.21512 6.88618 6.74055 699.29912
6859.07672 207.91386 6.87727 6.73080 698.50600
6858.52830 207.36657 6.86128 6.71308 696.93749
6858.40101 207.26643 6.85806 6.70984 696.43799
6857.52374 206.46248 6.83101 6.68381 694.31770
6856.77723 205.70376 6.80608 6.65925 693.76952
6856.07160 204.94545 6.78121 6.63470 693.88343
6855.88720 204.73488 6.77429 6.62788 693.85138
6855.32959 204.16969 6.75555 6.60959 692.92849
6855.04493 203.88751 6.74620 6.60045 692.46472
6854.35804 203.19725 6.72333 6.57810 691.41431
6854.09484 202.93662 6.71469 6.56967 690.96506
6853.40470 202.25762 6.69216 6.54769 689.76251
6853.04926 201.90431 6.68045 6.53625 689.17482
6852.33425 201.19346 6.65688 6.51324 687.99519
6851.96628 200.81389 6.64431 6.50095 687.53399
6851.33021 200.17099 6.62307 6.48014 686.56687
6850.96666 199.80628 6.61099 6.46833 686.00133
6850.44471 199.26517 6.59276 6.45081 685.47889
6850.47649 199.31212 6.59427 6.45233 685.38038
6849.60156 198.53653 6.57056 6.42722 682.26515
6848.75589 197.68734 6.54380 6.39973 680.52887
6848.08843 196.96975 6.51991 6.37650 679.92609
6847.87692 196.73572 6.51226 6.36893 679.90069
6847.42996 196.28507 6.49745 6.35434 679.92757
6847.18111 196.05740 6.48992 6.34697 679.69574
6846.42179 195.33282 6.46585 6.32351 678.22707
6845.95939 194.86035 6.45022 6.30821 677.56850
6845.36145 194.27502 6.43076 6.28927 676.54301
6844.86033 193.76203 6.41380 6.27266 675.84940
6844.42485 193.31287 6.39896 6.25812 675.30621
6844.11611 193.03374 6.38962 6.24908 674.52370
6843.40368 192.34475 6.36665 6.22678 673.15651
6842.95475 191.89131 6.35165 6.21210 672.49444
6842.40254 191.35782 6.33396 6.19483 671.41790
6841.84994 190.80061 6.31518 6.17679 670.72820
6841.53231 190.47325 6.30468 6.16619 670.19796
6841.14928 190.13791 6.29491 6.15533 668.61638
6840.49847 189.52559 6.27637 6.13551 666.59752
6839.84016 188.88401 6.25477 6.11474 665.38989
6839.19718 188.23945 6.23345 6.09388 664.71591
6838.67702 187.67465 6.21497 6.07559 665.22133
6838.39786 187.40052 6.20590 6.06672 664.92287
6837.86111 186.87458 6.18843 6.04969 663.85974
6837.47653 186.49268 6.17576 6.03733 663.21961
6836.94393 185.98940 6.15900 6.02103 662.12628
6836.42809 185.49413 6.14247 6.00500 661.10234
6835.77644 184.84821 6.12105 5.98409 660.03625
6835.37199 184.44912 6.10787 5.97117 659.35983
6834.77496 183.85284 6.08798 5.95187 658.43734
6834.52363 183.60945 6.07993 5.94399 657.95630
6833.83957 182.96406 6.05848 5.92310 656.46974
6833.44473 182.57846 6.04550 5.91061 655.81545
6832.74864 181.90267 6.02339 5.88874 654.40137
6832.74317 181.88640 6.02294 5.88821 654.48525
6832.02499 181.26285 6.00466 5.86802 651.48288
6831.47198 180.76256 5.98828 5.85183 649.96869
6830.49691 179.80348 5.95622 5.82078 648.23904
6830.24932 179.54426 5.94768 5.81239 648.05857
6829.47360 178.75230 5.92160 5.78675 648.23213
6829.41009 178.69614 5.91973 5.78493 648.13321
6828.54329 177.83964 5.89131 5.75720 646.67655
6828.39128 177.69375 5.88643 5.75248 646.37664
6827.49493 176.80438 5.85692 5.72369 645.00417
6827.66311 176.95965 5.86213 5.72871 645.39227
6826.72245 176.10768 5.83368 5.70113 643.00506
6826.43412 175.83558 5.82459 5.69233 642.39492
6825.43313 174.85906 5.79213 5.66071 640.62797
6825.40926 174.83570 5.79135 5.65996 640.58847
6824.41213 173.85705 5.75886 5.62827 638.86045
6824.56629 174.00427 5.76371 5.63304 639.17674
6823.62986 173.13078 5.73427 5.60476 637.20229
6823.92072 173.38863 5.74307 5.61311 637.94672
6822.90823 172.54939 5.71586 5.58594 634.19624
6821.85729 171.54835 5.68491 5.55353 631.10062
6821.02761 170.63584 5.65476 5.52399 632.04706
6821.23453 170.84265 5.66154 5.53069 632.03125
6820.50516 170.14968 5.63862 5.50826 631.11844
6820.28608 169.93692 5.63154 5.50137 630.66395
6819.57807 169.27116 5.60928 5.47982 629.11393
6819.27813 168.99325 5.60002 5.47082 628.45127
6818.53060 168.29558 5.57676 5.44823 626.79690
6818.08091 167.85754 5.56215 5.43405 626.00758
6817.50459 167.30364 5.54365 5.41612 624.92117
6817.13125 166.95017 5.53192 5.40468 624.16744
6816.63588 166.48643 5.51646 5.38967 623.08614
6816.12272 166.02170 5.50085 5.37462 621.82478
6815.55675 165.49310 5.48329 5.35751 620.55674
6814.94026 164.90935 5.46373 5.33861 619.34635
6814.67639 164.65457 5.45506 5.33036 618.92695
6814.07661 164.12451 5.43814 5.31320 616.95382
6813.70294 163.78916 5.42830 5.30235 615.46438
6812.85955 163.02411 5.40405 5.27758 612.79711
6812.39986 162.58785 5.38925 5.26346 612.19112
6811.54346 161.73913 5.36124 5.23598 612.11153
6811.32138 161.51655 5.35383 5.22878 611.81919
6810.54043 160.73137 5.32778 5.20336 610.64407
6810.71442 160.89624 5.33327 5.20869 610.98908
6809.81748 160.09598 5.30646 5.18279 608.63261
6809.68770 159.97938 5.30255 5.17901 608.29835
6808.67736 159.06170 5.27183 5.14930 605.83452
6808.43229 158.83141 5.26417 5.14185 605.32287
6807.47555 157.90892 5.23343 5.11199 603.58445
6807.47582 157.91076 5.23348 5.11205 603.56644
6806.57343 157.06093 5.20509 5.08453 601.71536
6806.67221 157.15090 5.20810 5.08745 601.95134
6805.86878 156.45200 5.18472 5.06482 599.60865
6805.65587 156.27196 5.17872 5.05899 598.90476
6804.83570 155.58216 5.15526 5.03666 596.35851
6804.10981 154.91844 5.13379 5.01517 594.28517
6803.62157 154.45475 5.12037 5.00016 593.23021
6803.03100 153.92248 5.10339 4.98293 592.24062
6802.29013 153.20127 5.07912 4.95958 591.00019
6801.83854 152.72585 5.06345 4.94419 590.67000
6801.60935 152.52393 5.05668 4.93766 590.05038
6800.90404 151.86638 5.03469 4.91637 588.53765
6800.60015 151.56922 5.02479 4.90675 588.05388
6799.95413 150.98467 5.00520 4.88783 586.48439
6799.72188 150.76772 4.99794 4.88080 585.97394
6798.95836 150.09046 4.97521 4.85888 583.92986
6798.61352 149.78608 4.96499 4.84902 582.99675
6797.64326 148.87757 4.93463 4.81961 580.96644
6797.97254 149.16279 4.94421 4.82885 581.95306
6796.99831 148.35647 4.91699 4.80274 578.64210
6796.65517 148.05795 4.90700 4.79308 577.63947
6795.74204 147.24596 4.87967 4.76679 575.27803
6795.51694 147.04196 4.87263 4.76019 574.78623
6794.74548 146.35644 4.85068 4.73800 572.32173
6794.41147 146.05622 4.84210 4.72828 571.45655
6793.83367 145.54652 4.82631 4.71178 570.41377
6793.12192 144.92889 4.80538 4.69178 568.25544
6792.34435 144.16989 4.77996 4.66721 566.99647
6792.01687 143.83473 4.76884 4.65636 566.66760
6791.66565 143.53019 4.75861 4.64650 565.63009
6790.98599 142.89768 4.73745 4.62603 564.19009
6790.72782 142.65910 4.72947 4.61830 563.61283
6790.00506 142.02131 4.70807 4.59766 561.63720
6789.79507 141.82625 4.70154 4.59134 561.18457
6788.96359 141.10572 4.67733 4.56802 558.76286
6788.91162 141.05842 4.67575 4.56648 558.63840
6787.92117 140.21798 4.64733 4.53928 555.50896
6787.95476 140.24437 4.64822 4.54013 555.64215
6786.95593 139.41667 4.62030 4.51334 552.21907
6786.59213 139.09575 4.60950 4.50295 551.13646
6785.87297 138.47689 4.58886 4.48291 549.77810
6785.36102 138.03516 4.57396 4.46861 549.05025
6784.70870 137.44809 4.55423 4.44961 547.30258
6784.13077 136.92889 4.53876 4.43280 545.03156
6783.63338 136.46778 4.52472 4.41787 543.38038
6783.04145 135.92907 4.50643 4.40043 542.01701
6782.67822 135.59798 4.49528 4.38971 541.17595
6781.97747 134.96444 4.47408 4.36920 539.43849
6781.86542 134.86349 4.47068 4.36594 539.15732
6780.99625 134.12167 4.44567 4.34192 536.43119
6780.76997 133.92354 4.43902 4.33551 535.78527
6779.78158 133.04935 4.40956 4.30721 533.09121
6780.49047 133.61743 4.42886 4.32560 535.78049
6779.29019 132.74320 4.39894 4.29730 530.11496
6778.37959 131.96110 4.37251 4.27198 527.31674
6777.75692 131.40471 4.35387 4.25396 525.66318
6777.23764 130.94819 4.33847 4.23919 524.18162
6776.80245 130.54500 4.32498 4.22613 523.73930
6776.37723 130.19168 4.31319 4.21470 523.06940
6775.96015 129.84667 4.30158 4.20353 521.82367
6775.12020 129.13598 4.27713 4.18052 519.11620
6774.92128 128.96660 4.27158 4.17504 518.43274
6773.93042 128.12657 4.24620 4.14784 513.96581
6773.70234 127.92670 4.23950 4.14137 513.26815
6772.71553 127.03929 4.20985 4.11264 510.62640
6772.58297 126.92342 4.20591 4.10889 510.25501
6771.64476 126.07324 4.17721 4.08137 507.87971
6771.66609 126.07981 4.17746 4.08158 508.09793
6771.06629 125.57839 4.16042 4.06535 506.09362
6770.78671 125.36365 4.15309 4.05840 504.89377
6770.20855 124.90949 4.13764 4.04369 502.47835
6769.40978 124.28066 4.11621 4.02334 499.23353
6768.98254 123.92296 4.10403 4.01176 497.64764
6768.08299 123.17617 4.07879 3.98758 495.48383
6767.94525 123.06176 4.07493 3.98388 495.25056
6766.94347 122.21677 4.04627 3.95652 492.08208
6766.93844 122.21227 4.04611 3.95638 492.06832
6766.04755 121.48395 4.02124 3.93280 488.80521
6765.67157 121.17385 4.01066 3.92276 487.37161
6764.93826 120.56473 3.99001 3.90304 484.68771
6764.35951 120.06738 3.97276 3.88694 482.96709
6764.07027 119.81865 3.96434 3.87889 482.01436
6763.32743 119.23057 3.94628 3.85985 478.02450
6762.81640 118.79362 3.93285 3.84571 475.75160
6761.90668 118.00114 3.90565 3.82005 472.97458
6762.35430 118.35934 3.91807 3.83165 474.74783
6761.30417 117.57556 3.89096 3.80627 469.78639
6760.61530 117.00382 3.87136 3.78776 467.29398
6759.87651 116.35990 3.84941 3.76692 464.78138
6759.71742 116.22934 3.84495 3.76269 464.12426
6759.09894 115.73678 3.82813 3.74675 462.18305
6758.42272 115.18321 3.80924 3.72883 460.64394
6758.12343 114.93723 3.80073 3.72086 459.45000
6757.23943 114.23428 3.77652 3.69811 455.60114
6757.11467 114.12548 3.77281 3.69458 455.20614
6756.13294 113.34438 3.74583 3.66930 450.98854
6755.95077 113.19362 3.74063 3.66442 450.29513
6755.10879 112.51068 3.71709 3.64231 446.85531
6754.83557 112.29495 3.70965 3.63532 445.62667
6754.11793 111.73144 3.68988 3.61708 442.53183
6753.37354 111.11941 3.66913 3.59727 439.39593
6753.57513 111.24585 3.67328 3.60136 440.82435
6752.84641 110.77102 3.65834 3.58599 435.65117
6751.65745 109.84655 3.62774 3.55606 429.62868
6750.66343 108.94684 3.59664 3.52694 426.87917
6750.92408 109.16446 3.60411 3.53398 427.57053
6750.08606 108.49137 3.58093 3.51219 425.32831
6749.70498 108.17765 3.57002 3.50203 423.81488
6749.19664 107.76659 3.55563 3.48873 421.47618
6748.56410 107.28226 3.53868 3.47305 418.43837
6748.28182 107.04837 3.53058 3.46548 417.26824
6747.41618 106.39957 3.50772 3.44447 412.85011
6747.05742 106.11797 3.49785 3.43536 411.18104
6746.05758 105.30154 3.46920 3.40893 406.76246
6746.12609 105.35230 3.47100 3.41057 407.12119
6745.40445 104.80787 3.45193 3.39295 403.46615
6744.85149 104.40440 3.43769 3.37988 400.48974
6744.27647 103.96171 3.42199 3.36555 397.65404
6743.41911 103.30308 3.39872 3.34423 393.33755
6743.41453 103.29143 3.39833 3.34385 393.39902
6742.39303 102.54405 3.37118 3.31966 388.19900
6742.07071 102.28604 3.36220 3.31131 386.54700
6741.22431 101.63733 3.34164 3.29031 382.26479
6740.37843 100.94977 3.31945 3.26805 378.38577
6739.82194 100.44069 3.30139 3.25157 376.26227
6739.46795 100.15302 3.29125 3.24225 374.57084
6739.50329 100.17071 3.29190 3.24283 374.84019
6738.65130 99.57711 3.27088 3.22361 369.92120
6738.17126 99.22039 3.25844 3.21206 367.33974
6737.19434 98.44753 3.23124 3.18704 362.50607
6737.16656 98.42529 3.23047 3.18632 362.36899
6736.55449 97.98023 3.21495 3.17191 358.98649
6735.88037 97.50686 3.19831 3.15659 355.07349
6735.44677 97.18709 3.18715 3.14624 352.74100
6734.45014 96.45631 3.16195 3.12258 347.33643
6734.50217 96.49247 3.16318 3.12375 347.63086
6733.41126 95.70993 3.13657 3.09842 341.56408
6732.89367 95.29906 3.12245 3.08512 339.53890
6732.47841 94.99237 3.11204 3.07519 337.79914
6731.66383 94.40597 3.09231 3.05620 333.52677
6731.49635 94.26742 3.08763 3.05172 332.73211
6730.52560 93.58051 3.06552 3.02948 327.56416
6730.17808 93.31416 3.05793 3.02086 325.60593
6729.36199 92.69937 3.04070 3.00096 321.21406
6728.73472 92.22787 3.02611 2.98569 318.11575
6728.02276 91.65071 3.00800 2.96701 314.88654
6727.40037 91.13566 2.99220 2.95033 312.08922
6727.99874 91.55240 3.00469 2.96383 315.04858
6727.06343 90.99434 2.98853 2.94576 310.17282
6725.93059 90.18791 2.96510 2.91965 305.01023
6725.00820 89.44413 2.94362 2.89557 301.10869
6724.66344 89.14561 2.93490 2.88591 299.66680
6724.30042 88.87526 2.92722 2.87716 298.11590
6723.59636 88.33472 2.91162 2.85966 295.50838
6723.28114 88.11052 2.90527 2.85240 294.44437
6722.14616 87.22198 2.88074 2.82364 290.06153
6721.91038 87.02085 2.87498 2.81713 289.17764
6720.98354 86.25887 2.85305 2.79246 285.82530
6719.89376 85.26943 2.82481 2.76043 282.00964
6718.90160 84.17925 2.79462 2.72513 278.59784
6718.07385 83.15777 2.76709 2.69207 275.86558
6717.25825 81.98384 2.71678 2.65406 273.25122
6717.01715 81.62164 2.71881 2.64234 272.52940
6716.61289 81.00510 2.73301 2.62238 271.42770
6716.31980 80.60996 2.71419 2.60959 270.54780
6716.33265 80.61614 2.71483 2.60979 270.59527
6715.74718 79.91793 2.59066 2.58718 268.83546
6715.76399 79.94867 2.59710 2.58818 268.87316
6714.86807 78.93219 2.47128 2.55527 266.67649
6716.32201 80.27944 2.65944 2.59889 270.93276
6715.48909 79.64867 2.53888 2.57847 268.08878
6715.34572 79.56785 2.52512 2.57585 267.65903
6714.86278 79.22736 2.48327 2.56483 266.32820
6714.07434 78.73101 2.47584 2.54876 263.83836
6714.06918 78.72362 2.47571 2.54852 263.82395
6712.98995 78.05492 2.45916 2.52687 260.52197
6712.22296 77.54262 2.44479 2.51029 258.24831
6711.89746 77.31133 2.44116 2.50280 257.32446
6711.01793 76.75874 2.43210 2.48491 254.87928
6710.50333 76.41164 2.42333 2.47367 253.46579
6709.67994 75.81860 2.41272 2.45448 251.27036
6709.35222 75.61755 2.41001 2.44797 250.42862
6708.36932 74.93319 2.39828 2.42581 247.95412
6707.33234 74.12328 2.38283 2.39959 245.23202
6707.27374 74.07091 2.38176 2.39790 245.07232
6706.28941 73.32532 2.36470 2.37376 242.66738
6705.90177 73.01705 2.35839 2.36378 241.71234
6705.05336 72.32276 2.34397 2.34130 239.46134
6704.63661 71.98986 2.33659 2.33053 238.36839
6703.88234 71.35798 2.32264 2.31007 236.38108
6703.26613 70.82713 2.31099 2.29289 234.72350
6702.83553 70.45308 2.30192 2.28078 233.56114
6701.98153 69.72055 2.28494 2.25706 231.29084
6701.49215 69.25144 2.27334 2.24188 229.90242
6700.72284 68.53841 2.25582 2.21879 227.78448
6700.63695 68.44449 2.25344 2.21575 227.52053
6699.82672 67.72756 2.23530 2.19254 225.31071
6699.35016 67.28580 2.22397 2.17824 223.99131
6698.38148 66.32644 2.19929 2.14719 221.23429
6697.94927 65.87156 2.18837 2.13246 220.03312
6697.01168 64.83369 2.15809 2.09886 217.35833
6696.46027 64.14912 2.13767 2.07670 215.65484
6695.95172 63.49748 2.11784 2.05560 214.02430
6695.72453 63.22831 2.10956 2.04689 213.34729
6695.20255 62.61869 2.09093 2.02715 211.82189
6694.66016 61.94607 2.07008 2.00538 210.21290
6694.75702 62.05628 2.07351 2.00895 210.48782
6694.21797 61.49259 2.05604 1.99070 208.95992
6694.11800 61.40632 2.05339 1.98791 208.68743
6693.43320 60.73578 2.03249 1.96620 206.81112
6693.53123 60.82249 2.03520 1.96901 207.07423
6692.92863 60.32468 2.01964 1.95289 205.46880
6692.46031 59.92590 2.00710 1.93998 204.20618
6692.19648 59.71484 2.00047 1.93315 203.51323
6691.31384 59.03542 1.97911 1.91115 201.25252
6690.75701 58.55474 1.96347 1.89559 199.74494
6689.84879 57.76577 1.93957 1.87005 197.35617
6689.66694 57.60809 1.93519 1.86495 196.88832
6688.65118 56.69241 1.90674 1.83530 194.19728
6688.36853 56.43156 1.89803 1.82686 193.46749
6687.40159 55.50304 1.86765 1.79680 190.96816
6686.96185 55.05807 1.85290 1.78239 189.71242
6686.06412 54.09975 1.82115 1.75137 187.13975
6686.13195 54.17400 1.82362 1.75377 187.33471
6685.18472 53.19900 1.79117 1.72221 184.65225
6685.51712 53.52484 1.80202 1.73276 185.57461
6684.57360 52.64958 1.77285 1.70442 182.99624
6685.64517 53.48628 1.80067 1.73151 185.78278
6684.95581 53.04226 1.78597 1.71714 184.08290
6684.39838 52.69025 1.77429 1.70574 182.72148
6684.66373 52.83715 1.77915 1.71050 183.34768
6683.80500 52.39951 1.76463 1.69633 181.41451
6683.22176 52.10396 1.75481 1.68676 180.15542
6682.31380 51.62611 1.73898 1.67129 178.24253
6680.98020 50.81072 1.71158 1.64490 175.36823
6680.31834 50.35405 1.69621 1.63011 173.85592
6679.47079 49.76095 1.67631 1.61091 172.00781
6678.39757 48.94475 1.64848 1.58449 169.44093
6677.74842 48.37485 1.63166 1.56604 167.86500
6676.84931 47.59607 1.60654 1.54083 165.59672
6676.04687 46.79514 1.57905 1.51490 163.23812
6675.38496 46.08511 1.55493 1.49191 161.19561
6675.49112 46.19732 1.55875 1.49555 161.51915
6674.84444 45.59194 1.53809 1.47595 159.71909
6675.83015 46.35621 1.56419 1.50069 162.12051
6675.05824 45.86183 1.54730 1.48469 160.47134
6674.73774 45.68076 1.54110 1.47882 159.84254
6673.74119 45.04331 1.51928 1.45819 157.73866
6672.80638 44.38722 1.49672 1.43695 155.66307
6673.09178 44.58115 1.50338 1.44323 156.27367
6671.95543 43.87617 1.47919 1.42040 153.98299
6671.70477 43.69364 1.47290 1.41449 153.40961
6671.56163 43.62664 1.47059 1.41233 153.18582
6670.49601 43.04914 1.45073 1.39363 151.35493
6669.70368 42.57716 1.43448 1.37835 149.84656
6668.94093 42.08131 1.41736 1.36230 148.31861
6668.18891 41.60583 1.40100 1.34691 146.83878
6668.04342 41.51792 1.39798 1.34406 146.56844
6667.03090 40.88339 1.37580 1.32352 144.61137
6667.04481 40.87674 1.37558 1.32330 144.58950
6666.89763 40.81247 1.37328 1.32122 144.39183
6665.68272 40.21126 1.35334 1.30176 142.67038
6664.54251 39.53324 1.33275 1.27981 140.92114
6663.88806 39.10067 1.31784 1.26581 139.63353
6663.05057 38.56382 1.29902 1.24843 138.01293
6663.50248 38.83314 1.30839 1.25715 138.80608
6662.43528 38.24598 1.28807 1.23814 137.12155
6661.87799 37.91917 1.27680 1.22756 136.14144
6662.03762 38.01766 1.28020 1.23075 136.43871
6660.59685 37.31090 1.25561 1.20787 134.48497
6659.13164 36.41331 1.22451 1.17881 131.88791
6658.34617 35.84054 1.20464 1.16027 130.13906
6657.36334 35.10707 1.17929 1.13652 127.88340
6657.14028 34.93097 1.17318 1.13082 127.33419
6656.36904 34.32125 1.15203 1.11108 125.41088
6657.46259 35.00664 1.17590 1.13327 127.44117
6657.09914 34.84040 1.17007 1.12789 127.00698
6656.19018 34.41938 1.15533 1.11426 125.89900
6656.53068 34.53903 1.15953 1.11813 126.16188
6656.62560 34.59249 1.16140 1.11986 126.31513
6655.21700 34.18195 1.14688 1.10657 125.60374
6653.57455 33.57832 1.12569 1.08703 124.33383
6652.24797 32.95152 1.10377 1.06674 122.72893
6651.41881 32.49564 1.08794 1.05198 121.47653
6650.35629 31.89009 1.06687 1.03238 119.77300
6649.26297 31.19547 1.04274 1.00989 117.69787
6648.50311 30.61781 1.02524 0.99119 116.11429
6648.69932 30.73642 1.02877 0.99503 116.39556
6649.27104 31.04762 1.03827 1.00510 117.10244
6648.21581 30.58683 1.02433 0.99019 116.26436
6647.42173 30.21396 1.01219 0.97812 115.45696
6648.10668 30.49017 1.02137 0.98706 115.97943
6646.80022 30.04315 1.00612 0.97259 115.28003
6645.33492 29.43833 0.98454 0.95301 113.89642
6643.82972 28.67746 0.95813 0.92838 111.75797
6642.85574 28.04576 0.93614 0.90793 109.76787
6642.02833 27.51063 0.91755 0.89060 108.06047
6642.83146 27.96949 0.93353 0.90546 109.43127
6641.76825 27.43760 0.91496 0.88824 107.97465
6640.96176 27.01280 0.90013 0.87449 106.76583
6642.43202 27.60614 0.92096 0.89369 108.11467
6641.31965 27.27413 0.90920 0.88295 107.64884
6639.74052 26.73996 0.89036 0.86565 106.70685
6638.27778 26.09362 0.86772 0.84473 105.07254
6637.71996 25.80357 0.85761 0.83534 104.22707
6636.82898 25.34782 0.84172 0.82058 102.89486
6636.31541 25.09573 0.83291 0.81242 102.17846
6636.43820 25.15274 0.83491 0.81427 102.33673
6635.42251 24.73093 0.82014 0.80061 101.17178
6634.37938 24.28140 0.80441 0.78606 99.97752
6635.43690 24.65914 0.81769 0.79829 100.79879
6634.40878 24.36425 0.80725 0.78874 100.36984
6633.10166 23.94400 0.79250 0.77514 99.60731
6631.86650 23.50284 0.77701 0.76086 98.63352
6631.71690 23.43809 0.77470 0.75876 98.44611
6630.95068 23.16366 0.76483 0.74988 97.78267
6629.74591 22.73153 0.74984 0.73589 96.79581
6628.51783 22.22537 0.73433 0.71950 95.70278
6627.62689 21.78823 0.72068 0.70535 94.51174
6626.61685 21.25054 0.70185 0.68794 92.55305
6626.14215 20.99423 0.69287 0.67965 91.55966
6626.37343 21.11329 0.69703 0.68350 92.00239
6625.20781 20.61036 0.67953 0.66722 90.39924
6624.18090 20.12708 0.66279 0.65157 88.75313
6626.13126 20.79008 0.68590 0.67304 90.46690
6625.32753 20.61090 0.67958 0.66724 90.28481
6624.27095 20.41499 0.67264 0.66089 90.26170
6622.68474 20.04120 0.65952 0.64879 89.74152
6621.36892 19.63779 0.64546 0.63573 88.73799
6621.56211 19.69486 0.64745 0.63758 88.87482
6621.06151 19.55363 0.64253 0.63301 88.55501
6620.59485 19.46338 0.63938 0.63009 88.49523
6620.15854 19.39488 0.63699 0.62787 88.53887
6619.60709 19.35493 0.63554 0.62658 88.86894
6618.62676 19.29710 0.63343 0.62470 89.57257
6617.33030 19.19469 0.62983 0.62139 90.26932
6615.83837 19.01495 0.62359 0.61557 90.90179
6614.45255 18.72600 0.61366 0.60622 90.71708
6613.29522 18.40314 0.60259 0.59576 90.01986
6611.74506 17.86902 0.58428 0.57847 88.37898
6610.34278 17.28550 0.56427 0.55958 86.16516
6609.42764 16.83797 0.54890 0.54510 84.25509
6608.27687 16.20909 0.52733 0.52474 81.21405
6607.05547 15.45361 0.50127 0.50028 77.55642
6606.28740 14.91210 0.48262 0.48275 74.79819
6605.21820 14.10539 0.45470 0.45663 70.63110
6604.12190 13.15685 0.42346 0.42593 65.90482
6603.17536 12.20018 0.39248 0.39496 61.13179
6602.93546 11.95158 0.38369 0.38691 59.76678
0.00000 0.00000 0.00000 0.00000 0.00000
