6523.24115 10.04184 0.25184 0.32508 122.13168
6523.26163 10.04460 0.25195 0.32517 122.14501
6524.26213 10.17588 0.25742 0.32942 122.72359
6525.26263 10.31189 0.26322 0.33383 123.33736
6526.26313 10.43752 0.26884 0.33789 123.77562
6527.26363 10.54918 0.27395 0.34151 123.99736
6528.26413 10.66281 0.27912 0.34519 124.21662
6529.26463 10.79185 0.28474 0.34936 124.60877
6530.26513 10.90002 0.28954 0.35287 124.82478
6531.26563 11.04458 0.29559 0.35755 125.33108
6531.27499 11.04603 0.29565 0.35759 125.33705
6532.26613 11.20506 0.30209 0.36274 126.02735
6533.26663 11.37046 0.30878 0.36810 126.73581
6534.26713 11.51081 0.31469 0.37264 127.08256
6535.26763 11.65191 0.32074 0.37721 127.41380
6536.26813 11.78971 0.32682 0.38167 127.65925
6537.26863 11.95102 0.33380 0.38689 128.18858
6537.84936 12.05021 0.33803 0.39010 128.60184
6538.26913 12.12245 0.34110 0.39244 128.98849
6539.26963 12.28689 0.34809 0.39776 129.56877
6540.27014 12.43792 0.35434 0.40265 129.84229
6541.27064 12.59001 0.36075 0.40758 130.10331
6542.27114 12.75675 0.36720 0.41297 130.37972
6543.27164 12.95445 0.37430 0.41937 130.84558
6543.75579 13.05439 0.37776 0.42261 131.04232
6544.27214 13.16094 0.38166 0.42606 131.29569
6545.27264 13.35194 0.38895 0.43224 131.63628
6546.27314 13.53005 0.39580 0.43801 131.81850
6547.27364 13.69283 0.40239 0.44328 132.01888
6548.27414 13.85350 0.40901 0.44848 132.24688
6549.27464 14.04512 0.41690 0.45468 132.76105
6549.32350 14.05858 0.41742 0.45512 132.83338
6550.27514 14.30502 0.42709 0.46310 134.05928
6551.27564 14.49190 0.43472 0.46915 134.40605
6552.27614 14.68897 0.44279 0.47553 134.81498
6553.27664 14.87708 0.45057 0.48162 135.06768
6554.07412 15.06276 0.45795 0.48763 135.66836
6554.27714 15.11220 0.45988 0.48923 135.84851
6555.27764 15.32662 0.46834 0.49617 136.34055
6556.27814 15.51055 0.47551 0.50212 136.68431
6557.27864 15.70876 0.48344 0.50854 136.92440
6558.27914 15.91601 0.49183 0.51525 137.23965
6558.85936 16.06695 0.49781 0.52014 137.75719
6559.27964 16.17756 0.50219 0.52372 138.13862
6560.28014 16.38990 0.51087 0.53059 138.43282
6561.28064 16.58916 0.51891 0.53704 138.54797
6562.28114 16.80963 0.52746 0.54418 138.86529
6563.20122 17.07113 0.53719 0.55264 139.77945
6563.28164 17.09651 0.53813 0.55347 139.88785
6564.28214 17.34054 0.54762 0.56137 140.37053
6565.28264 17.56127 0.55635 0.56851 140.79831
6566.28314 17.77301 0.56491 0.57537 140.87747
6567.28364 18.03208 0.57492 0.58375 141.44175
6567.43128 18.07531 0.57657 0.58515 141.57149
6568.28414 18.32978 0.58603 0.59339 142.38065
6569.28464 18.59530 0.59590 0.60199 142.92238
6570.28514 18.86088 0.60593 0.61058 143.42294
6571.09726 19.07950 0.61438 0.61766 143.83396
6571.28564 19.13200 0.61641 0.61936 143.94263
6572.28614 19.40498 0.62686 0.62820 144.44814
6573.28664 19.64560 0.63588 0.63599 144.59657
6574.28714 19.88522 0.64472 0.64374 144.88657
6575.01486 20.08368 0.65216 0.65017 145.15225
6575.28764 20.16445 0.65512 0.65278 145.32753
6576.28814 20.44980 0.66582 0.66202 145.80405
6577.28864 20.71311 0.67562 0.67055 145.99650
6578.28914 20.98815 0.68591 0.67945 146.27845
6578.56902 21.08787 0.68957 0.68268 146.60131
6579.28964 21.36396 0.69951 0.69162 147.67230
6580.29015 21.67549 0.71087 0.70170 148.31900
6581.29065 21.96118 0.72082 0.71095 148.46574
6581.72431 22.09205 0.72512 0.71519 148.48010
6582.29115 22.28705 0.73109 0.72150 148.66553
6583.29165 22.58626 0.74054 0.73118 148.93679
6584.29215 22.90374 0.75086 0.74146 149.23289
6584.82134 23.09623 0.75750 0.74769 149.74568
6585.29265 23.26286 0.76354 0.75309 150.19439
6586.29315 23.57008 0.77432 0.76303 150.58690
6587.29365 23.86806 0.78516 0.77268 150.80716
6588.03200 24.10042 0.79320 0.78020 151.05184
6588.29415 24.19537 0.79650 0.78328 151.27088
6589.29465 24.54840 0.80861 0.79471 151.99008
6590.29515 24.86756 0.81934 0.80504 152.32737
6590.98455 25.10460 0.82770 0.81271 152.80724
6591.29565 25.21690 0.83178 0.81635 153.15840
6592.29615 25.54617 0.84326 0.82701 153.66175
6593.29665 25.88834 0.85490 0.83808 154.16445
6593.93624 26.10879 0.86228 0.84522 154.48238
6594.29715 26.23334 0.86630 0.84925 154.66248
6595.29765 26.57785 0.87817 0.86040 155.13247
6596.29815 26.90969 0.89002 0.87115 155.45093
6596.83130 27.11297 0.89718 0.87773 155.87558
6597.29865 27.30288 0.90374 0.88388 156.36090
6598.29915 27.64389 0.91537 0.89492 156.70654
6599.29965 27.98156 0.92697 0.90585 157.01451
6599.67770 28.11715 0.93190 0.91024 157.16959
6600.30015 28.36082 0.94055 0.91812 157.80144
6601.30065 28.70341 0.95235 0.92922 158.31720
6602.30115 29.08824 0.96544 0.94167 158.95436
6602.38418 29.12134 0.96657 0.94275 159.01703
6603.30165 29.48239 0.97915 0.95443 159.67633
6604.30215 29.85844 0.99290 0.96661 160.27277
6605.01494 30.12552 1.00230 0.97525 160.66023
6605.30265 30.25361 1.00659 0.97940 160.97104
6606.30315 30.68602 1.01999 0.99340 161.60806
6607.30365 31.10371 1.03305 1.00692 161.90483
6607.36247 31.12971 1.03387 1.00776 161.94168
6608.30415 31.52558 1.04746 1.02058 162.58637
6609.30465 31.86276 1.05914 1.03149 163.00782
6609.97662 32.13389 1.06813 1.04027 163.45826
6610.30515 32.27622 1.07313 1.04488 163.73545
6611.30565 32.69198 1.08889 1.05834 164.41035
6612.30615 33.11097 1.10361 1.07190 165.09610
6612.36780 33.13808 1.10450 1.07278 165.14944
6613.30665 33.53249 1.11759 1.08555 165.79376
6614.30715 33.93347 1.13190 1.09853 166.25447
6614.79421 34.14226 1.13965 1.10529 166.58615
6615.30765 34.37842 1.14808 1.11293 167.07667
6616.30815 34.80932 1.16245 1.12688 167.75182
6617.11088 35.14644 1.17364 1.13780 168.17725
6617.30865 35.24531 1.17721 1.14100 168.40701
6618.30915 35.65273 1.19245 1.15419 169.09389
6619.30965 36.06168 1.20687 1.16742 169.54808
6619.50304 36.15063 1.20990 1.17030 169.70343
6620.31016 36.53565 1.22316 1.18277 170.48265
6621.31066 36.96151 1.23878 1.19656 170.96703
6621.72673 37.15481 1.24569 1.20281 171.30173
6622.31116 37.43015 1.25496 1.21173 171.79286
6623.31166 37.82477 1.26779 1.22450 171.97419
6624.08056 38.15900 1.28010 1.23532 172.34046
6624.31216 38.27944 1.28455 1.23922 172.60542
6625.31266 38.79610 1.30307 1.25595 173.74473
6626.11299 39.16318 1.31539 1.26783 174.30199
6626.31316 39.27453 1.31938 1.27143 174.64694
6627.31366 39.73543 1.33545 1.28636 175.39871
6628.17864 40.16736 1.34851 1.30034 175.69274
6628.31416 40.23249 1.35037 1.30245 175.72934
6629.31466 40.70695 1.36512 1.31781 176.20793
6630.25935 41.17155 1.38239 1.33285 177.01850
6630.31516 41.20357 1.38362 1.33388 177.10140
6631.31566 41.71054 1.40135 1.35030 177.99972
6632.31616 42.15158 1.41639 1.36457 178.32127
6632.36475 42.17573 1.41723 1.36535 178.35982
6633.31666 42.67858 1.43566 1.38163 179.32952
6634.31716 43.17487 1.45245 1.39770 180.06595
6634.32659 43.17992 1.45261 1.39786 180.07571
6635.31766 43.66723 1.46886 1.41364 180.72905
6636.31816 44.10272 1.48518 1.42774 181.28987
6636.46103 44.18410 1.48810 1.43037 181.47681
6637.31866 44.64774 1.50369 1.44538 182.30810
6638.31916 45.13431 1.52037 1.46113 182.89385
6638.42557 45.18828 1.52240 1.46288 182.97180
6639.31966 45.65956 1.53999 1.47814 183.74791
6640.32016 46.16683 1.55645 1.49456 184.42042
6640.36639 46.19247 1.55729 1.49539 184.46955
6641.32066 46.69965 1.57481 1.51181 185.29491
6642.29141 47.19665 1.59297 1.52790 185.95182
6642.32116 47.21359 1.59350 1.52845 185.98460
6643.32166 47.72812 1.61080 1.54510 186.72592
6644.24863 48.20084 1.62725 1.56041 187.34719
6644.32216 48.24727 1.62877 1.56191 187.44796
6645.32266 48.80382 1.64535 1.57993 188.05637
6645.99577 49.20502 1.65760 1.59291 188.74900
6646.32316 49.40559 1.66487 1.59941 189.23432
6647.32366 49.93514 1.68496 1.61655 190.01106
6647.81754 50.20921 1.69429 1.62542 190.45782
6648.32416 50.49607 1.70262 1.63471 190.95035
6649.32466 51.02880 1.72167 1.65196 191.69630
6649.66241 51.21339 1.72854 1.65793 191.97708
6650.32516 51.58119 1.74155 1.66984 192.56940
6651.32566 52.08141 1.75677 1.68603 193.06657
6651.56933 52.21757 1.76148 1.69044 193.28611
6652.32616 52.68448 1.77917 1.70555 194.26708
6653.26465 53.22176 1.79704 1.72295 195.22769
6653.32666 53.25842 1.79811 1.72413 195.32004
6654.32716 53.76583 1.81496 1.74056 196.09792
6655.15548 54.22594 1.83170 1.75546 196.78023
6655.32766 54.32926 1.83492 1.75880 196.98039
6656.32816 54.88767 1.85272 1.77688 197.85195
6656.89111 55.23013 1.86461 1.78796 198.52588
6657.32866 55.50899 1.87536 1.79699 199.13001
6658.32916 56.04590 1.89180 1.81437 199.85255
6658.64373 56.23431 1.89794 1.82047 200.20187
6659.32966 56.67964 1.91430 1.83489 201.21948
6660.30709 57.23849 1.93373 1.85298 202.16327
6660.33017 57.25346 1.93418 1.85347 202.19308
6661.33067 57.90975 1.95093 1.87471 203.19431
6661.89741 58.24268 1.96308 1.88549 203.73718
6662.33117 58.47840 1.97127 1.89312 204.22615
6663.33167 59.03253 1.98865 1.91106 205.15472
6663.69898 59.24686 1.99488 1.91800 205.54757
6664.33217 59.65406 2.00947 1.93118 206.42466
6665.26705 60.25105 2.02875 1.95051 207.71862
6665.33267 60.29402 2.02995 1.95190 207.81480
6666.33317 60.86803 2.04803 1.97048 208.84546
6666.97446 61.25523 2.06231 1.98302 209.63103
6667.33367 61.49552 2.07068 1.99079 210.18957
6668.33417 62.05769 2.08508 2.00899 211.19583
6668.64222 62.25941 2.09219 2.01552 211.65871
6669.33467 62.73242 2.10918 2.03084 212.80254
6670.24127 63.26360 2.12457 2.04803 213.88569
6670.33517 63.32502 2.12612 2.05002 214.02694
6671.33567 63.91111 2.14499 2.06899 215.34448
6671.93934 64.26778 2.15712 2.08054 216.18694
6672.33617 64.51252 2.16282 2.08846 216.71501
6673.33667 65.14225 2.18130 2.10885 218.19404
6673.54088 65.27197 2.18572 2.11305 218.52185
6674.33717 65.80171 2.20220 2.13020 219.82721
6675.07743 66.27615 2.21023 2.14556 220.73188
6675.33767 66.46154 2.21473 2.15156 221.14024
6676.33817 67.14384 2.23547 2.17365 222.88942
6676.53433 67.28033 2.23884 2.17807 223.26194
6677.33867 67.80688 2.25114 2.19511 224.65352
6678.13837 68.28452 2.26350 2.21057 225.89368
6678.33917 68.41668 2.26733 2.21485 226.25347
6679.33967 69.05429 2.28080 2.23549 227.99780
6679.73293 69.28870 2.28635 2.24308 228.65468
6680.34017 69.67113 2.29713 2.25546 229.74602
6681.29407 70.29289 2.31031 2.27559 231.52903
6681.34067 70.32560 2.31099 2.27665 231.62568
6682.34117 70.97333 2.32545 2.29762 233.54802
6682.83553 71.29707 2.33319 2.30810 234.52362
6683.34167 71.62302 2.33882 2.31865 235.53780
6684.34217 72.26207 2.35153 2.33934 237.52854
6684.39697 72.30126 2.35250 2.34061 237.64905
6685.34267 72.94241 2.36492 2.36136 239.69245
6685.91092 73.30544 2.37111 2.37312 240.90828
6686.34317 73.62358 2.37803 2.38342 241.90428
6687.34367 74.24733 2.39088 2.40361 244.07615
6687.44337 74.30962 2.39178 2.40563 244.29809
6688.34417 74.89141 2.40159 2.42446 246.26709
6688.92359 75.31381 2.41057 2.43813 247.58705
6689.34467 75.63195 2.41523 2.44843 248.57192
6690.34517 76.30448 2.42545 2.47020 251.02984
6690.36473 76.31799 2.42568 2.47064 251.07717
6691.34567 76.97705 2.44218 2.49198 253.52202
6691.85602 77.32218 2.44699 2.50315 254.83422
6692.34617 77.66384 2.45131 2.51421 256.16441
6693.34667 78.31702 2.47372 2.53536 258.81336
6693.36014 78.32636 2.47406 2.53566 258.85046
6694.34717 78.96211 2.48306 2.55624 261.62838
6694.94683 79.33054 2.49972 2.56817 263.35669
6695.34767 79.61655 2.53986 2.57743 264.55071
6696.34817 80.30526 2.66982 2.59972 267.65215
6696.39257 80.33473 2.67481 2.60068 267.80195
6697.34867 80.99036 2.72924 2.62190 270.80926
6697.88921 81.33891 2.71596 2.63318 272.43405
6698.34917 81.64388 2.70672 2.64306 274.10703
6699.34967 82.32962 2.71452 2.66526 277.90062
6699.36812 82.34310 2.71498 2.66569 277.97246
6700.35018 83.03879 2.74302 2.68821 281.93066
6700.78722 83.34728 2.75369 2.69820 283.80161
6701.35068 83.82294 2.76352 2.71360 286.24398
6702.02584 84.35146 2.77399 2.73071 289.48285
6702.35118 84.58354 2.78293 2.73822 291.10409
6703.35168 85.27054 2.81412 2.76046 296.20044
6703.47387 85.35565 2.81623 2.76322 296.85472
6704.35218 85.95922 2.82920 2.78276 301.78181
6704.90944 86.35983 2.83992 2.79573 304.96636
6705.35268 86.70252 2.84979 2.80682 307.35872
6706.31284 87.36402 2.86746 2.82824 313.23801
6706.35318 87.39399 2.86828 2.82921 313.41656
6707.35368 88.07371 2.88718 2.85121 318.94928
6707.75027 88.36820 2.89549 2.86074 321.52704
6708.35418 88.80208 2.90756 2.87479 325.46026
6709.21062 89.37238 2.92380 2.89325 331.52745
6709.35468 89.48280 2.92713 2.89683 332.43293
6710.35518 90.22885 2.94985 2.92098 339.02234
6710.55841 90.37657 2.95445 2.92576 340.42476
6711.35568 90.97720 2.97366 2.94520 345.58289
6711.93322 91.38075 2.98650 2.95827 349.70637
6712.35618 91.68541 2.99661 2.96813 352.67364
6713.35668 92.38473 3.02038 2.99077 359.75067
6713.35695 92.38494 3.02038 2.99078 359.75235
6714.35718 93.18435 3.04544 3.01666 366.77489
6714.64918 93.38912 3.05155 3.02329 369.16062
6715.35768 93.89755 3.06871 3.03975 372.91732
6716.02974 94.39331 3.08648 3.05579 376.95818
6716.35818 94.64046 3.09529 3.06380 379.24870
6717.35868 95.35100 3.12042 3.08680 386.17436
6717.41878 95.39749 3.12207 3.08830 386.54192
6718.35918 96.10325 3.14744 3.11115 392.52563
6718.75115 96.40167 3.15808 3.12081 394.94254
6719.35968 96.87690 3.17506 3.13620 398.45990
6720.06997 97.40586 3.19412 3.15332 402.97469
6720.36018 97.64936 3.20282 3.16120 404.37565
6721.35189 98.41004 3.23021 3.18583 410.23649
6721.36068 98.41682 3.23045 3.18605 410.28767
6722.36118 99.16040 3.25720 3.21012 416.32676
6722.69793 99.41423 3.26635 3.21834 418.43066
6723.36168 99.91396 3.28416 3.23451 422.03648
6724.07832 100.41841 3.30227 3.25085 425.20414
6724.36218 100.63906 3.31033 3.25799 426.63652
6725.36268 101.40737 3.33697 3.28286 432.60549
6725.38221 101.42259 3.33744 3.28335 432.74176
6726.36318 102.24817 3.36397 3.31008 438.36119
6726.57098 102.42678 3.37031 3.31586 439.13665
6727.36368 103.04052 3.39243 3.33573 443.09934
6727.86329 103.43096 3.40628 3.34837 445.63927
6728.36418 103.83869 3.42068 3.36157 447.86306
6729.18431 104.43515 3.44197 3.38088 452.70761
6729.36468 104.57685 3.44699 3.38547 453.57768
6730.36518 105.33826 3.47398 3.41012 458.84358
6730.49295 105.43933 3.47754 3.41339 459.44974
6731.36568 106.10458 3.50104 3.43492 463.91819
6731.80949 106.44351 3.51301 3.44590 466.29206
6732.36618 106.89855 3.52888 3.46063 468.57681
6733.17686 107.44770 3.54824 3.47840 472.05126
6733.36668 107.58679 3.55313 3.48291 472.90056
6734.36718 108.36283 3.58031 3.50803 477.88789
6734.48134 108.45188 3.58343 3.51091 478.40980
6735.36768 109.16834 3.60842 3.53411 482.06907
6735.71379 109.45607 3.61837 3.54342 483.38966
6736.36818 109.97087 3.63663 3.56009 486.14183
6737.01107 110.46025 3.65327 3.57593 489.50096
6737.36868 110.79081 3.66328 3.58663 490.95585
6738.12502 111.46444 3.68448 3.60844 494.08366
6738.36918 111.66457 3.69146 3.61492 495.00073
6739.36968 112.45897 3.71926 3.64063 499.06272
6739.38165 112.46862 3.71959 3.64095 499.11049
6740.37019 113.21231 3.74539 3.66502 504.06790
6740.71038 113.47280 3.75449 3.67346 505.70290
6741.37069 114.02130 3.77315 3.69121 506.87054
6741.95483 114.47699 3.78878 3.70596 508.55350
6742.37119 114.81211 3.80039 3.71681 510.33030
6743.20452 115.48117 3.82340 3.73847 513.61080
6743.37169 115.62343 3.82827 3.74308 514.13012
6744.37219 116.44077 3.85628 3.76954 517.83402
6744.42677 116.48536 3.85780 3.77098 518.03405
6745.37269 117.22287 3.88324 3.79486 522.07745
6745.70654 117.48954 3.89235 3.80349 523.39591
6746.37319 118.06631 3.91194 3.82216 525.31718
6746.89206 118.49372 3.92689 3.83600 527.00409
6747.37369 118.94351 3.94172 3.85056 527.97011
6747.97189 119.49791 3.95810 3.86851 530.30143
6748.37419 119.82875 3.96861 3.87922 532.21319
6749.20906 120.50209 3.99177 3.90101 535.14224
6749.37469 120.64910 3.99678 3.90577 535.55094
6750.37519 121.43870 4.02365 3.93133 539.09121
6750.46264 121.50628 4.02593 3.93352 539.24696
6751.37569 122.24449 4.05098 3.95742 541.54930
6751.70053 122.51046 4.06004 3.96603 542.84673
6752.37619 123.07642 4.07927 3.98435 544.95534
6752.88938 123.51464 4.09415 3.99854 546.46685
6753.37669 123.91710 4.10784 4.01157 548.11814
6754.11890 124.51883 4.12834 4.03105 550.79946
6754.37719 124.75203 4.13623 4.03860 551.32949
6755.32547 125.52301 4.16245 4.06356 554.73993
6755.37769 125.56760 4.16395 4.06500 554.89229
6756.37819 126.45278 4.19390 4.09366 557.27611
6756.46607 126.52720 4.19642 4.09606 557.54355
6757.37869 127.26015 4.22123 4.11979 560.95448
6757.69562 127.53138 4.23060 4.12857 561.78190
6758.37919 128.18504 4.25217 4.14973 562.96854
6758.81859 128.53556 4.26251 4.16108 564.83455
6759.37969 128.98699 4.27612 4.17570 566.50426
6760.01813 129.53975 4.29489 4.19359 568.10215
6760.38019 129.85114 4.30553 4.20367 569.12004
6761.17467 130.54393 4.32884 4.22610 571.20729
6761.38069 130.72271 4.33486 4.23189 571.74248
6762.38119 131.54622 4.36276 4.25855 575.08071
6762.38344 131.54812 4.36283 4.25861 575.08761
6763.38169 132.39641 4.39151 4.28607 578.02034
6763.55811 132.55230 4.39678 4.29112 578.44216
6764.38219 133.28936 4.42159 4.31498 580.28914
6764.69473 133.55649 4.43062 4.32362 581.18449
6765.38269 134.13047 4.45000 4.34221 583.38419
6765.89513 134.56067 4.46451 4.35613 584.96116
6766.38319 135.00568 4.47950 4.37054 585.91467
6767.01752 135.56485 4.49826 4.38864 587.49911
6767.38369 135.88963 4.50925 4.39916 588.47234
6768.24284 136.56904 4.53219 4.42115 590.76798
6768.38419 136.69778 4.53611 4.42532 590.88960
6769.32147 137.57322 4.56231 4.45366 593.57772
6769.38469 137.62852 4.56417 4.45545 593.75582
6770.38519 138.48892 4.59355 4.48330 596.37762
6770.48568 138.57741 4.59649 4.48617 596.62535
6771.38569 139.37420 4.62323 4.51196 598.80814
6771.62089 139.58159 4.63020 4.51867 599.38246
6772.38619 140.27770 4.65354 4.54121 600.94461
6772.73395 140.58577 4.66394 4.55118 601.78413
6773.38669 141.14811 4.68282 4.56939 603.59358
6773.91645 141.58996 4.69779 4.58369 605.28520
6774.38719 142.02459 4.71231 4.59776 606.16179
6775.00953 142.59414 4.73140 4.61620 607.37369
6775.38769 142.93762 4.74289 4.62732 608.12921
6776.14459 143.59833 4.76513 4.64871 610.29964
6776.38819 143.80795 4.77215 4.65549 610.67963
6777.38869 144.55375 4.79733 4.67964 613.64593
6777.44226 144.60251 4.79895 4.68122 613.76814
6778.38919 145.46084 4.82805 4.70900 615.79456
6778.55587 145.60669 4.83296 4.71373 616.21429
6779.38969 146.49662 4.85937 4.74254 617.51635
6779.50196 146.61088 4.86283 4.74623 617.74415
6780.39020 147.37029 4.88848 4.77082 620.26311
6780.66703 147.61506 4.89673 4.77874 620.92225
6781.39070 148.26647 4.91847 4.79983 622.59429
6781.77414 148.61925 4.93029 4.81125 623.34166
6782.39120 149.20440 4.94985 4.83019 624.31005
6782.87564 149.62343 4.96393 4.84376 625.65804
6783.39170 150.09200 4.97963 4.85893 626.74886
6783.97608 150.62762 4.99757 4.87627 627.94289
6784.39220 151.00526 5.01022 4.88849 628.80117
6785.09846 151.63180 5.03125 4.90878 630.64782
6785.39270 151.89727 5.04014 4.91737 631.29520
6786.31169 152.63598 5.06492 4.94128 633.05216
6786.39320 152.70738 5.06731 4.94360 633.20192
6787.39370 153.63287 5.09826 4.97356 635.24013
6787.40159 153.64017 5.09851 4.97379 635.25265
6788.39420 154.55787 5.12821 5.00350 637.57927
6788.48465 154.64435 5.13070 5.00630 637.89358
6789.39470 155.55241 5.15893 5.03570 639.68275
6789.49353 155.64854 5.16219 5.03881 639.77673
6790.39520 156.49561 5.19064 5.06623 641.31387
6790.56883 156.65272 5.19589 5.07132 641.70122
6791.39570 157.40125 5.22096 5.09555 643.55759
6791.67514 157.65690 5.22948 5.10383 644.14777
6792.39620 158.30451 5.25118 5.12479 645.85882
6792.79551 158.66109 5.26311 5.13634 646.76870
6793.39670 159.22653 5.28203 5.15464 647.88863
6793.89014 159.66527 5.29675 5.16884 649.17385
6794.39720 160.12844 5.31215 5.18384 649.43151
6795.01479 160.66946 5.33016 5.20135 650.24432
6795.39770 160.99949 5.34121 5.21204 651.41912
6796.12897 161.67364 5.36378 5.23386 652.95252
6796.39820 161.92572 5.37221 5.24202 653.45034
6797.24428 162.67782 5.39739 5.26637 655.59553
6797.39870 162.82848 5.40249 5.27125 655.77442
6798.27789 163.68201 5.43023 5.29888 657.28078
6798.39920 163.80507 5.43375 5.30286 657.63005
6799.26307 164.68619 5.46082 5.33139 659.25300
6799.39970 164.80977 5.46502 5.33539 659.53143
6800.37454 165.69038 5.49465 5.36389 661.72458
6800.40020 165.71555 5.49548 5.36471 661.76050
6801.40070 166.68626 5.52778 5.39613 663.23671
6801.40956 166.69456 5.52805 5.39640 663.25390
6802.40120 167.62278 5.55907 5.42645 665.10652
6802.48379 167.69874 5.56161 5.42891 665.30007
6803.40170 168.53551 5.58948 5.45600 667.05409
6803.59671 168.70293 5.59506 5.46142 667.27365
6804.40220 169.40196 5.61837 5.48405 668.72473
6804.72477 169.70711 5.62854 5.49393 669.37864
6805.40270 170.36785 5.65060 5.51532 670.33175
6805.77822 170.71130 5.66199 5.52644 671.16731
6806.40320 171.28227 5.68108 5.54492 672.56566
6806.85723 171.71548 5.69576 5.55895 673.26105
6807.40370 172.28087 5.71325 5.57725 674.14025
6807.82938 172.71967 5.72596 5.59145 675.22948
6808.40420 173.28624 5.74440 5.60980 676.15923
6808.84744 173.72385 5.75915 5.62396 676.62988
6809.40470 174.26978 5.77726 5.64164 677.47700
6809.87768 174.72803 5.79250 5.65647 678.22123
6810.40520 175.21904 5.80887 5.67237 679.26456
6810.96225 175.73222 5.82603 5.68898 680.46928
6811.40570 176.16520 5.84037 5.70300 681.24177
6812.06923 176.73640 5.85948 5.72149 682.43635
6812.40620 177.04571 5.86965 5.73150 682.54494
6813.10477 177.74059 5.89276 5.75400 683.30779
6813.40670 178.02639 5.90229 5.76325 683.91349
6814.21323 178.74477 5.92631 5.78650 685.92565
6814.40720 178.92745 5.93242 5.79242 686.30263
6815.25856 179.74895 5.95973 5.81901 687.70467
6815.40770 179.89401 5.96453 5.82371 687.94323
6816.29131 180.75314 5.99330 5.85152 689.22149
6816.40820 180.87586 5.99742 5.85549 689.26836
6817.24038 181.75732 6.02398 5.88403 690.73037
6817.40870 181.92280 6.02891 5.88939 691.20623
6818.29766 182.76151 6.05664 5.91654 692.97647
6818.40920 182.86892 6.06023 5.92002 693.15203
6819.33131 183.76569 6.08996 5.94905 694.64329
6819.40970 183.84364 6.09254 5.95157 694.74201
6820.37449 184.76987 6.12343 5.98156 696.46230
6820.41021 184.80413 6.12457 5.98266 696.53953
6821.41071 185.69032 6.15401 6.01135 698.22317
6821.49576 185.77406 6.15677 6.01406 698.19565
6822.41121 186.64492 6.18568 6.04226 699.58280
6822.55570 186.77824 6.19014 6.04657 699.92421
6823.41171 187.62430 6.21822 6.07396 701.09462
6823.56981 187.78243 6.22350 6.07908 701.29317
6824.41221 188.61861 6.25116 6.10615 702.48515
6824.58820 188.78661 6.25674 6.11159 702.80422
6825.41271 189.53928 6.28213 6.13596 704.59214
6825.67699 189.79079 6.29002 6.14410 705.25737
6826.41321 190.59585 6.31355 6.17016 706.56005
6826.59879 190.79498 6.32001 6.17661 706.68622
6827.41371 191.60241 6.34713 6.20274 707.71007
6827.61396 191.79916 6.35361 6.20911 708.02985
6828.41421 192.55569 6.37874 6.23361 709.54469
6828.67201 192.80335 6.38697 6.24162 710.02154
6829.41471 193.52099 6.41080 6.26486 711.26647
6829.73692 193.80753 6.42028 6.27413 711.57037
6830.41521 194.46113 6.44189 6.29529 711.91407
6830.76913 194.81172 6.45350 6.30664 712.48263
6831.41571 195.42573 6.47392 6.32652 713.75896
6831.80917 195.81590 6.48688 6.33915 714.29635
6832.41621 196.41128 6.50664 6.35842 715.22377
6832.83120 196.82008 6.52018 6.37166 715.85711
6833.41671 197.40607 6.53955 6.39063 716.64867
6833.85395 197.82427 6.55374 6.40417 717.33333
6834.41721 198.43041 6.57269 6.42379 717.98509
6834.76989 198.82845 6.58407 6.43667 718.58566
6835.41771 199.47053 6.60457 6.45746 719.81520
6835.78701 199.83264 6.61686 6.46918 720.28339
6836.41821 200.46095 6.63762 6.48952 721.17872
6836.81161 200.83682 6.65012 6.50169 721.91702
6837.41871 201.43179 6.66987 6.52095 722.82840
6837.82234 201.84100 6.68342 6.53420 723.31781
6838.41921 202.44134 6.70333 6.55363 724.20869
6838.85889 202.84519 6.71672 6.56671 724.69976
6839.41971 203.33895 6.73306 6.58269 725.32567
6839.96118 203.84937 6.74996 6.59922 726.37325
6840.42021 204.31600 6.76539 6.61432 726.98560
6840.95148 204.85356 6.78320 6.63172 727.59881
6841.42071 205.33560 6.79915 6.64733 728.09145
6841.95948 205.85774 6.81652 6.66423 728.99716
6842.42121 206.28112 6.83052 6.67794 730.05458
6842.99476 206.86192 6.84987 6.69674 730.69435
6843.42171 207.32998 6.86531 6.71189 730.83067
6843.94506 207.86611 6.88112 6.72925 732.08379
6844.42221 208.36893 6.89622 6.74553 732.99525
6844.89313 208.87029 6.91295 6.76176 733.24972
6845.42271 209.37765 6.92980 6.77818 734.18709
6845.93055 209.87448 6.94618 6.79427 734.99845
6846.42321 210.35844 6.96227 6.80993 735.76818
6846.97222 210.87866 6.97958 6.82677 736.90006
6847.42371 211.33828 6.99465 6.84165 736.83253
6848.02203 211.88285 7.01265 6.85928 737.46254
6848.42421 212.24312 7.02468 6.87095 738.48324
6849.05875 212.88703 7.04600 6.89179 739.31127
6849.42471 213.25307 7.05809 6.90364 739.77637
6850.04799 213.89121 7.07915 6.92430 740.47363
6850.42521 214.28292 7.09215 6.93698 740.84065
6851.05649 214.89540 7.11234 6.95681 741.92197
6851.42571 215.26269 7.12465 6.96870 742.40519
6852.03830 215.89958 7.14558 6.98932 742.99835
6852.42621 216.32449 7.15793 7.00307 743.69982
6852.94952 216.90377 7.17524 7.02183 744.44693
6853.42671 217.37309 7.19100 7.03702 745.08768
6853.96615 217.90795 7.20881 7.05433 745.84827
6854.42721 218.38144 7.22437 7.06966 746.36769
6854.95813 218.91213 7.24191 7.08684 747.08249
6855.42771 219.38193 7.25749 7.10205 747.69209
6855.94165 219.91632 7.27511 7.11935 748.32990
6856.42821 220.38898 7.29072 7.13465 748.86266
6857.05207 220.92050 7.30836 7.15186 749.69563
6857.42871 221.27983 7.32022 7.16349 750.23803
6858.04399 221.92469 7.34152 7.18437 750.89935
6858.42921 222.33177 7.35496 7.19755 751.18414
6859.02305 222.92887 7.37465 7.21688 751.95179
6859.42971 223.31312 7.38739 7.22932 752.72538
6860.04869 223.93305 7.40782 7.24938 753.57262
6860.43022 224.31389 7.42046 7.26171 754.09255
6861.06943 224.93724 7.44138 7.28189 755.01846
6861.43072 225.35383 7.45387 7.29538 755.33224
6861.92725 225.94142 7.47075 7.31440 755.86835
6862.43122 226.43521 7.48711 7.33039 756.65620
6862.95086 226.94561 7.50414 7.34691 757.41151
6863.43172 227.41856 7.51976 7.36222 758.13849
6863.95506 227.94979 7.53727 7.37942 758.74407
6864.43222 228.46658 7.55433 7.39615 759.09529
6864.97938 228.95397 7.57049 7.41193 760.12184
6865.43272 229.35755 7.58380 7.42499 760.50489
6866.02860 229.95816 7.60356 7.44444 761.02046
6866.43322 230.35603 7.61675 7.45732 761.69387
6867.00633 230.96234 7.63668 7.47694 762.12365
6867.43372 231.40308 7.65128 7.49121 762.55805
6868.02585 231.96653 7.66995 7.50945 763.63303
6868.43422 232.38148 7.68358 7.52289 764.12585
6869.00187 232.97071 7.70309 7.54196 764.64467
6869.43472 233.41962 7.71811 7.55649 764.99663
6869.95743 233.97490 7.73466 7.57447 765.91556
6870.43522 234.46939 7.74911 7.59048 766.97824
6870.93431 234.97908 7.76597 7.60698 767.52705
6871.43572 235.48586 7.78284 7.62338 768.07628
6871.92061 235.98326 7.79914 7.63949 768.63416
6872.43622 236.51422 7.81666 7.65667 769.17038
6872.88544 236.98745 7.83228 7.67199 769.49484
6873.43672 237.53153 7.85027 7.68961 770.35870
6873.95077 237.99163 7.86559 7.70450 771.54768
6874.43722 238.45634 7.88087 7.71955 771.73582
6874.97951 238.99582 7.89858 7.73701 771.91986
6875.43772 239.47121 7.91425 7.75240 772.42058
6875.96012 240.00000 7.93169 7.76952 773.07975
