6492.24612 10.00419 0.24959 0.32387 121.20673
6492.53673 10.04184 0.25112 0.32508 121.38106
6493.24662 10.14307 0.25523 0.32836 121.90612
6494.24712 10.26472 0.26041 0.33230 122.41461
6495.24762 10.36876 0.26511 0.33567 122.63970
6496.24812 10.47758 0.27023 0.33919 122.83501
6497.24862 10.59805 0.27577 0.34309 123.16890
6498.24912 10.71818 0.28120 0.34698 123.46255
6499.24962 10.83181 0.28621 0.35066 123.63660
6500.25013 10.94907 0.29130 0.35445 123.82072
6500.78489 11.04603 0.29519 0.35759 124.35463
6501.25063 11.14110 0.29889 0.36067 124.94722
6502.25113 11.30209 0.30535 0.36588 125.62139
6503.25163 11.43792 0.31092 0.37028 126.08751
6504.25213 11.56952 0.31660 0.37454 126.30883
6505.25263 11.70234 0.32247 0.37884 126.51825
6506.25313 11.85641 0.32914 0.38383 126.97715
6507.25363 12.04382 0.33704 0.38989 127.85830
6507.28803 12.05021 0.33730 0.39010 127.88526
6508.25413 12.21547 0.34441 0.39545 128.51575
6509.25463 12.36103 0.35073 0.40016 128.80637
6510.25513 12.51677 0.35711 0.40521 129.11860
6511.25563 12.67457 0.36345 0.41031 129.36694
6512.25613 12.82260 0.36907 0.41511 129.54644
6513.25663 13.00183 0.37568 0.42091 129.77833
6513.49637 13.05439 0.37748 0.42261 129.90956
6514.25713 13.21993 0.38339 0.42797 130.35805
6515.25763 13.40531 0.39043 0.43397 130.62771
6516.25813 13.59321 0.39765 0.44005 130.97027
6517.25863 13.76467 0.40468 0.44560 131.21771
6518.25913 14.00000 0.41399 0.45322 132.26838
6518.51322 14.05858 0.41635 0.45512 132.54018
6519.25963 14.21882 0.42271 0.46031 133.12414
6520.26013 14.40126 0.43017 0.46621 133.50171
6521.26063 14.55924 0.43685 0.47133 133.63391
6522.26113 14.72641 0.44394 0.47674 133.67465
6523.26163 14.94003 0.45260 0.48365 134.23222
6523.76092 15.06276 0.45742 0.48763 134.68501
6524.26213 15.18607 0.46224 0.49162 135.12662
6525.26263 15.39613 0.47055 0.49842 135.58259
6526.26313 15.59615 0.47840 0.50489 135.89165
6527.26363 15.80094 0.48659 0.51152 136.20562
6528.26413 16.04603 0.49630 0.51946 136.95314
6528.34316 16.06695 0.49712 0.52014 137.02572
6529.26463 16.29009 0.50599 0.52736 137.65382
6530.26513 16.47727 0.51356 0.53342 137.87035
6531.26563 16.67035 0.52130 0.53967 137.89691
6532.26613 16.90563 0.53032 0.54729 138.37569
6532.94213 17.07113 0.53668 0.55264 138.75462
6533.26663 17.15713 0.53997 0.55543 139.00205
6534.26713 17.41225 0.54982 0.56369 139.62318
6535.26763 17.64461 0.55905 0.57121 139.96297
6536.26813 17.88786 0.56855 0.57908 140.38117
6536.98958 18.07531 0.57571 0.58515 140.78520
6537.26863 18.15460 0.57867 0.58772 140.99420
6538.26913 18.39982 0.58791 0.59566 141.54705
6539.26963 18.64269 0.59721 0.60352 141.90262
6540.27014 18.92234 0.60784 0.61257 142.57257
6540.81888 19.07950 0.61391 0.61766 142.95835
6541.27064 19.20971 0.61887 0.62188 143.28019
6542.27114 19.46853 0.62885 0.63025 143.62596
6543.27164 19.71368 0.63795 0.63819 143.79736
6544.27214 19.98136 0.64790 0.64686 144.17466
6544.59585 20.08368 0.65164 0.65017 144.46018
6545.27264 20.30125 0.65967 0.65721 145.06680
6546.27314 20.57599 0.67009 0.66611 145.42194
6547.27364 20.83740 0.67984 0.67457 145.72208
6548.19717 21.08787 0.68900 0.68268 146.12086
6548.27414 21.11201 0.68987 0.68346 146.16767
6549.27464 21.45156 0.70238 0.69445 147.20906
6550.27514 21.73224 0.71247 0.70354 147.47602
6551.27564 22.02959 0.72277 0.71316 147.70596
6551.45973 22.09205 0.72479 0.71519 147.77651
6552.27614 22.39185 0.73427 0.72489 148.24189
6553.27664 22.70841 0.74424 0.73514 148.40486
6554.27714 23.06943 0.75646 0.74683 149.31429
6554.35294 23.09623 0.75732 0.74769 149.36812
6555.27764 23.38384 0.76778 0.75700 149.81736
6556.27814 23.64054 0.77711 0.76532 149.98732
6557.27864 23.94401 0.78775 0.77514 150.24336
6557.77862 24.10042 0.79320 0.78020 150.41133
6558.27914 24.27413 0.79932 0.78583 150.75485
6559.27964 24.60298 0.81073 0.79647 151.24188
6560.28014 24.91736 0.82196 0.80665 151.56054
6560.83848 25.10460 0.82852 0.81271 151.84569
6561.28064 25.27001 0.83425 0.81807 152.23347
6562.28114 25.63819 0.84711 0.82999 153.03255
6563.28164 25.97078 0.85843 0.84075 153.44851
6563.65047 26.10879 0.86306 0.84522 153.75315
6564.28214 26.34511 0.87119 0.85287 154.21394
6565.28264 26.62806 0.88094 0.86203 154.36909
6566.28314 26.96163 0.89257 0.87283 154.74145
6566.69345 27.11297 0.89799 0.87773 155.02660
6567.28364 27.33462 0.90556 0.88490 155.46226
6568.28414 27.70325 0.91823 0.89684 156.09577
6569.28464 28.04235 0.93064 0.90782 156.42590
6569.48272 28.11715 0.93318 0.91024 156.55830
6570.28514 28.44438 0.94464 0.92083 157.32882
6571.28564 28.80670 0.95716 0.93256 157.82967
6572.08795 29.12134 0.96740 0.94275 158.42008
6572.28614 29.20289 0.97025 0.94539 158.59698
6573.28664 29.55708 0.98290 0.95685 159.00271
6574.28714 29.90159 0.99603 0.96800 159.59812
6574.85424 30.12552 1.00360 0.97525 159.96069
6575.28764 30.32314 1.01043 0.98165 160.49076
6576.28814 30.74330 1.02323 0.99525 160.98930
6577.23056 31.12971 1.03501 1.00776 161.24364
6577.28864 31.15422 1.03579 1.00856 161.27043
6578.28914 31.56050 1.05009 1.02171 161.88361
6579.28964 31.94748 1.06345 1.03424 162.44495
6579.72649 32.13389 1.06982 1.04027 162.82661
6580.29015 32.39424 1.07939 1.04870 163.46917
6581.29065 32.78643 1.09342 1.06139 163.93958
6582.15201 33.13808 1.10579 1.07278 164.44204
6582.29115 33.19968 1.10792 1.07477 164.59051
6583.29165 33.57912 1.12068 1.08706 165.22988
6584.29215 33.97467 1.13518 1.09986 165.64685
6584.69092 34.14226 1.14137 1.10529 165.90611
6585.29265 34.42272 1.15125 1.11437 166.51760
6586.29315 34.84186 1.16498 1.12794 167.10836
6587.04658 35.14644 1.17573 1.13780 167.42907
6587.29365 35.26274 1.18006 1.14156 167.68067
6588.29415 35.72241 1.19743 1.15644 168.55785
6589.29465 36.14881 1.21156 1.17025 169.12240
6589.29857 36.15063 1.21162 1.17030 169.12580
6590.29515 36.61731 1.22784 1.18541 170.00428
6591.29565 36.99625 1.24186 1.19768 170.31140
6591.66391 37.15481 1.24729 1.20281 170.63710
6592.29615 37.42271 1.25667 1.21149 170.91083
6593.29665 37.84299 1.27021 1.22509 171.33424
6593.94566 38.15900 1.28236 1.23532 171.94330
6594.29715 38.35486 1.28965 1.24166 172.46007
6595.29765 38.81372 1.30578 1.25652 173.12534
6596.09497 39.16318 1.31748 1.26783 173.58840
6596.29815 39.26724 1.32119 1.27120 173.82177
6597.29865 39.79440 1.33952 1.28826 174.75934
6598.02499 40.16736 1.35120 1.30034 175.10023
6598.29915 40.30447 1.35512 1.30478 175.23115
6599.29965 40.77194 1.36974 1.31991 175.74291
6600.17161 41.17155 1.38503 1.33285 176.33997
6600.30015 41.23770 1.38755 1.33499 176.52339
6601.30065 41.69402 1.40340 1.34976 177.23949
6602.30115 42.16566 1.41911 1.36503 177.83131
6602.32170 42.17573 1.41949 1.36535 177.84671
6603.30165 42.68821 1.43842 1.38195 178.80918
6604.30215 43.15577 1.45426 1.39708 179.33790
6604.34752 43.17992 1.45501 1.39786 179.38389
6605.30265 43.66119 1.47123 1.41344 180.14332
6606.30315 44.15789 1.48986 1.42952 180.85594
6606.35326 44.18410 1.49090 1.43037 180.90015
6607.30365 44.66459 1.50690 1.44593 181.62421
6608.30415 45.14609 1.52360 1.46151 182.14574
6608.39524 45.18828 1.52510 1.46288 182.18937
6609.30465 45.62956 1.54168 1.47717 183.03887
6610.30515 46.13754 1.55777 1.49361 183.74598
6610.40406 46.19247 1.55942 1.49539 183.85120
6611.30565 46.68258 1.57739 1.51126 184.73077
6612.30615 47.18474 1.59566 1.52751 185.34355
6612.32823 47.19665 1.59606 1.52790 185.36340
6613.30665 47.71332 1.61295 1.54462 186.24070
6614.22055 48.20084 1.63005 1.56041 186.86845
6614.30715 48.25642 1.63189 1.56221 186.96856
6615.30765 48.82901 1.64937 1.58074 187.52478
6615.95283 49.20502 1.65998 1.59291 188.18204
6616.30815 49.41216 1.66795 1.59962 188.61796
6617.30865 49.94884 1.68832 1.61699 189.43586
6617.84385 50.20921 1.69736 1.62542 189.73802
6618.30915 50.45057 1.70443 1.63324 190.24553
6619.30965 50.96163 1.72243 1.64978 190.91024
6619.75668 51.21339 1.73211 1.65793 191.34881
6620.31016 51.53917 1.74329 1.66848 191.97141
6621.31066 52.02704 1.75804 1.68427 192.41408
6621.64191 52.21757 1.76488 1.69044 192.75538
6622.31116 52.63787 1.78120 1.70405 193.67048
6623.31166 53.18256 1.79883 1.72168 194.47787
6623.38373 53.22176 1.80016 1.72295 194.53426
6624.31216 53.72513 1.81687 1.73924 195.25841
6625.14783 54.22594 1.83540 1.75546 196.23275
6625.31266 54.32852 1.83881 1.75878 196.44689
6626.31316 54.84789 1.85480 1.77559 197.10093
6627.10404 55.23013 1.86818 1.78796 197.68088
6627.31366 55.34992 1.87290 1.79184 197.88918
6628.31416 55.97020 1.89342 1.81192 199.13501
6628.77926 56.23431 1.90137 1.82047 199.56421
6629.31466 56.56622 1.91346 1.83122 200.25498
6630.31516 57.14538 1.93450 1.84997 201.31866
6630.47174 57.23849 1.93749 1.85298 201.46632
6631.31566 57.77713 1.95047 1.87042 202.23623
6632.06823 58.24268 1.96652 1.88549 202.92884
6632.31616 58.39156 1.97181 1.89031 203.20407
6633.31666 58.99982 1.99142 1.91000 204.46427
6633.75642 59.24686 1.99911 1.91800 204.86573
6634.31716 59.59329 2.01107 1.92921 205.55599
6635.31766 60.19816 2.03115 1.94880 206.73906
6635.41613 60.25105 2.03249 1.95051 206.83398
6636.31816 60.72562 2.04736 1.96587 207.73758
6637.17744 61.25523 2.06631 1.98302 208.83669
6637.31866 61.34830 2.06946 1.98603 209.04630
6638.31916 61.93224 2.08539 2.00493 210.16381
6638.88379 62.25941 2.09637 2.01552 210.78312
6639.31966 62.53907 2.10730 2.02458 211.40675
6640.32016 63.15791 2.12576 2.04461 212.74116
6640.48853 63.26360 2.12863 2.04803 212.97239
6641.32066 63.80017 2.14495 2.06540 214.21825
6642.08050 64.26778 2.16153 2.08054 215.25383
6642.32116 64.41813 2.16509 2.08541 215.58582
6643.32166 65.00430 2.18097 2.10438 216.82560
6643.78495 65.27197 2.18973 2.11305 217.42400
6644.32216 65.62316 2.20150 2.12442 218.37934
6645.32266 66.24348 2.21413 2.14450 219.61960
6645.36989 66.27615 2.21479 2.14556 219.68625
6646.32316 66.92247 2.23312 2.16648 221.18279
6646.90095 67.28033 2.24294 2.17807 222.11939
6647.32366 67.55384 2.24920 2.18692 222.83774
6648.32416 68.18607 2.26452 2.20739 224.45547
6648.46953 68.28452 2.26759 2.21057 224.72342
6649.32466 68.84484 2.28123 2.22871 226.22615
6650.00707 69.28870 2.29020 2.24308 227.46349
6650.32516 69.51791 2.29734 2.25050 228.11023
6651.32566 70.12552 2.31040 2.27017 229.78514
6651.58554 70.29289 2.31371 2.27559 230.26750
6652.32616 70.78306 2.32464 2.29146 231.69591
6653.13967 71.29707 2.33659 2.30810 233.21017
6653.32666 71.42049 2.33898 2.31210 233.56620
6654.32716 72.00102 2.34867 2.33089 235.35298
6654.80589 72.30126 2.35553 2.34061 236.30558
6655.32766 72.64839 2.36269 2.35185 237.39771
6656.32816 73.27343 2.37247 2.37208 239.41397
6656.37492 73.30544 2.37301 2.37312 239.51897
6657.32866 73.98126 2.38729 2.39500 241.68592
6657.81401 74.30962 2.39321 2.40563 242.80029
6658.32916 74.67845 2.39869 2.41757 244.01463
6659.28724 75.31381 2.41062 2.43813 246.14989
6659.32966 75.34428 2.41105 2.43912 246.24151
6660.33017 76.01565 2.41974 2.46085 248.51671
6660.74527 76.31799 2.42465 2.47064 249.55497
6661.33067 76.75795 2.43603 2.48488 251.11629
6662.28871 77.32218 2.44566 2.50315 253.19940
6662.33117 77.34871 2.44587 2.50401 253.29697
6663.33167 77.97578 2.45772 2.52431 255.80927
6663.87196 78.32636 2.47112 2.53566 257.21786
6664.33217 78.64393 2.47992 2.54594 258.49045
6665.33267 79.30140 2.49326 2.56722 261.27364
6665.37462 79.33054 2.49582 2.56817 261.39165
6666.33317 80.01446 2.60985 2.59031 264.19807
6666.82004 80.33473 2.66742 2.60068 265.67485
6667.33367 80.69404 2.71810 2.61231 267.27808
6668.28979 81.33891 2.71114 2.63318 270.40692
6668.33417 81.36986 2.70981 2.63419 270.55639
6669.33467 82.03758 2.70377 2.65580 274.09152
6669.77063 82.34310 2.70987 2.66569 275.68063
6670.33517 82.76531 2.72374 2.67936 277.86183
6671.26791 83.34728 2.74145 2.69820 281.38561
6671.33567 83.39922 2.74269 2.69988 281.59308
6672.33617 84.15425 2.75775 2.72433 285.90168
6672.59028 84.35146 2.76536 2.73071 287.10663
6673.33667 84.87920 2.79397 2.74779 290.63160
6674.04176 85.35565 2.81232 2.76322 294.22967
6674.33717 85.56287 2.81676 2.76993 295.77274
6675.33767 86.24926 2.83211 2.79215 301.31878
6675.49317 86.35983 2.83510 2.79573 302.19776
6676.33817 86.98847 2.85272 2.81608 306.89356
6676.86671 87.36402 2.86223 2.82824 310.03148
6677.33867 87.71881 2.87198 2.83972 312.74336
6678.28934 88.36820 2.88977 2.86074 318.80987
6678.33917 88.40373 2.89075 2.86189 319.11097
6679.33967 89.11256 2.91060 2.88484 325.56731
6679.73228 89.37238 2.91828 2.89325 327.68937
6680.34017 89.78905 2.93086 2.90674 331.19283
6681.23639 90.37657 2.94850 2.92576 337.77944
6681.34067 90.45333 2.95093 2.92825 338.41471
6682.34117 91.19765 2.97463 2.95234 344.89283
6682.58607 91.38075 2.98064 2.95827 346.45609
6683.34167 91.93831 2.99914 2.97632 351.38828
6683.98285 92.38494 3.01442 2.99078 355.89755
6684.34217 92.67431 3.02421 3.00015 357.93646
6685.27687 93.38912 3.04569 3.02329 364.85830
6685.34267 93.44065 3.04730 3.02495 365.33316
6686.34317 94.21983 3.07433 3.05018 371.45527
6686.58290 94.39331 3.08052 3.05579 372.98238
6687.34367 94.96655 3.10090 3.07435 377.94775
6687.99034 95.39749 3.11619 3.08830 382.22592
6688.34417 95.63158 3.12456 3.09588 384.02129
6689.34467 96.29677 3.14853 3.11742 390.95363
6689.48178 96.40167 3.15230 3.12081 391.79211
6690.34517 97.10392 3.17743 3.14355 396.21245
6690.74361 97.40586 3.18831 3.15332 398.55507
6691.34567 97.86748 3.20497 3.16826 401.99900
6692.12576 98.41004 3.22448 3.18583 407.31769
6692.34617 98.57486 3.23045 3.19116 408.65022
6693.34667 99.32867 3.25759 3.21557 414.36347
6693.45745 99.41423 3.26065 3.21834 414.96276
6694.34717 100.07671 3.28442 3.23978 420.21419
6694.80634 100.41841 3.29666 3.25085 422.89503
6695.34767 100.86936 3.31303 3.26544 425.11880
6696.08405 101.42259 3.33182 3.28335 429.67027
6696.34817 101.63832 3.33836 3.29034 431.43272
6697.34867 102.42635 3.36479 3.31585 436.52048
6697.34921 102.42678 3.36481 3.31586 436.52199
6698.34917 103.15429 3.39101 3.33941 441.05597
6698.71054 103.43096 3.40081 3.34837 443.06778
6699.34967 103.93156 3.41854 3.36458 446.08555
6699.99965 104.43515 3.43641 3.38088 449.30869
6700.35018 104.72414 3.44660 3.39023 450.71856
6701.32494 105.43933 3.47207 3.41339 456.05673
6701.35068 105.45899 3.47277 3.41402 456.18688
6702.35118 106.23068 3.49994 3.43901 461.02947
6702.62685 106.44351 3.50748 3.44590 462.35176
6703.35168 106.99867 3.52700 3.46387 465.86166
6703.97265 107.44770 3.54288 3.47840 469.30369
6704.35218 107.74810 3.55344 3.48813 470.96642
6705.27750 108.45188 3.57812 3.51091 475.35417
6705.35268 108.51171 3.58022 3.51285 475.67485
6706.35318 109.28726 3.60726 3.53796 480.02999
6706.59282 109.45607 3.61312 3.54342 480.78357
6707.35368 109.99845 3.63242 3.56098 483.88547
6707.92501 110.46025 3.64803 3.57593 486.47269
6708.35418 110.85973 3.65995 3.58886 488.14751
6709.04344 111.46444 3.67926 3.60844 490.88152
6709.35468 111.71866 3.68816 3.61667 491.97605
6710.30842 112.46862 3.71443 3.64095 495.84962
6710.35518 112.50685 3.71574 3.64218 496.02338
6711.35568 113.26629 3.74204 3.66677 500.66007
6711.61440 113.47280 3.74916 3.67346 501.66727
6712.35618 114.07058 3.76984 3.69281 504.45945
6712.88018 114.47699 3.78385 3.70596 506.73796
6713.35668 114.87504 3.79749 3.71885 508.25353
6714.08154 115.48117 3.81836 3.73847 510.63256
6714.35718 115.71337 3.82632 3.74599 511.56047
6715.35768 116.41775 3.85055 3.76879 515.45371
6715.43907 116.48536 3.85285 3.77098 515.54551
6716.35818 117.23939 3.87875 3.79539 518.61763
6716.67365 117.48954 3.88732 3.80349 519.83702
6717.35868 118.04378 3.90626 3.82143 522.27802
6717.92938 118.49372 3.92206 3.83600 524.37638
6718.35918 118.88741 3.93515 3.84874 525.25668
6719.04161 119.49791 3.95340 3.86851 528.05089
6719.35968 119.76110 3.96150 3.87703 529.53347
6720.28223 120.50209 3.98705 3.90101 532.75777
6720.36018 120.56901 3.98933 3.90318 532.96043
6721.36068 121.37049 4.01665 3.92913 536.68844
6721.52940 121.50628 4.02129 3.93352 537.29579
6722.36118 122.19242 4.04473 3.95574 539.93610
6722.75314 122.51046 4.05555 3.96603 541.44667
6723.36168 123.00962 4.07246 3.98219 543.02229
6724.06752 123.51464 4.08971 3.99854 545.16577
6724.36218 123.73572 4.09731 4.00570 546.40153
6725.33102 124.51883 4.12400 4.03105 549.87065
6725.36268 124.54682 4.12495 4.03195 549.93849
6726.36318 125.40589 4.15406 4.05976 552.57483
6726.50157 125.52301 4.15801 4.06356 552.96897
6727.36368 126.25415 4.18275 4.08723 555.37225
6727.68094 126.52720 4.19202 4.09606 556.19953
6728.36418 127.09237 4.21114 4.11436 558.39680
6728.91208 127.53138 4.22625 4.12857 560.27274
6729.36468 127.95234 4.24055 4.14220 560.86142
6730.00704 128.53556 4.25820 4.16108 563.06443
6730.36518 128.86520 4.26805 4.17175 564.33172
6731.10008 129.53975 4.29055 4.19359 565.65058
6731.36568 129.76635 4.29832 4.20093 566.29484
6732.35094 130.54393 4.32476 4.22610 570.04234
6732.36618 130.55726 4.32521 4.22653 570.06170
6733.36668 131.32457 4.35112 4.25137 572.36969
6733.63231 131.54812 4.35868 4.25861 573.15566
6734.36718 132.19250 4.38042 4.27947 574.98361
6734.78314 132.55230 4.39255 4.29112 576.02262
6735.36768 133.07774 4.41024 4.30813 577.17725
6735.92881 133.55649 4.42641 4.32362 578.71449
6736.36818 133.92229 4.43878 4.33547 580.01645
6737.16961 134.56067 4.46045 4.35613 582.87864
6737.36868 134.73001 4.46618 4.36161 583.41655
6738.36035 135.56485 4.49433 4.38864 586.32080
6738.36918 135.57260 4.49459 4.38889 586.34127
6739.36968 136.44320 4.52430 4.41708 588.62544
6739.51627 136.56904 4.52833 4.42115 589.09857
6740.37019 137.36906 4.55206 4.44705 591.93217
6740.59944 137.57322 4.55857 4.45366 592.67407
6741.37069 138.19001 4.57960 4.47363 594.08182
6741.85286 138.57741 4.59263 4.48617 595.12649
6742.37119 139.02796 4.60780 4.50075 596.47582
6742.99889 139.58159 4.62646 4.51867 597.91128
6743.37169 139.90717 4.63738 4.52921 598.80483
6744.14851 140.58577 4.66022 4.55118 600.70647
6744.37219 140.78559 4.66695 4.55765 601.15228
6745.35116 141.58996 4.69408 4.58369 604.25460
6745.37269 141.60910 4.69473 4.58431 604.30269
6746.37319 142.47040 4.72377 4.61219 606.90012
6746.51775 142.59414 4.72793 4.61620 607.28482
6747.37369 143.36349 4.75378 4.64111 609.05480
6747.62898 143.59833 4.76167 4.64871 609.49119
6748.37419 144.25649 4.78377 4.67002 611.18411
6748.77672 144.60251 4.79537 4.68122 612.23967
6749.37469 145.14434 4.81367 4.69876 613.38053
6749.92665 145.60669 4.82947 4.71373 615.03714
6750.37519 146.06320 4.84333 4.72850 615.17263
6750.93319 146.61088 4.85929 4.74623 615.62988
6751.37569 146.96843 4.87117 4.75781 617.17463
6752.13777 147.61506 4.89331 4.77874 619.28448
6752.37619 147.83536 4.90062 4.78587 619.68013
6753.27154 148.61925 4.92691 4.81125 621.86034
6753.37669 148.71380 4.93008 4.81431 622.07493
6754.37719 149.60995 4.96022 4.84332 624.21640
6754.39248 149.62343 4.96067 4.84376 624.25207
6755.37769 150.52593 4.99088 4.87298 626.10845
6755.48868 150.62762 4.99428 4.87627 626.30502
6756.37819 151.41977 5.02085 4.90191 628.26521
6756.62493 151.63180 5.02797 4.90878 628.92335
6757.37869 152.28246 5.04984 4.92984 630.86163
6757.76473 152.63598 5.06168 4.94128 631.56695
6758.37919 153.23382 5.08156 4.96064 632.45112
6758.87820 153.64017 5.09529 4.97379 633.49444
6759.37969 154.05577 5.10936 4.98725 633.99780
6760.01717 154.64435 5.12748 5.00630 635.75663
6760.38019 155.00047 5.13793 5.01783 636.83161
6761.06866 155.64854 5.15915 5.03881 638.07985
6761.38069 155.92890 5.16876 5.04789 638.65896
6762.17473 156.65272 5.19291 5.07132 640.26463
6762.38119 156.85039 5.19952 5.07772 640.54169
6763.29632 157.65690 5.22659 5.10383 642.72237
6763.38169 157.73289 5.22914 5.10629 642.91656
6764.38219 158.62038 5.25890 5.13502 645.23606
6764.42628 158.66109 5.26027 5.13634 645.31671
6765.38269 159.57525 5.29075 5.16593 646.66464
6765.48530 159.66527 5.29378 5.16884 646.91544
6766.38319 160.47082 5.32081 5.19492 648.88957
6766.59325 160.66946 5.32744 5.20135 649.19725
6767.38369 161.40700 5.35203 5.22523 650.68568
6767.70326 161.67364 5.36105 5.23386 651.62492
6768.38419 162.23426 5.37975 5.25201 652.62421
6768.89472 162.67782 5.39451 5.26637 653.51405
6769.38469 163.15001 5.41053 5.28166 654.21645
6769.94807 163.68201 5.42753 5.29888 655.41361
6770.38519 164.11747 5.44017 5.31297 656.62871
6770.93452 164.68619 5.45810 5.33139 657.26526
6771.38569 165.09059 5.47194 5.34448 658.15135
6772.06248 165.69038 5.49202 5.36389 659.76663
6772.38619 166.00632 5.50250 5.37412 660.16302
6773.12819 166.69456 5.52552 5.39640 661.53667
6773.38669 166.94181 5.53374 5.40441 661.91178
6774.22174 167.69874 5.55908 5.42891 663.68027
6774.38719 167.84792 5.56406 5.43374 664.04552
6775.33573 168.70293 5.59269 5.46142 666.09162
6775.38769 168.75043 5.59427 5.46296 666.20150
6776.38819 169.67050 5.62501 5.49274 668.06450
6776.43293 169.70711 5.62623 5.49393 668.14274
6777.38869 170.52972 5.65368 5.52056 669.44775
6777.57515 170.71130 5.65968 5.52644 669.75652
6778.38919 171.47398 5.68533 5.55113 671.17809
6778.65198 171.71548 5.69356 5.55895 671.62859
6779.38969 172.46660 5.71623 5.58326 673.08460
6779.64344 172.71967 5.72365 5.59145 673.75886
6780.39020 173.43469 5.74719 5.61460 674.98289
6780.69289 173.72385 5.75696 5.62396 675.39896
6781.39070 174.38953 5.77906 5.64551 676.53715
6781.73851 174.72803 5.79029 5.65647 676.99842
6782.39120 175.32303 5.81026 5.67573 678.35764
6782.85242 175.73222 5.82393 5.68898 679.46174
6783.39170 176.25428 5.84135 5.70588 680.21967
6783.89988 176.73640 5.85740 5.72149 681.06411
6784.39220 177.21804 5.87339 5.73708 681.67027
6784.92228 177.74059 5.89082 5.75400 682.36517
6785.39270 178.18197 5.90551 5.76829 683.24122
6786.11049 178.74477 5.92434 5.78650 684.75845
6786.39320 178.98463 5.93238 5.79427 685.24487
6787.21999 179.74895 5.95786 5.81901 686.92978
6787.39370 179.91376 5.96330 5.82435 687.23870
6788.25126 180.75314 5.99144 5.85152 688.26520
6788.39420 180.90093 5.99643 5.85631 688.32058
6789.22672 181.75732 6.02221 5.88403 689.90049
6789.39470 181.91958 6.02711 5.88928 690.35417
6790.28332 182.76151 6.05493 5.91654 691.95424
6790.39520 182.87017 6.05856 5.92006 692.10162
6791.33802 183.76569 6.08824 5.94905 693.72687
6791.39570 183.82211 6.09012 5.95087 693.80646
6792.39590 184.76987 6.12176 5.98156 695.49659
6792.39620 184.77015 6.12176 5.98156 695.49712
6793.39670 185.74436 6.15410 6.01310 696.92621
6793.42957 185.77406 6.15510 6.01406 697.01542
6794.39720 186.63549 6.18386 6.04195 698.62352
6794.55008 186.77824 6.18856 6.04657 698.62654
6795.39770 187.58872 6.21544 6.07281 699.59563
6795.60192 187.78243 6.22190 6.07908 700.00146
6796.39820 188.56446 6.24777 6.10440 701.05195
6796.63235 188.78661 6.25516 6.11159 701.44387
6797.39870 189.49201 6.27905 6.13442 702.91238
6797.70556 189.79079 6.28846 6.14410 703.52725
6798.39920 190.54628 6.31047 6.16855 704.69235
6798.63254 190.79498 6.31855 6.17661 704.83657
6799.39970 191.52628 6.34313 6.20028 706.00864
6799.69221 191.79916 6.35217 6.20911 706.57911
6800.40020 192.48130 6.37479 6.23120 707.68875
6800.73436 192.80335 6.38551 6.24162 708.19938
6801.40070 193.44667 6.40688 6.26245 709.23797
6801.77543 193.80753 6.41894 6.27413 709.80939
6802.40120 194.41775 6.43917 6.29389 710.67990
6802.82570 194.81172 6.45236 6.30664 711.62386
6803.40170 195.35117 6.47024 6.32410 712.33846
6803.94351 195.81590 6.48565 6.33915 712.89438
6804.40220 196.21635 6.49902 6.35211 713.95189
6805.02000 196.82008 6.51907 6.37166 714.92782
6805.40270 197.19457 6.53141 6.38378 715.46128
6806.05513 197.82427 6.55265 6.40417 716.35432
6806.40320 198.20180 6.56487 6.41639 716.51218
6806.96429 198.82845 6.58293 6.43667 717.38518
6807.40370 199.26151 6.59650 6.45069 718.26471
6808.00590 199.83264 6.61579 6.46918 719.19265
6808.40420 200.21327 6.62843 6.48150 719.85404
6809.04543 200.83682 6.64909 6.50169 720.83245
6809.40470 201.19913 6.66109 6.51342 721.20620
6810.07033 201.84100 6.68242 6.53420 722.24578
6810.40520 202.16047 6.69304 6.54454 722.79630
6811.11755 202.84519 6.71580 6.56671 723.98505
6811.40570 203.12406 6.72507 6.57574 724.49504
6812.24771 203.84937 6.74918 6.59922 725.74252
6812.40620 203.99336 6.75395 6.60388 725.87159
6813.24865 204.85356 6.78240 6.63172 726.59150
6813.40670 205.01442 6.78769 6.63693 726.77062
6814.28640 205.85774 6.81569 6.66423 728.17005
6814.40720 205.97112 6.81944 6.66790 728.39247
6815.32938 206.86192 6.84911 6.69674 729.77828
6815.40770 206.94455 6.85192 6.69942 729.79961
6816.27166 207.86611 6.88031 6.72925 730.92644
6816.40820 208.00878 6.88442 6.73387 731.23607
6817.25271 208.87029 6.91225 6.76176 732.29636
6817.40870 209.02285 6.91743 6.76670 732.48116
6818.27648 209.87448 6.94550 6.79427 733.71822
6818.40920 210.00355 6.94979 6.79844 733.91311
6819.31718 210.87866 6.97886 6.82677 735.34143
6819.40970 210.97036 6.98190 6.82974 735.45993
6820.33191 211.88285 7.01216 6.85928 736.70196
6820.41021 211.96107 7.01474 6.86182 736.83163
6821.41071 212.87538 7.04502 6.89141 738.08100
6821.42306 212.88703 7.04541 6.89179 738.08358
6822.41121 213.80452 7.07586 6.92149 739.61462
6822.49876 213.89121 7.07874 6.92430 739.73776
6823.41171 214.80335 7.10885 6.95383 740.84520
6823.50689 214.89540 7.11191 6.95681 740.98709
6824.41221 215.81414 7.14254 6.98655 741.85591
6824.50040 215.89958 7.14519 6.98932 742.04851
6825.41271 216.83811 7.17278 7.01970 743.99556
6825.47103 216.90377 7.17491 7.02183 744.00407
6826.41321 217.83623 7.20608 7.05201 745.11461
6826.48825 217.90795 7.20843 7.05433 745.24282
6827.41371 218.84390 7.23939 7.08463 746.25653
6827.48347 218.91213 7.24165 7.08684 746.35532
6828.41421 219.80713 7.27134 7.11582 747.80057
6828.52165 219.91632 7.27493 7.11935 747.91398
6829.41471 220.79276 7.30398 7.14772 749.14985
6829.56632 220.92050 7.30822 7.15186 749.39225
6830.41521 221.69151 7.33365 7.17682 750.15020
6830.65649 221.92469 7.34141 7.18437 750.54076
6831.41571 222.65251 7.36550 7.20793 751.84637
6831.69015 222.92887 7.37464 7.21688 752.13151
6832.41621 223.64735 7.39838 7.24014 753.06748
6832.70732 223.93305 7.40778 7.24938 753.48784
6833.41671 224.63349 7.43127 7.27206 754.32679
6833.72566 224.93724 7.44132 7.28189 754.73312
6834.41721 225.70688 7.46394 7.30681 755.66062
6834.62066 225.94142 7.47088 7.31440 755.83160
6835.41771 226.74525 7.49757 7.34042 756.65305
6835.62185 226.94561 7.50419 7.34691 756.92498
6836.41821 227.72007 7.52978 7.37198 758.10275
6836.65679 227.94979 7.53740 7.37942 758.46518
6837.41871 228.70766 7.56245 7.40395 759.38179
6837.65931 228.95397 7.57057 7.41193 759.60492
6838.41921 229.73387 7.59630 7.43717 760.38762
6838.67247 229.95816 7.60369 7.44444 760.80606
6839.41971 230.60990 7.62530 7.46553 761.58329
6839.76933 230.96234 7.63689 7.47694 761.88587
6840.42021 231.61348 7.65841 7.49802 762.75737
6840.79079 231.96653 7.67009 7.50945 763.32532
6841.42071 232.61063 7.69126 7.53030 763.94789
6841.78779 232.97071 7.70329 7.54196 764.40909
6842.42121 233.59584 7.72397 7.56220 765.22938
6842.77525 233.97490 7.73504 7.57447 765.83021
6843.42171 234.66054 7.75553 7.59667 766.86478
6843.73550 234.97908 7.76625 7.60698 767.10530
6844.42221 235.67145 7.78920 7.62939 767.79417
6844.73668 235.98326 7.79945 7.63949 768.19480
6845.42271 236.64553 7.82138 7.66093 769.20508
6845.75852 236.98745 7.83265 7.67199 769.52436
6846.42321 237.64821 7.85447 7.69339 770.32428
6846.78551 237.99163 7.86583 7.70450 771.01484
6847.42371 238.62031 7.88651 7.72486 771.28794
6847.84777 238.99582 7.89889 7.73701 771.66006
6848.42421 239.52145 7.91631 7.75403 772.67876
6848.89663 240.00000 7.93211 7.76952 773.23079
