6859.42971 239.23277 7.92905 7.74468 902.62913
6859.19891 238.99582 7.92068 7.73701 902.56255
6858.42921 238.22326 7.89111 7.71200 902.17333
6858.19381 237.99163 7.88658 7.70450 902.01819
6857.42871 237.22253 7.85806 7.67961 901.36338
6857.16207 236.98745 7.84990 7.67199 900.88674
6856.42821 236.34323 7.83435 7.65114 900.54295
6856.07378 235.98326 7.81830 7.63949 900.65951
6855.42771 235.33660 7.79775 7.61855 900.07946
6855.06751 234.97908 7.78928 7.60698 899.90317
6854.42721 234.31402 7.76184 7.58545 899.62115
6854.08344 233.97490 7.75328 7.57447 898.78386
6853.42671 233.31214 7.73687 7.55301 897.81350
6853.11034 232.97071 7.72076 7.54196 898.00947
6852.42621 232.28230 7.70308 7.51967 897.61536
6852.11458 231.96653 7.69349 7.50945 897.46186
6851.42571 231.27728 7.66482 7.48714 897.07405
6851.09201 230.96234 7.65871 7.47694 896.61341
6850.42521 230.30971 7.63543 7.45582 895.97384
6850.08014 229.95816 7.62091 7.44444 895.87712
6849.42471 229.30994 7.60652 7.42345 895.30380
6849.06988 228.95397 7.59193 7.41193 895.13730
6848.42421 228.30374 7.56804 7.39088 894.70131
6848.03431 227.94979 7.56156 7.37942 893.98958
6847.42371 227.39746 7.53741 7.36154 893.76326
6846.94135 226.94561 7.52324 7.34691 893.67171
6846.42321 226.46323 7.51299 7.33129 892.90331
6845.90234 225.94142 7.48924 7.31440 892.49543
6845.42271 225.40613 7.47607 7.29707 892.05739
6845.00173 224.93724 7.46588 7.28189 891.87830
6844.42221 224.37034 7.43981 7.26354 891.39641
6843.96150 223.93305 7.42900 7.24938 890.86686
6843.42171 223.40357 7.41276 7.23224 890.36742
6842.94113 222.92887 7.39256 7.21688 890.03468
6842.42121 222.41699 7.38239 7.20031 889.55703
6841.94384 221.92469 7.36342 7.18437 889.43688
6841.42071 221.40307 7.34245 7.16748 889.12203
6840.92750 220.92050 7.33344 7.15186 888.69987
6840.42021 220.41487 7.31132 7.13549 888.36941
6839.90672 219.91632 7.29451 7.11935 887.72768
6839.41971 219.43735 7.28498 7.10385 887.40476
6838.84396 218.91213 7.26033 7.08684 887.42892
6838.41921 218.52883 7.24846 7.07443 887.07436
6837.79562 217.90795 7.23340 7.05433 886.46754
6837.41871 217.53921 7.21505 7.04240 886.16464
6836.72299 216.90377 7.19886 7.02183 885.10592
6836.41821 216.57528 7.19086 7.01119 884.95607
6835.83759 215.89958 7.16320 6.98932 884.67589
6835.41771 215.47549 7.15505 6.97559 884.40570
6834.84570 214.89540 7.13580 6.95681 884.29397
6834.41721 214.46968 7.11585 6.94303 883.97484
6833.80377 213.89121 7.10493 6.92430 883.07438
6833.41671 213.51749 7.08895 6.91220 882.66784
6832.77399 212.88703 7.06530 6.89179 882.16584
6832.41621 212.54001 7.06019 6.88056 881.79780
6831.76098 211.88285 7.03218 6.85928 881.40441
6831.41571 211.53886 7.01969 6.84815 881.21918
6830.74367 210.87866 7.00475 6.82677 880.59294
6830.41521 210.55688 6.98917 6.81636 880.26273
6829.61000 209.87448 6.97017 6.79427 879.31619
6829.41471 209.70123 6.96715 6.78866 879.23199
6828.61444 208.87029 6.93114 6.76176 879.27310
6828.41421 208.65979 6.92679 6.75494 879.37083
6827.65264 207.86611 6.90384 6.72925 878.69748
6827.41371 207.61815 6.89292 6.72122 878.18907
6826.65875 206.86192 6.87580 6.69674 877.40470
6826.41321 206.62761 6.86815 6.68916 877.18415
6825.60815 205.85774 6.83625 6.66423 876.29337
6825.41271 205.66753 6.83282 6.65807 876.09350
6824.60327 204.85356 6.80243 6.63172 875.70682
6824.41221 204.66718 6.79539 6.62569 875.51806
6823.55688 203.84937 6.77591 6.59922 874.57967
6823.41171 203.70718 6.76780 6.59461 874.42336
6822.51577 202.84519 6.74161 6.56671 873.57389
6822.41121 202.74260 6.73955 6.56339 873.47522
6821.49924 201.84100 6.70143 6.53420 873.09168
6821.41071 201.75692 6.69919 6.53148 873.16605
6820.41021 200.86396 6.67312 6.50257 872.27626
6820.38150 200.83682 6.67179 6.50169 872.23364
6819.40970 199.95490 6.64737 6.47314 870.41586
6819.28832 199.83264 6.64306 6.46918 870.40223
6818.40920 198.92040 6.60736 6.43965 870.31268
6818.31768 198.82845 6.60617 6.43667 870.09194
6817.41688 197.82427 6.57314 6.40417 869.83539
6817.40870 197.81620 6.57279 6.40390 869.83149
6816.40820 196.90059 6.54920 6.37426 868.33576
6816.32685 196.82008 6.54571 6.37166 868.26989
6815.40770 195.90853 6.51336 6.34215 867.73282
6815.31426 195.81590 6.51160 6.33915 867.68323
6814.40720 194.89629 6.47589 6.30938 867.44608
6814.32082 194.81172 6.47318 6.30664 867.38536
6813.40670 193.92992 6.44794 6.27809 866.60293
6813.27914 193.80753 6.44204 6.27413 866.45198
6812.40620 192.99916 6.41874 6.24796 865.26522
6812.18592 192.80335 6.41304 6.24162 865.20375
6811.40570 192.08714 6.38235 6.21844 865.04108
6811.11695 191.79916 6.37620 6.20911 864.81841
6810.40520 191.10849 6.35296 6.18676 864.30435
6810.06238 190.79498 6.33916 6.17661 863.85387
6809.40470 190.13293 6.32440 6.15517 862.82772
6809.07891 189.79079 6.31373 6.14410 862.30460
6808.40420 189.13823 6.28901 6.12297 861.49730
6808.05034 188.78661 6.28111 6.11159 861.41595
6807.40370 188.14390 6.25732 6.09078 861.14120
6807.03088 187.78243 6.24465 6.07908 860.86308
6806.40320 187.17868 6.22762 6.05954 860.35123
6805.98304 186.77824 6.21180 6.04657 859.88585
6805.40270 186.23805 6.19422 6.02908 859.12785
6804.92858 185.77406 6.18021 6.01406 858.87645
6804.40220 185.24237 6.16038 5.99685 858.64787
6803.87730 184.76987 6.14585 5.98156 857.98881
6803.40170 184.34938 6.13251 5.96794 857.99970
6802.74552 183.76569 6.11151 5.94905 857.24351
6802.40120 183.46285 6.10217 5.93924 856.39611
6801.68252 182.76151 6.07937 5.91654 855.92425
6801.40070 182.47634 6.06896 5.90731 856.05645
6800.68752 181.75732 6.04716 5.88403 855.44125
6800.40020 181.44722 6.03774 5.87399 855.07688
6799.71200 180.75314 6.01571 5.85152 854.51110
6799.39970 180.47124 6.00615 5.84240 854.08661
6798.62922 179.74895 5.98305 5.81901 853.14022
6798.39920 179.52780 5.97556 5.81185 852.95573
6797.58097 178.74477 5.94847 5.78650 852.29180
6797.39870 178.56468 5.94317 5.78067 852.23702
6796.54402 177.74059 5.91457 5.75400 851.66750
6796.39820 177.60095 5.90979 5.74948 851.53136
6795.46293 176.73640 5.88379 5.72149 850.29284
6795.39770 176.67610 5.88128 5.71954 850.18779
6794.39720 175.77035 5.85130 5.69021 849.45484
6794.35566 175.73222 5.85045 5.68898 849.50712
6793.39670 174.85434 5.81776 5.66056 848.88889
6793.26032 174.72803 5.81400 5.65647 848.69243
6792.39620 173.93089 5.79050 5.63066 847.47878
6792.17845 173.72385 5.78154 5.62396 847.30995
6791.39570 172.99085 5.75986 5.60023 846.68200
6791.12048 172.71967 5.75226 5.59145 846.30676
6790.39520 171.93611 5.72417 5.56609 845.67147
6790.18189 171.71548 5.71945 5.55895 845.75239
6789.39470 170.97027 5.69438 5.53482 845.27018
6789.11388 170.71130 5.68283 5.52644 844.88565
6788.39420 170.05439 5.66766 5.50517 843.90171
6788.03891 169.70711 5.65407 5.49393 843.77673
6787.39370 169.09234 5.62990 5.47403 843.34110
6786.97472 168.70293 5.62332 5.46142 842.84311
6786.39320 168.14424 5.59862 5.44333 842.45938
6785.83720 167.69874 5.58424 5.42891 841.81181
6785.39270 167.34013 5.57766 5.41730 841.19305
6784.70827 166.69456 5.54895 5.39640 840.46510
6784.39220 166.40374 5.54052 5.38699 840.10370
6783.65977 165.69038 5.52095 5.36389 839.94894
6783.39170 165.43143 5.50806 5.35551 839.81657
6782.52544 164.68619 5.48722 5.33139 838.15871
6782.39120 164.54978 5.48338 5.32697 838.21086
6781.55309 163.68201 5.45198 5.29888 837.37991
6781.39070 163.53564 5.44865 5.29414 836.83506
6780.48060 162.67782 5.41951 5.26637 836.15714
6780.39020 162.59027 5.41567 5.26353 836.15228
6779.38969 161.68473 5.38942 5.23422 834.79639
6779.37772 161.67364 5.38895 5.23386 834.78382
6778.38919 160.76285 5.35642 5.20438 833.79761
6778.28885 160.66946 5.35380 5.20135 833.71510
6777.38869 159.81732 5.32281 5.17377 832.96578
6777.21575 159.66527 5.31774 5.16884 832.74829
6776.38819 158.96768 5.29689 5.14626 832.51111
6776.04710 158.66109 5.28565 5.13634 832.32848
6775.38769 158.07438 5.26571 5.11734 831.09791
6774.93391 157.65690 5.25239 5.10383 830.71268
6774.38719 157.14472 5.23471 5.08725 830.35377
6773.85725 156.65272 5.21831 5.07132 829.94035
6773.38669 156.22636 5.20452 5.05752 829.38550
6772.75765 155.64854 5.18536 5.03881 828.83535
6772.38619 155.28159 5.17215 5.02693 829.05717
6771.70407 154.64435 5.15412 5.00630 827.42742
6771.38569 154.34676 5.14631 4.99667 826.53728
6770.65357 153.64017 5.11970 4.97379 826.38213
6770.38519 153.38848 5.11269 4.96565 826.30645
6769.58725 152.63598 5.08787 4.94128 825.99105
6769.38469 152.44943 5.08006 4.93525 825.82187
6768.38419 151.63312 5.05736 4.90882 823.52281
6768.38266 151.63180 5.05731 4.90878 823.52370
6767.38369 150.75915 5.02414 4.88053 823.38351
6767.24047 150.62762 5.02142 4.87627 823.20865
6766.38319 149.83686 4.99291 4.85067 822.56672
6766.14738 149.62343 4.98431 4.84376 822.38834
6765.38269 148.96160 4.96759 4.82233 821.01484
6765.01102 148.61925 4.95285 4.81125 820.77316
6764.38219 148.04432 4.93358 4.79264 820.26279
6763.90727 147.61506 4.92138 4.77874 819.79140
6763.38169 147.12475 4.90160 4.76287 819.75374
6762.81193 146.61088 4.88604 4.74623 819.13382
6762.38119 146.18073 4.87489 4.73231 818.46285
6761.81316 145.60669 4.85262 4.71373 818.09250
6761.38069 145.22745 4.84198 4.70145 817.58614
6760.66676 144.60251 4.82144 4.68122 816.68158
6760.38019 144.33706 4.81002 4.67262 816.54387
6759.56604 143.59833 4.78804 4.64871 815.75141
6759.37969 143.42859 4.78255 4.64321 815.79495
6758.37919 142.67482 4.75536 4.61881 814.05122
6758.29065 142.59414 4.75315 4.61620 814.03836
6757.37869 141.80363 4.72600 4.59061 812.43110
6757.13934 141.58996 4.71832 4.58369 812.22534
6756.37819 140.90790 4.69601 4.56161 811.54667
6756.00883 140.58577 4.68630 4.55118 811.07440
6755.37769 140.01755 4.66639 4.53279 810.65353
6754.88614 139.58159 4.65127 4.51867 810.15122
6754.37719 139.14462 4.63850 4.50453 809.35148
6753.73262 138.57741 4.61760 4.48617 808.62439
6753.37669 138.26421 4.60710 4.47603 808.23819
6752.59545 137.57322 4.58646 4.45366 807.63893
6752.37619 137.34436 4.57750 4.44625 807.92321
6751.57554 136.56904 4.55469 4.42115 806.50344
6751.37569 136.39453 4.55015 4.41550 806.03840
6750.37519 135.58457 4.51842 4.38928 805.23724
6750.35269 135.56485 4.51787 4.38864 805.27090
6749.37469 134.73991 4.49282 4.36193 804.15361
6749.16353 134.56067 4.48509 4.35613 803.78094
6748.37419 133.89189 4.46363 4.33448 802.50135
6747.98291 133.55649 4.45263 4.32362 801.95043
6747.37369 133.02508 4.43148 4.30642 801.39492
6746.84647 132.55230 4.41783 4.29112 801.08769
6746.37319 132.13711 4.40459 4.27767 800.66799
6745.70375 131.54812 4.38268 4.25861 800.19991
6745.37269 131.25177 4.37384 4.24901 800.06738
6744.51336 130.54393 4.34968 4.22610 798.31451
6744.37219 130.42045 4.34541 4.22210 798.17979
6743.37169 129.54610 4.31636 4.19380 797.30931
6743.36441 129.53975 4.31616 4.19359 797.30673
6742.37119 128.64515 4.28639 4.16463 796.47248
6742.24354 128.53556 4.28312 4.16108 795.89886
6741.37069 127.81017 4.26256 4.13760 793.71237
6741.03424 127.53138 4.25239 4.12857 794.26328
6740.37019 127.00353 4.23250 4.11149 793.11596
6739.83260 126.52720 4.22066 4.09606 792.75383
6739.36968 126.10505 4.20363 4.08240 792.90056
6738.68556 125.52301 4.18358 4.06356 792.13059
6738.36918 125.25620 4.17645 4.05492 791.68790
6737.46286 124.51883 4.14587 4.03105 789.82164
6737.36868 124.43829 4.14340 4.02844 789.73275
6736.36818 123.57402 4.11736 4.00046 789.00990
6736.29704 123.51464 4.11470 3.99854 788.91328
6735.36768 122.74057 4.08872 3.97348 787.54344
6735.09825 122.51046 4.08104 3.96603 787.31643
6734.36718 121.90074 4.05853 3.94629 786.31405
6733.89648 121.50628 4.04623 3.93352 785.66112
6733.36668 121.07496 4.03224 3.91956 784.48687
6732.60541 120.50209 4.01252 3.90101 783.79794
6732.36618 120.30618 4.00559 3.89467 784.06660
6731.36568 119.51392 3.98062 3.86902 780.97982
6731.34703 119.49791 3.98018 3.86851 780.90510
6730.36518 118.61027 3.95120 3.83977 779.25389
6730.23883 118.49372 3.94774 3.83600 779.43864
6729.36468 117.76749 3.92260 3.81249 778.60693
6729.03700 117.48954 3.91167 3.80349 778.29274
6728.36418 116.91522 3.89442 3.78490 777.88871
6727.84388 116.48536 3.87909 3.77098 777.17622
6727.36368 116.07759 3.86308 3.75778 776.83595
6726.62352 115.48117 3.84476 3.73847 775.52381
6726.36318 115.26977 3.83741 3.73163 775.10627
6725.41481 114.47699 3.81014 3.70596 774.20309
6725.36268 114.43219 3.80873 3.70451 774.20160
6724.36218 113.63971 3.78144 3.67886 771.85700
6724.14106 113.47280 3.77548 3.67346 771.18485
6723.36168 112.87938 3.75572 3.65424 771.06703
6722.85435 112.46862 3.74320 3.64095 770.92274
6722.36118 112.05541 3.72789 3.62757 770.32564
6721.62356 111.46444 3.70742 3.60844 769.37821
6721.36068 111.23595 3.70074 3.60104 769.24647
6720.44897 110.46025 3.67284 3.57593 766.16174
6720.36018 110.38578 3.67052 3.57352 765.90979
6719.35968 109.58100 3.64487 3.54747 764.45588
6719.20529 109.45607 3.63968 3.54342 764.27642
6718.35918 108.75934 3.61643 3.52087 763.37268
6717.99098 108.45188 3.60635 3.51091 763.16383
6717.35868 107.94819 3.58698 3.49461 762.11948
6716.72624 107.44770 3.57134 3.47840 761.03612
6716.35818 107.14731 3.56148 3.46868 760.63143
6715.43719 106.44351 3.53634 3.44590 758.34214
6715.35768 106.37603 3.53402 3.44371 758.57834
6714.35718 105.67355 3.51001 3.42097 756.53987
6714.07569 105.43933 3.50187 3.41339 756.25751
6713.35668 104.86953 3.48054 3.39494 754.99725
6712.81586 104.43515 3.46666 3.38088 754.33799
6712.35618 104.07058 3.45362 3.36908 753.62368
6711.54057 103.43096 3.42976 3.34837 752.11903
6711.35568 103.27030 3.42501 3.34317 752.25004
6710.35518 102.54413 3.39856 3.31966 748.66386
6710.20511 102.42678 3.39420 3.31586 748.47566
6709.35468 101.68417 3.37073 3.29182 747.97143
6709.05719 101.42259 3.36274 3.28335 747.10222
6708.35418 100.86895 3.34349 3.26543 744.92634
6707.79514 100.41841 3.32773 3.25085 744.79536
6707.35368 100.06206 3.31492 3.23931 744.13061
6706.38051 99.41423 3.29037 3.21834 740.98786
6706.35318 99.39355 3.28958 3.21767 741.03249
6705.35268 98.60012 3.26186 3.19198 740.15243
6705.11476 98.41004 3.25485 3.18583 739.88537
6704.35218 97.81536 3.23238 3.16658 738.67714
6703.79886 97.40586 3.21820 3.15332 736.89819
6703.35168 97.07885 3.20563 3.14273 735.32932
6702.49089 96.40167 3.18113 3.12081 734.11209
6702.35118 96.27985 3.17701 3.11687 734.36480
6701.35068 95.54269 3.14882 3.09300 731.05279
6701.15979 95.39749 3.14353 3.08830 730.60756
6700.35018 94.78698 3.12128 3.06854 728.41297
6699.84269 94.39331 3.10594 3.05579 727.44868
6699.34967 94.02704 3.09152 3.04394 726.17200
6698.50488 93.38912 3.06824 3.02329 723.39182
6698.34917 93.24562 3.06347 3.01864 723.16106
6697.34867 92.49801 3.03579 2.99444 718.94889
6697.20547 92.38494 3.03174 2.99078 719.25157
6696.34817 91.77018 3.00965 2.97088 716.91235
6695.86119 91.38075 2.99307 2.95827 716.36904
6695.34767 90.97453 2.97777 2.94512 715.78066
6694.53815 90.37657 2.95499 2.92576 712.92689
6694.34717 90.22752 2.94871 2.92094 712.60258
6693.34667 89.55552 2.92190 2.89918 705.92227
6693.10987 89.37238 2.91451 2.89325 705.41109
6692.34617 88.75470 2.88852 2.87326 704.98633
6691.81309 88.36820 2.87264 2.86074 702.56051
6691.34567 88.02642 2.85815 2.84968 700.53683
6690.41372 87.36402 2.82981 2.82824 695.41556
6690.34517 87.31199 2.82765 2.82655 695.18951
6689.34467 86.59834 2.79670 2.80345 689.54315
6689.03340 86.35983 2.78587 2.79573 688.24209
6688.34417 85.85612 2.76229 2.77942 686.27764
6687.58378 85.35565 2.74014 2.76322 682.50310
6687.34367 85.18041 2.73242 2.75755 681.08172
6686.34317 84.46004 2.69185 2.73422 674.77402
6686.19796 84.35146 2.68626 2.73071 673.64382
6685.34267 83.72072 2.66438 2.71029 663.92338
6684.91241 83.34728 2.65245 2.69820 662.20124
6684.34217 82.90019 2.63312 2.68373 659.88413
6683.51416 82.34310 2.60924 2.66569 650.19161
6683.34167 82.20325 2.60096 2.66117 649.35720
6682.34117 81.42194 2.54461 2.63587 642.61908
6682.24041 81.33891 2.53966 2.63318 642.09444
6681.34067 80.70827 2.46963 2.61277 630.06154
6680.89273 80.33473 2.42876 2.60068 627.23814
6680.34017 79.94632 2.40540 2.58810 617.82111
6679.43091 79.33054 2.36914 2.56817 605.82988
6679.33967 79.25942 2.36550 2.56587 605.02291
6678.33917 78.36257 2.33339 2.53683 593.62404
6678.29859 78.32636 2.33211 2.53566 593.00514
6677.44775 77.32218 2.29816 2.50315 588.22173
6677.33867 77.18308 2.29426 2.49865 587.43259
6676.63596 76.31799 2.27233 2.47064 578.09782
6676.33817 75.90721 2.25760 2.45734 574.61067
6675.95553 75.31381 2.24239 2.43813 569.31417
6675.33767 74.37989 2.22512 2.40790 560.82293
6675.27982 74.30962 2.22297 2.40563 559.64809
6674.41268 73.30544 2.20250 2.37312 540.67996
6674.33717 73.22284 2.20199 2.37044 539.02881
6673.33667 72.46246 2.19525 2.34583 510.70660
6673.10704 72.30126 2.19397 2.34061 504.56594
6672.33617 71.77492 2.19159 2.32357 485.41203
6671.48710 71.29707 2.18610 2.30810 464.96253
6671.33567 71.19685 2.18491 2.30486 462.56387
6670.33517 70.62020 2.17851 2.28619 444.14272
6669.83251 70.29289 2.17324 2.27559 434.96299
6669.33467 69.96909 2.16906 2.26511 426.77375
6668.33417 69.32944 2.16104 2.24440 411.15519
6668.27752 69.28870 2.16044 2.24308 410.40275
6667.33367 68.65240 2.14992 2.22248 397.60498
6666.77159 68.28452 2.14582 2.21057 390.25006
6666.33317 67.94974 2.14039 2.19974 385.50481
6665.37041 67.28033 2.12940 2.17807 374.52510
6665.33267 67.25197 2.12899 2.17715 374.14849
6664.33217 66.46362 2.11626 2.15163 364.47408
6664.10218 66.27615 2.11350 2.14556 362.10172
6663.33167 65.64533 2.10418 2.12514 354.64137
6662.87653 65.27197 2.09837 2.11305 350.72563
6662.33117 64.81427 2.08930 2.09823 346.66783
6661.59204 64.26778 2.07775 2.08054 341.62567
6661.33067 64.04997 2.07483 2.07349 339.70472
6660.41671 63.26360 2.05849 2.04803 332.67911
6660.33017 63.18536 2.05651 2.04550 332.08935
6659.32966 62.31763 2.04189 2.01741 324.80043
6659.26652 62.25941 2.04031 2.01552 324.37520
6658.32916 61.34548 2.01820 1.98594 318.51983
6658.23252 61.25523 2.01678 1.98302 317.87879
6657.32866 60.32195 1.99111 1.95280 312.60983
6657.25757 60.25105 1.98928 1.95051 312.17077
6656.32816 59.28711 1.96637 1.91930 306.67186
6656.28989 59.24686 1.96495 1.91800 306.44677
6655.40067 58.24268 1.93803 1.88549 301.72550
6655.32766 58.14682 1.93570 1.88239 301.38869
6654.63751 57.23849 1.90781 1.85298 297.68553
6654.32716 56.85738 1.89802 1.84064 296.01931
6653.73139 56.23431 1.87997 1.82047 292.69140
6653.32666 55.81461 1.86445 1.80689 290.87977
6652.77661 55.23013 1.84753 1.78796 287.86006
6652.32616 54.80745 1.83533 1.77428 284.73238
6651.66182 54.22594 1.81585 1.75546 280.13979
6651.32566 53.90753 1.80726 1.74515 277.94585
6650.54859 53.22176 1.78441 1.72295 272.69543
6650.32516 53.03797 1.77813 1.71700 271.15307
6649.36910 52.21757 1.75424 1.69044 264.78188
6649.32466 52.17945 1.75279 1.68921 264.48830
6648.32416 51.35579 1.72755 1.66254 257.86915
6648.15902 51.21339 1.72375 1.65793 256.81335
6647.32366 50.40079 1.69475 1.63162 251.81384
6647.11354 50.20921 1.68893 1.62542 250.52224
6646.32316 49.47915 1.66586 1.60179 245.74304
6646.03411 49.20502 1.65583 1.59291 244.04506
6645.32266 48.49494 1.63619 1.56993 239.76049
6645.02372 48.20084 1.62798 1.56041 237.86163
6644.32216 47.43655 1.60014 1.53566 234.35002
6644.07003 47.19665 1.59243 1.52790 233.14305
6643.32166 46.47009 1.56749 1.50438 228.95833
6643.02707 46.19247 1.55760 1.49539 227.20236
6642.32116 45.56964 1.53826 1.47523 223.07608
6641.84696 45.18828 1.52496 1.46288 220.27656
6641.32066 44.89031 1.51585 1.45323 217.08738
6640.32016 44.36784 1.49945 1.43632 211.15473
6640.00172 44.18410 1.49363 1.43037 209.33828
6639.31966 43.77971 1.48036 1.41728 205.51632
6638.31916 43.18887 1.46089 1.39815 200.08404
6638.30500 43.17992 1.46060 1.39786 200.00875
6637.31866 42.53923 1.43962 1.37712 194.87925
6636.83000 42.17573 1.42692 1.36535 192.38677
6636.31816 41.79198 1.41351 1.35293 189.80448
6635.45990 41.17155 1.39324 1.33285 186.06159
6635.31766 41.04907 1.38892 1.32888 185.41182
6634.35644 40.16736 1.35959 1.30034 180.66651
6634.31716 40.12456 1.35841 1.29895 180.47351
6633.41837 39.16318 1.32713 1.26783 176.04742
6633.31666 39.07058 1.32373 1.26483 175.55175
6632.31616 38.17581 1.29349 1.23587 170.71854
6632.29624 38.15900 1.29291 1.23532 170.62326
6631.31566 37.53783 1.27228 1.21521 166.18841
6630.69779 37.15481 1.25964 1.20281 163.47283
6630.31516 36.86792 1.24960 1.19353 161.76167
6629.31563 36.15063 1.22439 1.17030 157.39053
6629.31466 36.15005 1.22437 1.17029 157.38647
6628.31416 35.53722 1.20353 1.15045 153.27067
6627.73553 35.14644 1.18989 1.13780 150.88918
6627.31366 34.90612 1.18184 1.13002 149.22033
6626.31316 34.43049 1.16598 1.11462 145.83904
6625.82229 34.14226 1.15596 1.10529 144.04680
6625.31266 33.79419 1.14374 1.09402 142.05437
6624.31216 33.14365 1.12093 1.07296 138.32352
6624.30354 33.13808 1.12073 1.07278 138.29173
6623.31166 32.51251 1.09908 1.05253 134.71181
6622.71757 32.13389 1.08619 1.04027 132.61196
6622.31116 31.92058 1.07886 1.03336 131.28331
6621.31066 31.39135 1.06045 1.01623 128.07712
6620.87460 31.12971 1.05175 1.00776 126.67520
6620.31016 30.76538 1.04058 0.99597 124.88266
6619.30965 30.14632 1.02103 0.97593 121.78705
6619.27651 30.12552 1.02030 0.97525 121.68022
6618.30915 29.59338 1.00168 0.95803 118.83280
6617.42796 29.12134 0.98564 0.94275 116.45715
6617.30865 29.06866 0.98389 0.94104 116.15104
6616.30815 28.57433 0.96705 0.92504 113.47865
6615.58854 28.11715 0.95080 0.91024 111.34010
6615.30765 27.88880 0.94259 0.90284 110.37974
6614.35718 27.11297 0.91528 0.87773 107.12995
6614.30715 27.06861 0.91373 0.87629 106.94903
6613.30665 26.34026 0.88819 0.85271 103.81077
6612.92255 26.10879 0.88020 0.84522 102.75561
6612.30615 25.80801 0.86972 0.83548 101.30035
6611.30565 25.38242 0.85505 0.82171 99.17743
6610.65581 25.10460 0.84558 0.81271 97.83359
6610.30515 25.00584 0.84216 0.80951 97.28078
6609.30465 24.69993 0.83156 0.79961 95.66897
6608.30415 24.33965 0.81895 0.78795 94.01495
6607.84757 24.10042 0.81050 0.78020 93.00677
6607.30365 23.77758 0.79896 0.76975 91.70212
6606.30315 23.21408 0.77880 0.75151 89.40925
6606.09582 23.09623 0.77457 0.74769 88.93238
6605.30265 22.50021 0.75467 0.72840 86.75023
6604.70677 22.09205 0.74245 0.71519 85.35396
6604.30215 21.91263 0.73689 0.70938 84.68952
6603.30165 21.49246 0.72260 0.69578 83.01882
6602.41920 21.08787 0.70830 0.68268 81.41520
6602.30115 21.04320 0.70670 0.68123 81.23769
6601.30065 20.66232 0.69338 0.66890 79.75726
6600.30015 20.24470 0.67894 0.65538 78.18413
6599.95659 20.08368 0.67331 0.65017 77.58621
6599.29965 19.66952 0.65864 0.63676 76.06325
6598.37030 19.07950 0.63755 0.61766 73.91129
6598.29915 19.04397 0.63629 0.61651 73.78165
6597.29865 18.56689 0.61958 0.60107 72.03858
6596.33356 18.07531 0.60255 0.58515 70.26221
6596.29815 18.06295 0.60211 0.58475 70.21813
6595.29765 17.74013 0.59096 0.57430 69.07638
6594.29715 17.36994 0.57814 0.56232 67.77557
6593.65024 17.07113 0.56756 0.55264 66.72312
6593.29665 16.87965 0.56072 0.54645 66.03979
6592.29615 16.38645 0.54313 0.53048 64.29927
6591.61211 16.06695 0.53182 0.52014 63.17845
6591.29565 15.93076 0.52703 0.51573 62.69583
6590.29515 15.53750 0.51314 0.50300 61.33333
6589.29465 15.11416 0.49851 0.48929 59.86077
6589.16302 15.06276 0.49674 0.48763 59.68441
6588.29415 14.81705 0.48825 0.47967 58.88742
6587.29365 14.50333 0.47737 0.46952 57.85710
6586.29315 14.10502 0.46308 0.45662 56.46563
6586.18483 14.05858 0.46137 0.45512 56.29603
6585.29265 13.73274 0.44979 0.44457 55.17500
6584.29215 13.37134 0.43792 0.43287 54.00395
6583.54264 13.05439 0.42845 0.42261 53.05484
6583.29165 12.91259 0.42430 0.41802 52.61577
6582.29115 12.42135 0.40801 0.40212 50.92839
6581.59964 12.05021 0.39446 0.39010 49.53063
6581.29065 11.91661 0.38961 0.38578 49.03932
6580.29015 11.48891 0.37460 0.37193 47.48059
6579.34046 11.04603 0.35952 0.35759 45.83975
6579.28964 11.03264 0.35907 0.35716 45.79450
6578.28914 10.82660 0.35184 0.35049 45.13551
6577.28864 10.62019 0.34464 0.34381 44.46624
6576.28814 10.38012 0.33656 0.33604 43.64056
6575.28764 10.12782 0.32789 0.32787 42.75167
6574.92542 10.04184 0.32491 0.32508 42.44799
6574.28714 9.87693 0.31908 0.31975 41.85718
6573.28664 9.70075 0.31246 0.31404 41.24720
6572.28614 9.57154 0.30734 0.30986 40.84569
6571.28564 9.48139 0.30362 0.30694 40.60036
6570.28514 9.40576 0.30074 0.30449 40.40852
6569.28464 9.29358 0.29658 0.30086 40.04723
6568.28414 9.12459 0.29047 0.29539 39.41046
6567.97280 9.03766 0.28721 0.29258 39.05876
6567.28364 8.80504 0.27879 0.28505 38.10266
6566.28314 8.40226 0.26580 0.27201 36.40635
6565.51557 8.03347 0.25346 0.26007 34.83229
6565.28264 7.91149 0.24932 0.25612 34.30717
6564.28214 7.39200 0.23137 0.23930 32.06175
6563.75665 7.02929 0.21929 0.22756 30.48378
6563.28164 6.65459 0.20633 0.21543 28.84799
6562.50370 6.02510 0.18454 0.19505 26.10364
6562.28114 5.80309 0.17694 0.18786 25.12253
6561.53054 5.02092 0.14945 0.16254 21.67086
0.00000 0.00000 0.00000 0.00000 0.00000
