6834.43414 246.88354 8.15138 7.99236 753.22317
6833.70204 246.16858 8.12776 7.96922 752.28497
6833.55967 246.03255 8.12328 7.96481 752.07241
6832.73293 245.25625 8.09754 7.93968 750.72982
6832.61768 245.14084 8.09373 7.93594 750.60205
6831.75728 244.35135 8.06760 7.91039 749.03535
6831.39254 244.00659 8.05598 7.89923 748.52529
6830.45930 243.07861 8.02761 7.86918 746.71051
6830.57154 243.18585 8.03068 7.87266 747.01477
6829.59935 242.27595 8.00231 7.84320 745.75849
6829.20707 241.88837 7.98941 7.83065 745.60766
6828.25891 240.90063 7.95693 7.79868 744.76097
6828.12672 240.76222 7.95237 7.79420 744.67471
6827.25785 239.83508 7.92187 7.76418 744.19452
6827.53713 240.11527 7.93111 7.77325 744.50820
6826.61334 239.24517 7.90231 7.74508 742.98040
6826.46942 239.10839 7.89776 7.74066 742.75531
6825.47838 238.15001 7.86599 7.70963 741.33450
6825.23070 237.90264 7.85783 7.70162 741.04711
6824.27209 236.91151 7.82520 7.66954 740.22400
6824.39674 237.03658 7.82932 7.67359 740.36745
6823.42807 236.08378 7.79777 7.64274 739.10949
6824.02455 236.62137 7.81570 7.66014 740.30357
6822.93288 235.71701 7.78543 7.63087 737.41040
6822.21025 235.03830 7.76290 7.60889 736.17029
6821.37826 234.21261 7.73636 7.58216 735.36994
6821.22471 234.06250 7.73210 7.57731 735.14569
6820.40453 233.25144 7.70748 7.55105 733.96490
6820.05073 232.90486 7.69569 7.53983 733.49383
6819.15853 231.97039 7.66488 7.50958 732.84272
6819.23658 232.04067 7.66723 7.51185 733.00104
6818.41854 231.24360 7.64082 7.48605 731.85227
6818.13118 230.95707 7.63137 7.47677 731.49914
6817.31193 230.12434 7.60390 7.44982 730.64381
6817.30119 230.11714 7.60366 7.44958 730.59976
6816.46715 229.31036 7.57686 7.42346 729.35615
6816.40683 229.25143 7.57491 7.42156 729.27225
6815.57169 228.48091 7.54936 7.39661 727.70516
6815.13822 228.05869 7.53533 7.38294 727.09017
6814.48702 227.41948 7.51421 7.36225 726.20564
6814.26665 227.22201 7.50766 7.35586 725.72525
6813.51786 226.51430 7.48403 7.33295 724.50320
6813.16180 226.17150 7.47253 7.32185 723.99137
6812.45849 225.50995 7.45243 7.30043 722.24593
6811.93571 224.98490 7.43682 7.28344 721.85335
6811.35374 224.40882 7.41770 7.26479 721.50524
6810.62527 223.66597 7.39313 7.24074 720.64435
6809.95215 222.89552 7.36779 7.21580 720.73810
6810.08337 223.02968 7.37223 7.22014 720.86916
6809.46228 222.44238 7.35279 7.20113 719.80941
6809.07069 222.05231 7.33987 7.18850 719.31193
6808.43574 221.44080 7.31956 7.16870 718.31289
6807.93817 220.94918 7.30325 7.15279 717.65553
6807.37740 220.37987 7.28448 7.13436 717.05483
6807.10541 220.12420 7.27601 7.12608 716.58033
6806.50809 219.55318 7.25702 7.10760 715.60649
6806.11557 219.18046 7.24464 7.09553 714.94596
6805.66128 218.75922 7.23061 7.08189 714.08867
6805.16790 218.31530 7.21578 7.06752 713.04968
6804.55038 217.75738 7.19732 7.04946 711.67008
6803.75033 216.97980 7.17121 7.02429 710.94711
6803.39155 216.61415 7.15974 7.01245 710.94100
6802.81316 216.05724 7.14373 6.99442 709.55457
6802.31980 215.57536 7.12849 6.97882 708.50854
6801.60133 214.84216 7.10394 6.95509 707.87461
6801.20982 214.43615 7.09050 6.94194 707.53784
6800.65087 213.85742 7.07139 6.92321 707.03057
6800.39044 213.59699 7.06276 6.91478 706.70708
6799.81444 213.03661 7.04423 6.89663 705.85269
6799.49020 212.72404 7.03385 6.88652 705.33508
6798.87051 212.13342 7.01422 6.86740 704.30380
6798.44175 211.73562 7.00098 6.85452 703.49106
6797.63116 210.93193 6.97433 6.82850 702.42074
6797.69937 210.97993 6.97596 6.83005 702.69438
6796.98635 210.36435 6.95538 6.81013 700.89454
6796.55027 209.96575 6.94205 6.79722 700.00601
6795.65831 209.12358 6.91416 6.76996 698.41843
6795.46755 208.94605 6.90820 6.76421 698.05185
6794.51260 208.02196 6.87825 6.73429 696.69617
6794.36310 207.87608 6.87411 6.72957 696.49030
6793.40685 206.92753 6.84451 6.69886 695.28644
6793.47170 206.98875 6.84659 6.70085 695.42133
6792.48877 206.04729 6.81528 6.67037 693.71207
6792.17046 205.72811 6.80470 6.66004 693.33165
6791.24147 204.75601 6.77256 6.62857 692.59180
6791.39055 204.91144 6.77772 6.63360 692.71741
6790.40051 203.93527 6.74531 6.60200 691.35208
6790.49566 204.02564 6.74830 6.60492 691.51186
6789.50417 203.08212 6.71696 6.57438 689.82074
6789.50375 203.08157 6.71694 6.57436 689.82149
6788.53195 202.16278 6.68640 6.54462 688.11717
6788.51360 202.14595 6.68584 6.54407 688.07957
6787.58367 201.28443 6.65715 6.51618 686.27373
6787.43471 201.14165 6.65238 6.51156 686.04107
6786.59823 200.37108 6.62669 6.48661 684.25813
6786.26079 200.05234 6.61617 6.47629 683.74678
6785.49397 199.32275 6.59167 6.45268 683.64890
6785.17326 199.01494 6.58196 6.44271 683.20508
6784.46123 198.33191 6.56206 6.42060 680.84134
6783.92111 197.80447 6.54473 6.40352 680.03713
6783.18015 197.03292 6.51909 6.37855 679.43630
6783.01265 196.85604 6.51326 6.37282 679.32326
6782.44449 196.29658 6.49474 6.35471 678.55106
6782.26688 196.13368 6.48929 6.34944 678.18517
6781.52762 195.45269 6.46657 6.32739 676.68667
6781.03489 194.96993 6.45051 6.31176 675.98424
6780.44788 194.40921 6.43186 6.29361 675.00371
6779.95496 193.92699 6.41583 6.27800 674.30042
6779.76532 193.72450 6.40915 6.27144 674.19816
6779.50241 193.53143 6.40262 6.26519 673.17584
6778.60148 192.76279 6.37687 6.24031 670.73966
6777.76118 191.94406 6.34959 6.21381 669.49138
6777.45636 191.65477 6.34000 6.20444 668.85386
6776.74799 190.96868 6.31705 6.18223 668.46687
6776.64827 190.87169 6.31383 6.17909 668.46684
6775.83252 190.13739 6.29109 6.15532 666.62225
6775.41923 189.74036 6.27939 6.14246 665.34387
6774.56915 188.91504 6.25204 6.11575 664.08311
6774.08231 188.42094 6.23563 6.09975 663.53043
6773.33595 187.61029 6.20889 6.07351 663.28191
6773.56049 187.83789 6.21648 6.08088 663.52195
6772.73092 187.07203 6.19084 6.05608 661.86860
6772.58847 186.93404 6.18626 6.05162 661.65193
6771.67810 186.09524 6.15829 6.02446 659.82854
6771.44485 185.87575 6.15099 6.01736 659.40834
6770.46866 184.93156 6.11955 5.98679 657.91561
6770.90024 185.32254 6.13266 5.99945 658.83966
6769.87432 184.45013 6.10336 5.97120 656.03532
6769.58145 184.18762 6.09461 5.96271 655.38854
6768.68783 183.39090 6.06788 5.93691 653.23437
6768.26492 182.99583 6.05487 5.92412 652.96167
6767.49328 182.26433 6.03031 5.90044 652.54913
6767.09152 181.87791 6.01802 5.88793 651.56593
6766.41658 181.21272 5.99870 5.86640 649.72915
6766.23200 181.03939 5.99318 5.86079 649.31370
6765.59274 180.44788 5.97314 5.84164 648.12912
6764.98993 179.88533 5.95443 5.82343 646.99613
6764.22508 179.11616 5.92886 5.79853 646.13805
6763.93966 178.81098 5.91874 5.78865 646.03744
6763.49798 178.39245 5.90476 5.77510 645.25655
6763.06194 177.98056 5.89107 5.76176 644.49863
6762.60940 177.55199 5.87679 5.74789 643.70170
6762.18544 177.17237 5.86407 5.73560 642.74694
6761.84487 176.87084 5.85394 5.72584 641.92948
6761.13809 176.26861 5.83374 5.70634 640.00373
6760.50741 175.70120 5.81479 5.68797 638.62980
6759.67046 174.89227 5.78778 5.66179 637.23359
6759.60525 174.82695 5.78560 5.65967 637.16645
6758.79420 174.08789 5.76107 5.63575 636.49687
6758.67603 173.98083 5.75755 5.63228 636.38864
6757.70966 173.10738 5.72811 5.60401 634.45137
6757.56226 172.97205 5.72363 5.59962 634.13612
6756.56369 172.04036 5.69571 5.56946 631.15213
6756.26294 171.75228 5.68641 5.56014 630.57778
6755.29042 170.77438 5.65371 5.52848 629.62007
6755.63012 171.09634 5.66444 5.53890 630.20716
6754.67290 170.23414 5.63561 5.51099 628.07734
6754.47375 170.05018 5.62945 5.50503 627.67955
6753.61643 169.26623 5.60320 5.47966 625.93098
6753.27922 168.95215 5.59270 5.46949 625.29991
6752.67667 168.37895 5.57361 5.45093 624.29610
6752.74913 168.45504 5.57613 5.45340 624.33754
6751.85693 167.73183 5.55179 5.42998 621.46805
6751.08935 167.02656 5.52817 5.40715 619.84101
6750.60302 166.58627 5.51350 5.39290 619.29236
6749.88756 165.91798 5.49129 5.37126 618.95294
6749.56971 165.60735 5.48097 5.36121 618.42670
6748.96115 165.05662 5.46254 5.34338 617.04892
6748.67213 164.79223 5.45343 5.33482 616.58253
6747.89760 164.09526 5.43104 5.31226 614.49477
6747.71697 163.93511 5.42639 5.30707 613.80860
6746.76721 163.08594 5.39981 5.27958 610.98117
6746.41555 162.75586 5.38854 5.26890 610.45647
6745.44733 161.81612 5.35723 5.23847 609.08917
6745.58169 161.94156 5.36143 5.24253 609.33179
6744.59638 161.03203 5.33100 5.21309 607.41503
6744.86675 161.27022 5.33900 5.22080 608.07749
6743.85453 160.41480 5.31025 5.19311 605.21352
6743.45850 160.05545 5.29820 5.18148 604.38132
6742.72360 159.39654 5.27609 5.16014 602.73924
6742.36850 159.08492 5.26563 5.15006 601.88118
6741.68935 158.47135 5.24514 5.13019 600.44737
6741.25286 158.08214 5.23214 5.11759 600.15320
6740.65931 157.55008 5.21438 5.10037 599.45400
6740.11225 157.04895 5.19758 5.08415 598.23953
6739.73218 156.71344 5.18632 5.07328 597.34005
6738.99308 156.05498 5.16436 5.05197 595.63415
6738.80851 155.88129 5.15851 5.04635 595.32666
6738.00884 155.20008 5.13537 5.02429 593.23192
6737.62217 154.85589 5.12491 5.01315 591.92533
6736.64786 153.96144 5.09753 4.98419 589.03734
6736.21201 153.53621 5.08298 4.97043 588.60228
6735.30883 152.60824 5.05217 4.94039 587.97558
6736.04618 153.28021 5.07458 4.96214 589.50188
6735.09048 152.50832 5.04857 4.93715 586.37429
6734.88712 152.34478 5.04302 4.93186 585.69927
6733.88353 151.51921 5.01517 4.90513 582.60037
6733.26337 150.95389 4.99625 4.88683 581.28423
6732.68895 150.42795 4.97875 4.86980 581.00143
6732.38040 150.15983 4.96984 4.86112 580.72164
6731.92449 149.76854 4.95664 4.84846 579.61300
6731.30599 149.25521 4.93932 4.83184 577.59636
6730.79102 148.81622 4.92454 4.81763 576.22976
6729.92369 148.05017 4.89882 4.79283 574.19342
6729.77714 147.91257 4.89423 4.78837 573.92928
6728.88809 147.14279 4.86819 4.76345 571.70298
6728.88017 147.13611 4.86796 4.76324 571.68229
6727.85828 146.26519 4.84012 4.73504 568.27774
6727.68263 146.10887 4.83545 4.72998 567.64813
6726.85792 145.39140 4.81264 4.70676 565.03624
6726.38695 144.99418 4.79907 4.69390 563.77609
6725.51467 144.17987 4.77180 4.66753 562.19979
6725.36205 144.02833 4.76674 4.66263 562.05358
6724.83210 143.57303 4.75147 4.64789 560.65177
6724.41372 143.21087 4.73925 4.63617 559.47666
6723.82723 142.72590 4.72289 4.62047 557.98673
6722.97958 141.96892 4.69765 4.59596 557.31281
6722.75326 141.75465 4.69046 4.58902 556.90804
6722.00783 141.11348 4.66885 4.56827 554.81625
6721.94967 141.05661 4.66694 4.56643 554.75071
6720.99404 140.26763 4.64032 4.54088 551.83430
6720.77061 140.07739 4.63389 4.53473 551.20226
6719.77217 139.20362 4.60442 4.50644 548.76159
6719.74857 139.17974 4.60362 4.50567 548.74311
6718.94575 138.50552 4.58095 4.48384 546.36205
6718.56182 138.18694 4.57017 4.47353 545.20959
6717.98849 137.69734 4.55335 4.45768 543.75990
6717.50931 137.31617 4.54093 4.44534 541.87809
6716.83183 136.75658 4.52385 4.42722 539.00836
6715.96872 135.99244 4.49911 4.40248 536.49114
6715.70315 135.75017 4.49111 4.39464 535.86886
6714.88443 135.02473 4.46675 4.37116 535.15176
6715.08805 135.19282 4.47240 4.37660 535.38031
6714.11264 134.41646 4.44619 4.35146 532.72537
6713.80548 134.16190 4.43754 4.34322 531.74213
6712.86631 133.36690 4.41063 4.31749 529.04925
6712.55771 133.09650 4.40151 4.30873 528.28427
6711.89206 132.52657 4.38228 4.29028 526.46534
6711.50620 132.20484 4.37141 4.27987 525.32359
6710.93732 131.73239 4.35540 4.26457 523.52443
6710.20550 131.11470 4.33446 4.24458 521.42128
6709.87259 130.82256 4.32463 4.23512 520.61458
6709.07569 130.15191 4.30199 4.21341 518.22539
6709.36521 130.37199 4.30947 4.22053 519.39607
6708.37415 129.64816 4.28470 4.19710 515.06333
6707.96491 129.31978 4.27336 4.18647 513.80074
6707.08622 128.62615 4.25098 4.16401 510.00186
6706.41111 128.06078 4.23413 4.14571 508.08857
6705.76823 127.49293 4.21502 4.12733 507.00864
6705.15841 126.96350 4.19703 4.11019 505.25672
6704.67201 126.51640 4.18193 4.09572 504.33856
6704.20320 126.10091 4.16789 4.08226 503.18156
6704.04029 125.97826 4.16369 4.07829 502.51089
6703.07273 125.18303 4.13656 4.05255 499.36748
6702.99044 125.10703 4.13399 4.05009 499.20516
6702.01931 124.31383 4.10706 4.02441 495.96401
6701.82512 124.15227 4.10158 4.01918 495.33931
6701.06760 123.51572 4.07992 3.99857 493.02882
6701.13753 123.58041 4.08211 4.00067 493.16698
6700.32165 122.99020 4.06181 3.98156 489.44521
6699.44925 122.30265 4.03830 3.95930 486.16711
6699.10425 122.02551 4.02887 3.95033 484.98720
6698.16136 121.27198 4.00305 3.92594 481.42199
6698.16674 121.27261 4.00308 3.92596 481.48888
6697.14863 120.47529 3.97596 3.90015 478.82047
6696.81090 120.19828 3.96637 3.89118 478.12138
6696.00347 119.53748 3.94454 3.86979 474.88423
6695.36828 119.00795 3.92869 3.85264 471.90912
6694.74207 118.44488 3.91003 3.83442 470.24689
6694.35988 118.11664 3.89863 3.82379 469.13314
6694.11818 117.91983 3.89188 3.81742 468.27799
6693.32226 117.29405 3.87039 3.79716 465.17190
6692.98736 117.02146 3.86104 3.78834 463.98160
6691.99219 116.19966 3.83290 3.76173 460.56752
6692.46747 116.56622 3.84550 3.77360 462.52557
6691.40727 115.80328 3.81907 3.74890 457.49642
6690.86245 115.37941 3.80444 3.73518 455.28465
6690.24237 114.91102 3.78824 3.72001 452.58922
6689.37005 114.22573 3.76449 3.69783 449.09587
6689.11674 114.00559 3.75693 3.69070 448.35390
6688.24307 113.32744 3.73360 3.66875 445.24364
6688.10853 113.21986 3.72992 3.66527 445.00453
6687.12094 112.43255 3.70276 3.63978 441.63530
6687.16137 112.45957 3.70371 3.64065 441.87597
6686.31081 111.83627 3.68191 3.62048 437.87506
6685.47504 111.17493 3.65901 3.59907 434.42999
6685.24403 110.96824 3.65271 3.59237 433.45373
6684.49840 110.42697 3.63609 3.57485 428.97879
6683.82480 109.87703 3.61721 3.55705 426.34660
6682.82464 109.01695 3.58721 3.52921 423.03997
6683.31652 109.41212 3.60094 3.54200 425.03286
6682.35646 108.69089 3.57572 3.51865 420.54255
6682.08504 108.49082 3.56870 3.51217 419.23898
6681.44051 108.02188 3.55223 3.49699 416.08789
6680.60134 107.40458 3.53054 3.47701 411.94548
6680.22173 107.10473 3.52002 3.46730 410.30252
6679.25295 106.36182 3.49413 3.44325 407.31291
6679.15463 106.28503 3.49145 3.44077 406.96618
6678.20064 105.53875 3.46518 3.41661 402.59758
6678.08679 105.45005 3.46206 3.41373 402.09949
6677.38239 104.93840 3.44406 3.39717 398.50854
6676.52463 104.28725 3.42108 3.37609 394.44281
6676.27267 104.07594 3.41364 3.36925 393.44838
6675.38694 103.41836 3.39030 3.34796 389.01791
6675.23344 103.30128 3.38615 3.34417 388.29425
6674.30905 102.58826 3.36024 3.32109 384.29102
6674.43253 102.67863 3.36363 3.32402 384.83824
6673.53081 102.07538 3.34254 3.30449 379.48291
6672.36335 101.18619 3.31465 3.27570 372.81544
6672.06470 100.91867 3.30553 3.26704 371.58314
6671.23768 100.27727 3.28265 3.24628 368.26020
6671.51338 100.48170 3.28989 3.25289 369.27387
6670.39936 99.68480 3.26180 3.22710 364.52906
6669.79187 99.20389 3.24486 3.21153 361.50972
6669.22610 98.75775 3.22917 3.19708 358.90631
6668.67175 98.33999 3.21452 3.18356 356.10784
6668.70790 98.34782 3.21481 3.18381 356.45119
6667.83917 97.78755 3.19507 3.16568 351.38734
6667.13567 97.27932 3.17722 3.14922 347.67633
6666.30898 96.63913 3.15509 3.12850 343.63974
6666.18247 96.55264 3.15218 3.12570 342.94756
6665.63374 96.17231 3.13928 3.11339 340.00456
6664.74873 95.55761 3.11814 3.09349 335.26200
6664.72488 95.53514 3.11737 3.09276 335.16771
6663.63505 94.80345 3.09251 3.06907 329.33050
6662.84657 94.20983 3.07228 3.04985 325.81247
6662.30797 93.77747 3.05839 3.03586 323.24399
6661.91628 93.50506 3.05018 3.02704 321.51840
6661.57604 93.26184 3.04313 3.01917 320.03771
6660.58075 92.56471 3.02381 2.99660 314.85342
6660.22053 92.29916 3.01569 2.98800 313.18645
6659.14232 91.47449 2.99006 2.96130 308.39376
6658.92104 91.27546 2.98402 2.95486 307.48247
6658.50146 90.97596 2.97530 2.94516 305.59768
6657.63796 90.35918 2.95754 2.92520 301.75429
6657.34314 90.11416 2.95040 2.91727 300.57792
6656.46642 89.48168 2.93264 2.89679 296.90727
6656.96479 89.81384 2.94171 2.90754 299.00087
6655.59474 88.94677 2.91889 2.87947 293.34066
6654.67105 88.20613 2.89866 2.85550 289.91198
6654.29458 87.94460 2.89164 2.84703 288.47563
6653.23966 87.11867 2.87018 2.82029 284.97102
6652.80881 86.74706 2.86259 2.80826 283.55803
6651.84285 85.92410 2.83436 2.78162 280.23521
6650.67315 84.74256 2.78207 2.74337 276.36188
6649.80363 83.70586 2.76284 2.70981 273.42877
6649.51113 83.33891 2.75346 2.69793 272.47971
6648.72828 82.35562 2.71292 2.66610 269.99868
6648.07017 81.42168 2.70705 2.63586 267.98304
6647.88918 81.14348 2.71864 2.62686 267.46344
6647.33973 80.40367 2.67182 2.60291 265.90967
6647.80889 80.98144 2.71937 2.62161 267.25719
6646.91719 79.98590 2.59178 2.58938 264.65206
6648.76978 81.58654 2.69639 2.64120 270.47729
6647.83655 80.97391 2.71913 2.62137 267.35994
6647.32039 80.63476 2.70610 2.61039 265.72369
6647.21541 80.54751 2.69538 2.60756 265.40525
6646.40984 80.10450 2.62527 2.59322 262.97035
6645.74616 79.70116 2.54851 2.58017 261.06928
6644.90365 79.15380 2.48623 2.56245 258.73860
6644.21018 78.71009 2.47952 2.54808 257.06315
6644.05455 78.60782 2.47871 2.54477 256.68993
6642.97691 77.94620 2.45752 2.52335 254.01804
6642.22310 77.43139 2.44703 2.50669 252.10863
6641.74431 77.08154 2.44264 2.49536 250.90253
6641.04047 76.64020 2.43305 2.48107 249.23521
6640.47738 76.23824 2.42433 2.46806 247.85791
6639.51367 75.55125 2.41485 2.44582 245.57415
6639.14255 75.28241 2.41072 2.43712 244.74006
6638.25470 74.61061 2.39818 2.41537 242.65647
6637.59221 74.09679 2.38934 2.39874 241.01530
6637.03671 73.64253 2.37932 2.38403 239.61624
6636.23916 73.00342 2.36690 2.36334 237.63002
6635.82750 72.64842 2.35975 2.35185 236.56850
6634.92375 71.88275 2.34295 2.32706 234.31656
6634.67843 71.66740 2.33826 2.32009 233.61970
6633.68088 70.78142 2.31921 2.29141 230.96126
6633.68824 70.78794 2.31936 2.29162 230.98091
6632.68687 69.91136 2.29936 2.26324 228.33983
6632.10660 69.36607 2.28636 2.24559 226.73534
6631.28872 68.54864 2.26608 2.21913 224.36174
6630.95748 68.22734 2.25797 2.20872 223.43454
6630.10089 67.32973 2.23450 2.17967 220.86926
6629.92672 67.15273 2.22973 2.17394 220.35961
6629.10417 66.28464 2.20758 2.14583 217.98306
6629.20893 66.39779 2.21023 2.14950 218.27646
6628.26080 65.46666 2.18671 2.11935 215.73838
6627.23056 64.29506 2.15179 2.08142 212.56327
6626.45115 63.24177 2.11928 2.04733 210.06732
6626.79773 63.67082 2.13259 2.06122 211.08340
6626.10754 62.89290 2.10861 2.03603 209.17012
6626.04304 62.82005 2.10638 2.03367 208.99070
6625.50262 62.25368 2.08898 2.01534 207.44841
6625.72528 62.46417 2.09542 2.02215 208.07306
6624.92697 61.78390 2.07462 2.00013 205.99064
6624.63162 61.51468 2.06631 1.99141 205.21879
6623.70986 60.69221 2.04070 1.96479 202.81300
6623.83382 60.80165 2.04414 1.96833 203.13395
6622.80715 59.92703 2.01659 1.94002 200.49490
6622.75904 59.87983 2.01508 1.93849 200.36351
6621.87471 59.14580 1.99188 1.91473 198.14070
6621.03276 58.39486 1.96734 1.89042 195.93958
6620.40753 57.75783 1.94835 1.86979 194.24002
6620.46810 57.83242 1.95040 1.87221 194.40984
6619.65095 57.13372 1.93031 1.84959 192.40364
6618.84859 56.37823 1.90525 1.82513 190.24544
6618.18530 55.71870 1.88355 1.80378 188.47621
6617.44625 54.94720 1.85793 1.77881 186.49584
6616.92616 54.35113 1.83812 1.75951 184.94630
6616.70549 54.13046 1.83074 1.75237 184.33945
6616.24555 53.64597 1.81452 1.73668 183.04183
6616.32458 53.72174 1.81705 1.73913 183.25770
6616.07394 53.51192 1.81005 1.73234 182.61362
6615.95488 53.41008 1.80665 1.72904 182.30527
6616.79911 53.92723 1.82385 1.74579 184.25139
6615.69319 53.38277 1.80580 1.72816 181.88751
6614.57510 52.74837 1.78475 1.70762 179.51757
6614.11509 52.45424 1.77485 1.69810 178.51521
6613.20288 51.91364 1.75675 1.68060 176.62444
6612.90477 51.73567 1.75080 1.67484 176.01126
6611.69365 50.98502 1.72549 1.65054 173.52533
6610.53793 50.12750 1.69648 1.62278 170.90038
6610.04257 49.74105 1.68345 1.61027 169.73206
6609.01337 48.90551 1.65503 1.58322 167.24377
6608.45793 48.41292 1.64051 1.56727 165.97394
6607.47058 47.48669 1.61017 1.53729 163.35103
6606.96726 46.98499 1.59289 1.52105 161.90106
6606.04723 45.99309 1.55911 1.48893 159.09544
6606.81331 46.72824 1.58421 1.51273 161.22945
6605.82411 45.88531 1.55542 1.48545 158.71281
6606.61099 46.46883 1.57540 1.50434 160.52080
6605.94353 46.04170 1.56076 1.49051 159.14201
6605.06158 45.48554 1.54162 1.47250 157.35337
6604.43845 45.03479 1.52613 1.45791 155.96106
6603.53209 44.38695 1.50381 1.43694 153.96049
6604.29592 44.86924 1.52047 1.45255 155.49152
6603.09461 44.19516 1.49712 1.43073 153.31851
6602.07497 43.51573 1.47370 1.40873 151.21340
6602.60644 43.83318 1.48464 1.41901 152.21197
6601.49834 43.25410 1.46464 1.40026 150.37769
6600.33438 42.56244 1.44073 1.37787 148.25893
6599.70699 42.13092 1.42576 1.36390 146.96134
6598.77668 41.51381 1.40444 1.34393 145.10246
6598.91833 41.60496 1.40757 1.34688 145.37676
6597.96359 41.00631 1.38677 1.32750 143.57043
6597.51138 40.71353 1.37641 1.31802 142.68796
6597.65287 40.80520 1.37960 1.32099 142.96347
6596.56617 40.23450 1.36055 1.30251 141.34439
6595.75453 39.77937 1.34694 1.28778 140.20179
6595.22831 39.46420 1.33690 1.27757 139.36367
6594.19612 38.86240 1.31561 1.25809 137.60744
6594.01921 38.74663 1.31155 1.25434 137.26509
6593.28526 38.32691 1.29693 1.24076 136.06106
6592.33795 37.77257 1.27767 1.22281 134.47679
6592.89701 38.07382 1.28816 1.23256 135.31650
6591.44908 37.34964 1.26291 1.20912 133.33401
6589.89351 36.37343 1.22888 1.17752 130.46979
6588.88187 35.59083 1.20171 1.15218 128.08886
6587.89940 34.76685 1.17314 1.12551 125.52219
6588.43752 35.18238 1.18756 1.13896 126.79359
6587.70792 34.65459 1.16922 1.12187 125.19898
6588.25685 34.98761 1.18084 1.13265 126.16360
6588.41892 35.06140 1.18342 1.13504 126.35773
6587.58309 34.73711 1.17199 1.12454 125.56814
6586.81321 34.42071 1.16082 1.11430 124.79456
6587.37120 34.62445 1.16804 1.12090 125.25594
6585.92577 34.16747 1.15174 1.10610 124.34522
6584.22642 33.48080 1.12757 1.08387 122.77179
6582.92079 32.81174 1.10406 1.06221 120.98932
6582.26444 32.42486 1.09065 1.04969 119.82474
6581.32006 31.88118 1.07162 1.03209 118.28875
6580.33143 31.26602 1.04997 1.01217 116.45828
6579.50421 30.65362 1.03126 0.99235 114.81797
6579.73102 30.77958 1.03496 0.99643 115.09665
6580.47902 31.17335 1.04704 1.00917 115.97658
6579.53288 30.78465 1.03508 0.99659 115.27460
6578.53196 30.38377 1.02262 0.98361 114.57302
6578.47281 30.35461 1.02163 0.98267 114.50228
6577.41425 29.92954 1.00675 0.96891 113.56965
6576.13059 29.36535 0.98658 0.95064 112.16517
6574.68475 28.60487 0.96003 0.92603 110.06903
6573.89876 28.07952 0.94169 0.90902 108.39806
6573.16378 27.62994 0.92602 0.89446 106.94403
6574.06454 28.11407 0.94294 0.91014 108.41149
6572.92707 27.58382 0.92434 0.89297 106.93002
6571.78468 27.00893 0.90417 0.87436 105.34280
6573.12862 27.56647 0.92383 0.89241 106.68761
6571.95119 27.17540 0.90994 0.87975 105.95771
6570.57932 26.65792 0.89162 0.86300 104.82034
6569.46023 26.17799 0.87472 0.84746 103.60827
6568.94329 25.92440 0.86582 0.83925 102.89731
6567.99543 25.47454 0.85001 0.82469 101.64958
6567.25246 25.12127 0.83760 0.81325 100.66746
6567.34762 25.16473 0.83913 0.81466 100.78469
6566.41077 24.76657 0.82510 0.80177 99.74425
6565.47631 24.37827 0.81140 0.78920 98.74418
6566.17853 24.62406 0.82012 0.79715 99.27208
6565.37826 24.39378 0.81189 0.78970 98.90493
6563.95943 23.94004 0.79587 0.77501 97.93574
6562.62538 23.42704 0.77776 0.75840 96.65910
6562.64086 23.42705 0.77777 0.75840 96.64438
6562.03736 23.20527 0.76971 0.75122 96.07689
6560.80718 22.79856 0.75537 0.73806 95.20292
6559.35815 22.19450 0.73644 0.71850 93.80820
6558.38860 21.69880 0.72066 0.70246 92.38112
6557.49152 21.19656 0.70287 0.68620 90.55096
6557.13237 21.00580 0.69614 0.68002 89.86994
6557.33853 21.11132 0.69986 0.68344 90.23912
6556.19105 20.61762 0.68257 0.66745 88.69024
6555.16123 20.13673 0.66583 0.65189 86.98272
6557.30119 20.83565 0.69037 0.67451 88.84132
6556.30039 20.63667 0.68325 0.66807 88.69856
6555.18259 20.40725 0.67509 0.66064 88.38955
6554.13392 20.17286 0.66674 0.65306 88.07516
6553.11929 19.95441 0.65896 0.64598 87.80022
6552.26588 19.75760 0.65197 0.63961 87.49647
6552.19903 19.72802 0.65094 0.63866 87.39376
6551.64119 19.61901 0.64705 0.63513 87.29498
6551.12759 19.54844 0.64452 0.63284 87.37796
6550.38464 19.48252 0.64209 0.63071 87.71800
6549.23423 19.38129 0.63836 0.62743 88.26993
6547.73900 19.19426 0.63168 0.62138 88.72631
6546.23604 18.91475 0.62188 0.61233 88.53914
6544.99006 18.58873 0.61050 0.60177 87.89927
6543.78567 18.18629 0.59654 0.58874 86.71612
6542.23263 17.55996 0.57484 0.56847 84.46446
6540.99755 16.95955 0.55404 0.54903 81.99326
6540.21913 16.53641 0.53940 0.53533 80.12541
6538.96078 15.78381 0.51336 0.51097 76.66516
6537.85952 15.01987 0.48691 0.48624 72.84321
6536.97038 14.32304 0.46286 0.46368 69.35667
6535.93949 13.45311 0.43277 0.43552 64.98204
6535.06196 12.58653 0.40617 0.40746 61.11809
6534.40910 11.89767 0.38211 0.38516 57.54027
0.00000 0.00000 0.00000 0.00000 0.00000
