6827.95360 243.23420 8.04462 7.87422 822.02741
6827.29221 242.59946 8.02561 7.85367 820.61170
6827.15701 242.45707 8.02094 7.84906 820.56698
6826.41979 241.85862 8.00060 7.82969 818.65056
6825.89752 241.39814 7.98544 7.81478 817.61141
6825.00402 240.48742 7.95544 7.78530 817.00197
6824.88097 240.36146 7.95130 7.78122 816.92405
6824.05112 239.53609 7.92404 7.75450 816.26723
6823.98842 239.47533 7.92202 7.75253 816.18967
6823.07245 238.61805 7.89371 7.72478 814.78281
6822.84379 238.39144 7.88621 7.71745 814.59131
6821.94211 237.47124 7.85585 7.68766 813.98310
6821.77825 237.30109 7.85028 7.68215 813.93185
6820.94918 236.42129 7.82142 7.65367 814.98900
6820.94428 236.42001 7.82137 7.65362 814.95186
6820.06193 235.57336 7.79351 7.62622 813.82193
6819.96062 235.47561 7.79027 7.62305 813.68321
6819.01918 234.57876 7.76031 7.59402 812.61576
6818.91428 234.47610 7.75703 7.59069 812.47476
6817.95114 233.53420 7.72925 7.56020 810.21450
6818.03106 233.60950 7.73158 7.56264 810.38111
6817.02778 232.69071 7.70110 7.53290 808.68163
6816.92790 232.59570 7.69793 7.52982 808.54403
6815.96953 231.69556 7.66825 7.50068 807.09073
6815.72123 231.44684 7.66003 7.49263 806.87287
6814.84082 230.54715 7.63030 7.46350 806.43328
6814.75870 230.46609 7.62763 7.46088 806.34624
6813.86544 229.56351 7.59785 7.43166 805.65006
6813.69688 229.39822 7.59237 7.42631 805.47997
6812.77584 228.42612 7.56034 7.39484 805.21664
6812.91073 228.55742 7.56469 7.39909 805.33633
6811.96688 227.66479 7.53522 7.37019 804.88990
6811.79639 227.49945 7.52977 7.36484 804.93912
6810.90673 226.62415 7.50089 7.33650 804.09136
6810.80328 226.52555 7.49755 7.33331 803.96672
6809.93307 225.68409 7.47061 7.30607 802.69340
6809.82470 225.57937 7.46759 7.30268 802.39412
6809.01501 224.82780 7.44476 7.27835 800.27140
6808.75910 224.59596 7.43692 7.27084 799.82694
6807.97111 223.86451 7.41248 7.24717 798.64951
6807.56076 223.46157 7.39920 7.23412 798.17563
6806.88877 222.79036 7.37701 7.21239 797.56922
6806.64078 222.54947 7.36900 7.20459 797.29632
6805.97218 221.92780 7.34837 7.18447 796.25505
6805.55399 221.52328 7.33499 7.17137 795.71779
6804.94234 220.94405 7.31573 7.15262 794.85735
6804.31660 220.32655 7.29532 7.13263 794.07163
6803.68593 219.61433 7.27196 7.10957 795.11527
6803.51868 219.43099 7.26597 7.10364 795.39369
6802.94484 218.87918 7.24782 7.08578 795.25857
6802.61174 218.56325 7.23730 7.07555 794.67313
6801.95591 217.96331 7.21736 7.05613 793.43624
6801.39194 217.39946 7.19875 7.03787 793.00003
6800.92286 216.91605 7.18242 7.02222 792.85976
6800.56157 216.59286 7.17228 7.01176 791.88745
6800.03784 216.11824 7.15841 6.99640 790.13785
6799.46148 215.59249 7.14200 6.97938 788.71087
6798.95016 215.13289 7.12648 6.96450 787.75074
6798.23482 214.42343 7.10301 6.94153 787.07649
6797.88654 214.07634 7.09153 6.93029 786.77870
6797.21608 213.41688 7.06965 6.90894 786.06888
6796.90905 213.10231 7.05929 6.89876 785.90546
6796.25502 212.47964 7.03860 6.87860 784.99210
6795.86798 212.10314 7.02616 6.86642 784.55840
6795.15953 211.38783 7.00248 6.84326 783.93345
6794.79788 211.02397 6.99044 6.83148 783.75659
6794.13882 210.32884 6.96764 6.80898 784.71214
6793.91086 210.09833 6.96005 6.80151 784.80137
6793.23658 209.45412 6.93866 6.78066 783.78754
6792.93254 209.15344 6.92875 6.77092 783.47344
6792.23552 208.49119 6.90652 6.74949 782.65488
6791.97747 208.25308 6.89871 6.74178 782.14619
6791.16422 207.48655 6.87618 6.71696 779.74439
6791.02213 207.35116 6.87204 6.71258 779.42596
6790.12516 206.53670 6.84478 6.68621 777.77107
6789.95662 206.37662 6.83946 6.68103 777.53893
6789.00267 205.47368 6.80953 6.65180 776.11487
6788.94491 205.41972 6.80773 6.65005 776.02310
6787.94161 204.46151 6.77587 6.61903 774.65478
6787.92808 204.44818 6.77543 6.61860 774.64115
6786.93867 203.50117 6.74395 6.58794 773.31341
6786.83772 203.40452 6.74074 6.58481 773.14667
6785.89508 202.47941 6.71014 6.55487 772.87473
6785.71406 202.30063 6.70426 6.54908 773.04629
6784.78323 201.33009 6.67226 6.51766 773.09427
6784.87692 201.42111 6.67531 6.52061 773.22549
6783.92843 200.50997 6.64496 6.49111 772.00854
6783.82524 200.40999 6.64165 6.48787 771.88687
6782.95199 199.56299 6.61338 6.46045 770.94525
6783.09648 199.69842 6.61801 6.46484 771.10021
6782.14007 198.92113 6.59219 6.43967 768.03889
6781.57756 198.38528 6.57654 6.42233 766.38124
6780.88417 197.70744 6.55490 6.40038 765.31097
6780.55592 197.37937 6.54381 6.38976 765.13058
6779.93184 196.77418 6.52376 6.37017 764.39822
6779.55402 196.41944 6.51198 6.35869 763.81202
6778.93056 195.81802 6.49194 6.33922 763.05598
6778.54216 195.44867 6.47961 6.32726 762.52780
6777.95580 194.90557 6.46154 6.30968 761.56853
6777.32624 194.29420 6.44118 6.28989 760.73766
6776.75828 193.68747 6.42127 6.27024 761.47925
6776.41082 193.32511 6.40939 6.25851 762.04007
6775.93928 192.86848 6.39424 6.24373 761.75860
6775.49695 192.45501 6.38036 6.23035 760.93396
6774.93450 191.93779 6.36314 6.21360 759.97153
6774.33994 191.34938 6.34369 6.19455 759.43615
6774.01381 191.02962 6.33283 6.18420 759.23098
6773.44313 190.53199 6.31631 6.16809 757.83461
6773.03527 190.16925 6.30546 6.15635 756.41633
6772.25252 189.45612 6.28373 6.13326 754.06855
6771.92683 189.14959 6.27342 6.12334 753.62724
6771.12064 188.37218 6.24740 6.09817 752.74357
6770.93269 188.19263 6.24148 6.09236 752.49336
6770.08440 187.38192 6.21446 6.06611 751.42151
6769.96878 187.27191 6.21080 6.06255 751.27834
6769.04623 186.40990 6.18208 6.03465 749.74425
6768.97423 186.33989 6.17974 6.03238 749.65288
6767.98244 185.41683 6.14913 6.00250 749.32772
6767.71408 185.14750 6.14025 5.99378 749.50573
6766.80408 184.16273 6.10766 5.96190 749.80408
6766.94910 184.31261 6.11265 5.96675 749.83225
6765.96457 183.38211 6.08168 5.93663 748.52116
6766.07320 183.48057 6.08495 5.93982 748.73386
6765.07706 182.60133 6.05541 5.91135 746.54985
6764.96789 182.50578 6.05215 5.90826 746.33225
6764.04252 181.69459 6.02634 5.88200 743.63219
6763.64348 181.31022 6.01511 5.86956 742.48834
6762.91099 180.59129 5.99164 5.84628 741.68251
6762.77065 180.46309 5.98726 5.84213 741.48161
6762.03347 179.81112 5.96541 5.82103 739.87106
6761.57746 179.38569 5.95127 5.80725 739.17400
6760.96046 178.80961 5.93203 5.78860 738.26222
6760.45232 178.32914 5.91600 5.77305 737.61456
6759.93490 177.82220 5.89907 5.75664 737.10571
6759.49555 177.41730 5.88557 5.74353 736.36155
6759.01478 176.98409 5.87123 5.72951 736.22321
6758.30104 176.32726 5.84937 5.70824 735.89699
6757.78009 175.79629 5.83168 5.69105 735.60305
6757.25370 175.24478 5.81345 5.67320 735.68406
6756.93884 174.95028 5.80366 5.66367 735.25647
6756.29557 174.33848 5.78320 5.64386 734.48960
6756.15756 174.19708 5.77852 5.63928 734.46286
6755.41002 173.60185 5.75846 5.62001 731.91337
6755.00958 173.26231 5.74684 5.60902 730.96121
6754.04529 172.36963 5.71885 5.58012 728.62066
6753.93585 172.26661 5.71591 5.57679 728.25044
6752.94367 171.32410 5.68545 5.54627 726.62778
6753.02949 171.40345 5.68816 5.54884 726.73398
6752.02752 170.50008 5.65785 5.51960 724.91073
6751.94822 170.42736 5.65544 5.51724 724.78840
6751.02800 169.60933 5.62794 5.49076 722.77961
6750.75098 169.34648 5.61919 5.48225 722.78597
6749.98739 168.63940 5.59574 5.45936 722.99796
6749.50344 168.18780 5.58069 5.44474 722.28496
6748.74938 167.38549 5.55403 5.41877 722.65131
6748.70669 167.33604 5.55239 5.41717 722.73886
6748.03251 166.72713 5.53206 5.39746 721.52991
6747.70078 166.43233 5.52217 5.38791 720.86520
6747.05727 165.86975 5.50319 5.36970 719.44590
6746.50744 165.37338 5.48670 5.35363 718.42244
6746.02639 164.93306 5.47182 5.33938 717.71196
6745.41778 164.39088 5.45346 5.32183 716.60899
6745.02567 164.03509 5.44273 5.31031 715.35664
6744.31788 163.39888 5.42374 5.28971 712.94404
6744.01705 163.13656 5.41499 5.28122 712.24837
6743.13731 162.32936 5.38771 5.25509 711.01595
6742.99772 162.19274 5.38318 5.25067 710.93057
6742.07637 161.35858 5.35525 5.22366 709.24500
6742.00407 161.29052 5.35297 5.22146 709.14925
6741.00723 160.38386 5.32280 5.19211 708.99379
6740.99959 160.37638 5.32255 5.19186 709.00247
6740.02698 159.50563 5.29337 5.16368 707.34630
6739.77668 159.27338 5.28555 5.15616 707.01915
6738.93712 158.47266 5.25879 5.13024 706.28744
6738.80962 158.35772 5.25494 5.12651 706.06819
6738.04871 157.67327 5.23201 5.10436 704.74824
6737.82671 157.48074 5.22554 5.09812 704.25080
6737.11113 156.89424 5.20574 5.07914 702.13058
6736.50361 156.34209 5.18727 5.06126 701.13114
6736.06471 155.94822 5.17404 5.04851 700.34683
6735.41234 155.38146 5.15462 5.03016 699.12102
6735.03867 155.04303 5.14376 5.01921 698.26373
6734.27137 154.36261 5.12369 4.99718 695.43554
6734.01149 154.12859 5.11628 4.98960 694.74895
6733.12900 153.32783 5.08907 4.96368 693.63552
6732.99523 153.20725 5.08508 4.95978 693.69389
6732.01072 152.30595 5.05516 4.93060 693.56580
6732.10923 152.39211 5.05806 4.93339 693.77154
6731.09534 151.52276 5.02870 4.90525 691.27866
6730.87046 151.31834 5.02185 4.89863 690.95830
6730.05645 150.58159 4.99715 4.87478 689.69087
6729.76096 150.33872 4.98892 4.86692 688.83786
6728.93686 149.57863 4.96347 4.84231 687.81445
6728.69009 149.32971 4.95517 4.83425 687.85925
6728.11724 148.84408 4.93876 4.81853 686.43559
6727.55866 148.36413 4.92259 4.80299 685.19734
6727.01877 147.88200 4.90646 4.78738 684.25709
6726.39017 147.31224 4.88726 4.76894 683.34855
6726.03144 146.99198 4.87621 4.75857 682.89423
6725.28327 146.32230 4.85506 4.73689 680.97873
6725.17033 146.21798 4.85213 4.73351 680.55465
6724.24240 145.46224 4.82824 4.70905 676.66097
6724.06477 145.31100 4.82311 4.70415 676.31754
6723.05851 144.42699 4.79348 4.67553 676.39140
6722.89859 144.28302 4.78865 4.67087 676.18356
6722.00998 143.47326 4.76139 4.64466 674.82441
6721.89854 143.37689 4.75814 4.64154 674.59813
6721.16854 142.75296 4.73710 4.62134 672.94700
6720.88178 142.53000 4.72957 4.61412 671.90557
6720.20498 142.00821 4.71184 4.59723 669.40242
6719.34668 141.27252 4.68699 4.57342 667.49083
6718.87096 140.80119 4.67123 4.55816 667.55006
6718.28363 140.23810 4.65237 4.53993 667.31346
6718.11087 140.09450 4.64752 4.53528 666.85402
6717.26542 139.37235 4.62314 4.51190 664.96775
6717.09761 139.23195 4.61838 4.50736 664.54469
6716.08778 138.35838 4.58899 4.47908 662.40139
6716.07677 138.34853 4.58866 4.47876 662.37802
6715.10362 137.51040 4.56024 4.45162 661.51173
6714.91319 137.35034 4.55522 4.44644 661.27223
6714.08555 136.63638 4.53410 4.42333 658.32328
6713.79447 136.38088 4.52585 4.41506 657.51861
6713.13871 135.84181 4.50734 4.39761 655.91185
6712.53728 135.32206 4.48970 4.38078 654.70478
6712.24542 135.06002 4.48093 4.37230 654.28436
6711.51915 134.51718 4.46244 4.35472 651.29247
6711.15201 134.21996 4.45236 4.34510 650.20034
6710.14397 133.37477 4.42375 4.31774 647.73621
6709.98730 133.23797 4.41912 4.31331 647.44861
6708.98794 132.32842 4.38852 4.28387 646.34369
6708.88994 132.23771 4.38547 4.28093 646.26300
6707.99568 131.42771 4.35821 4.25471 645.26841
6707.88687 131.32495 4.35475 4.25138 645.22267
6707.14684 130.70085 4.33361 4.23118 643.41955
6706.74872 130.37326 4.32257 4.22057 642.98270
6706.13181 129.85751 4.30529 4.20388 642.81076
6705.52336 129.34034 4.28751 4.18713 641.61489
6705.19987 129.06791 4.27823 4.17832 640.83286
6704.37314 128.40632 4.25790 4.15690 636.92995
6704.32061 128.35416 4.25638 4.15521 636.81181
6703.32956 127.61253 4.23221 4.13120 632.03205
6702.99666 127.34111 4.22280 4.12241 631.18061
6702.13211 126.61349 4.19814 4.09886 629.15683
6701.79701 126.33093 4.18856 4.08971 628.38181
6701.13407 125.77087 4.16952 4.07158 626.91852
6700.64111 125.35867 4.15553 4.05824 625.73461
6700.18746 124.98777 4.14293 4.04623 624.47638
6699.41260 124.35457 4.12137 4.02573 622.31049
6699.12242 124.10638 4.11297 4.01770 621.75333
6698.17635 123.30942 4.08591 3.99190 619.42910
6698.02474 123.17257 4.08127 3.98747 619.26711
6697.02469 122.28535 4.05137 3.95874 620.03610
6697.14825 122.38408 4.05469 3.96194 620.16423
6696.21351 121.63796 4.02928 3.93779 617.49119
6695.80281 121.29822 4.01767 3.92679 616.46560
6695.17075 120.75258 3.99920 3.90912 615.30715
6694.74023 120.42207 3.98782 3.89842 613.71034
6694.30457 120.07595 3.97574 3.88722 612.47280
6693.50493 119.47410 3.95608 3.86774 608.54363
6693.24683 119.27730 3.95022 3.86136 606.89839
6692.22255 118.46164 3.92400 3.83496 602.46215
6692.11270 118.36929 3.92075 3.83197 602.26913
6691.23589 117.66595 3.89650 3.80920 599.67121
6690.88672 117.39490 3.88723 3.80043 598.38760
6690.19326 116.84101 3.86819 3.78249 596.17633
6689.55633 116.31389 3.85013 3.76543 594.59787
6689.19692 116.01284 3.83981 3.75568 593.64967
6688.35654 115.34143 3.81680 3.73395 591.58338
6688.13415 115.14671 3.81022 3.72764 591.91510
6687.14998 114.33088 3.78229 3.70123 590.29857
6687.15968 114.33687 3.78251 3.70143 590.37420
6686.19249 113.55122 3.75542 3.67599 587.55131
6685.92279 113.33230 3.74787 3.66891 586.76591
6685.26840 112.79686 3.72942 3.65157 584.97835
6684.83661 112.48343 3.71855 3.64143 582.85423
6684.34158 112.11931 3.70588 3.62964 580.49519
6683.42167 111.42125 3.68129 3.60704 576.96927
6683.27988 111.30845 3.67753 3.60339 576.37865
6682.27213 110.53030 3.65342 3.57820 570.31511
6682.02354 110.32970 3.64698 3.57170 569.17275
6681.20587 109.66830 3.62383 3.55029 566.79693
6680.82673 109.36545 3.61323 3.54049 565.49851
6680.25046 108.91521 3.59759 3.52591 563.11559
6679.53552 108.34975 3.57805 3.50761 562.35855
6679.29862 108.15799 3.57141 3.50140 562.21027
6678.32560 107.42274 3.54557 3.47760 557.83807
6678.32468 107.42192 3.54554 3.47757 557.83679
6677.36506 106.69755 3.52000 3.45412 553.62880
6676.98833 106.43277 3.51059 3.44555 551.43117
6676.17497 105.80275 3.48839 3.42515 548.12969
6675.52973 105.24579 3.46886 3.40712 546.85702
6675.26308 105.03028 3.46126 3.40015 545.96463
6674.40990 104.37630 3.43808 3.37897 542.25089
6674.33976 104.31697 3.43597 3.37705 542.07785
6673.34787 103.58085 3.40965 3.35322 537.09129
6673.05128 103.35395 3.40161 3.34588 535.74594
6672.25810 102.73081 3.37934 3.32570 532.51830
6671.76421 102.34771 3.36537 3.31330 530.46660
6671.26404 101.95291 3.35173 3.30052 529.17818
6670.49644 101.35988 3.33314 3.28132 525.47358
6670.41071 101.28893 3.33089 3.27903 524.91777
6669.41962 100.58624 3.30568 3.25628 518.38385
6669.13378 100.36885 3.29771 3.24924 517.07664
6668.36796 99.78151 3.27646 3.23023 513.30189
6667.93120 99.48175 3.26549 3.22052 510.26237
6667.40308 99.10101 3.25155 3.20820 507.03865
6666.49248 98.44059 3.22735 3.18682 501.48381
6666.39671 98.37099 3.22480 3.18456 500.89608
6665.35542 97.61457 3.19701 3.16008 494.41198
6664.83675 97.20078 3.18185 3.14668 492.09802
6664.12263 96.58200 3.15921 3.12665 489.99020
6663.80781 96.33436 3.15010 3.11863 488.45392
6663.37119 96.00080 3.13774 3.10783 486.11992
6662.58853 95.43960 3.11675 3.08967 480.40257
6662.40547 95.30640 3.11181 3.08535 479.33215
6661.38640 94.57146 3.08464 3.06156 474.92829
6661.16567 94.40241 3.07829 3.05609 473.56919
6660.43914 93.87282 3.05807 3.03894 468.49877
6659.83870 93.46222 3.04307 3.02565 463.32319
6659.48212 93.19968 3.03425 3.01715 459.97520
6658.51016 92.54101 3.01202 2.99583 449.70918
6658.24844 92.34931 3.00488 2.98962 447.72677
6657.31985 91.64451 2.97816 2.96681 441.56218
6657.04541 91.43972 2.97042 2.96018 439.51449
6656.46401 91.03859 2.95553 2.94719 434.30217
6655.59485 90.42499 2.93291 2.92733 426.76261
6655.51238 90.35588 2.93033 2.92509 426.29974
6654.50697 89.68482 2.90625 2.90337 416.45319
6654.04633 89.34709 2.89430 2.89243 412.49736
6653.30330 88.78350 2.87450 2.87419 408.60022
6652.65208 88.28710 2.85763 2.85812 404.23582
6652.24641 87.95603 2.84678 2.84740 401.12340
6651.41661 87.31995 2.82714 2.82681 394.19670
6651.64386 87.47264 2.83151 2.83175 396.53200
6650.61961 86.83490 2.81428 2.81111 384.60441
6649.93463 86.35911 2.80049 2.79570 377.60826
6649.20824 85.79785 2.78621 2.77753 371.27513
6648.55453 85.26212 2.77578 2.76019 366.22029
6648.41353 85.16298 2.77451 2.75698 364.70321
6647.40934 84.44838 2.74668 2.73385 354.72427
6647.43387 84.45830 2.74672 2.73417 355.11487
6646.32230 83.69874 2.73639 2.70958 342.17846
6645.59839 83.06390 2.70055 2.68903 336.62254
6645.07535 82.60988 2.65660 2.67433 332.78307
6644.22387 81.87168 2.61855 2.65043 327.77122
6643.46603 80.99520 2.63854 2.62206 326.12168
6643.00706 80.43293 2.60181 2.60386 324.70465
6642.39616 79.65015 2.44438 2.57851 323.56171
6642.13368 79.32271 2.39772 2.56791 322.90600
6641.37934 78.29979 2.38018 2.53480 322.41600
6641.27554 78.16960 2.37720 2.53058 322.22663
6640.69019 77.34777 2.35772 2.50398 322.66316
6640.91072 77.58115 2.36181 2.51153 323.56188
6640.36074 77.12673 2.35527 2.49682 319.64286
6640.51710 77.22085 2.35618 2.49987 321.19732
6639.63252 76.66454 2.34934 2.48186 313.13429
6639.36945 76.49091 2.34673 2.47624 311.08233
6638.72794 76.07254 2.34073 2.46270 306.39943
6637.93471 75.62271 2.33619 2.44813 299.92735
6637.68372 75.46568 2.33451 2.44305 298.03262
6636.64982 74.82781 2.32765 2.42240 290.69077
6636.10849 74.47003 2.32222 2.41082 287.90565
6635.62929 74.15690 2.31696 2.40068 286.13011
6634.64335 73.53552 2.30800 2.38057 281.06293
6634.45004 73.40558 2.30612 2.37636 280.14150
6633.59285 72.81386 2.29707 2.35720 276.11406
6633.07493 72.51321 2.29321 2.34747 273.23804
6632.40483 72.05456 2.28622 2.33262 270.22730
6631.39549 71.31998 2.27445 2.30884 266.04328
6631.20869 71.17720 2.27204 2.30422 265.33221
6630.18658 70.36563 2.25771 2.27795 261.65525
6629.88490 70.11337 2.25309 2.26978 260.67968
6629.11305 69.47005 2.24097 2.24895 258.10629
6628.62752 69.06364 2.23334 2.23580 256.46784
6628.05438 68.56072 2.22331 2.21952 254.71990
6627.42415 68.02787 2.21257 2.20227 252.61561
6626.96039 67.60129 2.20366 2.18846 251.33040
6626.26815 66.98265 2.18943 2.16843 250.01314
6625.98227 66.72237 2.18371 2.16000 249.24459
6625.12648 65.96187 2.16928 2.13538 245.83676
6624.75492 65.59836 2.16140 2.12362 244.72935
6623.91228 64.74186 2.14011 2.09589 242.63486
6623.87789 64.69087 2.13878 2.09424 242.63672
6623.04494 63.92690 2.11967 2.06951 239.93729
6622.72042 63.61316 2.11152 2.05935 238.96085
6621.84084 62.69421 2.08679 2.02960 236.62893
6621.56498 62.39453 2.07843 2.01990 235.92913
6620.74378 61.45477 2.05178 1.98948 234.04297
6620.38289 60.98327 2.03793 1.97421 233.44116
6619.94139 60.43603 2.02170 1.95650 232.56093
6619.57670 60.01261 2.00913 1.94279 231.69093
6619.23853 59.64829 1.99823 1.93099 230.72906
6618.71097 59.08756 1.98122 1.91284 229.09420
6618.50972 58.88308 1.97498 1.90622 228.51075
6618.03967 58.46442 1.96191 1.89267 227.23614
6617.47394 57.99198 1.94805 1.87737 225.29261
6616.95519 57.51638 1.93534 1.86198 223.11681
6616.35709 56.98149 1.91993 1.84466 220.80724
6616.06991 56.74035 1.91221 1.83686 219.75748
6615.23373 56.02661 1.88971 1.81375 216.64592
6615.22459 56.01631 1.88939 1.81342 216.61999
6614.21779 55.23530 1.86475 1.78813 212.67454
6613.70344 54.78184 1.85021 1.77345 210.85062
6612.79873 53.88460 1.82139 1.74441 207.92250
6612.75243 53.84321 1.82004 1.74307 207.75912
6611.86949 53.00794 1.79273 1.71603 204.77141
6611.53993 52.68890 1.78231 1.70570 203.67199
6610.69047 51.80016 1.75293 1.67693 200.95954
6610.45690 51.55187 1.74470 1.66889 200.21920
6609.59192 50.58650 1.71241 1.63764 197.45987
6609.72823 50.73288 1.71733 1.64238 197.91050
6608.78259 49.78711 1.68563 1.61176 195.07421
6609.20841 50.15934 1.69810 1.62381 196.33084
6608.30904 49.47453 1.67498 1.60164 193.41631
6608.33877 49.47602 1.67504 1.60169 193.56020
6608.01330 49.31564 1.66951 1.59650 192.18831
6607.01641 48.80560 1.65280 1.57998 188.12798
6606.54972 48.55983 1.64563 1.57203 186.27655
6605.69070 48.06938 1.63134 1.55615 183.03828
6604.62274 47.38283 1.60822 1.53392 179.33627
6604.47789 47.28696 1.60500 1.53082 178.85141
6603.40842 46.55252 1.58036 1.50704 175.30836
6602.81923 46.10240 1.56524 1.49247 173.40379
6602.11501 45.53913 1.54615 1.47424 171.14985
6601.34379 44.87676 1.52380 1.45280 168.68198
6600.88988 44.43509 1.50876 1.43850 167.22603
6600.15175 43.76355 1.48592 1.41676 165.14731
6599.66881 43.24946 1.46838 1.40011 163.66208
6599.18872 42.74637 1.45122 1.38383 162.04058
6599.04334 42.63326 1.44732 1.38017 161.56954
6598.31689 42.00926 1.42581 1.35997 159.23067
6598.73059 42.30030 1.43585 1.36939 160.53358
6597.77326 41.75042 1.41678 1.35159 157.59033
6597.06308 41.31404 1.40180 1.33746 155.44339
6596.38559 40.83144 1.38475 1.32184 153.36843
6595.56453 40.24248 1.36516 1.30277 150.91573
6595.62102 40.28809 1.36654 1.30425 151.08578
6594.57909 39.62367 1.34662 1.28274 148.14252
6594.31791 39.43967 1.34060 1.27678 147.39395
6593.90253 39.21945 1.33282 1.26965 146.28206
6592.85461 38.64481 1.31254 1.25105 143.51668
6592.28949 38.29864 1.30055 1.23984 142.01170
6591.49715 37.75574 1.28181 1.22227 139.86416
6590.84898 37.32428 1.26681 1.20830 138.26922
6590.60817 37.17551 1.26166 1.20348 137.67026
6589.62196 36.54210 1.23969 1.18298 135.09174
6589.67195 36.56313 1.24043 1.18366 135.20068
6589.04102 36.25610 1.22969 1.17372 133.76741
6587.94290 35.68886 1.20995 1.15536 131.27369
6587.41192 35.37653 1.19905 1.14524 130.01955
6586.63496 34.88891 1.18207 1.12946 128.14508
6585.82199 34.37768 1.16427 1.11291 126.21106
6585.85231 34.39927 1.16501 1.11361 126.28751
6584.81741 33.82078 1.14488 1.09488 124.01643
6584.28216 33.50364 1.13380 1.08461 122.82681
6583.94527 33.34187 1.12818 1.07938 122.16694
6582.78246 32.70262 1.10588 1.05868 119.76544
6581.84971 32.08099 1.08438 1.03856 117.63195
6581.08073 31.44149 1.06177 1.01786 115.47992
6580.49879 30.95468 1.04614 1.00210 113.94422
6580.56981 30.96995 1.04661 1.00259 114.01994
6579.81257 30.54178 1.03362 0.98873 112.60580
6580.03939 30.65387 1.03715 0.99236 112.99674
6579.34046 30.34465 1.02718 0.98235 111.87830
6578.35411 29.94230 1.01308 0.96932 110.36362
6578.01112 29.78271 1.00727 0.96416 109.77050
6577.72549 29.70390 1.00439 0.96160 109.43746
6576.41098 29.24869 0.98813 0.94687 107.74109
6575.13662 28.65700 0.96743 0.92771 105.71449
6574.70004 28.42460 0.95929 0.92019 104.93812
6573.78521 27.89145 0.94065 0.90293 103.18337
6572.87750 27.36937 0.92246 0.88603 101.47712
6572.34095 26.99457 0.90939 0.87390 100.25101
6571.42699 26.33181 0.88629 0.85244 98.08243
6572.12302 26.70578 0.89941 0.86455 99.31045
6571.48458 26.47673 0.89128 0.85713 98.55536
6570.32036 26.00786 0.87470 0.84195 97.03666
6569.54835 25.65144 0.86216 0.83041 95.89491
6569.38049 25.58543 0.85982 0.82828 95.68675
6568.25295 25.11796 0.84332 0.81314 94.23083
6567.13608 24.58645 0.82461 0.79594 92.55251
6566.56780 24.26404 0.81332 0.78550 91.52386
6565.62702 23.65535 0.79215 0.76579 89.57076
6565.32484 23.47326 0.78574 0.75990 88.97869
6565.13965 23.39342 0.78289 0.75732 88.72135
6564.10309 22.90137 0.76529 0.74139 87.13794
6563.60097 22.64505 0.75676 0.73309 86.37908
6563.78445 22.72766 0.75944 0.73576 86.61230
6562.59146 22.35744 0.74772 0.72378 85.70994
6561.31482 21.83535 0.73135 0.70688 84.36177
6560.69505 21.54651 0.72126 0.69753 83.47771
6560.06540 21.22225 0.70969 0.68703 82.43277
6559.14529 20.77954 0.69402 0.67270 81.04555
6558.83629 20.64082 0.68915 0.66821 80.62137
6558.31413 20.41389 0.68118 0.66086 79.93406
6557.34784 20.00451 0.66673 0.64761 78.68017
6556.66238 19.72051 0.65668 0.63841 77.81761
6556.87207 19.80018 0.65951 0.64099 78.05099
6555.77954 19.48029 0.64809 0.63064 77.17282
6554.62770 19.09313 0.63435 0.61810 76.04998
6553.71189 18.75963 0.62256 0.60731 75.06102
6553.55129 18.70346 0.62057 0.60549 74.89768
6552.51495 18.31919 0.60700 0.59305 73.73471
6551.42850 17.90326 0.59232 0.57958 72.45996
6550.56711 17.52562 0.57905 0.56736 71.22864
6549.85327 17.13035 0.56523 0.55456 69.87029
6548.90774 16.61095 0.54705 0.53775 68.05692
6548.90323 16.60650 0.54690 0.53760 68.04000
6548.27238 16.33640 0.53737 0.52886 67.13820
6547.25638 15.88696 0.52156 0.51431 65.58889
6546.98299 15.75350 0.51688 0.50999 65.11082
6547.31633 15.86165 0.52072 0.51349 65.46360
6546.34394 15.68666 0.51433 0.50782 65.03922
6545.23962 15.46760 0.50637 0.50073 64.48280
6544.15864 15.22543 0.49765 0.49289 63.80625
6543.18986 14.99972 0.48957 0.48559 63.14060
6542.79626 14.92348 0.48685 0.48312 62.93187
6542.28983 14.79927 0.48246 0.47910 62.55119
6541.53157 14.66511 0.47771 0.47475 62.20242
6540.73581 14.56866 0.47426 0.47163 62.00602
6539.79698 14.48240 0.47121 0.46884 61.90892
6538.66087 14.36994 0.46725 0.46520 61.73673
6537.40586 14.18429 0.46079 0.45919 61.20333
6536.24095 13.94963 0.45262 0.45159 60.42490
6535.38030 13.68950 0.44366 0.44317 59.43342
6534.29800 13.25762 0.43023 0.42919 57.85232
6533.11236 12.71511 0.41415 0.41163 55.90695
6532.51403 12.39873 0.40362 0.40138 54.58260
6531.65684 11.90921 0.38663 0.38554 52.42311
6530.58428 11.21996 0.36311 0.36322 49.40865
6530.12636 10.88437 0.35162 0.35236 47.92463
6529.10354 10.05822 0.32334 0.32561 44.21187
6528.52164 9.53690 0.30537 0.30874 41.88175
6527.63971 8.61428 0.27367 0.27887 37.74435
6527.44514 8.40348 0.26638 0.27205 36.80376
0.00000 0.00000 0.00000 0.00000 0.00000
