6805.79021 247.43409 8.16972 8.01018 752.21919
6804.76300 246.52770 8.13961 7.98084 750.18312
6804.43012 246.21608 8.12928 7.97075 749.60552
6803.49818 245.32546 8.09991 7.94192 748.95751
6803.43191 245.26244 8.09784 7.93988 748.95295
6802.53794 244.41897 8.07007 7.91258 747.88696
6802.26792 244.16165 8.06123 7.90424 747.54979
6801.39900 243.31414 8.03460 7.87681 746.10082
6801.20239 243.11590 8.02887 7.87039 745.68665
6800.43122 242.36296 8.00526 7.84602 744.38246
6800.08391 242.02607 7.99392 7.83511 743.98988
6799.28038 241.20627 7.96696 7.80857 743.27305
6799.11211 241.03970 7.96146 7.80318 743.08555
6798.28144 240.20558 7.93381 7.77618 742.26190
6798.12373 240.03712 7.92825 7.77072 742.18876
6797.43688 239.35850 7.90585 7.74875 741.39563
6797.47802 239.40187 7.90728 7.75016 741.41967
6796.69934 238.70493 7.88414 7.72759 739.91359
6796.22304 238.26649 7.86960 7.71340 739.07945
6795.48830 237.57366 7.84657 7.69097 737.93888
6795.00135 237.09753 7.83082 7.67556 737.25585
6794.36950 236.47734 7.81045 7.65548 737.07938
6793.94845 236.05652 7.79656 7.64186 737.11805
6793.44015 235.55538 7.78003 7.62563 736.51294
6793.04739 235.18356 7.76773 7.61360 735.82988
6792.45299 234.61333 7.74849 7.59514 735.12221
6791.97355 234.14675 7.73420 7.58003 734.14925
6791.41934 233.61714 7.71887 7.56289 732.71466
6790.63893 232.83636 7.69304 7.53761 731.86654
6790.03371 232.16943 7.67115 7.51602 731.73423
6789.89465 232.01447 7.66608 7.51100 731.72077
6789.55426 231.69741 7.65554 7.50074 731.15080
6789.00192 231.18272 7.63840 7.48408 730.22314
6788.50654 230.70223 7.62253 7.46852 729.55269
6788.02336 230.25131 7.60755 7.45393 728.73803
6787.58800 229.84876 7.59413 7.44089 727.98562
6786.94686 229.25042 7.57422 7.42152 726.88483
6786.56925 228.90210 7.56267 7.41025 726.14594
6785.81835 228.19582 7.53936 7.38738 725.62080
6785.49575 227.88972 7.52924 7.37747 725.49907
6784.70099 227.13064 7.50406 7.35290 724.27848
6784.35253 226.79056 7.49286 7.34189 723.80484
6783.57945 226.01982 7.46714 7.31694 723.01743
6783.52399 225.96696 7.46544 7.31523 722.91535
6782.69745 225.18918 7.44253 7.29005 720.68782
6782.63241 225.12659 7.44062 7.28802 720.54586
6781.67354 224.25032 7.41157 7.25966 718.72025
6780.92016 223.47944 7.38611 7.23470 718.01534
6780.15402 222.61319 7.35757 7.20666 718.05339
6780.35786 222.83738 7.36496 7.21391 718.10028
6779.51623 222.00248 7.33727 7.18689 717.08791
6779.97230 222.40722 7.35079 7.19999 718.06663
6779.04683 221.65369 7.32551 7.17559 715.47635
6778.33319 221.00789 7.30407 7.15469 714.07756
6777.37027 220.05741 7.27252 7.12392 712.76157
6777.31267 220.00141 7.27066 7.12211 712.68989
6776.36968 219.06904 7.23994 7.09192 712.56065
6776.52397 219.21680 7.24481 7.09671 712.58379
6775.57318 218.33724 7.21555 7.06823 711.15704
6775.35770 218.12926 7.20866 7.06150 710.81230
6774.49986 217.31838 7.18165 7.03525 709.46617
6774.12465 216.95276 7.16922 7.02341 709.02790
6773.34042 216.16540 7.14559 6.99792 707.41515
6773.12992 215.96402 7.13978 6.99140 706.83018
6772.30269 215.13409 7.11238 6.96454 705.87015
6772.15102 214.98040 7.10725 6.95956 705.72942
6771.34591 214.18944 7.08109 6.93395 704.67290
6771.06958 213.90704 7.07173 6.92481 704.41547
6770.41478 213.24974 7.04994 6.90353 703.68211
6770.52046 213.35801 7.05352 6.90704 703.78121
6769.69317 212.62866 7.02918 6.88343 701.93626
6769.22312 212.18821 7.01453 6.86917 701.10927
6768.56210 211.58165 6.99433 6.84953 699.89117
6768.02080 211.06413 6.97728 6.83278 699.82247
6767.42140 210.48792 6.95820 6.81413 699.26347
6766.85228 209.92871 6.93960 6.79602 698.40763
6766.35654 209.42788 6.92307 6.77981 697.87716
6765.96326 209.04866 6.91050 6.76753 697.29366
6765.48859 208.59431 6.89516 6.75282 696.63350
6765.02721 208.15617 6.88090 6.73864 695.79530
6764.52662 207.69944 6.86748 6.72385 694.21926
6763.76327 206.96196 6.84429 6.69998 692.68672
6763.34096 206.53627 6.82993 6.68620 692.31623
6762.64038 205.84680 6.80713 6.66388 691.38962
6762.24875 205.42858 6.79331 6.65034 691.18736
6761.93468 205.11603 6.78296 6.64022 690.81549
6761.82209 205.02981 6.78006 6.63743 690.43917
6760.99738 204.30996 6.75592 6.61413 688.49010
6760.48248 203.83588 6.74010 6.59878 687.52991
6759.62052 203.00631 6.71253 6.57192 686.11432
6759.50245 202.88835 6.70863 6.56810 686.01722
6758.67411 202.10929 6.68291 6.54288 685.64728
6758.53525 201.98242 6.67869 6.53878 685.49534
6757.57619 201.07768 6.64848 6.50949 683.80437
6757.45540 200.96212 6.64464 6.50575 683.62196
6756.46855 200.01439 6.61325 6.47507 682.11228
6756.43437 199.98109 6.61214 6.47399 682.06358
6755.43720 199.01828 6.57996 6.44282 680.61861
6755.61345 199.18363 6.58525 6.44817 680.99504
6754.62400 198.28082 6.55824 6.41894 678.01970
6754.08860 197.76331 6.54146 6.40219 677.08741
6753.16356 196.80142 6.50945 6.37105 676.46547
6753.31182 196.94606 6.51423 6.37573 676.67196
6752.49063 196.15068 6.48776 6.34999 675.47551
6752.85788 196.48430 6.49895 6.36079 676.23860
6751.85038 195.64711 6.47079 6.33368 673.41120
6751.22485 195.06672 6.45142 6.31489 672.17392
6750.48008 194.37091 6.42831 6.29237 671.48973
6749.99740 193.89520 6.41263 6.27697 671.45454
6749.41912 193.32526 6.39363 6.25852 670.66555
6749.07232 192.99907 6.38277 6.24796 670.03429
6748.47750 192.42446 6.36366 6.22936 669.21018
6748.11631 192.08678 6.35235 6.21843 668.56169
6747.50564 191.51960 6.33354 6.20006 667.40855
6746.98240 191.01465 6.31648 6.18372 666.73640
6746.54957 190.61060 6.30297 6.17064 665.95768
6745.87366 189.97801 6.28428 6.15016 663.96246
6745.42902 189.53681 6.27071 6.13588 663.06550
6744.78830 188.92974 6.25031 6.11622 662.07196
6744.40995 188.54681 6.23757 6.10383 661.68425
6743.97629 188.13504 6.22387 6.09050 660.96932
6743.63469 187.84452 6.21414 6.08109 660.08606
6742.74482 187.00898 6.18625 6.05404 658.55709
6742.62200 186.88567 6.18217 6.05005 658.42562
6741.80105 186.14679 6.15742 6.02613 656.59126
6741.55924 185.91934 6.14987 6.01877 656.40544
6740.65391 185.07952 6.12199 5.99158 655.83079
6740.52687 184.96351 6.11813 5.98782 655.57165
6739.51959 184.01428 6.08645 5.95709 653.74848
6739.67559 184.15808 6.09127 5.96175 654.02980
6738.67333 183.25422 6.06102 5.93249 651.92229
6738.60355 183.19053 6.05892 5.93043 651.78115
6737.69501 182.38058 6.03148 5.90421 649.88653
6737.32677 182.04286 6.02043 5.89327 649.08188
6736.49772 181.26663 5.99765 5.86814 646.56219
6736.21091 180.98715 5.98851 5.85910 646.13124
6735.62618 180.43975 5.97011 5.84138 645.12299
6735.16461 180.03260 5.95650 5.82820 644.06013
6734.43597 179.32869 5.93305 5.80541 642.98110
6734.21289 179.11277 5.92584 5.79842 642.67316
6733.56967 178.54538 5.90683 5.78005 641.12525
6732.89735 177.88980 5.88504 5.75883 640.68882
6732.55618 177.56299 5.87426 5.74825 640.74643
6732.02584 177.08096 5.85816 5.73264 639.97595
6731.65814 176.74055 5.84676 5.72162 639.17277
6730.97083 176.12616 5.82620 5.70173 637.64874
6730.52023 175.71073 5.81231 5.68828 636.83384
6729.73578 174.96816 5.78750 5.66424 635.54849
6729.49187 174.73932 5.77985 5.65684 635.13262
6728.66959 173.95840 5.75382 5.63156 633.81533
6728.85074 174.11688 5.75911 5.63669 634.25765
6727.90938 173.32005 5.73217 5.61089 631.79510
6727.61426 173.05988 5.72330 5.60247 631.14990
6726.64226 172.16982 5.69635 5.57365 628.25436
6726.48870 172.03700 5.69234 5.56935 627.70880
6725.51592 171.13072 5.66214 5.54001 625.93139
6725.43210 171.04326 5.65925 5.53718 625.88861
6724.61627 170.30432 5.63456 5.51326 624.17932
6724.39247 170.09216 5.62746 5.50639 623.79393
6723.66620 169.44465 5.60583 5.48543 622.68548
6723.12013 168.94053 5.58910 5.46911 622.45092
6722.50702 168.35252 5.56947 5.45008 621.51935
6722.15853 168.03343 5.55879 5.43975 620.80576
6721.67904 167.59211 5.54404 5.42546 619.96133
6721.24299 167.20947 5.53120 5.41307 618.92330
6720.75091 166.78604 5.51700 5.39936 617.68286
6719.95190 166.07033 5.49301 5.37619 615.95897
6719.60218 165.74585 5.48214 5.36569 615.31183
6718.80069 165.01422 5.45767 5.34201 613.73491
6718.59193 164.81588 5.45083 5.33558 613.49274
6717.75705 164.05375 5.42633 5.31091 611.47149
6718.18586 164.41231 5.43727 5.32252 613.08244
6717.14824 163.60830 5.41313 5.29649 608.34828
6716.31825 162.87696 5.38900 5.27282 606.31740
6715.45362 162.04736 5.36127 5.24596 605.12461
6715.30363 161.90755 5.35662 5.24143 605.06728
6714.50697 161.15159 5.33144 5.21696 604.93244
6714.57072 161.20551 5.33325 5.21871 605.09090
6713.75384 160.51189 5.30993 5.19625 602.78104
6713.15587 159.95575 5.29134 5.17825 601.76334
6712.63269 159.47270 5.27519 5.16261 600.80312
6712.12971 159.02374 5.26011 5.14808 599.70797
6711.64555 158.57325 5.24497 5.13349 598.88019
6711.09185 158.08333 5.22856 5.11763 597.62899
6710.67046 157.70190 5.21580 5.10528 596.77917
6709.98850 157.09061 5.19531 5.08549 595.34680
6709.67034 156.81104 5.18592 5.07644 594.63054
6708.79900 156.02057 5.15943 5.05085 592.82447
6709.25590 156.39010 5.17187 5.06282 594.29185
6708.30604 155.68229 5.14773 5.03990 590.68210
6707.67796 155.16420 5.13021 5.02313 588.83577
6706.76924 154.37540 5.10677 4.99759 585.74058
6706.10804 153.77062 5.08702 4.97802 585.45471
6705.28450 152.94663 5.05940 4.95134 584.58711
6705.43937 153.07875 5.06383 4.95562 585.02688
6704.83674 152.56939 5.04671 4.93913 583.41475
6704.25264 152.05797 5.02951 4.92257 582.03676
6703.71047 151.56506 5.01292 4.90662 580.97527
6703.20255 151.12392 4.99813 4.89233 579.74632
6702.69633 150.67743 4.98311 4.87788 578.58504
6701.99623 150.04800 4.96205 4.85750 577.16031
6701.86597 149.93106 4.95813 4.85372 576.89093
6701.02759 149.22565 4.93428 4.83088 574.58085
6701.13153 149.30402 4.93695 4.83342 574.97540
6700.13513 148.52222 4.91050 4.80811 571.59389
6699.63944 148.10409 4.89640 4.79457 570.22696
6698.75647 147.32904 4.87030 4.76948 568.20611
6698.53649 147.13590 4.86366 4.76323 567.73045
6697.79051 146.49142 4.84251 4.74237 565.70325
6697.41568 146.16110 4.83280 4.73167 564.92504
6696.85527 145.68774 4.81859 4.71635 563.52712
6696.02543 144.96659 4.79401 4.69300 561.50729
6695.35531 144.31962 4.77245 4.67206 560.66599
6694.86234 143.83487 4.75630 4.65637 560.12747
6694.96166 143.92093 4.75919 4.65915 560.38044
6694.25300 143.35423 4.73999 4.64081 558.06982
6693.89465 143.05972 4.73002 4.63127 556.99573
6692.87218 142.19075 4.70068 4.60314 554.29423
6692.71444 142.05393 4.69608 4.59871 553.92376
6691.76337 141.21314 4.66781 4.57149 551.79018
6691.97126 141.38842 4.67369 4.57717 552.35481
6691.12924 140.72436 4.65123 4.55567 549.50025
6690.62449 140.31806 4.63740 4.54252 547.89676
6689.92239 139.74426 4.61809 4.52394 545.71297
6689.20509 139.12839 4.59722 4.50400 543.87951
6688.87179 138.84111 4.58754 4.49470 542.92779
6688.04808 138.14528 4.56424 4.47218 541.71465
6688.02116 138.11075 4.56309 4.47106 541.84363
6687.08541 137.36174 4.53786 4.44681 539.09765
6686.55580 136.90650 4.52434 4.43207 536.98363
6685.58128 136.01062 4.49530 4.40307 534.77210
6685.65967 136.07847 4.49756 4.40527 534.97526
6684.77673 135.31508 4.47196 4.38055 532.74526
6684.52541 135.09022 4.46432 4.37328 532.21256
6683.90574 134.55941 4.44645 4.35609 530.60826
6683.50305 134.23059 4.43528 4.34545 529.35954
6682.92767 133.75008 4.41900 4.32989 527.73614
6682.27887 133.20649 4.40062 4.31229 525.87045
6682.23073 133.16076 4.39908 4.31081 525.79814
6681.34461 132.49268 4.37636 4.28919 522.37154
6681.22332 132.39822 4.37314 4.28613 521.95216
6680.14793 131.56672 4.34484 4.25921 517.98889
6679.57565 131.08625 4.32867 4.24366 517.30865
6678.86401 130.47132 4.30792 4.22375 515.99567
6678.50849 130.17857 4.29800 4.21427 514.78039
6677.94235 129.70019 4.28181 4.19878 513.21162
6677.38137 129.23945 4.26590 4.18387 511.61770
6677.04075 128.96121 4.25658 4.17486 510.49336
6676.14051 128.23255 4.23466 4.15127 506.39931
6675.81438 127.95136 4.22585 4.14217 505.29571
6674.83145 127.10858 4.19703 4.11489 502.77783
6674.67824 126.97524 4.19254 4.11057 502.39010
6673.74575 126.14624 4.16443 4.08373 500.27354
6674.25067 126.55104 4.17828 4.09684 501.97034
6673.28975 125.85554 4.15440 4.07432 497.80328
6672.45441 125.17540 4.13122 4.05230 495.07103
6672.02021 124.81098 4.11882 4.04051 493.72594
6671.31157 124.24431 4.09960 4.02216 491.85009
6671.12096 124.07895 4.09403 4.01681 491.72785
6670.20988 123.37002 4.06984 3.99386 488.91276
6670.14285 123.31729 4.06803 3.99215 488.63523
6669.08575 122.48273 4.03949 3.96513 484.87243
6668.75925 122.20843 4.03016 3.95625 483.86344
6668.10182 121.67525 4.01198 3.93899 481.67291
6667.60268 121.28720 3.99864 3.92643 479.78939
6667.03339 120.82168 3.98280 3.91136 477.90181
6666.34403 120.26550 3.96359 3.89335 475.64543
6666.20973 120.15847 3.95979 3.88989 475.23617
6665.23572 119.40820 3.93530 3.86560 470.86149
6665.09078 119.29574 3.93198 3.86196 470.08838
6664.01500 118.43923 3.90440 3.83423 465.55034
6663.77109 118.22054 3.89682 3.82715 465.01704
6663.17379 117.75333 3.88064 3.81203 462.79161
6662.57780 117.28910 3.86471 3.79700 460.41306
6662.03729 116.85103 3.84975 3.78282 459.15596
6661.25897 116.22079 3.82821 3.76242 457.31184
6661.30691 116.25155 3.82928 3.76341 457.58145
6660.33149 115.52760 3.80425 3.73997 453.19425
6660.03465 115.29304 3.79615 3.73238 452.09100
6659.16492 114.60947 3.77251 3.71025 448.71641
6658.63963 114.19784 3.75830 3.69693 446.66076
6658.04129 113.69671 3.74101 3.68070 444.72970
6657.52489 113.29463 3.72705 3.66769 442.66645
6657.15984 113.00340 3.71697 3.65826 441.28612
6656.28442 112.32158 3.69339 3.63619 437.78629
6656.79692 112.68417 3.70599 3.64792 440.26500
6655.68443 111.95623 3.68040 3.62436 434.14208
6654.77994 111.27679 3.65720 3.60236 430.01811
6654.19549 110.80929 3.64306 3.58723 426.91680
6653.49393 110.27788 3.62535 3.57003 424.27266
6652.89381 109.77656 3.60798 3.55380 422.99083
6652.11621 109.12538 3.58529 3.53272 420.08498
6652.29628 109.26974 3.59032 3.53739 420.80952
6651.28163 108.50612 3.56365 3.51267 416.31289
6651.08476 108.34973 3.55818 3.50761 415.51057
6650.29153 107.74572 3.53697 3.48805 411.97414
6649.73867 107.33022 3.52237 3.47460 409.45712
6649.16014 106.87261 3.50633 3.45979 407.05043
6648.44296 106.31516 3.48678 3.44174 403.94965
6648.55227 106.38989 3.48941 3.44416 404.54528
6647.58072 105.71676 3.46559 3.42237 399.41495
6647.30691 105.51460 3.45845 3.41582 398.09937
6646.37845 104.84924 3.43492 3.39428 393.38815
6645.60219 104.24796 3.41377 3.37482 389.98281
6645.31695 104.01322 3.40546 3.36722 388.77635
6644.55006 103.45987 3.38579 3.34931 385.10586
6644.43107 103.36397 3.38244 3.34620 384.77207
6643.38812 102.61197 3.35546 3.32186 380.87628
6642.99842 102.30407 3.34446 3.31189 378.87103
6642.31362 101.78319 3.32766 3.29503 375.09770
6641.62362 101.26914 3.31161 3.27839 371.09494
6641.09371 100.83167 3.29663 3.26422 368.75304
6640.38374 100.28129 3.27686 3.24641 365.50104
6640.57398 100.41409 3.28159 3.25071 366.52366
6639.59275 99.73958 3.25764 3.22887 361.22051
6639.23421 99.47560 3.24832 3.22032 359.41518
6638.53130 98.97094 3.23049 3.20399 355.83818
6637.87919 98.51368 3.21439 3.18918 352.32670
6637.62390 98.32158 3.20770 3.18296 351.10133
6636.67505 97.67978 3.18512 3.16219 345.90038
6636.08485 97.24363 3.16984 3.14807 343.19262
6635.20664 96.55542 3.14601 3.12579 339.99037
6635.06201 96.44873 3.14241 3.12233 339.25723
6634.48611 96.03462 3.12826 3.10893 336.23917
6633.70014 95.47074 3.10877 3.09067 332.25903
6633.70081 95.46235 3.10847 3.09040 332.31355
6632.67636 94.78032 3.08533 3.06832 326.91485
6632.09268 94.35075 3.07091 3.05442 324.25909
6631.42641 93.85143 3.05426 3.03825 321.09767
6630.87845 93.46645 3.04273 3.02579 318.15205
6630.83868 93.41532 3.04124 3.02413 318.03116
6629.98385 92.89071 3.02705 3.00715 313.36960
6629.23027 92.36659 3.01182 2.99018 309.84166
6628.15181 91.55879 2.98668 2.96403 305.12963
6627.73504 91.19910 2.97579 2.95239 303.39971
6627.64477 91.13231 2.97382 2.95023 303.00144
6626.86048 90.62188 2.95920 2.93370 299.61876
6626.09520 90.04799 2.94237 2.91512 297.02733
6625.09645 89.25705 2.91991 2.88952 293.03845
6625.42082 89.49380 2.92641 2.89718 294.33609
6624.37145 88.75808 2.90687 2.87337 290.22557
6623.91531 88.38339 2.89680 2.86124 288.55534
6623.46528 88.08924 2.88931 2.85171 286.87842
6622.33107 87.23416 2.86776 2.82403 282.81928
6621.63656 86.64671 2.85616 2.80501 280.49722
6620.63593 85.74804 2.81878 2.77592 277.16313
6620.07142 85.19509 2.78655 2.75802 275.31320
6619.11056 84.18709 2.76133 2.72539 272.15915
6618.64204 83.65483 2.75348 2.70816 270.64904
6617.78594 82.62995 2.71746 2.67498 268.19081
6617.03409 81.61966 2.69521 2.64227 265.89719
6616.67889 81.06191 2.71081 2.62422 264.85282
6616.51379 80.84581 2.71021 2.61722 264.39051
6616.96992 81.36596 2.70013 2.63406 265.72719
6616.64249 81.03263 2.71170 2.62327 264.74290
6617.22663 81.51695 2.69378 2.63895 266.56955
6616.99730 81.35724 2.69996 2.63378 265.82301
6616.18482 80.87433 2.71623 2.61814 263.33823
6616.04136 80.78424 2.71410 2.61523 262.91697
6615.15276 80.23464 2.64886 2.59744 260.44138
6614.46418 79.83564 2.57466 2.58452 258.59825
6614.06291 79.57032 2.52814 2.57593 257.52590
6613.18019 79.04332 2.48683 2.55887 255.33060
6612.90979 78.88247 2.48418 2.55366 254.67968
6611.97805 78.32316 2.47644 2.53556 252.47250
6610.86003 77.58955 2.45266 2.51181 249.86770
6610.67867 77.45519 2.45141 2.50746 249.42321
6609.67400 76.78195 2.44141 2.48566 247.13327
6608.92163 76.24054 2.42720 2.46814 245.38750
6608.25750 75.72055 2.41999 2.45130 243.82767
6607.60310 75.23877 2.41325 2.43570 242.38953
6606.99643 74.75447 2.40414 2.42003 240.97933
6606.05175 73.98326 2.39039 2.39506 238.58970
6605.95064 73.89025 2.38837 2.39205 238.31465
6604.96576 73.08929 2.37196 2.36612 235.87676
6604.57297 72.75092 2.36591 2.35517 234.85492
6603.70537 71.98069 2.34970 2.33023 232.54367
6603.37328 71.69612 2.34347 2.32102 231.69874
6602.68790 71.06406 2.33013 2.30056 229.82761
6602.60777 71.01137 2.32909 2.29885 229.65820
6601.69641 70.25557 2.31224 2.27438 227.37757
6600.75548 69.36738 2.29115 2.24563 224.75991
6600.23044 68.82856 2.27753 2.22819 223.24346
6599.64862 68.25949 2.26297 2.20976 221.61643
6599.04959 67.62388 2.24652 2.18919 219.81721
6598.57473 67.12993 2.23333 2.17320 218.40807
6597.99874 66.51477 2.21715 2.15328 216.71144
6597.51530 65.99648 2.20465 2.13650 215.38407
6596.88947 65.30284 2.18548 2.11405 213.55530
6596.20695 64.52829 2.16237 2.08897 211.44923
6595.41238 63.49764 2.13103 2.05561 208.88803
6595.80994 63.97285 2.14553 2.07099 210.09103
6594.93162 63.01394 2.11631 2.03995 207.55246
6595.26409 63.35878 2.12684 2.05111 208.49300
6594.30302 62.41281 2.09808 2.02049 205.88342
6594.98671 63.02074 2.11642 2.04017 207.63613
6594.03897 62.26119 2.09361 2.01558 205.30799
6593.48879 61.81083 2.07982 2.00100 203.95089
6592.67685 61.09685 2.05761 1.97789 201.87464
6592.31476 60.77387 2.04751 1.96743 200.93333
6591.71064 60.25865 2.03131 1.95075 199.40768
6591.09902 59.70909 2.01368 1.93296 197.92242
6590.76223 59.41931 2.00448 1.92358 197.10538
6589.82550 58.60542 1.97817 1.89723 194.71489
6589.25127 58.03489 1.96004 1.87876 193.17533
6588.59087 57.39118 1.94188 1.85792 191.50058
6588.32320 57.13675 1.93407 1.84969 190.81456
6587.45829 56.28798 1.90587 1.82221 188.45040
6587.00925 55.82060 1.89051 1.80708 187.19455
6586.19008 54.94460 1.86150 1.77872 184.89611
6585.93437 54.64509 1.85147 1.76903 184.11928
6585.41781 54.10188 1.83342 1.75144 182.67196
6585.44008 54.10948 1.83367 1.75169 182.71389
6585.10330 53.80769 1.82359 1.74192 181.83442
6585.83132 54.35325 1.84170 1.75958 183.57949
6584.92302 53.78557 1.82290 1.74120 181.56404
6585.17159 53.91458 1.82717 1.74538 182.07210
6584.60723 53.62451 1.81756 1.73599 180.93330
6583.50071 53.02994 1.79772 1.71674 178.69123
6582.70166 52.54788 1.78156 1.70113 177.10082
6581.75485 51.92391 1.76057 1.68093 175.15824
6581.05908 51.45494 1.74478 1.66575 173.66086
6580.36423 50.97193 1.72853 1.65011 172.15369
6579.27328 50.14822 1.70068 1.62345 169.68295
6578.88734 49.84089 1.69026 1.61350 168.76656
6577.84849 48.97410 1.66065 1.58544 166.21249
6577.20911 48.40142 1.64349 1.56690 164.69128
6576.49234 47.70364 1.62107 1.54431 162.77912
6576.30286 47.56207 1.61612 1.53973 162.34731
6575.33469 46.64391 1.58461 1.51000 159.69756
6575.37622 46.65687 1.58506 1.51042 159.75002
6574.90937 46.27531 1.57197 1.49807 158.61329
6574.76567 46.14360 1.56744 1.49381 158.23068
6574.94097 46.27066 1.57182 1.49792 158.61862
6574.06567 45.73856 1.55344 1.48069 156.92965
6573.28199 45.21438 1.53544 1.46373 155.35133
6572.37800 44.54256 1.51224 1.44198 153.31660
6572.32422 44.49748 1.51069 1.44052 153.18288
6571.81058 44.18259 1.49984 1.43032 152.20875
6570.70008 43.43283 1.47389 1.40605 149.91837
6571.61953 43.98396 1.49303 1.42389 151.63608
6570.44598 43.36285 1.47141 1.40379 149.67307
6569.25989 42.66929 1.44739 1.38133 147.56250
6568.89551 42.42216 1.43884 1.37333 146.82364
6567.94368 41.82880 1.41816 1.35412 145.04425
6567.58973 41.59699 1.41014 1.34662 144.36099
6566.93618 41.19353 1.39619 1.33356 143.16613
6565.95405 40.56114 1.37386 1.31309 141.25772
6566.72512 41.00538 1.38957 1.32747 142.58887
6565.55300 40.40409 1.36859 1.30800 140.84074
6564.40926 39.75553 1.34886 1.28701 139.18497
6564.01560 39.50706 1.34096 1.27896 138.53656
6563.04899 38.91569 1.32019 1.25982 136.80800
6562.78417 38.74819 1.31426 1.25440 136.30718
6562.28449 38.46862 1.30455 1.24534 135.52082
6561.21997 37.84531 1.28285 1.22517 133.75409
6561.46348 37.97399 1.28734 1.22933 134.11124
6560.54334 37.50184 1.27082 1.21405 132.81565
6559.36714 36.84400 1.24787 1.19275 130.97331
6557.66644 35.63842 1.20580 1.15372 127.40341
6556.73942 34.82160 1.17748 1.12728 124.86177
6557.19964 35.18984 1.19025 1.13920 125.98799
6556.84857 34.92387 1.18102 1.13059 125.18345
6556.75926 34.88988 1.17982 1.12949 125.10222
6557.43200 35.21279 1.19113 1.13994 125.96836
6556.48222 34.83256 1.17770 1.12763 125.02988
6555.36927 34.36529 1.16126 1.11251 123.81646
6555.89133 34.55638 1.16797 1.11869 124.28413
6554.83331 34.20343 1.15544 1.10727 123.50879
6553.16302 33.52899 1.13159 1.08543 121.94227
6551.70593 32.76709 1.10482 1.06077 119.89434
6551.54696 32.64924 1.10072 1.05695 119.53209
6550.64376 32.20093 1.08506 1.04244 118.37886
6549.26691 31.38768 1.05621 1.01611 116.00827
6548.49174 30.82134 1.03841 0.99778 114.45491
6548.02894 30.50063 1.02866 0.98740 113.64207
6549.65742 31.34287 1.05489 1.01466 115.54828
6548.51618 30.90582 1.04091 1.00051 114.74030
6547.23199 30.35482 1.02382 0.98268 113.64140
6547.02259 30.25057 1.02026 0.97930 113.35484
6546.26142 29.93060 1.00895 0.96894 112.59559
6545.03217 29.37489 0.98900 0.95095 111.18002
6543.70755 28.68569 0.96487 0.92864 109.29526
6543.08544 28.27482 0.95049 0.91534 108.00764
6542.33984 27.85106 0.93563 0.90162 106.76574
6543.03027 28.19874 0.94786 0.91288 107.71897
6542.07708 27.77976 0.93307 0.89931 106.67114
6540.89678 27.21088 0.91303 0.88090 105.14513
6541.35243 27.39261 0.91947 0.88678 105.56412
6540.90734 27.24606 0.91424 0.88204 105.29441
6539.49905 26.72456 0.89572 0.86515 104.15355
6538.17001 26.12714 0.87466 0.84581 102.55997
6537.86127 25.97004 0.86915 0.84073 102.07033
6536.92835 25.51869 0.85328 0.82612 100.78966
6536.02932 25.08722 0.83809 0.81215 99.57679
6536.36944 25.23972 0.84347 0.81709 99.98710
6535.42766 24.84344 0.82946 0.80426 98.96594
6534.57483 24.49176 0.81701 0.79287 98.05489
6535.01654 24.64079 0.82233 0.79770 98.36986
6534.50568 24.50967 0.81759 0.79345 98.20099
6533.10933 24.08426 0.80243 0.77968 97.42518
6531.70562 23.57684 0.78449 0.76325 96.24663
6531.13251 23.33885 0.77596 0.75555 95.58550
6530.79633 23.20950 0.77128 0.75136 95.23938
6529.61019 22.77732 0.75598 0.73737 94.12475
6528.34736 22.24442 0.73945 0.72012 92.85575
6527.36265 21.75582 0.72390 0.70430 91.49317
6526.45364 21.24423 0.70586 0.68774 89.66315
6525.88593 20.94176 0.69515 0.67795 88.59333
6526.60880 21.27080 0.70685 0.68860 89.66571
6525.42728 20.81428 0.69064 0.67382 88.33703
6524.25152 20.29133 0.67237 0.65689 86.65670
6525.65607 20.75622 0.68873 0.67194 87.84649
6525.30500 20.69175 0.68640 0.66985 87.81562
6524.31093 20.49751 0.67943 0.66357 87.66800
6523.21649 20.27557 0.67144 0.65638 87.44964
6522.17380 20.05115 0.66339 0.64912 87.15833
6521.23516 19.85236 0.65628 0.64268 86.91440
6521.12577 19.83447 0.65564 0.64210 86.91470
6520.45578 19.68854 0.65045 0.63738 86.66545
6519.99373 19.61415 0.64778 0.63497 86.61975
6519.29825 19.55092 0.64541 0.63292 86.90424
6518.14571 19.43913 0.64129 0.62930 87.36922
6516.63707 19.24057 0.63410 0.62287 87.73193
6515.02688 18.92021 0.62276 0.61250 87.51678
6513.69042 18.54371 0.60960 0.60032 86.65134
6512.47086 18.10082 0.59416 0.58598 85.24375
6510.99792 17.45615 0.57180 0.56511 82.66554
6509.83824 16.86297 0.55121 0.54590 80.18941
6509.14358 16.47051 0.53760 0.53320 78.45764
6507.91212 15.72603 0.51174 0.50910 75.08237
6506.75479 14.90516 0.48327 0.48252 71.15677
6506.08137 14.35715 0.46432 0.46478 68.44983
6505.27125 13.73675 0.44245 0.44470 65.40099
6504.07621 12.62631 0.40766 0.40875 60.49147
6503.29806 11.78430 0.37825 0.38149 56.19896
0.00000 0.00000 0.00000 0.00000 0.00000
