7441.72086 230.48679 7.51855 7.46155 1348.81084
7442.72136 230.42911 7.51672 7.45968 1350.70223
7443.72186 230.33179 7.51352 7.45653 1352.60534
7444.72236 230.19900 7.50916 7.45223 1354.49256
7445.72286 230.02525 7.50344 7.44661 1356.45933
7446.05111 229.95816 7.50123 7.44444 1357.08372
7446.72336 229.83967 7.49734 7.44060 1358.34265
7447.72386 229.64695 7.49104 7.43436 1360.18829
7448.72436 229.42531 7.48384 7.42719 1361.98357
7449.72486 229.16908 7.47542 7.41889 1363.77638
7450.38716 228.95397 7.46835 7.41193 1365.02707
7450.72536 228.86082 7.46529 7.40891 1365.65420
7451.72586 228.56837 7.45567 7.39944 1367.50967
7452.72636 228.19523 7.44341 7.38736 1369.42436
7453.25965 227.94979 7.43535 7.37942 1370.44181
7453.72686 227.77024 7.42947 7.37361 1371.34728
7454.72736 227.35871 7.41602 7.36028 1373.20842
7455.49130 226.94561 7.40252 7.34691 1374.75718
7455.72786 226.83181 7.39879 7.34323 1375.23412
7456.72836 226.35188 7.38277 7.32769 1377.09712
7457.39300 225.94142 7.36947 7.31440 1378.51833
7457.72886 225.71985 7.36297 7.30723 1379.12156
7458.72936 225.02170 7.34274 7.28463 1380.98687
7458.82594 224.93724 7.34004 7.28189 1381.20240
7459.72986 224.31478 7.31936 7.26174 1383.07810
7460.19988 223.93305 7.30685 7.24938 1384.09449
7460.73037 223.50329 7.29286 7.23547 1385.24644
7461.41732 222.92887 7.27397 7.21688 1386.70219
7461.73087 222.64517 7.26469 7.20769 1387.42899
7462.46035 221.92469 7.24107 7.18437 1389.12243
7462.73137 221.65411 7.23218 7.17561 1389.74475
7463.42827 220.92050 7.20806 7.15186 1391.42522
7463.73187 220.58888 7.19722 7.14112 1392.14848
7464.33534 219.91632 7.17518 7.11935 1393.60973
7464.73237 219.44522 7.15971 7.10410 1394.62733
7465.17138 218.91213 7.14228 7.08684 1395.75637
7465.73287 218.13899 7.11687 7.06181 1397.26046
7465.92347 217.90795 7.10936 7.05433 1397.70279
7466.68663 216.90377 7.07610 7.02183 1399.64824
7466.73337 216.83778 7.07398 7.01969 1399.76118
7467.29611 215.89958 7.04678 6.98932 1401.30368
7467.73387 215.14262 7.02189 6.96481 1402.73481
7467.89855 214.89540 7.01376 6.95681 1403.18547
7468.49141 213.89121 6.98090 6.92430 1404.92720
7468.73437 213.48689 6.96765 6.91121 1405.63840
7469.10722 212.88703 6.94800 6.89179 1406.72716
7469.61499 211.88285 6.91509 6.85928 1408.40868
7469.73487 211.64650 6.90734 6.85163 1408.81184
7470.10198 210.87866 6.88213 6.82677 1410.03697
7470.49353 209.87448 6.84920 6.79427 1411.68098
7470.73537 209.23620 6.82838 6.77360 1412.63363
7470.89497 208.87029 6.81631 6.76176 1413.21139
7471.24712 207.86611 6.78477 6.72925 1414.73049
7471.58639 206.86192 6.75384 6.69674 1416.06885
7471.73587 206.48827 6.74139 6.68464 1416.64517
7472.00472 205.85774 6.72087 6.66423 1417.61447
7472.37682 204.85356 6.68792 6.63172 1419.07790
7472.73637 203.89259 6.65646 6.60061 1420.44403
7472.75503 203.84937 6.65504 6.59922 1420.50682
7473.15505 202.84519 6.62220 6.56671 1421.93418
7473.53116 201.84100 6.58924 6.53420 1423.28377
7473.73687 201.34602 6.57304 6.51817 1423.91045
7473.96645 200.83682 6.55639 6.50169 1424.60250
7474.33387 199.83264 6.52351 6.46918 1425.93411
7474.65510 198.82845 6.49120 6.43667 1427.18243
7474.73737 198.56840 6.48378 6.42825 1427.46049
7475.01949 197.82427 6.46113 6.40417 1428.34161
7475.42619 196.82008 6.42795 6.37166 1429.51111
7475.73787 196.11206 6.40480 6.34874 1430.41383
7475.86867 195.81590 6.39511 6.33915 1430.75828
7476.23385 194.81172 6.36216 6.30664 1431.87930
7476.53390 193.80753 6.32928 6.27413 1433.01533
7476.73837 192.87623 6.29875 6.24398 1434.06974
7476.75447 192.80335 6.29636 6.24162 1434.15185
7476.73837 192.47060 6.28545 6.23085 1434.51927
7476.70565 191.79916 6.26342 6.20911 1435.26552
7476.38236 190.79498 6.23025 6.17661 1436.35102
7475.90055 189.79079 6.20061 6.14410 1437.32642
7475.73787 189.54101 6.19289 6.13601 1437.60488
7475.15613 188.78661 6.16784 6.11159 1438.52925
7474.73737 188.29631 6.15188 6.09572 1439.14424
7474.34716 187.78243 6.13500 6.07908 1439.78694
7473.73687 187.11357 6.11309 6.05743 1440.62181
7473.42108 186.77824 6.10210 6.04657 1441.07356
7472.73637 185.96925 6.07558 6.02038 1442.05223
7472.50663 185.77406 6.06919 6.01406 1442.31380
7471.73587 185.11663 6.04766 5.99278 1443.27062
7470.81008 184.76987 6.03631 5.98156 1443.90122
7470.73537 184.74290 6.03543 5.98068 1443.95642
7470.68385 184.76987 6.03631 5.98156 1443.95123
7469.73487 185.41863 6.05754 6.00256 1443.73078
7469.47592 185.77406 6.06920 6.01406 1443.48821
7468.97476 186.77824 6.10212 6.04657 1442.71978
7468.73437 187.31483 6.11972 6.06394 1442.23910
7468.52961 187.78243 6.13510 6.07908 1441.77884
7468.10812 188.78661 6.16784 6.11159 1440.91937
7467.73387 189.59029 6.19454 6.13761 1440.13758
7467.62995 189.79079 6.20061 6.14410 1439.97761
7467.13424 190.79498 6.23021 6.17661 1439.18601
7466.73337 191.63286 6.25802 6.20373 1438.29397
7466.63074 191.79916 6.26341 6.20911 1438.12286
7466.17644 192.80335 6.29636 6.24162 1437.01163
7465.84544 193.80753 6.32928 6.27413 1435.87442
7465.73287 194.16358 6.34096 6.28566 1435.44851
7465.53896 194.81172 6.36217 6.30664 1434.60035
7465.25720 195.81590 6.39510 6.33915 1433.31520
7464.94686 196.82008 6.42806 6.37166 1431.91240
7464.73237 197.36402 6.44579 6.38927 1431.18859
7464.54400 197.82427 6.46116 6.40417 1430.56814
7464.22073 198.82845 6.49125 6.43667 1429.24642
7463.88528 199.83264 6.52351 6.46918 1427.76563
7463.73187 200.17741 6.53484 6.48034 1427.28210
7463.41804 200.83682 6.55639 6.50169 1426.28570
7463.02769 201.84100 6.58925 6.53420 1424.68668
7462.73137 202.54471 6.61237 6.55698 1423.46519
7462.58784 202.84519 6.62220 6.56671 1422.95970
7462.19973 203.84937 6.65504 6.59922 1421.21772
7461.87347 204.85356 6.68800 6.63172 1419.44904
7461.73087 205.26045 6.70131 6.64490 1418.66541
7461.51053 205.85774 6.72085 6.66423 1417.49515
7461.11790 206.86192 6.75392 6.69674 1415.57665
7460.73037 207.68062 6.77954 6.72324 1414.04156
7460.62488 207.86611 6.78487 6.72925 1413.72371
7460.07304 208.87029 6.81631 6.76176 1411.74284
7459.72986 209.45537 6.83549 6.78070 1410.48768
7459.46393 209.87448 6.84921 6.79427 1409.58850
7458.92525 210.87866 6.88213 6.82677 1407.27582
7458.72936 211.23004 6.89366 6.83815 1406.48268
7458.33617 211.88285 6.91509 6.85928 1404.93347
7457.73018 212.88703 6.94801 6.89179 1402.53473
7457.72886 212.88893 6.94807 6.89185 1402.52994
7457.10355 213.89121 6.98089 6.92430 1400.00417
7456.72836 214.42231 6.99836 6.94149 1398.63812
7456.34826 214.89540 7.01378 6.95681 1397.39349
7455.72786 215.64785 7.03883 6.98117 1395.29219
7455.49626 215.89958 7.04685 6.98932 1394.57642
7454.72736 216.82314 7.07352 7.01922 1392.23826
7454.65764 216.90377 7.07610 7.02183 1392.00813
7453.72686 217.74758 7.10416 7.04914 1389.27245
7453.53441 217.90795 7.10938 7.05433 1388.74925
7452.72636 218.54041 7.13004 7.07481 1386.57969
7452.16646 218.91213 7.14229 7.08684 1385.18812
7451.72586 219.20732 7.15200 7.09640 1384.07757
7450.72536 219.85093 7.17307 7.11723 1381.53370
7450.62053 219.91632 7.17521 7.11935 1381.27101
7449.72486 220.41843 7.19167 7.13561 1379.05958
7448.72436 220.86655 7.20640 7.15011 1376.77284
7448.60699 220.92050 7.20817 7.15186 1376.53757
7447.72386 221.28541 7.22010 7.16367 1374.56652
7446.72336 221.65687 7.23227 7.17570 1372.34157
7445.96069 221.92469 7.24106 7.18437 1370.58126
7445.72286 222.01589 7.24403 7.18732 1369.98264
7444.72236 222.34397 7.25474 7.19794 1367.61913
7443.72186 222.61418 7.26361 7.20669 1365.35187
7442.72136 222.84137 7.27109 7.21404 1363.08311
7442.20410 222.92887 7.27396 7.21688 1361.93771
7441.72086 223.01258 7.27671 7.21959 1360.83918
7440.72036 223.09852 7.27953 7.22237 1358.76473
7439.71986 223.11397 7.28004 7.22287 1356.96301
7438.71936 223.08274 7.27902 7.22186 1354.99516
7437.71886 223.01950 7.27685 7.21981 1353.00846
7436.71836 222.93023 7.27392 7.21692 1351.05204
7436.70691 222.92887 7.27387 7.21688 1351.02907
7435.71786 222.81874 7.27026 7.21331 1349.02842
7434.71736 222.71952 7.26702 7.21010 1346.86451
7433.71686 222.60456 7.26321 7.20638 1344.67477
7432.71636 222.45941 7.25843 7.20168 1342.45814
7431.71586 222.26191 7.25195 7.19528 1340.41381
7430.71536 222.00804 7.24364 7.18707 1338.40765
7430.44880 221.92469 7.24087 7.18437 1337.82609
7429.71486 221.70947 7.23380 7.17740 1336.28386
7428.71436 221.39283 7.22343 7.16715 1334.09732
7427.71386 221.03933 7.21177 7.15571 1331.89158
7427.38128 220.92050 7.20787 7.15186 1331.13193
7426.71336 220.68290 7.20010 7.14417 1329.58587
7425.71286 220.33847 7.18876 7.13302 1327.12399
7424.71236 219.95273 7.17610 7.12053 1324.58290
7424.63272 219.91632 7.17492 7.11935 1324.40233
7423.71186 219.48390 7.16070 7.10535 1322.22508
7422.71136 218.96036 7.14355 7.08840 1319.80492
7422.62342 218.91213 7.14197 7.08684 1319.63767
7421.71086 218.43019 7.12612 7.07124 1317.64799
7420.92047 217.90795 7.10905 7.05433 1315.71376
7420.71036 217.75888 7.10418 7.04951 1315.25918
7419.70985 217.06173 7.08101 7.02694 1312.79440
7419.49674 216.90377 7.07581 7.02183 1312.29099
7418.70935 216.23687 7.05615 7.00024 1310.25555
7418.30540 215.89958 7.04637 6.98932 1309.16898
7417.70885 215.42766 7.03104 6.97404 1307.60218
7417.03988 214.89540 7.01337 6.95681 1305.70347
7416.70835 214.63383 7.00487 6.94834 1304.76510
7415.80575 213.89121 6.98048 6.92430 1302.06511
7415.70785 213.80570 6.97769 6.92153 1301.76602
7414.74339 212.88703 6.94753 6.89179 1299.00799
7414.70735 212.84997 6.94631 6.89059 1298.90278
7413.73749 211.88285 6.91460 6.85928 1295.77540
7413.70685 211.85299 6.91362 6.85832 1295.67511
7412.70635 210.97627 6.88491 6.82993 1292.59043
7412.61770 210.87866 6.88171 6.82677 1292.30990
7411.77154 209.87448 6.84877 6.79427 1289.42265
7411.70585 209.79271 6.84609 6.79162 1289.20286
7410.96818 208.87029 6.81584 6.76176 1286.53845
7410.70535 208.51857 6.80403 6.75037 1285.60440
7410.23493 207.86611 6.78429 6.72925 1283.67376
7409.70485 207.06834 6.76032 6.70342 1281.52676
7409.57779 206.86192 6.75348 6.69674 1281.02738
7409.05552 205.85774 6.72046 6.66423 1278.99328
7408.70435 205.21563 6.69944 6.64345 1277.48583
7408.49700 204.85356 6.68758 6.63172 1276.54600
7408.01944 203.84937 6.65465 6.59922 1274.43636
7407.70385 203.13378 6.63123 6.57605 1272.88457
7407.56998 202.84519 6.62181 6.56671 1272.19740
7407.17781 201.84100 6.58894 6.53420 1270.18393
7406.79978 200.83682 6.55612 6.50169 1267.95207
7406.70335 200.57116 6.54742 6.49309 1267.41465
7406.46782 199.83264 6.52330 6.46918 1265.89612
7406.23774 198.82845 6.49104 6.43667 1264.32423
7406.04543 197.82427 6.46118 6.40417 1262.86896
7405.85969 196.82008 6.42805 6.37166 1261.27937
7405.70285 196.07623 6.40370 6.34758 1259.79053
7405.64428 195.81590 6.39516 6.33915 1259.22398
7405.47156 194.81172 6.36240 6.30664 1257.38200
7405.34066 193.80753 6.32953 6.27413 1255.59027
7405.25119 192.80335 6.29675 6.24162 1254.08195
7405.16448 191.79916 6.26393 6.20911 1252.43606
7405.07300 190.79498 6.23075 6.17661 1250.57317
7404.98867 189.79079 6.20129 6.14410 1248.81173
7404.93617 188.78661 6.16867 6.11159 1247.07419
7404.91965 187.78243 6.13596 6.07908 1245.51257
7404.95482 186.77824 6.10311 6.04657 1244.14495
7405.02042 185.77406 6.07032 6.01406 1243.06326
7405.09206 184.76987 6.03751 5.98156 1241.92078
7405.15623 183.76569 6.00464 5.94905 1240.68565
7405.21151 182.76151 5.97196 5.91654 1239.28029
7405.26284 181.75732 5.93994 5.88403 1237.94842
7405.29841 180.75314 5.90969 5.85152 1236.55368
7405.34149 179.74895 5.87665 5.81901 1234.98938
7405.38256 178.74477 5.84388 5.78650 1233.49518
7405.40253 177.74059 5.81103 5.75400 1231.79600
7405.40962 176.73640 5.77818 5.72149 1229.93103
7405.40106 175.73222 5.74532 5.68898 1227.91777
7405.38534 174.72803 5.71246 5.65647 1225.89810
7405.37970 173.72385 5.67976 5.62396 1223.99931
7405.37014 172.71967 5.64714 5.59145 1222.17632
7405.36216 171.71548 5.61756 5.55895 1220.54905
7405.33969 170.71130 5.58443 5.52644 1218.58240
7405.30633 169.70711 5.55159 5.49393 1216.66914
7405.26083 168.70293 5.51875 5.46142 1214.58310
7405.20609 167.69874 5.48589 5.42891 1212.62528
7405.14716 166.69456 5.45304 5.39640 1210.59005
7405.09120 165.69038 5.42019 5.36389 1208.80392
7405.02155 164.68619 5.38710 5.33139 1206.92755
7404.94893 163.68201 5.35698 5.29888 1205.30115
7404.84245 162.67782 5.32474 5.26637 1203.26243
7404.71218 161.67364 5.29192 5.23386 1201.15162
7404.70235 161.59249 5.28927 5.23123 1200.97665
7404.58760 160.66946 5.25896 5.20135 1199.21002
7404.46840 159.66527 5.22610 5.16884 1197.41295
7404.34620 158.66109 5.19320 5.13634 1195.71244
7404.18923 157.65690 5.16025 5.10383 1193.67189
7404.00842 156.65272 5.12734 5.07132 1191.35399
7403.79801 155.64854 5.09426 5.03881 1188.70911
7403.70185 155.21045 5.07992 5.02463 1187.48698
7403.58372 154.64435 5.06337 5.00630 1185.98678
7403.38189 153.64017 5.03188 4.97379 1183.69974
7403.17951 152.63598 4.99896 4.94128 1181.54100
7402.95910 151.63180 4.96602 4.90878 1179.33232
7402.70135 150.66786 4.93439 4.87757 1176.71522
7402.68977 150.62762 4.93308 4.87627 1176.58912
7402.40802 149.62343 4.90019 4.84376 1173.76570
7402.14264 148.61925 4.86725 4.81125 1171.31902
7401.85736 147.61506 4.83438 4.77874 1168.79847
7401.70085 147.14076 4.81858 4.76339 1167.30662
7401.52024 146.61088 4.80133 4.74623 1165.65063
7401.24451 145.60669 4.77194 4.71373 1163.30404
7400.94207 144.60251 4.73877 4.68122 1160.89005
7400.70035 143.86649 4.71468 4.65739 1158.95689
7400.59952 143.59833 4.70587 4.64871 1158.09445
7400.22918 142.59414 4.67296 4.61620 1154.98436
7399.85099 141.58996 4.64002 4.58369 1151.96948
7399.69985 141.24536 4.62872 4.57254 1150.64508
7399.40866 140.58577 4.60707 4.55118 1148.07780
7399.00569 139.58159 4.57408 4.51867 1144.90023
7398.69935 138.91650 4.55230 4.49714 1142.34629
7398.53773 138.57741 4.54125 4.48617 1140.93761
7398.11904 137.57322 4.50789 4.45366 1137.89416
7397.74270 136.56904 4.47856 4.42115 1135.16778
7397.69885 136.47740 4.47568 4.41818 1134.80649
7397.24445 135.56485 4.44552 4.38864 1131.10088
7396.78475 134.56067 4.41267 4.35613 1127.71376
7396.69835 134.38445 4.40689 4.35043 1127.10249
7396.25758 133.55649 4.37972 4.32362 1124.19497
7395.69785 132.56719 4.34719 4.29160 1120.68296
7395.68968 132.55230 4.34671 4.29112 1120.62383
7395.18731 131.54812 4.31380 4.25861 1117.00493
7394.70916 130.54393 4.28081 4.22610 1113.96301
7394.69735 130.52142 4.28007 4.22537 1113.88131
7394.20227 129.53975 4.24777 4.19359 1110.71287
7393.75995 128.53556 4.21620 4.16108 1108.40401
7393.69685 128.40615 4.21262 4.15689 1107.91731
7393.25197 127.53138 4.18531 4.12857 1105.02453
7392.70834 126.52720 4.15220 4.09606 1101.60389
7392.69635 126.50707 4.15153 4.09541 1101.51660
7392.17905 125.52301 4.11919 4.06356 1098.57538
7391.69585 124.61092 4.08927 4.03403 1095.89403
7391.63768 124.51883 4.08624 4.03105 1095.46114
7391.07964 123.51464 4.05316 3.99854 1092.28320
7390.69535 122.79801 4.02963 3.97534 1090.31398
7390.51277 122.51046 4.02021 3.96603 1089.05642
7389.91387 121.50628 3.98710 3.93352 1085.48473
7389.69485 121.17307 3.97614 3.92274 1083.93418
7389.25544 120.50209 3.95407 3.90101 1080.91222
7388.69435 119.59751 3.92469 3.87173 1077.47223
7388.62691 119.49791 3.92181 3.86851 1076.90636
7388.07027 118.49372 3.89145 3.83600 1073.82085
7387.69385 117.88310 3.87105 3.81623 1071.69747
7387.39145 117.48954 3.85816 3.80349 1069.48829
7386.69335 116.48919 3.82518 3.77110 1066.40537
7386.69060 116.48536 3.82505 3.77098 1066.39196
7386.04477 115.48117 3.79201 3.73847 1063.13920
7385.69285 114.97633 3.77530 3.72213 1060.80883
7385.34484 114.47699 3.75882 3.70596 1058.66309
7384.69235 113.49092 3.72635 3.67404 1055.14346
7384.67804 113.47280 3.72575 3.67346 1055.03473
7383.98793 112.46862 3.69258 3.64095 1051.18443
7383.69185 112.02795 3.67815 3.62668 1049.61359
7383.28265 111.46444 3.65919 3.60844 1047.25094
7382.69135 110.50750 3.63081 3.57746 1044.22853
7382.65979 110.46025 3.62941 3.57593 1044.03346
7381.97233 109.45607 3.59645 3.54342 1040.62411
7381.69085 109.07260 3.58383 3.53101 1039.01929
7381.24633 108.45188 3.56335 3.51091 1036.69415
7380.69035 107.62263 3.53598 3.48407 1034.51860
7380.55787 107.44770 3.53022 3.47840 1033.74360
7379.87235 106.44351 3.49707 3.44590 1031.05910
7379.68984 106.17732 3.48826 3.43728 1030.37100
7379.14264 105.43933 3.46390 3.41339 1027.38814
7378.68934 104.87643 3.44535 3.39516 1025.29525
7378.33188 104.43515 3.43069 3.38088 1024.25001
7377.68884 103.59931 3.40311 3.35382 1021.72181
7377.55662 103.43096 3.39758 3.34837 1020.96489
7376.85547 102.42678 3.36413 3.31586 1018.82168
7376.68834 102.16123 3.35540 3.30727 1018.74230
7376.16906 101.42259 3.33372 3.28335 1016.12803
7375.68784 100.81959 3.31471 3.26383 1013.29284
7375.37517 100.41841 3.30117 3.25085 1012.04979
7374.68734 99.51556 3.27149 3.22162 1009.43405
7374.60125 99.41423 3.26814 3.21834 1008.94939
7373.82844 98.41004 3.23472 3.18583 1006.08805
7373.68684 98.23341 3.22891 3.18011 1005.47148
7372.97090 97.40586 3.20147 3.15332 1001.55749
7372.68634 97.08034 3.19049 3.14278 999.96576
7372.10652 96.40167 3.16816 3.12081 996.99146
7371.68584 95.90504 3.15166 3.10473 995.01541
7371.25786 95.39749 3.13459 3.08830 993.09170
7370.68534 94.70312 3.11176 3.06582 990.86519
7370.41467 94.39331 3.10150 3.05579 989.49599
7369.68484 93.50607 3.07185 3.02707 987.10221
7369.57137 93.38912 3.06828 3.02329 986.45271
7368.68434 92.42189 3.03931 2.99197 982.12585
7368.65407 92.38494 3.03807 2.99078 982.04158
7367.79246 91.38075 3.00431 2.95827 978.84019
7367.68384 91.26563 3.00051 2.95454 978.25280
7366.90200 90.37657 2.97085 2.92576 975.13514
7366.68334 90.12487 2.96244 2.91761 974.39938
7365.96069 89.37238 2.93738 2.89325 970.42866
7365.68284 89.07768 2.92736 2.88371 969.01645
7365.02723 88.36820 2.90367 2.86074 966.13815
7364.68234 88.02087 2.89213 2.84950 964.13305
7364.08712 87.36402 2.86999 2.82824 961.96291
7363.68184 86.91492 2.85515 2.81370 960.61705
7363.15092 86.35983 2.83670 2.79573 958.25746
7362.68134 85.84916 2.81945 2.77919 956.68876
7362.21693 85.35565 2.80343 2.76322 954.88513
7361.68084 84.83321 2.78564 2.74631 951.82587
7361.19413 84.35146 2.76945 2.73071 949.37718
7360.68034 83.79856 2.75460 2.71281 948.08029
7360.25938 83.34728 2.74113 2.69820 947.02016
7359.67984 82.78101 2.72126 2.67987 944.11959
7359.22297 82.34310 2.70841 2.66569 941.62577
7358.67934 81.82241 2.69167 2.64884 938.79159
7358.19852 81.33891 2.67692 2.63318 936.94733
7357.67884 80.83045 2.66597 2.61672 934.60338
7357.19932 80.33473 2.65113 2.60068 933.27046
7356.67834 79.82668 2.62924 2.58423 931.08142
7356.16091 79.33054 2.60608 2.56817 928.75621
7355.67784 78.84515 2.58696 2.55245 927.35037
7355.12451 78.32636 2.56967 2.53566 924.60289
7354.67734 77.92052 2.55648 2.52252 921.99633
7354.09038 77.32218 2.53709 2.50315 920.60033
7353.67684 76.92583 2.52396 2.49032 918.76746
7353.03870 76.31799 2.50392 2.47064 916.36988
7352.67634 75.96042 2.49204 2.45907 915.22418
7351.95791 75.31381 2.47212 2.43813 909.05255
7351.67584 75.05236 2.46465 2.42967 907.64063
7350.94563 74.30962 2.43916 2.40563 908.69920
7350.67534 74.06913 2.42976 2.39784 907.11056
7349.82372 73.30544 2.40486 2.37312 902.26322
7349.67484 73.16806 2.40033 2.36867 901.66149
7348.68915 72.30126 2.36641 2.34061 895.86090
7348.67434 72.28739 2.36604 2.34016 895.80456
7347.67384 71.40716 2.33477 2.31166 890.06710
7347.55810 71.29707 2.32972 2.30810 889.71325
7346.67334 70.46516 2.30505 2.28117 886.72543
7346.48848 70.29289 2.29711 2.27559 886.05041
7345.67284 69.52786 2.26490 2.25083 883.34325
7345.43305 69.28870 2.25847 2.24308 883.06917
7344.67234 68.67915 2.23370 2.22335 876.41366
7344.16044 68.28452 2.21955 2.21057 871.11260
7343.67184 67.84695 2.20650 2.19641 868.05044
7343.04103 67.28033 2.17978 2.17807 867.58222
7342.67134 66.97539 2.16735 2.16819 866.46343
7341.97501 66.27615 2.14448 2.14556 863.34883
7341.67084 65.98102 2.13334 2.13600 860.67407
7340.84866 65.27197 2.10670 2.11305 853.09779
7340.67034 65.10888 2.10001 2.10777 852.16802
7339.87383 64.26778 2.06518 2.08054 851.49097
7339.66983 64.06913 2.05584 2.07411 850.53349
7338.75776 63.26360 2.02632 2.04803 842.41480
7338.66933 63.18559 2.02407 2.04551 841.56871
7337.79026 62.25941 1.98251 2.01552 838.86618
7337.66883 62.13663 1.97813 2.01155 838.21335
7336.66833 61.26114 1.94617 1.98321 826.72858
7336.66196 61.25523 1.94587 1.98302 826.66641
7335.72897 60.25105 1.90959 1.95051 822.26445
7335.66783 60.18736 1.90732 1.94845 821.87902
7334.76180 59.24686 1.86859 1.91800 815.11964
7334.66733 59.15234 1.86576 1.91494 814.15711
7333.66683 58.31099 1.84131 1.88770 803.83780
7333.59688 58.24268 1.83865 1.88549 803.44557
7332.82606 57.23849 1.80276 1.85298 800.45402
7332.66633 57.06907 1.79918 1.84750 798.92489
7331.86259 56.23431 1.77187 1.82047 792.54799
7331.66583 56.03276 1.76207 1.81395 790.70538
7330.88102 55.23013 1.74878 1.78796 783.45419
7330.66533 55.00400 1.74109 1.78064 781.62829
7329.90259 54.22594 1.70824 1.75546 774.65653
7329.66483 53.96923 1.70728 1.74715 772.91059
7328.93829 53.22176 1.67862 1.72295 766.62217
7328.66433 52.94685 1.66824 1.71405 764.07307
7327.88887 52.21757 1.66154 1.69044 755.90312
7327.66383 52.00100 1.64932 1.68343 753.66946
7326.75130 51.21339 1.63290 1.65793 743.11888
7326.66333 51.12355 1.63169 1.65502 742.41558
7325.72549 50.20921 1.59311 1.62542 734.34935
7325.66283 50.15446 1.59180 1.62365 733.87399
7324.66233 49.40898 1.57608 1.59952 723.54464
7324.41878 49.20502 1.56691 1.59291 720.86827
7323.66183 48.59049 1.55179 1.57302 711.39065
7323.18760 48.20084 1.54165 1.56041 705.32225
7322.66133 47.70797 1.52396 1.54445 700.58579
7322.05373 47.19665 1.50485 1.52790 694.83339
7321.66083 46.88707 1.49369 1.51788 690.60093
7320.71299 46.19247 1.47176 1.49539 679.71756
7320.66033 46.15770 1.47049 1.49426 679.05752
7319.65983 45.55932 1.44810 1.47489 665.56956
7319.09895 45.18828 1.43553 1.46288 658.80359
7318.65933 44.87672 1.42538 1.45279 653.94201
7317.65883 44.25003 1.40090 1.43251 641.67980
7317.56225 44.18410 1.39888 1.43037 640.60946
7316.65833 43.52005 1.37804 1.40887 631.30503
7316.14527 43.17992 1.36535 1.39786 626.82933
7315.65783 42.85387 1.35445 1.38731 622.52173
7314.80980 42.17573 1.33086 1.36535 614.63302
7314.65733 42.03643 1.32552 1.36085 613.53004
7313.68220 41.17155 1.29410 1.33285 605.91949
7313.65683 41.15040 1.29339 1.33216 605.70306
7312.65633 40.44244 1.27009 1.30924 595.30443
7312.22840 40.16736 1.26107 1.30034 590.13091
7311.65583 39.75399 1.24892 1.28696 583.52932
7310.81555 39.16318 1.22990 1.26783 574.58564
7310.65533 39.06640 1.22622 1.26470 572.78451
7309.65483 38.48172 1.20331 1.24577 561.19233
7309.12692 38.15900 1.19297 1.23532 555.32467
7308.65433 37.90286 1.18607 1.22703 549.53199
7307.65383 37.50293 1.17324 1.21408 537.09859
7306.86332 37.15481 1.16074 1.20281 527.89838
7306.65333 37.03616 1.15664 1.19897 525.40384
7305.65283 36.41998 1.13749 1.17902 514.77173
7305.24743 36.15063 1.12680 1.17030 510.70392
7304.65233 35.77224 1.11335 1.15805 504.57852
7303.77163 35.14644 1.09351 1.13780 496.20119
7303.65183 35.05172 1.09003 1.13473 495.15169
7302.65133 34.30328 1.06276 1.11050 485.89295
7302.44488 34.14226 1.05717 1.10529 484.03280
7301.65083 33.51787 1.03631 1.08507 476.83505
7301.11157 33.13808 1.02213 1.07278 471.51935
7300.65033 32.84201 1.01096 1.06319 466.73171
7299.64982 32.28055 0.99427 1.04502 455.85472
7299.35182 32.13389 0.99019 1.04027 452.36109
7298.64932 31.86527 0.98058 1.03157 444.42200
7297.64882 31.51125 0.96673 1.02011 433.48299
7296.83925 31.12971 0.95450 1.00776 424.33402
7296.64832 30.99992 0.95068 1.00356 422.43264
7295.64782 30.34140 0.92974 0.98224 412.16877
7295.31511 30.12552 0.92084 0.97525 408.90389
7294.64732 29.74755 0.90781 0.96302 402.17720
7293.64682 29.25068 0.89384 0.94693 391.72472
7293.38799 29.12134 0.88978 0.94275 389.03927
7292.64632 28.79580 0.87703 0.93221 381.17087
7291.64582 28.35138 0.86233 0.91782 370.76245
7291.21248 28.11715 0.85546 0.91024 366.49865
7290.64532 27.80225 0.84513 0.90004 360.86628
7289.64482 27.34848 0.82718 0.88535 352.07185
7289.21425 27.11297 0.81904 0.87773 348.04558
7288.64432 26.79427 0.80992 0.86741 342.51796
7287.64382 26.31190 0.79560 0.85180 332.83566
7287.23684 26.10879 0.78797 0.84522 328.93244
7286.64332 25.80800 0.77583 0.83548 323.32359
7285.64282 25.31337 0.76157 0.81947 313.91790
7285.26871 25.10460 0.75525 0.81271 310.48834
7284.64232 24.80064 0.74514 0.80287 304.67213
7283.64182 24.35636 0.72840 0.78849 295.43275
7283.13915 24.10042 0.72070 0.78020 290.90924
7282.64132 23.83136 0.71324 0.77149 286.47390
7281.64082 23.33159 0.69617 0.75531 277.52677
7281.17492 23.09623 0.68612 0.74769 273.53555
7280.64032 22.76175 0.67465 0.73687 269.49991
7279.63982 22.17831 0.66023 0.71798 261.05966
7279.46166 22.09205 0.65789 0.71519 259.51352
7278.63932 21.77039 0.64647 0.70477 252.57173
7277.63882 21.50067 0.63549 0.69604 244.35096
7276.63832 21.26013 0.62761 0.68825 236.42986
7276.10787 21.08787 0.62427 0.68268 232.29589
7275.63782 20.92678 0.62063 0.67746 228.66657
7274.63732 20.57574 0.60947 0.66610 221.11811
7273.63682 20.20586 0.59509 0.65412 213.74568
7273.35614 20.08368 0.59168 0.65017 211.67460
7272.63632 19.69675 0.58062 0.63764 206.37732
7271.63582 19.20116 0.56520 0.62160 199.73946
7271.42205 19.07950 0.56017 0.61766 198.13186
7270.63532 18.61856 0.54181 0.60274 192.26960
7269.69950 18.07531 0.52753 0.58515 185.37503
7269.63482 18.04135 0.52682 0.58405 184.90802
7268.63432 17.67472 0.51574 0.57218 178.31061
7267.63382 17.46556 0.50698 0.56541 172.41537
7266.63332 17.28791 0.50047 0.55966 166.83567
7265.71790 17.07113 0.49484 0.55264 161.75525
7265.63282 17.04041 0.49412 0.55165 161.25734
7264.63232 16.57445 0.48106 0.53656 155.12186
7263.66086 16.06695 0.46112 0.52014 149.02080
7263.63182 16.05039 0.46056 0.51960 148.83870
7262.63132 15.52252 0.44427 0.50251 143.08091
7261.73540 15.06276 0.43195 0.48763 137.63437
7261.63082 15.00786 0.43030 0.48585 137.00104
7260.63032 14.67153 0.41804 0.47496 131.91838
7259.62981 14.46026 0.41008 0.46812 127.58945
7258.62931 14.23175 0.40330 0.46072 123.35951
7258.13923 14.05858 0.39904 0.45512 121.03233
7257.62881 13.82688 0.39211 0.44762 118.39883
7256.62831 13.36547 0.37482 0.43268 113.41040
7255.98845 13.05439 0.36448 0.42261 110.34577
7255.62781 12.87638 0.35913 0.41685 108.63109
7254.62731 12.46187 0.35076 0.40343 104.26810
7253.62681 12.12966 0.34168 0.39267 100.33964
7253.37707 12.05021 0.33921 0.39010 99.35236
7252.62631 11.82271 0.32976 0.38274 96.55485
7251.62581 11.62044 0.32059 0.37619 93.54581
7250.62531 11.47942 0.31666 0.37162 91.04003
7249.62481 11.30743 0.31270 0.36606 88.48453
7248.65898 11.04603 0.30767 0.35759 85.55509
7248.62431 11.03385 0.30728 0.35720 85.43548
7247.62381 10.60915 0.29245 0.34345 81.57955
7246.62331 10.16904 0.27473 0.32920 77.71731
7246.35074 10.04184 0.27114 0.32508 76.62320
7245.62281 9.74319 0.26432 0.31542 74.02269
7244.62231 9.45045 0.25801 0.30594 71.30513
7243.62181 9.17375 0.24880 0.29698 68.68828
7243.15396 9.03766 0.24274 0.29258 67.45654
7242.62131 8.86047 0.23501 0.28684 65.92857
7241.62081 8.55518 0.22495 0.27696 63.28508
7240.62031 8.27700 0.21970 0.26795 60.88794
7239.76461 8.03347 0.21498 0.26007 58.85215
7239.61981 7.99697 0.21431 0.25889 58.54371
7238.61931 7.78977 0.20669 0.25218 56.72954
7237.61881 7.60472 0.19803 0.24619 55.12912
7236.61831 7.40848 0.19024 0.23983 53.52089
7235.61781 7.14504 0.18319 0.23131 51.47934
7235.24060 7.02929 0.18070 0.22756 50.60031
7234.61731 6.77412 0.17630 0.21930 48.72809
7233.61681 6.53013 0.17040 0.21140 46.86918
7232.61631 6.39513 0.16570 0.20703 45.79538
7231.61581 6.29964 0.16064 0.20394 45.02347
7230.61531 6.14492 0.15283 0.19893 43.86418
7230.04339 6.02510 0.14772 0.19505 42.98906
7229.61481 5.91790 0.14468 0.19158 42.21778
7228.61431 5.65626 0.14098 0.18311 40.29552
7227.61381 5.41231 0.13863 0.17521 38.50430
7226.61331 5.13807 0.13329 0.16633 36.56056
7226.21304 5.02092 0.12970 0.16254 35.75541
0.00000 0.00000 0.00000 0.00000 0.00000
