6419.20960 10.02352 0.24863 0.32449 119.32006
6419.35634 10.04184 0.24939 0.32508 119.39959
6420.21011 10.15820 0.25419 0.32885 119.96641
6421.21061 10.27950 0.25939 0.33278 120.40352
6422.21111 10.39710 0.26466 0.33659 120.76908
6423.21161 10.50069 0.26941 0.33994 120.93739
6424.21211 10.61107 0.27438 0.34351 121.25198
6425.21261 10.72403 0.27951 0.34717 121.45993
6426.21311 10.84594 0.28487 0.35112 121.75166
6427.21361 10.97954 0.29061 0.35544 122.16511
6427.61352 11.04603 0.29330 0.35759 122.48809
6428.21411 11.15496 0.29755 0.36112 123.07422
6429.21461 11.31285 0.30390 0.36623 123.71869
6430.21511 11.44188 0.30933 0.37041 123.96091
6431.21561 11.57614 0.31518 0.37475 124.21884
6432.21611 11.70149 0.32064 0.37881 124.51206
6433.21661 11.84977 0.32709 0.38361 124.93302
6434.21711 12.01095 0.33412 0.38883 125.48060
6434.45405 12.05021 0.33585 0.39010 125.62441
6435.21761 12.17675 0.34136 0.39420 126.08546
6436.21811 12.34308 0.34840 0.39958 126.64966
6437.21861 12.50337 0.35488 0.40477 127.06516
6438.21911 12.67801 0.36161 0.41043 127.52324
6439.21961 12.85607 0.36830 0.41619 127.89991
6440.22011 13.05369 0.37547 0.42259 128.33399
6440.22370 13.05439 0.37549 0.42261 128.33457
6441.22061 13.23615 0.38203 0.42849 128.66444
6442.22111 13.40468 0.38846 0.43395 128.82529
6443.22161 13.57250 0.39508 0.43938 128.97675
6444.22211 13.74507 0.40209 0.44497 129.24215
6445.22261 13.97263 0.41123 0.45234 130.24647
6445.57225 14.05858 0.41460 0.45512 130.66082
6446.22311 14.20338 0.42032 0.45981 131.24621
6447.22361 14.38314 0.42769 0.46563 131.57692
6448.22411 14.54564 0.43456 0.47089 131.63675
6449.22461 14.72223 0.44196 0.47660 131.83327
6450.22511 14.90057 0.44925 0.48238 132.21593
6450.88212 15.06276 0.45567 0.48763 132.81141
6451.22561 15.14763 0.45895 0.49037 133.13083
6452.22611 15.35108 0.46697 0.49696 133.53783
6453.22661 15.53727 0.47438 0.50299 133.72108
6454.22711 15.74800 0.48276 0.50981 134.14507
6455.22761 15.98168 0.49199 0.51737 134.78228
6455.57777 16.06695 0.49542 0.52014 135.03793
6456.22811 16.21807 0.50146 0.52503 135.41876
6457.22861 16.41444 0.50944 0.53138 135.57575
6458.22911 16.62164 0.51762 0.53809 135.78477
6459.22961 16.81001 0.52501 0.54419 136.01967
6460.23012 17.06933 0.53489 0.55259 136.76092
6460.23622 17.07113 0.53496 0.55264 136.76781
6461.23062 17.35242 0.54572 0.56175 137.73196
6462.23112 17.58155 0.55474 0.56917 138.06681
6463.23162 17.81685 0.56403 0.57678 138.43801
6464.23212 18.06499 0.57350 0.58482 138.91284
6464.26831 18.07531 0.57389 0.58515 138.94396
6465.23262 18.33822 0.58388 0.59366 139.62087
6466.23312 18.58532 0.59326 0.60166 140.00939
6467.23362 18.82266 0.60235 0.60935 140.34990
6468.23412 19.06399 0.61169 0.61716 140.75874
6468.28591 19.07950 0.61229 0.61766 140.80125
6469.23462 19.35554 0.62284 0.62660 141.51163
6470.23512 19.60841 0.63234 0.63478 141.82181
6471.23562 19.86873 0.64191 0.64321 142.17926
6472.03475 20.08368 0.64997 0.65017 142.50855
6472.23612 20.14060 0.65208 0.65201 142.61759
6473.23662 20.43563 0.66319 0.66156 143.25656
6474.23712 20.69377 0.67319 0.66992 143.46885
6475.23762 20.97487 0.68356 0.67902 143.88428
6475.64549 21.08787 0.68774 0.68268 144.01374
6476.23812 21.27337 0.69452 0.68868 144.51869
6477.23862 21.56426 0.70532 0.69810 145.28053
6478.23912 21.85996 0.71627 0.70767 145.67237
6479.00811 22.09205 0.72403 0.71519 145.81819
6479.23962 22.17332 0.72657 0.71782 145.91757
6480.24012 22.52155 0.73759 0.72909 146.39293
6481.24062 22.84136 0.74803 0.73944 146.74550
6481.95244 23.09623 0.75708 0.74769 147.44775
6482.24112 23.19354 0.76054 0.75084 147.66793
6483.24162 23.50113 0.77161 0.76080 148.15245
6484.24212 23.77643 0.78153 0.76971 148.19755
6485.24262 24.06184 0.79215 0.77895 148.55819
6485.35308 24.10042 0.79353 0.78020 148.67194
6486.24312 24.42522 0.80492 0.79072 149.47956
6487.24362 24.72902 0.81565 0.80055 149.74577
6488.24412 25.03663 0.82643 0.81051 150.01576
6488.44050 25.10460 0.82890 0.81271 150.14189
6489.24462 25.38992 0.83916 0.82195 150.71894
6490.24512 25.73329 0.85136 0.83306 151.28193
6491.24562 26.05853 0.86252 0.84359 151.64223
6491.38038 26.10879 0.86420 0.84522 151.75280
6492.24612 26.42304 0.87510 0.85539 152.36299
6493.24662 26.75853 0.88702 0.86625 152.76443
6494.24712 27.09040 0.89890 0.87700 153.28793
6494.30765 27.11297 0.89968 0.87773 153.35754
6495.24762 27.46146 0.91173 0.88901 154.11303
6496.24812 27.79258 0.92308 0.89973 154.40350
6497.24294 28.11715 0.93469 0.91024 154.62969
6497.24862 28.11934 0.93476 0.91031 154.63413
6498.24912 28.51678 0.94897 0.92317 155.51481
6499.24962 28.86454 0.96096 0.93443 155.89027
6499.89372 29.12134 0.96965 0.94275 156.42371
6500.25013 29.27314 0.97471 0.94766 156.78998
6501.25063 29.64775 0.98821 0.95979 157.37922
6502.25113 30.02059 1.00212 0.97186 157.98711
6502.56972 30.12552 1.00571 0.97525 158.13598
6503.25163 30.38474 1.01462 0.98365 158.66472
6504.25213 30.78301 1.02707 0.99654 158.96467
6505.10781 31.12971 1.03771 1.00776 159.16877
6505.25263 31.19272 1.03985 1.00980 159.27202
6506.25313 31.61256 1.05456 1.02339 160.05621
6507.25363 32.01488 1.06852 1.03642 160.81010
6507.53625 32.13389 1.07235 1.04027 161.04569
6508.25413 32.43074 1.08302 1.04988 161.56255
6509.25463 32.82196 1.09747 1.06255 162.06886
6510.03129 33.13808 1.10873 1.07278 162.56107
6510.25513 33.23343 1.11206 1.07587 162.73972
6511.25563 33.64814 1.12620 1.08929 163.37640
6512.25613 34.00921 1.13955 1.10098 163.85607
6512.55784 34.14226 1.14438 1.10529 164.16228
6513.25663 34.46230 1.15579 1.11565 164.80897
6514.25713 34.85903 1.16916 1.12849 165.23950
6514.96006 35.14644 1.17945 1.13780 165.59980
6515.25763 35.28855 1.18476 1.14240 165.92312
6516.25813 35.71537 1.20027 1.15621 166.55377
6517.25863 36.13358 1.21465 1.16975 167.08611
6517.29615 36.15063 1.21524 1.17030 167.11675
6518.25913 36.58879 1.23056 1.18449 167.90340
6519.25963 37.00544 1.24611 1.19798 168.37003
6519.59535 37.15481 1.25136 1.20281 168.57395
6520.26013 37.46642 1.26206 1.21290 169.26970
6521.26063 37.83567 1.27398 1.22485 169.53898
6522.04373 38.15900 1.28607 1.23532 169.80235
6522.26113 38.26507 1.28998 1.23876 170.01235
6523.26163 38.76964 1.30834 1.25509 171.08746
6524.12321 39.16318 1.32173 1.26783 171.73965
6524.26213 39.24150 1.32460 1.27036 171.96814
6525.26263 39.75628 1.34263 1.28703 172.88532
6526.11416 40.16736 1.35531 1.30034 173.15658
6526.26313 40.23727 1.35719 1.30260 173.18582
6527.26363 40.69932 1.37188 1.31756 173.61941
6528.26413 41.15759 1.38899 1.33239 174.31041
6528.28980 41.17155 1.38953 1.33285 174.34258
6529.26463 41.69996 1.40826 1.34995 175.53208
6530.26513 42.08330 1.42125 1.36236 175.79459
6530.45520 42.17573 1.42441 1.36535 175.93272
6531.26563 42.59433 1.43971 1.37891 176.69846
6532.26613 43.06299 1.45625 1.39408 177.29059
6532.48509 43.17992 1.46022 1.39786 177.52766
6533.26663 43.57641 1.47337 1.41070 178.19091
6534.26713 44.04518 1.49096 1.42587 178.73208
6534.53234 44.18410 1.49638 1.43037 178.98501
6535.26763 44.56776 1.50896 1.44279 179.66070
6536.26813 45.02272 1.52449 1.45752 180.06189
6536.58755 45.18828 1.53039 1.46288 180.34506
6537.26863 45.56705 1.54498 1.47514 181.08712
6538.26913 46.02588 1.56024 1.49000 181.73476
6538.59270 46.19247 1.56574 1.49539 182.07049
6539.26963 46.54084 1.57738 1.50667 182.58427
6540.27014 47.04170 1.59668 1.52288 183.24913
6540.56705 47.19665 1.60152 1.52790 183.47371
6541.27064 47.55846 1.61383 1.53961 184.04263
6542.27114 48.06366 1.63156 1.55596 184.70207
6542.52727 48.20084 1.63632 1.56041 184.83653
6543.27164 48.64126 1.64989 1.57466 185.37333
6544.27155 49.20502 1.66710 1.59291 186.16873
6544.27214 49.20537 1.66711 1.59293 186.16946
6545.27264 49.74096 1.68696 1.61026 187.09098
6546.12506 50.20921 1.70341 1.62542 187.86462
6546.27314 50.29696 1.70596 1.62826 188.03149
6547.27364 50.80083 1.72305 1.64458 188.75935
6548.10144 51.21339 1.73848 1.65793 189.39705
6548.27414 51.30674 1.74197 1.66095 189.52627
6549.27464 51.82172 1.75842 1.67762 190.16676
6550.02910 52.21757 1.77197 1.69044 190.70195
6550.27514 52.36890 1.77763 1.69534 191.02468
6551.27564 52.95411 1.79932 1.71428 192.12912
6551.77943 53.22176 1.80702 1.72295 192.49218
6552.27614 53.49836 1.81537 1.73190 192.95173
6553.27664 54.03391 1.83593 1.74924 193.69909
6553.61662 54.22594 1.84261 1.75546 194.01760
6554.27714 54.60484 1.85475 1.76772 194.68196
6555.27764 55.10008 1.87069 1.78375 195.15204
6555.53636 55.23013 1.87585 1.78796 195.34876
6556.27814 55.63640 1.89035 1.80112 196.20837
6557.27864 56.23042 1.90932 1.82035 197.28802
6557.28543 56.23431 1.90947 1.82047 197.29483
6558.27914 56.80153 1.93053 1.83884 198.30722
6559.00906 57.23849 1.94459 1.85298 199.11757
6559.27964 57.41923 1.94953 1.85883 199.44511
6560.28014 58.03483 1.96713 1.87876 200.19824
6560.59957 58.24268 1.97480 1.88549 200.61056
6561.28064 58.65667 1.98968 1.89889 201.43341
6562.28114 59.19860 2.00504 1.91644 202.27309
6562.36098 59.24686 2.00669 1.91800 202.36033
6563.28164 59.82266 2.02787 1.93664 203.53549
6564.02899 60.25105 2.04191 1.95051 204.27336
6564.28214 60.40396 2.04576 1.95546 204.56374
6565.28264 60.92217 2.06253 1.97223 205.47465
6565.82594 61.25523 2.07482 1.98302 206.19706
6566.28314 61.53343 2.08335 1.99202 206.72454
6567.28364 62.10823 2.10016 2.01063 207.77574
6567.53832 62.25941 2.10506 2.01552 208.06753
6568.28414 62.72683 2.12248 2.03066 209.06577
6569.21063 63.26360 2.13703 2.04803 210.08096
6569.28464 63.31215 2.13843 2.04960 210.19191
6570.28514 63.90903 2.15818 2.06893 211.42473
6570.84533 64.26778 2.17076 2.08054 212.22912
6571.28564 64.55823 2.17812 2.08994 212.88855
6572.28614 65.11148 2.19329 2.10785 213.94427
6572.55469 65.27197 2.19941 2.11305 214.31698
6573.28664 65.76467 2.21432 2.12900 215.53566
6574.15210 66.27615 2.22553 2.14556 216.51333
6574.28714 66.36032 2.22733 2.14828 216.66731
6575.28764 67.03240 2.24661 2.17004 218.17853
6575.68799 67.28033 2.25281 2.17807 218.78467
6576.28814 67.63678 2.26045 2.18961 219.61967
6577.28864 68.26753 2.27684 2.21002 221.15995
6577.31520 68.28452 2.27730 2.21057 221.20299
6578.28914 68.88724 2.29194 2.23009 222.71941
6578.91511 69.28870 2.29996 2.24308 223.76827
6579.28964 69.55541 2.30777 2.25172 224.50430
6580.29015 70.14741 2.32019 2.27088 226.02143
6580.50697 70.29289 2.32277 2.27559 226.43833
6581.29065 70.83079 2.33561 2.29301 227.92684
6582.05405 71.29707 2.34522 2.30810 229.21328
6582.29115 71.45120 2.34833 2.31309 229.65057
6583.29165 72.00640 2.35780 2.33106 231.24118
6583.72868 72.30126 2.36433 2.34061 232.12416
6584.29215 72.69097 2.37231 2.35322 233.26343
6585.29265 73.28136 2.38032 2.37234 235.07302
6585.32960 73.30544 2.38071 2.37312 235.14894
6586.29315 73.96667 2.39365 2.39452 237.16645
6586.79564 74.30962 2.39961 2.40563 238.24658
6587.29365 74.64869 2.40437 2.41660 239.34835
6588.29415 75.30036 2.41458 2.43770 241.36920
6588.31335 75.31381 2.41477 2.43813 241.40866
6589.29465 75.97123 2.42218 2.45942 243.49091
6589.80039 76.31799 2.42714 2.47064 244.65677
6590.29515 76.67079 2.43467 2.48206 245.85457
6591.29565 77.24847 2.44395 2.50076 247.92107
6591.41253 77.32218 2.44435 2.50315 248.17388
6592.29615 77.88522 2.45293 2.52138 250.23591
6592.98990 78.32636 2.46875 2.53566 251.93060
6593.29665 78.52775 2.47446 2.54218 252.69592
6594.29715 79.16392 2.48169 2.56277 255.20401
6594.54234 79.33054 2.49222 2.56817 255.84165
6595.29765 79.86032 2.57369 2.58532 257.86558
6596.02653 80.33473 2.65840 2.60068 259.87164
6596.29815 80.52603 2.68644 2.60687 260.64046
6597.29865 81.14731 2.70485 2.62698 263.56405
6597.57146 81.33891 2.69651 2.63318 264.40424
6598.29915 81.85147 2.68470 2.64978 266.66705
6599.05231 82.34310 2.68995 2.66569 269.16248
6599.29965 82.51718 2.69468 2.67133 269.99154
6600.30015 83.16893 2.71293 2.69243 273.44627
6600.58548 83.34728 2.71638 2.69820 274.35113
6601.30065 83.85940 2.72388 2.71478 277.04138
6601.97134 84.35146 2.74107 2.73071 279.89732
6602.30115 84.58264 2.75315 2.73819 281.32957
6603.30165 85.25805 2.79189 2.76006 285.81050
6603.43580 85.35565 2.79557 2.76322 286.42213
6604.30215 85.96025 2.81117 2.78279 290.62008
6604.89824 86.35983 2.82043 2.79573 293.70833
6605.30265 86.65675 2.82853 2.80534 295.71993
6606.30315 87.32677 2.84546 2.82703 301.25810
6606.35465 87.36402 2.84645 2.82824 301.54213
6607.30365 88.03748 2.86510 2.85004 306.90930
6607.78725 88.36820 2.87447 2.86074 309.78886
6608.30415 88.73892 2.88497 2.87274 312.89578
6609.30465 89.33581 2.90212 2.89207 318.58564
6609.35657 89.37238 2.90323 2.89325 318.88230
6610.30515 90.02072 2.92263 2.91424 324.99495
6610.80559 90.37657 2.93367 2.92576 328.11945
6611.30565 90.75736 2.94569 2.93809 331.02514
6612.19516 91.38075 2.96556 2.95827 336.84585
6612.30615 91.46032 2.96812 2.96084 337.58694
6613.30665 92.11946 2.99008 2.98218 344.46780
6613.68542 92.38494 2.99909 2.99078 346.89563
6614.30715 92.85303 3.01421 3.00593 350.88423
6614.97054 93.38912 3.03042 3.02329 355.31779
6615.30765 93.67232 3.03966 3.03245 357.28072
6616.29603 94.39331 3.06535 3.05579 363.22522
6616.30815 94.40252 3.06569 3.05609 363.29394
6617.30865 95.11723 3.09105 3.07923 369.85314
6617.72671 95.39749 3.10111 3.08830 372.57180
6618.30915 95.78859 3.11504 3.10096 375.28906
6619.24385 96.40167 3.13731 3.12081 381.66969
6619.30965 96.45074 3.13907 3.12240 382.07726
6620.31016 97.18907 3.16562 3.14630 387.89457
6620.60263 97.40586 3.17352 3.15332 389.60331
6621.31066 97.95607 3.19328 3.17113 393.31196
6621.97137 98.41004 3.20981 3.18583 397.57842
6622.31116 98.65223 3.21854 3.19367 399.64320
6623.31166 99.35565 3.24403 3.21644 405.84872
6623.39053 99.41423 3.24615 3.21834 406.27274
6624.31216 100.07271 3.26986 3.23965 411.73386
6624.79061 100.41841 3.28237 3.25085 414.49402
6625.31266 100.84762 3.29802 3.26474 416.51600
6626.05767 101.42259 3.31747 3.28335 420.77614
6626.31316 101.63232 3.32396 3.29014 421.96856
6627.31366 102.34930 3.34767 3.31335 426.94415
6627.40888 102.42678 3.35043 3.31586 427.33560
6628.31416 103.10307 3.37500 3.33776 431.90849
6628.75622 103.43096 3.38663 3.34837 434.20685
6629.31466 103.85885 3.40182 3.36222 436.84583
6630.12937 104.43515 3.42245 3.38088 441.44789
6630.31516 104.58201 3.42765 3.38563 442.23618
6631.31566 105.34727 3.45474 3.41041 446.87799
6631.43573 105.43933 3.45802 3.41339 447.42096
6632.31616 106.09837 3.48135 3.43472 451.65987
6632.77804 106.44351 3.49356 3.44590 453.91331
6633.31666 106.85858 3.50817 3.45933 456.28407
6634.14122 107.44770 3.52907 3.47840 460.61659
6634.31716 107.58801 3.53400 3.48295 461.28524
6635.31766 108.36106 3.56106 3.50797 465.69084
6635.44825 108.45188 3.56425 3.51091 466.21183
6636.31816 109.06635 3.58577 3.53080 469.14610
6636.81912 109.45607 3.59934 3.54342 471.33207
6637.31866 109.84131 3.61301 3.55589 473.33479
6638.17107 110.46025 3.63449 3.57593 477.61639
6638.31916 110.59463 3.63860 3.58028 478.15741
6639.31966 111.46007 3.66564 3.60830 482.25187
6639.32480 111.46444 3.66579 3.60844 482.26620
6640.32016 112.24457 3.69326 3.63369 485.91358
6640.60854 112.46862 3.70096 3.64095 487.08283
6641.32066 113.00987 3.71977 3.65847 490.10009
6641.91384 113.47280 3.73579 3.67346 492.38702
6642.32116 113.80691 3.74733 3.68427 493.69051
6643.20833 114.47699 3.77062 3.70596 497.43856
6643.32166 114.57188 3.77389 3.70904 497.81587
6644.32216 115.29979 3.79900 3.73260 501.53268
6644.56117 115.48117 3.80520 3.73847 501.96629
6645.32266 116.07324 3.82560 3.75764 504.61922
6645.85229 116.48536 3.83983 3.77098 506.67520
6646.32316 116.84485 3.85225 3.78262 508.51880
6647.19278 117.48954 3.87453 3.80349 512.32767
6647.32366 117.60010 3.87829 3.80707 512.68341
6648.32416 118.39769 3.90583 3.83289 516.00324
6648.44597 118.49372 3.90919 3.83600 516.40863
6649.32466 119.26902 3.93403 3.86110 518.97857
6649.59364 119.49791 3.94071 3.86851 520.25090
6650.32516 120.08837 3.96005 3.88762 523.08209
6650.83453 120.50209 3.97443 3.90101 524.51513
6651.32566 120.88999 3.98780 3.91357 526.24932
6652.12005 121.50628 4.00879 3.93352 529.17711
6652.32616 121.68427 4.01485 3.93928 529.63148
6653.32666 122.47042 4.04172 3.96473 532.76075
6653.37975 122.51046 4.04309 3.96603 532.83964
6654.32716 123.22026 4.06737 3.98901 535.50120
6654.67546 123.51464 4.07736 3.99854 536.53296
6655.32766 124.04853 4.09558 4.01582 538.44810
6655.92083 124.51883 4.11157 4.03105 540.44001
6656.32816 124.87188 4.12358 4.04248 541.32341
6657.16131 125.52301 4.14582 4.06356 544.27292
6657.32866 125.66086 4.15052 4.06802 544.75002
6658.32916 126.44643 4.17732 4.09345 548.19801
6658.42580 126.52720 4.18005 4.09606 548.45814
6659.32966 127.28866 4.20592 4.12072 550.78638
6659.64180 127.53138 4.21436 4.12857 551.83040
6660.33017 128.12470 4.23425 4.14778 553.43728
6660.80362 128.53556 4.24646 4.16108 555.27769
6661.33067 128.99850 4.26051 4.17607 557.32530
6662.04253 129.53975 4.27898 4.19359 558.96589
6662.33117 129.75063 4.28623 4.20042 559.57090
6663.28078 130.54393 4.31308 4.22610 562.04128
6663.33167 130.58815 4.31458 4.22753 562.15003
6664.33217 131.39615 4.34207 4.25369 565.17173
6664.52275 131.54812 4.34722 4.25861 565.78747
6665.33267 132.23001 4.37032 4.28068 567.85992
6665.71322 132.55230 4.38121 4.29112 568.80150
6666.33317 133.07471 4.39895 4.30803 570.35333
6666.91490 133.55649 4.41522 4.32362 571.96079
6667.33367 133.91963 4.42756 4.33538 572.85017
6668.13858 134.56067 4.44928 4.35613 575.45779
6668.33417 134.72057 4.45472 4.36131 576.02383
6669.33467 135.55000 4.48271 4.38816 578.82020
6669.35328 135.56485 4.48321 4.38864 578.87911
6670.33517 136.38885 4.51149 4.41532 581.33806
6670.56626 136.56904 4.51741 4.42115 582.26949
6671.33567 137.23207 4.53701 4.44261 584.07261
6671.69583 137.57322 4.54751 4.45366 584.32956
6672.33617 138.11663 4.56620 4.47125 585.82914
6672.88505 138.57741 4.58180 4.48617 587.22792
6673.33667 138.98472 4.59540 4.49935 588.00834
6674.03991 139.58159 4.61562 4.51867 589.71821
6674.33717 139.83323 4.62417 4.52682 590.45549
6675.28231 140.58577 4.64968 4.55118 593.51784
6675.33767 140.63256 4.65126 4.55270 593.65917
6676.33817 141.46870 4.67946 4.57977 596.29484
6676.48795 141.58996 4.68356 4.58369 596.74787
6677.33867 142.32130 4.70822 4.60737 598.71179
6677.65244 142.59414 4.71743 4.61620 599.39172
6678.33917 143.19123 4.73754 4.63553 600.84484
6678.79763 143.59833 4.75126 4.64871 601.82228
6679.33967 144.07965 4.76747 4.66429 602.71927
6680.04135 144.60251 4.78506 4.68122 604.17022
6680.34017 144.83416 4.79288 4.68872 605.09993
6681.27825 145.60669 4.81934 4.71373 607.71267
6681.34067 145.66992 4.82141 4.71577 607.72982
6682.28931 146.61088 4.84949 4.74623 609.69163
6682.34117 146.65483 4.85089 4.74766 609.86219
6683.34167 147.51945 4.88014 4.77565 612.06569
6683.45411 147.61506 4.88337 4.77874 612.32865
6684.34217 148.36448 4.90857 4.80300 614.62035
6684.64200 148.61925 4.91717 4.81125 615.34924
6685.34267 149.25057 4.93842 4.83169 616.59141
6685.76240 149.62343 4.95097 4.84376 617.41069
6686.34317 150.13558 4.96822 4.86034 618.60005
6686.91113 150.62762 4.98472 4.87627 619.85397
6687.34367 151.01246 4.99767 4.88873 620.82393
6688.15316 151.63180 5.01863 4.90878 623.05006
6688.34417 151.78656 5.02383 4.91379 623.29400
6689.34467 152.62244 5.05198 4.94085 625.52845
6689.36005 152.63598 5.05243 4.94128 625.56363
6690.34517 153.53869 5.08267 4.97051 627.11703
6690.45819 153.64017 5.08614 4.97379 627.30945
6691.34567 154.46596 5.11329 5.00053 628.81733
6691.53956 154.64435 5.11842 5.00630 629.48440
6692.34617 155.37406 5.14090 5.02992 631.78670
6692.64376 155.64854 5.15021 5.03881 632.20264
6693.34667 156.28765 5.17177 5.05950 633.32816
6693.75525 156.65272 5.18398 5.07132 634.13495
6694.34717 157.19649 5.20226 5.08892 635.07150
6694.85820 157.65690 5.21768 5.10383 636.01137
6695.34767 158.09761 5.23247 5.11809 636.92743
6695.99542 158.66109 5.25145 5.13634 638.36185
6696.34817 158.98360 5.26224 5.14678 638.98678
6697.17625 159.66527 5.28522 5.16884 641.07355
6697.34867 159.81158 5.29012 5.17358 641.21912
6698.34917 160.64516 5.31809 5.20057 643.13449
6698.37617 160.66946 5.31890 5.20135 643.19256
6699.34967 161.54065 5.34821 5.22956 645.10547
6699.49673 161.67364 5.35268 5.23386 645.37052
6700.35018 162.43777 5.37817 5.25860 647.06787
6700.62589 162.67782 5.38625 5.26637 647.68903
6701.35068 163.35913 5.40940 5.28843 648.57400
6701.69756 163.68201 5.41931 5.29888 649.44994
6702.35118 164.32635 5.43823 5.31974 651.04907
6702.70841 164.68619 5.45000 5.33139 651.32405
6703.35168 165.25362 5.46948 5.34976 652.54011
6703.84889 165.69038 5.48403 5.36389 653.66991
6704.35218 166.17521 5.50019 5.37959 654.24305
6704.92972 166.69456 5.51760 5.39640 655.32535
6705.35268 167.08421 5.53062 5.40902 656.00847
6706.03767 167.69874 5.55132 5.42891 657.46759
6706.35318 167.97376 5.56052 5.43781 657.90602
6707.26804 168.70293 5.58495 5.46142 659.62651
6707.35368 168.77584 5.58740 5.46378 659.84949
6708.35418 169.67388 5.61749 5.49285 661.91596
6708.39073 169.70711 5.61861 5.49393 661.98066
6709.35468 170.61682 5.64903 5.52338 663.33805
6709.45712 170.71130 5.65219 5.52644 663.51766
6710.35518 171.51895 5.67950 5.55258 665.17776
6710.57317 171.71548 5.68613 5.55895 665.58277
6711.35568 172.48761 5.70966 5.58394 667.14499
6711.58905 172.71967 5.71644 5.59145 667.71503
6712.35618 173.44456 5.74034 5.61492 668.91018
6712.66102 173.72385 5.74983 5.62396 669.39946
6713.35668 174.36360 5.77112 5.64467 670.63534
6713.73828 174.72803 5.78329 5.65647 671.09479
6714.35718 175.30686 5.80267 5.67521 672.16629
6714.88982 175.73222 5.81699 5.68898 673.52810
6715.35768 176.13185 5.83029 5.70192 673.85191
6716.04721 176.73640 5.85054 5.72149 675.18386
6716.35818 177.02737 5.86027 5.73091 675.74299
6717.08280 177.74059 5.88403 5.75400 676.41149
6717.35868 177.99716 5.89264 5.76230 676.87075
6718.20083 178.74477 5.91770 5.78650 678.67078
6718.35918 178.89348 5.92264 5.79132 678.90998
6719.33437 179.74895 5.95137 5.81901 681.10216
6719.35968 179.77186 5.95214 5.81975 681.15344
6720.36018 180.70923 5.98367 5.85010 682.63761
6720.40911 180.75314 5.98517 5.85152 682.71840
6721.36068 181.70270 6.01443 5.88226 684.40609
6721.41457 181.75732 6.01605 5.88403 684.51459
6722.36118 182.63079 6.04430 5.91231 686.48585
6722.50587 182.76151 6.04878 5.91654 686.75794
6723.36168 183.54156 6.07480 5.94179 688.16649
6723.63058 183.76569 6.08228 5.94905 688.47555
6724.36218 184.39770 6.10341 5.96951 689.53567
6724.74961 184.76987 6.11585 5.98156 690.14864
6725.36268 185.36847 6.13580 6.00093 690.82042
6725.78710 185.77406 6.14929 6.01406 691.38684
6726.36318 186.30569 6.16704 6.03127 692.40425
6726.87327 186.77824 6.18283 6.04657 693.26872
6727.36368 187.25338 6.19869 6.06195 693.86508
6727.93379 187.78243 6.21632 6.07908 694.83513
6728.36418 188.19059 6.22999 6.09229 695.45355
6729.01254 188.78661 6.24975 6.11159 696.64830
6729.36468 189.11349 6.26089 6.12217 697.19961
6730.09101 189.79079 6.28318 6.14410 698.50835
6730.36518 190.08044 6.29151 6.15347 699.03987
6731.01335 190.79498 6.31315 6.17661 699.59306
6731.36568 191.13586 6.32483 6.18764 699.89754
6732.08974 191.79916 6.34704 6.20911 701.31829
6732.36618 192.06272 6.35582 6.21765 701.65677
6733.26762 192.80335 6.38052 6.24162 703.00659
6733.36668 192.88699 6.38333 6.24433 703.23406
6734.34428 193.80753 6.41399 6.27413 704.83315
6734.36718 193.83003 6.41474 6.27486 704.85718
6735.36768 194.76145 6.44584 6.30501 706.51234
6735.41970 194.81172 6.44751 6.30664 706.58084
6736.36818 195.71623 6.47768 6.33592 707.92743
6736.47448 195.81590 6.48099 6.33915 708.09784
6737.36868 196.63739 6.50845 6.36574 709.71517
6737.56328 196.82008 6.51454 6.37166 710.03204
6738.36918 197.58854 6.54013 6.39653 711.16586
6738.62602 197.82427 6.54818 6.40417 711.57684
6739.36968 198.60698 6.57232 6.42950 712.47686
6739.57978 198.82845 6.57864 6.43667 712.89515
6740.37019 199.56622 6.60263 6.46056 714.50176
6740.66618 199.83264 6.61168 6.46918 715.07259
6741.37069 200.48216 6.63311 6.49021 715.56027
6741.76886 200.83682 6.64487 6.50169 715.85874
6742.37119 201.39618 6.66361 6.51980 716.94075
6742.82611 201.84100 6.67838 6.53420 717.49915
6743.37169 202.36638 6.69585 6.55121 718.20281
6743.87582 202.84519 6.71185 6.56671 718.94078
6744.37219 203.32099 6.72765 6.58211 719.63996
6744.93864 203.84937 6.74522 6.59922 720.57701
6745.37269 204.28181 6.75958 6.61322 721.00309
6745.95407 204.85356 6.77864 6.63172 721.66142
6746.37319 205.25578 6.79199 6.64475 722.23994
6746.99612 205.85774 6.81199 6.66423 723.03707
6747.37369 206.21298 6.82377 6.67573 723.64375
6748.06291 206.86192 6.84561 6.69674 724.67524
6748.37419 207.18234 6.85633 6.70711 724.84066
6749.05386 207.86611 6.87691 6.72925 726.11943
6749.37469 208.19149 6.88641 6.73978 726.84591
6750.06616 208.87029 6.90889 6.76176 727.67897
6750.37519 209.15590 6.91847 6.77100 727.79212
6751.18490 209.87448 6.94228 6.79427 728.67086
6751.37569 210.04681 6.94804 6.79985 729.07735
6752.30015 210.87866 6.97581 6.82677 730.98460
6752.37619 210.95266 6.97826 6.82917 731.07280
6753.33599 211.88285 7.00914 6.85928 732.30590
6753.37669 211.92088 7.01041 6.86051 732.37211
6754.37719 212.85323 7.04144 6.89070 734.02336
6754.41281 212.88703 7.04256 6.89179 734.07611
6755.37769 213.80958 7.07322 6.92166 735.42712
6755.46288 213.89121 7.07593 6.92430 735.55025
6756.37819 214.79081 7.10580 6.95342 736.60157
6756.48974 214.89540 7.10928 6.95681 736.78418
6757.37869 215.71822 7.13696 6.98345 738.18924
6757.56128 215.89958 7.14278 6.98932 738.42828
6758.37919 216.79908 7.16913 7.01844 739.62963
6758.49151 216.90377 7.17249 7.02183 739.81633
6759.37969 217.66423 7.19810 7.04644 740.67331
6759.64135 217.90795 7.20618 7.05433 741.00668
6760.38019 218.60830 7.22942 7.07701 742.21624
6760.68489 218.91213 7.23951 7.08684 742.49747
6761.38069 219.59275 7.26200 7.10888 743.30271
6761.71584 219.91632 7.27276 7.11935 743.73407
6762.38119 220.57769 7.29464 7.14076 744.41901
6762.74556 220.92050 7.30605 7.15186 744.97978
6763.38169 221.52762 7.32622 7.17151 745.85645
6763.77677 221.92469 7.33939 7.18437 746.21371
6764.38219 222.53378 7.35956 7.20409 746.75471
6764.78646 222.92887 7.37268 7.21688 747.23000
6765.38269 223.49919 7.39164 7.23534 748.04203
6765.83605 223.93305 7.40599 7.24938 748.69770
6766.38319 224.46204 7.42365 7.26651 749.34455
6766.88386 224.93724 7.43950 7.28189 750.00772
6767.38369 225.49783 7.45618 7.30004 750.56075
6767.81043 225.94142 7.46924 7.31440 751.21749
6768.38419 226.45516 7.48620 7.33103 751.52671
6768.90844 226.94561 7.50265 7.34691 751.96303
6769.38469 227.39164 7.51740 7.36135 752.84298
6769.97652 227.94979 7.53589 7.37942 753.71013
6770.38519 228.34838 7.54911 7.39232 754.17266
6770.99577 228.95397 7.56920 7.41193 754.80808
6771.38569 229.33769 7.58193 7.42435 755.22091
6772.04273 229.95816 7.60246 7.44444 756.18984
6772.38619 230.28754 7.61338 7.45510 756.64290
6773.09316 230.96234 7.63583 7.47694 757.61041
6773.38669 231.24698 7.64527 7.48616 757.96538
6774.13958 231.96653 7.66911 7.50945 758.96949
6774.38719 232.20772 7.67708 7.51726 759.26607
6775.19144 232.97071 7.70246 7.54196 760.36789
6775.38769 233.16392 7.70897 7.54822 760.53780
6776.18118 233.97490 7.73416 7.57447 761.67206
6776.38819 234.18847 7.74021 7.58138 761.95412
6777.26621 234.97908 7.76551 7.60698 762.81378
6777.38869 235.08910 7.76926 7.61054 763.00028
6778.28885 235.98326 7.79886 7.63949 763.97297
6778.38919 236.08113 7.80209 7.64265 764.08171
6779.31032 236.98745 7.83213 7.67199 765.04687
6779.38969 237.06467 7.83470 7.67449 765.13941
6780.39020 237.98909 7.86533 7.70442 766.75162
6780.39279 237.99163 7.86541 7.70450 766.75456
6781.39070 238.94106 7.89689 7.73524 768.09303
6781.44842 238.99582 7.89871 7.73701 768.17371
6782.39120 239.95110 7.93024 7.76794 768.89420
6782.44119 240.00000 7.93186 7.76952 768.94822
