6777.34849 246.88746 8.15128 7.99249 747.99265
6776.56252 246.10751 8.12560 7.96724 747.84756
6776.59237 246.13284 8.12644 7.96806 747.87863
6775.73089 245.34329 8.10024 7.94250 746.81652
6775.46216 245.08784 8.09179 7.93423 746.40036
6774.53955 244.20137 8.06241 7.90553 745.25231
6774.35933 244.02763 8.05652 7.89991 745.05621
6773.40949 243.08542 8.02774 7.86940 743.39157
6773.46265 243.13709 8.02924 7.87108 743.51229
6772.47665 242.19105 7.99907 7.84045 741.87479
6772.32843 242.04520 7.99413 7.83573 741.73535
6771.33773 241.05776 7.96160 7.80376 740.71273
6771.20778 240.92615 7.95724 7.79950 740.59842
6770.24768 239.93504 7.92450 7.76742 739.91464
6770.75916 240.42285 7.94062 7.78321 740.62773
6769.74977 239.53230 7.91102 7.75438 738.61949
6769.54771 239.34605 7.90480 7.74835 738.28804
6768.61889 238.49955 7.87669 7.72095 736.64754
6768.20828 238.10776 7.86377 7.70826 736.54914
6767.38772 237.30100 7.83717 7.68215 736.16302
6767.20519 237.12460 7.83133 7.67643 735.86826
6766.42520 236.36434 7.80609 7.65182 734.87703
6766.28945 236.23510 7.80180 7.64764 734.69198
6765.52756 235.52078 7.77819 7.62451 733.48829
6765.23914 235.24517 7.76903 7.61559 733.08114
6764.52424 234.58016 7.74659 7.59406 732.01486
6764.01208 234.08526 7.73162 7.57804 730.92959
6763.35534 233.43637 7.71235 7.55704 729.57243
6762.73467 232.81489 7.69152 7.53692 729.00105
6762.05075 232.06512 7.66681 7.51264 728.85094
6762.20764 232.21371 7.67174 7.51745 729.08522
6761.74573 231.80261 7.65803 7.50415 728.16802
6761.26917 231.38658 7.64415 7.49068 727.15104
6760.48070 230.66428 7.62015 7.46729 725.73857
6759.84977 230.03722 7.59940 7.44700 725.07019
6759.47877 229.67293 7.58731 7.43520 724.61983
6759.05025 229.27438 7.57408 7.42230 724.30017
6758.58635 228.85148 7.56011 7.40861 724.02575
6757.88133 228.19079 7.53817 7.38722 722.88974
6757.39877 227.72874 7.52279 7.37226 722.19826
6756.65230 226.99258 7.49860 7.34843 721.28764
6756.35075 226.68303 7.48830 7.33841 721.05019
6755.76459 226.11384 7.46903 7.31998 720.39925
6755.46369 225.82957 7.46007 7.31078 719.78430
6754.72887 225.12175 7.43942 7.28787 717.92735
6754.49032 224.89496 7.43219 7.28052 717.48108
6753.59109 224.03835 7.40342 7.25279 716.22820
6752.98464 223.39606 7.38228 7.23200 715.87029
6752.41576 222.76769 7.36154 7.21166 715.79092
6752.85718 223.18632 7.37547 7.22521 716.46091
6752.15212 222.60816 7.35606 7.20649 714.59118
6751.54437 222.08030 7.33842 7.18941 713.20439
6750.54081 221.12565 7.30676 7.15850 712.14976
6750.34323 220.93234 7.30041 7.15224 712.19423
6749.39341 219.99209 7.26929 7.12180 711.34736
6749.39146 219.98935 7.26920 7.12172 711.35195
6748.42264 219.04441 7.23785 7.09112 710.08366
6748.53907 219.15600 7.24155 7.09474 710.25423
6747.53120 218.21146 7.21009 7.06416 708.58982
6747.43538 218.11908 7.20703 7.06117 708.45292
6746.48214 217.21243 7.17672 7.03182 707.05132
6746.30314 217.04050 7.17086 7.02625 706.82681
6745.41356 216.17320 7.14439 6.99818 704.93610
6745.32126 216.08786 7.14197 6.99541 704.64810
6744.46425 215.26305 7.11524 6.96871 703.21287
6744.40966 215.21395 7.11357 6.96712 703.11393
6743.54601 214.41724 7.08705 6.94133 701.55598
6743.26257 214.14175 7.07792 6.93241 701.17649
6742.54659 213.47600 7.05569 6.91086 699.95087
6742.18843 213.13787 7.04439 6.89991 699.32163
6741.51103 212.50092 7.02325 6.87929 698.45771
6741.16090 212.16800 7.01227 6.86851 698.40547
6740.46432 211.52430 6.99088 6.84768 697.54989
6739.83347 210.89565 6.97000 6.82732 696.73991
6739.38705 210.44261 6.95497 6.81266 696.33973
6738.95480 210.03916 6.94150 6.79960 695.60784
6738.41675 209.50596 6.92386 6.78234 694.95281
6738.06634 209.17564 6.91287 6.77164 694.36725
6737.50875 208.66718 6.89560 6.75518 693.38807
6736.83990 208.01757 6.87482 6.73415 692.22914
6736.42531 207.61830 6.86326 6.72123 691.10979
6735.73740 206.95220 6.84215 6.69966 689.82833
6735.51141 206.71411 6.83405 6.69196 689.75406
6734.92958 206.19296 6.81661 6.67508 688.54132
6734.40970 205.69830 6.80019 6.65907 687.72830
6733.79397 205.09574 6.78010 6.63956 686.91111
6733.58292 204.91820 6.77415 6.63382 686.31801
6732.66037 204.04684 6.74526 6.60561 685.62868
6732.46856 203.85440 6.73889 6.59938 685.66203
6731.65290 203.08598 6.71335 6.57450 684.38008
6731.49822 202.93811 6.70843 6.56972 684.13872
6730.60465 202.09464 6.68027 6.54241 682.72561
6730.49038 201.98978 6.67679 6.53902 682.49942
6729.50235 201.05015 6.64546 6.50860 680.94390
6729.48369 201.03139 6.64483 6.50799 680.92482
6728.49068 200.08987 6.61357 6.47751 679.31636
6728.57644 200.17031 6.61624 6.48011 679.46726
6727.59333 199.26784 6.58576 6.45090 677.73641
6727.43366 199.11782 6.58085 6.44604 677.43824
6726.60055 198.34335 6.55787 6.42097 675.04093
6726.34207 198.11478 6.55085 6.41357 674.27563
6725.41081 197.23360 6.52124 6.38504 672.84193
6725.13539 196.94922 6.51186 6.37584 672.62946
6724.47594 196.32064 6.49091 6.35549 671.53333
6724.24355 196.10192 6.48360 6.34841 671.13560
6723.51017 195.42100 6.46108 6.32636 670.59763
6723.05293 194.98010 6.44644 6.31209 670.40919
6722.48253 194.43037 6.42810 6.29429 669.51213
6722.13432 194.10835 6.41732 6.28387 668.87418
6721.58005 193.59366 6.40018 6.26721 667.89751
6721.07059 193.12613 6.38459 6.25207 666.92886
6720.50174 192.59861 6.36695 6.23499 665.92015
6719.86938 191.99352 6.34674 6.21541 664.97028
6719.44859 191.59081 6.33336 6.20237 664.31460
6718.83459 191.00304 6.31359 6.18334 663.46376
6718.56489 190.74685 6.30496 6.17505 663.08767
6717.82630 190.06976 6.28439 6.15313 661.00496
6717.65270 189.89329 6.27928 6.14742 660.59876
6716.90931 189.24099 6.25811 6.12630 658.67077
6716.27686 188.64879 6.23818 6.10713 657.65536
6715.45321 187.80656 6.21021 6.07986 656.97868
6715.69641 188.04125 6.21802 6.08746 657.19471
6714.76691 187.21589 6.19053 6.06074 656.30519
6714.71040 187.16291 6.18877 6.05902 656.27928
6713.70865 186.27353 6.15906 6.03023 654.06147
6713.39493 185.98351 6.14938 6.02084 653.50156
6712.45805 185.08941 6.11953 5.99190 652.09868
6712.37502 185.01064 6.11690 5.98935 651.96748
6711.51629 184.20004 6.08984 5.96311 650.58913
6711.53979 184.22133 6.09055 5.96380 650.63542
6710.68395 183.46785 6.06526 5.93940 648.71313
6710.16561 182.98426 6.04919 5.92375 647.78235
6709.45998 182.31141 6.02636 5.90197 646.85063
6709.11036 181.97880 6.01560 5.89120 646.19955
6708.70718 181.58933 6.00438 5.87859 645.03635
6708.58566 181.50294 6.00193 5.87579 644.38370
6707.78107 180.84675 5.98076 5.85455 641.72746
6706.77789 179.91831 5.94964 5.82450 640.23460
6706.19235 179.32501 5.93006 5.80529 640.58566
6705.66106 178.77750 5.91188 5.78756 640.35641
6705.55235 178.67396 5.90841 5.78421 640.12769
6704.93527 178.11293 5.88963 5.76605 638.82386
6704.62663 177.83375 5.88028 5.75701 638.23440
6703.81434 177.09325 5.85550 5.73304 636.67124
6703.58671 176.88454 5.84852 5.72628 636.24837
6702.67618 176.04679 5.82049 5.69916 634.56142
6702.63782 176.00698 5.81917 5.69787 634.53964
6701.66204 175.12786 5.78974 5.66941 632.56725
6701.57445 175.04800 5.78707 5.66683 632.40022
6700.60828 174.15675 5.75726 5.63798 630.65464
6701.05506 174.53910 5.77008 5.65035 631.79072
6699.98936 173.69712 5.74174 5.62310 628.32998
6699.26411 173.04504 5.71957 5.60199 626.95303
6698.65505 172.48739 5.70227 5.58393 625.34780
6698.00415 171.90303 5.68473 5.56502 623.15088
6697.24212 171.13385 5.65911 5.54012 623.47819
6697.13074 171.01182 5.65508 5.53617 623.65321
6696.63587 170.58278 5.64080 5.52228 622.73459
6695.96708 169.95547 5.61982 5.50197 621.50636
6695.57442 169.58423 5.60744 5.48995 620.93168
6694.96983 169.03728 5.58910 5.47224 619.73132
6694.64548 168.73025 5.57879 5.46230 619.23791
6693.98605 168.14806 5.55924 5.44346 617.79378
6693.68161 167.87508 5.55010 5.43462 617.16616
6692.85271 167.13391 5.52526 5.41063 615.43509
6692.62928 166.93757 5.51869 5.40427 614.92811
6691.63923 166.03309 5.48833 5.37499 613.08470
6691.95107 166.30074 5.49738 5.38365 613.84967
6690.95750 165.48029 5.46975 5.35709 611.00439
6690.68755 165.24926 5.46201 5.34961 610.32427
6689.78858 164.47953 5.43583 5.32470 608.21608
6689.36007 164.09420 5.42385 5.31222 606.99851
6688.65568 163.46426 5.40521 5.29183 604.60338
6688.11334 162.96966 5.38882 5.27582 604.33925
6687.57740 162.46257 5.37177 5.25940 604.13833
6687.12046 162.05623 5.35816 5.24625 603.05752
6686.49165 161.47708 5.33870 5.22750 601.92842
6685.95182 160.95829 5.32139 5.21070 601.23132
6685.65330 160.69468 5.31255 5.20217 600.57012
6684.92568 160.03566 5.29049 5.18083 599.16169
6684.79749 159.91304 5.28639 5.17686 598.98847
6683.98751 159.22637 5.26319 5.15464 596.89094
6683.68593 158.95833 5.25416 5.14596 596.25374
6682.71560 158.09380 5.22520 5.11797 594.23406
6682.76424 158.13648 5.22663 5.11935 594.34076
6681.77817 157.27516 5.19766 5.09147 592.08365
6681.86767 157.35056 5.20020 5.09391 592.31717
6680.96421 156.61171 5.17520 5.06999 589.68490
6680.54004 156.25008 5.16314 5.05828 588.52053
6679.78982 155.61690 5.14161 5.03779 587.13919
6679.10111 154.99826 5.12150 5.01776 586.47866
6678.66914 154.59698 5.10983 5.00477 585.01635
6677.98721 154.00023 5.09107 4.98545 582.94944
6677.39552 153.43061 5.07175 4.96701 582.33400
6676.89584 152.94872 5.05562 4.95141 581.68268
6676.80688 152.88154 5.05333 4.94923 581.36407
6675.94319 152.13376 5.02817 4.92503 579.32588
6675.78305 151.98738 5.02325 4.92029 579.03815
6674.83802 151.17363 4.99585 4.89394 576.75099
6674.77041 151.11464 4.99386 4.89203 576.59736
6673.81305 150.28032 4.96581 4.86502 574.40162
6674.21739 150.60635 4.97686 4.87558 575.64285
6673.14918 149.81059 4.94980 4.84982 571.59329
6672.28568 149.06600 4.92467 4.82571 569.52086
6671.76586 148.60428 4.90914 4.81077 568.36874
6671.15890 148.08349 4.89172 4.79391 567.64343
6670.77252 147.72754 4.87991 4.78238 567.53885
6670.19927 147.24601 4.86363 4.76680 566.06260
6669.86777 146.97138 4.85403 4.75790 565.19789
6668.93161 146.17033 4.82913 4.73197 562.08991
6668.87264 146.11846 4.82760 4.73029 561.87730
6667.88684 145.28516 4.80080 4.70332 558.82759
6667.40379 144.85999 4.78631 4.68955 557.82081
6666.44185 143.94630 4.75576 4.65997 556.46685
6666.75012 144.21310 4.76475 4.66861 557.20269
6665.92705 143.53555 4.74183 4.64668 554.84926
6665.47520 143.14742 4.72875 4.63411 553.74955
6664.96157 142.70442 4.71382 4.61977 552.50833
6664.51310 142.35266 4.70189 4.60838 551.01191
6664.00533 141.93603 4.68776 4.59490 549.52719
6663.20688 141.28504 4.66574 4.57382 547.18179
6662.81657 140.95671 4.65460 4.56319 546.00021
6661.84758 140.12005 4.62654 4.53611 544.72246
6661.93983 140.19715 4.62912 4.53860 544.79235
6660.93872 139.36643 4.60111 4.51171 542.55075
6660.79763 139.24703 4.59706 4.50784 542.14847
6659.95164 138.54825 4.57353 4.48522 539.75894
6659.53905 138.20359 4.56181 4.47406 538.63613
6658.84621 137.62033 4.54170 4.45518 536.96753
6658.17762 137.04186 4.52392 4.43646 534.65725
6657.72426 136.63334 4.51163 4.42323 533.19740
6657.09248 136.08621 4.49334 4.40552 531.64564
6656.91079 135.92518 4.48804 4.40031 531.21099
6656.07293 135.23415 4.46471 4.37794 528.79430
6656.15751 135.29732 4.46687 4.37998 529.11085
6655.14956 134.51385 4.44018 4.35462 525.63790
6654.69821 134.14011 4.42751 4.34252 524.37377
6653.88076 133.44312 4.40400 4.31995 522.32700
6653.76374 133.34631 4.40075 4.31682 522.16215
6653.06777 132.80094 4.38232 4.29916 520.88961
6652.34754 132.20713 4.36216 4.27994 518.76231
6651.90204 131.83316 4.34947 4.26783 517.54826
6651.06003 131.12674 4.32555 4.24497 515.28031
6651.10647 131.14815 4.32631 4.24566 515.62736
6650.20032 130.44991 4.30252 4.22305 512.37298
6650.01493 130.30056 4.29747 4.21822 511.78892
6649.04099 129.51886 4.27079 4.19291 508.70150
6648.64514 129.19193 4.25953 4.18233 507.67651
6648.05176 128.69513 4.24364 4.16625 505.58229
6647.61335 128.36103 4.23385 4.15543 503.32874
6647.15130 127.98748 4.22217 4.14334 501.48161
6646.32311 127.34800 4.20022 4.12264 498.52851
6645.58622 126.71989 4.17885 4.10230 496.61524
6644.67419 125.87818 4.15047 4.07505 495.02753
6645.13203 126.26996 4.16369 4.08774 496.15223
6644.13463 125.48562 4.13710 4.06235 493.69445
6643.97173 125.35533 4.13268 4.05813 493.43448
6643.12590 124.69370 4.11007 4.03671 490.53409
6642.57060 124.24738 4.09488 4.02226 488.75621
6642.03746 123.81076 4.07994 4.00813 487.12705
6641.34545 123.25700 4.06105 3.99020 484.81474
6641.07219 123.03006 4.05331 3.98285 484.01008
6640.15842 122.30629 4.02856 3.95942 480.88874
6640.33786 122.44101 4.03319 3.96378 481.62343
6639.31747 121.68349 4.00720 3.93926 477.43819
6638.73884 121.23081 3.99164 3.92461 475.33640
6638.12295 120.72029 3.97430 3.90808 473.42894
6637.78707 120.47574 3.96586 3.90016 472.02357
6637.25635 120.07573 3.95182 3.88721 470.08511
6636.31493 119.35257 3.92856 3.86380 465.69098
6635.76900 118.89996 3.91505 3.84915 464.08705
6634.75534 118.01815 3.88488 3.82060 462.15761
6635.07242 118.28119 3.89402 3.82912 463.20253
6634.12330 117.52648 3.86805 3.80468 459.76016
6633.86780 117.33009 3.86130 3.79833 458.78066
6633.09468 116.72093 3.84030 3.77861 455.95645
6632.57189 116.29963 3.82581 3.76497 454.13849
6632.20907 116.02080 3.81616 3.75594 452.71753
6631.31672 115.33143 3.79237 3.73362 449.32013
6631.19819 115.23205 3.78895 3.73041 448.94228
6630.29122 114.53698 3.76485 3.70791 445.35345
6630.51015 114.69924 3.77049 3.71316 446.27292
6629.44247 113.96550 3.74490 3.68941 441.06256
6628.53218 113.25530 3.72026 3.66641 437.48271
6628.11693 112.92075 3.70868 3.65558 436.04934
6627.33652 112.31043 3.68761 3.63583 432.89414
6627.41257 112.36302 3.68945 3.63753 433.28034
6626.40834 111.63798 3.66395 3.61406 429.80360
6626.04265 111.35642 3.65423 3.60494 428.75176
6625.23953 110.74217 3.63492 3.58506 424.54798
6624.50988 110.17786 3.61681 3.56679 421.04356
6623.85957 109.62139 3.59719 3.54877 419.06823
6623.30825 109.16252 3.58128 3.53392 417.15653
6623.29011 109.14732 3.58075 3.53343 417.09482
6622.34468 108.44449 3.55611 3.51067 412.83108
6622.21065 108.34277 3.55254 3.50738 412.25397
6621.32974 107.66361 3.52875 3.48539 408.56181
6621.24503 107.61631 3.52706 3.48386 407.99689
6620.46955 107.06871 3.50779 3.46614 404.17526
6619.62222 106.44806 3.48589 3.44604 400.22911
6619.42070 106.29320 3.48044 3.44103 399.34819
6618.41665 105.56926 3.45478 3.41759 394.52793
6618.17440 105.38176 3.44822 3.41152 393.73815
6617.35481 104.76747 3.42673 3.39164 391.06228
6616.88385 104.42519 3.41458 3.38056 388.64790
6616.26451 103.95585 3.39798 3.36536 385.81215
6615.45918 103.34416 3.37635 3.34556 382.14425
6615.41257 103.30219 3.37488 3.34420 381.99658
6614.43811 102.60120 3.34985 3.32151 377.22936
6614.26004 102.46607 3.34489 3.31713 376.44540
6613.41424 101.85277 3.32388 3.29728 372.00248
6612.63509 101.27374 3.30600 3.27853 367.59813
6612.38709 101.05275 3.29869 3.27138 366.63112
6611.76243 100.63094 3.28362 3.25773 363.28365
6611.32977 100.32429 3.27254 3.24780 361.10291
6610.29581 99.54666 3.24498 3.22262 356.18292
6610.16471 99.44679 3.24145 3.21939 355.56657
6609.45602 98.93191 3.22338 3.20272 351.96785
6608.82512 98.48046 3.20748 3.18811 349.43483
6608.50699 98.24546 3.19920 3.18050 348.31960
6607.54624 97.57004 3.17527 3.15864 343.37134
6607.28956 97.38293 3.16867 3.15258 342.16507
6606.31362 96.65381 3.14370 3.12897 337.34869
6606.03620 96.44387 3.13646 3.12218 336.04502
6605.54418 96.09099 3.12417 3.11075 333.58275
6604.78303 95.56212 3.10589 3.09363 329.73687
6604.80080 95.56746 3.10607 3.09381 329.86442
6603.82814 94.93680 3.08486 3.07339 324.70302
6603.45642 94.68728 3.07661 3.06531 322.79175
6602.62401 94.13473 3.05818 3.04742 318.67070
6601.64628 93.43573 3.03593 3.02479 314.02522
6601.66449 93.43334 3.03582 3.02472 314.16796
6600.68761 92.78685 3.01854 3.00379 309.22583
6599.91092 92.21384 3.00068 2.98524 306.48505
6599.10400 91.57321 2.98062 2.96450 303.05994
6598.79246 91.32736 2.97315 2.95654 301.77644
6598.75441 91.29057 2.97201 2.95535 301.63828
6597.94692 90.78145 2.95764 2.93887 298.11528
6597.10520 90.18315 2.94033 2.91950 294.62459
6596.08198 89.37514 2.91718 2.89334 290.69001
6595.91229 89.23510 2.91323 2.88881 290.06004
6595.40699 88.84550 2.90249 2.87620 288.18837
6595.15299 88.67396 2.89811 2.87064 287.22329
6594.49622 88.24809 2.88790 2.85686 284.83024
6593.28469 87.34553 2.86372 2.82764 280.67046
6592.89512 87.03355 2.85783 2.81754 279.37495
6591.87295 86.19037 2.83897 2.79024 276.04596
6590.88196 85.27367 2.78375 2.76056 273.11277
6589.95475 84.27996 2.75186 2.72840 270.13425
6589.05615 83.19966 2.72984 2.69342 267.28395
6588.25686 82.05821 2.68951 2.65647 264.74091
6588.19169 81.96725 2.68822 2.65353 264.54346
6587.80789 81.42932 2.69161 2.63611 263.40281
6588.00031 81.65478 2.68756 2.64341 263.96924
6587.92996 81.59590 2.68849 2.64150 263.76101
6588.19025 81.79570 2.68598 2.64797 264.53464
6587.72461 81.48533 2.69172 2.63792 263.15768
6588.21262 81.78461 2.68567 2.64761 264.60386
6587.31549 81.27969 2.70197 2.63127 261.98792
6586.55372 80.82797 2.71688 2.61664 259.88136
6586.45480 80.74548 2.71380 2.61397 259.60460
6585.55200 80.28434 2.66508 2.59905 257.35360
6584.54065 79.67551 2.55098 2.57934 254.88597
6583.86862 79.22880 2.49883 2.56487 253.27406
6583.05776 78.71759 2.48854 2.54832 251.41548
6582.94162 78.63602 2.48841 2.54568 251.15195
6581.84051 77.94551 2.46206 2.52333 248.80257
6580.94939 77.31802 2.45255 2.50302 246.74236
6580.48093 76.95791 2.44656 2.49136 245.61140
6579.71030 76.43504 2.43473 2.47443 243.88918
6579.36483 76.16287 2.42954 2.46562 243.05205
6578.40794 75.47796 2.42196 2.44345 240.98744
6577.69224 74.91252 2.41119 2.42514 239.39821
6576.90470 74.23999 2.39978 2.40337 237.37608
6576.71604 74.10010 2.39737 2.39884 236.93656
6575.95477 73.48530 2.38487 2.37894 235.09022
6575.16798 72.82839 2.37230 2.35767 233.11584
6574.59201 72.30662 2.36205 2.34078 231.57323
6573.90608 71.69258 2.34808 2.32090 229.74738
6573.46112 71.28421 2.33942 2.30768 228.55947
6572.63559 70.50647 2.32179 2.28251 226.30896
6572.45549 70.32697 2.31738 2.27669 225.78795
6571.59929 69.53674 2.29887 2.25111 223.47528
6571.16647 69.10282 2.28810 2.23707 222.22652
6570.33894 68.26749 2.26731 2.21002 219.82359
6569.96414 67.87473 2.25709 2.19731 218.71309
6569.19362 67.04113 2.23476 2.17032 216.36678
6569.00395 66.83612 2.22928 2.16369 215.79776
6568.25177 66.03982 2.20959 2.13791 213.72523
6567.83995 65.57715 2.19722 2.12293 212.53360
6567.09745 64.74985 2.17264 2.09615 210.27942
6566.73175 64.28748 2.15875 2.08118 209.10657
6566.71061 64.27107 2.15828 2.08065 209.05657
6566.34778 63.92588 2.14804 2.06947 208.08737
6565.90547 63.49862 2.13518 2.05564 206.89099
6565.50426 63.12739 2.12394 2.04362 205.83885
6564.98396 62.64853 2.10934 2.02812 204.54919
6564.81164 62.49562 2.10465 2.02317 204.13928
6564.01332 61.83022 2.08418 2.00163 202.19340
6563.55219 61.41340 2.07126 1.98814 200.99804
6562.70889 60.64904 2.04732 1.96339 198.86621
6562.64407 60.59450 2.04560 1.96163 198.70273
6561.63118 59.69222 2.01697 1.93242 196.13082
6561.72267 59.77222 2.01953 1.93501 196.35797
6560.70996 58.89442 1.99149 1.90659 193.81345
6560.02138 58.25334 1.97042 1.88584 192.00766
6559.15248 57.36037 1.94462 1.85693 189.74191
6559.10321 57.31826 1.94338 1.85556 189.62651
6558.29332 56.51150 1.91688 1.82945 187.42648
6558.19130 56.42663 1.91406 1.82670 187.17997
6557.22283 55.48409 1.88297 1.79619 184.58670
6556.63853 54.85749 1.86211 1.77590 182.94411
6555.85513 53.97645 1.83262 1.74738 180.71394
6556.44391 54.57336 1.85261 1.76670 182.27038
6555.65139 53.85036 1.82843 1.74330 180.30749
6556.50619 54.50737 1.85037 1.76457 182.25322
6555.95114 54.15695 1.83868 1.75322 181.08681
6555.25404 53.72188 1.82421 1.73914 179.67680
6555.53773 53.88823 1.82974 1.74452 180.24326
6554.36645 53.25834 1.80879 1.72413 177.94907
6553.24626 52.57619 1.78598 1.70205 175.70050
6552.59842 52.13001 1.77096 1.68760 174.30938
6551.61035 51.45214 1.74801 1.66566 172.22291
6551.24625 51.19040 1.73916 1.65719 171.42977
6550.30719 50.48785 1.71543 1.63444 169.33226
6549.83079 50.13618 1.70349 1.62306 168.27674
6548.82625 49.34611 1.67638 1.59748 165.94875
6547.80315 48.41848 1.64700 1.56745 163.43620
6547.41160 48.02492 1.63503 1.55471 162.42315
6546.68499 47.36189 1.61225 1.53325 160.56139
6546.08595 46.73767 1.59085 1.51304 158.79750
6545.81652 46.45480 1.58122 1.50388 158.01098
6545.94900 46.59314 1.58593 1.50836 158.39522
6545.17735 45.96241 1.56428 1.48794 156.52996
6545.95618 46.51528 1.58329 1.50584 158.22012
6544.99762 45.92694 1.56305 1.48679 156.35765
6544.05551 45.31278 1.54182 1.46691 154.47466
6543.31058 44.75050 1.52242 1.44871 152.80560
6542.72077 44.32044 1.50756 1.43479 151.51815
6543.13596 44.59647 1.51712 1.44372 152.35481
6542.04428 43.94740 1.49453 1.42271 150.35726
6541.82675 43.79069 1.48913 1.41764 149.88865
6541.51252 43.63589 1.48377 1.41262 149.41187
6540.36555 43.00342 1.46181 1.39215 147.49228
6539.37892 42.39170 1.44047 1.37235 145.68506
6538.55471 41.80902 1.42023 1.35348 143.96638
6538.02654 41.44752 1.40773 1.34178 142.91057
6537.88577 41.36051 1.40472 1.33896 142.65176
6536.90718 40.73465 1.38266 1.31870 140.79143
6537.26972 40.93819 1.38987 1.32529 141.38841
6536.61066 40.60400 1.37804 1.31447 140.41791
6535.46989 39.98932 1.35860 1.29457 138.80480
6534.77058 39.57490 1.34583 1.28116 137.76241
6533.97788 39.06745 1.32831 1.26473 136.31610
6533.42983 38.73566 1.31635 1.25399 135.33822
6533.58601 38.82698 1.31960 1.25695 135.60068
6532.41566 38.20806 1.29800 1.23691 133.89592
6531.75360 37.81138 1.28415 1.22407 132.77752
6531.30138 37.57426 1.27581 1.21639 132.11877
6530.02781 36.81802 1.24933 1.19191 129.99293
6528.61216 35.80775 1.21414 1.15920 126.97153
6527.76128 35.06353 1.18825 1.13511 124.68833
6527.68959 35.00436 1.18619 1.13320 124.50893
6527.91332 35.13689 1.19084 1.13749 124.88402
6527.33262 34.81900 1.17968 1.12720 123.99911
6528.49698 35.38143 1.19946 1.14540 125.50565
6527.53532 34.99491 1.18580 1.13289 124.54384
6526.49905 34.57809 1.17099 1.11940 123.51306
6526.36441 34.51046 1.16860 1.11721 123.33306
6525.86418 34.35727 1.16311 1.11225 123.03187
6524.19607 33.69886 1.13976 1.09093 121.51506
6522.74823 32.97885 1.11439 1.06762 119.65024
6522.15627 32.64256 1.10263 1.05674 118.70816
6521.22693 32.09418 1.08341 1.03899 117.17416
6520.29236 31.54892 1.06390 1.02133 115.53140
6519.57265 31.04585 1.04721 1.00505 114.06151
6518.69333 30.45171 1.02918 0.98581 112.57846
6520.46484 31.37903 1.05819 1.01583 114.74896
6519.56225 31.03683 1.04693 1.00476 114.03644
6518.24336 30.48806 1.03001 0.98699 113.03707
6517.52443 30.14610 1.01852 0.97592 112.22535
6517.36962 30.07470 1.01599 0.97361 112.04616
6516.22066 29.60174 0.99894 0.95830 110.91076
6514.85971 28.94379 0.97576 0.93700 109.19634
6513.97998 28.42300 0.95747 0.92014 107.65836
6513.14319 27.90681 0.93936 0.90343 106.08713
6513.40530 28.04702 0.94430 0.90797 106.48459
6513.07321 27.90278 0.93919 0.90330 106.12742
6511.92440 27.36696 0.92029 0.88595 104.69177
6511.65774 27.21821 0.91507 0.88114 104.22927
6511.86894 27.31989 0.91865 0.88443 104.52576
6510.53387 26.83363 0.90134 0.86869 103.43844
6509.17975 26.24003 0.88034 0.84947 101.91335
6508.75987 26.04184 0.87333 0.84305 101.37729
6508.17177 25.74386 0.86283 0.83341 100.52327
6507.41848 25.44514 0.85224 0.82374 99.79825
6506.85623 25.19740 0.84348 0.81572 99.13671
6506.25628 24.92936 0.83401 0.80704 98.41058
6505.38970 24.55683 0.82080 0.79498 97.41865
6505.12002 24.44420 0.81680 0.79133 97.12647
6505.46785 24.56864 0.82124 0.79536 97.40834
6504.23692 24.21136 0.80840 0.78379 96.79134
6502.77361 23.70663 0.79051 0.76745 95.65304
6501.84858 23.33362 0.77721 0.75538 94.58945
6501.72315 23.28471 0.77543 0.75380 94.45905
6500.59174 22.86113 0.76026 0.74008 93.36410
6499.46221 22.39541 0.74533 0.72501 92.27193
6498.67654 22.05739 0.73497 0.71406 91.48991
6497.52872 21.47219 0.71518 0.69512 89.66609
6496.45097 20.87438 0.69396 0.67577 87.53155
6497.22346 21.25086 0.70730 0.68795 88.79123
6496.33716 20.87814 0.69403 0.67589 87.64024
6495.38693 20.46980 0.67974 0.66267 86.36740
6495.81440 20.60635 0.68457 0.66709 86.70151
6496.29870 20.74699 0.68953 0.67164 87.01640
6495.33617 20.56348 0.68292 0.66570 86.87920
6494.32508 20.36252 0.67566 0.65920 86.65524
6493.34906 20.17405 0.66886 0.65309 86.43428
6492.47518 20.00398 0.66271 0.64759 86.27264
6491.74728 19.88649 0.65842 0.64379 86.27701
6491.33951 19.80025 0.65532 0.64099 86.16353
6490.70421 19.67805 0.65092 0.63704 86.04893
6490.08237 19.60363 0.64817 0.63463 86.19787
6489.03114 19.48932 0.64393 0.63093 86.53436
6487.57938 19.28716 0.63658 0.62438 86.77783
6485.94482 18.95742 0.62485 0.61371 86.50519
6484.59699 18.57686 0.61149 0.60139 85.51307
6483.36017 18.12578 0.59570 0.58679 84.07711
6481.95486 17.50073 0.57392 0.56655 81.70912
6480.79057 16.90998 0.55336 0.54743 79.28059
6480.36429 16.67716 0.54525 0.53989 78.29199
6479.02113 15.91764 0.51881 0.51530 75.00319
6477.59899 14.91987 0.48411 0.48300 70.31387
6476.79328 14.25307 0.46100 0.46141 67.05871
6475.85243 13.44917 0.43328 0.43539 63.06888
6474.93297 12.53275 0.40491 0.40572 59.10596
6474.23283 11.76762 0.37805 0.38095 55.24730
0.00000 0.00000 0.00000 0.00000 0.00000
