6784.39220 239.78913 7.94641 7.76269 894.16520
6783.59273 238.99582 7.92010 7.73701 893.88173
6783.39170 238.80009 7.91203 7.73068 893.75478
6782.50977 237.99163 7.89014 7.70450 892.62390
6782.39120 237.87755 7.88555 7.70081 892.51879
6781.46482 236.98745 7.85485 7.67199 891.81379
6781.39070 236.91708 7.85334 7.66972 891.74887
6780.44933 235.98326 7.81804 7.63949 891.37948
6780.39020 235.92536 7.81610 7.63761 891.33796
6779.40395 234.97908 7.78790 7.60698 890.56890
6779.38969 234.96435 7.78719 7.60650 890.57272
6778.39698 233.97490 7.75988 7.57447 889.51449
6778.38919 233.96718 7.75971 7.57422 889.49742
6777.42390 232.97071 7.72256 7.54196 888.89544
6777.38869 232.93624 7.72171 7.54084 888.87470
6776.38819 232.05357 7.69404 7.51227 888.34556
6776.29623 231.96653 7.69024 7.50945 888.34801
6775.38769 231.13862 7.66618 7.48265 887.08705
6775.20420 230.96234 7.66019 7.47694 886.91505
6774.38719 230.15905 7.63000 7.45094 886.52943
6774.17958 229.95816 7.62579 7.44444 886.36545
6773.38669 229.18537 7.59726 7.41942 885.88817
6773.14402 228.95397 7.58847 7.41193 885.66046
6772.38619 228.24348 7.57084 7.38893 884.80947
6772.07854 227.94979 7.55773 7.37942 884.54244
6771.38569 227.30551 7.53646 7.35856 883.74555
6771.01389 226.94561 7.52639 7.34691 883.46507
6770.38519 226.32433 7.50112 7.32680 883.31911
6769.99796 225.94142 7.49100 7.31440 883.07802
6769.38469 225.26709 7.47281 7.29257 882.56668
6769.06716 224.93724 7.46028 7.28189 882.23046
6768.38419 224.32392 7.44166 7.26204 881.52502
6767.93587 223.93305 7.42908 7.24938 881.45901
6767.38369 223.42903 7.40879 7.23307 880.98888
6766.88335 222.92887 7.39560 7.21688 880.69167
6766.38319 222.43906 7.37894 7.20102 880.44923
6765.83125 221.92469 7.35944 7.18437 879.80490
6765.38269 221.51597 7.34823 7.17114 879.19156
6764.74741 220.92050 7.32700 7.15186 878.46541
6764.38219 220.57109 7.31493 7.14055 878.14555
6763.71817 219.91632 7.29557 7.11935 877.83016
6763.38169 219.57206 7.28275 7.10821 877.84253
6762.70256 218.91213 7.26113 7.08684 877.35150
6762.38119 218.60820 7.25167 7.07700 877.01553
6761.65426 217.90795 7.22642 7.05433 876.43889
6761.38069 217.64770 7.21880 7.04591 876.19496
6760.59807 216.90377 7.19402 7.02183 875.62404
6760.38019 216.66510 7.18570 7.01410 875.70335
6759.68412 215.89958 7.16480 6.98932 874.96262
6759.37969 215.60629 7.15540 6.97982 874.69700
6758.51713 214.89540 7.13049 6.95681 873.96022
6758.37919 214.78062 7.12694 6.95309 873.66379
6757.44464 213.89121 7.09760 6.92430 872.65454
6757.37869 213.82584 7.09530 6.92218 872.63717
6756.43032 212.88703 7.06419 6.89179 872.26118
6756.37819 212.83494 7.06260 6.89011 872.24595
6755.40204 211.88285 7.03073 6.85928 871.63076
6755.37769 211.85989 7.02995 6.85854 871.60586
6754.37719 210.92226 6.99951 6.82819 870.50492
6754.33293 210.87866 6.99799 6.82677 870.48118
6753.37669 209.96914 6.96770 6.79733 869.68763
6753.27796 209.87448 6.96463 6.79427 869.60506
6752.37619 208.99533 6.93429 6.76581 869.00727
6752.24273 208.87029 6.93020 6.76176 868.90870
6751.37569 208.03588 6.90456 6.73475 867.89263
6751.19267 207.86611 6.89881 6.72925 867.32429
6750.37519 207.11229 6.87633 6.70485 866.39976
6750.11853 206.86192 6.86921 6.69674 866.73052
6749.37469 206.17004 6.84321 6.67434 865.89903
6749.04406 205.85774 6.83398 6.66423 865.54633
6748.37419 205.22788 6.81437 6.64384 864.87937
6747.97991 204.85356 6.79958 6.63172 864.49347
6747.37369 204.29514 6.78322 6.61365 863.76374
6746.92925 203.84937 6.76859 6.59922 863.67116
6746.37319 203.28761 6.74742 6.58103 863.62620
6745.90079 202.84519 6.73603 6.56671 863.07180
6745.37269 202.32160 6.71693 6.54976 862.92788
6744.86363 201.84100 6.69977 6.53420 862.41185
6744.37219 201.39440 6.68844 6.51974 861.70760
6743.79955 200.83682 6.66630 6.50169 861.42283
6743.37169 200.42471 6.65256 6.48835 861.06969
6742.75963 199.83264 6.63652 6.46918 860.70108
6742.37119 199.43788 6.61952 6.45640 860.82238
6741.69449 198.82845 6.60220 6.43667 859.44115
6741.37069 198.51884 6.59535 6.42665 859.05194
6740.65879 197.82427 6.56824 6.40417 859.04766
6740.37019 197.57429 6.56104 6.39607 858.55220
6739.57225 196.82008 6.53727 6.37166 857.67972
6739.36968 196.61738 6.52928 6.36509 857.65908
6738.51919 195.81590 6.50495 6.33915 856.93456
6738.36918 195.67245 6.50012 6.33450 856.81707
6737.45732 194.81172 6.46929 6.30664 855.94375
6737.36868 194.73106 6.46727 6.30403 855.82064
6736.39760 193.80753 6.43472 6.27413 855.01023
6736.36818 193.77855 6.43368 6.27319 855.00392
6735.36768 192.82992 6.40474 6.24248 854.15573
6735.33868 192.80335 6.40366 6.24162 854.11861
6734.36718 191.91155 6.37357 6.21275 852.96288
6734.24815 191.79916 6.37028 6.20911 852.84904
6733.36668 190.97997 6.33920 6.18259 851.78873
6733.15533 190.79498 6.33381 6.17661 851.63622
6732.36618 190.04871 6.31293 6.15245 851.36448
6732.11801 189.79079 6.30367 6.14410 851.10856
6731.36568 189.07278 6.28198 6.12085 850.28906
6731.06163 188.78661 6.27280 6.11159 850.13517
6730.36518 188.14028 6.24779 6.09067 849.27698
6729.99509 187.78243 6.23841 6.07908 849.09417
6729.36468 187.17530 6.21728 6.05943 848.79839
6728.93649 186.77824 6.20229 6.04657 848.30234
6728.36418 186.24686 6.18698 6.02937 847.69120
6727.84902 185.77406 6.17096 6.01406 847.11826
6727.36368 185.32442 6.15458 5.99951 846.54118
6726.78451 184.76987 6.13760 5.98156 846.26008
6726.36318 184.36665 6.12353 5.96850 845.99290
6725.73536 183.76569 6.10336 5.94905 845.63948
6725.36268 183.41268 6.09211 5.93762 845.37342
6724.65195 182.76151 6.06944 5.91654 844.42603
6724.36218 182.47825 6.05989 5.90737 844.38487
6723.54216 181.75732 6.03714 5.88403 843.41268
6723.36168 181.59150 6.03219 5.87866 843.23687
6722.54188 180.75314 6.00617 5.85152 843.04665
6722.36118 180.58599 6.00059 5.84611 842.87882
6721.41859 179.74895 5.97270 5.81901 841.46206
6721.36068 179.69473 5.97079 5.81726 841.41742
6720.36018 178.80646 5.94135 5.78850 839.84406
6720.29424 178.74477 5.93934 5.78650 839.78520
6719.35968 177.85287 5.90902 5.75763 839.27314
6719.24133 177.74059 5.90555 5.75400 839.19444
6718.35918 176.90793 5.87790 5.72704 838.55677
6718.17122 176.73640 5.87168 5.72149 838.35170
6717.35868 176.02152 5.84902 5.69834 837.03743
6717.05095 175.73222 5.83901 5.68898 836.83418
6716.35818 175.07161 5.81587 5.66759 836.53149
6715.99704 174.72803 5.80632 5.65647 836.23563
6715.35768 174.12135 5.78446 5.63683 836.21384
6714.86942 173.72385 5.77100 5.62396 835.90745
6714.35718 173.31317 5.75836 5.61067 835.00529
6713.71903 172.71967 5.73684 5.59145 834.06706
6713.35668 172.34845 5.72592 5.57944 833.59848
6712.74117 171.71548 5.70898 5.55895 833.21288
6712.35618 171.34539 5.69420 5.54696 833.15831
6711.65953 170.71130 5.67370 5.52644 832.45307
6711.35568 170.43645 5.66520 5.51754 832.09389
6710.55563 169.70711 5.63786 5.49393 831.31355
6710.35518 169.52330 5.63294 5.48798 831.11310
6709.46350 168.70293 5.60499 5.46142 830.25228
6709.35468 168.59862 5.60095 5.45804 830.22398
6708.35593 167.69874 5.57281 5.42891 829.11551
6708.35418 167.69714 5.57275 5.42886 829.11405
6707.35368 166.77436 5.54095 5.39899 828.14224
6707.25693 166.69456 5.53867 5.39640 827.90740
6706.35318 165.98337 5.51314 5.37338 826.65132
6706.03973 165.69038 5.50294 5.36389 826.92435
6705.35268 165.06164 5.48398 5.34354 826.09736
6704.92638 164.68619 5.47033 5.33139 825.60503
6704.35218 164.10198 5.45164 5.31247 825.58809
6703.93323 163.68201 5.44022 5.29888 824.87715
6703.35168 163.17346 5.42338 5.28241 823.47483
6702.82535 162.67782 5.40659 5.26637 823.43790
6702.35118 162.23061 5.39192 5.25189 823.29798
6701.73569 161.67364 5.37312 5.23386 822.66850
6701.35068 161.31133 5.36115 5.22213 822.51046
6700.62461 160.66946 5.33962 5.20135 821.55342
6700.35018 160.42322 5.33138 5.19338 821.29536
6699.50248 159.66527 5.30569 5.16884 820.35919
6699.34967 159.53241 5.30137 5.16454 820.11471
6698.39597 158.66109 5.27196 5.13634 819.39117
6698.34917 158.61541 5.27030 5.13486 819.39298
6697.34867 157.78920 5.24406 5.10811 818.10613
6697.19571 157.65690 5.23974 5.10383 818.24747
6696.34817 156.93157 5.21316 5.08035 817.10355
6696.04023 156.65272 5.20515 5.07132 816.79775
6695.34767 156.03343 5.18354 5.05127 816.14227
6694.92517 155.64854 5.16868 5.03881 815.98069
6694.34717 155.10253 5.15345 5.02113 815.82578
6693.83343 154.64435 5.13786 5.00630 814.24702
6693.34667 154.19637 5.12327 4.99180 813.12919
6692.76689 153.64017 5.10699 4.97379 813.34888
6692.34617 153.26465 5.09213 4.96164 812.96371
6691.65211 152.63598 5.07130 4.94128 812.43224
6691.34567 152.35518 5.06336 4.93219 812.30624
6690.49309 151.63180 5.03650 4.90878 810.83831
6690.34517 151.49814 5.03256 4.90445 810.74563
6689.36812 150.62762 5.00395 4.87627 809.81049
6689.34467 150.60667 5.00308 4.87559 809.78937
6688.34417 149.73277 4.97464 4.84730 809.07940
6688.21522 149.62343 4.97108 4.84376 809.21067
6687.34367 148.91089 4.94632 4.82069 808.30345
6687.00304 148.61925 4.93719 4.81125 807.60165
6686.34317 148.06351 4.91844 4.79326 806.47535
6685.84562 147.61506 4.90312 4.77874 806.16860
6685.34267 147.14956 4.88745 4.76367 806.24799
6684.72499 146.61088 4.86985 4.74623 805.42798
6684.34217 146.23728 4.85861 4.73414 804.87766
6683.68514 145.60669 4.83898 4.71373 804.01518
6683.34167 145.31210 4.82959 4.70419 803.57987
6682.52197 144.60251 4.80482 4.68122 802.74406
6682.34117 144.43813 4.79890 4.67590 802.65163
6681.36602 143.59833 4.77160 4.64871 801.47590
6681.34067 143.57595 4.77078 4.64798 801.45528
6680.34017 142.70426 4.74074 4.61976 800.21612
6680.20108 142.59414 4.73741 4.61620 799.91439
6679.33967 141.95706 4.71453 4.59558 798.61152
6678.92713 141.58996 4.70223 4.58369 798.63731
6678.33917 141.06825 4.68558 4.56680 798.00470
6677.77587 140.58577 4.66830 4.55118 797.37195
6677.33867 140.18528 4.65523 4.53822 797.37684
6676.62241 139.58159 4.63535 4.51867 796.28200
6676.33817 139.34682 4.62686 4.51107 795.75948
6675.43910 138.57741 4.60184 4.48617 794.66793
6675.33767 138.48934 4.59895 4.48332 794.57201
6674.33717 137.64361 4.56964 4.45594 793.47587
6674.25237 137.57322 4.56735 4.45366 793.31441
6673.33667 136.70328 4.54147 4.42550 791.97123
6673.19747 136.56904 4.53727 4.42115 791.88023
6672.33617 135.85941 4.51247 4.39818 790.45710
6671.99477 135.56485 4.50294 4.38864 789.98193
6671.33567 134.99917 4.48416 4.37033 790.06034
6670.78087 134.56067 4.46825 4.35613 790.07776
6670.33517 134.19438 4.45667 4.34427 789.38554
6669.55271 133.55649 4.43424 4.32362 787.80509
6669.33467 133.37288 4.42700 4.31768 787.56723
6668.38434 132.55230 4.40124 4.29112 786.78303
6668.33417 132.50868 4.39967 4.28970 786.74735
6667.33367 131.67848 4.37102 4.26283 785.26083
6667.17938 131.54812 4.36698 4.25861 785.08423
6666.33317 130.84915 4.34194 4.23598 783.84735
6665.96787 130.54393 4.33184 4.22610 783.36713
6665.33267 130.00942 4.31548 4.20880 782.58869
6664.78960 129.53975 4.29846 4.19359 782.34803
6664.33217 129.12763 4.28440 4.18025 782.65755
6663.64898 128.53556 4.26680 4.16108 781.07735
6663.33167 128.25886 4.25826 4.15212 780.11562
6662.45002 127.53138 4.23433 4.12857 778.25574
6662.33117 127.43055 4.23091 4.12531 778.38872
6661.33067 126.65294 4.20427 4.10014 778.09849
6661.18231 126.52720 4.19983 4.09606 777.92811
6660.33017 125.80079 4.17544 4.07255 777.18025
6659.99239 125.52301 4.16617 4.06356 776.73577
6659.32966 125.00422 4.14722 4.04676 775.17515
6658.74207 124.51883 4.13177 4.03105 774.50745
6658.32916 124.17208 4.12008 4.01982 774.12661
6657.54509 123.51464 4.09659 3.99854 773.39254
6657.32866 123.31972 4.09043 3.99223 773.51740
6656.32816 122.54741 4.06407 3.96723 771.05756
6656.28504 122.51046 4.06273 3.96603 771.03731
6655.32766 121.74212 4.03795 3.94116 769.47392
6655.04285 121.50628 4.02954 3.93352 769.23311
6654.32716 120.90928 4.00880 3.91420 768.31087
6653.79696 120.50209 3.99515 3.90101 767.38841
6653.32666 120.12206 3.98207 3.88871 768.28843
6652.51796 119.49791 3.96084 3.86851 766.32697
6652.32616 119.33252 3.95573 3.86315 765.60495
6651.41732 118.49372 3.93038 3.83600 765.43247
6651.32566 118.41892 3.92768 3.83358 765.33718
6650.32516 117.63213 3.89994 3.80811 763.58722
6650.14663 117.48954 3.89556 3.80349 763.28853
6649.32466 116.84671 3.87270 3.78268 761.67938
6648.87544 116.48536 3.86049 3.77098 761.02881
6648.32416 116.03403 3.84634 3.75637 760.47614
6647.63325 115.48117 3.82647 3.73847 759.47844
6647.32366 115.22499 3.81779 3.73018 759.27531
6646.37951 114.47699 3.79260 3.70596 757.72566
6646.32316 114.43001 3.79089 3.70444 757.70114
6645.32266 113.68738 3.76451 3.68040 754.72767
6645.04861 113.47280 3.75734 3.67346 754.08591
6644.32216 112.87365 3.73677 3.65406 754.95441
6643.77757 112.46862 3.72122 3.64095 754.76888
6643.32166 112.12513 3.70958 3.62983 753.46128
6642.46125 111.46444 3.68801 3.60844 751.85197
6642.32116 111.34555 3.68326 3.60459 751.83343
6641.32066 110.47517 3.65841 3.57641 749.75169
6641.30403 110.46025 3.65801 3.57593 749.73284
6640.32016 109.67798 3.62983 3.55061 748.30874
6640.03220 109.45607 3.62220 3.54342 747.77961
6639.31966 108.89471 3.60328 3.52525 746.69488
6638.76971 108.45188 3.58747 3.51091 746.19388
6638.31916 108.10456 3.57557 3.49967 745.35377
6637.46869 107.44770 3.55269 3.47840 743.80311
6637.31866 107.32383 3.54834 3.47439 743.79465
6636.31816 106.55726 3.52127 3.44958 741.63694
6636.15311 106.44351 3.51737 3.44590 741.18916
6635.31766 105.87340 3.49754 3.42744 739.97156
6634.77001 105.43933 3.48204 3.41339 739.26172
6634.31716 105.07491 3.46959 3.40159 738.85760
6633.49930 104.43515 3.44692 3.38088 737.81333
6633.31666 104.29197 3.44181 3.37624 737.55947
6632.31616 103.56966 3.41669 3.35286 734.32362
6632.14077 103.43096 3.41173 3.34837 734.12775
6631.31566 102.79984 3.38902 3.32794 732.53640
6630.82817 102.42678 3.37555 3.31586 732.02452
6630.31516 101.98428 3.36023 3.30154 732.41992
6629.64019 101.42259 3.34246 3.28335 730.31228
6629.31466 101.16578 3.33421 3.27504 729.04259
6628.31416 100.42169 3.30774 3.25095 726.67317
6628.31021 100.41841 3.30762 3.25085 726.67732
6627.31366 99.65158 3.27982 3.22602 724.76392
6626.96568 99.41423 3.27151 3.21834 723.51389
6626.31316 98.95377 3.25463 3.20343 723.55994
6625.57118 98.41004 3.23481 3.18583 721.82655
6625.31266 98.21329 3.22775 3.17946 721.25584
6624.31216 97.49195 3.20093 3.15611 718.09307
6624.20640 97.40586 3.19777 3.15332 718.10227
6623.31166 96.73529 3.17317 3.13161 716.14958
6622.85237 96.40167 3.16073 3.12081 714.75903
6622.31116 95.99104 3.14551 3.10752 713.75677
6621.52963 95.39749 3.12357 3.08830 712.39333
6621.31066 95.22676 3.11729 3.08278 712.17056
6620.31016 94.50682 3.09006 3.05947 708.68867
6620.16177 94.39331 3.08577 3.05579 708.45436
6619.30965 93.77539 3.06221 3.03579 706.30069
6618.78593 93.38912 3.04840 3.02329 703.67706
6618.30915 92.99489 3.03487 3.01052 702.89932
6617.41958 92.38494 3.01332 2.99078 699.64533
6617.30865 92.30850 3.01055 2.98830 699.16019
6616.30815 91.55593 2.98051 2.96394 697.06976
6616.07563 91.38075 2.97367 2.95827 696.53996
6615.30765 90.82275 2.95230 2.94020 693.90262
6614.68404 90.37657 2.93383 2.92576 691.49437
6614.30715 90.09941 2.92246 2.91679 690.31160
6613.30665 89.39584 2.89352 2.89401 685.68711
6613.27548 89.37238 2.89254 2.89325 685.60945
6612.30615 88.64821 2.86247 2.86981 682.87376
6611.93396 88.36820 2.85060 2.86074 681.89432
6611.30565 87.91753 2.83074 2.84615 679.09732
6610.50938 87.36402 2.80625 2.82824 674.63621
6610.30515 87.21868 2.79983 2.82353 673.65200
6609.30465 86.56974 2.77100 2.80252 665.13099
6608.99299 86.35983 2.76065 2.79573 664.35425
6608.30415 85.90455 2.73811 2.78099 661.68737
6607.53799 85.35565 2.71389 2.76322 656.63228
6607.30365 85.17502 2.70675 2.75737 655.90165
6606.30315 84.51245 2.67056 2.73592 647.15132
6606.09016 84.35146 2.66038 2.73071 645.86770
6605.30265 83.72613 2.63042 2.71047 639.33633
6604.81893 83.34728 2.61912 2.69820 635.38010
6604.30215 82.97056 2.61100 2.68601 631.58303
6603.31294 82.34310 2.58586 2.66569 618.17283
6603.30165 82.33433 2.58526 2.66541 618.09637
6602.30115 81.54431 2.51314 2.63983 611.49221
6602.04827 81.33891 2.49593 2.63318 610.09878
6601.30065 80.76684 2.45631 2.61466 602.67835
6600.67180 80.33473 2.38151 2.60068 593.99120
6600.30015 80.10472 2.35668 2.59323 589.30771
6599.29965 79.35677 2.33472 2.56902 576.30011
6599.27193 79.33054 2.33329 2.56817 576.11084
6598.29915 78.52853 2.30104 2.54220 561.27465
6598.07466 78.32636 2.29622 2.53566 557.88889
6597.29865 77.49269 2.26730 2.50867 549.14123
6597.14658 77.32218 2.26211 2.50315 547.13050
6596.44527 76.31799 2.23820 2.47064 543.69730
6596.29815 76.11188 2.23246 2.46397 542.28163
6595.71993 75.31381 2.20777 2.43813 532.75116
6595.29765 74.81747 2.20215 2.42207 522.92090
6594.77906 74.30962 2.19927 2.40563 510.82339
6594.29715 73.87700 2.19146 2.39162 499.30040
6593.47695 73.30544 2.19285 2.37312 477.76686
6593.29665 73.17342 2.19280 2.36884 473.64991
6592.29615 72.60830 2.19151 2.35055 449.14084
6591.77820 72.30126 2.19269 2.34061 437.99944
6591.29565 71.99527 2.18971 2.33070 430.37956
6590.29515 71.48079 2.18524 2.31405 413.16724
6589.99975 71.29707 2.18430 2.30810 408.26402
6589.29465 70.82890 2.18058 2.29294 398.38198
6588.44519 70.29289 2.17495 2.27559 386.73550
6588.29415 70.18910 2.17339 2.27223 384.91333
6587.29365 69.56319 2.17068 2.25197 372.33083
6586.91009 69.28870 2.16663 2.24308 368.30876
6586.29315 68.82045 2.15903 2.22792 362.40735
6585.50418 68.28452 2.15473 2.21057 354.22740
6585.29265 68.10924 2.15192 2.20490 352.53776
6584.29215 67.39241 2.14201 2.18169 343.19320
6584.15364 67.28033 2.14027 2.17807 342.13114
6583.29165 66.54539 2.13113 2.15427 335.60954
6582.94386 66.27615 2.12723 2.14556 332.80740
6582.29115 65.74900 2.11803 2.12849 328.48224
6581.71782 65.27197 2.11377 2.11305 324.34149
6581.29065 64.88177 2.10446 2.10042 321.60471
6580.60477 64.26778 2.09178 2.08054 317.11441
6580.29015 63.97912 2.08935 2.07120 315.11925
6579.53058 63.26360 2.07057 2.04803 310.48749
6579.28964 63.02667 2.06557 2.04036 309.09615
6578.45790 62.25941 2.05322 2.01552 303.86767
6578.28914 62.08374 2.04717 2.00984 302.96289
6577.46832 61.25523 2.02945 1.98302 298.33627
6577.28864 61.06652 2.02602 1.97691 297.36867
6576.53492 60.25105 1.99800 1.95051 293.43197
6576.28814 59.98480 1.99359 1.94189 292.12758
6575.59042 59.24686 1.97404 1.91800 288.28372
6575.28764 58.90393 1.96060 1.90690 286.75870
6574.69065 58.24268 1.94668 1.88549 283.65579
6574.28714 57.73645 1.93064 1.86910 281.43734
6573.81996 57.23849 1.91500 1.85298 278.70799
6573.28664 56.72503 1.90408 1.83636 276.26035
6572.77786 56.23431 1.88735 1.82047 273.51010
6572.28614 55.77850 1.87062 1.80572 270.34529
6571.68972 55.23013 1.85867 1.78796 266.71507
6571.28564 54.87412 1.84587 1.77644 264.20856
6570.50755 54.22594 1.82591 1.75546 259.28988
6570.28514 54.01967 1.82108 1.74878 257.98547
6569.40481 53.22176 1.79268 1.72295 252.78924
6569.28464 53.11768 1.78974 1.71958 252.07309
6568.28414 52.22643 1.76302 1.69073 246.23580
6568.27456 52.21757 1.76269 1.69044 246.18133
6567.28364 51.35873 1.73683 1.66264 240.44255
6567.12342 51.21339 1.73226 1.65793 239.53976
6566.28314 50.34940 1.70269 1.62996 235.09808
6566.13609 50.20921 1.69849 1.62542 234.27870
6565.28264 49.35962 1.66978 1.59792 229.79240
6565.10855 49.20502 1.66452 1.59291 228.99956
6564.28214 48.40129 1.64099 1.56689 224.92351
6564.10103 48.20084 1.63512 1.56041 223.91422
6563.28164 47.27967 1.60316 1.53058 219.63445
6563.19551 47.19665 1.60071 1.52790 219.17696
6562.28114 46.36395 1.57201 1.50094 214.23814
6562.06158 46.19247 1.56684 1.49539 213.03886
6561.28064 45.69549 1.55186 1.47930 208.75679
6560.46727 45.18828 1.53561 1.46288 204.41279
6560.28014 45.08428 1.53228 1.45951 203.42269
6559.27964 44.54855 1.51447 1.44217 198.25314
6558.68436 44.18410 1.50302 1.43037 195.29104
6558.27914 43.90022 1.49345 1.42118 193.31555
6557.27864 43.21378 1.47037 1.39896 188.54577
6557.23224 43.17992 1.46924 1.39786 188.32764
6556.27814 42.46614 1.44566 1.37476 183.85274
6555.88317 42.17573 1.43530 1.36535 182.24376
6555.27764 41.70545 1.41890 1.35013 179.77272
6554.69387 41.17155 1.40134 1.33285 177.07148
6554.27714 40.75413 1.38620 1.31933 175.13288
6553.63041 40.16736 1.36749 1.30034 172.21793
6553.27664 39.78828 1.35677 1.28807 170.59041
6552.65992 39.16318 1.33514 1.26783 167.75926
6552.27614 38.84928 1.32435 1.25767 166.06002
6551.43089 38.15900 1.30113 1.23532 162.36022
6551.27564 38.04749 1.29711 1.23171 161.70415
6550.27514 37.43295 1.27679 1.21182 157.66620
6549.83890 37.15481 1.26737 1.20281 155.93457
6549.27464 36.72367 1.25220 1.18886 153.61566
6548.48740 36.15063 1.23184 1.17030 150.48013
6548.27414 36.01747 1.22732 1.16599 149.65840
6547.27364 35.42367 1.20732 1.14677 146.13397
6546.85438 35.14644 1.19741 1.13780 144.69447
6546.27314 34.84177 1.18722 1.12793 142.69092
6545.27264 34.29018 1.16845 1.11008 139.28602
6545.03106 34.14226 1.16333 1.10529 138.45280
6544.27214 33.60468 1.14428 1.08788 135.72774
6543.59009 33.13808 1.12803 1.07278 133.33972
6543.27164 32.93480 1.12105 1.06620 132.27015
6542.27114 32.29498 1.09860 1.04549 128.96437
6542.01148 32.13389 1.09321 1.04027 128.13273
6541.27064 31.75614 1.08005 1.02804 125.95024
6540.27014 31.21676 1.06169 1.01058 123.03610
6540.12582 31.12971 1.05888 1.00776 122.61856
6539.26963 30.58233 1.04210 0.99004 120.14913
6538.51565 30.12552 1.02726 0.97525 118.00180
6538.26913 29.99136 1.02258 0.97091 117.35837
6537.26863 29.46457 1.00398 0.95386 114.79028
6536.70165 29.12134 0.99213 0.94275 113.18440
6536.26813 28.89489 0.98446 0.93541 112.07346
6535.26763 28.30073 0.96371 0.91618 109.36892
6535.00393 28.11715 0.95711 0.91024 108.59151
6534.26713 27.46920 0.93386 0.88926 106.04352
6533.83174 27.11297 0.92133 0.87773 104.62201
6533.26663 26.69047 0.90660 0.86405 102.89372
6532.26613 26.12070 0.88688 0.84561 100.39142
6532.24106 26.10879 0.88647 0.84522 100.33662
6531.26563 25.71672 0.87295 0.83253 98.44233
6530.26513 25.31436 0.85895 0.81950 96.54822
6529.75997 25.10460 0.85154 0.81271 95.61990
6529.26463 24.95318 0.84617 0.80781 94.90835
6528.26413 24.56372 0.83246 0.79520 93.16726
6527.34970 24.10042 0.81612 0.78020 91.28586
6527.26363 24.04518 0.81416 0.77841 91.07450
6526.26313 23.45493 0.79300 0.75931 88.77877
6525.63577 23.09623 0.78000 0.74769 87.36347
6525.26263 22.82246 0.77048 0.73883 86.35353
6524.26213 22.14577 0.74950 0.71693 84.05265
6524.17321 22.09205 0.74794 0.71519 83.87698
6523.26163 21.74627 0.73685 0.70399 82.59025
6522.26113 21.33068 0.72232 0.69054 80.97403
6521.76099 21.08787 0.71357 0.68268 80.05569
6521.26063 20.86275 0.70551 0.67539 79.21223
6520.26013 20.45392 0.69107 0.66215 77.70883
6519.49635 20.08368 0.67808 0.65017 76.36142
6519.25963 19.93034 0.67268 0.64520 75.80590
6518.25913 19.31454 0.65070 0.62527 73.59798
6517.83063 19.07950 0.64237 0.61766 72.75526
6517.25863 18.82081 0.63325 0.60929 71.82431
6516.25813 18.35481 0.61697 0.59420 70.16508
6515.70835 18.07531 0.60717 0.58515 69.17817
6515.25763 17.91156 0.60138 0.57985 68.60096
6514.25713 17.55261 0.58877 0.56823 67.36142
6513.25663 17.10882 0.57314 0.55386 65.81546
6513.17872 17.07113 0.57179 0.55264 65.68444
6512.25613 16.61598 0.55546 0.53791 64.08962
6511.25563 16.21062 0.54098 0.52479 62.68462
6510.93481 16.06695 0.53589 0.52014 62.18520
6510.25513 15.76370 0.52517 0.51032 61.13612
6509.25463 15.33391 0.51009 0.49640 59.64958
6508.58247 15.06276 0.50062 0.48763 58.71991
6508.25413 14.96465 0.49717 0.48445 58.40237
6507.25363 14.67724 0.48712 0.47515 57.47405
6506.25313 14.33151 0.47498 0.46395 56.31666
6505.58671 14.05858 0.46502 0.45512 55.34762
6505.25263 13.92828 0.46032 0.45090 54.90066
6504.25213 13.55514 0.44708 0.43882 53.63007
6503.25163 13.14121 0.43416 0.42542 52.36244
6503.02925 13.05439 0.43152 0.42261 52.09917
6502.25113 12.65749 0.41937 0.40976 50.82854
6501.25063 12.10151 0.39947 0.39176 48.80364
6501.14112 12.05021 0.39757 0.39010 48.61218
6500.25013 11.67549 0.38409 0.37797 47.25309
6499.24962 11.24594 0.36925 0.36406 45.70697
6498.74700 11.04603 0.36241 0.35759 44.98826
6498.24912 10.93904 0.35866 0.35413 44.64168
6497.24862 10.74806 0.35181 0.34795 44.03505
6496.24812 10.54917 0.34481 0.34151 43.38721
6495.24762 10.35594 0.33811 0.33525 42.75479
6494.24712 10.16223 0.33122 0.32898 42.10456
6493.50308 10.04184 0.32675 0.32508 41.70337
6493.24662 9.98379 0.32460 0.32321 41.49835
6492.24612 9.79764 0.31754 0.31718 40.87248
6491.24562 9.67152 0.31216 0.31310 40.47722
6490.24512 9.56329 0.30794 0.30959 40.14776
6489.24462 9.42679 0.30311 0.30517 39.68760
6488.24412 9.22535 0.29590 0.29865 38.94363
6487.59758 9.03766 0.28933 0.29258 38.20485
6487.24362 8.91064 0.28479 0.28846 37.69343
6486.24312 8.46686 0.26951 0.27410 35.86679
6485.39573 8.03347 0.25471 0.26007 34.06723
6485.24262 7.94779 0.25169 0.25729 33.70542
6484.24212 7.38879 0.23253 0.23920 31.35886
6483.74218 7.02929 0.22004 0.22756 29.83157
6483.24162 6.60985 0.20526 0.21398 28.04030
6482.55192 6.02510 0.18525 0.19505 25.56195
6482.24112 5.70700 0.17406 0.18475 24.19031
6481.61402 5.02092 0.14970 0.16254 21.23813
0.00000 0.00000 0.00000 0.00000 0.00000
