6771.95317 243.62499 8.05535 7.88687 815.65088
6770.94736 242.67431 8.02725 7.85610 813.30081
6770.85807 242.58648 8.02444 7.85325 813.20662
6769.91353 241.67289 7.99394 7.82368 812.39497
6769.83602 241.59954 7.99154 7.82130 812.30752
6768.92693 240.72633 7.96257 7.79303 811.19906
6768.81508 240.62113 7.95908 7.78963 811.07247
6767.93098 239.78500 7.93158 7.76256 810.98902
6767.70258 239.55746 7.92409 7.75519 811.02869
6766.89547 238.77248 7.89802 7.72978 810.19575
6766.59451 238.47560 7.88824 7.72017 809.97934
6765.82597 237.68120 7.86200 7.69445 809.72051
6765.73514 237.60112 7.85934 7.69186 809.55967
6764.94032 236.84409 7.83427 7.66735 808.58211
6764.78163 236.69242 7.82925 7.66244 808.42159
6764.00505 236.00735 7.80643 7.64027 806.98371
6763.53040 235.54237 7.79108 7.62521 806.51614
6762.93663 234.96611 7.77186 7.60656 805.98158
6762.53974 234.60032 7.75955 7.59472 805.41973
6761.91086 233.99858 7.74135 7.57524 804.10202
6761.45857 233.55756 7.72850 7.56096 803.12897
6760.88665 233.01088 7.71032 7.54326 802.44559
6760.36946 232.49247 7.69305 7.52648 802.14418
6759.88426 232.01021 7.67717 7.51087 801.66296
6759.40968 231.55313 7.66198 7.49607 801.18620
6758.95281 231.11403 7.64749 7.48185 801.34838
6758.39338 230.59614 7.63040 7.46509 801.17572
6757.89898 230.12665 7.61483 7.44989 800.43458
6757.21074 229.44795 7.59232 7.42792 799.82751
6756.71033 228.91701 7.57488 7.41073 799.80727
6756.25135 228.41283 7.55826 7.39441 799.94741
6756.07401 228.23772 7.55245 7.38874 799.79206
6755.49503 227.76554 7.53658 7.37345 798.26797
6754.95247 227.28917 7.52068 7.35803 797.20460
6754.15727 226.51715 7.49505 7.33304 796.39552
6753.84302 226.21261 7.48483 7.32318 796.12290
6753.09185 225.45244 7.46177 7.29857 794.89332
6752.92902 225.29213 7.45715 7.29338 794.49211
6752.13575 224.54380 7.43289 7.26916 793.30922
6751.97176 224.38144 7.42739 7.26390 793.21666
6751.11693 223.59615 7.40125 7.23848 791.71089
6750.89180 223.38550 7.39426 7.23166 791.48759
6749.97813 222.49164 7.36478 7.20272 791.81745
6749.93034 222.44728 7.36330 7.20129 791.76825
6748.96577 221.52904 7.33277 7.17156 790.50066
6749.07093 221.62382 7.33593 7.17463 790.69236
6748.07233 220.74691 7.30664 7.14624 788.63959
6747.71847 220.41725 7.29566 7.13557 788.11139
6746.79179 219.46752 7.26424 7.10482 787.70379
6746.83394 219.50446 7.26548 7.10602 787.78804
6745.92358 218.63688 7.23663 7.07793 786.68600
6745.81028 218.52800 7.23301 7.07441 786.55477
6744.93820 217.70497 7.20572 7.04776 785.34607
6744.72277 217.49912 7.19887 7.04110 785.09416
6743.90105 216.71000 7.17258 7.01555 784.17410
6743.63183 216.44560 7.16472 7.00699 783.58604
6742.86682 215.68962 7.14208 6.98252 782.06668
6742.64830 215.47784 7.13502 6.97566 781.85393
6741.90303 214.75825 7.11091 6.95237 780.98605
6741.67451 214.53832 7.10365 6.94525 780.83431
6740.96755 213.88841 7.08209 6.92421 780.77774
6740.51807 213.46148 7.06789 6.91039 780.41506
6739.87557 212.82959 7.04694 6.88993 779.69560
6739.47544 212.44177 7.03406 6.87738 779.30200
6738.88538 211.85939 7.01476 6.85852 778.79674
6738.49002 211.48324 7.00220 6.84635 778.29797
6737.94717 210.96410 6.98491 6.82954 777.64954
6737.50879 210.56073 6.97151 6.81648 776.93933
6736.93153 210.03979 6.95407 6.79962 775.89365
6736.30132 209.41685 6.93348 6.77945 775.34317
6735.89789 209.02090 6.92034 6.76663 774.98273
6735.33195 208.48168 6.90204 6.74918 774.40890
6734.97893 208.14908 6.89130 6.73841 773.77020
6734.30452 207.53450 6.87344 6.71851 771.63960
6733.89854 207.15627 6.86159 6.70627 770.73528
6733.14029 206.41407 6.83660 6.68224 770.25184
6732.88971 206.16651 6.82845 6.67423 770.40708
6732.14413 205.44937 6.80472 6.65101 770.44468
6731.97046 205.28376 6.79920 6.64565 770.19387
6731.13212 204.51326 6.77344 6.62071 768.74919
6730.91155 204.30659 6.76654 6.61402 768.44683
6730.00633 203.43785 6.73771 6.58589 767.41245
6730.03196 203.45701 6.73836 6.58651 767.50678
6729.04656 202.58291 6.70906 6.55822 765.52264
6728.80212 202.35203 6.70139 6.55074 765.19685
6727.81527 201.35722 6.66836 6.51854 764.64250
6727.96753 201.50300 6.67323 6.52326 764.82111
6726.97331 200.58925 6.64267 6.49368 763.21602
6726.76413 200.38873 6.63598 6.48718 762.96843
6725.86768 199.50747 6.60659 6.45866 762.27666
6725.79360 199.43833 6.60424 6.45642 762.19270
6724.92298 198.60934 6.57822 6.42958 760.48778
6724.77951 198.47591 6.57437 6.42526 760.00994
6723.94538 197.70202 6.54975 6.40021 758.33667
6723.67936 197.44535 6.54115 6.39190 758.53111
6722.92431 196.73923 6.51770 6.36904 758.34750
6722.54265 196.36716 6.50536 6.35699 757.89192
6721.88169 195.71430 6.48358 6.33586 757.38123
6721.61506 195.46596 6.47532 6.32782 757.00467
6721.03936 194.93372 6.45753 6.31059 756.11105
6720.58726 194.55315 6.44475 6.29827 754.94320
6719.88734 193.91528 6.42342 6.27762 753.74574
6719.32267 193.33857 6.40430 6.25895 753.57049
6718.91922 192.95271 6.39144 6.24646 753.11281
6718.34970 192.41693 6.37356 6.22911 752.35558
6717.94602 192.03089 6.36069 6.21662 751.91469
6717.34250 191.47497 6.34220 6.19862 750.91002
6716.91508 191.08875 6.32906 6.18612 750.21972
6716.16859 190.35981 6.30535 6.16252 749.36412
6715.93234 190.13095 6.29879 6.15511 748.59113
6715.15591 189.40741 6.27655 6.13169 747.39943
6714.94938 189.20152 6.26968 6.12502 747.70904
6714.14188 188.46172 6.24481 6.10107 746.89295
6713.96972 188.30702 6.23966 6.09606 746.49818
6713.02823 187.43516 6.21050 6.06784 745.11612
6712.93451 187.34869 6.20761 6.06504 744.97632
6711.93171 186.40512 6.17611 6.03449 743.66878
6712.14665 186.59596 6.18251 6.04067 744.09225
6711.10849 185.72684 6.15326 6.01253 741.37474
6710.65049 185.29818 6.13895 5.99866 740.76251
6709.79660 184.43938 6.11036 5.97086 740.39744
6709.69124 184.32467 6.10656 5.96714 740.46798
6708.90117 183.56259 6.08113 5.94247 739.72641
6708.75027 183.42457 6.07651 5.93800 739.47890
6707.97118 182.70604 6.05251 5.91474 738.34538
6707.68024 182.44050 6.04337 5.90615 737.93111
6706.97050 181.79417 6.02261 5.88522 736.41747
6706.54215 181.39366 6.01113 5.87226 735.87282
6705.94191 180.83313 5.99352 5.85411 735.31260
6705.48290 180.40433 5.97881 5.84023 734.74220
6704.98895 179.95009 5.96362 5.82552 733.98276
6704.41156 179.42967 5.94626 5.80868 732.97168
6704.05960 179.10284 5.93531 5.79810 732.48710
6703.38511 178.53146 5.91609 5.77960 730.82126
6702.97798 178.17646 5.90413 5.76811 729.93970
6702.12925 177.38625 5.87768 5.74252 728.81303
6701.96728 177.23720 5.87269 5.73770 728.57617
6701.03343 176.37798 5.84395 5.70988 727.18841
6700.85060 176.19469 5.83785 5.70395 727.12854
6699.93908 175.30654 5.80826 5.67520 726.48112
6699.97065 175.33977 5.80936 5.67627 726.46899
6698.96558 174.41546 5.77832 5.64635 725.05266
6698.90132 174.35547 5.77631 5.64441 724.97142
6697.93139 173.44428 5.74584 5.61491 723.71864
6697.95831 173.46775 5.74664 5.61567 723.75037
6697.04245 172.66908 5.72038 5.58982 723.11911
6696.71180 172.36593 5.71147 5.58000 722.25613
6695.94374 171.65053 5.68933 5.55684 720.31896
6695.62302 171.35287 5.67914 5.54721 720.04437
6694.99677 170.76519 5.65945 5.52818 719.36764
6694.71947 170.53212 5.65161 5.52064 718.64247
6694.14868 170.06181 5.63570 5.50541 717.06973
6693.48410 169.50289 5.61689 5.48732 715.39398
6693.00425 169.08828 5.60297 5.47390 714.34834
6692.16246 168.31450 5.57698 5.44885 713.16994
6691.78088 167.92635 5.56406 5.43628 713.17949
6691.10048 167.23722 5.54117 5.41397 713.17029
6691.01598 167.16165 5.53864 5.41152 713.02598
6690.17846 166.42202 5.51372 5.38758 711.43113
6689.99571 166.25841 5.50824 5.38228 711.13070
6689.02498 165.38077 5.47883 5.35387 709.44514
6688.93053 165.29346 5.47589 5.35105 709.34460
6687.93222 164.35951 5.44458 5.32081 709.76091
6687.96638 164.39126 5.44560 5.32184 709.76804
6687.00126 163.52570 5.41985 5.29382 706.84566
6686.91630 163.44545 5.41739 5.29122 706.64781
6686.07333 162.72355 5.39286 5.26785 704.87958
6685.68998 162.38347 5.38143 5.25684 704.20684
6685.08184 161.83407 5.36308 5.23905 703.23059
6684.67805 161.51217 5.35215 5.22863 701.97961
6684.06865 160.99686 5.33473 5.21195 700.53488
6683.41246 160.41694 5.31526 5.19318 699.35261
6683.02826 160.08719 5.30418 5.18250 698.50858
6682.18718 159.33088 5.27875 5.15802 697.19522
6681.88288 159.03471 5.26883 5.14843 697.05991
6681.07192 158.26347 5.24303 5.12346 696.50410
6680.96459 158.15802 5.23952 5.12005 696.46778
6680.07421 157.35059 5.21242 5.09391 695.20553
6680.05704 157.33734 5.21197 5.09348 695.17092
6679.04926 156.45859 5.18256 5.06503 694.89376
6678.93740 156.35746 5.17918 5.06176 694.68573
6678.00796 155.52476 5.15086 5.03480 693.26452
6677.83487 155.37162 5.14560 5.02985 693.02529
6677.09552 154.71383 5.12541 5.00855 690.87443
6676.91054 154.57752 5.12144 5.00414 689.79427
6676.12837 153.96549 5.10184 4.98432 686.60080
6675.43525 153.34196 5.08061 4.96414 685.72160
6675.02850 152.98065 5.06850 4.95244 685.03013
6674.32813 152.36398 5.04775 4.93248 683.79142
6674.10740 152.16415 5.04102 4.92601 683.50527
6673.24625 151.44922 5.01684 4.90287 681.32760
6673.01453 151.24653 5.01002 4.89630 680.91645
6672.01291 150.35489 4.98003 4.86744 679.23694
6671.82078 150.17547 4.97398 4.86163 679.05488
6670.82941 149.19943 4.94151 4.83003 680.75157
6671.06741 149.41525 4.94871 4.83702 680.53744
6670.10499 148.60057 4.92126 4.81065 678.94508
6669.87628 148.40628 4.91471 4.80436 678.43072
6669.08537 147.73072 4.89198 4.78249 676.77436
6668.67130 147.37503 4.87996 4.77097 675.95488
6668.09911 146.87483 4.86288 4.75478 675.09225
6667.60467 146.46830 4.84976 4.74162 673.47965
6667.17633 146.12320 4.83962 4.73045 671.39655
6666.33722 145.43501 4.81778 4.70817 668.39177
6666.04557 145.18163 4.80902 4.69997 667.98015
6665.09388 144.35107 4.78097 4.67308 666.36611
6665.06109 144.32141 4.77997 4.67212 666.32484
6664.06520 143.46035 4.75092 4.64424 664.46172
6664.03531 143.43386 4.75002 4.64338 664.41767
6663.12650 142.68503 4.72465 4.61914 662.13871
6662.78197 142.38607 4.71456 4.60946 661.36618
6662.07546 141.79123 4.69459 4.59021 660.66185
6661.39064 141.18149 4.67416 4.57047 660.82039
6660.82434 140.60103 4.65468 4.55168 661.21594
6660.51302 140.30868 4.64488 4.54221 661.06001
6660.14274 140.00114 4.63450 4.53226 660.21110
6659.44586 139.42875 4.61504 4.51373 658.44578
6659.27159 139.28299 4.61011 4.50901 658.05665
6658.30233 138.54652 4.58509 4.48517 654.51824
6658.05626 138.34632 4.57829 4.47869 653.86529
6657.07369 137.49880 4.54943 4.45125 652.26697
6656.96916 137.41209 4.54662 4.44844 651.93602
6656.14028 136.72929 4.52634 4.42634 648.26729
6655.74007 136.39406 4.51566 4.41549 647.01126
6655.11241 135.87305 4.49770 4.39862 645.70810
6654.48397 135.33810 4.47965 4.38130 644.43195
6654.12447 135.02265 4.46896 4.37109 643.74458
6653.35647 134.39755 4.44794 4.35085 643.16187
6653.12212 134.19397 4.44108 4.34426 643.23593
6652.15151 133.39072 4.41382 4.31826 640.98386
6651.96909 133.23266 4.40848 4.31314 640.67592
6650.98355 132.33843 4.37832 4.28419 639.84329
6651.13261 132.46571 4.38262 4.28831 640.11805
6650.19249 131.72977 4.35755 4.26449 637.12839
6649.77376 131.37191 4.34545 4.25290 636.36881
6649.17362 130.88087 4.32876 4.23701 634.90443
6648.57681 130.40011 4.31243 4.22144 633.27377
6648.12081 130.02084 4.29963 4.20916 632.20251
6647.32655 129.35644 4.27676 4.18766 630.73967
6647.20633 129.25325 4.27322 4.18432 630.57095
6646.22129 128.47612 4.24877 4.15916 626.34578
6646.11851 128.39144 4.24632 4.15642 625.85164
6645.15368 127.60494 4.22076 4.13095 622.51644
6644.79134 127.30113 4.21024 4.12112 621.90818
6644.10488 126.70202 4.19019 4.10172 622.43220
6643.75704 126.42873 4.18088 4.09288 621.86892
6643.19259 125.98144 4.16560 4.07840 620.09643
6642.46445 125.39086 4.14553 4.05928 618.21677
6642.28474 125.24326 4.14049 4.05450 617.79754
6641.31283 124.51221 4.11546 4.03083 614.14149
6641.16547 124.39667 4.11151 4.02709 613.68033
6640.17625 123.60039 4.08433 4.00132 611.00312
6639.77513 123.26724 4.07298 3.99053 610.12891
6638.99911 122.57856 4.04961 3.96824 609.32314
6638.73441 122.33868 4.04149 3.96047 609.15178
6638.17300 121.89488 4.02631 3.94610 607.46878
6637.48098 121.32277 4.00670 3.92758 605.98251
6637.23465 121.10649 3.99937 3.92058 605.70164
6636.37795 120.46046 3.97727 3.89967 602.26567
6636.19577 120.31273 3.97212 3.89488 602.03730
6635.18886 119.51068 3.94553 3.86892 600.80758
6634.99975 119.35224 3.94084 3.86379 599.93851
6634.16159 118.67112 3.91966 3.84174 596.21586
6633.78644 118.36427 3.90896 3.83181 595.46217
6633.38012 118.03025 3.89732 3.82099 594.64035
6632.73067 117.60327 3.88252 3.80717 590.83935
6632.23768 117.24075 3.87001 3.79543 588.79273
6631.21280 116.42962 3.84211 3.76918 585.70509
6631.16480 116.39114 3.84079 3.76793 585.57170
6630.21416 115.64023 3.81491 3.74362 582.70450
6629.83113 115.33505 3.80436 3.73374 581.58384
6629.08802 114.71930 3.78320 3.71381 579.92587
6628.57360 114.27274 3.76791 3.69935 579.23693
6628.18029 113.94691 3.75671 3.68880 578.39647
6627.43231 113.35612 3.73631 3.66968 575.92620
6627.24667 113.19716 3.73082 3.66453 575.61017
6626.28102 112.46175 3.70550 3.64072 574.09411
6626.30446 112.47734 3.70604 3.64123 574.18678
6625.29216 111.73348 3.67999 3.61715 570.11183
6624.75459 111.29624 3.66479 3.60299 568.80390
6624.28187 110.89623 3.65227 3.59004 567.03205
6623.73248 110.51861 3.64067 3.57782 562.86305
6623.35986 110.24357 3.63166 3.56892 560.82327
6622.35708 109.51242 3.60583 3.54525 556.44055
6622.15907 109.35925 3.60045 3.54029 555.74189
6621.23121 108.62525 3.57489 3.51653 552.71909
6620.96034 108.42074 3.56771 3.50990 551.62583
6620.28491 107.90918 3.54977 3.49334 548.93906
6619.62085 107.40201 3.53193 3.47693 546.44477
6619.33095 107.17867 3.52408 3.46970 545.33916
6618.35290 106.46135 3.49869 3.44647 541.09914
6618.10012 106.26334 3.49182 3.44006 540.95787
6617.09789 105.42548 3.46245 3.41294 539.86673
6617.01860 105.35342 3.45992 3.41061 539.77964
6616.28024 104.78512 3.43977 3.39221 536.91890
6615.78887 104.41746 3.42676 3.38031 534.78755
6615.46150 104.16633 3.41781 3.37218 533.47081
6614.56868 103.57536 3.39651 3.35305 527.63783
6614.23779 103.33580 3.38797 3.34529 525.90353
6613.23704 102.55619 3.35994 3.32005 522.18223
6613.05463 102.41372 3.35470 3.31544 521.58886
6612.34987 101.89338 3.33654 3.29859 517.64146
6611.74074 101.44993 3.32258 3.28424 512.94248
6611.42014 101.21693 3.31507 3.27670 510.58790
6610.42900 100.52278 3.28995 3.25422 504.67145
6610.23750 100.38039 3.28471 3.24961 503.76948
6609.29904 99.66705 3.25892 3.22652 499.28354
6608.96217 99.42015 3.24998 3.21853 498.41697
6608.31719 98.94245 3.23262 3.20306 496.59555
6607.59301 98.39950 3.21277 3.18549 492.61119
6607.34205 98.21408 3.20593 3.17948 491.24402
6606.34605 97.48222 3.17901 3.15579 485.70524
6606.27409 97.43015 3.17707 3.15411 485.26365
6605.31523 96.73077 3.15115 3.13147 479.64097
6604.84210 96.36238 3.13756 3.11954 477.30855
6604.31030 95.96533 3.12271 3.10669 474.25518
6603.52448 95.37783 3.10087 3.08767 469.74844
6603.42327 95.29578 3.09781 3.08501 469.32698
6602.42141 94.60350 3.07182 3.06260 461.87976
6602.20629 94.43747 3.06558 3.05722 460.73347
6601.40777 93.87552 3.04386 3.03903 455.19197
6600.73076 93.38875 3.02627 3.02327 450.08323
6600.44097 93.15739 3.01864 3.01578 448.71316
6599.52203 92.54691 2.99794 2.99602 440.79794
6599.30928 92.39583 2.99225 2.99113 439.01166
6598.38367 91.71537 2.96613 2.96910 432.73150
6598.12128 91.53800 2.95946 2.96336 430.42383
6597.46883 91.11571 2.94376 2.94969 424.21912
6596.47536 90.40626 2.91771 2.92672 416.23199
6596.49442 90.40730 2.91773 2.92676 416.68322
6595.48472 89.73795 2.89350 2.90509 407.11188
6595.02340 89.40285 2.88197 2.89424 403.36771
6594.35505 88.92116 2.86523 2.87864 397.68303
6593.57171 88.34476 2.84641 2.85998 391.26717
6593.26347 88.09936 2.83859 2.85204 389.05476
6592.28580 87.36276 2.81583 2.82819 381.09538
6592.53223 87.53324 2.82089 2.83371 383.46132
6591.53450 86.88555 2.80254 2.81275 373.04470
6590.80237 86.38042 2.78700 2.79639 368.14649
6590.22565 85.93290 2.77410 2.78191 363.52839
6589.43616 85.31960 2.75989 2.76205 356.83517
6589.45713 85.34252 2.76040 2.76279 356.89124
6588.42216 84.62640 2.73029 2.73961 346.99069
6588.28641 84.51740 2.72395 2.73608 345.83940
6587.30872 83.88940 2.71670 2.71575 334.59441
6586.37440 83.08408 2.67869 2.68968 327.29994
6586.08875 82.83575 2.65603 2.68164 325.39707
6585.16537 82.07356 2.60004 2.65697 318.70847
6584.51785 81.39206 2.60026 2.63491 315.80944
6583.82162 80.59195 2.59831 2.60900 313.50282
6583.37736 80.06599 2.50986 2.59198 312.08764
6582.81089 79.32287 2.37894 2.56792 311.94860
6582.34468 78.69440 2.36590 2.54757 312.74892
6582.25624 78.59720 2.36582 2.54443 312.52830
6581.61217 77.86224 2.35396 2.52063 310.69773
6581.93035 78.17354 2.35981 2.53071 312.29975
6581.30619 77.66666 2.35224 2.51430 307.99570
6581.02056 77.49150 2.35104 2.50863 305.60672
6580.92150 77.40517 2.34997 2.50584 305.12618
6579.98369 76.95311 2.34955 2.49120 296.64463
6579.27201 76.52781 2.34544 2.47743 291.88000
6578.79196 76.21591 2.34182 2.46734 289.24134
6577.89744 75.73776 2.33855 2.45186 283.33553
6577.44051 75.45878 2.33661 2.44283 280.53759
6576.52980 74.85052 2.33079 2.42314 275.82774
6575.92748 74.45726 2.32603 2.41040 273.12829
6575.53435 74.18900 2.32248 2.40172 271.51234
6574.53847 73.54026 2.31469 2.38072 267.07998
6574.22405 73.31818 2.31177 2.37353 265.77468
6573.35771 72.68076 2.30200 2.35289 263.26377
6572.79711 72.28528 2.29617 2.34009 261.36599
6572.24820 71.84965 2.28956 2.32599 259.45303
6571.46279 71.26401 2.28071 2.30703 256.60131
6571.18920 71.04529 2.27709 2.29995 255.69559
6570.18868 70.25947 2.26435 2.27451 252.25090
6569.99623 70.10039 2.26157 2.26936 251.64399
6569.04929 69.30303 2.24701 2.24355 248.67557
6568.69199 68.99005 2.24105 2.23342 247.64456
6567.94515 68.31294 2.22755 2.21149 245.56513
6567.54463 67.95960 2.22046 2.20006 244.33835
6566.87644 67.33672 2.20719 2.17989 242.46024
6566.39568 66.88897 2.19706 2.16540 241.18240
6565.81720 66.33081 2.18563 2.14733 239.32864
6565.26069 65.79540 2.17496 2.12999 237.58086
6564.71808 65.23298 2.16091 2.11179 236.81338
6564.21336 64.72976 2.14811 2.09550 235.65009
6563.63903 64.11588 2.13246 2.07562 234.18088
6563.21924 63.67202 2.12069 2.06125 233.13063
6562.65410 63.06592 2.10432 2.04163 231.72710
6562.25229 62.65153 2.09297 2.02822 230.63098
6561.64264 61.97829 2.07400 2.00642 229.13823
6561.34552 61.68872 2.06578 1.99705 228.24098
6560.59589 60.87667 2.04217 1.97076 226.27631
6560.43492 60.69464 2.03681 1.96487 225.88801
6559.73432 59.97633 2.01554 1.94161 223.83389
6559.64354 59.89381 2.01308 1.93894 223.53115
6558.89119 59.19649 1.99228 1.91637 221.03321
6558.66059 58.98532 1.98588 1.90953 220.27416
6558.03241 58.44275 1.96914 1.89197 218.09499
6557.48353 57.97944 1.95550 1.87697 216.11410
6556.91392 57.45819 1.94179 1.86009 213.98708
6556.34166 56.94059 1.92642 1.84334 211.97980
6555.92567 56.57014 1.91456 1.83135 210.83560
6555.22242 55.92830 1.89426 1.81057 208.98502
6554.98880 55.72315 1.88782 1.80393 208.18435
6554.08130 54.93120 1.86256 1.77829 205.06500
6553.68981 54.54006 1.84994 1.76563 203.87869
6552.87888 53.70828 1.82300 1.73870 201.38629
6552.89579 53.71975 1.82338 1.73907 201.45061
6551.98951 52.90074 1.79651 1.71256 198.41490
6551.59969 52.51282 1.78373 1.70000 197.17651
6550.72848 51.55949 1.75201 1.66914 194.51533
6550.59002 51.39947 1.74667 1.66396 194.10406
6549.88694 50.63961 1.72115 1.63936 191.90816
6550.00198 50.74714 1.72477 1.64284 192.29303
6549.15968 50.03905 1.70096 1.61991 189.35368
6549.71435 50.43171 1.71413 1.63263 191.39877
6548.69721 49.83298 1.69406 1.61324 187.54933
6548.14478 49.48694 1.68228 1.60204 185.53113
6547.82744 49.31462 1.67632 1.59646 184.38447
6546.75366 48.70686 1.65676 1.57679 181.03957
6546.13268 48.31124 1.64537 1.56398 178.88059
6545.45616 47.83492 1.63040 1.54856 176.67551
6544.70917 47.33967 1.61354 1.53253 174.28211
6544.30771 47.06274 1.60417 1.52356 173.02653
6543.24834 46.26945 1.57748 1.49788 169.74613
6542.83017 45.92385 1.56576 1.48669 168.47337
6541.93803 45.13043 1.53887 1.46101 165.73190
6541.57706 44.79964 1.52762 1.45030 164.62194
6540.84916 44.10065 1.50375 1.42767 162.35741
6540.39903 43.68906 1.48964 1.41435 160.95873
6539.67448 42.92051 1.46328 1.38947 158.63767
6539.73204 42.96556 1.46482 1.39092 158.81231
6539.12792 42.48184 1.44815 1.37526 156.95032
6538.73916 42.16092 1.43701 1.36488 155.73747
6538.58283 42.06012 1.43349 1.36161 155.28570
6537.62963 41.47003 1.41319 1.34251 152.79276
6537.21526 41.19389 1.40356 1.33357 151.60413
6536.34116 40.54675 1.38076 1.31262 149.01927
6536.07186 40.35837 1.37460 1.30652 148.25701
6535.67328 40.12523 1.36753 1.29897 147.19909
6534.62146 39.47869 1.34757 1.27804 144.44731
6534.67622 39.49798 1.34823 1.27867 144.57353
6533.82105 39.03100 1.33183 1.26355 142.40905
6532.81108 38.44998 1.31139 1.24474 139.87131
6532.37852 38.16199 1.30142 1.23542 138.74783
6531.40531 37.47596 1.27758 1.21321 136.17652
6531.19643 37.33346 1.27262 1.20860 135.63723
6530.56909 36.93720 1.25883 1.19577 134.09069
6529.65929 36.34860 1.23826 1.17671 131.88313
6530.02650 36.55908 1.24558 1.18353 132.69137
6528.92217 36.00777 1.22632 1.16568 130.42448
6527.91696 35.43551 1.20627 1.14715 128.15420
6527.77286 35.33496 1.20276 1.14390 127.79608
6526.75266 34.76638 1.18292 1.12549 125.58090
6526.17957 34.40853 1.17042 1.11391 124.26279
6525.76006 34.16830 1.16200 1.10613 123.36473
6524.73636 33.57429 1.14126 1.08690 121.16901
6524.62334 33.50051 1.13867 1.08451 120.91078
6523.67161 32.98469 1.12055 1.06781 118.99422
6522.51720 32.21681 1.09382 1.04295 116.36310
6522.01313 31.81027 1.07954 1.02979 115.01955
6521.03676 30.98227 1.05161 1.00299 112.39240
6521.37099 31.23578 1.05952 1.01120 113.17450
6520.65393 30.74131 1.04437 0.99519 111.65323
6520.33671 30.58876 1.03962 0.99025 111.15986
6520.39529 30.61813 1.04049 0.99120 111.24916
6519.45591 30.25029 1.02848 0.97929 109.95575
6518.41899 29.85354 1.01424 0.96645 108.47244
6518.31257 29.79608 1.01217 0.96459 108.27075
6517.42011 29.48542 1.00087 0.95453 107.12152
6516.12494 28.92094 0.98101 0.93626 105.20207
6515.20920 28.43529 0.96393 0.92054 103.60803
6514.68946 28.11364 0.95265 0.91012 102.56323
6513.74438 27.55839 0.93319 0.89215 100.76251
6513.22751 27.25251 0.92246 0.88225 99.77416
6512.45475 26.70767 0.90339 0.86461 98.02176
6512.01836 26.41918 0.89329 0.85527 97.09270
6512.49387 26.66669 0.90200 0.86328 97.89109
6511.36311 26.24218 0.88692 0.84954 96.53069
6510.22202 25.73668 0.86901 0.83317 94.92654
6510.17029 25.71132 0.86812 0.83235 94.84587
6509.24552 25.33537 0.85478 0.82018 93.67242
6508.09462 24.79844 0.83580 0.80280 92.00097
6507.32133 24.39717 0.82164 0.78981 90.73948
6506.64282 23.96644 0.80658 0.77587 89.37002
6505.70441 23.40717 0.78692 0.75776 87.58171
6506.17700 23.65057 0.79556 0.76564 88.35604
6505.15209 23.19956 0.77935 0.75104 86.94533
6504.06080 22.66997 0.76088 0.73389 85.33009
6504.25426 22.74182 0.76323 0.73622 85.52284
6503.50726 22.47675 0.75478 0.72764 84.84785
6502.31895 22.01686 0.74060 0.71275 83.66465
6501.35016 21.56858 0.72545 0.69824 82.36635
6501.21123 21.48442 0.72243 0.69552 82.08983
6500.26165 21.08446 0.70790 0.68257 80.84312
6499.25100 20.63433 0.69198 0.66800 79.47424
6499.22667 20.62370 0.69161 0.66765 79.44197
6498.27097 20.20024 0.67665 0.65394 78.14930
6497.34674 19.81289 0.66290 0.64140 76.96727
6497.39313 19.82272 0.66326 0.64172 76.98949
6496.82505 19.66033 0.65740 0.63646 76.55643
6495.66331 19.30707 0.64471 0.62503 75.58491
6494.46826 18.87095 0.62920 0.61091 74.28858
6494.06489 18.70208 0.62325 0.60544 73.74381
6493.50232 18.48446 0.61555 0.59840 73.06795
6492.46708 18.10822 0.60218 0.58622 71.94050
6491.40881 17.68570 0.58721 0.57254 70.62587
6490.74716 17.35915 0.57570 0.56197 69.53562
6489.81549 16.81947 0.55677 0.54450 67.66408
6489.22808 16.51054 0.54589 0.53450 66.60228
6489.29600 16.54743 0.54719 0.53569 66.73004
6488.27518 16.11967 0.53202 0.52184 65.31196
6487.25464 15.67238 0.51618 0.50736 63.79708
6488.07719 15.93107 0.52546 0.51574 64.59951
6487.31946 15.78088 0.51994 0.51087 64.22521
6486.32469 15.60340 0.51339 0.50513 63.80166
6485.29786 15.40283 0.50603 0.49864 63.28468
6484.33023 15.21938 0.49938 0.49270 62.78053
6483.38596 15.04778 0.49312 0.48714 62.33660
6482.81486 14.95587 0.48977 0.48417 62.11546
6482.32717 14.84933 0.48597 0.48072 61.80346
6481.53868 14.71378 0.48113 0.47633 61.44732
6480.65555 14.61538 0.47759 0.47314 61.27175
6479.53555 14.47771 0.47270 0.46869 60.98825
6478.27719 14.27142 0.46540 0.46201 60.40612
6477.00344 13.98000 0.45505 0.45257 59.40978
6476.12911 13.69176 0.44504 0.44324 58.28369
6475.29524 13.34914 0.43415 0.43215 57.03514
6474.11833 12.84119 0.41902 0.41571 55.29557
6473.28191 12.39627 0.40453 0.40130 53.54595
6472.59042 11.99438 0.39045 0.38829 51.81569
6471.49223 11.28443 0.36600 0.36531 48.78443
6470.94632 10.87949 0.35208 0.35220 47.03988
6470.00923 10.09521 0.32504 0.32681 43.62307
6469.40977 9.55787 0.30645 0.30942 41.28439
6468.58535 8.69065 0.27649 0.28134 37.49001
6468.29029 8.36399 0.26518 0.27077 36.06402
0.00000 0.00000 0.00000 0.00000 0.00000
