6388.72937 10.04184 0.24879 0.32508 118.63030
6389.19460 10.10204 0.25129 0.32703 118.89147
6390.19510 10.22410 0.25643 0.33098 119.35793
6391.19560 10.34313 0.26171 0.33484 119.75180
6392.19610 10.45648 0.26686 0.33851 120.04587
6393.19660 10.57616 0.27228 0.34238 120.39745
6394.19710 10.67753 0.27696 0.34566 120.47731
6395.19760 10.79442 0.28211 0.34945 120.73040
6396.19810 10.92058 0.28756 0.35353 121.07905
6397.04606 11.04603 0.29262 0.35759 121.70175
6397.19860 11.07186 0.29363 0.35843 121.83505
6398.19910 11.23285 0.30015 0.36364 122.53014
6399.19960 11.37304 0.30596 0.36818 122.94001
6400.20010 11.50576 0.31167 0.37248 123.21724
6401.20060 11.64187 0.31750 0.37688 123.51779
6402.20110 11.78233 0.32367 0.38143 123.84583
6403.20160 11.92709 0.33007 0.38612 124.20574
6403.93879 12.05021 0.33539 0.39010 124.66295
6404.20210 12.09849 0.33746 0.39166 124.88909
6405.20260 12.28091 0.34523 0.39757 125.70452
6406.20310 12.42455 0.35097 0.40222 126.08230
6407.20360 12.59204 0.35781 0.40764 126.56048
6408.20410 12.75388 0.36406 0.41288 126.81840
6409.20460 12.93934 0.37076 0.41889 127.17647
6409.77454 13.05439 0.37493 0.42261 127.45584
6410.20510 13.14175 0.37804 0.42544 127.65247
6411.20560 13.32620 0.38503 0.43141 127.95839
6412.20610 13.49026 0.39131 0.43672 128.00549
6413.20660 13.63853 0.39744 0.44152 127.97991
6414.20710 13.80286 0.40418 0.44684 128.30827
6415.20760 14.00410 0.41221 0.45335 129.03382
6415.43744 14.05858 0.41439 0.45512 129.27703
6416.20810 14.23626 0.42147 0.46087 130.04457
6417.20860 14.45346 0.43014 0.46790 130.79947
6418.20910 14.62971 0.43742 0.47361 131.02052
6419.20960 14.80470 0.44476 0.47927 131.18951
6420.21011 15.01586 0.45334 0.48611 131.74480
6420.41738 15.06276 0.45519 0.48763 131.88889
6421.21061 15.24163 0.46221 0.49342 132.42427
6422.21111 15.44373 0.47015 0.49996 132.81504
6423.21161 15.63281 0.47758 0.50608 133.06208
6424.21211 15.82679 0.48531 0.51236 133.45883
6425.21261 16.06056 0.49466 0.51993 134.08099
6425.23894 16.06695 0.49491 0.52014 134.10002
6426.21311 16.29038 0.50395 0.52737 134.64404
6427.21361 16.50333 0.51245 0.53426 134.97899
6428.21411 16.70569 0.52040 0.54081 135.16174
6429.21461 16.95383 0.52978 0.54885 135.81132
6429.66772 17.07113 0.53425 0.55264 136.14726
6430.21511 17.21334 0.53971 0.55725 136.55113
6431.21561 17.45282 0.54913 0.56500 137.02302
6432.21611 17.63630 0.55654 0.57094 137.08263
6433.21661 17.86712 0.56560 0.57841 137.42217
6433.95592 18.07531 0.57351 0.58515 138.04624
6434.21711 18.15492 0.57650 0.58773 138.32781
6435.21761 18.42749 0.58662 0.59655 139.02194
6436.21811 18.66900 0.59581 0.60437 139.36249
6437.21861 18.90903 0.60514 0.61214 139.64534
6437.86898 19.07950 0.61180 0.61766 139.96420
6438.21911 19.17686 0.61560 0.62081 140.18916
6439.21961 19.44629 0.62588 0.62953 140.70406
6440.22011 19.70514 0.63552 0.63791 141.07226
6441.22061 19.93588 0.64411 0.64538 141.29791
6441.73146 20.08368 0.64959 0.65017 141.71960
6442.22111 20.23046 0.65503 0.65492 142.05566
6443.22161 20.50358 0.66533 0.66376 142.47392
6444.22211 20.77060 0.67540 0.67241 142.78732
6445.22261 21.04231 0.68552 0.68120 143.10970
6445.36865 21.08787 0.68721 0.68268 143.22231
6446.22311 21.36899 0.69764 0.69178 144.04760
6447.22361 21.66651 0.70894 0.70141 144.62866
6448.22411 21.95366 0.71917 0.71071 144.89563
6448.66667 22.09205 0.72363 0.71519 144.95998
6449.22461 22.28714 0.72986 0.72150 145.26711
6450.22511 22.57667 0.73906 0.73087 145.51452
6451.22561 22.91271 0.75044 0.74175 146.08102
6451.74427 23.09623 0.75698 0.74769 146.57906
6452.22611 23.25767 0.76292 0.75292 146.96058
6453.22661 23.55753 0.77390 0.76263 147.34833
6454.22711 23.85304 0.78475 0.77219 147.62321
6455.02072 24.10042 0.79357 0.78020 147.93890
6455.22761 24.17209 0.79611 0.78252 148.09062
6456.22811 24.51336 0.80820 0.79357 148.76169
6457.22861 24.81419 0.81877 0.80331 149.00698
6458.06122 25.10460 0.82915 0.81271 149.56247
6458.22911 25.16861 0.83147 0.81478 149.73199
6459.22961 25.46764 0.84218 0.82446 150.19715
6460.23012 25.80109 0.85400 0.83526 150.65981
6461.11573 26.10879 0.86454 0.84522 151.19100
6461.23062 26.15126 0.86599 0.84659 151.28162
6462.23112 26.49679 0.87806 0.85778 151.82113
6463.23162 26.80839 0.88933 0.86787 152.00578
6464.06504 27.11297 0.90036 0.87773 152.57797
6464.23212 27.18200 0.90272 0.87996 152.76670
6465.23262 27.52537 0.91452 0.89108 153.21467
6466.23312 27.86194 0.92615 0.90197 153.57192
6466.96982 28.11715 0.93542 0.91024 153.90637
6467.23362 28.21874 0.93907 0.91353 154.20833
6468.23412 28.55741 0.95113 0.92449 154.72448
6469.23462 28.92471 0.96389 0.93638 155.29076
6469.74553 29.12134 0.97053 0.94275 155.64957
6470.23512 29.31406 0.97737 0.94898 156.02196
6471.23562 29.68188 0.99099 0.96089 156.56131
6472.23612 30.03221 1.00380 0.97223 156.98131
6472.45613 30.12552 1.00708 0.97525 157.20905
6473.23662 30.47940 1.01851 0.98671 158.03254
6474.23712 30.85997 1.03019 0.99903 158.14668
6474.87673 31.12971 1.03850 1.00776 158.41309
6475.23762 31.29027 1.04398 1.01296 158.72884
6476.23812 31.68152 1.05805 1.02563 159.36056
6477.23862 32.02341 1.06979 1.03669 159.84692
6477.50577 32.13389 1.07354 1.04027 160.03688
6478.23912 32.45290 1.08519 1.05060 160.70823
6479.23962 32.83267 1.09931 1.06289 161.12433
6479.99202 33.13808 1.10988 1.07278 161.60049
6480.24012 33.24930 1.11381 1.07638 161.84517
6481.24062 33.67179 1.12816 1.09006 162.59173
6482.24112 34.07269 1.14306 1.10304 163.11869
6482.39656 34.14226 1.14561 1.10529 163.25791
6483.24162 34.52595 1.15928 1.11771 164.07319
6484.24212 34.89930 1.17162 1.12980 164.29008
6484.92656 35.14644 1.18028 1.13780 164.51240
6485.24262 35.28475 1.18541 1.14227 164.89017
6486.24312 35.72642 1.20216 1.15657 165.69319
6487.24362 36.14990 1.21649 1.17028 166.29548
6487.24524 36.15063 1.21651 1.17030 166.29670
6488.24412 36.60986 1.23290 1.18517 167.15802
6489.24462 37.01817 1.24805 1.19839 167.57533
6489.54711 37.15481 1.25279 1.20281 167.80588
6490.24512 37.46060 1.26338 1.21271 168.24999
6491.24562 37.86163 1.27647 1.22569 168.57401
6491.84995 38.15900 1.28796 1.23532 169.18541
6492.24612 38.37618 1.29633 1.24235 169.76476
6493.24662 38.81616 1.31170 1.25660 170.32670
6494.10148 39.16318 1.32353 1.26783 170.73681
6494.24712 39.23707 1.32614 1.27022 170.96208
6495.24762 39.73041 1.34361 1.28619 171.90085
6496.13064 40.16736 1.35723 1.30034 172.25631
6496.24812 40.22592 1.35893 1.30223 172.32061
6497.24862 40.70340 1.37369 1.31769 172.90780
6498.24012 41.17155 1.39140 1.33285 173.67517
6498.24912 41.17656 1.39159 1.33301 173.68763
6499.24962 41.66192 1.40883 1.34872 174.48082
6500.25013 42.10947 1.42395 1.36321 174.94960
6500.38743 42.17573 1.42623 1.36535 175.05290
6501.25063 42.62828 1.44316 1.38001 175.95452
6502.25113 43.11325 1.46006 1.39571 176.66197
6502.39675 43.17992 1.46219 1.39786 176.76760
6503.25163 43.56140 1.47485 1.41021 177.41221
6504.25213 44.01260 1.49170 1.42482 177.81333
6504.60671 44.18410 1.49830 1.43037 178.05201
6505.25263 44.50345 1.50890 1.44071 178.52620
6506.25313 44.97063 1.52495 1.45583 179.02880
6506.70439 45.18828 1.53271 1.46288 179.30697
6507.25363 45.49575 1.54455 1.47283 179.94545
6508.25413 45.99001 1.56118 1.48883 180.63162
6508.65445 46.19247 1.56791 1.49539 180.92938
6509.25463 46.50449 1.57889 1.50549 181.43712
6510.25513 47.01119 1.59784 1.52189 182.13899
6510.59986 47.19665 1.60425 1.52790 182.46142
6511.25563 47.55549 1.61607 1.53951 183.13517
6512.25613 48.01464 1.63243 1.55438 183.81762
6512.62196 48.20084 1.63888 1.56041 183.98509
6513.25663 48.57991 1.65112 1.57268 184.43452
6514.25713 49.13693 1.66707 1.59071 185.16955
6514.36960 49.20502 1.66957 1.59291 185.32017
6515.25763 49.68385 1.68753 1.60842 186.15381
6516.25813 50.18755 1.70543 1.62472 186.77224
6516.29722 50.20921 1.70606 1.62542 186.80842
6517.25863 50.72044 1.72284 1.64197 187.56531
6518.15883 51.21339 1.74131 1.65793 188.36990
6518.25913 51.27506 1.74358 1.65993 188.50371
6519.25963 51.81893 1.76132 1.67753 189.36831
6520.03901 52.21757 1.77478 1.69044 189.86086
6520.26013 52.34705 1.77979 1.69463 190.18099
6521.26063 52.84695 1.79811 1.71081 190.93967
6521.99893 53.22176 1.80990 1.72295 191.35151
6522.26113 53.36515 1.81429 1.72759 191.57684
6523.26163 53.93727 1.83552 1.74611 192.58775
6523.75656 54.22594 1.84569 1.75546 193.10768
6524.26213 54.51618 1.85526 1.76485 193.61453
6525.26263 55.00054 1.87032 1.78053 194.04314
6525.64238 55.23013 1.87906 1.78796 194.49889
6526.26313 55.63075 1.89395 1.80093 195.40095
6527.26363 56.15505 1.90972 1.81791 196.05751
6527.40101 56.23431 1.91220 1.82047 196.19697
6528.26413 56.75674 1.93186 1.83739 197.26240
6529.12816 57.23849 1.94804 1.85298 198.00821
6529.26463 57.32492 1.95041 1.85578 198.18237
6530.26513 57.87552 1.96559 1.87360 198.85825
6530.86157 58.24268 1.97763 1.88549 199.38968
6531.26563 58.49790 1.98736 1.89375 199.93501
6532.26613 59.06330 2.00435 1.91206 200.91541
6532.59150 59.24686 2.01035 1.91800 201.21680
6533.26663 59.67089 2.02620 1.93173 202.10205
6534.26713 60.21789 2.04423 1.94943 202.93934
6534.31929 60.25105 2.04516 1.95051 203.00965
6535.26763 60.83516 2.06259 1.96942 204.18757
6535.98814 61.25523 2.07880 1.98302 204.96169
6536.26813 61.42847 2.08388 1.98862 205.30760
6537.26863 61.99629 2.10078 2.00701 206.28909
6537.74764 62.25941 2.10876 2.01552 206.74116
6538.26913 62.57651 2.12097 2.02579 207.53267
6539.26963 63.14220 2.13703 2.04410 208.58461
6539.46699 63.26360 2.13998 2.04803 208.83310
6540.27014 63.76014 2.15697 2.06411 209.88594
6541.10411 64.26778 2.17417 2.08054 210.94339
6541.27064 64.37334 2.17746 2.08396 211.17900
6542.27114 64.96099 2.19210 2.10298 212.35620
6542.77708 65.27197 2.20354 2.11305 213.06722
6543.27164 65.60153 2.21413 2.12372 213.85617
6544.27214 66.21749 2.22809 2.14366 214.96137
6544.36192 66.27615 2.22930 2.14556 215.06773
6545.27264 66.87364 2.24511 2.16490 216.30055
6545.90560 67.28033 2.25710 2.17807 217.31869
6546.27314 67.51087 2.26170 2.18553 217.85659
6547.27364 68.09511 2.27646 2.20444 219.21259
6547.59987 68.28452 2.28173 2.21057 219.69894
6548.27414 68.68209 2.29211 2.22345 220.64986
6549.27197 69.28870 2.30394 2.24308 222.14168
6549.27464 69.29053 2.30399 2.24314 222.14655
6550.27514 69.93924 2.32096 2.26414 223.82612
6550.85222 70.29289 2.32740 2.27559 224.74481
6551.27564 70.57255 2.33367 2.28465 225.51013
6552.27614 71.22850 2.34836 2.30588 227.28549
6552.38157 71.29707 2.34979 2.30810 227.47558
6553.27664 71.84511 2.35884 2.32584 228.99075
6553.99768 72.30126 2.36841 2.34061 230.28082
6554.27714 72.49508 2.37252 2.34688 230.84478
6555.27764 73.10580 2.38162 2.36665 232.64261
6555.62276 73.30544 2.38484 2.37312 233.23990
6556.27814 73.71286 2.39331 2.38631 234.45464
6557.27864 74.29828 2.40201 2.40526 236.29189
6557.29554 74.30962 2.40217 2.40563 236.32794
6558.27914 74.98439 2.41241 2.42747 238.43467
6558.77826 75.31381 2.41763 2.43813 239.41533
6559.27964 75.66853 2.42164 2.44962 240.45925
6560.23428 76.31799 2.42934 2.47064 242.55938
6560.28014 76.34972 2.42987 2.47167 242.66423
6561.28064 76.99887 2.44294 2.49268 244.88450
6561.78843 77.32218 2.44507 2.50315 246.02601
6562.28114 77.65001 2.44796 2.51376 247.16585
6563.28164 78.25474 2.46501 2.53334 249.44793
6563.38522 78.32636 2.46747 2.53566 249.70003
6564.28214 78.94196 2.47820 2.55559 251.94818
6564.97357 79.33054 2.49464 2.56817 253.51726
6565.28264 79.52547 2.51716 2.57448 254.21682
6566.28314 80.15763 2.62772 2.59494 256.78470
6566.55979 80.33473 2.65872 2.60068 257.52629
6567.28364 80.82205 2.70438 2.61645 259.50883
6568.03987 81.33891 2.69266 2.63318 261.69792
6568.28414 81.51281 2.68615 2.63881 262.41664
6569.28464 82.14649 2.67539 2.65933 265.54603
6569.56875 82.34310 2.68038 2.66569 266.44825
6570.28514 82.83038 2.69438 2.68147 268.82894
6571.08237 83.34728 2.70431 2.69820 271.67036
6571.28564 83.50879 2.70696 2.70343 272.39360
6572.28614 84.27761 2.72853 2.72832 276.26430
6572.38453 84.35146 2.73208 2.73071 276.66773
6573.28664 84.94420 2.76801 2.74990 280.35663
6573.95962 85.35565 2.78756 2.76322 282.92388
6574.28714 85.56804 2.79469 2.77009 284.42275
6575.28764 86.21559 2.80867 2.79106 289.39714
6575.49109 86.35983 2.81246 2.79573 290.38013
6576.28814 86.92956 2.82710 2.81417 294.40678
6576.94043 87.36402 2.83845 2.82824 297.89594
6577.28864 87.61013 2.84533 2.83620 299.78758
6578.28914 88.27057 2.86433 2.85758 305.67334
6578.42568 88.36820 2.86712 2.86074 306.42975
6579.28964 88.96625 2.88433 2.88010 311.42875
6579.87057 89.37238 2.89649 2.89325 314.88819
6580.29015 89.67609 2.90572 2.90308 317.35210
6581.29065 90.33781 2.92582 2.92451 323.88990
6581.34764 90.37657 2.92701 2.92576 324.23333
6582.29115 91.04322 2.94808 2.94734 330.06977
6582.82201 91.38075 2.95888 2.95827 332.84412
6583.29165 91.68357 2.96877 2.96807 335.58049
6584.26986 92.38494 2.99254 2.99078 341.75634
6584.29215 92.40355 2.99319 2.99138 341.85733
6585.29265 93.14274 3.01631 3.01531 348.50750
6585.62097 93.38912 3.02370 3.02329 350.80326
6586.29315 93.87174 3.03985 3.03891 355.22914
6587.02575 94.39331 3.05861 3.05579 359.64403
6587.29365 94.59281 3.06571 3.06225 361.22918
6588.29415 95.31363 3.09146 3.08559 367.46402
6588.40850 95.39749 3.09446 3.08830 368.13523
6589.29465 96.01782 3.11691 3.10838 373.70154
6589.85346 96.40167 3.13077 3.12081 377.28426
6590.29515 96.72267 3.14233 3.13120 380.10763
6591.29565 97.38327 3.16627 3.15259 385.74728
6591.32789 97.40586 3.16708 3.15332 385.87659
6592.29615 98.10579 3.19251 3.17598 391.03324
6592.70978 98.41004 3.20344 3.18583 393.31570
6593.29665 98.83848 3.21892 3.19970 396.65091
6594.09715 99.41423 3.23984 3.21834 401.28448
6594.29715 99.56443 3.24522 3.22320 402.31105
6595.29765 100.24038 3.26965 3.24508 408.67313
6595.53349 100.41841 3.27610 3.25085 409.85963
6596.29815 101.03638 3.29851 3.27085 412.95058
6596.82079 101.42259 3.31123 3.28335 416.23360
6597.29865 101.80941 3.32325 3.29588 419.04090
6598.06846 102.42678 3.34439 3.31586 422.72130
6598.29915 102.60017 3.35071 3.32148 423.78952
6599.29965 103.32137 3.37668 3.34482 429.07096
6599.44904 103.43096 3.38057 3.34837 429.91406
6600.30015 104.03956 3.40223 3.36807 433.81204
6600.88240 104.43515 3.41634 3.38088 436.11146
6601.30065 104.75245 3.42759 3.39115 438.02497
6602.26349 105.43933 3.45199 3.41339 443.24080
6602.30115 105.46722 3.45298 3.41429 443.42347
6603.30165 106.22074 3.47967 3.43868 448.01989
6603.60028 106.44351 3.48757 3.44590 449.40951
6604.30215 106.96167 3.50585 3.46267 452.77773
6604.98525 107.44770 3.52316 3.47840 456.30537
6605.30265 107.70207 3.53204 3.48664 457.46333
6606.27986 108.45188 3.55838 3.51091 461.62684
6606.30315 108.46998 3.55902 3.51150 461.71721
6607.30365 109.20602 3.58486 3.53533 466.33690
6607.63283 109.45607 3.59359 3.54342 467.73440
6608.30415 109.98572 3.61232 3.56057 470.33377
6609.03742 110.46025 3.62856 3.57593 473.69080
6609.30465 110.66572 3.63491 3.58258 474.62413
6610.23321 111.46444 3.66006 3.60844 478.26301
6610.30515 111.52264 3.66209 3.61032 478.49731
6611.30565 112.27662 3.68868 3.63473 482.50555
6611.54900 112.46862 3.69530 3.64095 483.43573
6612.30615 113.05944 3.71573 3.66007 486.27236
6612.85033 113.47280 3.73011 3.67346 488.47271
6613.30665 113.83764 3.74271 3.68527 490.00895
6614.18741 114.47699 3.76495 3.70596 494.04531
6614.30715 114.57444 3.76830 3.70912 494.39836
6615.30765 115.37308 3.79593 3.73497 497.78762
6615.44146 115.48117 3.79966 3.73847 498.21343
6616.30815 116.15915 3.82302 3.76042 501.29322
6616.73094 116.48536 3.83427 3.77098 502.84322
6617.30865 116.94406 3.85010 3.78583 504.92951
6618.09757 117.48954 3.86896 3.80349 507.94815
6618.30915 117.64842 3.87437 3.80863 508.35556
6619.30965 118.39935 3.90040 3.83294 511.98120
6619.43192 118.49372 3.90371 3.83600 512.41033
6620.31016 119.25197 3.92798 3.86054 515.12115
6620.59280 119.49791 3.93529 3.86851 516.25852
6621.31066 120.07037 3.95394 3.88704 519.10351
6621.85760 120.50209 3.96911 3.90101 520.73693
6622.31116 120.87333 3.98176 3.91303 522.05743
6623.14175 121.50628 4.00339 3.93352 525.23413
6623.31166 121.64778 4.00825 3.93810 525.67131
6624.31216 122.44589 4.03552 3.96394 528.88000
6624.39133 122.51046 4.03773 3.96603 529.11313
6625.31266 123.27468 4.06380 3.99077 531.51352
6625.61080 123.51464 4.07200 3.99854 532.48522
6626.31316 124.06830 4.09096 4.01646 534.61289
6626.98941 124.51883 4.10638 4.03105 536.73681
6627.31366 124.76373 4.11472 4.03898 537.88851
6628.23579 125.52301 4.14057 4.06356 540.48524
6628.31416 125.58894 4.14280 4.06569 540.66940
6629.31466 126.40276 4.17058 4.09204 543.52643
6629.46500 126.52720 4.17482 4.09606 543.92804
6630.31516 127.20336 4.19776 4.11795 546.64590
6630.71375 127.53138 4.20906 4.12857 547.68443
6631.31566 128.07156 4.22737 4.14606 548.59668
6631.88728 128.53556 4.24124 4.16108 551.16716
6632.31616 128.90067 4.25223 4.17290 552.86974
6633.06287 129.53975 4.27384 4.19359 554.52522
6633.31666 129.74801 4.28103 4.20033 555.16645
6634.31716 130.51036 4.30695 4.22501 558.83849
6634.35640 130.54393 4.30810 4.22610 558.92355
6635.31766 131.32053 4.33453 4.25124 561.82363
6635.63131 131.54812 4.34227 4.25861 562.66138
6636.31816 132.10950 4.36118 4.27678 563.37156
6636.84591 132.55230 4.37618 4.29112 564.73879
6637.31866 132.95612 4.38987 4.30419 565.84683
6638.05367 133.55649 4.41023 4.32362 567.87155
6638.31916 133.77208 4.41754 4.33060 568.64110
6639.30324 134.56067 4.44437 4.35613 571.61126
6639.31966 134.57485 4.44485 4.35659 571.64591
6640.32016 135.39588 4.47259 4.38317 574.41655
6640.51997 135.56485 4.47829 4.38864 574.90230
6641.32066 136.27239 4.50246 4.41155 576.21849
6641.68979 136.56904 4.51237 4.42115 577.39441
6642.32116 137.13849 4.52923 4.43958 579.45243
6642.79150 137.57322 4.54269 4.45366 580.53231
6643.32166 138.01347 4.55777 4.46791 581.93076
6644.06597 138.57741 4.57704 4.48617 584.26835
6644.32216 138.79332 4.58422 4.49316 584.35922
6645.30283 139.58159 4.61092 4.51867 586.60849
6645.32266 139.59762 4.61147 4.51919 586.67422
6646.32316 140.45555 4.64043 4.54697 588.90705
6646.47908 140.58577 4.64485 4.55118 589.30184
6647.32366 141.29217 4.66868 4.57405 591.44034
6647.67976 141.58996 4.67879 4.58369 592.33723
6648.32416 142.15706 4.69787 4.60205 593.56078
6648.84212 142.59414 4.71267 4.61620 594.80815
6649.32466 143.01671 4.72690 4.62988 595.76919
6650.00567 143.59833 4.74656 4.64871 597.30214
6650.32516 143.87077 4.75578 4.65753 598.03469
6651.18002 144.60251 4.78039 4.68122 599.99982
6651.32566 144.73069 4.78468 4.68537 600.29516
6652.32616 145.52244 4.81186 4.71100 603.28954
6652.43204 145.60669 4.81471 4.71373 603.66057
6653.32666 146.46284 4.84033 4.74144 605.39381
6653.49286 146.61088 4.84477 4.74623 605.60648
6654.32716 147.27061 4.86712 4.76759 607.40704
6654.72458 147.61506 4.87890 4.77874 608.32037
6655.32766 148.14309 4.89656 4.79584 609.54364
6655.90536 148.61925 4.91267 4.81125 611.12298
6656.32816 148.99520 4.92533 4.82342 611.88489
6657.06157 149.62343 4.94651 4.84376 613.56277
6657.32866 149.85813 4.95440 4.85136 614.09230
6658.22447 150.62762 4.98035 4.87627 616.10134
6658.32916 150.71720 4.98337 4.87917 616.34080
6659.32966 151.54640 5.01138 4.90601 619.01595
6659.42835 151.63180 5.01424 4.90878 619.23222
6660.33017 152.43870 5.04138 4.93490 620.83604
6660.56128 152.63598 5.04802 4.94128 621.36349
6661.33067 153.31626 5.07088 4.96331 623.00687
6661.73529 153.64017 5.08191 4.97379 623.90939
6662.33117 154.14083 5.09885 4.99000 624.17777
6662.87793 154.64435 5.11407 5.00630 625.52844
6663.33167 155.07165 5.12667 5.02013 626.94274
6663.96499 155.64854 5.14584 5.03881 627.99269
6664.33217 155.98445 5.15730 5.04968 628.46999
6665.09578 156.65272 5.17973 5.07132 630.10333
6665.33267 156.86114 5.18670 5.07807 630.58563
6666.23594 157.65690 5.21352 5.10383 632.39312
6666.33317 157.74154 5.21639 5.10657 632.60252
6667.33367 158.57128 5.24435 5.13343 635.29787
6667.43603 158.66109 5.24738 5.13634 635.51010
6668.33417 159.47096 5.27458 5.16255 637.08718
6668.55019 159.66527 5.28112 5.16884 637.47415
6669.33467 160.36487 5.30460 5.19149 638.95627
6669.68547 160.66946 5.31486 5.20135 639.69329
6670.33517 161.25260 5.33446 5.22023 640.98225
6670.84934 161.67364 5.34867 5.23386 642.30325
6671.33567 162.08650 5.36246 5.24723 642.63636
6672.01475 162.67782 5.38223 5.26637 643.60353
6672.33617 162.96627 5.39215 5.27571 644.25140
6673.12245 163.68201 5.41537 5.29888 645.86312
6673.33667 163.89956 5.42170 5.30592 646.32336
6674.15369 164.68619 5.44615 5.33139 647.93482
6674.33717 164.84608 5.45163 5.33656 648.27848
6675.31917 165.69038 5.48021 5.36389 650.53173
6675.33767 165.70759 5.48079 5.36445 650.55966
6676.33817 166.61049 5.51104 5.39368 652.35989
6676.43255 166.69456 5.51388 5.39640 652.53979
6677.33867 167.53772 5.54210 5.42370 653.87126
6677.52199 167.69874 5.54750 5.42891 654.26554
6678.33917 168.39300 5.57095 5.45139 656.24623
6678.68060 168.70293 5.58133 5.46142 656.89855
6679.33967 169.30828 5.60158 5.48102 657.88723
6679.82747 169.70711 5.61489 5.49393 658.42194
6680.34017 170.16117 5.63008 5.50863 658.98377
6680.94347 170.71130 5.64855 5.52644 660.16428
6681.34067 171.06721 5.66042 5.53796 660.93286
6682.05555 171.71548 5.68241 5.55895 662.10670
6682.34117 172.00169 5.69170 5.56821 662.35701
6683.09818 172.71967 5.71289 5.59145 664.48018
6683.34167 172.94531 5.72000 5.59876 665.04244
6684.21786 173.72385 5.74635 5.62396 666.69503
6684.34217 173.83878 5.75020 5.62768 666.88922
6685.30805 174.72803 5.77994 5.65647 668.52642
6685.34267 174.75840 5.78096 5.65745 668.59810
6686.34317 175.66242 5.81126 5.68672 670.44394
6686.42099 175.73222 5.81359 5.68898 670.58896
6687.34367 176.59852 5.84253 5.71702 671.98077
6687.50684 176.73640 5.84717 5.72149 672.41772
6688.34417 177.47789 5.87198 5.74549 673.19198
6688.63452 177.74059 5.88073 5.75400 673.30173
6689.34467 178.35597 5.90140 5.77392 674.98679
6689.77601 178.74477 5.91443 5.78650 675.81358
6690.34517 179.27742 5.93222 5.80375 676.63605
6690.87346 179.74895 5.94802 5.81901 677.70426
6691.34567 180.18596 5.96256 5.83316 678.49168
6691.95596 180.75314 5.98177 5.85152 679.34915
6692.34617 181.15294 5.99501 5.86446 679.55471
6692.95084 181.75732 6.01272 5.88403 680.94242
6693.34667 182.12229 6.02387 5.89584 682.00574
6694.04502 182.76151 6.04558 5.91654 683.13061
6694.34717 183.05157 6.05530 5.92593 683.48213
6695.11411 183.76569 6.07907 5.94905 684.72973
6695.34767 183.98381 6.08637 5.95611 685.08910
6696.21035 184.76987 6.11268 5.98156 686.61668
6696.34817 184.89661 6.11693 5.98566 686.89101
6697.32050 185.77406 6.14624 6.01406 688.27488
6697.34867 185.79935 6.14708 6.01488 688.28115
6698.34917 186.64638 6.17544 6.04230 690.06917
6698.49336 186.77824 6.17986 6.04657 690.37265
6699.34967 187.59572 6.20714 6.07304 691.50191
6699.54973 187.78243 6.21340 6.07908 691.80577
6700.35018 188.53585 6.23850 6.10347 693.01579
6700.62365 188.78661 6.24688 6.11159 693.50175
6701.35068 189.45204 6.26941 6.13313 694.70070
6701.70359 189.79079 6.28021 6.14410 695.33160
6702.35118 190.49451 6.30075 6.16688 696.25110
6702.63359 190.79498 6.31036 6.17661 696.41348
6703.35168 191.46125 6.33295 6.19818 697.45225
6703.72215 191.79916 6.34416 6.20911 698.14232
6704.35218 192.38779 6.36378 6.22817 699.16620
6704.80460 192.80335 6.37771 6.24162 699.93595
6705.35268 193.32980 6.39526 6.25867 700.62386
6705.87496 193.80753 6.41126 6.27413 701.66209
6706.35318 194.24989 6.42601 6.28845 702.18480
6707.00449 194.81172 6.44472 6.30664 702.73271
6707.35368 195.12211 6.45512 6.31669 703.38591
6708.09854 195.81590 6.47825 6.33915 704.68982
6708.35418 196.05614 6.48624 6.34693 705.06225
6709.18360 196.82008 6.51178 6.37166 706.48578
6709.35468 196.98417 6.51722 6.37697 706.72530
6710.25809 197.82427 6.54558 6.40417 708.11205
6710.35518 197.92233 6.54886 6.40734 708.17894
6711.18892 198.82845 6.57594 6.43667 709.12934
6711.35568 198.99392 6.58090 6.44203 709.48505
6712.27051 199.83264 6.60901 6.46918 711.09749
6712.35618 199.91358 6.61173 6.47180 711.21873
6713.34270 200.83682 6.64243 6.50169 712.79388
6713.35668 200.85019 6.64287 6.50212 712.81143
6714.35718 201.83137 6.67556 6.53389 713.99425
6714.36869 201.84100 6.67589 6.53420 714.02657
6715.35768 202.67931 6.70388 6.56134 715.45912
6715.53112 202.84519 6.70936 6.56671 715.49930
6716.35818 203.63469 6.73565 6.59227 716.68547
6716.58389 203.84937 6.74282 6.59922 717.00134
6717.35868 204.59167 6.76748 6.62325 718.01703
6717.64651 204.85356 6.77624 6.63172 718.55407
6718.35918 205.52307 6.79865 6.65340 719.64641
6718.70463 205.85774 6.80982 6.66423 720.07311
6719.35968 206.47537 6.83026 6.68423 721.08670
6719.76768 206.86192 6.84334 6.69674 721.62251
6720.36018 207.45382 6.86277 6.71590 722.25266
6720.76553 207.86611 6.87479 6.72925 723.10918
6721.36068 208.47856 6.89351 6.74908 724.03269
6721.75659 208.87029 6.90678 6.76176 724.34595
6722.36118 209.44783 6.92600 6.78045 725.13573
6722.81961 209.87448 6.94022 6.79427 726.02022
6723.36168 210.37572 6.95684 6.81049 726.64138
6723.94556 210.87866 6.97360 6.82677 727.14282
6724.36218 211.26099 6.98632 6.83915 727.71815
6725.01517 211.88285 7.00704 6.85928 728.77326
6725.36268 212.21630 7.01816 6.87008 729.20508
6726.07181 212.88703 7.04048 6.89179 730.24600
6726.36318 213.15771 7.04950 6.90055 730.72819
6727.14226 213.89121 7.07395 6.92430 731.91250
6727.36368 214.10878 7.08117 6.93134 732.14784
6728.19747 214.89540 7.10729 6.95681 733.41963
6728.36418 215.05698 7.11267 6.96204 733.62170
6729.27212 215.89958 7.14081 6.98932 735.10597
6729.36468 215.99356 7.14364 6.99236 735.26642
6730.24581 216.90377 7.17078 7.02183 736.79860
6730.36518 217.01586 7.17451 7.02545 736.98247
6731.28141 217.90795 7.20434 7.05433 737.95214
6731.36568 217.99382 7.20717 7.05711 738.01968
6732.31127 218.91213 7.23767 7.08684 739.25427
6732.36618 218.96562 7.23945 7.08857 739.28986
6733.36668 219.83323 7.26832 7.11666 740.35876
6733.45267 219.91632 7.27106 7.11935 740.46831
6734.36718 220.77209 7.29958 7.14705 741.97319
6734.52912 220.92050 7.30451 7.15186 742.23518
6735.36768 221.73832 7.33165 7.17833 743.20370
6735.56249 221.92469 7.33784 7.18437 743.46508
6736.36818 222.72023 7.36423 7.21012 744.30635
6736.57107 222.92887 7.37114 7.21688 744.43474
6737.36868 223.68465 7.39627 7.24134 745.57351
6737.63009 223.93305 7.40447 7.24938 745.95883
6738.36918 224.65225 7.42857 7.27267 746.75341
6738.67409 224.93724 7.43806 7.28189 747.22243
6739.36968 225.73202 7.46151 7.30762 747.75973
6739.56187 225.94142 7.46773 7.31440 747.97914
6740.37019 226.66341 7.49192 7.33777 749.58037
6740.67688 226.94561 7.50136 7.34691 750.12626
6741.37069 227.59649 7.52282 7.36798 750.48131
6741.77243 227.94979 7.53454 7.37942 750.80439
6742.37119 228.50951 7.55318 7.39754 751.78192
6742.84260 228.95397 7.56801 7.41193 752.49568
6743.37169 229.45118 7.58450 7.42802 753.24821
6743.88803 229.95816 7.60133 7.44444 753.80436
6744.37219 230.42006 7.61669 7.45939 754.45865
6744.95456 230.96234 7.63465 7.47694 755.36135
6745.37269 231.36944 7.64821 7.49012 755.83843
6746.00716 231.96653 7.66808 7.50945 756.76405
6746.37319 232.31946 7.67972 7.52088 757.23148
6747.03488 232.97071 7.70139 7.54196 757.88432
6747.37369 233.31271 7.71295 7.55303 758.07490
6748.03173 233.97490 7.73324 7.57447 759.13385
6748.37419 234.31652 7.74298 7.58553 759.92669
6749.01838 234.97908 7.76454 7.60698 760.39510
6749.37469 235.33896 7.77665 7.61863 760.63018
6750.05617 235.98326 7.79794 7.63949 761.64510
6750.37519 236.28836 7.80798 7.64936 761.70118
6751.15149 236.98745 7.83117 7.67199 762.33615
6751.37569 237.18228 7.83764 7.67830 762.82159
6752.21699 237.99163 7.86453 7.70450 763.91509
6752.37619 238.15902 7.87003 7.70992 763.96244
6753.24863 238.99582 7.89782 7.73701 765.05112
6753.37669 239.11908 7.90189 7.74100 765.20593
6754.26883 240.00000 7.93108 7.76952 766.07194
