6748.48568 246.40155 8.13458 7.97676 745.04441
6748.48323 246.39568 8.13439 7.97657 745.07042
6747.60991 245.60876 8.10826 7.95109 743.52311
6747.05580 245.07260 8.09045 7.93374 742.84910
6746.31018 244.32435 8.06579 7.90951 742.14989
6746.02531 244.04338 8.05629 7.90042 741.90458
6745.32498 243.33481 8.03406 7.87748 740.93919
6745.30195 243.31566 8.03352 7.87686 740.85684
6744.62634 242.69490 8.01498 7.85676 739.17646
6744.17525 242.28460 8.00140 7.84348 738.39268
6743.37239 241.51963 7.97581 7.81871 737.34323
6742.80017 240.93535 7.95649 7.79980 736.88431
6742.26147 240.37755 7.93806 7.78174 736.48679
6742.13711 240.25540 7.93401 7.77779 736.33099
6741.55148 239.71897 7.91618 7.76042 735.53511
6741.05512 239.24562 7.90064 7.74510 735.48635
6740.50098 238.72954 7.88350 7.72839 734.81901
6739.84856 238.10188 7.86264 7.70807 733.87937
6739.38152 237.63390 7.84713 7.69292 733.46519
6738.90580 237.17922 7.83203 7.67820 732.79916
6738.46325 236.75492 7.81799 7.66447 732.19871
6737.91852 236.23520 7.80066 7.64764 731.44910
6737.48403 235.83334 7.78729 7.63463 730.72935
6736.74376 235.11818 7.76356 7.61148 729.75891
6736.39631 234.77631 7.75204 7.60041 729.43208
6735.71555 234.11726 7.73157 7.57908 728.16554
6735.58320 233.98184 7.72756 7.57469 727.92061
6734.81536 233.28936 7.70617 7.55228 726.02368
6734.29424 232.78072 7.68911 7.53581 725.44787
6733.59346 232.07656 7.66575 7.51301 724.68565
6733.52582 232.02448 7.66399 7.51133 724.47492
6732.62084 231.16629 7.63562 7.48355 723.90880
6732.36965 230.92004 7.62751 7.47557 723.89699
6731.52163 230.09000 7.59997 7.44870 722.80586
6731.51089 230.08109 7.59968 7.44842 722.77796
6730.58273 229.20715 7.57059 7.42012 721.40167
6730.41890 229.05226 7.56544 7.41511 721.15158
6729.43516 228.09919 7.53373 7.38426 719.86239
6729.44416 228.10680 7.53398 7.38450 719.88390
6728.44980 227.15377 7.50242 7.35365 718.45856
6728.50564 227.20697 7.50416 7.35537 718.54844
6727.51030 226.27245 7.47277 7.32512 717.07635
6727.31089 226.07974 7.46638 7.31888 716.80702
6726.43075 225.22380 7.44090 7.29117 714.81295
6726.69016 225.46339 7.44792 7.29893 715.54233
6725.76481 224.66409 7.42280 7.27305 712.98700
6724.92597 223.87187 7.39616 7.24740 711.81082
6724.06335 222.95476 7.36589 7.21771 711.30187
6724.19436 223.07548 7.36990 7.22162 711.48338
6723.47483 222.39902 7.34745 7.19972 711.10495
6723.12522 222.05872 7.33623 7.18871 711.02744
6722.41181 221.36450 7.31314 7.16623 710.03186
6722.15413 221.11915 7.30499 7.15829 709.64245
6721.47084 220.46504 7.28326 7.13711 708.69115
6721.17293 220.18512 7.27396 7.12805 708.21531
6720.50641 219.56197 7.25314 7.10788 707.12107
6720.07713 219.15280 7.23954 7.09463 706.49686
6719.46893 218.58198 7.22050 7.07615 705.51271
6718.91885 218.04971 7.20279 7.05892 704.75337
6718.40772 217.55131 7.18632 7.04279 704.08345
6717.91612 217.07911 7.17024 7.02750 703.49432
6717.60397 216.77362 7.16027 7.01761 703.05661
6717.10042 216.33387 7.14716 7.00338 701.44897
6716.45715 215.74456 7.12942 6.98430 699.74867
6715.68536 214.98941 7.10394 6.95985 698.76447
6715.30619 214.61213 7.09149 6.94764 698.61345
6714.67389 213.98256 7.07080 6.92726 698.74190
6714.48994 213.80438 7.06485 6.92149 698.54727
6713.81124 213.16952 7.04365 6.90094 697.31873
6713.44288 212.82660 7.03226 6.88984 696.71073
6712.63282 212.04178 7.00609 6.86443 695.62883
6712.40321 211.82126 6.99877 6.85729 695.29782
6711.57710 211.01945 6.97210 6.83133 694.19191
6711.57027 211.00714 6.97170 6.83093 694.23529
6710.69660 210.20952 6.94509 6.80511 692.61200
6710.40295 209.93022 6.93578 6.79607 692.17178
6709.47549 209.03208 6.90592 6.76700 690.90801
6709.47161 209.02972 6.90584 6.76692 690.88968
6708.47787 208.08510 6.87465 6.73634 689.26818
6709.01434 208.55848 6.88993 6.75166 690.63324
6707.92454 207.66451 6.86225 6.72272 686.91098
6707.25491 207.05337 6.84303 6.70294 685.18704
6706.42363 206.25593 6.81636 6.67712 684.88849
6705.91123 205.74941 6.79959 6.66073 684.65048
6705.08604 204.87227 6.77059 6.63233 684.16477
6705.30984 205.08984 6.77780 6.63937 684.46294
6704.55593 204.39223 6.75452 6.61679 683.15737
6704.27039 204.12645 6.74563 6.60819 682.66457
6703.50236 203.40770 6.72161 6.58492 681.38508
6703.09643 203.02101 6.70875 6.57240 680.77859
6702.40267 202.35016 6.68645 6.55068 679.83437
6702.08785 202.04530 6.67627 6.54081 679.40873
6701.48517 201.47450 6.65722 6.52233 678.46800
6701.09647 201.10829 6.64498 6.51048 677.84723
6700.70577 200.74080 6.63268 6.49858 677.21424
6700.31037 200.41007 6.62162 6.48788 676.17412
6699.61685 199.80737 6.60149 6.46836 674.55861
6698.81883 199.05516 6.57622 6.44401 673.34038
6698.51995 198.76952 6.56756 6.43477 672.61089
6697.76742 198.07149 6.54676 6.41217 670.55389
6697.24972 197.56427 6.52986 6.39575 670.66596
6696.54220 196.84348 6.50591 6.37241 670.43059
6696.47045 196.77496 6.50363 6.37020 670.31012
6695.73105 196.07984 6.48049 6.34769 669.05947
6695.44998 195.81741 6.47172 6.33920 668.59434
6694.60308 195.00464 6.44463 6.31289 667.38163
6694.65369 195.04862 6.44611 6.31431 667.49924
6693.73366 194.22658 6.41856 6.28770 665.58642
6693.55915 194.06645 6.41320 6.28251 665.26732
6692.55583 193.13866 6.38218 6.25248 663.48408
6692.30509 192.89888 6.37418 6.24472 663.11627
6691.35075 191.95846 6.34285 6.21427 662.01752
6691.76349 192.34036 6.35559 6.22663 662.73931
6690.78462 191.49610 6.32737 6.19930 660.37817
6690.60953 191.33631 6.32200 6.19413 660.05095
6689.71987 190.57629 6.29625 6.16953 657.94593
6688.96812 189.86305 6.27529 6.14644 655.78252
6688.34808 189.23852 6.25517 6.12622 655.40866
6687.98258 188.89736 6.24373 6.11517 655.38270
6687.26758 188.17815 6.21987 6.09189 654.96573
6687.21586 188.11631 6.21782 6.08989 655.00090
6686.65139 187.62408 6.20128 6.07395 653.67116
6685.98735 187.00529 6.18062 6.05392 652.56734
6685.52290 186.55796 6.16567 6.03944 651.92416
6685.00385 186.08760 6.14987 6.02421 650.92217
6684.49423 185.60660 6.13381 6.00864 650.13009
6683.91439 185.06313 6.11565 5.99105 649.17752
6683.61304 184.78651 6.10640 5.98209 648.63128
6682.92658 184.16440 6.08558 5.96195 647.30153
6682.69340 183.95753 6.07864 5.95526 646.80429
6681.81397 183.17351 6.05241 5.92988 644.97295
6681.83748 183.18565 6.05283 5.93027 645.11172
6680.88188 182.37812 6.02534 5.90413 642.76805
6680.66410 182.18790 6.01895 5.89797 642.31654
6679.64828 181.28131 5.99207 5.86862 639.64692
6679.36007 181.00978 5.98319 5.85983 639.57689
6678.51171 180.21581 5.95653 5.83413 638.27726
6677.98075 179.70562 5.93957 5.81761 637.55895
6677.14355 178.82896 5.91041 5.78923 637.17757
6677.51333 179.18006 5.92212 5.80060 637.75738
6676.71632 178.48620 5.89881 5.77813 635.88747
6676.30780 178.11267 5.88633 5.76604 635.13850
6675.58402 177.45851 5.86437 5.74486 633.73322
6675.07204 176.97858 5.84837 5.72933 632.91466
6674.58097 176.51163 5.83271 5.71421 632.19311
6674.15303 176.13637 5.82012 5.70206 631.25022
6673.79103 175.79905 5.80885 5.69114 630.65336
6673.32936 175.42054 5.79610 5.67889 629.33538
6672.70695 174.90252 5.77865 5.66212 627.68992
6671.79570 174.06847 5.75073 5.63512 625.91682
6671.69349 173.97453 5.74760 5.63208 625.74409
6670.77755 173.16439 5.72034 5.60585 625.12019
6670.76750 173.15079 5.71988 5.60541 625.15788
6669.77490 172.29094 5.69323 5.57757 621.98478
6669.12896 171.68314 5.67428 5.55790 620.59489
6668.17613 170.70401 5.64139 5.52620 620.09074
6668.54655 171.06185 5.65334 5.53779 620.57007
6667.59597 170.19594 5.62436 5.50975 618.78869
6667.57981 170.17758 5.62375 5.50916 618.79825
6666.72890 169.43312 5.59871 5.48506 616.90434
6666.35179 169.09544 5.58736 5.47413 616.14315
6665.65007 168.45997 5.56611 5.45355 614.81384
6665.33012 168.17609 5.55661 5.44436 614.15102
6664.80800 167.71885 5.54120 5.42956 612.99470
6664.30603 167.29395 5.52688 5.41581 611.72120
6663.86215 166.91764 5.51426 5.40362 610.59995
6663.05715 166.23299 5.49113 5.38146 608.58798
6662.59087 165.81606 5.47716 5.36796 607.56605
6661.73048 165.02672 5.45086 5.34241 607.16760
6661.63890 164.94250 5.44800 5.33968 607.15213
6660.68902 164.08847 5.42017 5.31204 605.02838
6660.87791 164.25189 5.42508 5.31733 605.71272
6659.86307 163.39638 5.39941 5.28963 602.00573
6659.42539 163.00890 5.38638 5.27709 601.10037
6658.52459 162.17602 5.35831 5.25012 599.62809
6658.24209 161.90872 5.34938 5.24147 599.21219
6657.49529 161.20264 5.32572 5.21861 598.15756
6657.38580 161.10259 5.32238 5.21537 597.97029
6656.70469 160.50128 5.30222 5.19591 596.53318
6656.38121 160.21253 5.29251 5.18656 595.88894
6655.93541 159.83785 5.27984 5.17443 594.73595
6655.26389 159.28465 5.26115 5.15652 592.88051
6654.73413 158.82473 5.24574 5.14163 591.68966
6653.92227 158.10989 5.22169 5.11849 589.93171
6653.77914 157.97730 5.21727 5.11420 589.86477
6652.89239 157.21750 5.19181 5.08960 588.92418
6652.83736 157.17065 5.19023 5.08809 588.79580
6651.81827 156.30063 5.16110 5.05992 586.08824
6651.66345 156.16336 5.15654 5.05548 585.77911
6650.78399 155.40100 5.13033 5.03080 584.01640
6650.47522 155.13461 5.12162 5.02217 583.19371
6649.70345 154.45387 5.10151 5.00013 580.53362
6649.13615 153.94695 5.08511 4.98372 579.17629
6648.35361 153.20295 5.05994 4.95964 578.25847
6648.06315 152.90451 5.05002 4.94998 578.10394
6647.96752 152.81607 5.04708 4.94711 577.95099
6647.46265 152.43366 5.03417 4.93473 576.17771
6646.97451 152.02773 5.02044 4.92159 574.86812
6646.14454 151.35134 4.99756 4.89970 572.49374
6645.74038 151.01446 4.98619 4.88879 571.45818
6644.70384 150.09861 4.95536 4.85914 569.28940
6644.90666 150.27249 4.96121 4.86477 569.68629
6643.90386 149.43636 4.93316 4.83770 568.35206
6643.63798 149.20948 4.92554 4.83036 567.81037
6642.80705 148.50426 4.90176 4.80753 565.64158
6642.32231 148.07773 4.88736 4.79372 564.64898
6641.70740 147.53339 4.86913 4.77610 563.36735
6641.19719 147.08484 4.85379 4.76158 562.38526
6640.81595 146.74675 4.84232 4.75063 561.67047
6640.20188 146.23238 4.82662 4.73398 559.41411
6639.96137 146.02845 4.82063 4.72738 558.48456
6639.03242 145.26861 4.79597 4.70278 555.48997
6638.62848 144.91164 4.78377 4.69122 554.73710
6637.64286 144.02762 4.75410 4.66261 552.85222
6637.95680 144.29601 4.76315 4.67129 553.59630
6636.97296 143.48965 4.73583 4.64519 550.85498
6636.84695 143.38266 4.73221 4.64173 550.52532
6635.97205 142.69131 4.70884 4.61935 548.05911
6635.22305 142.04021 4.68704 4.59827 547.46633
6634.78289 141.64446 4.67366 4.58546 546.57311
6634.21097 141.16664 4.65751 4.56999 545.03537
6633.88264 140.87704 4.64779 4.56061 544.38230
6633.15443 140.27727 4.62752 4.54120 542.34421
6633.01728 140.16628 4.62375 4.53760 541.94404
6632.00410 139.34372 4.59587 4.51097 539.02047
6631.90942 139.26376 4.59316 4.50839 538.78507
6630.94011 138.46667 4.56623 4.48258 536.04392
6630.48794 138.08238 4.55321 4.47014 534.97480
6630.04661 137.68202 4.53942 4.45718 534.31581
6630.01942 137.69168 4.53969 4.45749 533.85189
6628.90230 136.85315 4.51354 4.43035 528.79177
6627.85046 135.90445 4.48271 4.39963 526.48957
6627.74530 135.80166 4.47919 4.39631 526.41045
6626.95390 135.12644 4.45639 4.37445 524.50413
6626.99702 135.15744 4.45744 4.37545 524.63707
6626.02016 134.36874 4.43083 4.34992 523.10887
6625.86063 134.23600 4.42633 4.34562 522.67671
6624.93177 133.46997 4.40034 4.32082 519.98414
6624.65282 133.23425 4.39237 4.31319 519.30721
6623.98829 132.69084 4.37393 4.29560 517.37963
6623.41129 132.21981 4.35795 4.28035 515.72445
6623.08032 131.93674 4.34837 4.27119 514.92465
6622.38637 131.40399 4.33025 4.25394 512.49455
6621.92132 131.02842 4.31749 4.24178 511.09519
6620.90954 130.18276 4.28875 4.21441 508.39263
6621.38821 130.55772 4.30150 4.22655 509.99555
6620.29149 129.75115 4.27403 4.20043 505.70886
6619.77181 129.33547 4.25954 4.18698 504.18211
6619.08904 128.79973 4.24184 4.16963 501.66940
6618.31712 128.17501 4.22324 4.14941 498.46977
6617.87945 127.79260 4.21058 4.13703 498.17572
6617.09364 127.14711 4.18878 4.11613 496.28809
6616.72387 126.81708 4.17755 4.10545 495.47160
6615.87038 126.07787 4.15242 4.08152 493.53784
6616.32190 126.44194 4.16481 4.09330 494.93662
6615.27262 125.65923 4.13805 4.06797 490.92629
6614.76117 125.25284 4.12417 4.05481 489.30467
6614.03903 124.66485 4.10413 4.03578 487.09659
6613.54531 124.27407 4.09079 4.02312 485.46322
6613.13494 123.93584 4.07928 4.01218 484.27280
6612.45365 123.41727 4.06154 3.99539 481.76324
6612.37797 123.35403 4.05939 3.99334 481.55577
6611.36313 122.61615 4.03399 3.96945 477.38861
6610.96424 122.30079 4.02319 3.95924 476.04328
6610.12294 121.63683 4.00041 3.93775 473.22963
6609.61486 121.23739 3.98669 3.92482 471.35029
6609.07429 120.78669 3.97143 3.91023 470.23305
6608.54450 120.38313 3.95760 3.89716 469.20930
6608.05510 119.99908 3.94420 3.88473 467.78944
6607.09275 119.22183 3.91988 3.85957 463.68419
6606.85170 119.01822 3.91375 3.85298 462.70746
6605.84558 118.17009 3.88505 3.82552 459.73024
6606.05238 118.33228 3.89069 3.83077 460.47737
6605.20002 117.67309 3.86792 3.80943 457.33967
6604.77288 117.34609 3.85666 3.79884 455.75587
6604.10736 116.82209 3.83862 3.78188 453.44306
6603.44572 116.29826 3.82061 3.76492 451.13598
6603.63912 116.42407 3.82499 3.76900 452.14198
6602.75194 115.84684 3.80482 3.75031 447.46930
6602.09205 115.36407 3.78806 3.73468 444.68654
6601.19597 114.67571 3.76422 3.71240 441.15182
6600.67968 114.27333 3.75034 3.69937 439.48115
6600.15630 113.85048 3.73584 3.68568 438.65240
6599.54307 113.38751 3.71976 3.67069 436.48714
6599.30433 113.20013 3.71323 3.66463 435.52445
6598.33964 112.48569 3.68837 3.64150 431.43321
6598.27262 112.43384 3.68657 3.63982 431.17380
6597.30306 111.70805 3.66112 3.61632 427.22996
6596.86272 111.37627 3.64946 3.60558 425.41341
6596.24561 110.90040 3.63430 3.59018 422.48118
6595.47699 110.32116 3.61626 3.57143 418.48956
6595.22112 110.10415 3.60878 3.56440 417.68446
6594.33347 109.44473 3.58556 3.54305 413.88626
6594.31832 109.43340 3.58516 3.54269 413.82141
6593.26845 108.64951 3.55765 3.51731 409.31602
6592.92317 108.37869 3.54819 3.50854 407.97618
6592.31670 107.92540 3.53232 3.49387 405.32053
6591.55839 107.35947 3.51245 3.47555 402.08719
6591.22352 107.09071 3.50305 3.46685 401.34197
6590.30537 106.40073 3.47879 3.44451 398.04234
6590.41870 106.48383 3.48171 3.44720 398.61181
6589.42903 105.76544 3.45631 3.42394 393.85572
6589.22545 105.61658 3.45105 3.41913 392.90275
6588.47861 105.10594 3.43291 3.40259 389.08078
6587.44611 104.33800 3.40573 3.37773 384.41698
6587.25648 104.17574 3.40000 3.37248 383.74744
6586.35778 103.51234 3.37652 3.35101 379.54445
6586.41497 103.55347 3.37797 3.35234 379.82027
6585.51027 102.91325 3.35524 3.33161 375.38961
6585.00756 102.55519 3.34232 3.32002 372.91125
6584.50633 102.20254 3.32962 3.30860 370.43573
6583.50112 101.48513 3.30680 3.28538 364.80112
6583.15917 101.21962 3.29837 3.27678 363.00885
6582.17345 100.46053 3.27150 3.25221 359.80556
6582.04745 100.35845 3.26783 3.24890 359.33437
6581.34597 99.83419 3.24921 3.23193 355.90887
6580.84679 99.47042 3.23654 3.22016 353.45096
6580.46758 99.19607 3.22687 3.21127 351.61627
6579.50352 98.50791 3.20237 3.18900 346.80344
6579.65023 98.60807 3.20594 3.19224 347.54839
6578.58191 97.88052 3.18019 3.16869 342.00825
6577.94807 97.41980 3.16405 3.15377 338.96407
6577.74133 97.25144 3.15813 3.14832 338.08571
6577.08216 96.84993 3.14411 3.13532 334.37739
6576.39427 96.38461 3.12803 3.12026 330.84127
6575.40408 95.65712 3.10311 3.09671 326.19552
6575.33302 95.60713 3.10142 3.09509 325.84910
6574.68853 95.16997 3.08652 3.08094 322.61181
6573.82151 94.58468 3.06697 3.06199 318.43983
6573.43534 94.30147 3.05744 3.05282 317.05743
6572.44843 93.59571 3.03427 3.02997 312.87112
6572.31091 93.49232 3.03127 3.02663 312.18572
6571.54728 92.95147 3.01646 3.00912 308.40055
6570.85653 92.47213 3.00252 2.99360 305.25199
6570.13446 91.92729 2.98526 2.97596 302.19426
6569.22474 91.20815 2.96318 2.95268 298.47449
6569.80601 91.62190 2.97557 2.96608 300.96530
6568.89890 91.03822 2.95846 2.94718 296.97717
6568.29039 90.65052 2.94731 2.93463 294.46954
6567.34182 89.98472 2.92795 2.91308 290.74096
6566.49852 89.33879 2.90987 2.89216 287.60566
6566.47286 89.32992 2.90970 2.89188 287.50293
6565.37178 88.53613 2.88736 2.86618 283.55335
6565.45956 88.58154 2.88864 2.86765 283.85049
6564.27855 87.78113 2.86674 2.84174 280.17481
6563.09645 86.76994 2.84952 2.80900 276.25287
6562.75500 86.46125 2.83772 2.79901 275.13033
6561.77409 85.62113 2.79335 2.77181 272.03886
6560.79063 84.57096 2.75137 2.73782 268.91946
6560.21414 83.92219 2.73505 2.71681 267.04781
6559.61844 83.23259 2.72086 2.69449 265.19730
6558.97398 82.43427 2.69455 2.66864 263.18250
6558.35227 81.60731 2.68355 2.64187 261.30021
6558.86038 82.19727 2.68651 2.66097 262.81646
6558.39257 81.70945 2.68285 2.64518 261.43453
6559.53412 82.64555 2.69585 2.67548 264.77300
6558.85278 82.19666 2.68659 2.66095 262.79612
6558.09378 81.71506 2.68653 2.64536 260.67559
6558.36406 81.86249 2.68436 2.65013 261.40992
6557.33135 81.30345 2.70440 2.63204 258.67143
6556.34571 80.69410 2.71436 2.61231 256.19975
6556.23340 80.59908 2.70648 2.60923 255.90285
6555.39971 80.15100 2.64322 2.59473 254.16489
6554.49175 79.58734 2.54237 2.57648 252.07974
6553.67543 79.03001 2.49630 2.55844 250.19444
6552.97168 78.55872 2.49078 2.54318 248.60137
6552.79040 78.42575 2.48659 2.53888 248.17603
6551.77454 77.77432 2.46183 2.51779 245.99593
6551.10032 77.28967 2.45645 2.50210 244.46411
6550.59563 76.90380 2.44990 2.48961 243.29480
6550.09792 76.60503 2.44359 2.47993 242.31745
6549.21337 75.95965 2.43172 2.45904 240.30186
6548.22773 75.20395 2.42166 2.43458 238.21924
6547.77912 74.83898 2.41468 2.42276 237.21954
6546.76738 73.97274 2.39815 2.39472 234.62980
6546.52845 73.76501 2.39377 2.38799 234.02168
6545.63834 72.97525 2.37816 2.36243 231.67781
6545.32260 72.69435 2.37296 2.35333 230.86760
6544.59316 72.03205 2.35950 2.33189 228.91410
6544.14289 71.63392 2.35054 2.31900 227.73877
6543.41889 70.95362 2.33620 2.29698 225.75823
6542.94145 70.50321 2.32568 2.28240 224.42503
6542.33010 69.91610 2.31179 2.26339 222.73791
6541.64963 69.25090 2.29578 2.24186 220.81842
6541.18582 68.75135 2.28305 2.22569 219.39763
6540.85793 68.45289 2.27574 2.21603 218.53433
6540.20511 67.80620 2.25918 2.19509 216.68183
6539.70574 67.30368 2.24580 2.17882 215.26287
6539.12766 66.72273 2.23024 2.16002 213.62200
6538.46577 66.03157 2.21330 2.13764 211.83571
6537.91352 65.41432 2.19624 2.11766 210.29503
6537.47757 64.95710 2.18247 2.10286 209.04457
6536.83097 64.21982 2.16043 2.07899 207.08136
6536.95108 64.34493 2.16416 2.08304 207.42293
6536.36272 63.77839 2.14730 2.06470 205.84967
6536.11528 63.54734 2.14033 2.05722 205.20569
6535.49859 62.97317 2.12295 2.03863 203.60321
6535.23462 62.73375 2.11571 2.03088 202.92783
6534.78712 62.34771 2.10397 2.01838 201.82085
6534.07526 61.74698 2.08545 1.99894 200.08346
6533.52168 61.23719 2.06959 1.98243 198.66562
6532.89864 60.67326 2.05187 1.96418 197.08232
6532.61222 60.42399 2.04398 1.95611 196.36073
6531.74998 59.64829 2.01922 1.93099 194.18877
6531.92534 59.79133 2.02378 1.93562 194.60737
6530.96609 59.01846 1.99918 1.91060 192.34378
6529.97586 58.10193 1.96939 1.88093 189.80483
6529.01069 57.08135 1.93948 1.84789 187.35496
6529.07856 57.15258 1.94179 1.85020 187.53799
6528.10092 56.14110 1.90813 1.81746 184.82049
6527.85150 55.87123 1.89922 1.80872 184.11549
6526.97217 54.90047 1.86696 1.77729 181.59625
6526.96882 54.89056 1.86663 1.77697 181.57708
6526.28081 54.16256 1.84224 1.75340 179.65888
6526.97434 54.79601 1.86343 1.77391 181.43862
6526.09484 54.10237 1.84027 1.75146 179.35107
6527.24733 54.87608 1.86603 1.77650 181.88748
6526.20245 54.28583 1.84643 1.75740 179.76525
6525.28514 53.72311 1.82773 1.73918 177.87779
6525.57087 53.88119 1.83297 1.74430 178.43102
6524.32962 53.23090 1.81131 1.72324 176.14853
6523.02330 52.39139 1.78301 1.69607 173.53823
6522.42732 51.95682 1.76837 1.68200 172.23994
6521.53197 51.32070 1.74685 1.66140 170.35229
6521.06713 50.97203 1.73505 1.65012 169.33546
6520.00497 50.12982 1.70648 1.62285 166.93640
6519.37932 49.59627 1.68828 1.60558 165.40809
6518.50764 48.79992 1.66136 1.57980 163.17187
6518.09730 48.41985 1.65025 1.56750 162.21224
6517.41296 47.76158 1.62934 1.54619 160.45491
6516.87234 47.26343 1.61192 1.53006 159.00738
6516.12857 46.49046 1.58540 1.50504 156.86382
6516.42274 46.75488 1.59453 1.51360 157.61717
6515.98420 46.40873 1.58256 1.50239 156.60531
6515.64328 46.12656 1.57286 1.49326 155.78513
6516.09821 46.42973 1.58331 1.50307 156.70790
6515.26351 45.96155 1.56714 1.48791 155.22534
6514.28683 45.34190 1.54569 1.46785 153.35128
6513.41079 44.70881 1.52378 1.44736 151.47680
6513.00754 44.41603 1.51365 1.43788 150.60918
6512.82704 44.31227 1.51005 1.43452 150.29251
6511.74335 43.60084 1.48537 1.41149 148.19121
6512.14832 43.83739 1.49360 1.41915 148.89233
6511.31437 43.38233 1.47776 1.40442 147.53805
6510.17368 42.71087 1.45435 1.38268 145.54125
6509.50330 42.26636 1.43892 1.36829 144.24368
6508.54337 41.59488 1.41558 1.34655 142.28444
6508.41836 41.50610 1.41252 1.34368 142.02721
6507.87110 41.15930 1.40041 1.33245 141.01002
6506.96435 40.57737 1.37984 1.31361 139.30011
6508.17834 41.22931 1.40295 1.33472 141.21333
6506.79474 40.60741 1.38074 1.31458 139.40357
6505.38279 39.83020 1.35644 1.28942 137.45469
6504.88886 39.52884 1.34686 1.27967 136.67723
6503.90855 38.90800 1.32501 1.25957 134.88941
6503.53710 38.67182 1.31672 1.25192 134.21651
6503.19433 38.47459 1.30980 1.24554 133.66448
6502.14541 37.85664 1.28829 1.22553 131.90594
6502.08462 37.81331 1.28677 1.22413 131.77889
6500.99802 37.19847 1.26514 1.20423 130.07228
6499.63298 36.28420 1.23319 1.17463 127.44254
6498.80553 35.62796 1.21033 1.15338 125.47496
6497.84145 34.82090 1.18219 1.12726 123.02712
6498.61227 35.39929 1.20236 1.14598 124.75064
6498.28549 35.14988 1.19364 1.13791 124.00853
6498.42416 35.26037 1.19749 1.14148 124.34031
6498.69809 35.37698 1.20165 1.14526 124.63870
6497.51945 34.92879 1.18571 1.13075 123.55596
6496.26173 34.39495 1.16679 1.11347 122.24029
6496.36630 34.42322 1.16781 1.11438 122.28876
6495.43898 34.08070 1.15554 1.10329 121.52070
6493.90856 33.39410 1.13128 1.08107 119.77197
6492.66549 32.72630 1.10778 1.05945 117.96091
6492.08543 32.36241 1.09503 1.04767 116.92252
6491.21199 31.84957 1.07695 1.03107 115.47205
6490.52600 31.43601 1.06216 1.01768 114.25416
6489.82172 30.94827 1.04632 1.00189 112.91510
6489.69851 30.86972 1.04389 0.99935 112.72126
6490.86297 31.41219 1.06147 1.01691 113.94169
6489.55298 30.93795 1.04583 1.00155 113.06285
6488.13751 30.32386 1.02670 0.98167 111.86972
6487.74977 30.13494 1.02011 0.97556 111.39381
6487.02789 29.80275 1.00816 0.96480 110.52988
6485.90219 29.27456 0.98929 0.94771 109.16091
6484.78051 28.67790 0.96840 0.92839 107.44859
6484.09524 28.24392 0.95316 0.91434 106.11422
6483.24924 27.75629 0.93599 0.89855 104.69707
6484.23750 28.25331 0.95356 0.91464 106.04356
6483.05994 27.74179 0.93539 0.89808 104.78032
6481.84950 27.15312 0.91459 0.87903 103.19173
6482.47326 27.41370 0.92385 0.88746 103.82755
6481.89700 27.21053 0.91658 0.88089 103.40217
6480.49863 26.70628 0.89854 0.86456 102.31710
6479.12005 26.07552 0.87620 0.84414 100.64510
6478.97109 25.99236 0.87327 0.84145 100.39358
6478.08113 25.58446 0.85883 0.82825 99.29155
6477.16138 25.16529 0.84398 0.81468 98.16581
6477.24689 25.20237 0.84529 0.81588 98.26543
6476.34301 24.80978 0.83141 0.80317 97.14815
6475.46815 24.44926 0.81859 0.79150 96.19194
6475.85467 24.58142 0.82333 0.79577 96.47537
6475.34883 24.43876 0.81817 0.79116 96.24431
6474.18817 24.07856 0.80527 0.77950 95.54357
6472.90566 23.65301 0.79011 0.76572 94.62698
6472.16475 23.36124 0.77963 0.75627 93.85888
6471.64221 23.16132 0.77232 0.74980 93.32597
6470.46428 22.70442 0.75634 0.73501 92.15247
6469.26177 22.18780 0.74022 0.71829 90.94142
6468.29543 21.69133 0.72424 0.70221 89.51501
6467.42294 21.19604 0.70666 0.68618 87.74035
6467.01300 20.98117 0.69904 0.67922 86.95385
6467.32994 21.13235 0.70440 0.68412 87.48554
6466.32216 20.71126 0.68950 0.67049 86.15352
6465.29349 20.26640 0.67388 0.65608 84.76032
6467.11554 20.83556 0.69409 0.67451 86.17614
6466.48261 20.71262 0.68962 0.67053 86.03556
6465.54842 20.56095 0.68405 0.66562 86.02444
6464.43030 20.36126 0.67675 0.65915 85.90612
6463.36029 20.16037 0.66943 0.65265 85.74774
6462.47901 19.98884 0.66320 0.64710 85.58086
6461.84741 19.89168 0.65961 0.64395 85.59783
6461.42645 19.80406 0.65644 0.64112 85.48330
6460.79031 19.69106 0.65234 0.63746 85.42167
6460.00526 19.60164 0.64900 0.63456 85.61913
6458.66960 19.42584 0.64252 0.62887 85.80421
6457.25024 19.16301 0.63308 0.62036 85.63542
6455.81638 18.84885 0.62186 0.61019 85.23257
6454.21102 18.32056 0.60324 0.59309 83.72845
6453.07449 17.83983 0.58644 0.57753 81.99660
6451.71111 17.18232 0.56346 0.55624 79.41196
6450.77088 16.66154 0.54530 0.53938 77.20395
6449.79773 16.07182 0.52477 0.52029 74.59353
6448.63214 15.28630 0.49744 0.49486 70.92542
6447.76632 14.62359 0.47445 0.47341 67.82111
6446.74236 13.75615 0.44401 0.44533 63.62480
6445.87269 12.94345 0.41839 0.41902 60.12729
6444.91726 11.92417 0.38393 0.38602 55.29583
6444.72981 11.71857 0.37676 0.37937 54.29760
0.00000 0.00000 0.00000 0.00000 0.00000
