6739.44236 247.18519 8.16028 8.00213 745.14077
6738.44257 246.22393 8.12848 7.97101 743.86820
6738.56549 246.33961 8.13231 7.97475 744.04457
6737.57272 245.42258 8.10175 7.94507 742.49144
6737.32950 245.19094 8.09405 7.93757 742.16068
6736.42456 244.31831 8.06521 7.90932 741.01291
6736.19624 244.09538 8.05759 7.90210 740.81542
6735.37711 243.28257 8.03201 7.87579 739.60078
6735.62085 243.51062 8.03869 7.88317 740.21638
6734.76970 242.77212 8.01699 7.85926 737.64019
6734.22649 242.27872 8.00066 7.84329 736.69539
6733.38546 241.47990 7.97400 7.81743 735.48115
6732.78185 240.86172 7.95365 7.79742 735.55926
6732.14121 240.18027 7.93124 7.77536 735.80151
6732.12332 240.16157 7.93062 7.77475 735.79266
6731.49874 239.56946 7.91092 7.75558 734.79805
6731.22986 239.31655 7.90251 7.74739 734.40815
6730.52723 238.67376 7.88111 7.72659 733.23083
6729.89367 238.05808 7.86066 7.70665 732.44169
6729.31069 237.47140 7.84123 7.68766 731.89823
6728.92631 237.09407 7.82872 7.67545 731.45095
6728.42529 236.60199 7.81238 7.65952 730.87078
6728.07321 236.26969 7.80136 7.64876 730.35579
6727.47949 235.72196 7.78313 7.63103 729.36458
6726.83568 235.09298 7.76224 7.61067 728.59247
6726.58196 234.83823 7.75356 7.60242 728.42106
6726.09339 234.41119 7.73951 7.58859 727.34067
6725.56148 233.92810 7.72539 7.57295 725.82188
6724.70023 233.11701 7.69981 7.54670 724.13446
6724.09309 232.49283 7.67889 7.52649 723.67785
6723.59901 231.96057 7.66150 7.50926 724.00950
6723.51457 231.90001 7.65946 7.50730 723.81081
6722.71229 231.13534 7.63413 7.48254 723.11128
6722.42704 230.85347 7.62475 7.47342 722.72468
6721.67578 230.13687 7.60093 7.45022 721.67007
6721.44272 229.90692 7.59327 7.44278 721.40795
6720.69490 229.19583 7.56960 7.41976 720.32548
6720.43747 228.95772 7.56167 7.41205 719.88308
6719.53052 228.07780 7.53247 7.38356 718.71889
6719.39053 227.93659 7.52778 7.37899 718.58077
6718.52176 227.09654 7.49986 7.35180 717.41482
6718.47883 227.05207 7.49839 7.35036 717.38332
6717.56182 226.18622 7.46923 7.32233 716.08730
6717.79437 226.39561 7.47634 7.32910 716.50364
6716.78013 225.51583 7.44863 7.30062 713.78134
6716.45961 225.22198 7.44016 7.29111 712.84629
6715.53158 224.35872 7.41163 7.26316 711.17919
6714.91996 223.75413 7.39175 7.24359 711.24416
6714.02890 222.79054 7.35997 7.21240 711.19187
6714.41906 223.18070 7.37291 7.22503 711.68354
6713.50730 222.33100 7.34455 7.19752 710.07868
6713.21666 222.04680 7.33512 7.18832 709.73233
6712.38585 221.23738 7.30823 7.16212 708.67943
6712.19799 221.05561 7.30220 7.15623 708.42641
6711.41738 220.29414 7.27686 7.13158 707.42791
6711.32369 220.21029 7.27405 7.12887 707.24105
6710.52236 219.46409 7.24921 7.10471 705.90461
6710.20892 219.16614 7.23927 7.09507 705.43670
6709.46982 218.47370 7.21623 7.07265 704.24964
6709.09369 218.10652 7.20399 7.06076 703.76819
6708.66794 217.70078 7.19059 7.04763 703.11307
6708.39310 217.47760 7.18307 7.04040 702.36808
6707.60071 216.78542 7.15964 7.01799 700.66707
6706.81504 216.03329 7.13758 6.99365 698.89600
6706.26608 215.48999 7.12023 6.97606 698.82803
6705.62508 214.83762 7.09845 6.95494 698.40423
6705.19157 214.38591 7.08345 6.94032 698.05602
6704.76840 213.95585 7.06913 6.92639 697.70325
6704.49091 213.68711 7.06017 6.91769 697.33468
6703.96938 213.20516 7.04408 6.90209 696.40683
6703.46541 212.73972 7.02859 6.88702 695.52166
6702.78013 212.07603 7.00647 6.86554 694.60963
6702.47401 211.79027 6.99695 6.85629 694.10709
6701.70829 211.05956 6.97263 6.83263 692.97589
6701.45619 210.81231 6.96439 6.82463 692.66743
6700.69727 210.09641 6.94046 6.80145 691.47280
6700.75175 210.13312 6.94172 6.80264 691.69609
6699.94321 209.44221 6.91865 6.78027 689.73669
6699.54079 209.08750 6.90679 6.76879 688.85980
6698.51875 208.12866 6.87499 6.73775 687.15032
6698.51700 208.12682 6.87493 6.73769 687.14722
6697.51700 207.19050 6.84686 6.70738 684.81731
6697.49619 207.17070 6.84621 6.70674 684.81639
6696.53841 206.28469 6.81652 6.67805 684.00639
6695.86742 205.61615 6.79427 6.65641 683.17782
6694.95998 204.61820 6.76129 6.62411 683.09784
6695.52498 205.18334 6.78010 6.64240 683.70014
6694.60135 204.34073 6.75189 6.61512 681.95431
6694.35255 204.10982 6.74417 6.60765 681.52870
6693.49317 203.30126 6.71718 6.58147 680.14702
6693.25684 203.07758 6.70973 6.57423 679.78119
6692.44244 202.30636 6.68405 6.54926 678.51986
6692.11730 201.98881 6.67346 6.53898 678.10847
6691.48983 201.38109 6.65322 6.51931 677.27144
6691.44039 201.34203 6.65190 6.51805 677.12213
6690.79739 200.78653 6.63321 6.50006 675.62898
6690.27177 200.32861 6.61794 6.48524 674.42392
6689.55353 199.69287 6.59658 6.46466 672.86297
6688.79514 198.96218 6.57286 6.44100 671.78078
6688.46347 198.63426 6.56374 6.43039 670.95827
6687.81300 198.03112 6.54459 6.41086 670.34619
6687.25481 197.47655 6.52606 6.39291 669.82016
6686.69061 196.90636 6.50708 6.37445 669.23043
6686.45007 196.68022 6.49954 6.36713 668.85520
6685.76239 196.02458 6.47768 6.34590 667.88678
6685.42172 195.69979 6.46683 6.33539 667.37080
6684.71115 195.01566 6.44403 6.31324 666.37321
6684.59321 194.90590 6.44035 6.30969 666.17098
6683.78263 194.16856 6.41563 6.28582 664.61388
6683.62893 194.02688 6.41090 6.28123 664.33940
6682.69348 193.18129 6.38260 6.25386 662.51205
6682.52277 193.02228 6.37729 6.24871 662.22152
6681.52865 192.09585 6.34631 6.21872 660.56022
6681.88502 192.41197 6.35691 6.22895 661.31058
6680.83785 191.52812 6.32730 6.20034 658.61449
6680.43387 191.16337 6.31499 6.18853 657.76091
6679.57778 190.38781 6.28956 6.16342 656.80488
6679.13225 189.96395 6.27728 6.14970 655.98235
6678.41301 189.26979 6.25531 6.12723 654.51945
6677.88837 188.76254 6.23804 6.11081 653.93970
6677.15684 187.99580 6.21267 6.08599 653.53718
6677.33301 188.15893 6.21810 6.09127 653.85185
6676.66104 187.57410 6.19848 6.07234 652.31413
6676.07621 187.02685 6.18020 6.05462 651.35974
6675.52889 186.51099 6.16301 6.03792 650.53016
6675.00673 186.03174 6.14692 6.02241 649.56171
6674.47950 185.52491 6.13003 6.00600 648.83976
6674.01350 185.09411 6.11562 5.99205 648.03008
6673.84883 184.93470 6.11030 5.98689 647.81698
6673.31658 184.50476 6.09582 5.97297 646.26118
6672.65523 183.95458 6.07727 5.95516 644.50989
6671.66032 183.03082 6.04642 5.92526 642.76195
6671.60141 182.96923 6.04439 5.92326 642.76952
6670.69013 182.14726 6.01678 5.89665 642.24151
6670.61949 182.08196 6.01467 5.89454 642.11705
6669.62237 181.17857 5.98771 5.86529 638.98135
6669.56487 181.12605 5.98601 5.86359 638.85668
6668.59265 180.24320 5.95626 5.83501 637.08674
6668.04504 179.71668 5.93875 5.81797 636.33305
6667.17048 178.81304 5.90871 5.78871 635.83287
6667.47474 179.10512 5.91847 5.79817 636.24234
6666.63225 178.34633 5.89296 5.77361 634.58669
6666.45279 178.18143 5.88744 5.76827 634.26609
6665.66723 177.48783 5.86421 5.74581 632.58026
6665.24312 177.09831 5.85118 5.73320 631.82993
6664.77918 176.67519 5.83697 5.71951 630.97850
6664.41352 176.37927 5.82695 5.70993 629.91975
6663.71754 175.78635 5.80704 5.69073 628.19580
6662.96573 175.10514 5.78424 5.66868 626.73229
6662.61753 174.78968 5.77359 5.65847 626.01515
6661.86450 174.10661 5.75087 5.63635 625.46994
6661.65568 173.91844 5.74467 5.63026 625.34369
6660.76408 173.11934 5.71745 5.60439 623.73728
6660.79602 173.14092 5.71819 5.60509 623.87705
6659.82532 172.31105 5.69269 5.57823 620.74094
6659.20272 171.73302 5.67466 5.55951 619.23905
6658.22332 170.74363 5.64143 5.52748 618.58741
6658.36973 170.88669 5.64617 5.53211 618.76062
6657.41956 169.97408 5.61568 5.50257 617.51610
6657.69755 170.22775 5.62421 5.51078 618.01208
6656.77054 169.42568 5.59725 5.48482 615.87996
6656.43406 169.12796 5.58726 5.47518 615.17094
6655.75646 168.51919 5.56679 5.45547 613.86022
6655.63978 168.42788 5.56370 5.45252 613.48725
6654.82507 167.76532 5.54137 5.43107 611.12186
6654.06634 167.07945 5.51832 5.40886 609.63730
6653.81019 166.84745 5.51060 5.40135 609.37099
6653.11485 166.26544 5.49116 5.38251 608.58481
6652.61394 165.82019 5.47618 5.36810 607.65817
6651.77658 165.05833 5.45061 5.34343 606.04757
6651.63690 164.93239 5.44631 5.33936 605.81691
6650.69314 164.08267 5.41865 5.31185 603.73713
6650.80742 164.18167 5.42155 5.31505 604.15141
6649.81395 163.32984 5.39585 5.28748 600.73042
6649.58318 163.12882 5.38906 5.28097 600.20054
6648.61838 162.27024 5.36009 5.25317 598.31692
6648.10971 161.78549 5.34389 5.23748 597.64567
6647.43862 161.12325 5.32171 5.21604 597.01896
6647.68494 161.35018 5.32934 5.22339 597.43101
6646.94523 160.74703 5.30893 5.20386 595.32947
6646.44415 160.32175 5.29469 5.19010 594.10130
6645.80198 159.79363 5.27685 5.17300 592.34587
6644.94592 159.02883 5.25110 5.14824 590.53574
6644.62246 158.72558 5.24097 5.13842 590.25213
6643.89287 158.07755 5.21934 5.11744 589.91192
6643.73943 157.93417 5.21454 5.11280 589.77350
6642.88511 157.19611 5.18975 5.08891 587.69822
6642.85033 157.16734 5.18877 5.08798 587.61090
6641.82864 156.29893 5.15952 5.05987 585.14236
6641.66945 156.15791 5.15483 5.05530 584.78949
6640.76256 155.37044 5.12794 5.02981 582.92376
6640.45148 155.09839 5.11914 5.02100 582.13106
6639.73148 154.45689 5.10027 5.00023 579.71553
6639.22799 154.02443 5.08638 4.98623 578.29333
6638.45763 153.30250 5.06188 4.96286 577.28273
6638.27588 153.11968 5.05579 4.95694 577.15857
6638.02077 152.91719 5.04896 4.95039 576.35461
6637.28170 152.32235 5.02885 4.93113 574.21877
6636.86942 151.96850 5.01691 4.91968 573.23106
6636.02711 151.26372 4.99315 4.89686 571.27120
6635.78121 151.05535 4.98619 4.89011 571.04515
6634.76652 150.17550 4.95661 4.86163 569.45816
6634.79144 150.19608 4.95731 4.86230 569.53546
6633.82950 149.37505 4.92963 4.83572 567.20780
6633.68707 149.25333 4.92554 4.83178 566.86877
6632.87345 148.57401 4.90260 4.80979 564.76825
6632.36783 148.13973 4.88797 4.79573 563.62189
6631.72194 147.57620 4.86917 4.77748 562.16498
6631.17066 147.08901 4.85243 4.76171 561.18552
6630.76655 146.73520 4.84051 4.75026 560.31310
6630.08644 146.14894 4.82264 4.73128 558.01042
6630.41977 146.39276 4.82993 4.73917 559.67962
6629.58170 145.81838 4.81267 4.72058 555.14891
6628.31562 144.77337 4.77740 4.68675 551.72052
6627.35379 143.83986 4.74611 4.65653 550.67055
6627.62721 144.08785 4.75451 4.66456 551.20165
6626.78605 143.35845 4.72992 4.64094 549.64780
6626.77626 143.34743 4.72955 4.64059 549.67413
6626.02780 142.75352 4.70957 4.62136 548.37681
6625.35987 142.19896 4.69074 4.60341 546.51427
6624.83455 141.74820 4.67557 4.58881 545.31608
6624.10224 141.12843 4.65469 4.56875 543.53122
6623.85000 140.89867 4.64696 4.56131 543.09446
6623.06161 140.24639 4.62485 4.54020 540.97812
6623.04587 140.23023 4.62431 4.53967 540.97260
6622.02631 139.41486 4.59662 4.51328 537.89416
6621.70330 139.13925 4.58734 4.50435 537.13058
6620.90999 138.46181 4.56452 4.48242 535.25912
6620.85551 138.42691 4.56332 4.48129 534.98707
6620.17119 137.89172 4.54483 4.46397 532.87603
6619.53269 137.39718 4.52829 4.44796 530.64331
6618.84623 136.84051 4.51171 4.42994 527.71707
6617.95337 136.06549 4.48667 4.40485 526.25139
6617.80097 135.92802 4.48197 4.40040 526.28880
6616.87746 135.14295 4.45537 4.37498 524.18614
6616.97012 135.21782 4.45792 4.37741 524.47286
6615.98332 134.41188 4.43059 4.35132 521.71612
6615.83093 134.28685 4.42634 4.34727 521.29164
6614.94100 133.56421 4.40181 4.32387 518.70754
6614.49290 133.18128 4.38885 4.31148 517.63666
6613.89417 132.68560 4.37209 4.29543 516.02321
6613.21890 132.11479 4.35273 4.27695 514.33370
6613.17411 132.05505 4.35075 4.27502 514.49234
6612.47733 131.54958 4.33346 4.25865 511.71654
6612.17125 131.31194 4.32539 4.25096 510.67874
6611.14315 130.51563 4.29823 4.22518 507.21159
6610.81374 130.24586 4.28914 4.21645 506.27572
6609.98148 129.56702 4.26599 4.19447 503.89332
6609.64453 129.29043 4.25634 4.18552 502.93464
6609.08922 128.84735 4.24180 4.17118 501.41616
6608.38415 128.28969 4.22526 4.15312 499.32348
6607.97346 127.94849 4.21455 4.14208 497.84173
6607.06574 127.21090 4.18910 4.11820 495.22090
6606.68838 126.88095 4.17805 4.10752 494.36540
6605.70658 126.01835 4.14870 4.07959 492.24665
6606.30096 126.49990 4.16518 4.09518 494.02924
6605.22473 125.69522 4.13761 4.06913 489.99041
6604.66510 125.24195 4.12215 4.05446 488.29980
6603.99652 124.70029 4.10365 4.03692 486.27920
6603.33516 124.15946 4.08524 4.01941 484.32577
6603.40385 124.17890 4.08597 4.02004 484.98433
6602.79001 123.77771 4.07208 4.00706 481.94953
6602.13044 123.29893 4.05559 3.99156 479.27348
6601.08623 122.47434 4.02744 3.96486 475.93244
6600.94377 122.35674 4.02343 3.96105 475.50663
6600.22518 121.80128 4.00445 3.94307 473.83788
6599.64884 121.36585 3.98951 3.92898 472.08249
6598.98304 120.83207 3.97133 3.91170 469.79757
6598.21893 120.20321 3.94950 3.89134 467.74017
6598.21731 120.19782 3.94932 3.89116 467.78806
6597.26141 119.47542 3.92553 3.86778 463.72851
6596.76565 119.07746 3.91364 3.85489 461.43030
6595.77335 118.22912 3.88522 3.82743 458.58240
6595.83282 118.26535 3.88652 3.82860 458.90592
6595.30917 117.85867 3.87243 3.81544 457.07067
6594.87958 117.55715 3.86203 3.80568 455.14042
6594.31313 117.13794 3.84759 3.79211 452.81989
6593.38917 116.44455 3.82363 3.76966 449.20133
6593.38134 116.43656 3.82336 3.76940 449.19595
6592.32730 115.66543 3.79659 3.74444 444.76665
6591.97184 115.38627 3.78692 3.73540 443.41687
6591.23555 114.83028 3.76775 3.71740 441.12431
6590.44396 114.21607 3.74660 3.69752 439.12422
6590.11885 113.93043 3.73676 3.68827 438.15519
6589.45463 113.43671 3.71956 3.67229 435.39573
6589.31214 113.32788 3.71579 3.66876 434.87008
6588.28693 112.56421 3.68925 3.64404 430.62857
6588.07084 112.39430 3.68341 3.63854 429.82003
6587.24984 111.77553 3.66164 3.61851 426.53274
6586.63912 111.30598 3.64595 3.60331 423.97446
6586.39374 111.10012 3.64002 3.59664 422.73337
6585.63467 110.57706 3.62301 3.57971 418.56101
6585.24184 110.27593 3.61274 3.56996 416.90523
6584.18755 109.48263 3.58484 3.54428 412.57224
6583.91912 109.25472 3.57695 3.53690 411.70879
6583.22631 108.71851 3.55825 3.51954 408.88544
6582.87774 108.46037 3.54922 3.51119 407.72364
6582.40164 108.11028 3.53694 3.49985 406.41894
6581.51702 107.46811 3.51440 3.47907 402.49934
6581.37522 107.35496 3.51043 3.47540 401.93579
6580.39119 106.64145 3.48522 3.45230 397.49708
6580.05890 106.39116 3.47640 3.44420 396.05351
6579.33013 105.84153 3.45696 3.42641 392.91665
6578.85690 105.49805 3.44481 3.41529 390.67703
6578.39808 105.16554 3.43311 3.40452 388.53061
6577.41418 104.44525 3.40761 3.38121 383.97928
6577.67485 104.62170 3.41395 3.38692 385.34584
6576.61103 103.90921 3.38853 3.36385 379.74521
6575.90552 103.39098 3.37009 3.34708 376.44571
6575.32119 102.94975 3.35455 3.33279 373.80427
6574.63940 102.44887 3.33645 3.31658 370.73507
6574.47581 102.32697 3.33206 3.31263 370.00952
6573.45821 101.60587 3.30851 3.28929 365.00461
6572.89008 101.16888 3.29476 3.27514 362.69738
6572.04307 100.48356 3.27041 3.25295 359.09273
6571.96242 100.41843 3.26805 3.25085 358.76788
6571.38136 100.00122 3.25310 3.23734 355.96607
6570.57800 99.40473 3.23199 3.21803 352.12988
6570.50868 99.34913 3.23003 3.21623 351.82946
6569.53397 98.66861 3.20600 3.19420 346.89971
6569.51024 98.64529 3.20518 3.19344 346.83356
6568.74836 98.13515 3.18708 3.17693 342.87726
6568.02715 97.65902 3.17022 3.16152 339.04499
6567.60052 97.35941 3.15957 3.15182 336.98502
6566.61507 96.68362 3.13653 3.12994 331.97937
6566.45388 96.56970 3.13259 3.12625 331.19093
6565.50560 95.90955 3.10969 3.10488 326.49765
6564.95406 95.50762 3.09573 3.09187 324.40021
6564.73516 95.35472 3.09047 3.08692 323.60871
6563.78525 94.73330 3.06975 3.06680 318.92805
6563.29206 94.38532 3.05813 3.05554 316.60508
6562.39860 93.72209 3.03615 3.03407 312.64107
6562.12754 93.53648 3.03034 3.02806 311.34416
6561.47786 93.07623 3.01756 3.01316 308.17662
6560.60221 92.44874 2.99969 2.99284 304.15693
6560.33295 92.24624 2.99319 2.98629 303.06600
6559.33682 91.51256 2.97030 2.96254 298.89500
6559.59611 91.68467 2.97545 2.96811 299.99015
6558.93037 91.25701 2.96287 2.95426 297.14773
6558.10805 90.74390 2.94832 2.93765 293.69335
6557.14274 90.05748 2.92819 2.91543 289.94941
6556.07136 89.20810 2.90381 2.88793 286.11663
6556.60461 89.59931 2.91477 2.90060 288.01067
6555.49875 88.84620 2.89396 2.87622 284.34469
6555.00327 88.46632 2.88408 2.86392 282.65916
6554.28806 87.97697 2.87140 2.84808 280.16174
6553.15204 87.07209 2.84935 2.81878 276.44251
6552.73949 86.71778 2.84433 2.80731 275.12200
6551.73331 85.85026 2.80900 2.77923 271.97308
6550.73363 84.83945 2.75330 2.74651 268.75653
6549.91319 83.89786 2.73194 2.71603 266.15951
6549.48653 83.39835 2.72215 2.69985 264.85405
6548.76904 82.48704 2.69249 2.67035 262.61028
6548.56765 82.22206 2.68475 2.66177 261.96158
6548.56399 82.20538 2.68422 2.66123 261.94532
6548.74984 82.37781 2.68836 2.66682 262.51745
6548.49101 82.19197 2.68479 2.66080 261.74543
6548.72856 82.34069 2.68715 2.66562 262.44533
6547.96408 81.86929 2.68553 2.65035 260.29421
6548.13090 81.96296 2.68431 2.65339 260.73406
6547.37024 81.53271 2.69334 2.63946 258.80886
6546.37647 80.97560 2.71811 2.62142 256.52918
6545.93525 80.69953 2.71728 2.61249 255.41885
6544.99386 80.11271 2.63704 2.59349 253.19941
6544.22704 79.63249 2.55029 2.57794 251.45854
6543.76454 79.30294 2.50834 2.56727 250.36130
6542.89547 78.75182 2.49355 2.54943 248.45686
6542.91435 78.76165 2.49340 2.54975 248.49275
6541.83666 78.08607 2.47406 2.52788 246.22330
6540.86225 77.42067 2.45886 2.50634 244.10657
6540.54549 77.17442 2.45676 2.49837 243.35998
6539.67882 76.59295 2.44445 2.47954 241.53316
6538.99446 76.08900 2.43508 2.46323 240.00052
6538.01212 75.30056 2.42388 2.43770 237.82108
6537.61688 74.98165 2.41762 2.42738 236.96829
6536.77791 74.27834 2.40538 2.40461 234.88637
6536.14116 73.71903 2.39488 2.38651 233.22792
6535.64965 73.26960 2.38472 2.37196 231.91419
6534.99638 72.70738 2.37477 2.35376 230.24807
6534.50470 72.23967 2.36514 2.33861 228.87637
6533.87048 71.67337 2.35262 2.32028 227.21111
6533.38813 71.22343 2.34318 2.30572 225.91603
6532.62442 70.49469 2.32653 2.28212 223.78330
6532.40171 70.28106 2.32156 2.27521 223.16120
6531.53493 69.46487 2.30231 2.24879 220.79724
6531.37300 69.29149 2.29803 2.24317 220.30385
6530.56532 68.54144 2.27965 2.21889 218.14220
6530.04259 68.02184 2.26619 2.20207 216.65895
6529.21444 67.14965 2.24258 2.17384 214.25415
6529.01153 66.93982 2.23677 2.16704 213.68180
6528.20037 66.07989 2.21532 2.13920 211.41895
6528.02725 65.88781 2.21052 2.13299 210.94736
6527.24935 65.08171 2.18738 2.10689 208.75308
6526.87685 64.65965 2.17479 2.09323 207.61490
6526.42043 64.16861 2.16027 2.07733 206.31086
6526.37676 64.12984 2.15913 2.07608 206.20118
6525.76830 63.56174 2.14204 2.05768 204.60868
6525.54787 63.36002 2.13596 2.05115 204.04422
6524.76951 62.65671 2.11467 2.02839 202.06718
6524.81375 62.69100 2.11570 2.02950 202.16921
6523.86467 61.89935 2.09151 2.00387 199.87983
6523.88535 61.91522 2.09200 2.00438 199.92715
6522.83975 61.05011 2.06515 1.97638 197.43370
6522.38481 60.64892 2.05251 1.96339 196.30518
6521.54298 59.88961 2.02841 1.93881 194.18448
6521.26697 59.63429 2.02023 1.93054 193.47237
6520.54871 58.99041 1.99957 1.90970 191.68740
6519.74004 58.22867 1.97454 1.88504 189.67680
6518.99569 57.43303 1.95153 1.85928 187.67648
6518.71162 57.14304 1.94272 1.84989 186.93748
6518.08433 56.48640 1.92084 1.82863 185.18638
6517.59995 55.99282 1.90454 1.81266 183.86198
6516.82051 55.12181 1.87553 1.78446 181.62203
6516.74594 55.03956 1.87280 1.78180 181.41330
6516.07536 54.32837 1.84905 1.75877 179.54310
6516.62677 54.84399 1.86624 1.77546 180.97162
6516.11471 54.41948 1.85210 1.76172 179.72880
6516.39790 54.61962 1.85875 1.76820 180.35710
6516.49071 54.68134 1.86080 1.77020 180.56092
6515.45493 54.13664 1.84274 1.75257 178.60268
6514.87814 53.79141 1.83125 1.74139 177.44202
6513.98306 53.26854 1.81374 1.72446 175.72763
6512.82276 52.51162 1.78830 1.69996 173.39717
6512.43456 52.23742 1.77908 1.69108 172.58116
6511.40955 51.50647 1.75436 1.66742 170.47306
6510.81935 51.06387 1.73937 1.65309 169.16363
6509.91659 50.34687 1.71497 1.62988 167.09358
6509.13801 49.68078 1.69235 1.60832 165.19871
6508.50354 49.10824 1.67256 1.58978 163.57119
6507.74654 48.40611 1.65094 1.56705 161.73189
6507.44409 48.09906 1.64170 1.55711 160.96063
6506.71106 47.44312 1.61923 1.53588 159.09044
6506.10145 46.82164 1.59786 1.51576 157.35193
6505.75117 46.45824 1.58545 1.50399 156.34632
6506.33657 46.95734 1.60250 1.52015 157.77650
6505.42804 46.30892 1.58024 1.49916 155.85448
6505.81127 46.56610 1.58914 1.50748 156.62574
6504.88658 45.97482 1.56864 1.48834 154.82509
6504.01240 45.41555 1.54930 1.47024 153.14277
6503.31719 44.90205 1.53158 1.45361 151.65210
6502.41799 44.24712 1.50890 1.43241 149.74061
6502.93575 44.59871 1.52110 1.44379 150.76652
6501.82067 43.89698 1.49668 1.42108 148.69347
6501.40066 43.60556 1.48659 1.41164 147.82607
6501.32681 43.57316 1.48546 1.41059 147.72665
6500.26498 42.97530 1.46467 1.39124 145.94841
6499.29943 42.36723 1.44346 1.37155 144.17457
6498.52580 41.81419 1.42416 1.35365 142.55890
6497.99637 41.45450 1.41173 1.34201 141.51889
6498.17120 41.56132 1.41542 1.34546 141.82768
6497.17704 40.98932 1.39531 1.32695 140.16368
6497.04910 40.89562 1.39194 1.32391 139.88192
6496.65773 40.70474 1.38512 1.31773 139.33086
6495.49410 40.09342 1.36530 1.29794 137.73476
6494.65399 39.59939 1.35011 1.28195 136.53434
6493.90087 39.11811 1.33347 1.26637 135.15743
6493.10725 38.61991 1.31585 1.25024 133.70296
6493.18931 38.67272 1.31769 1.25195 133.85460
6492.12340 38.04616 1.29582 1.23167 132.11540
6491.62587 37.73964 1.28509 1.22175 131.24235
6491.04546 37.41065 1.27356 1.21110 130.33216
6489.85194 36.65728 1.24713 1.18671 128.20214
6488.80327 35.90803 1.22097 1.16245 126.01444
6487.97673 35.22265 1.19704 1.14026 123.94816
6488.03221 35.26433 1.19849 1.14161 124.07185
6488.13604 35.31724 1.20034 1.14333 124.21574
6487.52647 34.99045 1.18888 1.13275 123.31657
6488.40450 35.40027 1.20332 1.14601 124.40056
6487.56979 35.07609 1.19184 1.13552 123.60166
6486.34578 34.58344 1.17425 1.11957 122.40411
6485.77004 34.31714 1.16485 1.11095 121.73250
6485.50810 34.22829 1.16168 1.10807 121.54406
6483.99246 33.58553 1.13884 1.08726 119.94006
6482.56208 32.83534 1.11239 1.06298 117.92982
6482.11752 32.56297 1.10282 1.05416 117.16367
6481.25871 32.06079 1.08528 1.03790 115.75755
6480.41580 31.57848 1.06796 1.02229 114.37867
6479.91964 31.23241 1.05603 1.01109 113.35440
6479.12867 30.76565 1.04158 0.99598 112.22746
6480.34676 31.35752 1.06036 1.01514 113.55504
6479.57145 31.06784 1.05075 1.00576 112.98516
6478.22000 30.51115 1.03351 0.98774 111.96706
6477.36559 30.10053 1.01963 0.97444 110.98673
6477.02966 29.94444 1.01407 0.96939 110.58577
6475.91988 29.42954 0.99554 0.95272 109.15745
6474.75979 28.83965 0.97481 0.93363 107.58786
6474.05345 28.40903 0.95965 0.91969 106.30873
6473.23197 27.92028 0.94245 0.90386 104.86059
6473.61741 28.11979 0.94949 0.91032 105.41564
6473.29359 27.98001 0.94453 0.90580 105.06754
6472.17188 27.50536 0.92766 0.89043 103.90936
6471.62537 27.23823 0.91820 0.88178 103.18339
6471.72132 27.29347 0.92015 0.88357 103.34713
6470.42949 26.79867 0.90249 0.86755 102.21296
6469.15824 26.23865 0.88261 0.84942 100.77396
6468.81443 26.07724 0.87689 0.84420 100.33635
6467.99513 25.68143 0.86288 0.83139 99.24969
6467.10719 25.27764 0.84863 0.81831 98.08684
6466.95947 25.21238 0.84632 0.81620 97.89888
6466.34837 24.94086 0.83669 0.80741 97.16287
6465.46120 24.58114 0.82386 0.79577 96.24122
6465.12499 24.43783 0.81877 0.79113 95.86567
6465.50790 24.57026 0.82351 0.79541 96.15407
6464.38671 24.26047 0.81232 0.78538 95.65415
6462.89528 23.78129 0.79517 0.76987 94.66476
6461.76913 23.33862 0.77933 0.75554 93.50533
6461.60435 23.27168 0.77687 0.75337 93.31740
6460.51036 22.84856 0.76173 0.73968 92.20181
6459.35532 22.36891 0.74631 0.72415 91.06788
6458.19255 21.81572 0.72907 0.70624 89.54442
6457.34061 21.32281 0.71169 0.69028 87.83062
6456.45068 20.83855 0.69451 0.67461 86.13564
6457.40932 21.29554 0.71077 0.68940 87.64126
6456.33508 20.85274 0.69495 0.67507 86.29301
6455.42150 20.45485 0.68097 0.66218 85.05197
6456.23107 20.71524 0.69022 0.67061 85.70596
6456.45862 20.78641 0.69274 0.67292 85.87707
6455.47944 20.61245 0.68637 0.66729 85.77746
6454.40913 20.42207 0.67939 0.66112 85.66917
6453.40086 20.22820 0.67233 0.65485 85.49018
6452.49832 20.06654 0.66641 0.64961 85.38917
6451.53847 19.90172 0.66037 0.64428 85.31588
6451.37491 19.87318 0.65933 0.64335 85.30112
6450.66727 19.73688 0.65438 0.63894 85.17680
6449.94973 19.64793 0.65106 0.63606 85.31233
6448.81838 19.50228 0.64571 0.63135 85.43525
6447.39137 19.27587 0.63744 0.62402 85.49434
6445.71763 18.90934 0.62435 0.61215 85.01462
6444.24903 18.44156 0.60782 0.59701 83.73451
6443.09324 17.97387 0.59143 0.58187 82.12478
6441.72532 17.32192 0.56864 0.56076 79.59664
6440.68226 16.75814 0.54898 0.54251 77.13660
6439.91248 16.30377 0.53316 0.52780 75.17527
6438.71108 15.53380 0.50630 0.50288 71.74068
6437.60955 14.71264 0.47775 0.47629 67.93911
6436.69218 13.93005 0.45022 0.45096 64.15147
6435.79648 13.11846 0.42376 0.42468 60.55453
6434.93241 12.20829 0.39416 0.39522 56.45442
6434.60265 11.85617 0.38172 0.38382 54.71588
0.00000 0.00000 0.00000 0.00000 0.00000
