6715.35768 239.88735 7.94453 7.76587 884.88282
6714.35718 239.04889 7.91529 7.73873 883.84653
6714.30249 238.99582 7.91375 7.73701 883.80272
6713.35668 238.10893 7.88371 7.70830 882.74042
6713.23780 237.99163 7.87961 7.70450 882.68687
6712.35618 237.11330 7.85224 7.67607 882.36656
6712.22455 236.98745 7.84772 7.67199 882.25984
6711.35568 236.15521 7.82023 7.64505 881.57716
6711.17408 235.98326 7.81467 7.63949 881.41722
6710.35518 235.22916 7.78853 7.61507 880.27369
6710.09908 234.97908 7.78054 7.60698 880.22777
6709.35468 234.22014 7.75701 7.58241 879.87800
6709.11653 233.97490 7.74902 7.57447 879.48987
6708.35418 233.18122 7.72475 7.54878 878.95198
6708.14581 232.97071 7.71771 7.54196 878.98845
6707.35368 232.21149 7.69208 7.51738 878.25267
6707.07470 231.96653 7.68416 7.50945 877.82380
6706.35318 231.35140 7.66403 7.48954 877.33235
6705.94942 230.96234 7.65072 7.47694 877.37723
6705.35268 230.37915 7.63172 7.45806 876.89767
6704.91239 229.95816 7.61792 7.44444 876.56662
6704.35218 229.41777 7.59965 7.42694 876.10347
6703.85954 228.95397 7.58426 7.41193 875.59823
6703.35168 228.48560 7.56868 7.39676 874.97973
6702.80633 227.94979 7.55086 7.37942 874.70543
6702.35118 227.49637 7.53581 7.36474 874.54148
6701.78322 226.94561 7.51780 7.34691 874.12107
6701.35068 226.52282 7.50337 7.33322 873.85541
6700.73497 225.94142 7.48406 7.31440 873.29039
6700.35018 225.54130 7.47261 7.30145 872.76704
6699.78513 224.93724 7.45428 7.28189 872.26099
6699.34967 224.53077 7.44073 7.26873 871.83771
6698.72753 223.93305 7.42102 7.24938 871.45612
6698.34917 223.55015 7.40782 7.23699 871.30622
6697.65880 222.92887 7.38765 7.21688 870.49079
6697.34867 222.65118 7.37855 7.20789 870.53339
6696.53595 221.92469 7.35368 7.18437 869.84318
6696.34817 221.76118 7.34837 7.17907 869.41428
6695.48229 220.92050 7.32042 7.15186 868.82149
6695.34767 220.78527 7.31562 7.14748 868.77495
6694.44058 219.91632 7.28799 7.11935 868.00848
6694.34717 219.82456 7.28481 7.11638 867.96546
6693.37256 218.91213 7.25386 7.08684 866.91853
6693.34667 218.88837 7.25315 7.08607 866.88470
6692.34617 217.92743 7.21986 7.05496 866.11468
6692.32660 217.90795 7.21920 7.05433 866.10986
6691.34567 216.96249 7.18880 7.02373 865.52181
6691.28262 216.90377 7.18661 7.02183 865.44511
6690.34669 215.89958 7.15741 6.98932 864.63342
6690.34517 215.89814 7.15737 6.98927 864.63086
6689.34467 214.97655 7.12434 6.95944 863.40411
6689.25943 214.89540 7.12196 6.95681 863.31191
6688.34417 214.03564 7.09467 6.92898 862.67044
6688.18402 213.89121 7.08883 6.92430 862.72636
6687.34367 213.14748 7.06584 6.90022 862.01627
6687.06294 212.88703 7.05671 6.89179 861.56563
6686.34317 212.21271 7.03166 6.86996 860.87751
6686.00535 211.88285 7.02234 6.85928 860.67363
6685.34267 211.24876 7.00120 6.83876 860.16221
6684.96812 210.87866 6.98726 6.82677 859.94277
6684.34217 210.26713 6.96944 6.80698 859.66900
6683.90882 209.87448 6.95468 6.79427 859.04801
6683.34167 209.34135 6.93671 6.77701 858.43242
6682.85515 208.87029 6.92245 6.76176 858.17207
6682.34117 208.36533 6.90328 6.74541 858.04954
6681.84944 207.86611 6.88960 6.72925 857.37304
6681.34067 207.34452 6.87478 6.71236 856.59228
6680.86209 206.86192 6.85610 6.69674 856.56100
6680.34017 206.36286 6.84142 6.68058 856.15354
6679.73232 205.85774 6.82441 6.66423 855.32925
6679.33967 205.53123 6.81190 6.65366 855.08764
6678.64476 204.85356 6.79156 6.63172 854.81711
6678.33917 204.56277 6.78141 6.62231 854.51553
6677.57457 203.84937 6.75565 6.59922 853.73113
6677.33867 203.62189 6.74935 6.59185 853.57423
6676.49124 202.84519 6.72237 6.56671 852.49095
6676.33817 202.70240 6.71729 6.56208 852.32741
6675.44204 201.84100 6.69023 6.53420 851.72003
6675.33767 201.74136 6.68678 6.53097 851.65380
6674.40175 200.83682 6.65667 6.50169 851.11292
6674.33717 200.77472 6.65472 6.49968 851.06607
6673.33667 199.84026 6.62255 6.46943 850.01745
6673.32860 199.83264 6.62231 6.46918 850.01066
6672.33617 198.89609 6.59194 6.43886 848.99804
6672.26554 198.82845 6.58966 6.43667 848.82151
6671.33567 197.86620 6.56134 6.40552 848.41583
6671.29153 197.82427 6.55995 6.40417 848.47021
6670.33517 197.02372 6.53237 6.37825 847.29246
6670.11456 196.82008 6.52583 6.37166 846.96983
6669.33467 196.10624 6.50198 6.34855 846.02984
6669.02677 195.81590 6.49202 6.33915 845.73225
6668.33417 195.14950 6.47034 6.31757 845.30917
6667.98820 194.81172 6.45905 6.30664 845.18407
6667.33367 194.19397 6.43820 6.28664 844.63924
6666.91354 193.80753 6.42535 6.27413 844.20760
6666.33317 193.28099 6.40770 6.25709 843.42003
6665.81966 192.80335 6.39159 6.24162 842.94886
6665.33267 192.34051 6.37630 6.22664 842.55794
6664.76977 191.79916 6.35833 6.20911 842.24271
6664.33217 191.38429 6.34440 6.19568 841.87742
6663.69323 190.79498 6.32436 6.17661 841.38717
6663.33167 190.42941 6.31274 6.16477 841.30885
6662.70528 189.79079 6.29374 6.14410 840.07395
6662.33117 189.43744 6.28260 6.13266 839.73336
6661.57494 188.78661 6.26106 6.11159 839.79085
6661.33067 188.57096 6.25357 6.10461 839.48206
6660.50985 187.78243 6.22742 6.07908 838.93706
6660.33017 187.61157 6.22178 6.07355 838.87533
6659.41977 186.77824 6.19291 6.04657 837.88591
6659.32966 186.69537 6.19033 6.04389 837.78689
6658.32916 185.77632 6.15940 6.01414 836.71755
6658.32677 185.77406 6.15932 6.01406 836.71585
6657.32866 184.84120 6.12894 5.98386 835.87838
6657.25198 184.76987 6.12651 5.98156 835.80611
6656.32816 183.92403 6.09741 5.95417 834.77755
6656.15812 183.76569 6.09262 5.94905 834.65793
6655.32766 183.02110 6.06651 5.92494 833.50570
6655.05098 182.76151 6.05767 5.91654 833.33516
6654.32716 182.06043 6.03530 5.89384 833.07235
6653.97999 181.75732 6.02526 5.88403 832.05037
6653.32666 181.14621 6.00737 5.86425 831.61053
6652.92148 180.75314 5.99553 5.85152 831.92124
6652.32616 180.24187 5.97658 5.83497 830.90304
6651.79823 179.74895 5.96073 5.81901 830.48063
6651.32566 179.30867 5.94665 5.80476 830.10612
6650.72188 178.74477 5.92631 5.78650 829.70071
6650.32516 178.35930 5.91420 5.77403 829.62307
6649.64286 177.74059 5.89357 5.75400 828.83130
6649.32466 177.45178 5.88330 5.74465 828.49920
6648.52092 176.73640 5.86052 5.72149 827.43711
6648.32416 176.56248 5.85448 5.71586 827.17091
6647.42601 175.73222 5.82604 5.68898 826.38030
6647.32366 175.63274 5.82302 5.68576 826.38981
6646.32670 174.72803 5.79214 5.65647 825.36893
6646.32316 174.72471 5.79202 5.65636 825.36680
6645.32266 173.82462 5.76273 5.62722 824.11929
6645.21062 173.72385 5.75911 5.62396 823.93335
6644.32216 172.94109 5.73250 5.59862 823.59013
6644.07218 172.71967 5.72583 5.59145 823.53657
6643.32166 172.00094 5.70463 5.56819 822.31978
6643.02598 171.71548 5.69532 5.55895 822.11227
6642.32116 171.08803 5.67388 5.53863 821.44287
6641.90386 170.71130 5.66141 5.52644 820.93498
6641.32066 170.19542 5.64351 5.50974 820.11465
6640.79822 169.70711 5.62714 5.49393 819.90572
6640.32016 169.26555 5.61285 5.47963 819.63628
6639.70072 168.70293 5.59314 5.46142 819.04126
6639.31966 168.35060 5.58172 5.45001 818.81851
6638.59647 167.69874 5.55957 5.42891 818.11061
6638.31916 167.44570 5.55034 5.42072 817.89536
6637.49335 166.69456 5.52622 5.39640 817.17860
6637.31866 166.53662 5.52089 5.39129 817.05312
6636.37327 165.69038 5.49177 5.36389 815.91308
6636.31816 165.63960 5.49025 5.36225 815.90229
6635.31766 164.89113 5.46437 5.33802 814.23496
6635.08555 164.68619 5.45682 5.33139 814.14823
6634.31716 163.91831 5.43453 5.30653 813.60228
6634.08440 163.68201 5.42753 5.29888 813.28205
6633.31666 162.97850 5.40415 5.27610 812.41576
6632.97997 162.67782 5.39472 5.26637 812.16568
6632.31616 162.10440 5.37430 5.24781 811.13523
6631.83261 161.67364 5.35988 5.23386 810.67947
6631.31566 161.20562 5.34529 5.21871 810.25100
6630.73358 160.66946 5.32623 5.20135 809.97222
6630.31516 160.28376 5.31351 5.18887 809.80131
6629.62167 159.66527 5.29320 5.16884 809.19119
6629.31466 159.39211 5.28339 5.16000 808.91652
6628.45806 158.66109 5.25980 5.13634 807.46944
6628.31416 158.53280 5.25552 5.13218 807.34467
6627.35688 157.65690 5.22531 5.10383 806.83336
6627.31366 157.61625 5.22399 5.10251 806.82487
6626.31316 156.81766 5.19709 5.07666 805.93729
6626.12471 156.65272 5.19145 5.07132 805.96226
6625.31266 155.97318 5.16868 5.04932 804.31879
6624.94914 155.64854 5.15746 5.03881 804.21371
6624.31216 155.05645 5.13767 5.01964 803.91857
6623.87011 154.64435 5.12541 5.00630 802.87346
6623.31166 154.12771 5.10976 4.98958 801.99087
6622.77081 153.64017 5.09279 4.97379 801.73072
6622.31116 153.23855 5.07877 4.96079 801.35873
6621.62040 152.63598 5.05950 4.94128 800.51948
6621.31066 152.37157 5.04991 4.93272 800.08305
6620.46455 151.63180 5.02496 4.90878 799.24932
6620.31016 151.48731 5.02073 4.90410 799.26463
6619.31038 150.62762 4.99018 4.87627 798.08432
6619.30965 150.62697 4.99016 4.87625 798.08371
6618.30915 149.80458 4.96437 4.84962 796.43973
6618.08965 149.62343 4.95741 4.84376 796.52314
6617.30865 149.00447 4.93657 4.82372 795.67142
6616.87839 148.61925 4.92456 4.81125 795.28431
6616.30815 148.10773 4.90618 4.79469 794.99977
6615.71397 147.61506 4.89023 4.77874 793.96056
6615.30765 147.26052 4.87835 4.76726 793.62411
6614.55309 146.61088 4.85560 4.74623 792.81812
6614.30715 146.37998 4.84877 4.73876 792.47905
6613.54638 145.60669 4.82556 4.71373 792.24930
6613.30665 145.39548 4.81820 4.70689 792.21298
6612.31418 144.60251 4.79099 4.68122 790.10421
6612.30615 144.59530 4.79075 4.68098 790.10134
6611.30565 143.74114 4.76179 4.65333 788.90675
6611.13946 143.59833 4.75690 4.64871 788.74822
6610.30515 142.89006 4.73337 4.62578 787.80377
6609.97341 142.59414 4.72317 4.61620 787.62478
6609.30465 142.02112 4.70340 4.59765 786.95877
6608.73175 141.58996 4.68962 4.58369 786.49990
6608.30415 141.25513 4.67797 4.57285 786.13899
6607.50311 140.58577 4.65543 4.55118 784.87226
6607.30365 140.41384 4.64994 4.54562 784.72498
6606.34151 139.58159 4.62096 4.51867 783.99019
6606.30315 139.54806 4.61983 4.51759 783.96926
6605.30265 138.72870 4.59279 4.49106 782.31151
6605.12554 138.57741 4.58737 4.48617 782.11476
6604.30215 137.91038 4.56459 4.46457 780.81093
6603.90907 137.57322 4.55328 4.45366 780.55505
6603.30165 136.96632 4.53439 4.43401 780.45933
6602.88674 136.56904 4.52225 4.42115 780.04075
6602.30115 136.07674 4.50604 4.40521 779.36661
6601.67427 135.56485 4.48839 4.38864 778.54683
6601.30065 135.26047 4.47680 4.37879 777.79647
6600.37559 134.56067 4.45443 4.35613 776.34222
6600.30015 134.49982 4.45262 4.35416 776.40098
6599.29965 133.69516 4.42395 4.32811 775.20471
6599.13037 133.55649 4.41963 4.32362 774.94130
6598.29915 132.86642 4.39758 4.30128 774.01688
6597.92016 132.55230 4.38589 4.29112 773.56957
6597.29865 132.04987 4.36975 4.27485 772.53656
6596.71732 131.54812 4.35244 4.25861 772.27714
6596.29815 131.18696 4.33962 4.24692 772.11260
6595.50466 130.54393 4.31869 4.22610 770.93122
6595.29765 130.36117 4.31223 4.22018 770.91658
6594.29715 129.55684 4.28416 4.19414 769.34941
6594.27675 129.53975 4.28359 4.19359 769.34207
6593.29665 128.68296 4.25517 4.16585 768.74245
6593.13261 128.53556 4.25083 4.16108 768.34292
6592.29615 127.83047 4.22900 4.13826 766.28225
6591.92440 127.53138 4.21870 4.12857 765.71479
6591.29565 127.03373 4.20146 4.11246 765.61302
6590.62568 126.52720 4.18443 4.09606 765.17378
6590.29515 126.27393 4.17604 4.08787 764.34932
6589.37277 125.52301 4.15011 4.06356 763.16981
6589.29465 125.45837 4.14789 4.06146 763.10515
6588.29415 124.68648 4.12191 4.03648 760.88746
6588.09006 124.51883 4.11616 4.03105 760.69073
6587.29365 123.88908 4.09330 4.01066 759.32998
6586.83849 123.51464 4.08022 3.99854 758.90013
6586.29315 123.04416 4.06543 3.98331 758.94634
6585.62786 122.51046 4.04608 3.96603 758.02116
6585.29265 122.23792 4.03715 3.95721 757.65454
6584.37272 121.50628 4.01384 3.93352 756.34402
6584.29215 121.44008 4.01130 3.93138 756.29211
6583.29165 120.65421 3.98452 3.90594 754.39162
6583.09241 120.50209 3.97973 3.90101 754.12919
6582.29115 119.90608 3.95771 3.88172 754.29285
6581.78023 119.49791 3.94542 3.86851 752.94120
6581.29065 119.06298 3.93335 3.85443 751.81701
6580.61720 118.49372 3.91347 3.83600 751.15655
6580.29015 118.24978 3.90501 3.82810 750.45226
6579.33009 117.48954 3.87887 3.80349 749.14884
6579.28964 117.45439 3.87762 3.80235 749.16943
6578.28914 116.67649 3.85095 3.77717 747.46987
6578.04044 116.48536 3.84436 3.77098 746.99630
6577.28864 115.89667 3.82368 3.75192 745.83280
6576.76743 115.48117 3.80960 3.73847 745.24584
6576.28814 115.10745 3.79685 3.72637 744.49984
6575.49873 114.47699 3.77501 3.70596 743.65289
6575.28764 114.30297 3.76901 3.70033 743.60847
6574.28714 113.57520 3.74411 3.67677 740.54724
6574.14811 113.47280 3.74064 3.67346 740.09054
6573.28664 112.83911 3.71829 3.65294 739.84954
6572.81834 112.46862 3.70488 3.64095 739.93358
6572.28614 112.04550 3.69071 3.62725 739.11930
6571.50849 111.46444 3.67068 3.60844 737.67945
6571.28564 111.27622 3.66391 3.60235 737.69853
6570.31889 110.46025 3.64075 3.57593 735.29174
6570.28514 110.43248 3.63987 3.57503 735.22298
6569.28464 109.67497 3.61223 3.55051 733.20613
6568.99956 109.45607 3.60517 3.54342 732.78823
6568.28414 108.88460 3.58509 3.52492 732.19685
6567.72087 108.45188 3.56988 3.51091 731.32993
6567.28364 108.12611 3.55895 3.50037 730.34107
6566.38000 107.44770 3.53436 3.47840 728.54667
6566.28314 107.36905 3.53156 3.47586 728.53034
6565.28264 106.64933 3.50657 3.45256 725.82312
6564.97911 106.44351 3.49914 3.44590 725.61320
6564.28214 105.95501 3.48192 3.43008 724.54714
6563.61556 105.43933 3.46400 3.41339 723.36841
6563.28164 105.17706 3.45467 3.40490 723.14802
6562.31334 104.43515 3.42854 3.38088 721.76083
6562.28114 104.40978 3.42766 3.38006 721.73775
6561.28064 103.69525 3.40232 3.35693 718.71204
6560.92169 103.43096 3.39293 3.34837 717.84467
6560.28014 102.95249 3.37603 3.33288 716.48302
6559.58770 102.42678 3.35700 3.31586 715.72736
6559.27964 102.16565 3.34771 3.30741 716.07187
6558.38798 101.42259 3.32410 3.28335 714.15558
6558.27914 101.33498 3.32135 3.28052 713.78334
6557.27864 100.62901 3.29643 3.25766 709.96806
6557.01035 100.41841 3.28869 3.25085 709.96963
6556.27814 99.87423 3.26911 3.23323 708.29884
6555.56291 99.41423 3.25250 3.21834 706.73423
6555.27764 99.20984 3.24509 3.21172 706.58972
6554.27714 98.46778 3.21812 3.18770 704.36277
6554.19923 98.41004 3.21601 3.18583 704.21286
6553.27664 97.75612 3.19202 3.16466 701.30357
6552.81659 97.40586 3.17928 3.15332 700.68534
6552.27614 97.00276 3.16444 3.14027 699.69136
6551.46911 96.40167 3.14223 3.12081 698.18618
6551.27564 96.24222 3.13643 3.11565 698.38259
6550.27514 95.55063 3.11054 3.09326 694.50725
6550.07318 95.39749 3.10483 3.08830 694.23918
6549.27464 94.81223 3.08291 3.06936 692.31979
6548.68431 94.39331 3.06718 3.05579 690.45774
6548.27414 94.09831 3.05591 3.04624 689.30155
6547.27364 93.40637 3.02993 3.02384 686.54856
6547.25035 93.38912 3.02934 3.02329 686.53445
6546.27314 92.67025 3.00497 3.00001 682.00665
6545.90092 92.38494 2.99425 2.99078 681.30825
6545.27264 91.91485 2.97532 2.97556 680.53879
6544.51907 91.38075 2.95406 2.95827 677.83075
6544.27214 91.20451 2.94699 2.95256 676.96344
6543.27164 90.54545 2.91950 2.93123 671.17863
6543.05127 90.37657 2.91278 2.92576 670.89613
6542.27114 89.81907 2.88945 2.90771 668.09409
6541.64524 89.37238 2.87032 2.89325 665.75665
6541.27064 89.08198 2.85818 2.88385 665.36457
6540.27014 88.44845 2.83044 2.86334 657.71295
6540.16146 88.36820 2.82703 2.86074 657.38372
6539.26963 87.72665 2.79760 2.83997 653.88682
6538.75855 87.36402 2.78151 2.82824 651.14057
6538.26913 87.02647 2.76665 2.81731 649.61041
6537.26863 86.40654 2.73850 2.79724 643.47065
6537.20470 86.35983 2.73610 2.79573 643.12026
6536.26813 85.70011 2.70443 2.77437 637.42478
6535.78552 85.35565 2.69200 2.76322 634.54451
6535.26763 84.98886 2.67798 2.75134 631.36287
6534.35196 84.35146 2.64107 2.73071 624.81319
6534.26713 84.28422 2.63655 2.72853 624.32526
6533.26663 83.53388 2.59449 2.70424 613.78180
6533.02050 83.34728 2.58968 2.69820 611.88642
6532.26613 82.85284 2.57174 2.68219 603.32818
6531.49169 82.34310 2.52897 2.66569 593.72107
6531.26563 82.16104 2.50981 2.65980 592.56717
6530.26513 81.43189 2.45559 2.63619 581.77460
6530.14548 81.33891 2.44968 2.63318 580.85638
6529.26463 80.77702 2.40030 2.61499 571.25558
6528.68205 80.33473 2.35148 2.60068 565.43020
6528.26413 80.04685 2.32596 2.59136 558.15645
6527.35126 79.33054 2.28839 2.56817 546.73620
6527.26363 79.25557 2.28670 2.56574 545.80421
6526.26313 78.46118 2.26090 2.54002 528.51824
6526.11091 78.32636 2.25714 2.53566 526.07759
6525.26263 77.34418 2.23136 2.50386 519.38238
6525.24340 77.32218 2.23049 2.50315 519.14133
6524.43570 76.31799 2.20500 2.47064 509.87776
6524.26213 76.08880 2.20183 2.46322 508.04297
6523.55294 75.31381 2.18519 2.43813 492.76426
6523.26163 75.03906 2.18384 2.42924 485.36324
6522.38453 74.30962 2.18654 2.40563 465.64632
6522.26113 74.20917 2.18554 2.40237 463.13630
6521.26063 73.60239 2.18937 2.38273 439.38049
6520.73822 73.30544 2.19187 2.37312 428.54742
6520.26013 73.03205 2.18838 2.36427 421.25436
6519.25963 72.50913 2.19266 2.34734 403.20259
6518.93881 72.30126 2.19168 2.34061 398.43366
6518.25913 71.85091 2.18733 2.32603 389.29790
6517.29366 71.29707 2.18606 2.30810 375.68878
6517.25863 71.27238 2.18595 2.30730 375.30381
6516.25813 70.61188 2.18270 2.28592 364.00377
6515.77915 70.29289 2.17740 2.27559 358.91472
6515.25763 69.94224 2.17737 2.26424 353.60764
6514.31886 69.28870 2.17199 2.24308 344.75657
6514.25713 69.23766 2.17106 2.24143 344.29985
6513.25663 68.54117 2.16510 2.21888 335.35598
6512.90840 68.28452 2.16348 2.21057 332.40246
6512.25613 67.75187 2.15580 2.19333 327.84404
6511.58037 67.28033 2.14603 2.17807 323.60969
6511.25563 67.02474 2.14460 2.16979 321.55108
6510.38076 66.27615 2.13484 2.14556 315.14580
6510.25513 66.16087 2.13159 2.14183 314.25607
6509.25463 65.31897 2.12708 2.11457 307.21519
6509.20334 65.27197 2.12620 2.11305 306.92179
6508.25413 64.38177 2.10241 2.08423 301.58426
6508.12620 64.26778 2.10239 2.08054 300.80348
6507.25363 63.42453 2.08219 2.05324 296.01936
6507.08256 63.26360 2.07847 2.04803 295.04027
6506.25313 62.47403 2.06819 2.02247 290.35632
6506.03330 62.25941 2.06007 2.01552 289.15263
6505.25263 61.45852 2.04004 1.98960 285.10875
6505.04336 61.25523 2.03754 1.98302 283.93879
6504.25213 60.42175 2.00876 1.95603 279.94571
6504.08034 60.25105 2.00507 1.95051 279.01544
6503.25163 59.41014 1.98470 1.92328 274.47281
6503.06687 59.24686 1.97753 1.91800 273.46839
6502.25113 58.51589 1.96003 1.89433 269.71397
6501.96709 58.24268 1.95290 1.88549 268.18812
6501.25063 57.47756 1.92845 1.86072 264.02960
6501.00921 57.23849 1.92376 1.85298 262.62426
6500.25013 56.53215 1.90323 1.83012 258.40785
6499.91811 56.23431 1.89180 1.82047 256.51807
6499.24962 55.65956 1.87782 1.80187 252.65525
6498.76735 55.23013 1.86450 1.78796 249.96653
6498.24912 54.77074 1.85004 1.77309 247.09371
6497.61803 54.22594 1.83456 1.75546 243.59018
6497.24862 53.87478 1.82361 1.74409 241.64895
6496.53424 53.22176 1.80301 1.72295 237.84462
6496.24812 52.96835 1.79464 1.71474 236.31082
6495.45176 52.21757 1.77273 1.69044 232.21073
6495.24762 52.02379 1.76624 1.68417 231.13848
6494.36030 51.21339 1.73973 1.65793 226.71611
6494.24712 51.08894 1.73589 1.65390 226.27272
6493.36791 50.20921 1.70528 1.62542 222.30888
6493.24662 50.08855 1.70129 1.62152 221.68052
6492.40895 49.20502 1.67277 1.59291 217.53335
6492.24612 49.01735 1.66607 1.58684 216.74604
6491.52284 48.20084 1.64141 1.56041 213.08423
6491.24562 47.91190 1.63254 1.55105 211.68140
6490.44047 47.19665 1.60765 1.52790 207.62039
6490.24512 47.04398 1.60269 1.52295 206.62492
6489.24462 46.35609 1.58147 1.50069 201.55837
6488.99845 46.19247 1.57565 1.49539 200.33714
6488.24412 45.77621 1.56358 1.48191 196.62146
6487.29472 45.18828 1.54421 1.46288 192.11552
6487.24362 45.15372 1.54301 1.46176 191.87767
6486.24312 44.50718 1.52116 1.44083 187.30057
6485.78118 44.18410 1.51084 1.43037 185.19440
6485.24262 43.77680 1.49752 1.41719 182.91252
6484.39121 43.17992 1.47651 1.39786 179.59321
6484.24212 43.07069 1.47312 1.39433 178.94446
6483.24162 42.20362 1.44327 1.36626 174.57297
6483.21039 42.17573 1.44223 1.36535 174.43922
6482.24112 41.26591 1.41192 1.33590 170.22367
6482.14100 41.17155 1.40859 1.33285 169.78830
6481.24062 40.32634 1.37947 1.30548 165.90090
6481.05548 40.16736 1.37511 1.30034 165.13281
6480.24012 39.34012 1.34886 1.27356 161.62607
6480.05313 39.16318 1.34261 1.26783 160.82126
6479.23962 38.54597 1.32172 1.24785 157.52966
6478.74684 38.15900 1.30818 1.23532 155.54803
6478.23912 37.81481 1.29656 1.22418 153.60627
6477.23862 37.17631 1.27502 1.20351 149.87618
6477.20346 37.15481 1.27428 1.20281 149.75089
6476.23812 36.50206 1.25128 1.18168 146.44610
6475.73984 36.15063 1.23884 1.17030 144.67481
6475.23762 35.83859 1.22854 1.16020 142.90107
6474.23712 35.15893 1.20466 1.13820 139.38671
6474.21873 35.14644 1.20423 1.13780 139.32284
6473.23662 34.60696 1.18582 1.12033 136.19709
6472.48927 34.14226 1.17017 1.10529 133.77689
6472.23612 33.95263 1.16341 1.09915 132.89736
6471.23562 33.25709 1.13866 1.07663 129.56926
6471.05721 33.13808 1.13460 1.07278 128.99270
6470.23512 32.61659 1.11627 1.05590 126.43658
6469.46774 32.13389 1.09963 1.04027 124.09662
6469.23462 32.01557 1.09553 1.03644 123.45891
6468.23412 31.51247 1.07820 1.02015 120.76673
6467.52127 31.12971 1.06507 1.00776 118.91297
6467.23362 30.95009 1.05953 1.00195 118.19805
6466.23312 30.34932 1.04108 0.98250 115.64059
6465.88113 30.12552 1.03359 0.97525 114.65801
6465.23262 29.74214 1.02003 0.96284 112.90884
6464.23212 29.12589 0.99821 0.94289 110.20071
6464.22492 29.12134 0.99805 0.94275 110.18126
6463.23162 28.52403 0.97733 0.92341 107.60057
6462.66226 28.11715 0.96287 0.91024 105.95673
6462.23112 27.73555 0.94910 0.89788 104.50906
6461.47854 27.11297 0.92710 0.87773 102.11396
6461.23062 26.92707 0.92061 0.87171 101.38610
6460.23012 26.37408 0.90128 0.85381 99.02935
6459.66331 26.10879 0.89222 0.84522 97.85776
6459.22961 25.93167 0.88610 0.83949 97.05288
6458.22911 25.59093 0.87432 0.82846 95.50594
6457.22861 25.12624 0.85773 0.81341 93.55641
6457.18562 25.10460 0.85696 0.81271 93.46905
6456.22811 24.71737 0.84311 0.80018 91.83132
6455.22761 24.22625 0.82575 0.78428 89.88545
6455.00659 24.10042 0.82128 0.78020 89.40955
6454.22711 23.61753 0.80404 0.76457 87.60416
6453.31538 23.09623 0.78524 0.74769 85.62688
6453.22661 23.03347 0.78300 0.74566 85.39506
6452.22611 22.38078 0.76150 0.72453 83.13214
6451.74978 22.09205 0.75292 0.71519 82.20836
6451.22561 21.88997 0.74664 0.70864 81.50638
6450.22511 21.49386 0.73301 0.69582 80.03099
6449.26527 21.08787 0.71834 0.68268 78.52241
6449.22461 21.07038 0.71770 0.68211 78.45838
6448.22411 20.59462 0.70068 0.66671 76.74796
6447.22361 20.09658 0.68303 0.65059 74.98441
6447.19917 20.08368 0.68258 0.65017 74.93850
6446.22311 19.49652 0.66168 0.63116 72.86989
6445.44741 19.07950 0.64689 0.61766 71.40606
6445.22261 18.98082 0.64340 0.61447 71.05834
6444.22211 18.53813 0.62785 0.60014 69.51274
6443.28454 18.07531 0.61148 0.58515 67.90791
6443.22161 18.05054 0.61060 0.58435 67.82296
6442.22111 17.68276 0.59745 0.57244 66.56659
6441.22061 17.27028 0.58284 0.55909 65.15866
6440.76674 17.07113 0.57578 0.55264 64.47231
6440.22011 16.82080 0.56683 0.54454 63.62008
6439.21961 16.36471 0.55044 0.52977 62.05786
6438.55633 16.06695 0.53983 0.52014 61.04496
6438.21911 15.91727 0.53453 0.51529 60.53596
6437.21861 15.49599 0.51965 0.50165 59.10793
6436.21811 15.09319 0.50540 0.48861 57.74900
6436.13916 15.06276 0.50433 0.48763 57.64734
6435.21761 14.79456 0.49482 0.47894 56.78447
6434.21711 14.47976 0.48373 0.46875 55.76314
6433.21661 14.09948 0.47004 0.45644 54.47620
6433.12065 14.05858 0.46855 0.45512 54.33454
6432.21611 13.69798 0.45529 0.44344 53.08352
6431.21561 13.33447 0.44325 0.43168 51.94284
6430.59613 13.05439 0.43476 0.42261 51.10707
6430.21511 12.82373 0.42780 0.41514 50.38828
6429.21461 12.27452 0.40889 0.39736 48.49380
6428.75422 12.05021 0.40064 0.39010 47.67203
6428.21411 11.81775 0.39219 0.38258 46.83556
6427.21361 11.38817 0.37709 0.36867 45.31266
6426.35789 11.04603 0.36525 0.35759 44.10336
6426.21311 11.01596 0.36418 0.35662 44.00956
6425.21261 10.83492 0.35764 0.35076 43.45309
6424.21211 10.66622 0.35151 0.34530 42.93748
6423.21161 10.50553 0.34568 0.34010 42.43550
6422.21111 10.33069 0.33939 0.33444 41.88420
6421.21061 10.15524 0.33293 0.32876 41.31963
6420.44016 10.04184 0.32850 0.32508 40.96847
6420.21011 9.99592 0.32676 0.32360 40.81384
6419.20960 9.84344 0.32057 0.31866 40.32728
6418.20910 9.70474 0.31510 0.31417 39.89375
6417.20860 9.53107 0.30873 0.30855 39.29624
6416.20810 9.29504 0.30043 0.30091 38.42636
6415.39513 9.03766 0.29137 0.29258 37.43721
6415.20760 8.96639 0.28884 0.29027 37.15776
6414.20710 8.51981 0.27308 0.27581 35.37317
6413.25789 8.03347 0.25625 0.26007 33.40155
6413.20660 8.00427 0.25522 0.25912 33.28242
6412.20610 7.36507 0.23300 0.23843 30.65854
6411.74971 7.02929 0.22126 0.22756 29.26826
6411.20560 6.56923 0.20488 0.21267 27.36146
6410.58390 6.02510 0.18605 0.19505 25.10436
6410.20510 5.62431 0.17190 0.18208 23.40520
6409.66323 5.02092 0.15052 0.16254 20.87108
0.00000 0.00000 0.00000 0.00000 0.00000
